# Time [s]: 0.000611791
# Columns: pos [m], vel [m/s], acc [m/s^2], mass [kg], dens [kg/m^3], pres [Pa], ene [J/kg], sml [m], id, neighbor, alpha, gradh, ...additional?
# Additional arrays: grad_velocity_0(vector) grad_pressure(vector) grad_density(vector) 
-3.99 -7.77568e-15 -1.03739e-12 0.02 1 10000 15000 0.32 0 32 1 2.48207e-314 0 0 0 
-3.97 1.18911e-14 1.51203e-11 0.02 1 10000 15000 0.32 1 32 1 2.48207e-314 0 0 0 
-3.95 2.634e-14 2.81233e-11 0.02 1 10000 15000 0.32 2 32 1 2.48207e-314 0 0 0 
-3.93 3.69122e-14 4.1851e-11 0.02 1 10000 15000 0.32 3 32 1 2.48207e-314 0 0 0 
-3.91 4.77028e-14 6.95763e-11 0.02 1 10000 15000 0.32 4 31 1 2.48207e-314 0 0 0 
-3.89 5.46628e-14 5.86056e-11 0.02 1 10000 15000 0.32 5 32 1 2.48207e-314 0 0 0 
-3.87 4.11514e-14 4.98801e-11 0.02 1 10000 15000 0.32 6 31 1 2.48207e-314 0 0 0 
-3.85 4.66342e-14 6.85816e-11 0.02 1 10000 15000 0.32 7 32 1 2.48207e-314 0 0 0 
-3.83 3.57651e-14 6.17604e-11 0.02 1 10000 15000 0.32 8 33 1 2.48207e-314 0 0 0 
-3.81 2.3776e-14 3.23013e-11 0.02 1 10000 15000 0.32 9 33 1 2.48207e-314 0 0 0 
-3.79 1.65328e-14 2.55085e-11 0.02 1 10000 15000 0.32 10 33 1 2.48207e-314 0 0 0 
-3.77 1.25798e-14 7.11964e-12 0.02 1 10000 15000 0.32 11 33 1 2.48207e-314 0 0 0 
-3.75 5.93495e-15 -6.09646e-12 0.02 1 10000 15000 0.32 12 33 1 2.48207e-314 0 0 0 
-3.73 7.19978e-15 2.53806e-11 0.02 1 10000 15000 0.32 13 33 1 2.48207e-314 0 0 0 
-3.71 4.22459e-15 1.89857e-11 0.02 1 10000 15000 0.32 14 33 1 2.48207e-314 0 0 0 
-3.69 -2.23349e-15 5.81224e-12 0.02 1 10000 15000 0.32 15 33 1 2.48207e-314 0 0 0 
-3.67 -2.81911e-15 6.16751e-12 0.02 1 10000 15000 0.32 16 33 1 2.48207e-314 0 0 0 
-3.65 -9.27292e-16 8.1144e-12 0.02 1 10000 15000 0.32 17 33 1 2.48207e-314 0 0 0 
-3.63 -3.17149e-15 1.56319e-12 0.02 1 10000 15000 0.32 18 33 1 2.48207e-314 0 0 0 
-3.61 -1.3884e-15 2.81375e-12 0.02 1 10000 15000 0.32 19 33 1 2.48207e-314 0 0 0 
-3.59 -5.87484e-16 3.29692e-12 0.02 1 10000 15000 0.32 20 33 1 2.48207e-314 0 0 0 
-3.57 -7.71415e-16 1.36424e-12 0.02 1 10000 15000 0.32 21 33 1 2.48207e-314 0 0 0 
-3.55 -6.88066e-16 4.83169e-13 0.02 1 10000 15000 0.32 22 33 1 2.48207e-314 0 0 0 
-3.53 -4.26212e-16 3.69482e-13 0.02 1 10000 15000 0.32 23 33 1 2.48207e-314 0 0 0 
-3.51 -5.66071e-16 -2.70006e-13 0.02 1 10000 15000 0.32 24 33 1 2.48207e-314 0 0 0 
-3.49 -3.59674e-16 -3.12639e-13 0.02 1 10000 15000 0.32 25 33 1 2.48207e-314 0 0 0 
-3.47 -2.25594e-16 -2.55795e-13 0.02 1 10000 15000 0.32 26 33 1 2.48207e-314 0 0 0 
-3.45 4.4224e-18 2.84217e-14 0.02 1 10000 15000 0.32 27 33 1 2.48207e-314 0 0 0 
-3.43 2.23274e-46 1.43493e-42 0.02 1 10000 15000 0.32 28 33 1 2.48207e-314 0 0 0 
-3.41 0 0 0.02 1 10000 15000 0.32 29 33 1 2.48207e-314 0 0 0 
-3.39 0 0 0.02 1 10000 15000 0.32 30 33 1 2.48207e-314 0 0 0 
-3.37 0 0 0.02 1 10000 15000 0.32 31 33 1 2.48207e-314 0 0 0 
-3.35 0 0 0.02 1 10000 15000 0.32 32 33 1 2.48207e-314 0 0 0 
-3.33 0 0 0.02 1 10000 15000 0.32 33 33 1 2.48207e-314 0 0 0 
-3.31 0 0 0.02 1 10000 15000 0.32 34 33 1 2.48207e-314 0 0 0 
-3.29 0 0 0.02 1 10000 15000 0.32 35 33 1 2.48207e-314 0 0 0 
-3.27 0 0 0.02 1 10000 15000 0.32 36 33 1 2.48207e-314 0 0 0 
-3.25 0 0 0.02 1 10000 15000 0.32 37 33 1 2.48207e-314 0 0 0 
-3.23 0 0 0.02 1 10000 15000 0.32 38 33 1 2.48207e-314 0 0 0 
-3.21 0 0 0.02 1 10000 15000 0.32 39 33 1 2.48207e-314 0 0 0 
-3.19 0 0 0.02 1 10000 15000 0.32 40 33 1 2.48207e-314 0 0 0 
-3.17 0 0 0.02 1 10000 15000 0.32 41 33 1 2.48207e-314 0 0 0 
-3.15 0 0 0.02 1 10000 15000 0.32 42 33 1 2.48207e-314 0 0 0 
-3.13 0 0 0.02 1 10000 15000 0.32 43 33 1 2.48207e-314 0 0 0 
-3.11 0 0 0.02 1 10000 15000 0.32 44 33 1 2.48207e-314 0 0 0 
-3.09 0 0 0.02 1 10000 15000 0.32 45 33 1 2.48207e-314 0 0 0 
-3.07 0 0 0.02 1 10000 15000 0.32 46 33 1 2.48207e-314 0 0 0 
-3.05 0 0 0.02 1 10000 15000 0.32 47 33 1 2.48207e-314 0 0 0 
-3.03 0 0 0.02 1 10000 15000 0.32 48 33 1 2.48207e-314 0 0 0 
-3.01 0 0 0.02 1 10000 15000 0.32 49 33 1 2.48207e-314 0 0 0 
-2.99 0 0 0.02 1 10000 15000 0.32 50 33 1 2.48207e-314 0 0 0 
-2.97 0 0 0.02 1 10000 15000 0.32 51 33 1 2.48207e-314 0 0 0 
-2.95 0 0 0.02 1 10000 15000 0.32 52 33 1 2.48207e-314 0 0 0 
-2.93 0 0 0.02 1 10000 15000 0.32 53 33 1 2.48207e-314 0 0 0 
-2.91 0 0 0.02 1 10000 15000 0.32 54 33 1 2.48207e-314 0 0 0 
-2.89 0 0 0.02 1 10000 15000 0.32 55 33 1 2.48207e-314 0 0 0 
-2.87 0 0 0.02 1 10000 15000 0.32 56 33 1 2.48207e-314 0 0 0 
-2.85 0 0 0.02 1 10000 15000 0.32 57 33 1 2.48207e-314 0 0 0 
-2.83 0 0 0.02 1 10000 15000 0.32 58 33 1 2.48207e-314 0 0 0 
-2.81 0 0 0.02 1 10000 15000 0.32 59 33 1 2.48207e-314 0 0 0 
-2.79 0 0 0.02 1 10000 15000 0.32 60 33 1 2.48207e-314 0 0 0 
-2.77 0 0 0.02 1 10000 15000 0.32 61 33 1 2.48207e-314 0 0 0 
-2.75 0 0 0.02 1 10000 15000 0.32 62 33 1 2.48207e-314 0 0 0 
-2.73 0 0 0.02 1 10000 15000 0.32 63 33 1 2.48207e-314 0 0 0 
-2.71 0 0 0.02 1 10000 15000 0.32 64 33 1 2.48207e-314 0 0 0 
-2.69 0 0 0.02 1 10000 15000 0.32 65 33 1 2.48207e-314 0 0 0 
-2.67 0 0 0.02 1 10000 15000 0.32 66 33 1 2.48207e-314 0 0 0 
-2.65 0 0 0.02 1 10000 15000 0.32 67 33 1 2.48207e-314 0 0 0 
-2.63 0 0 0.02 1 10000 15000 0.32 68 33 1 2.48207e-314 0 0 0 
-2.61 0 0 0.02 1 10000 15000 0.32 69 33 1 2.48207e-314 0 0 0 
-2.59 0 0 0.02 1 10000 15000 0.32 70 33 1 2.48207e-314 0 0 0 
-2.57 0 0 0.02 1 10000 15000 0.32 71 33 1 2.48207e-314 0 0 0 
-2.55 0 0 0.02 1 10000 15000 0.32 72 33 1 2.48207e-314 0 0 0 
-2.53 0 0 0.02 1 10000 15000 0.32 73 33 1 2.48207e-314 0 0 0 
-2.51 0 0 0.02 1 10000 15000 0.32 74 33 1 2.48207e-314 0 0 0 
-2.49 0 0 0.02 1 10000 15000 0.32 75 33 1 2.48207e-314 0 0 0 
-2.47 0 0 0.02 1 10000 15000 0.32 76 33 1 2.48207e-314 0 0 0 
-2.45 0 0 0.02 1 10000 15000 0.32 77 33 1 2.48207e-314 0 0 0 
-2.43 0 0 0.02 1 10000 15000 0.32 78 33 1 2.48207e-314 0 0 0 
-2.41 0 0 0.02 1 10000 15000 0.32 79 33 1 2.48207e-314 0 0 0 
-2.39 0 0 0.02 1 10000 15000 0.32 80 33 1 2.48207e-314 0 0 0 
-2.37 0 0 0.02 1 10000 15000 0.32 81 33 1 2.48207e-314 0 0 0 
-2.35 0 0 0.02 1 10000 15000 0.32 82 33 1 2.48207e-314 0 0 0 
-2.33 0 0 0.02 1 10000 15000 0.32 83 33 1 2.48207e-314 0 0 0 
-2.31 0 0 0.02 1 10000 15000 0.32 84 33 1 2.48207e-314 0 0 0 
-2.29 0 0 0.02 1 10000 15000 0.32 85 33 1 2.48207e-314 0 0 0 
-2.27 0 0 0.02 1 10000 15000 0.32 86 33 1 2.48207e-314 0 0 0 
-2.25 0 0 0.02 1 10000 15000 0.32 87 33 1 2.48207e-314 0 0 0 
-2.23 0 0 0.02 1 10000 15000 0.32 88 33 1 2.48207e-314 0 0 0 
-2.21 0 0 0.02 1 10000 15000 0.32 89 33 1 2.48207e-314 0 0 0 
-2.19 0 0 0.02 1 10000 15000 0.32 90 33 1 2.48207e-314 0 0 0 
-2.17 0 0 0.02 1 10000 15000 0.32 91 33 1 2.48207e-314 0 0 0 
-2.15 0 0 0.02 1 10000 15000 0.32 92 33 1 2.48207e-314 0 0 0 
-2.13 0 0 0.02 1 10000 15000 0.32 93 33 1 2.48207e-314 0 0 0 
-2.11 0 0 0.02 1 10000 15000 0.32 94 33 1 2.48207e-314 0 0 0 
-2.09 0 0 0.02 1 10000 15000 0.32 95 33 1 2.48207e-314 0 0 0 
-2.07 0 0 0.02 1 10000 15000 0.32 96 33 1 2.48207e-314 0 0 0 
-2.05 0 0 0.02 1 10000 15000 0.32 97 33 1 2.48207e-314 0 0 0 
-2.03 0 0 0.02 1 10000 15000 0.32 98 33 1 2.48207e-314 0 0 0 
-2.01 0 0 0.02 1 10000 15000 0.32 99 33 1 2.48207e-314 0 0 0 
-1.99 0 0 0.02 1 10000 15000 0.32 100 33 1 2.48207e-314 0 0 0 
-1.97 0 0 0.02 1 10000 15000 0.32 101 33 1 2.48207e-314 0 0 0 
-1.95 0 0 0.02 1 10000 15000 0.32 102 33 1 2.48207e-314 0 0 0 
-1.93 0 0 0.02 1 10000 15000 0.32 103 33 1 2.48207e-314 0 0 0 
-1.91 0 0 0.02 1 10000 15000 0.32 104 33 1 2.48207e-314 0 0 0 
-1.89 0 0 0.02 1 10000 15000 0.32 105 33 1 2.48207e-314 0 0 0 
-1.87 0 0 0.02 1 10000 15000 0.32 106 33 1 2.48207e-314 0 0 0 
-1.85 0 0 0.02 1 10000 15000 0.32 107 33 1 2.48207e-314 0 0 0 
-1.83 0 0 0.02 1 10000 15000 0.32 108 33 1 2.48207e-314 0 0 0 
-1.81 0 0 0.02 1 10000 15000 0.32 109 33 1 2.48207e-314 0 0 0 
-1.79 0 0 0.02 1 10000 15000 0.32 110 33 1 2.48207e-314 0 0 0 
-1.77 0 0 0.02 1 10000 15000 0.32 111 33 1 2.48207e-314 0 0 0 
-1.75 0 0 0.02 1 10000 15000 0.32 112 33 1 2.48207e-314 0 0 0 
-1.73 0 0 0.02 1 10000 15000 0.32 113 33 1 2.48207e-314 0 0 0 
-1.71 0 0 0.02 1 10000 15000 0.32 114 33 1 2.48207e-314 0 0 0 
-1.69 0 0 0.02 1 10000 15000 0.32 115 33 1 2.48207e-314 0 0 0 
-1.67 0 0 0.02 1 10000 15000 0.32 116 33 1 2.48207e-314 0 0 0 
-1.65 0 0 0.02 1 10000 15000 0.32 117 33 1 2.48207e-314 0 0 0 
-1.63 0 0 0.02 1 10000 15000 0.32 118 33 1 2.48207e-314 0 0 0 
-1.61 0 0 0.02 1 10000 15000 0.32 119 33 1 2.48207e-314 0 0 0 
-1.59 0 0 0.02 1 10000 15000 0.32 120 33 1 2.48207e-314 0 0 0 
-1.57 0 0 0.02 1 10000 15000 0.32 121 33 1 2.48207e-314 0 0 0 
-1.55 0 0 0.02 1 10000 15000 0.32 122 33 1 2.48207e-314 0 0 0 
-1.53 0 0 0.02 1 10000 15000 0.32 123 33 1 2.48207e-314 0 0 0 
-1.51 2.69706e-31 1.73334e-27 0.02 1 10000 15000 0.32 124 33 1 2.48207e-314 0 0 0 
-1.49 6.39258e-15 4.10836e-11 0.02 1 10000 15000 0.32 125 33 1 2.48207e-314 0 0 0 
-1.47 1.05488e-13 6.77943e-10 0.02 1 10000 15000 0.32 126 33 1 2.48207e-314 0 0 0 
-1.45 9.06092e-13 5.82324e-09 0.02 1 10000 15000 0.32 127 33 1 2.48207e-314 0 0 0 
-1.43 5.39394e-12 3.46655e-08 0.02 1 10000 15000 0.32 128 33 1 2.48207e-314 0 0 0 
-1.41 2.50637e-11 1.61078e-07 0.02 1 10000 15000 0.32 129 33 1 2.48207e-314 0 0 0 
-1.39 9.69987e-11 6.23387e-07 0.02 1 10000 15000 0.32 130 33 1 2.48207e-314 0 0 0 
-1.37 3.25656e-10 2.09291e-06 0.02 1 10000 15000 0.32 131 33 1 2.48207e-314 0 0 0 
-1.35 9.75161e-10 6.26713e-06 0.02 1 10000 15000 0.32 132 33 1 2.48207e-314 0 0 0 
-1.33 2.65685e-09 1.70749e-05 0.02 1 10000 15000 0.32 133 33 1 2.48207e-314 0 0 0 
-1.31 6.68434e-09 4.29587e-05 0.02 1 10000 15000 0.32 134 33 1 2.48207e-314 0 0 0 
-1.29 1.5705e-08 0.000100932 0.02 1 10000 15000 0.32 135 33 1 2.48207e-314 0 0 0 
-1.27 3.47597e-08 0.000223392 0.02 1 10000 15000 0.32 136 33 1 2.48207e-314 0 0 0 
-1.25 7.29669e-08 0.000468941 0.02 1 10000 15000 0.32 137 33 1 2.48207e-314 0 0 0 
-1.23 1.46059e-07 0.000938689 0.02 1 10000 15000 0.32 138 33 1 2.48207e-314 0 0 0 
-1.21 2.80005e-07 0.00179953 0.02 1 10000 15000 0.32 139 33 1 2.48207e-314 0 0 0 
-1.19 5.15872e-07 0.00331538 0.02 1 10000 15000 0.32 140 32 1 2.48207e-314 0 0 0 
-1.17 9.15839e-07 0.00588588 0.02 1 10000 15000 0.32 141 32 1 2.48207e-314 0 0 0 
-1.15 1.5697e-06 0.0100881 0.02 1 10000 15000 0.32 142 32 1 2.48207e-314 0 0 0 
-1.13 2.60014e-06 0.0167105 0.02 1 10000 15000 0.32 143 32 1 2.48207e-314 0 0 0 
-1.11 4.16345e-06 0.0267575 0.02 1 10000 15000 0.32 144 32 1 2.48207e-314 0 0 0 
-1.09 6.43999e-06 0.0413883 0.02 1 10000 15000 0.32 145 32 1 2.48207e-314 0 0 0 
-1.07 9.60577e-06 0.061734 0.02 1 10000 15000 0.32 146 32 1 2.48207e-314 0 0 0 
-1.05 1.37726e-05 0.0885133 0.02 1 10000 15000 0.32 147 32 1 2.48207e-314 0 0 0 
-1.03 1.88807e-05 0.121342 0.02 1 10000 15000 0.32 148 32 1 2.48207e-314 0 0 0 
-1.01 2.4524e-05 0.15761 0.02 1 10000 15000 0.32 149 32 1 2.48207e-314 0 0 0 
-0.99 2.96886e-05 0.190802 0.02 1 10000 15000 0.32 150 32 1 2.48207e-314 0 0 0 
-0.97 3.23886e-05 0.208154 0.02 1 10000 15000 0.32 151 32 1 2.48207e-314 0 0 0 
-0.95 2.91927e-05 0.187614 0.02 1 10000 15000 0.32 152 32 1 2.48207e-314 0 0 0 
-0.93 1.46538e-05 0.0941764 0.02 1 10000 15000 0.32 153 32 1 2.48207e-314 0 0 0 
-0.91 -1.93187e-05 -0.124157 0.02 1 10000 15000 0.32 154 32 1 2.48207e-314 0 0 0 
-0.89 -8.4074e-05 -0.540246 0.02 1 10000 15000 0.32 155 32 1 2.48207e-314 0 0 0 
-0.87 -0.000194742 -1.25072 0.02 1 10000 15000 0.32 156 32 1 2.48207e-314 0 0 0 
-0.85 -0.000370583 -2.37685 0.02 1 10000 15000 0.32 157 32 1 2.48207e-314 0 0 0 
-0.83 -0.000635062 -4.06203 0.02 1 10000 15000 0.319999 158 32 1 2.48207e-314 0 0 0 
-0.81 -0.00101552 -6.46415 0.02 1 10000 15000 0.319999 159 32 1 2.48207e-314 0 0 0 
-0.79 -0.00154225 -9.74091 0.02 1 10000 15000 0.319999 160 32 1 2.48207e-314 0 0 0 
-0.77 -0.00224689 -14.0261 0.02 1.00001 10000.1 15000 0.319998 161 31 1 2.48207e-314 0 0 0 
-0.75 -0.0031598 -19.395 0.02 1.00001 10000.1 15000 0.319997 162 31 1 2.48207e-314 0 0 0 
-0.73 -0.00430653 -25.8179 0.02 1.00001 10000.1 15000 0.319997 163 31 1 2.48207e-314 0 0 0 
-0.71 -0.00570283 -33.1021 0.02 1.00001 10000.1 15000 0.319996 164 31 1 2.48207e-314 0 0 0 
-0.69 -0.00734767 -40.8229 0.02 1.00001 10000.1 14999.9 0.319996 165 31 1 2.48207e-314 0 0 0 
-0.670001 -0.00921353 -48.2451 0.02 1.00001 10000.1 14999.8 0.319996 166 31 1 2.48207e-314 0 0 0 
-0.650001 -0.0112336 -54.2415 0.02 1.00001 10000 14999.7 0.319997 167 31 1 2.48207e-314 0 0 0 
-0.630001 -0.0132851 -57.2133 0.02 0.999998 9999.92 14999.5 0.320001 168 32 1 2.48207e-314 0 0 0 
-0.610002 -0.0151679 -55.0126 0.02 0.999979 9999.68 14999.1 0.320007 169 32 1 2.48207e-314 0 0 0 
-0.590003 -0.0165326 -44.7535 0.02 0.999947 9999.3 14998.6 0.320017 170 32 1 2.48207e-314 0 0 0 
-0.570004 -0.0167403 -22.4631 0.02 0.999899 9998.72 14997.8 0.320032 171 32 1 2.48207e-314 0 0 0 
-0.550005 -0.0146941 17.2493 0.02 0.999827 9997.86 14996.7 0.320055 172 32 1 2.48207e-314 0 0 0 
-0.530007 -0.00865574 81.4602 0.02 0.999726 9996.62 14995.3 0.320088 173 32 1 2.48207e-314 0 0 0 
-0.510007 0.00394158 179.106 0.02 0.999585 9994.84 14993.3 0.320133 174 32 1 2.48207e-314 0 0 0 
-0.490007 0.0266736 321.043 0.02 0.999391 9992.33 14990.8 0.320195 175 32 1 2.48207e-314 0 0 0 
-0.470005 0.0642919 520.009 0.02 0.999129 9988.82 14987.4 0.320279 176 32 1 2.48207e-314 0 0 0 
-0.45 0.122864 790.445 0.02 0.998776 9983.93 14983 0.320392 177 32 1 2.48207e-314 0 0 0 
-0.42999 0.20962 1147.62 0.02 0.998306 9977.18 14977.5 0.320543 178 32 1 2.48207e-314 0 0 0 
-0.409974 0.332397 1605.87 0.02 0.997683 9967.98 14970.4 0.320743 179 32 1 2.48207e-314 0 0 0 
-0.38995 0.499066 2177.7 0.02 0.996869 9955.66 14961.5 0.321005 180 32 1 2.48207e-314 0 0 0 
-0.369916 0.71635 2870.45 0.02 0.995821 9939.52 14950.6 0.321343 181 32 1 2.48207e-314 0 0 0 
-0.349871 0.988827 3684.83 0.02 0.9945 9918.9 14937.3 0.32177 182 32 1 2.48207e-314 0 0 0 
-0.329813 1.3178 4613.37 0.02 0.992876 9893.3 14921.5 0.322296 183 32 1 2.48207e-314 0 0 0 
-0.309744 1.69994 5638.39 0.02 0.990932 9862.51 14903.2 0.322928 184 32 1 2.48207e-314 0 0 0 
-0.289655 2.1425 6719.33 0.02 0.988695 9826.37 14881.7 0.323659 185 32 1 2.48207e-314 0 0 0 
-0.269526 2.68531 7854.23 0.02 0.986252 9785 14855.9 0.324461 186 33 1 2.48207e-314 0 0 0 
-0.249339 3.36733 9050.92 0.02 0.983733 9739.04 14824.7 0.325291 187 33 1 2.48207e-314 0 0 0 
-0.229074 4.22563 10316 0.02 0.981307 9689.54 14787 0.326096 188 33 1 2.48207e-314 0 0 0 
-0.208714 5.29732 11658 0.02 0.979177 9637.77 14741.5 0.326805 189 33 1 2.48207e-314 0 0 0 
-0.188239 6.62199 13092.2 0.02 0.977571 9584.99 14686.5 0.327342 190 33 1 2.48207e-314 0 0 0 
-0.167629 8.24475 14645.8 0.02 0.976731 9532.09 14619.8 0.327623 191 33 1 2.48207e-314 0 0 0 
-0.146862 10.2201 16367.8 0.02 0.976907 9479.19 14538.2 0.327565 192 33 1 2.48207e-314 0 0 0 
-0.125954 12.5342 18342.4 0.02 0.97825 9427.53 14441.4 0.327115 193 33 1 2.48207e-314 0 0 0 
-0.104971 15.0306 20458.6 0.02 0.98078 9380.13 14334.2 0.326271 194 33 1 2.48207e-314 0 0 0 
-0.0839771 17.5534 22595 0.02 0.984448 9340.55 14223.1 0.325055 195 32 1 2.48207e-314 0 0 0 
-0.0630361 19.9504 24641.2 0.02 0.989114 9312.88 14116.4 0.323522 196 32 1 2.48207e-314 0 0 0 
-0.0422124 22.0706 26495.1 0.02 0.994543 9301.71 14024.3 0.321756 197 32 1 2.48207e-314 0 0 0 
-0.0215706 23.7614 28055.5 0.02 1.0004 9311.79 13958.4 0.319873 198 32 1 2.48207e-314 0 0 0 
-0.00117667 24.8647 29212.8 0.02 1.00624 9347.62 13930.3 0.318016 199 32 1 2.48207e-314 0 0 0 
0.0153735 17.39 26606.4 0.02 1.01069 613.291 884.165 0.316615 200 32 1 2.48206e-314 0 0 0 
0.0352293 17.1229 26766.8 0.02 1.01538 608.968 877.21 0.315153 201 32 1 2.48206e-314 0 0 0 
0.0548949 16.2511 26097.2 0.02 1.01913 580.999 838.489 0.313993 202 31 1 2.48206e-314 0 0 0 
0.0744111 14.8874 24704 0.02 1.02182 532.933 772.937 0.313167 203 31 1 2.48206e-314 0 0 0 
0.0938202 13.1465 22679.9 0.02 1.0234 468.832 685.622 0.312684 204 31 1 2.48206e-314 0 0 0 
0.113167 11.1529 20130.9 0.02 1.0239 393.601 582.423 0.31253 205 31 1 2.48206e-314 0 0 0 
0.132499 9.04687 17200.4 0.02 1.02344 313.175 470.577 0.31267 206 31 1 2.48206e-314 0 0 0 
0.151867 6.98816 14090.6 0.02 1.0222 234.532 359.071 0.31305 207 31 1 2.48206e-314 0 0 0 
0.171326 5.15763 11079 0.02 1.02041 165.528 258.787 0.313599 208 31 1 2.48206e-314 0 0 0 
0.1909 3.66687 8439.29 0.02 1.01828 110.595 177.088 0.314256 209 31 1 2.48206e-314 0 0 0 
0.210577 2.49566 6209.95 0.02 1.01594 68.867 113.554 0.31498 210 31 1 2.48206e-314 0 0 0 
0.230345 1.6154 4400.61 0.02 1.01353 39.0004 66.8928 0.315729 211 32 1 2.48206e-314 0 0 0 
0.250189 0.991406 3002.95 0.02 1.01118 19.2966 35.1693 0.316463 212 32 1 2.48206e-314 0 0 0 
0.270094 0.582736 1987.7 0.02 1.00899 7.78981 15.8875 0.317149 213 32 1 2.48206e-314 0 0 0 
0.290045 0.342461 1303.87 0.02 1.00704 2.32866 6.09799 0.317761 214 32 1 2.48206e-314 0 0 0 
0.310025 0.218083 880.222 0.02 1.00538 0.643464 2.50585 0.318289 215 32 1 2.48206e-314 0 0 0 
0.330018 0.152985 618.627 0.02 1.00399 0.4053 1.57887 0.318728 216 32 1 2.48206e-314 0 0 0 
0.350012 0.103723 420.964 0.02 1.00287 0.246426 0.974609 0.319086 217 32 1 2.48206e-314 0 0 0 
0.370008 0.0674373 274.633 0.02 1.00199 0.14191 0.56876 0.319365 218 32 1 2.48206e-314 0 0 0 
0.390005 0.0419434 171.397 0.02 1.00133 0.0770827 0.312475 0.319574 219 32 1 2.48206e-314 0 0 0 
0.410003 0.0248882 102.098 0.02 1.00086 0.0393227 0.160946 0.319724 220 32 1 2.48206e-314 0 0 0 
0.430002 0.0140469 57.9158 0.02 1.00054 0.0187617 0.0774198 0.319828 221 32 1 2.48206e-314 0 0 0 
0.450001 0.00751206 31.2003 0.02 1.00033 0.00833998 0.0346489 0.319896 222 32 1 2.48206e-314 0 0 0 
0.47 0.00378412 15.8973 0.02 1.00019 0.00344193 0.0143527 0.319938 223 32 1 2.48206e-314 0 0 0 
0.49 0.00177919 7.61435 0.02 1.00011 0.00132178 0.00546417 0.319965 224 32 1 2.48206e-314 0 0 0 
0.51 0.000772333 3.40939 0.02 1.00006 0.00049041 0.00191649 0.31998 225 32 1 2.48206e-314 0 0 0 
0.53 0.000307664 1.43141 0.02 1.00004 0.000203997 0.00065678 0.319989 226 32 1 2.48206e-314 0 0 0 
0.55 0.000114209 0.578724 0.02 1.00002 0.000121346 0.000272063 0.319993 227 32 1 2.48206e-314 0 0 0 
0.57 4.24392e-05 0.241054 0.02 1.00001 0.000102911 0.000175269 0.319996 228 32 1 2.48206e-314 0 0 0 
0.59 1.79704e-05 0.112045 0.02 1.00001 0.000100184 0.000155706 0.319998 229 32 1 2.48206e-314 0 0 0 
0.61 8.99637e-06 0.0578177 0.02 1 0.0001 0.000151957 0.319999 230 32 1 2.48206e-314 0 0 0 
0.63 4.70809e-06 0.0302579 0.02 1 0.0001 0.000150808 0.319999 231 32 1 2.48206e-314 0 0 0 
0.65 2.35663e-06 0.0151456 0.02 1 0.0001 0.000150312 0.32 232 32 1 2.48206e-314 0 0 0 
0.67 1.12389e-06 0.00722303 0.02 1 0.0001 0.000150113 0.32 233 32 1 2.48206e-314 0 0 0 
0.69 5.08823e-07 0.00327011 0.02 1 0.0001 0.000150038 0.32 234 32 1 2.48206e-314 0 0 0 
0.71 2.17709e-07 0.00139918 0.02 1 0.0001 0.000150012 0.32 235 32 1 2.48206e-314 0 0 0 
0.73 8.75024e-08 0.000562367 0.02 1 0.0001 0.000150003 0.32 236 32 1 2.48206e-314 0 0 0 
0.75 3.27405e-08 0.00021042 0.02 1 0.0001 0.000150001 0.32 237 32 1 2.48206e-314 0 0 0 
0.77 1.12446e-08 7.22682e-05 0.02 1 0.0001 0.00015 0.32 238 32 1 2.48206e-314 0 0 0 
0.79 3.46627e-09 2.22778e-05 0.02 1 0.0001 0.00015 0.32 239 32 1 2.48206e-314 0 0 0 
0.81 9.25466e-10 5.94806e-06 0.02 1 0.0001 0.00015 0.32 240 32 1 2.48206e-314 0 0 0 
0.83 2.02247e-10 1.29989e-06 0.02 1 0.0001 0.00015 0.32 241 32 1 2.48206e-314 0 0 0 
0.85 3.30769e-11 2.12601e-07 0.02 1 0.0001 0.00015 0.32 242 32 1 2.48206e-314 0 0 0 
0.87 3.43991e-12 2.21117e-08 0.02 1 0.0001 0.00015 0.32 243 32 1 2.48206e-314 0 0 0 
0.89 1.01936e-13 6.5551e-10 0.02 1 0.0001 0.00015 0.32 244 32 1 2.48206e-314 0 0 0 
0.91 -4.64286e-14 -2.98385e-10 0.02 1 0.0001 0.00015 0.32 245 33 1 2.48206e-314 0 0 0 
0.93 -2.53183e-14 -1.62715e-10 0.02 1 0.0001 0.00015 0.32 246 32 1 2.48206e-314 0 0 0 
0.95 -1.32503e-14 -8.51567e-11 0.02 1 0.0001 0.00015 0.32 247 32 1 2.48206e-314 0 0 0 
0.97 -6.62961e-15 -4.26069e-11 0.02 1 0.0001 0.00015 0.32 248 32 1 2.48206e-314 0 0 0 
0.99 -3.15588e-15 -2.02821e-11 0.02 1 0.0001 0.00015 0.32 249 32 1 2.48206e-314 0 0 0 
1.01 -1.42047e-15 -9.12905e-12 0.02 1 0.0001 0.00015 0.32 250 31 1 2.48206e-314 0 0 0 
1.03 -5.99671e-16 -3.85394e-12 0.02 1 0.0001 0.00015 0.32 251 31 1 2.48206e-314 0 0 0 
1.05 -2.3491e-16 -1.50971e-12 0.02 1 0.0001 0.00015 0.32 252 31 1 2.48206e-314 0 0 0 
1.07 -8.41669e-17 -5.40923e-13 0.02 1 0.0001 0.00015 0.32 253 31 1 2.48206e-314 0 0 0 
1.09 -2.70455e-17 -1.73817e-13 0.02 1 0.0001 0.00015 0.32 254 31 1 2.48206e-314 0 0 0 
1.11 -7.58155e-18 -4.87271e-14 0.02 1 0.0001 0.00015 0.32 255 32 1 2.48206e-314 0 0 0 
1.13 -1.77981e-18 -1.14404e-14 0.02 1 0.0001 0.00015 0.32 256 33 1 2.48206e-314 0 0 0 
1.15 -3.27572e-19 -2.10698e-15 0.02 1 0.0001 0.00015 0.32 257 33 1 2.48206e-314 0 0 0 
1.17 -4.18093e-20 -2.69721e-16 0.02 1 0.0001 0.00015 0.32 258 33 1 2.48206e-314 0 0 0 
1.19 -2.6605e-21 -1.76721e-17 0.02 1 0.0001 0.00015 0.32 259 33 1 2.48206e-314 0 0 0 
1.21 6.09912e-23 1.64748e-19 0.02 1 0.0001 0.00015 0.32 260 33 1 2.48206e-314 0 0 0 
1.23 -3.15271e-24 2.81638e-20 0.02 1 0.0001 0.00015 0.32 261 33 1 2.48206e-314 0 0 0 
1.25 -6.52927e-23 -8.80914e-20 0.02 1 0.0001 0.00015 0.32 262 33 1 2.48206e-314 0 0 0 
1.27 -1.07492e-22 -1.65595e-19 0.02 1 0.0001 0.00015 0.32 263 33 1 2.48206e-314 0 0 0 
1.29 -7.88859e-23 -1.25784e-19 0.02 1 0.0001 0.00015 0.32 264 33 1 2.48206e-314 0 0 0 
1.31 -9.4832e-23 -1.55007e-19 0.02 1 0.0001 0.00015 0.32 265 33 1 2.48206e-314 0 0 0 
1.33 -6.37395e-23 -1.04185e-19 0.02 1 0.0001 0.00015 0.32 266 33 1 2.48206e-314 0 0 0 
1.35 -4.19748e-23 -6.86097e-20 0.02 1 0.0001 0.00015 0.32 267 33 1 2.48206e-314 0 0 0 
1.37 -3.26471e-23 -5.33631e-20 0.02 1 0.0001 0.00015 0.32 268 33 1 2.48206e-314 0 0 0 
1.39 -1.90441e-23 -3.11285e-20 0.02 1 0.0001 0.00015 0.32 269 33 1 2.48206e-314 0 0 0 
1.41 -1.10119e-23 -1.79995e-20 0.02 1 0.0001 0.00015 0.32 270 33 1 2.48206e-314 0 0 0 
1.43 -7.77311e-24 -1.27055e-20 0.02 1 0.0001 0.00015 0.32 271 33 1 2.48206e-314 0 0 0 
1.45 -4.14566e-24 -6.77626e-21 0.02 1 0.0001 0.00015 0.32 272 33 1 2.48206e-314 0 0 0 
1.47 5.89134e-39 9.62965e-36 0.02 1 0.0001 0.00015 0.32 273 33 1 2.48206e-314 0 0 0 
1.49 6.60715e-24 1.07997e-20 0.02 1 0.0001 0.00015 0.32 274 33 1 2.48206e-314 0 0 0 
1.51 1.17892e-23 1.927e-20 0.02 1 0.0001 0.00015 0.32 275 33 1 2.48206e-314 0 0 0 
1.53 1.34187e-23 2.28699e-20 0.02 1 0.0001 0.00015 0.32 276 33 1 2.48206e-314 0 0 0 
1.55 1.31005e-23 2.28699e-20 0.02 1 0.0001 0.00015 0.32 277 33 1 2.48206e-314 0 0 0 
1.57 1.41391e-23 2.47757e-20 0.02 1 0.0001 0.00015 0.32 278 33 1 2.48206e-314 0 0 0 
1.59 1.64621e-23 2.77403e-20 0.02 1 0.0001 0.00015 0.32 279 33 1 2.48206e-314 0 0 0 
1.61 2.07193e-23 3.30343e-20 0.02 1 0.0001 0.00015 0.32 280 33 1 2.48206e-314 0 0 0 
1.63 3.57563e-23 5.84453e-20 0.02 1 0.0001 0.00015 0.32 281 33 1 2.48206e-314 0 0 0 
1.65 4.40297e-23 7.03037e-20 0.02 1 0.0001 0.00015 0.32 282 33 1 2.48206e-314 0 0 0 
1.67 6.57764e-23 1.04185e-19 0.02 1 0.0001 0.00015 0.32 283 33 1 2.48206e-314 0 0 0 
1.69 8.86135e-23 1.44843e-19 0.02 1 0.0001 0.00015 0.32 284 33 1 2.48206e-314 0 0 0 
1.71 8.51733e-23 1.32561e-19 0.02 1 0.0001 0.00015 0.32 285 33 1 2.48206e-314 0 0 0 
1.73 1.41788e-23 1.65171e-20 0.02 1 0.0001 0.00015 0.32 286 33 1 2.48206e-314 0 0 0 
1.75 -1.61004e-23 -2.96462e-20 0.02 1 0.0001 0.00015 0.32 287 33 1 2.48206e-314 0 0 0 
1.77 -6.66398e-23 -1.25573e-19 0.02 1 0.0001 0.00015 0.32 288 33 1 2.48206e-314 0 0 0 
1.79 -1.81423e-22 -3.1319e-19 0.02 1 0.0001 0.00015 0.32 289 33 1 2.48206e-314 0 0 0 
1.81 -2.80609e-22 -4.58668e-19 0.02 1 0.0001 0.00015 0.32 290 33 1 2.48206e-314 0 0 0 
1.83 -4.36556e-22 -7.28448e-19 0.02 1 0.0001 0.00015 0.32 291 33 1 2.48206e-314 0 0 0 
1.85 -5.95903e-22 -9.707e-19 0.02 1 0.0001 0.00015 0.32 292 33 1 2.48206e-314 0 0 0 
1.87 -7.08076e-22 -1.14032e-18 0.02 1 0.0001 0.00015 0.32 293 32 1 2.48206e-314 0 0 0 
1.89 -6.97131e-22 -1.12867e-18 0.02 1 0.0001 0.00015 0.32 294 32 1 2.48206e-314 0 0 0 
1.91 -8.57361e-22 -1.40015e-18 0.02 1 0.0001 0.00015 0.32 295 32 1 2.48206e-314 0 0 0 
1.93 -7.78017e-22 -1.26504e-18 0.02 1 0.0001 0.00015 0.32 296 32 1 2.48206e-314 0 0 0 
1.95 -6.24332e-22 -1.01051e-18 0.02 1 0.0001 0.00015 0.32 297 32 1 2.48206e-314 0 0 0 
1.97 -3.27212e-22 -5.31513e-19 0.02 1 0.0001 0.00015 0.32 298 32 1 2.48206e-314 0 0 0 
1.99 -1.10583e-22 -1.75759e-19 0.02 1 0.0001 0.00015 0.32 299 32 1 2.48206e-314 0 0 0 
2.01 1.10583e-22 1.75759e-19 0.02 1 0.0001 0.00015 0.32 300 32 1 2.48206e-314 0 0 0 
2.03 3.27212e-22 5.31513e-19 0.02 1 0.0001 0.00015 0.32 301 32 1 2.48206e-314 0 0 0 
2.05 6.24332e-22 1.01051e-18 0.02 1 0.0001 0.00015 0.32 302 32 1 2.48206e-314 0 0 0 
2.07 7.78017e-22 1.26504e-18 0.02 1 0.0001 0.00015 0.32 303 32 1 2.48206e-314 0 0 0 
2.09 8.57361e-22 1.40015e-18 0.02 1 0.0001 0.00015 0.32 304 32 1 2.48206e-314 0 0 0 
2.11 6.97131e-22 1.12867e-18 0.02 1 0.0001 0.00015 0.32 305 32 1 2.48206e-314 0 0 0 
2.13 7.10113e-22 1.14032e-18 0.02 1 0.0001 0.00015 0.32 306 32 1 2.48206e-314 0 0 0 
2.15 5.95903e-22 9.707e-19 0.02 1 0.0001 0.00015 0.32 307 33 1 2.48206e-314 0 0 0 
2.17 4.36556e-22 7.28448e-19 0.02 1 0.0001 0.00015 0.32 308 33 1 2.48206e-314 0 0 0 
2.19 2.84827e-22 4.72221e-19 0.02 1 0.0001 0.00015 0.32 309 33 1 2.48206e-314 0 0 0 
2.21 1.81423e-22 3.1319e-19 0.02 1 0.0001 0.00015 0.32 310 33 1 2.48206e-314 0 0 0 
2.23 6.66398e-23 1.25573e-19 0.02 1 0.0001 0.00015 0.32 311 33 1 2.48206e-314 0 0 0 
2.25 1.61004e-23 2.96462e-20 0.02 1 0.0001 0.00015 0.32 312 33 1 2.48206e-314 0 0 0 
2.27 -1.41788e-23 -1.65171e-20 0.02 1 0.0001 0.00015 0.32 313 33 1 2.48206e-314 0 0 0 
2.29 -8.51733e-23 -1.32561e-19 0.02 1 0.0001 0.00015 0.32 314 33 1 2.48206e-314 0 0 0 
2.31 -8.86135e-23 -1.44843e-19 0.02 1 0.0001 0.00015 0.32 315 33 1 2.48206e-314 0 0 0 
2.33 -6.57764e-23 -1.04185e-19 0.02 1 0.0001 0.00015 0.32 316 33 1 2.48206e-314 0 0 0 
2.35 -4.40297e-23 -7.03037e-20 0.02 1 0.0001 0.00015 0.32 317 33 1 2.48206e-314 0 0 0 
2.37 -3.36835e-23 -5.50571e-20 0.02 1 0.0001 0.00015 0.32 318 33 1 2.48206e-314 0 0 0 
2.39 -2.22829e-23 -3.64224e-20 0.02 1 0.0001 0.00015 0.32 319 33 1 2.48206e-314 0 0 0 
2.41 -1.64621e-23 -2.77403e-20 0.02 1 0.0001 0.00015 0.32 320 33 1 2.48206e-314 0 0 0 
2.43 -1.41391e-23 -2.47757e-20 0.02 1 0.0001 0.00015 0.32 321 33 1 2.48206e-314 0 0 0 
2.45 -1.31005e-23 -2.28699e-20 0.02 1 0.0001 0.00015 0.32 322 33 1 2.48206e-314 0 0 0 
2.47 -1.34187e-23 -2.28699e-20 0.02 1 0.0001 0.00015 0.32 323 33 1 2.48206e-314 0 0 0 
2.49 -1.17892e-23 -1.927e-20 0.02 1 0.0001 0.00015 0.32 324 33 1 2.48206e-314 0 0 0 
2.51 -6.60715e-24 -1.07997e-20 0.02 1 0.0001 0.00015 0.32 325 33 1 2.48206e-314 0 0 0 
2.53 -2.46149e-24 -4.02341e-21 0.02 1 0.0001 0.00015 0.32 326 33 1 2.48206e-314 0 0 0 
2.55 -5.89134e-39 -9.62965e-36 0.02 1 0.0001 0.00015 0.32 327 33 1 2.48206e-314 0 0 0 
2.57 0 0 0.02 1 0.0001 0.00015 0.32 328 33 1 2.48206e-314 0 0 0 
2.59 0 0 0.02 1 0.0001 0.00015 0.32 329 33 1 2.48206e-314 0 0 0 
2.61 0 0 0.02 1 0.0001 0.00015 0.32 330 33 1 2.48206e-314 0 0 0 
2.63 0 0 0.02 1 0.0001 0.00015 0.32 331 33 1 2.48206e-314 0 0 0 
2.65 0 0 0.02 1 0.0001 0.00015 0.32 332 33 1 2.48206e-314 0 0 0 
2.67 0 0 0.02 1 0.0001 0.00015 0.32 333 33 1 2.48206e-314 0 0 0 
2.69 0 0 0.02 1 0.0001 0.00015 0.32 334 33 1 2.48206e-314 0 0 0 
2.71 0 0 0.02 1 0.0001 0.00015 0.32 335 33 1 2.48206e-314 0 0 0 
2.73 0 0 0.02 1 0.0001 0.00015 0.32 336 33 1 2.48206e-314 0 0 0 
2.75 0 0 0.02 1 0.0001 0.00015 0.32 337 33 1 2.48206e-314 0 0 0 
2.77 0 0 0.02 1 0.0001 0.00015 0.32 338 33 1 2.48206e-314 0 0 0 
2.79 0 0 0.02 1 0.0001 0.00015 0.32 339 33 1 2.48206e-314 0 0 0 
2.81 0 0 0.02 1 0.0001 0.00015 0.32 340 33 1 2.48206e-314 0 0 0 
2.83 0 0 0.02 1 0.0001 0.00015 0.32 341 33 1 2.48206e-314 0 0 0 
2.85 0 0 0.02 1 0.0001 0.00015 0.32 342 33 1 2.48206e-314 0 0 0 
2.87 0 0 0.02 1 0.0001 0.00015 0.32 343 33 1 2.48206e-314 0 0 0 
2.89 0 0 0.02 1 0.0001 0.00015 0.32 344 33 1 2.48206e-314 0 0 0 
2.91 0 0 0.02 1 0.0001 0.00015 0.32 345 33 1 2.48206e-314 0 0 0 
2.93 0 0 0.02 1 0.0001 0.00015 0.32 346 33 1 2.48206e-314 0 0 0 
2.95 0 0 0.02 1 0.0001 0.00015 0.32 347 33 1 2.48206e-314 0 0 0 
2.97 0 0 0.02 1 0.0001 0.00015 0.32 348 33 1 2.48206e-314 0 0 0 
2.99 0 0 0.02 1 0.0001 0.00015 0.32 349 33 1 2.48206e-314 0 0 0 
3.01 0 0 0.02 1 0.0001 0.00015 0.32 350 33 1 2.48206e-314 0 0 0 
3.03 0 0 0.02 1 0.0001 0.00015 0.32 351 33 1 2.48206e-314 0 0 0 
3.05 0 0 0.02 1 0.0001 0.00015 0.32 352 33 1 2.48206e-314 0 0 0 
3.07 0 0 0.02 1 0.0001 0.00015 0.32 353 33 1 2.48206e-314 0 0 0 
3.09 0 0 0.02 1 0.0001 0.00015 0.32 354 33 1 2.48206e-314 0 0 0 
3.11 0 0 0.02 1 0.0001 0.00015 0.32 355 33 1 2.48206e-314 0 0 0 
3.13 0 0 0.02 1 0.0001 0.00015 0.32 356 33 1 2.48206e-314 0 0 0 
3.15 0 0 0.02 1 0.0001 0.00015 0.32 357 33 1 2.48206e-314 0 0 0 
3.17 0 0 0.02 1 0.0001 0.00015 0.32 358 33 1 2.48206e-314 0 0 0 
3.19 0 0 0.02 1 0.0001 0.00015 0.32 359 33 1 2.48206e-314 0 0 0 
3.21 0 0 0.02 1 0.0001 0.00015 0.32 360 33 1 2.48206e-314 0 0 0 
3.23 0 0 0.02 1 0.0001 0.00015 0.32 361 33 1 2.48206e-314 0 0 0 
3.25 0 0 0.02 1 0.0001 0.00015 0.32 362 33 1 2.48206e-314 0 0 0 
3.27 0 0 0.02 1 0.0001 0.00015 0.32 363 33 1 2.48206e-314 0 0 0 
3.29 0 0 0.02 1 0.0001 0.00015 0.32 364 33 1 2.48206e-314 0 0 0 
3.31 0 0 0.02 1 0.0001 0.00015 0.32 365 33 1 2.48206e-314 0 0 0 
3.33 0 0 0.02 1 0.0001 0.00015 0.32 366 33 1 2.48206e-314 0 0 0 
3.35 0 0 0.02 1 0.0001 0.00015 0.32 367 33 1 2.48206e-314 0 0 0 
3.37 0 0 0.02 1 0.0001 0.00015 0.32 368 33 1 2.48206e-314 0 0 0 
3.39 0 0 0.02 1 0.0001 0.00015 0.32 369 33 1 2.48206e-314 0 0 0 
3.41 0 0 0.02 1 0.0001 0.00015 0.32 370 33 1 2.48206e-314 0 0 0 
3.43 0 0 0.02 1 0.0001 0.00015 0.32 371 33 1 2.48206e-314 0 0 0 
3.45 5.89134e-39 9.62965e-36 0.02 1 0.0001 0.00015 0.32 372 33 1 2.48206e-314 0 0 0 
3.47 2.46149e-24 4.02341e-21 0.02 1 0.0001 0.00015 0.32 373 33 1 2.48206e-314 0 0 0 
3.49 6.7367e-24 1.10114e-20 0.02 1 0.0001 0.00015 0.32 374 33 1 2.48206e-314 0 0 0 
3.51 1.43803e-23 2.35052e-20 0.02 1 0.0001 0.00015 0.32 375 33 1 2.48206e-314 0 0 0 
3.53 2.53922e-23 4.15046e-20 0.02 1 0.0001 0.00015 0.32 376 33 1 2.48206e-314 0 0 0 
3.55 5.41527e-23 8.85149e-20 0.02 1 0.0001 0.00015 0.32 377 33 1 2.48206e-314 0 0 0 
3.57 1.03382e-22 1.68983e-19 0.02 1 0.0001 0.00015 0.32 378 33 1 2.48206e-314 0 0 0 
3.59 1.75931e-22 2.87568e-19 0.02 1 0.0001 0.00015 0.32 379 33 1 2.48206e-314 0 0 0 
3.61 2.79364e-22 4.51892e-19 0.02 1 0.0001 0.00015 0.32 380 33 1 2.48206e-314 0 0 0 
3.63 4.14012e-22 6.68733e-19 0.02 1 0.0001 0.00015 0.32 381 33 1 2.48206e-314 0 0 0 
3.65 5.89818e-22 9.56088e-19 0.02 1 0.0001 0.00015 0.32 382 33 1 2.48206e-314 0 0 0 
3.67 7.93447e-22 1.28813e-18 0.02 1 0.0001 0.00015 0.32 383 33 1 2.48206e-314 0 0 0 
3.69 9.97505e-22 1.63308e-18 0.02 1 0.0001 0.00015 0.32 384 33 1 2.48206e-314 0 0 0 
3.71 1.21155e-21 1.98883e-18 0.02 1 0.0001 0.00015 0.32 385 33 1 2.48206e-314 0 0 0 
3.73 1.3352e-21 2.21287e-18 0.02 1 0.0001 0.00015 0.32 386 33 1 2.48206e-314 0 0 0 
3.75 1.35341e-21 2.26962e-18 0.02 1 0.0001 0.00015 0.32 387 33 1 2.48206e-314 0 0 0 
3.77 1.30162e-21 2.1612e-18 0.02 1 0.0001 0.00015 0.32 388 33 1 2.48206e-314 0 0 0 
3.79 9.39784e-22 1.62397e-18 0.02 1 0.0001 0.00015 0.32 389 33 1 2.48206e-314 0 0 0 
3.81 3.76269e-22 6.79109e-19 0.02 1 0.0001 0.00015 0.32 390 32 1 2.48206e-314 0 0 0 
3.83 -3.88476e-22 -5.77676e-19 0.02 1 0.0001 0.00015 0.32 391 32 1 2.48206e-314 0 0 0 
3.85 -1.59881e-21 -2.55613e-18 0.02 1 0.0001 0.00015 0.32 392 32 1 2.48206e-314 0 0 0 
3.87 -2.91148e-21 -4.72517e-18 0.02 1 0.0001 0.00015 0.32 393 32 1 2.48206e-314 0 0 0 
3.89 -4.41224e-21 -7.19512e-18 0.02 1 0.0001 0.00015 0.32 394 32 1 2.48206e-314 0 0 0 
3.91 -5.89007e-21 -9.71208e-18 0.02 1 0.0001 0.00015 0.32 395 32 1 2.48206e-314 0 0 0 
3.93 -7.25529e-21 -1.18674e-17 0.02 1 0.0001 0.00015 0.32 396 32 1 2.48206e-314 0 0 0 
3.95 -8.3232e-21 -1.36451e-17 0.02 1 0.0001 0.00015 0.32 397 32 1 2.48206e-314 0 0 0 
3.97 -9.05595e-21 -1.48428e-17 0.02 1 0.0001 0.00015 0.32 398 32 1 2.48206e-314 0 0 0 
3.99 -9.28481e-21 -1.52438e-17 0.02 1 0.0001 0.00015 0.32 399 32 1 2.48206e-314 0 0 0 
4.01 -8.99366e-21 -1.48083e-17 0.02 1 0.0001 0.00015 0.32 400 32 1 2.48206e-314 0 0 0 
4.03 -8.25015e-21 -1.35525e-17 0.02 1 0.0001 0.00015 0.32 401 32 1 2.48206e-314 0 0 0 
4.05 -7.07186e-21 -1.15929e-17 0.02 1 0.0001 0.00015 0.32 402 32 1 2.48206e-314 0 0 0 
4.07 -5.74838e-21 -9.41964e-18 0.02 1 0.0001 0.00015 0.32 403 32 1 2.48206e-314 0 0 0 
4.09 -4.27532e-21 -6.99332e-18 0.02 1 0.0001 0.00015 0.32 404 32 1 2.48206e-314 0 0 0 
4.11 -2.78327e-21 -4.54772e-18 0.02 1 0.0001 0.00015 0.32 405 32 1 2.48206e-314 0 0 0 
4.13 -1.51026e-21 -2.45343e-18 0.02 1 0.0001 0.00015 0.32 406 32 1 2.48206e-314 0 0 0 
4.15 -2.90799e-22 -4.6608e-19 0.02 1 0.0001 0.00015 0.32 407 32 1 2.48206e-314 0 0 0 
4.17 5.54804e-22 9.22842e-19 0.02 1 0.0001 0.00015 0.32 408 32 1 2.48206e-314 0 0 0 
4.19 9.61463e-22 1.58289e-18 0.02 1 0.0001 0.00015 0.32 409 32 1 2.48206e-314 0 0 0 
4.21 1.30889e-21 2.14659e-18 0.02 1 0.0001 0.00015 0.32 410 32 1 2.48206e-314 0 0 0 
4.23 1.36691e-21 2.23532e-18 0.02 1 0.0001 0.00015 0.32 411 31 1 2.48206e-314 0 0 0 
4.25 1.31132e-21 2.14342e-18 0.02 1 0.0001 0.00015 0.32 412 31 1 2.48206e-314 0 0 0 
4.27 1.14653e-21 1.87406e-18 0.02 1 0.0001 0.00015 0.32 413 31 1 2.48206e-314 0 0 0 
4.29 9.06215e-22 1.48125e-18 0.02 1 0.0001 0.00015 0.32 414 31 1 2.48206e-314 0 0 0 
4.31 7.25231e-22 1.18542e-18 0.02 1 0.0001 0.00015 0.32 415 31 1 2.48206e-314 0 0 0 
4.33 5.07066e-22 8.28822e-19 0.02 1 0.0001 0.00015 0.32 416 31 1 2.48206e-314 0 0 0 
4.35 3.76219e-22 6.14946e-19 0.02 1 0.0001 0.00015 0.32 417 31 1 2.48206e-314 0 0 0 
4.37 2.62472e-22 4.29022e-19 0.02 1 0.0001 0.00015 0.32 418 31 1 2.48206e-314 0 0 0 
4.39 1.61163e-22 2.63427e-19 0.02 1 0.0001 0.00015 0.32 419 31 1 2.48206e-314 0 0 0 
4.41 1.00791e-22 1.64748e-19 0.02 1 0.0001 0.00015 0.32 420 31 1 2.48206e-314 0 0 0 
4.43 6.03712e-23 9.86793e-20 0.02 1 0.0001 0.00015 0.32 421 31 1 2.48206e-314 0 0 0 
4.45 2.77241e-23 4.53163e-20 0.02 1 0.0001 0.00015 0.32 422 31 1 2.48206e-314 0 0 0 
4.47 9.58684e-24 1.56701e-20 0.02 1 0.0001 0.00015 0.32 423 31 1 2.48206e-314 0 0 0 
4.49 3.757e-24 6.14099e-21 0.02 1 0.0001 0.00015 0.32 424 31 1 2.48206e-314 0 0 0 
4.51 1.16597e-24 1.90582e-21 0.02 1 0.0001 0.00015 0.32 425 31 1 2.48206e-314 0 0 0 
4.53 4.71307e-39 7.70372e-36 0.02 1 0.0001 0.00015 0.32 426 31 1 2.48206e-314 0 0 0 
4.55 0 0 0.02 1 0.0001 0.00015 0.32 427 31 1 2.48206e-314 0 0 0 
4.57 0 0 0.02 1 0.0001 0.00015 0.32 428 31 1 2.48206e-314 0 0 0 
4.59 0 0 0.02 1 0.0001 0.00015 0.32 429 31 1 2.48206e-314 0 0 0 
4.61 0 0 0.02 1 0.0001 0.00015 0.32 430 31 1 2.48206e-314 0 0 0 
4.63 0 0 0.02 1 0.0001 0.00015 0.32 431 31 1 2.48206e-314 0 0 0 
4.65 0 0 0.02 1 0.0001 0.00015 0.32 432 31 1 2.48206e-314 0 0 0 
4.67 0 0 0.02 1 0.0001 0.00015 0.32 433 31 1 2.48206e-314 0 0 0 
4.69 0 0 0.02 1 0.0001 0.00015 0.32 434 31 1 2.48206e-314 0 0 0 
4.71 0 0 0.02 1 0.0001 0.00015 0.32 435 31 1 2.48206e-314 0 0 0 
4.73 0 0 0.02 1 0.0001 0.00015 0.32 436 31 1 2.48206e-314 0 0 0 
4.75 0 0 0.02 1 0.0001 0.00015 0.32 437 31 1 2.48206e-314 0 0 0 
4.77 0 0 0.02 1 0.0001 0.00015 0.32 438 31 1 2.48206e-314 0 0 0 
4.79 0 0 0.02 1 0.0001 0.00015 0.32 439 31 1 2.48206e-314 0 0 0 
4.81 0 0 0.02 1 0.0001 0.00015 0.32 440 31 1 2.48206e-314 0 0 0 
4.83 0 0 0.02 1 0.0001 0.00015 0.32 441 31 1 2.48206e-314 0 0 0 
4.85 0 0 0.02 1 0.0001 0.00015 0.32 442 31 1 2.48206e-314 0 0 0 
4.87 0 0 0.02 1 0.0001 0.00015 0.32 443 31 1 2.48206e-314 0 0 0 
4.89 0 0 0.02 1 0.0001 0.00015 0.32 444 31 1 2.48206e-314 0 0 0 
4.91 0 0 0.02 1 0.0001 0.00015 0.32 445 31 1 2.48206e-314 0 0 0 
4.93 0 0 0.02 1 0.0001 0.00015 0.32 446 31 1 2.48206e-314 0 0 0 
4.95 0 0 0.02 1 0.0001 0.00015 0.32 447 31 1 2.48206e-314 0 0 0 
4.97 0 0 0.02 1 0.0001 0.00015 0.32 448 31 1 2.48206e-314 0 0 0 
4.99 0 0 0.02 1 0.0001 0.00015 0.32 449 31 1 2.48206e-314 0 0 0 
5.01 0 0 0.02 1 0.0001 0.00015 0.32 450 31 1 2.48206e-314 0 0 0 
5.03 0 0 0.02 1 0.0001 0.00015 0.32 451 31 1 2.48206e-314 0 0 0 
5.05 0 0 0.02 1 0.0001 0.00015 0.32 452 31 1 2.48206e-314 0 0 0 
5.07 0 0 0.02 1 0.0001 0.00015 0.32 453 31 1 2.48206e-314 0 0 0 
5.09 0 0 0.02 1 0.0001 0.00015 0.32 454 31 1 2.48206e-314 0 0 0 
5.11 0 0 0.02 1 0.0001 0.00015 0.32 455 31 1 2.48206e-314 0 0 0 
5.13 0 0 0.02 1 0.0001 0.00015 0.32 456 31 1 2.48206e-314 0 0 0 
5.15 0 0 0.02 1 0.0001 0.00015 0.32 457 31 1 2.48206e-314 0 0 0 
5.17 0 0 0.02 1 0.0001 0.00015 0.32 458 31 1 2.48206e-314 0 0 0 
5.19 0 0 0.02 1 0.0001 0.00015 0.32 459 31 1 2.48206e-314 0 0 0 
5.21 0 0 0.02 1 0.0001 0.00015 0.32 460 31 1 2.48206e-314 0 0 0 
5.23 0 0 0.02 1 0.0001 0.00015 0.32 461 31 1 2.48206e-314 0 0 0 
5.25 0 0 0.02 1 0.0001 0.00015 0.32 462 31 1 2.48206e-314 0 0 0 
5.27 0 0 0.02 1 0.0001 0.00015 0.32 463 31 1 2.48206e-314 0 0 0 
5.29 0 0 0.02 1 0.0001 0.00015 0.32 464 31 1 2.48206e-314 0 0 0 
5.31 0 0 0.02 1 0.0001 0.00015 0.32 465 31 1 2.48206e-314 0 0 0 
5.33 0 0 0.02 1 0.0001 0.00015 0.32 466 31 1 2.48206e-314 0 0 0 
5.35 0 0 0.02 1 0.0001 0.00015 0.32 467 31 1 2.48206e-314 0 0 0 
5.37 0 0 0.02 1 0.0001 0.00015 0.32 468 31 1 2.48206e-314 0 0 0 
5.39 0 0 0.02 1 0.0001 0.00015 0.32 469 31 1 2.48206e-314 0 0 0 
5.41 0 0 0.02 1 0.0001 0.00015 0.32 470 31 1 2.48206e-314 0 0 0 
5.43 0 0 0.02 1 0.0001 0.00015 0.32 471 31 1 2.48206e-314 0 0 0 
5.45 0 0 0.02 1 0.0001 0.00015 0.32 472 31 1 2.48206e-314 0 0 0 
5.47 0 0 0.02 1 0.0001 0.00015 0.32 473 31 1 2.48206e-314 0 0 0 
5.49 0 0 0.02 1 0.0001 0.00015 0.32 474 31 1 2.48206e-314 0 0 0 
5.51 0 0 0.02 1 0.0001 0.00015 0.32 475 31 1 2.48206e-314 0 0 0 
5.53 0 0 0.02 1 0.0001 0.00015 0.32 476 31 1 2.48206e-314 0 0 0 
5.55 0 0 0.02 1 0.0001 0.00015 0.32 477 31 1 2.48206e-314 0 0 0 
5.57 0 0 0.02 1 0.0001 0.00015 0.32 478 31 1 2.48206e-314 0 0 0 
5.59 0 0 0.02 1 0.0001 0.00015 0.32 479 31 1 2.48206e-314 0 0 0 
5.61 0 0 0.02 1 0.0001 0.00015 0.32 480 31 1 2.48206e-314 0 0 0 
5.63 0 0 0.02 1 0.0001 0.00015 0.32 481 31 1 2.48206e-314 0 0 0 
5.65 0 0 0.02 1 0.0001 0.00015 0.32 482 31 1 2.48206e-314 0 0 0 
5.67 0 0 0.02 1 0.0001 0.00015 0.32 483 31 1 2.48206e-314 0 0 0 
5.69 0 0 0.02 1 0.0001 0.00015 0.32 484 31 1 2.48206e-314 0 0 0 
5.71 0 0 0.02 1 0.0001 0.00015 0.32 485 31 1 2.48206e-314 0 0 0 
5.73 0 0 0.02 1 0.0001 0.00015 0.32 486 31 1 2.48206e-314 0 0 0 
5.75 0 0 0.02 1 0.0001 0.00015 0.32 487 31 1 2.48206e-314 0 0 0 
5.77 0 0 0.02 1 0.0001 0.00015 0.32 488 31 1 2.48206e-314 0 0 0 
5.79 0 0 0.02 1 0.0001 0.00015 0.32 489 31 1 2.48206e-314 0 0 0 
5.81 0 0 0.02 1 0.0001 0.00015 0.32 490 31 1 2.48206e-314 0 0 0 
5.83 0 0 0.02 1 0.0001 0.00015 0.32 491 31 1 2.48206e-314 0 0 0 
5.85 0 0 0.02 1 0.0001 0.00015 0.32 492 31 1 2.48206e-314 0 0 0 
5.87 0 0 0.02 1 0.0001 0.00015 0.32 493 31 1 2.48206e-314 0 0 0 
5.89 0 0 0.02 1 0.0001 0.00015 0.32 494 31 1 2.48206e-314 0 0 0 
5.91 0 0 0.02 1 0.0001 0.00015 0.32 495 31 1 2.48206e-314 0 0 0 
5.93 0 0 0.02 1 0.0001 0.00015 0.32 496 31 1 2.48206e-314 0 0 0 
5.95 0 0 0.02 1 0.0001 0.00015 0.32 497 31 1 2.48206e-314 0 0 0 
5.97 0 0 0.02 1 0.0001 0.00015 0.32 498 31 1 2.48206e-314 0 0 0 
5.99 0 0 0.02 1 0.0001 0.00015 0.32 499 31 1 2.48206e-314 0 0 0 
6.01 0 0 0.02 1 0.0001 0.00015 0.32 500 31 1 2.48206e-314 0 0 0 
6.03 0 0 0.02 1 0.0001 0.00015 0.32 501 31 1 2.48206e-314 0 0 0 
6.05 0 0 0.02 1 0.0001 0.00015 0.32 502 31 1 2.48206e-314 0 0 0 
6.07 0 0 0.02 1 0.0001 0.00015 0.32 503 31 1 2.48206e-314 0 0 0 
6.09 0 0 0.02 1 0.0001 0.00015 0.32 504 31 1 2.48206e-314 0 0 0 
6.11 0 0 0.02 1 0.0001 0.00015 0.32 505 31 1 2.48206e-314 0 0 0 
6.13 0 0 0.02 1 0.0001 0.00015 0.32 506 31 1 2.48206e-314 0 0 0 
6.15 0 0 0.02 1 0.0001 0.00015 0.32 507 31 1 2.48206e-314 0 0 0 
6.17 0 0 0.02 1 0.0001 0.00015 0.32 508 31 1 2.48206e-314 0 0 0 
6.19 0 0 0.02 1 0.0001 0.00015 0.32 509 31 1 2.48206e-314 0 0 0 
6.21 0 0 0.02 1 0.0001 0.00015 0.32 510 31 1 2.48206e-314 0 0 0 
6.23 0 0 0.02 1 0.0001 0.00015 0.32 511 31 1 2.48206e-314 0 0 0 
6.25 0 0 0.02 1 0.0001 0.00015 0.32 512 31 1 2.48206e-314 0 0 0 
6.27 0 0 0.02 1 0.0001 0.00015 0.32 513 31 1 2.48206e-314 0 0 0 
6.29 0 0 0.02 1 0.0001 0.00015 0.32 514 31 1 2.48206e-314 0 0 0 
6.31 0 0 0.02 1 0.0001 0.00015 0.32 515 31 1 2.48206e-314 0 0 0 
6.33 0 0 0.02 1 0.0001 0.00015 0.32 516 31 1 2.48206e-314 0 0 0 
6.35 0 0 0.02 1 0.0001 0.00015 0.32 517 31 1 2.48206e-314 0 0 0 
6.37 0 0 0.02 1 0.0001 0.00015 0.32 518 31 1 2.48206e-314 0 0 0 
6.39 0 0 0.02 1 0.0001 0.00015 0.32 519 31 1 2.48206e-314 0 0 0 
6.41 0 0 0.02 1 0.0001 0.00015 0.32 520 31 1 2.48206e-314 0 0 0 
6.43 0 0 0.02 1 0.0001 0.00015 0.32 521 31 1 2.48206e-314 0 0 0 
6.45 0 0 0.02 1 0.0001 0.00015 0.32 522 31 1 2.48206e-314 0 0 0 
6.47 0 0 0.02 1 0.0001 0.00015 0.32 523 31 1 2.48206e-314 0 0 0 
6.49 0 0 0.02 1 0.0001 0.00015 0.32 524 31 1 2.48206e-314 0 0 0 
6.51 0 0 0.02 1 0.0001 0.00015 0.32 525 31 1 2.48206e-314 0 0 0 
6.53 0 0 0.02 1 0.0001 0.00015 0.32 526 31 1 2.48206e-314 0 0 0 
6.55 0 0 0.02 1 0.0001 0.00015 0.32 527 31 1 2.48206e-314 0 0 0 
6.57 0 0 0.02 1 0.0001 0.00015 0.32 528 31 1 2.48206e-314 0 0 0 
6.59 0 0 0.02 1 0.0001 0.00015 0.32 529 31 1 2.48206e-314 0 0 0 
6.61 0 0 0.02 1 0.0001 0.00015 0.32 530 31 1 2.48206e-314 0 0 0 
6.63 0 0 0.02 1 0.0001 0.00015 0.32 531 31 1 2.48206e-314 0 0 0 
6.65 0 0 0.02 1 0.0001 0.00015 0.32 532 31 1 2.48206e-314 0 0 0 
6.67 0 0 0.02 1 0.0001 0.00015 0.32 533 31 1 2.48206e-314 0 0 0 
6.69 0 0 0.02 1 0.0001 0.00015 0.32 534 31 1 2.48206e-314 0 0 0 
6.71 0 0 0.02 1 0.0001 0.00015 0.32 535 31 1 2.48206e-314 0 0 0 
6.73 0 0 0.02 1 0.0001 0.00015 0.32 536 31 1 2.48206e-314 0 0 0 
6.75 0 0 0.02 1 0.0001 0.00015 0.32 537 31 1 2.48206e-314 0 0 0 
6.77 0 0 0.02 1 0.0001 0.00015 0.32 538 31 1 2.48206e-314 0 0 0 
6.79 0 0 0.02 1 0.0001 0.00015 0.32 539 31 1 2.48206e-314 0 0 0 
6.81 0 0 0.02 1 0.0001 0.00015 0.32 540 31 1 2.48206e-314 0 0 0 
6.83 0 0 0.02 1 0.0001 0.00015 0.32 541 31 1 2.48206e-314 0 0 0 
6.85 0 0 0.02 1 0.0001 0.00015 0.32 542 31 1 2.48206e-314 0 0 0 
6.87 0 0 0.02 1 0.0001 0.00015 0.32 543 31 1 2.48206e-314 0 0 0 
6.89 0 0 0.02 1 0.0001 0.00015 0.32 544 31 1 2.48206e-314 0 0 0 
6.91 0 0 0.02 1 0.0001 0.00015 0.32 545 31 1 2.48206e-314 0 0 0 
6.93 0 0 0.02 1 0.0001 0.00015 0.32 546 31 1 2.48206e-314 0 0 0 
6.95 0 0 0.02 1 0.0001 0.00015 0.32 547 31 1 2.48206e-314 0 0 0 
6.97 0 0 0.02 1 0.0001 0.00015 0.32 548 31 1 2.48206e-314 0 0 0 
6.99 0 0 0.02 1 0.0001 0.00015 0.32 549 31 1 2.48206e-314 0 0 0 
7.01 0 0 0.02 1 0.0001 0.00015 0.32 550 31 1 2.48206e-314 0 0 0 
7.03 0 0 0.02 1 0.0001 0.00015 0.32 551 31 1 2.48206e-314 0 0 0 
7.05 0 0 0.02 1 0.0001 0.00015 0.32 552 31 1 2.48206e-314 0 0 0 
7.07 0 0 0.02 1 0.0001 0.00015 0.32 553 31 1 2.48206e-314 0 0 0 
7.09 0 0 0.02 1 0.0001 0.00015 0.32 554 31 1 2.48206e-314 0 0 0 
7.11 0 0 0.02 1 0.0001 0.00015 0.32 555 31 1 2.48206e-314 0 0 0 
7.13 0 0 0.02 1 0.0001 0.00015 0.32 556 31 1 2.48206e-314 0 0 0 
7.15 0 0 0.02 1 0.0001 0.00015 0.32 557 31 1 2.48206e-314 0 0 0 
7.17 0 0 0.02 1 0.0001 0.00015 0.32 558 31 1 2.48206e-314 0 0 0 
7.19 0 0 0.02 1 0.0001 0.00015 0.32 559 31 1 2.48206e-314 0 0 0 
7.21 0 0 0.02 1 0.0001 0.00015 0.32 560 31 1 2.48206e-314 0 0 0 
7.23 0 0 0.02 1 0.0001 0.00015 0.32 561 31 1 2.48206e-314 0 0 0 
7.25 0 0 0.02 1 0.0001 0.00015 0.32 562 31 1 2.48206e-314 0 0 0 
7.27 0 0 0.02 1 0.0001 0.00015 0.32 563 31 1 2.48206e-314 0 0 0 
7.29 0 0 0.02 1 0.0001 0.00015 0.32 564 31 1 2.48206e-314 0 0 0 
7.31 0 0 0.02 1 0.0001 0.00015 0.32 565 31 1 2.48206e-314 0 0 0 
7.33 0 0 0.02 1 0.0001 0.00015 0.32 566 31 1 2.48206e-314 0 0 0 
7.35 0 0 0.02 1 0.0001 0.00015 0.32 567 31 1 2.48206e-314 0 0 0 
7.37 0 0 0.02 1 0.0001 0.00015 0.32 568 31 1 2.48206e-314 0 0 0 
7.39 -2.94567e-38 -4.81482e-35 0.02 1 0.0001 0.00015 0.32 569 31 1 2.48206e-314 0 0 0 
7.41 -4.92297e-24 -8.04681e-21 0.02 1 0.0001 0.00015 0.32 570 31 1 2.48206e-314 0 0 0 
7.43 -3.54972e-23 -5.80218e-20 0.02 1 0.0001 0.00015 0.32 571 31 1 2.48206e-314 0 0 0 
7.45 -1.35252e-22 -2.21076e-19 0.02 1 0.0001 0.00015 0.32 572 31 1 2.48206e-314 0 0 0 
7.47 -3.76996e-22 -6.16216e-19 0.02 1 0.0001 0.00015 0.32 573 31 1 2.48206e-314 0 0 0 
7.49 -8.50897e-22 -1.39083e-18 0.02 1 0.0001 0.00015 0.32 574 31 1 2.48206e-314 0 0 0 
7.51 -1.71941e-21 -2.81046e-18 0.02 1 0.0001 0.00015 0.32 575 31 1 2.48206e-314 0 0 0 
7.53 -3.13517e-21 -5.12307e-18 0.02 1 0.0001 0.00015 0.32 576 31 1 2.48206e-314 0 0 0 
7.55 -5.27909e-21 -8.62703e-18 0.02 1 0.0001 0.00015 0.32 577 31 1 2.48206e-314 0 0 0 
7.57 -8.3847e-21 -1.37027e-17 0.02 1 0.0001 0.00015 0.32 578 31 1 2.48206e-314 0 0 0 
7.59 -1.24893e-20 -2.04093e-17 0.02 1 0.0001 0.00015 0.32 579 31 1 2.48206e-314 0 0 0 
7.61 -1.7648e-20 -2.88415e-17 0.02 1 0.0001 0.00015 0.32 580 31 1 2.48206e-314 0 0 0 
7.63 -2.36532e-20 -3.86588e-17 0.02 1 0.0001 0.00015 0.32 581 31 1 2.48206e-314 0 0 0 
7.65 -3.02537e-20 -4.94477e-17 0.02 1 0.0001 0.00015 0.32 582 31 1 2.48206e-314 0 0 0 
7.67 -3.68999e-20 -6.03145e-17 0.02 1 0.0001 0.00015 0.32 583 31 1 2.48206e-314 0 0 0 
7.69 -4.28876e-20 -7.01017e-17 0.02 1 0.0001 0.00015 0.32 584 31 1 2.48206e-314 0 0 0 
7.71 -4.14637e-20 -6.77758e-17 0.02 1 0.0001 0.00015 0.32 585 32 1 2.48206e-314 0 0 0 
7.73 -3.17178e-20 -5.18507e-17 0.02 1 0.0001 0.00015 0.32 586 32 1 2.48206e-314 0 0 0 
7.75 -1.28742e-20 -2.10547e-17 0.02 1 0.0001 0.00015 0.32 587 32 1 2.48206e-314 0 0 0 
7.77 1.53744e-20 2.51211e-17 0.02 1 0.0001 0.00015 0.32 588 32 1 2.48206e-314 0 0 0 
7.79 5.28994e-20 8.64478e-17 0.02 1 0.0001 0.00015 0.32 589 32 1 2.48206e-314 0 0 0 
7.81 9.93145e-20 1.62331e-16 0.02 1 0.0001 0.00015 0.32 590 32 1 2.48206e-314 0 0 0 
7.83 1.53899e-19 2.51546e-16 0.02 1 0.0001 0.00015 0.32 591 32 1 2.48206e-314 0 0 0 
7.85 2.15499e-19 3.52234e-16 0.02 1 0.0001 0.00015 0.32 592 32 1 2.48206e-314 0 0 0 
7.87 2.58185e-19 4.22014e-16 0.02 1 0.0001 0.00015 0.32 593 32 1 2.48206e-314 0 0 0 
7.89 2.80633e-19 4.58696e-16 0.02 1 0.0001 0.00015 0.32 594 32 1 2.48206e-314 0 0 0 
7.91 2.81413e-19 4.59951e-16 0.02 1 0.0001 0.00015 0.32 595 32 1 2.48206e-314 0 0 0 
7.93 2.59816e-19 4.24655e-16 0.02 1 0.0001 0.00015 0.32 596 32 1 2.48206e-314 0 0 0 
7.95 2.1591e-19 3.52893e-16 0.02 1 0.0001 0.00015 0.32 597 33 1 2.48206e-314 0 0 0 
7.97 1.50222e-19 2.45531e-16 0.02 1 0.0001 0.00015 0.32 598 33 1 2.48206e-314 0 0 0 
7.99 6.30837e-20 1.03107e-16 0.02 1 0.0001 0.00015 0.32 599 33 1 2.48206e-314 0 0 0 
-4.01 0 -4.718e-11 0.02 1 10000 15000 0.32 600 32 1 3.03136e-314 0 0 0 
-4.03 0 5.06339 0.02 1 10000 15000 0.32 601 32 1 3.03136e-314 0 0 0 
-4.05 0 31.7263 0.02 1 10000 15000 0.32 602 32 1 3.03136e-314 0 0 0 
-4.07 0 96.8767 0.02 1 10000 15000 0.32 603 32 1 3.03136e-314 0 0 0 
-4.09 0 220.229 0.02 1 10000 15000 0.32 604 32 1 3.03136e-314 0 0 0 
-4.11 0 434.936 0.02 1 10000 15000 0.32 605 32 1 3.03136e-314 0 0 0 
-4.13 0 784.431 0.02 1 10000 15000 0.32 606 32 1 3.03136e-314 0 0 0 
-4.15 0 1344.36 0.02 1 10000 15000 0.32 607 32 1 3.03136e-314 0 0 0 
-4.17 0 2290.56 0.02 1 10000 15000 0.32 608 31 1 3.03136e-314 0 0 0 
-4.19 0 3616.93 0.02 1 10000 15000 0.32 609 32 1 3.03136e-314 0 0 0 
-4.21 0 5195.72 0.02 1 10000 15000 0.32 610 31 1 3.03136e-314 0 0 0 
-4.23 0 6894.75 0.02 1 10000 15000 0.32 611 32 1 3.03136e-314 0 0 0 
-4.25 0 8575.01 0.02 1 10000 15000 0.32 612 31 1 3.03136e-314 0 0 0 
-4.27 0 10087.8 0.02 1 10000 15000 0.32 613 32 1 3.03136e-314 0 0 0 
-4.29 0 11271.5 0.02 1 10000 15000 0.32 614 31 1 3.03136e-314 0 0 0 
-4.31 0 11945.9 0.02 1 10000 15000 0.32 615 32 1 3.03136e-314 0 0 0 
-4.33 0 11898.3 0.02 1 10000 15000 0.32 616 31 1 3.03136e-314 0 0 0 
-4.35 0 10568.1 0.02 0.999959 9999.59 15000 0.320013 617 31 1 3.03136e-314 0 0 0 
-4.37 0 7252.03 0.02 0.999631 9996.31 15000 0.320118 618 30 1 3.03136e-314 0 0 0 
-4.39 0 2132.63 0.02 0.998503 9985.03 15000 0.32048 619 29 1 3.03136e-314 0 0 0 
-4.41 0 -4512.16 0.02 0.995748 9957.48 15000 0.321366 620 28 1 3.03136e-314 0 0 0 
-4.43 0 -12400.6 0.02 0.990126 9901.26 15000 0.323191 621 27 1 3.03136e-314 0 0 0 
-4.45 0 -21257.3 0.02 0.979822 9798.22 15000 0.32659 622 26 1 3.03136e-314 0 0 0 
-4.47 0 -30832.5 0.02 0.962228 9622.28 15000 0.332561 623 25 1 3.03136e-314 0 0 0 
-4.49 0 -40888 0.02 0.933731 9337.31 15000 0.342711 624 25 1 3.03136e-314 0 0 0 
-4.51 0 -50859.8 0.02 0.890771 8907.71 15000 0.359239 625 24 1 3.03136e-314 0 0 0 
-4.53 0 -59973.5 0.02 0.832895 8328.95 15000 0.384202 626 25 1 3.03136e-314 0 0 0 
-4.55 0 -67510.9 0.02 0.764751 7647.51 15000 0.418437 627 25 1 3.03136e-314 0 0 0 
-4.57 0 -73025.8 0.02 0.6944 6944 15000 0.460829 628 27 1 3.03136e-314 0 0 0 
-4.59 0 -76508.9 0.02 0.62873 6287.3 15000 0.508962 629 28 1 3.03136e-314 0 0 0 
-4.61 0 -78250 0.02 0.571028 5710.28 15000 0.560393 630 30 1 3.03136e-314 0 0 0 
-4.63 0 -78627.5 0.02 0.521739 5217.39 15000 0.613333 631 31 1 3.03136e-314 0 0 0 
8.01 0 -7.17136e-17 0.02 1 0.0001 0.00015 0.32 632 33 1 3.03136e-314 0 0 0 
8.03 0 -5.06339e-08 0.02 1 0.0001 0.00015 0.32 633 33 1 3.03136e-314 0 0 0 
8.05 0 -3.17263e-07 0.02 1 0.0001 0.00015 0.32 634 33 1 3.03136e-314 0 0 0 
8.07 0 -9.68767e-07 0.02 1 0.0001 0.00015 0.32 635 33 1 3.03136e-314 0 0 0 
8.09 0 -2.20229e-06 0.02 1 0.0001 0.00015 0.32 636 32 1 3.03136e-314 0 0 0 
8.11 0 -4.34936e-06 0.02 1 0.0001 0.00015 0.32 637 32 1 3.03136e-314 0 0 0 
8.13 0 -7.84431e-06 0.02 1 0.0001 0.00015 0.32 638 32 1 3.03136e-314 0 0 0 
8.15 0 -1.34436e-05 0.02 1 0.0001 0.00015 0.32 639 32 1 3.03136e-314 0 0 0 
8.17 0 -2.29056e-05 0.02 1 0.0001 0.00015 0.32 640 32 1 3.03136e-314 0 0 0 
8.19 0 -3.61693e-05 0.02 1 0.0001 0.00015 0.32 641 32 1 3.03136e-314 0 0 0 
8.21 0 -5.19572e-05 0.02 1 0.0001 0.00015 0.32 642 32 1 3.03136e-314 0 0 0 
8.23 0 -6.89475e-05 0.02 1 0.0001 0.00015 0.32 643 32 1 3.03136e-314 0 0 0 
8.25 0 -8.57501e-05 0.02 1 0.0001 0.00015 0.32 644 32 1 3.03136e-314 0 0 0 
8.27 0 -0.000100878 0.02 1 0.0001 0.00015 0.32 645 32 1 3.03136e-314 0 0 0 
8.29 0 -0.000112715 0.02 1 0.0001 0.00015 0.32 646 31 1 3.03136e-314 0 0 0 
8.31 0 -0.000119459 0.02 1 0.0001 0.00015 0.32 647 31 1 3.03136e-314 0 0 0 
8.33 0 -0.000118983 0.02 1 0.0001 0.00015 0.32 648 31 1 3.03136e-314 0 0 0 
8.35 0 -0.000105681 0.02 0.999959 9.99959e-05 0.00015 0.320013 649 31 1 3.03136e-314 0 0 0 
8.37 0 -7.25203e-05 0.02 0.999631 9.99631e-05 0.00015 0.320118 650 30 1 3.03136e-314 0 0 0 
8.39 0 -2.13263e-05 0.02 0.998503 9.98503e-05 0.00015 0.32048 651 29 1 3.03136e-314 0 0 0 
8.41 0 4.51216e-05 0.02 0.995748 9.95748e-05 0.00015 0.321366 652 28 1 3.03136e-314 0 0 0 
8.43 0 0.000124006 0.02 0.990126 9.90126e-05 0.00015 0.323191 653 27 1 3.03136e-314 0 0 0 
8.45 0 0.000212573 0.02 0.979822 9.79822e-05 0.00015 0.32659 654 26 1 3.03136e-314 0 0 0 
8.47 0 0.000308325 0.02 0.962228 9.62228e-05 0.00015 0.332561 655 25 1 3.03136e-314 0 0 0 
8.49 0 0.00040888 0.02 0.933731 9.33731e-05 0.00015 0.342711 656 25 1 3.03136e-314 0 0 0 
8.51 0 0.000508598 0.02 0.890771 8.90771e-05 0.00015 0.359239 657 24 1 3.03136e-314 0 0 0 
8.53 0 0.000599735 0.02 0.832895 8.32895e-05 0.00015 0.384202 658 25 1 3.03136e-314 0 0 0 
8.55 0 0.000675109 0.02 0.764751 7.64751e-05 0.00015 0.418437 659 25 1 3.03136e-314 0 0 0 
8.57 0 0.000730258 0.02 0.6944 6.944e-05 0.00015 0.460829 660 27 1 3.03136e-314 0 0 0 
8.59 0 0.000765089 0.02 0.62873 6.2873e-05 0.00015 0.508962 661 28 1 3.03136e-314 0 0 0 
8.61 0 0.0007825 0.02 0.571028 5.71028e-05 0.00015 0.560393 662 30 1 3.03136e-314 0 0 0 
8.63 0 0.000786275 0.02 0.521739 5.21739e-05 0.00015 0.613333 663 31 1 3.03136e-314 0 0 0 
