# Time [s]: 0.00819519
# Columns: pos [m], vel [m/s], acc [m/s^2], mass [kg], dens [kg/m^3], pres [Pa], ene [J/kg], sml [m], id, neighbor, alpha, gradh, ...additional?
# Additional arrays: grad_velocity_0(vector) grad_pressure(vector) grad_density(vector) 
-3.99 -1.21424e-10 -3.45045e-07 0.02 1 10000 15000 0.32 0 32 1 2.48207e-314 0 0 0 
-3.97 -1.55319e-10 -4.01214e-07 0.02 1 10000 15000 0.32 1 32 1 2.48207e-314 0 0 0 
-3.95 -1.9558e-10 -4.58913e-07 0.02 1 10000 15000 0.32 2 32 1 2.48207e-314 0 0 0 
-3.93 -2.42615e-10 -5.14234e-07 0.02 1 10000 15000 0.32 3 32 1 2.48207e-314 0 0 0 
-3.91 -2.96571e-10 -5.61414e-07 0.02 1 10000 15000 0.32 4 32 1 2.48207e-314 0 0 0 
-3.89 -3.57024e-10 -5.92131e-07 0.02 1 10000 15000 0.32 5 31 1 2.48207e-314 0 0 0 
-3.87 -4.22915e-10 -5.9512e-07 0.02 1 10000 15000 0.32 6 31 1 2.48207e-314 0 0 0 
-3.85 -4.92125e-10 -5.55039e-07 0.02 1 10000 15000 0.32 7 31 1 2.48207e-314 0 0 0 
-3.83 -5.61144e-10 -4.51799e-07 0.02 1 10000 15000 0.32 8 31 1 2.48207e-314 0 0 0 
-3.81 -6.24546e-10 -2.5848e-07 0.02 1 10000 15000 0.32 9 31 1 2.48207e-314 0 0 0 
-3.79 -6.7448e-10 5.8003e-08 0.02 1 10000 15000 0.32 10 31 1 2.48207e-314 0 0 0 
-3.77 -6.99911e-10 5.39071e-07 0.02 1 10000 15000 0.32 11 31 1 2.48207e-314 0 0 0 
-3.75 -6.85781e-10 1.23585e-06 0.02 1 10000 15000 0.32 12 32 1 2.48207e-314 0 0 0 
-3.73 -6.12058e-10 2.21053e-06 0.02 1 10000 15000 0.32 13 32 1 2.48207e-314 0 0 0 
-3.71 -4.52381e-10 3.53773e-06 0.02 1 10000 15000 0.32 14 32 1 2.48207e-314 0 0 0 
-3.69 -1.72859e-10 5.30554e-06 0.02 1 10000 15000 0.32 15 32 1 2.48207e-314 0 0 0 
-3.67 2.69565e-10 7.61646e-06 0.02 1 10000 15000 0.32 16 32 1 2.48207e-314 0 0 0 
-3.65 9.28629e-10 1.05874e-05 0.02 1 10000 15000 0.32 17 32 1 2.48207e-314 0 0 0 
-3.63 1.87064e-09 1.43496e-05 0.02 1 10000 15000 0.32 18 32 1 2.48207e-314 0 0 0 
-3.61 3.17627e-09 1.90462e-05 0.02 1 10000 15000 0.32 19 32 1 2.48207e-314 0 0 0 
-3.59 4.94232e-09 2.48294e-05 0.02 1 10000 15000 0.32 20 32 1 2.48207e-314 0 0 0 
-3.57 7.28312e-09 3.18537e-05 0.02 1 10000 15000 0.32 21 32 1 2.48207e-314 0 0 0 
-3.55 1.03318e-08 4.02679e-05 0.02 1 10000 15000 0.32 22 32 1 2.48207e-314 0 0 0 
-3.53 1.42403e-08 5.02013e-05 0.02 1 10000 15000 0.32 23 32 1 2.48207e-314 0 0 0 
-3.51 1.91791e-08 6.17462e-05 0.02 1 10000 15000 0.32 24 32 1 2.48207e-314 0 0 0 
-3.49 2.53343e-08 7.49329e-05 0.02 1 10000 15000 0.32 25 32 1 2.48207e-314 0 0 0 
-3.47 3.29037e-08 8.96973e-05 0.02 1 10000 15000 0.32 26 32 1 2.48207e-314 0 0 0 
-3.45 4.20886e-08 0.000105839 0.02 1 10000 15000 0.32 27 32 1 2.48207e-314 0 0 0 
-3.43 5.3082e-08 0.000122965 0.02 1 10000 15000 0.32 28 32 1 2.48207e-314 0 0 0 
-3.41 6.60521e-08 0.000140423 0.02 1 10000 15000 0.32 29 32 1 2.48207e-314 0 0 0 
-3.39 8.11177e-08 0.000157215 0.02 1 10000 15000 0.32 30 32 1 2.48207e-314 0 0 0 
-3.37 9.83162e-08 0.000171891 0.02 1 10000 15000 0.32 31 32 1 2.48207e-314 0 0 0 
-3.35 1.1756e-07 0.00018242 0.02 1 10000 15000 0.32 32 33 1 2.48207e-314 0 0 0 
-3.33 1.38579e-07 0.000186037 0.02 1 10000 15000 0.32 33 33 1 2.48207e-314 0 0 0 
-3.31 1.6085e-07 0.000179059 0.02 1 10000 15000 0.32 34 33 1 2.48207e-314 0 0 0 
-3.29 1.835e-07 0.000156669 0.02 1 10000 15000 0.32 35 33 1 2.48207e-314 0 0 0 
-3.27 2.05193e-07 0.000112664 0.02 1 10000 15000 0.32 36 33 1 2.48207e-314 0 0 0 
-3.25 2.23985e-07 3.91768e-05 0.02 1 10000 15000 0.32 37 33 1 2.48207e-314 0 0 0 
-3.23 2.3715e-07 -7.36524e-05 0.02 1 10000 15000 0.32 38 33 1 2.48207e-314 0 0 0 
-3.21 2.40964e-07 -0.000238025 0.02 1 10000 15000 0.32 39 33 1 2.48207e-314 0 0 0 
-3.19 2.30455e-07 -0.00046887 0.02 1 10000 15000 0.32 40 32 1 2.48207e-314 0 0 0 
-3.17 1.99099e-07 -0.000784247 0.02 1 10000 15000 0.32 41 32 1 2.48207e-314 0 0 0 
-3.15 1.38475e-07 -0.00120576 0.02 1 10000 15000 0.32 42 32 1 2.48207e-314 0 0 0 
-3.13 3.78557e-08 -0.00175894 0.02 1 10000 15000 0.32 43 32 1 2.48207e-314 0 0 0 
-3.11 -1.16243e-07 -0.00247365 0.02 1 10000 15000 0.32 44 32 1 2.48207e-314 0 0 0 
-3.09 -3.40578e-07 -0.00338433 0.02 1 10000 15000 0.32 45 32 1 2.48207e-314 0 0 0 
-3.07 -6.55736e-07 -0.00453017 0.02 1 10000 15000 0.32 46 32 1 2.48207e-314 0 0 0 
-3.05 -1.08673e-06 -0.00595508 0.02 1 10000 15000 0.32 47 32 1 2.48207e-314 0 0 0 
-3.03 -1.66365e-06 -0.00770741 0.02 1 10000 15000 0.32 48 32 1 2.48207e-314 0 0 0 
-3.01 -2.42222e-06 -0.00983924 0.02 1 10000 15000 0.32 49 32 1 2.48207e-314 0 0 0 
-2.99 -3.40448e-06 -0.0124052 0.02 1 10000 15000 0.32 50 32 1 2.48207e-314 0 0 0 
-2.97 -4.65923e-06 -0.0154607 0.02 1 10000 15000 0.32 51 32 1 2.48207e-314 0 0 0 
-2.95 -6.2424e-06 -0.019059 0.02 1 10000 15000 0.32 52 32 1 2.48207e-314 0 0 0 
-2.93 -8.2172e-06 -0.0232476 0.02 1 10000 15000 0.32 53 32 1 2.48207e-314 0 0 0 
-2.91 -1.06539e-05 -0.0280626 0.02 1 10000 15000 0.32 54 32 1 2.48207e-314 0 0 0 
-2.89 -1.3629e-05 -0.0335224 0.02 1 10000 15000 0.32 55 32 1 2.48207e-314 0 0 0 
-2.87 -1.72241e-05 -0.0396177 0.02 1 10000 15000 0.32 56 32 1 2.48207e-314 0 0 0 
-2.85 -2.15234e-05 -0.0463002 0.02 1 10000 15000 0.32 57 32 1 2.48207e-314 0 0 0 
-2.83 -2.66101e-05 -0.0534672 0.02 1 10000 15000 0.32 58 32 1 2.48207e-314 0 0 0 
-2.81 -3.25618e-05 -0.060943 0.02 1 10000 15000 0.32 59 32 1 2.48207e-314 0 0 0 
-2.79 -3.94427e-05 -0.0684551 0.02 1 10000 15000 0.32 60 32 1 2.48207e-314 0 0 0 
-2.77 -4.72952e-05 -0.075605 0.02 1 10000 15000 0.32 61 32 1 2.48207e-314 0 0 0 
-2.75 -5.61261e-05 -0.0818328 0.02 1 10000 15000 0.32 62 32 1 2.48207e-314 0 0 0 
-2.73 -6.58911e-05 -0.0863741 0.02 1 10000 15000 0.32 63 32 1 2.48207e-314 0 0 0 
-2.71 -7.64727e-05 -0.088208 0.02 1 10000 15000 0.32 64 31 1 2.48207e-314 0 0 0 
-2.69 -8.76541e-05 -0.0859948 0.02 1 10000 15000 0.32 65 31 1 2.48207e-314 0 0 0 
-2.67 -9.90844e-05 -0.0780024 0.02 1 10000 15000 0.32 66 31 1 2.48207e-314 0 0 0 
-2.65 -0.000110237 -0.0620194 0.02 1 10000 15000 0.32 67 31 1 2.48207e-314 0 0 0 
-2.63 -0.000120357 -0.035253 0.02 1 10000 15000 0.32 68 31 1 2.48207e-314 0 0 0 
-2.61 -0.000128397 0.00578981 0.02 1 10000 15000 0.32 69 31 1 2.48207e-314 0 0 0 
-2.59 -0.000132939 0.0654398 0.02 1 10000 15000 0.32 70 31 1 2.48207e-314 0 0 0 
-2.57 -0.000132103 0.149023 0.02 1 10000 15000 0.32 71 31 1 2.48207e-314 0 0 0 
-2.55 -0.000123429 0.263044 0.02 1 10000 15000 0.32 72 32 1 2.48207e-314 0 0 0 
-2.53 -0.000103747 0.415388 0.02 1 9999.99 15000 0.32 73 32 1 2.48207e-314 0 0 0 
-2.51 -6.90153e-05 0.615556 0.02 1 9999.98 15000 0.32 74 32 1 2.48207e-314 0 0 0 
-2.49 -1.4134e-05 0.874925 0.02 0.999999 9999.97 15000 0.32 75 32 1 2.48207e-314 0 0 0 
-2.47 6.72778e-05 1.20704 0.02 0.999998 9999.96 14999.9 0.320001 76 32 1 2.48207e-314 0 0 0 
-2.45 0.000183137 1.62793 0.02 0.999997 9999.93 14999.9 0.320001 77 32 1 2.48207e-314 0 0 0 
-2.43 0.000343195 2.15647 0.02 0.999996 9999.9 14999.9 0.320001 78 32 1 2.48207e-314 0 0 0 
-2.41 0.000559381 2.81477 0.02 0.999994 9999.87 14999.9 0.320002 79 32 1 2.48207e-314 0 0 0 
-2.39 0.000846195 3.62861 0.02 0.999992 9999.82 14999.8 0.320002 80 32 1 2.48207e-314 0 0 0 
-2.37 0.00122116 4.62784 0.02 0.999989 9999.75 14999.8 0.320003 81 32 1 2.48207e-314 0 0 0 
-2.35 0.00170533 5.84695 0.02 0.999986 9999.68 14999.7 0.320005 82 32 1 2.48207e-314 0 0 0 
-2.33 0.00232386 7.3255 0.02 0.999981 9999.58 14999.6 0.320006 83 32 1 2.48207e-314 0 0 0 
-2.31 0.00310666 9.10871 0.02 0.999976 9999.46 14999.5 0.320008 84 32 1 2.48207e-314 0 0 0 
-2.29 0.00408912 11.248 0.02 0.999968 9999.31 14999.4 0.32001 85 32 1 2.48207e-314 0 0 0 
-2.27 0.0053129 13.8015 0.02 0.99996 9999.12 14999.2 0.320013 86 32 1 2.48207e-314 0 0 0 
-2.25 0.00682679 16.8349 0.02 0.999949 9998.9 14999.1 0.320016 87 32 1 2.48207e-314 0 0 0 
-2.23 0.00868775 20.4215 0.02 0.999936 9998.63 14998.8 0.32002 88 32 1 2.48207e-314 0 0 0 
-2.21 0.0109619 24.6433 0.02 0.99992 9998.3 14998.6 0.320026 89 32 1 2.48207e-314 0 0 0 
-2.19 0.0137257 29.5912 0.02 0.999901 9997.91 14998.3 0.320032 90 32 1 2.48207e-314 0 0 0 
-2.16999 0.0170672 35.3656 0.02 0.999878 9997.44 14997.9 0.320039 91 32 1 2.48207e-314 0 0 0 
-2.14999 0.0210874 42.077 0.02 0.999851 9996.87 14997.4 0.320048 92 32 1 2.48207e-314 0 0 0 
-2.12999 0.0259014 49.8459 0.02 0.999818 9996.21 14996.9 0.320058 93 32 1 2.48207e-314 0 0 0 
-2.10999 0.0316404 58.8035 0.02 0.999779 9995.42 14996.3 0.320071 94 32 1 2.48207e-314 0 0 0 
-2.08998 0.0384528 69.0917 0.02 0.999733 9994.48 14995.6 0.320085 95 32 1 2.48207e-314 0 0 0 
-2.06998 0.0465061 80.8633 0.02 0.999679 9993.39 14994.7 0.320103 96 32 1 2.48207e-314 0 0 0 
-2.04997 0.0559882 94.2815 0.02 0.999615 9992.11 14993.7 0.320123 97 32 1 2.48207e-314 0 0 0 
-2.02997 0.0671097 109.52 0.02 0.999541 9990.62 14992.6 0.320147 98 32 1 2.48207e-314 0 0 0 
-2.00996 0.080105 126.762 0.02 0.999454 9988.89 14991.2 0.320175 99 32 1 2.48207e-314 0 0 0 
-1.98995 0.0952341 146.199 0.02 0.999354 9986.89 14989.7 0.320207 100 32 1 2.48207e-314 0 0 0 
-1.96994 0.112785 168.034 0.02 0.999237 9984.58 14988 0.320244 101 32 1 2.48207e-314 0 0 0 
-1.94993 0.133073 192.472 0.02 0.999102 9981.92 14986 0.320287 102 32 1 2.48207e-314 0 0 0 
-1.92991 0.156446 219.727 0.02 0.998948 9978.87 14983.7 0.320337 103 32 1 2.48207e-314 0 0 0 
-1.9099 0.183283 250.015 0.02 0.99877 9975.38 14981.1 0.320394 104 32 1 2.48207e-314 0 0 0 
-1.88987 0.213994 283.556 0.02 0.998567 9971.41 14978.1 0.320459 105 32 1 2.48207e-314 0 0 0 
-1.86985 0.249028 320.566 0.02 0.998336 9966.9 14974.7 0.320533 106 32 1 2.48207e-314 0 0 0 
-1.84982 0.288863 361.263 0.02 0.998073 9961.79 14971 0.320618 107 32 1 2.48207e-314 0 0 0 
-1.82979 0.334018 405.855 0.02 0.997775 9956.01 14966.7 0.320714 108 32 1 2.48207e-314 0 0 0 
-1.80975 0.385044 454.545 0.02 0.997438 9949.52 14961.9 0.320822 109 32 1 2.48207e-314 0 0 0 
-1.7897 0.442531 507.525 0.02 0.997059 9942.23 14956.6 0.320944 110 32 1 2.48207e-314 0 0 0 
-1.76965 0.507101 564.97 0.02 0.996634 9934.06 14950.7 0.321081 111 32 1 2.48207e-314 0 0 0 
-1.74959 0.579412 627.042 0.02 0.996157 9924.95 14944.1 0.321235 112 32 1 2.48207e-314 0 0 0 
-1.72952 0.660156 693.878 0.02 0.995624 9914.82 14936.7 0.321406 113 32 1 2.48207e-314 0 0 0 
-1.70944 0.750054 765.595 0.02 0.995031 9903.56 14928.6 0.321598 114 32 1 2.48207e-314 0 0 0 
-1.68934 0.849857 842.279 0.02 0.994372 9891.11 14919.7 0.321811 115 32 1 2.48207e-314 0 0 0 
-1.66924 0.960344 923.99 0.02 0.993642 9877.37 14909.9 0.322047 116 32 1 2.48207e-314 0 0 0 
-1.64912 1.08232 1010.75 0.02 0.992836 9862.25 14899.1 0.322309 117 32 1 2.48207e-314 0 0 0 
-1.62898 1.2166 1102.55 0.02 0.991947 9845.65 14887.3 0.322598 118 32 1 2.48207e-314 0 0 0 
-1.60883 1.36403 1199.35 0.02 0.990971 9827.48 14874.4 0.322916 119 32 1 2.48207e-314 0 0 0 
-1.58866 1.52548 1301.07 0.02 0.989901 9807.64 14860.4 0.323265 120 32 1 2.48207e-314 0 0 0 
-1.56847 1.70179 1407.57 0.02 0.98873 9786.04 14845.2 0.323647 121 32 1 2.48207e-314 0 0 0 
-1.54825 1.89387 1518.7 0.02 0.987454 9762.59 14828.7 0.324066 122 32 1 2.48207e-314 0 0 0 
-1.52801 2.10256 1634.27 0.02 0.986066 9737.18 14811 0.324522 123 32 1 2.48207e-314 0 0 0 
-1.50773 2.32875 1754.04 0.02 0.98456 9709.74 14791.8 0.325018 124 32 1 2.48207e-314 0 0 0 
-1.48743 2.5733 1877.75 0.02 0.982929 9680.16 14771.2 0.325558 125 32 1 2.48207e-314 0 0 0 
-1.46709 2.83704 2005.07 0.02 0.981168 9648.37 14749.1 0.326142 126 32 1 2.48207e-314 0 0 0 
-1.44672 3.12079 2135.67 0.02 0.979271 9614.29 14725.5 0.326774 127 32 1 2.48207e-314 0 0 0 
-1.42631 3.42534 2269.17 0.02 0.977231 9577.82 14700.2 0.327456 128 32 1 2.48207e-314 0 0 0 
-1.40585 3.75145 2405.16 0.02 0.975045 9538.92 14673.4 0.32819 129 32 1 2.48207e-314 0 0 0 
-1.38535 4.09985 2543.2 0.02 0.972705 9497.5 14644.8 0.328979 130 32 1 2.48207e-314 0 0 0 
-1.3648 4.47121 2682.82 0.02 0.970208 9453.51 14614.5 0.329826 131 32 1 2.48207e-314 0 0 0 
-1.34419 4.86622 2823.55 0.02 0.967548 9406.91 14582.5 0.330733 132 32 1 2.48207e-314 0 0 0 
-1.32353 5.28549 2964.88 0.02 0.964721 9357.63 14548.7 0.331702 133 32 1 2.48207e-314 0 0 0 
-1.30281 5.72962 3106.32 0.02 0.961724 9305.66 14513 0.332736 134 32 1 2.48207e-314 0 0 0 
-1.28201 6.19915 3247.37 0.02 0.958551 9250.97 14475.5 0.333837 135 32 1 2.48207e-314 0 0 0 
-1.26115 6.69458 3387.55 0.02 0.955201 9193.53 14436.1 0.335008 136 32 1 2.48207e-314 0 0 0 
-1.24022 7.21634 3526.38 0.02 0.95167 9133.33 14394.9 0.336251 137 32 1 2.48207e-314 0 0 0 
-1.2192 7.76479 3663.39 0.02 0.947955 9070.37 14351.7 0.337569 138 32 1 2.48207e-314 0 0 0 
-1.1981 8.3402 3798.09 0.02 0.944054 9004.66 14306.7 0.338964 139 32 1 2.48207e-314 0 0 0 
-1.17691 8.94273 3930.02 0.02 0.939966 8936.22 14259.8 0.340438 140 32 1 2.48207e-314 0 0 0 
-1.15563 9.57249 4058.61 0.02 0.935689 8865.05 14210.9 0.341994 141 32 1 2.48207e-314 0 0 0 
-1.13425 10.2295 4183.41 0.02 0.931222 8791.21 14160.2 0.343634 142 32 1 2.48207e-314 0 0 0 
-1.11276 10.9137 4303.91 0.02 0.926566 8714.72 14107.6 0.345361 143 32 1 2.48207e-314 0 0 0 
-1.09116 11.6251 4419.61 0.02 0.921722 8635.66 14053.2 0.347176 144 32 1 2.48207e-314 0 0 0 
-1.06944 12.3636 4530.01 0.02 0.91669 8554.08 13997 0.349082 145 32 1 2.48207e-314 0 0 0 
-1.0476 13.1293 4634.66 0.02 0.911473 8470.07 13938.9 0.35108 146 32 1 2.48207e-314 0 0 0 
-1.02564 13.9221 4733.14 0.02 0.906071 8383.71 13879.1 0.353173 147 32 1 2.48207e-314 0 0 0 
-1.00353 14.742 4825.09 0.02 0.900487 8295.1 13817.7 0.355363 148 32 1 2.48207e-314 0 0 0 
-0.981289 15.5888 4910.21 0.02 0.894724 8204.33 13754.6 0.357652 149 32 1 2.48207e-314 0 0 0 
-0.958896 16.4622 4988.24 0.02 0.888783 8111.51 13690 0.360043 150 32 1 2.48207e-314 0 0 0 
-0.93635 17.3616 5058.93 0.02 0.882667 8016.77 13623.9 0.362538 151 32 1 2.48207e-314 0 0 0 
-0.913645 18.2862 5121.98 0.02 0.876378 7920.21 13556.5 0.365139 152 32 1 2.48207e-314 0 0 0 
-0.890774 19.2349 5177.05 0.02 0.869922 7821.97 13487.8 0.367849 153 31 1 2.48207e-314 0 0 0 
-0.86773 20.2065 5223.67 0.02 0.863303 7722.2 13417.9 0.370669 154 31 1 2.48207e-314 0 0 0 
-0.844506 21.1998 5261.21 0.02 0.856526 7621.06 13347 0.373602 155 31 1 2.48207e-314 0 0 0 
-0.821095 22.2135 5288.95 0.02 0.849601 7518.74 13275.2 0.376648 156 31 1 2.48207e-314 0 0 0 
-0.797487 23.2467 5306.11 0.02 0.842535 7415.45 13202.8 0.379806 157 32 1 2.48207e-314 0 0 0 
-0.773672 24.2984 5312 0.02 0.835338 7311.44 13129.8 0.383078 158 32 1 2.48207e-314 0 0 0 
-0.749642 25.3684 5306.01 0.02 0.828022 7206.95 13056.6 0.386463 159 32 1 2.48207e-314 0 0 0 
-0.725389 26.456 5287.77 0.02 0.820597 7102.26 12983.4 0.38996 160 32 1 2.48207e-314 0 0 0 
-0.700905 27.5609 5257.23 0.02 0.813071 6997.64 12910.6 0.393569 161 32 1 2.48207e-314 0 0 0 
-0.676185 28.6821 5214.61 0.02 0.805455 6893.37 12838.6 0.397291 162 32 1 2.48207e-314 0 0 0 
-0.651224 29.8179 5160.33 0.02 0.797757 6789.72 12767.6 0.401125 163 32 1 2.48207e-314 0 0 0 
-0.626019 30.9657 5094.78 0.02 0.789985 6686.96 12698.2 0.405071 164 32 1 2.48207e-314 0 0 0 
-0.600566 32.1215 5018.14 0.02 0.782152 6585.36 12630.5 0.409128 165 32 1 2.48207e-314 0 0 0 
-0.574859 33.2805 4930.31 0.02 0.774271 6485.21 12565.1 0.413292 166 32 1 2.48207e-314 0 0 0 
-0.548892 34.4371 4830.94 0.02 0.766365 6386.85 12502.2 0.417556 167 32 1 2.48207e-314 0 0 0 
-0.522657 35.5856 4718.64 0.02 0.758462 6290.67 12442.3 0.421907 168 32 1 2.48207e-314 0 0 0 
-0.496141 36.7214 4591.34 0.02 0.750597 6197.15 12385.8 0.426327 169 32 1 2.48207e-314 0 0 0 
-0.469332 37.8411 4446.88 0.02 0.742814 6106.85 12333.2 0.430794 170 32 1 2.48207e-314 0 0 0 
-0.442214 38.9435 4283.43 0.02 0.735156 6020.36 12285.3 0.435282 171 32 1 2.48207e-314 0 0 0 
-0.414774 40.0296 4101.5 0.02 0.727666 5938.33 12242.6 0.439762 172 32 1 2.48207e-314 0 0 0 
-0.387003 41.1041 3903.91 0.02 0.720385 5861.36 12206 0.444207 173 32 1 2.48207e-314 0 0 0 
-0.3589 42.1716 3692.6 0.02 0.713347 5790 12176.4 0.44859 174 33 1 2.48207e-314 0 0 0 
-0.330479 43.2323 3470.78 0.02 0.706583 5724.68 12154.2 0.452884 175 33 1 2.48207e-314 0 0 0 
-0.30177 44.279 3243.71 0.02 0.700132 5665.72 12139.9 0.457057 176 33 1 2.48207e-314 0 0 0 
-0.272823 45.2988 3019.94 0.02 0.694048 5613.39 12133.1 0.461063 177 33 1 2.48207e-314 0 0 0 
-0.243686 46.2745 2802.3 0.02 0.688402 5567.86 12133.3 0.464845 178 33 1 2.48207e-314 0 0 0 
-0.214374 47.1853 2591.67 0.02 0.683283 5529.22 12139.3 0.468327 179 33 1 2.48207e-314 0 0 0 
-0.184896 48.0075 2389.55 0.02 0.678798 5497.61 12149.6 0.471421 180 34 1 2.48207e-314 0 0 0 
-0.155242 48.7304 2194.51 0.02 0.675077 5473.25 12162.3 0.47402 181 34 1 2.48207e-314 0 0 0 
-0.125363 49.3476 1996.37 0.02 0.672271 5456.45 12175.5 0.475999 182 34 1 2.48207e-314 0 0 0 
-0.0952289 49.8535 1791.54 0.02 0.670569 5447.74 12186.8 0.477206 183 33 1 2.48207e-314 0 0 0 
-0.0647874 50.3062 1590.34 0.02 0.670154 5447.59 12193.9 0.477502 184 34 1 2.48207e-314 0 0 0 
-0.0340499 50.7487 1382.78 0.02 0.671191 5455.54 12192.7 0.476765 185 35 1 2.48207e-314 0 0 0 
-0.00312721 51.1937 1169.06 0.02 0.673894 5470.03 12176 0.474852 186 36 1 2.48207e-314 0 0 0 
0.0279739 51.6611 951.294 0.02 0.678554 5489.23 12134.8 0.471591 187 37 1 2.48207e-314 0 0 0 
0.058898 52.1056 745.303 0.02 0.685462 5510.2 12058.3 0.466838 188 38 1 2.48207e-314 0 0 0 
0.0891072 52.4537 575.118 0.02 0.694826 5528.72 11935.7 0.460547 189 40 1 2.48207e-314 0 0 0 
0.118296 52.7505 492.037 0.02 0.706793 5539.98 11757.5 0.452749 190 42 1 2.48207e-314 0 0 0 
0.146573 52.9964 494.911 0.02 0.721601 5537.74 11511.6 0.443458 191 43 1 2.48207e-314 0 0 0 
0.174351 53.1891 543.162 0.02 0.739759 5515.75 11184.5 0.432574 192 44 1 2.48207e-314 0 0 0 
0.202045 53.2733 627.26 0.02 0.762178 5469.46 10764.5 0.41985 193 46 1 2.48207e-314 0 0 0 
0.229692 53.301 755.505 0.02 0.789794 5396.75 10250.1 0.405169 194 46 1 2.48207e-314 0 0 0 
0.257355 53.1354 812.276 0.02 0.823829 5296.11 9643.54 0.38843 195 46 1 2.48207e-314 0 0 0 
0.284248 52.7266 830.417 0.02 0.864531 5174.09 8978.08 0.370143 196 45 1 2.48207e-314 0 0 0 
0.309689 52.132 854.533 0.02 0.911758 5042.61 8297.04 0.350971 197 45 1 2.48207e-314 0 0 0 
0.333204 51.4292 899.017 0.02 0.965048 4918.45 7646.26 0.33159 198 43 1 2.48207e-314 0 0 0 
0.354395 50.6443 952.635 0.02 1.02325 4821.83 7070.15 0.31273 199 42 1 2.48207e-314 0 0 0 
0.387213 52.6569 -139.302 0.02 1.13942 3689.38 4856.19 0.280843 200 40 1 2.48206e-314 0 0 0 
0.405204 52.1529 -100.336 0.02 1.22087 3664.57 4502.05 0.262107 201 39 1 2.48206e-314 0 0 0 
0.421616 52.14 -118.893 0.02 1.30896 3608.41 4134.93 0.244469 202 37 1 2.48206e-314 0 0 0 
0.437075 52.4901 -183.147 0.02 1.40604 3539.33 3775.86 0.22759 203 36 1 2.48206e-314 0 0 0 
0.451725 53.1128 -249.691 0.02 1.51235 3469.44 3441.15 0.211591 204 35 1 2.48206e-314 0 0 0 
0.465497 53.9355 -259.384 0.02 1.62551 3406.43 3143.43 0.196862 205 34 1 2.48206e-314 0 0 0 
0.478279 54.8363 -197.564 0.02 1.74035 3352.74 2889.66 0.183871 206 33 1 2.48206e-314 0 0 0 
0.489866 55.5603 -88.3701 0.02 1.85161 3304.25 2676.69 0.172823 207 32 1 2.48206e-314 0 0 0 
0.500481 56.0535 100.498 0.02 1.95921 3260.19 2495.93 0.163331 208 31 1 2.48206e-314 0 0 0 
0.510594 56.2869 377.834 0.02 2.06665 3222.39 2338.75 0.15484 209 30 1 2.48206e-314 0 0 0 
0.520224 56.2545 668.465 0.02 2.17362 3192.16 2202.85 0.14722 210 30 1 2.48206e-314 0 0 0 
0.52941 56.0479 827.742 0.02 2.28023 3170.58 2085.73 0.140336 211 30 1 2.48206e-314 0 0 0 
0.538213 55.7967 819.885 0.02 2.38555 3157.16 1985.29 0.134141 212 30 1 2.48206e-314 0 0 0 
0.546625 55.5943 663.783 0.02 2.48754 3150.31 1899.83 0.128641 213 29 1 2.48206e-314 0 0 0 
0.554649 55.4979 400.699 0.02 2.58414 3148.37 1827.7 0.123832 214 28 1 2.48206e-314 0 0 0 
0.562288 55.5332 83.0278 0.02 2.67304 3149.3 1767.39 0.119714 215 28 1 2.48206e-314 0 0 0 
0.569537 55.7014 -229.365 0.02 2.75148 3150.58 1717.54 0.116301 216 27 1 2.48206e-314 0 0 0 
0.576349 55.9709 -456.811 0.02 2.81623 3148.51 1676.7 0.113627 217 27 1 2.48206e-314 0 0 0 
0.582823 56.2912 -541.982 0.02 2.86574 3140.25 1643.09 0.111664 218 27 1 2.48206e-314 0 0 0 
0.589077 56.6065 -453.117 0.02 2.89857 3123.08 1615.22 0.110399 219 26 1 2.48206e-314 0 0 0 
0.595239 56.8562 -140.095 0.02 2.91311 3094.44 1592 0.109848 220 27 1 2.48206e-314 0 0 0 
0.601407 56.9615 439.703 0.02 2.90767 3051.52 1572.42 0.110054 221 26 1 2.48206e-314 0 0 0 
0.607617 56.8322 1311.97 0.02 2.88119 2991.06 1554.96 0.111065 222 27 1 2.48206e-314 0 0 0 
0.613882 56.3743 2495.1 0.02 2.83408 2909.72 1537.34 0.112911 223 26 1 2.48206e-314 0 0 0 
0.620251 55.4978 4009.02 0.02 2.76817 2805.18 1516.87 0.1156 224 27 1 2.48206e-314 0 0 0 
0.626837 54.1311 5793.16 0.02 2.68549 2675.66 1490.8 0.119159 225 27 1 2.48206e-314 0 0 0 
0.633812 52.2395 7756.43 0.02 2.58745 2519.78 1456.55 0.123674 226 28 1 2.48206e-314 0 0 0 
0.641367 49.8349 9755.59 0.02 2.47569 2337.71 1411.81 0.129257 227 28 1 2.48206e-314 0 0 0 
0.649669 46.986 11590.4 0.02 2.35279 2132.57 1354.94 0.136009 228 29 1 2.48206e-314 0 0 0 
0.65882 43.807 13100.3 0.02 2.22282 1911.47 1285.54 0.143961 229 30 1 2.48206e-314 0 0 0 
0.668858 40.392 14291.2 0.02 2.09082 1683.72 1204.21 0.15305 230 31 1 2.48206e-314 0 0 0 
0.679787 36.8018 15088.9 0.02 1.96145 1458.07 1112.23 0.163145 231 32 1 2.48206e-314 0 0 0 
0.6916 33.1194 15492.5 0.02 1.8382 1242.26 1011.89 0.174084 232 33 1 2.48206e-314 0 0 0 
0.704284 29.4149 15553.5 0.02 1.72336 1041.44 905.66 0.185684 233 34 1 2.48206e-314 0 0 0 
0.717827 25.7504 15310.7 0.02 1.61817 858.54 796.06 0.197754 234 36 1 2.48206e-314 0 0 0 
0.73221 22.1849 14792.2 0.02 1.52312 694.981 685.669 0.210095 235 36 1 2.48206e-314 0 0 0 
0.747406 18.7747 14017.3 0.02 1.43825 551.212 577.126 0.222493 236 37 1 2.48206e-314 0 0 0 
0.763376 15.5745 12999.3 0.02 1.36326 427.099 473.142 0.234731 237 39 1 2.48206e-314 0 0 0 
0.780068 12.638 11764.1 0.02 1.29771 322.221 376.462 0.246587 238 39 1 2.48206e-314 0 0 0 
0.797417 10.0116 10358 0.02 1.24105 235.815 289.601 0.257846 239 40 1 2.48206e-314 0 0 0 
0.815346 7.73029 8845.34 0.02 1.19267 166.773 214.583 0.268306 240 40 1 2.48206e-314 0 0 0 
0.833771 5.81202 7305.65 0.02 1.15192 113.578 152.633 0.277796 241 41 1 2.48206e-314 0 0 0 
0.852606 4.25463 5822.22 0.02 1.11814 74.3071 103.979 0.28619 242 41 1 2.48206e-314 0 0 0 
0.871767 3.03576 4472.57 0.02 1.0906 46.6908 67.8088 0.293418 243 40 1 2.48206e-314 0 0 0 
0.891177 2.11595 3315.32 0.02 1.06854 28.2668 42.4316 0.299473 244 40 1 2.48206e-314 0 0 0 
0.910771 1.44488 2381.1 0.02 1.05119 16.5977 25.6149 0.304417 245 39 1 2.48206e-314 0 0 0 
0.930497 0.968829 1668.27 0.02 1.03775 9.51386 15.0135 0.308358 246 37 1 2.48206e-314 0 0 0 
0.950314 0.638324 1145.83 0.02 1.02749 5.33507 8.57584 0.311438 247 36 1 2.48206e-314 0 0 0 
0.970196 0.413035 772.197 0.02 1.01975 2.92256 4.77427 0.313802 248 35 1 2.48206e-314 0 0 0 
0.990119 0.262304 510.511 0.02 1.014 1.56027 2.5867 0.315583 249 34 1 2.48206e-314 0 0 0 
1.01007 0.163377 331.081 0.02 1.00978 0.809282 1.36129 0.316901 250 33 1 2.48206e-314 0 0 0 
1.03004 0.0997555 210.208 0.02 1.00674 0.407118 0.694614 0.317859 251 33 1 2.48206e-314 0 0 0 
1.05002 0.0597261 130.616 0.02 1.00457 0.19883 0.343675 0.318543 252 33 1 2.48206e-314 0 0 0 
1.07001 0.0350607 79.6097 0.02 1.00306 0.0938916 0.164708 0.319023 253 32 1 2.48206e-314 0 0 0 
1.09001 0.0201718 47.4703 0.02 1.00202 0.0428569 0.0763335 0.319355 254 32 1 2.48206e-314 0 0 0 
1.11 0.0113835 27.6645 0.02 1.00131 0.0190007 0.0342924 0.31958 255 32 1 2.48206e-314 0 0 0 
1.13 0.00630693 15.8105 0.02 1.00084 0.0082148 0.0150067 0.31973 256 32 1 2.48206e-314 0 0 0 
1.15 0.00342927 8.86582 0.02 1.00053 0.00348054 0.0064275 0.319829 257 32 1 2.48206e-314 0 0 0 
1.17 0.00182891 4.87117 0.02 1.00033 0.00146744 0.00272553 0.319893 258 32 1 2.48206e-314 0 0 0 
1.19 0.000956709 2.62006 0.02 1.0002 0.000639187 0.00117784 0.319935 259 32 1 2.48206e-314 0 0 0 
1.21 0.000490778 1.3826 0.02 1.00012 0.000307086 0.000549684 0.31996 260 32 1 2.48206e-314 0 0 0 
1.23 0.000246511 0.715368 0.02 1.00007 0.000177058 0.00030094 0.319976 261 32 1 2.48206e-314 0 0 0 
1.25 0.00012104 0.36205 0.02 1.00004 0.000127667 0.00020511 0.319986 262 32 1 2.48206e-314 0 0 0 
1.27 5.80405e-05 0.178924 0.02 1.00002 0.000109559 0.000169392 0.319992 263 32 1 2.48206e-314 0 0 0 
1.29 2.71709e-05 0.0862542 0.02 1.00001 0.000103173 0.000156564 0.319995 264 32 1 2.48206e-314 0 0 0 
1.31 1.24219e-05 0.0405495 0.02 1.00001 0.000101012 0.000152136 0.319997 265 32 1 2.48206e-314 0 0 0 
1.33 5.55089e-06 0.0185975 0.02 1 0.000100311 0.000150669 0.319999 266 32 1 2.48206e-314 0 0 0 
1.35 2.42792e-06 0.0083291 0.02 1 0.000100092 0.000150202 0.319999 267 32 1 2.48206e-314 0 0 0 
1.37 1.04127e-06 0.00364853 0.02 1 0.000100027 0.000150059 0.32 268 32 1 2.48206e-314 0 0 0 
1.39 4.38598e-07 0.00156683 0.02 1 0.000100008 0.000150017 0.32 269 32 1 2.48206e-314 0 0 0 
1.41 1.81579e-07 0.000660962 0.02 1 0.000100002 0.000150005 0.32 270 32 1 2.48206e-314 0 0 0 
1.43 7.38368e-08 0.000274119 0.02 1 0.000100001 0.000150001 0.32 271 32 1 2.48206e-314 0 0 0 
1.45 2.94209e-08 0.000111689 0.02 1 0.0001 0.00015 0.32 272 32 1 2.48206e-314 0 0 0 
1.47 1.14386e-08 4.45794e-05 0.02 1 0.0001 0.00015 0.32 273 32 1 2.48206e-314 0 0 0 
1.49 4.3157e-09 1.73315e-05 0.02 1 0.0001 0.00015 0.32 274 32 1 2.48206e-314 0 0 0 
1.51 1.5727e-09 6.51572e-06 0.02 1 0.0001 0.00015 0.32 275 32 1 2.48206e-314 0 0 0 
1.53 5.52676e-10 2.35655e-06 0.02 1 0.0001 0.00015 0.32 276 32 1 2.48206e-314 0 0 0 
1.55 1.87776e-10 8.19962e-07 0.02 1 0.0001 0.00015 0.32 277 32 1 2.48206e-314 0 0 0 
1.57 6.2036e-11 2.75822e-07 0.02 1 0.0001 0.00015 0.32 278 32 1 2.48206e-314 0 0 0 
1.59 2.00756e-11 9.03405e-08 0.02 1 0.0001 0.00015 0.32 279 32 1 2.48206e-314 0 0 0 
1.61 6.41657e-12 2.90413e-08 0.02 1 0.0001 0.00015 0.32 280 32 1 2.48206e-314 0 0 0 
1.63 2.04351e-12 9.24532e-09 0.02 1 0.0001 0.00015 0.32 281 32 1 2.48206e-314 0 0 0 
1.65 6.53654e-13 2.94312e-09 0.02 1 0.0001 0.00015 0.32 282 32 1 2.48206e-314 0 0 0 
1.67 2.10909e-13 9.44753e-10 0.02 1 0.0001 0.00015 0.32 283 32 1 2.48206e-314 0 0 0 
1.69 6.84924e-14 3.0693e-10 0.02 1 0.0001 0.00015 0.32 284 32 1 2.48206e-314 0 0 0 
1.71 2.21529e-14 1.00514e-10 0.02 1 0.0001 0.00015 0.32 285 32 1 2.48206e-314 0 0 0 
1.73 6.99894e-15 3.27555e-11 0.02 1 0.0001 0.00015 0.32 286 32 1 2.48206e-314 0 0 0 
1.75 2.09478e-15 1.03907e-11 0.02 1 0.0001 0.00015 0.32 287 32 1 2.48206e-314 0 0 0 
1.77 5.62752e-16 3.10301e-12 0.02 1 0.0001 0.00015 0.32 288 32 1 2.48206e-314 0 0 0 
1.79 1.18219e-16 8.22765e-13 0.02 1 0.0001 0.00015 0.32 289 32 1 2.48206e-314 0 0 0 
1.81 7.01632e-18 1.65591e-13 0.02 1 0.0001 0.00015 0.32 290 32 1 2.48206e-314 0 0 0 
1.83 -1.17227e-17 4.79377e-15 0.02 1 0.0001 0.00015 0.32 291 32 1 2.48206e-314 0 0 0 
1.85 -9.68225e-18 -2.00855e-14 0.02 1 0.0001 0.00015 0.32 292 32 1 2.48206e-314 0 0 0 
1.87 -5.50318e-18 -1.55246e-14 0.02 1 0.0001 0.00015 0.32 293 33 1 2.48206e-314 0 0 0 
1.89 -2.70451e-18 -8.62816e-15 0.02 1 0.0001 0.00015 0.32 294 33 1 2.48206e-314 0 0 0 
1.91 -1.23026e-18 -4.18618e-15 0.02 1 0.0001 0.00015 0.32 295 33 1 2.48206e-314 0 0 0 
1.93 -5.32664e-19 -1.88057e-15 0.02 1 0.0001 0.00015 0.32 296 33 1 2.48206e-314 0 0 0 
1.95 -2.23367e-19 -8.02492e-16 0.02 1 0.0001 0.00015 0.32 297 33 1 2.48206e-314 0 0 0 
1.97 -9.01248e-20 -3.29386e-16 0.02 1 0.0001 0.00015 0.32 298 32 1 2.48206e-314 0 0 0 
1.99 -3.47051e-20 -1.30822e-16 0.02 1 0.0001 0.00015 0.32 299 32 1 2.48206e-314 0 0 0 
2.01 -1.10969e-20 -5.02435e-17 0.02 1 0.0001 0.00015 0.32 300 32 1 2.48206e-314 0 0 0 
2.03 -2.35593e-22 -1.83321e-17 0.02 1 0.0001 0.00015 0.32 301 32 1 2.48206e-314 0 0 0 
2.05 6.63114e-21 -5.93114e-18 0.02 1 0.0001 0.00015 0.32 302 32 1 2.48206e-314 0 0 0 
2.07 9.78754e-21 -1.23137e-18 0.02 1 0.0001 0.00015 0.32 303 32 1 2.48206e-314 0 0 0 
2.09 1.12754e-20 5.3109e-19 0.02 1 0.0001 0.00015 0.32 304 32 1 2.48206e-314 0 0 0 
2.11 9.18449e-21 8.1294e-19 0.02 1 0.0001 0.00015 0.32 305 32 1 2.48206e-314 0 0 0 
2.13 9.33629e-21 1.05223e-18 0.02 1 0.0001 0.00015 0.32 306 32 1 2.48206e-314 0 0 0 
2.15 7.95076e-21 9.46983e-19 0.02 1 0.0001 0.00015 0.32 307 33 1 2.48206e-314 0 0 0 
2.17 5.95998e-21 7.25907e-19 0.02 1 0.0001 0.00015 0.32 308 33 1 2.48206e-314 0 0 0 
2.19 3.86585e-21 4.72009e-19 0.02 1 0.0001 0.00015 0.32 309 33 1 2.48206e-314 0 0 0 
2.21 2.55647e-21 3.1319e-19 0.02 1 0.0001 0.00015 0.32 310 33 1 2.48206e-314 0 0 0 
2.23 1.01891e-21 1.25573e-19 0.02 1 0.0001 0.00015 0.32 311 33 1 2.48206e-314 0 0 0 
2.25 2.40919e-22 2.96462e-20 0.02 1 0.0001 0.00015 0.32 312 33 1 2.48206e-314 0 0 0 
2.27 -1.39435e-22 -1.65171e-20 0.02 1 0.0001 0.00015 0.32 313 33 1 2.48206e-314 0 0 0 
2.29 -1.09043e-21 -1.32561e-19 0.02 1 0.0001 0.00015 0.32 314 33 1 2.48206e-314 0 0 0 
2.31 -1.18701e-21 -1.44843e-19 0.02 1 0.0001 0.00015 0.32 315 33 1 2.48206e-314 0 0 0 
2.33 -8.55854e-22 -1.04185e-19 0.02 1 0.0001 0.00015 0.32 316 33 1 2.48206e-314 0 0 0 
2.35 -5.77171e-22 -7.03037e-20 0.02 1 0.0001 0.00015 0.32 317 33 1 2.48206e-314 0 0 0 
2.37 -4.51204e-22 -5.50571e-20 0.02 1 0.0001 0.00015 0.32 318 33 1 2.48206e-314 0 0 0 
2.39 -2.98489e-22 -3.64224e-20 0.02 1 0.0001 0.00015 0.32 319 33 1 2.48206e-314 0 0 0 
2.41 -2.26828e-22 -2.77403e-20 0.02 1 0.0001 0.00015 0.32 320 33 1 2.48206e-314 0 0 0 
2.43 -2.02023e-22 -2.47757e-20 0.02 1 0.0001 0.00015 0.32 321 33 1 2.48206e-314 0 0 0 
2.45 -1.86532e-22 -2.28699e-20 0.02 1 0.0001 0.00015 0.32 322 33 1 2.48206e-314 0 0 0 
2.47 -1.8685e-22 -2.28699e-20 0.02 1 0.0001 0.00015 0.32 323 33 1 2.48206e-314 0 0 0 
2.49 -1.57921e-22 -1.927e-20 0.02 1 0.0001 0.00015 0.32 324 33 1 2.48206e-314 0 0 0 
2.51 -8.85054e-23 -1.07997e-20 0.02 1 0.0001 0.00015 0.32 325 33 1 2.48206e-314 0 0 0 
2.53 -3.29726e-23 -4.02341e-21 0.02 1 0.0001 0.00015 0.32 326 33 1 2.48206e-314 0 0 0 
2.55 -7.89169e-38 -9.62965e-36 0.02 1 0.0001 0.00015 0.32 327 33 1 2.48206e-314 0 0 0 
2.57 0 0 0.02 1 0.0001 0.00015 0.32 328 33 1 2.48206e-314 0 0 0 
2.59 0 0 0.02 1 0.0001 0.00015 0.32 329 33 1 2.48206e-314 0 0 0 
2.61 0 0 0.02 1 0.0001 0.00015 0.32 330 33 1 2.48206e-314 0 0 0 
2.63 0 0 0.02 1 0.0001 0.00015 0.32 331 33 1 2.48206e-314 0 0 0 
2.65 0 0 0.02 1 0.0001 0.00015 0.32 332 33 1 2.48206e-314 0 0 0 
2.67 0 0 0.02 1 0.0001 0.00015 0.32 333 33 1 2.48206e-314 0 0 0 
2.69 0 0 0.02 1 0.0001 0.00015 0.32 334 33 1 2.48206e-314 0 0 0 
2.71 0 0 0.02 1 0.0001 0.00015 0.32 335 33 1 2.48206e-314 0 0 0 
2.73 0 0 0.02 1 0.0001 0.00015 0.32 336 33 1 2.48206e-314 0 0 0 
2.75 0 0 0.02 1 0.0001 0.00015 0.32 337 33 1 2.48206e-314 0 0 0 
2.77 0 0 0.02 1 0.0001 0.00015 0.32 338 33 1 2.48206e-314 0 0 0 
2.79 0 0 0.02 1 0.0001 0.00015 0.32 339 33 1 2.48206e-314 0 0 0 
2.81 0 0 0.02 1 0.0001 0.00015 0.32 340 33 1 2.48206e-314 0 0 0 
2.83 0 0 0.02 1 0.0001 0.00015 0.32 341 33 1 2.48206e-314 0 0 0 
2.85 0 0 0.02 1 0.0001 0.00015 0.32 342 33 1 2.48206e-314 0 0 0 
2.87 0 0 0.02 1 0.0001 0.00015 0.32 343 33 1 2.48206e-314 0 0 0 
2.89 0 0 0.02 1 0.0001 0.00015 0.32 344 33 1 2.48206e-314 0 0 0 
2.91 0 0 0.02 1 0.0001 0.00015 0.32 345 33 1 2.48206e-314 0 0 0 
2.93 0 0 0.02 1 0.0001 0.00015 0.32 346 33 1 2.48206e-314 0 0 0 
2.95 0 0 0.02 1 0.0001 0.00015 0.32 347 33 1 2.48206e-314 0 0 0 
2.97 0 0 0.02 1 0.0001 0.00015 0.32 348 33 1 2.48206e-314 0 0 0 
2.99 0 0 0.02 1 0.0001 0.00015 0.32 349 33 1 2.48206e-314 0 0 0 
3.01 0 0 0.02 1 0.0001 0.00015 0.32 350 33 1 2.48206e-314 0 0 0 
3.03 0 0 0.02 1 0.0001 0.00015 0.32 351 33 1 2.48206e-314 0 0 0 
3.05 0 0 0.02 1 0.0001 0.00015 0.32 352 33 1 2.48206e-314 0 0 0 
3.07 0 0 0.02 1 0.0001 0.00015 0.32 353 33 1 2.48206e-314 0 0 0 
3.09 0 0 0.02 1 0.0001 0.00015 0.32 354 33 1 2.48206e-314 0 0 0 
3.11 0 0 0.02 1 0.0001 0.00015 0.32 355 33 1 2.48206e-314 0 0 0 
3.13 0 0 0.02 1 0.0001 0.00015 0.32 356 33 1 2.48206e-314 0 0 0 
3.15 0 0 0.02 1 0.0001 0.00015 0.32 357 33 1 2.48206e-314 0 0 0 
3.17 0 0 0.02 1 0.0001 0.00015 0.32 358 33 1 2.48206e-314 0 0 0 
3.19 0 0 0.02 1 0.0001 0.00015 0.32 359 33 1 2.48206e-314 0 0 0 
3.21 0 0 0.02 1 0.0001 0.00015 0.32 360 33 1 2.48206e-314 0 0 0 
3.23 0 0 0.02 1 0.0001 0.00015 0.32 361 33 1 2.48206e-314 0 0 0 
3.25 0 0 0.02 1 0.0001 0.00015 0.32 362 33 1 2.48206e-314 0 0 0 
3.27 0 0 0.02 1 0.0001 0.00015 0.32 363 33 1 2.48206e-314 0 0 0 
3.29 0 0 0.02 1 0.0001 0.00015 0.32 364 33 1 2.48206e-314 0 0 0 
3.31 0 0 0.02 1 0.0001 0.00015 0.32 365 33 1 2.48206e-314 0 0 0 
3.33 0 0 0.02 1 0.0001 0.00015 0.32 366 33 1 2.48206e-314 0 0 0 
3.35 0 0 0.02 1 0.0001 0.00015 0.32 367 33 1 2.48206e-314 0 0 0 
3.37 0 0 0.02 1 0.0001 0.00015 0.32 368 33 1 2.48206e-314 0 0 0 
3.39 0 0 0.02 1 0.0001 0.00015 0.32 369 33 1 2.48206e-314 0 0 0 
3.41 0 0 0.02 1 0.0001 0.00015 0.32 370 33 1 2.48206e-314 0 0 0 
3.43 0 0 0.02 1 0.0001 0.00015 0.32 371 33 1 2.48206e-314 0 0 0 
3.45 7.89169e-38 9.62965e-36 0.02 1 0.0001 0.00015 0.32 372 33 1 2.48206e-314 0 0 0 
3.47 3.29726e-23 4.02341e-21 0.02 1 0.0001 0.00015 0.32 373 33 1 2.48206e-314 0 0 0 
3.49 9.02408e-23 1.10114e-20 0.02 1 0.0001 0.00015 0.32 374 33 1 2.48206e-314 0 0 0 
3.51 1.92629e-22 2.35052e-20 0.02 1 0.0001 0.00015 0.32 375 33 1 2.48206e-314 0 0 0 
3.53 3.40138e-22 4.15046e-20 0.02 1 0.0001 0.00015 0.32 376 33 1 2.48206e-314 0 0 0 
3.55 7.25397e-22 8.85149e-20 0.02 1 0.0001 0.00015 0.32 377 33 1 2.48206e-314 0 0 0 
3.57 1.38485e-21 1.68983e-19 0.02 1 0.0001 0.00015 0.32 378 33 1 2.48206e-314 0 0 0 
3.59 2.35667e-21 2.87568e-19 0.02 1 0.0001 0.00015 0.32 379 33 1 2.48206e-314 0 0 0 
3.61 3.70668e-21 4.58668e-19 0.02 1 0.0001 0.00015 0.32 380 33 1 2.48206e-314 0 0 0 
3.63 5.48361e-21 6.7805e-19 0.02 1 0.0001 0.00015 0.32 381 33 1 2.48206e-314 0 0 0 
3.65 7.80117e-21 9.66253e-19 0.02 1 0.0001 0.00015 0.32 382 33 1 2.48206e-314 0 0 0 
3.67 1.05338e-20 1.2949e-18 0.02 1 0.0001 0.00015 0.32 383 33 1 2.48206e-314 0 0 0 
3.69 1.33146e-20 1.61953e-18 0.02 1 0.0001 0.00015 0.32 384 33 1 2.48206e-314 0 0 0 
3.71 1.61796e-20 1.9685e-18 0.02 1 0.0001 0.00015 0.32 385 33 1 2.48206e-314 0 0 0 
3.73 1.79011e-20 2.15866e-18 0.02 1 0.0001 0.00015 0.32 386 33 1 2.48206e-314 0 0 0 
3.75 1.81754e-20 2.17476e-18 0.02 1 0.0001 0.00015 0.32 387 33 1 2.48206e-314 0 0 0 
3.77 1.76138e-20 2.12055e-18 0.02 1 0.0001 0.00015 0.32 388 33 1 2.48206e-314 0 0 0 
3.79 1.29384e-20 1.4749e-18 0.02 1 0.0001 0.00015 0.32 389 33 1 2.48206e-314 0 0 0 
3.81 5.39327e-21 5.84241e-19 0.02 1 0.0001 0.00015 0.32 390 32 1 2.48206e-314 0 0 0 
3.83 -4.86071e-21 -6.58992e-19 0.02 1 0.0001 0.00015 0.32 391 32 1 2.48206e-314 0 0 0 
3.85 -2.10137e-20 -2.6239e-18 0.02 1 0.0001 0.00015 0.32 392 32 1 2.48206e-314 0 0 0 
3.87 -3.88633e-20 -4.77938e-18 0.02 1 0.0001 0.00015 0.32 393 32 1 2.48206e-314 0 0 0 
3.89 -5.89503e-20 -7.22223e-18 0.02 1 0.0001 0.00015 0.32 394 32 1 2.48206e-314 0 0 0 
3.91 -7.88511e-20 -9.53039e-18 0.02 1 0.0001 0.00015 0.32 395 32 1 2.48206e-314 0 0 0 
3.93 -9.72561e-20 -1.18267e-17 0.02 1 0.0001 0.00015 0.32 396 32 1 2.48206e-314 0 0 0 
3.95 -1.1166e-19 -1.35909e-17 0.02 1 0.0001 0.00015 0.32 397 32 1 2.48206e-314 0 0 0 
3.97 -1.21603e-19 -1.47886e-17 0.02 1 0.0001 0.00015 0.32 398 32 1 2.48206e-314 0 0 0 
3.99 -1.24775e-19 -1.5149e-17 0.02 1 0.0001 0.00015 0.32 399 32 1 2.48206e-314 0 0 0 
4.01 -1.20846e-19 -1.46727e-17 0.02 1 0.0001 0.00015 0.32 400 32 1 2.48206e-314 0 0 0 
4.03 -1.10783e-19 -1.34712e-17 0.02 1 0.0001 0.00015 0.32 401 32 1 2.48206e-314 0 0 0 
4.05 -9.4866e-20 -1.15523e-17 0.02 1 0.0001 0.00015 0.32 402 32 1 2.48206e-314 0 0 0 
4.07 -7.71238e-20 -9.37898e-18 0.02 1 0.0001 0.00015 0.32 403 32 1 2.48206e-314 0 0 0 
4.09 -5.73848e-20 -6.97976e-18 0.02 1 0.0001 0.00015 0.32 404 32 1 2.48206e-314 0 0 0 
4.11 -3.7292e-20 -4.54772e-18 0.02 1 0.0001 0.00015 0.32 405 32 1 2.48206e-314 0 0 0 
4.13 -2.01761e-20 -2.47376e-18 0.02 1 0.0001 0.00015 0.32 406 32 1 2.48206e-314 0 0 0 
4.15 -3.8341e-21 -4.76244e-19 0.02 1 0.0001 0.00015 0.32 407 32 1 2.48206e-314 0 0 0 
4.17 7.50869e-21 9.02514e-19 0.02 1 0.0001 0.00015 0.32 408 32 1 2.48206e-314 0 0 0 
4.19 1.29552e-20 1.57103e-18 0.02 1 0.0001 0.00015 0.32 409 32 1 2.48206e-314 0 0 0 
4.21 1.75767e-20 2.13685e-18 0.02 1 0.0001 0.00015 0.32 410 32 1 2.48206e-314 0 0 0 
4.23 1.83182e-20 2.23532e-18 0.02 1 0.0001 0.00015 0.32 411 31 1 2.48206e-314 0 0 0 
4.25 1.75657e-20 2.14342e-18 0.02 1 0.0001 0.00015 0.32 412 31 1 2.48206e-314 0 0 0 
4.27 1.53583e-20 1.87406e-18 0.02 1 0.0001 0.00015 0.32 413 31 1 2.48206e-314 0 0 0 
4.29 1.21391e-20 1.48125e-18 0.02 1 0.0001 0.00015 0.32 414 31 1 2.48206e-314 0 0 0 
4.31 9.71477e-21 1.18542e-18 0.02 1 0.0001 0.00015 0.32 415 31 1 2.48206e-314 0 0 0 
4.33 6.79236e-21 8.28822e-19 0.02 1 0.0001 0.00015 0.32 416 31 1 2.48206e-314 0 0 0 
4.35 5.0396e-21 6.14946e-19 0.02 1 0.0001 0.00015 0.32 417 31 1 2.48206e-314 0 0 0 
4.37 3.51592e-21 4.29022e-19 0.02 1 0.0001 0.00015 0.32 418 31 1 2.48206e-314 0 0 0 
4.39 2.15884e-21 2.63427e-19 0.02 1 0.0001 0.00015 0.32 419 31 1 2.48206e-314 0 0 0 
4.41 1.35014e-21 1.64748e-19 0.02 1 0.0001 0.00015 0.32 420 31 1 2.48206e-314 0 0 0 
4.43 8.08696e-22 9.86793e-20 0.02 1 0.0001 0.00015 0.32 421 31 1 2.48206e-314 0 0 0 
4.45 3.71376e-22 4.53163e-20 0.02 1 0.0001 0.00015 0.32 422 31 1 2.48206e-314 0 0 0 
4.47 1.2842e-22 1.56701e-20 0.02 1 0.0001 0.00015 0.32 423 31 1 2.48206e-314 0 0 0 
4.49 5.03266e-23 6.14099e-21 0.02 1 0.0001 0.00015 0.32 424 31 1 2.48206e-314 0 0 0 
4.51 1.56186e-23 1.90582e-21 0.02 1 0.0001 0.00015 0.32 425 31 1 2.48206e-314 0 0 0 
4.53 6.31335e-38 7.70372e-36 0.02 1 0.0001 0.00015 0.32 426 31 1 2.48206e-314 0 0 0 
4.55 0 0 0.02 1 0.0001 0.00015 0.32 427 31 1 2.48206e-314 0 0 0 
4.57 0 0 0.02 1 0.0001 0.00015 0.32 428 31 1 2.48206e-314 0 0 0 
4.59 0 0 0.02 1 0.0001 0.00015 0.32 429 31 1 2.48206e-314 0 0 0 
4.61 0 0 0.02 1 0.0001 0.00015 0.32 430 31 1 2.48206e-314 0 0 0 
4.63 0 0 0.02 1 0.0001 0.00015 0.32 431 31 1 2.48206e-314 0 0 0 
4.65 0 0 0.02 1 0.0001 0.00015 0.32 432 31 1 2.48206e-314 0 0 0 
4.67 0 0 0.02 1 0.0001 0.00015 0.32 433 31 1 2.48206e-314 0 0 0 
4.69 0 0 0.02 1 0.0001 0.00015 0.32 434 31 1 2.48206e-314 0 0 0 
4.71 0 0 0.02 1 0.0001 0.00015 0.32 435 31 1 2.48206e-314 0 0 0 
4.73 0 0 0.02 1 0.0001 0.00015 0.32 436 31 1 2.48206e-314 0 0 0 
4.75 0 0 0.02 1 0.0001 0.00015 0.32 437 31 1 2.48206e-314 0 0 0 
4.77 0 0 0.02 1 0.0001 0.00015 0.32 438 31 1 2.48206e-314 0 0 0 
4.79 0 0 0.02 1 0.0001 0.00015 0.32 439 31 1 2.48206e-314 0 0 0 
4.81 0 0 0.02 1 0.0001 0.00015 0.32 440 31 1 2.48206e-314 0 0 0 
4.83 0 0 0.02 1 0.0001 0.00015 0.32 441 31 1 2.48206e-314 0 0 0 
4.85 0 0 0.02 1 0.0001 0.00015 0.32 442 31 1 2.48206e-314 0 0 0 
4.87 0 0 0.02 1 0.0001 0.00015 0.32 443 31 1 2.48206e-314 0 0 0 
4.89 0 0 0.02 1 0.0001 0.00015 0.32 444 31 1 2.48206e-314 0 0 0 
4.91 0 0 0.02 1 0.0001 0.00015 0.32 445 31 1 2.48206e-314 0 0 0 
4.93 0 0 0.02 1 0.0001 0.00015 0.32 446 31 1 2.48206e-314 0 0 0 
4.95 0 0 0.02 1 0.0001 0.00015 0.32 447 31 1 2.48206e-314 0 0 0 
4.97 0 0 0.02 1 0.0001 0.00015 0.32 448 31 1 2.48206e-314 0 0 0 
4.99 0 0 0.02 1 0.0001 0.00015 0.32 449 31 1 2.48206e-314 0 0 0 
5.01 0 0 0.02 1 0.0001 0.00015 0.32 450 31 1 2.48206e-314 0 0 0 
5.03 0 0 0.02 1 0.0001 0.00015 0.32 451 31 1 2.48206e-314 0 0 0 
5.05 0 0 0.02 1 0.0001 0.00015 0.32 452 31 1 2.48206e-314 0 0 0 
5.07 0 0 0.02 1 0.0001 0.00015 0.32 453 31 1 2.48206e-314 0 0 0 
5.09 0 0 0.02 1 0.0001 0.00015 0.32 454 31 1 2.48206e-314 0 0 0 
5.11 0 0 0.02 1 0.0001 0.00015 0.32 455 31 1 2.48206e-314 0 0 0 
5.13 0 0 0.02 1 0.0001 0.00015 0.32 456 31 1 2.48206e-314 0 0 0 
5.15 0 0 0.02 1 0.0001 0.00015 0.32 457 31 1 2.48206e-314 0 0 0 
5.17 0 0 0.02 1 0.0001 0.00015 0.32 458 31 1 2.48206e-314 0 0 0 
5.19 0 0 0.02 1 0.0001 0.00015 0.32 459 31 1 2.48206e-314 0 0 0 
5.21 0 0 0.02 1 0.0001 0.00015 0.32 460 31 1 2.48206e-314 0 0 0 
5.23 0 0 0.02 1 0.0001 0.00015 0.32 461 31 1 2.48206e-314 0 0 0 
5.25 0 0 0.02 1 0.0001 0.00015 0.32 462 31 1 2.48206e-314 0 0 0 
5.27 0 0 0.02 1 0.0001 0.00015 0.32 463 31 1 2.48206e-314 0 0 0 
5.29 0 0 0.02 1 0.0001 0.00015 0.32 464 31 1 2.48206e-314 0 0 0 
5.31 0 0 0.02 1 0.0001 0.00015 0.32 465 31 1 2.48206e-314 0 0 0 
5.33 0 0 0.02 1 0.0001 0.00015 0.32 466 31 1 2.48206e-314 0 0 0 
5.35 0 0 0.02 1 0.0001 0.00015 0.32 467 31 1 2.48206e-314 0 0 0 
5.37 0 0 0.02 1 0.0001 0.00015 0.32 468 31 1 2.48206e-314 0 0 0 
5.39 0 0 0.02 1 0.0001 0.00015 0.32 469 31 1 2.48206e-314 0 0 0 
5.41 0 0 0.02 1 0.0001 0.00015 0.32 470 31 1 2.48206e-314 0 0 0 
5.43 0 0 0.02 1 0.0001 0.00015 0.32 471 31 1 2.48206e-314 0 0 0 
5.45 0 0 0.02 1 0.0001 0.00015 0.32 472 31 1 2.48206e-314 0 0 0 
5.47 0 0 0.02 1 0.0001 0.00015 0.32 473 31 1 2.48206e-314 0 0 0 
5.49 0 0 0.02 1 0.0001 0.00015 0.32 474 31 1 2.48206e-314 0 0 0 
5.51 0 0 0.02 1 0.0001 0.00015 0.32 475 31 1 2.48206e-314 0 0 0 
5.53 0 0 0.02 1 0.0001 0.00015 0.32 476 31 1 2.48206e-314 0 0 0 
5.55 0 0 0.02 1 0.0001 0.00015 0.32 477 31 1 2.48206e-314 0 0 0 
5.57 0 0 0.02 1 0.0001 0.00015 0.32 478 31 1 2.48206e-314 0 0 0 
5.59 0 0 0.02 1 0.0001 0.00015 0.32 479 31 1 2.48206e-314 0 0 0 
5.61 0 0 0.02 1 0.0001 0.00015 0.32 480 31 1 2.48206e-314 0 0 0 
5.63 0 0 0.02 1 0.0001 0.00015 0.32 481 31 1 2.48206e-314 0 0 0 
5.65 0 0 0.02 1 0.0001 0.00015 0.32 482 31 1 2.48206e-314 0 0 0 
5.67 0 0 0.02 1 0.0001 0.00015 0.32 483 31 1 2.48206e-314 0 0 0 
5.69 0 0 0.02 1 0.0001 0.00015 0.32 484 31 1 2.48206e-314 0 0 0 
5.71 0 0 0.02 1 0.0001 0.00015 0.32 485 31 1 2.48206e-314 0 0 0 
5.73 0 0 0.02 1 0.0001 0.00015 0.32 486 31 1 2.48206e-314 0 0 0 
5.75 0 0 0.02 1 0.0001 0.00015 0.32 487 31 1 2.48206e-314 0 0 0 
5.77 0 0 0.02 1 0.0001 0.00015 0.32 488 31 1 2.48206e-314 0 0 0 
5.79 0 0 0.02 1 0.0001 0.00015 0.32 489 31 1 2.48206e-314 0 0 0 
5.81 0 0 0.02 1 0.0001 0.00015 0.32 490 31 1 2.48206e-314 0 0 0 
5.83 0 0 0.02 1 0.0001 0.00015 0.32 491 31 1 2.48206e-314 0 0 0 
5.85 0 0 0.02 1 0.0001 0.00015 0.32 492 31 1 2.48206e-314 0 0 0 
5.87 0 0 0.02 1 0.0001 0.00015 0.32 493 31 1 2.48206e-314 0 0 0 
5.89 0 0 0.02 1 0.0001 0.00015 0.32 494 31 1 2.48206e-314 0 0 0 
5.91 0 0 0.02 1 0.0001 0.00015 0.32 495 31 1 2.48206e-314 0 0 0 
5.93 0 0 0.02 1 0.0001 0.00015 0.32 496 31 1 2.48206e-314 0 0 0 
5.95 0 0 0.02 1 0.0001 0.00015 0.32 497 31 1 2.48206e-314 0 0 0 
5.97 0 0 0.02 1 0.0001 0.00015 0.32 498 31 1 2.48206e-314 0 0 0 
5.99 0 0 0.02 1 0.0001 0.00015 0.32 499 31 1 2.48206e-314 0 0 0 
6.01 0 0 0.02 1 0.0001 0.00015 0.32 500 31 1 2.48206e-314 0 0 0 
6.03 0 0 0.02 1 0.0001 0.00015 0.32 501 31 1 2.48206e-314 0 0 0 
6.05 0 0 0.02 1 0.0001 0.00015 0.32 502 31 1 2.48206e-314 0 0 0 
6.07 0 0 0.02 1 0.0001 0.00015 0.32 503 31 1 2.48206e-314 0 0 0 
6.09 0 0 0.02 1 0.0001 0.00015 0.32 504 31 1 2.48206e-314 0 0 0 
6.11 0 0 0.02 1 0.0001 0.00015 0.32 505 31 1 2.48206e-314 0 0 0 
6.13 0 0 0.02 1 0.0001 0.00015 0.32 506 31 1 2.48206e-314 0 0 0 
6.15 0 0 0.02 1 0.0001 0.00015 0.32 507 31 1 2.48206e-314 0 0 0 
6.17 0 0 0.02 1 0.0001 0.00015 0.32 508 31 1 2.48206e-314 0 0 0 
6.19 0 0 0.02 1 0.0001 0.00015 0.32 509 31 1 2.48206e-314 0 0 0 
6.21 0 0 0.02 1 0.0001 0.00015 0.32 510 31 1 2.48206e-314 0 0 0 
6.23 0 0 0.02 1 0.0001 0.00015 0.32 511 31 1 2.48206e-314 0 0 0 
6.25 0 0 0.02 1 0.0001 0.00015 0.32 512 31 1 2.48206e-314 0 0 0 
6.27 0 0 0.02 1 0.0001 0.00015 0.32 513 31 1 2.48206e-314 0 0 0 
6.29 0 0 0.02 1 0.0001 0.00015 0.32 514 31 1 2.48206e-314 0 0 0 
6.31 0 0 0.02 1 0.0001 0.00015 0.32 515 31 1 2.48206e-314 0 0 0 
6.33 0 0 0.02 1 0.0001 0.00015 0.32 516 31 1 2.48206e-314 0 0 0 
6.35 0 0 0.02 1 0.0001 0.00015 0.32 517 31 1 2.48206e-314 0 0 0 
6.37 0 0 0.02 1 0.0001 0.00015 0.32 518 31 1 2.48206e-314 0 0 0 
6.39 0 0 0.02 1 0.0001 0.00015 0.32 519 31 1 2.48206e-314 0 0 0 
6.41 0 0 0.02 1 0.0001 0.00015 0.32 520 31 1 2.48206e-314 0 0 0 
6.43 0 0 0.02 1 0.0001 0.00015 0.32 521 31 1 2.48206e-314 0 0 0 
6.45 0 0 0.02 1 0.0001 0.00015 0.32 522 31 1 2.48206e-314 0 0 0 
6.47 0 0 0.02 1 0.0001 0.00015 0.32 523 31 1 2.48206e-314 0 0 0 
6.49 0 0 0.02 1 0.0001 0.00015 0.32 524 31 1 2.48206e-314 0 0 0 
6.51 0 0 0.02 1 0.0001 0.00015 0.32 525 31 1 2.48206e-314 0 0 0 
6.53 0 0 0.02 1 0.0001 0.00015 0.32 526 31 1 2.48206e-314 0 0 0 
6.55 0 0 0.02 1 0.0001 0.00015 0.32 527 31 1 2.48206e-314 0 0 0 
6.57 0 0 0.02 1 0.0001 0.00015 0.32 528 31 1 2.48206e-314 0 0 0 
6.59 0 0 0.02 1 0.0001 0.00015 0.32 529 31 1 2.48206e-314 0 0 0 
6.61 0 0 0.02 1 0.0001 0.00015 0.32 530 31 1 2.48206e-314 0 0 0 
6.63 0 0 0.02 1 0.0001 0.00015 0.32 531 31 1 2.48206e-314 0 0 0 
6.65 0 0 0.02 1 0.0001 0.00015 0.32 532 31 1 2.48206e-314 0 0 0 
6.67 0 0 0.02 1 0.0001 0.00015 0.32 533 31 1 2.48206e-314 0 0 0 
6.69 0 0 0.02 1 0.0001 0.00015 0.32 534 31 1 2.48206e-314 0 0 0 
6.71 0 0 0.02 1 0.0001 0.00015 0.32 535 31 1 2.48206e-314 0 0 0 
6.73 0 0 0.02 1 0.0001 0.00015 0.32 536 31 1 2.48206e-314 0 0 0 
6.75 0 0 0.02 1 0.0001 0.00015 0.32 537 31 1 2.48206e-314 0 0 0 
6.77 0 0 0.02 1 0.0001 0.00015 0.32 538 31 1 2.48206e-314 0 0 0 
6.79 0 0 0.02 1 0.0001 0.00015 0.32 539 31 1 2.48206e-314 0 0 0 
6.81 0 0 0.02 1 0.0001 0.00015 0.32 540 31 1 2.48206e-314 0 0 0 
6.83 0 0 0.02 1 0.0001 0.00015 0.32 541 31 1 2.48206e-314 0 0 0 
6.85 0 0 0.02 1 0.0001 0.00015 0.32 542 31 1 2.48206e-314 0 0 0 
6.87 0 0 0.02 1 0.0001 0.00015 0.32 543 31 1 2.48206e-314 0 0 0 
6.89 0 0 0.02 1 0.0001 0.00015 0.32 544 31 1 2.48206e-314 0 0 0 
6.91 0 0 0.02 1 0.0001 0.00015 0.32 545 31 1 2.48206e-314 0 0 0 
6.93 0 0 0.02 1 0.0001 0.00015 0.32 546 31 1 2.48206e-314 0 0 0 
6.95 0 0 0.02 1 0.0001 0.00015 0.32 547 31 1 2.48206e-314 0 0 0 
6.97 0 0 0.02 1 0.0001 0.00015 0.32 548 31 1 2.48206e-314 0 0 0 
6.99 0 0 0.02 1 0.0001 0.00015 0.32 549 31 1 2.48206e-314 0 0 0 
7.01 0 0 0.02 1 0.0001 0.00015 0.32 550 31 1 2.48206e-314 0 0 0 
7.03 0 0 0.02 1 0.0001 0.00015 0.32 551 31 1 2.48206e-314 0 0 0 
7.05 0 0 0.02 1 0.0001 0.00015 0.32 552 31 1 2.48206e-314 0 0 0 
7.07 0 0 0.02 1 0.0001 0.00015 0.32 553 31 1 2.48206e-314 0 0 0 
7.09 0 0 0.02 1 0.0001 0.00015 0.32 554 31 1 2.48206e-314 0 0 0 
7.11 0 0 0.02 1 0.0001 0.00015 0.32 555 31 1 2.48206e-314 0 0 0 
7.13 0 0 0.02 1 0.0001 0.00015 0.32 556 31 1 2.48206e-314 0 0 0 
7.15 0 0 0.02 1 0.0001 0.00015 0.32 557 31 1 2.48206e-314 0 0 0 
7.17 0 0 0.02 1 0.0001 0.00015 0.32 558 31 1 2.48206e-314 0 0 0 
7.19 0 0 0.02 1 0.0001 0.00015 0.32 559 31 1 2.48206e-314 0 0 0 
7.21 0 0 0.02 1 0.0001 0.00015 0.32 560 31 1 2.48206e-314 0 0 0 
7.23 0 0 0.02 1 0.0001 0.00015 0.32 561 31 1 2.48206e-314 0 0 0 
7.25 0 0 0.02 1 0.0001 0.00015 0.32 562 31 1 2.48206e-314 0 0 0 
7.27 0 0 0.02 1 0.0001 0.00015 0.32 563 31 1 2.48206e-314 0 0 0 
7.29 0 0 0.02 1 0.0001 0.00015 0.32 564 31 1 2.48206e-314 0 0 0 
7.31 0 0 0.02 1 0.0001 0.00015 0.32 565 31 1 2.48206e-314 0 0 0 
7.33 0 0 0.02 1 0.0001 0.00015 0.32 566 31 1 2.48206e-314 0 0 0 
7.35 0 0 0.02 1 0.0001 0.00015 0.32 567 31 1 2.48206e-314 0 0 0 
7.37 0 0 0.02 1 0.0001 0.00015 0.32 568 31 1 2.48206e-314 0 0 0 
7.39 -3.94584e-37 -4.81482e-35 0.02 1 0.0001 0.00015 0.32 569 31 1 2.48206e-314 0 0 0 
7.41 -6.59452e-23 -8.04681e-21 0.02 1 0.0001 0.00015 0.32 570 31 1 2.48206e-314 0 0 0 
7.43 -4.755e-22 -5.80218e-20 0.02 1 0.0001 0.00015 0.32 571 31 1 2.48206e-314 0 0 0 
7.45 -1.81176e-21 -2.21076e-19 0.02 1 0.0001 0.00015 0.32 572 31 1 2.48206e-314 0 0 0 
7.47 -5.05001e-21 -6.16216e-19 0.02 1 0.0001 0.00015 0.32 573 31 1 2.48206e-314 0 0 0 
7.49 -1.13981e-20 -1.39083e-18 0.02 1 0.0001 0.00015 0.32 574 31 1 2.48206e-314 0 0 0 
7.51 -2.30322e-20 -2.81046e-18 0.02 1 0.0001 0.00015 0.32 575 31 1 2.48206e-314 0 0 0 
7.53 -4.1985e-20 -5.12286e-18 0.02 1 0.0001 0.00015 0.32 576 31 1 2.48206e-314 0 0 0 
7.55 -7.06996e-20 -8.62618e-18 0.02 1 0.0001 0.00015 0.32 577 31 1 2.48206e-314 0 0 0 
7.57 -1.12281e-19 -1.36976e-17 0.02 1 0.0001 0.00015 0.32 578 31 1 2.48206e-314 0 0 0 
7.59 -1.67266e-19 -2.04093e-17 0.02 1 0.0001 0.00015 0.32 579 31 1 2.48206e-314 0 0 0 
7.61 -2.36367e-19 -2.88343e-17 0.02 1 0.0001 0.00015 0.32 580 31 1 2.48206e-314 0 0 0 
7.63 -3.16796e-19 -3.8651e-17 0.02 1 0.0001 0.00015 0.32 581 31 1 2.48206e-314 0 0 0 
7.65 -4.05187e-19 -4.94223e-17 0.02 1 0.0001 0.00015 0.32 582 31 1 2.48206e-314 0 0 0 
7.67 -4.94207e-19 -6.02823e-17 0.02 1 0.0001 0.00015 0.32 583 31 1 2.48206e-314 0 0 0 
7.69 -5.74362e-19 -6.99781e-17 0.02 1 0.0001 0.00015 0.32 584 31 1 2.48206e-314 0 0 0 
7.71 -5.55109e-19 -6.76051e-17 0.02 1 0.0001 0.00015 0.32 585 32 1 2.48206e-314 0 0 0 
7.73 -4.24597e-19 -5.17361e-17 0.02 1 0.0001 0.00015 0.32 586 32 1 2.48206e-314 0 0 0 
7.75 -1.7193e-19 -2.08811e-17 0.02 1 0.0001 0.00015 0.32 587 32 1 2.48206e-314 0 0 0 
7.77 2.06221e-19 2.51838e-17 0.02 1 0.0001 0.00015 0.32 588 32 1 2.48206e-314 0 0 0 
7.79 7.08931e-19 8.64907e-17 0.02 1 0.0001 0.00015 0.32 589 32 1 2.48206e-314 0 0 0 
7.81 1.33053e-18 1.62375e-16 0.02 1 0.0001 0.00015 0.32 590 32 1 2.48206e-314 0 0 0 
7.83 2.06141e-18 2.5148e-16 0.02 1 0.0001 0.00015 0.32 591 32 1 2.48206e-314 0 0 0 
7.85 2.88592e-18 3.5205e-16 0.02 1 0.0001 0.00015 0.32 592 32 1 2.48206e-314 0 0 0 
7.87 3.45813e-18 4.21876e-16 0.02 1 0.0001 0.00015 0.32 593 32 1 2.48206e-314 0 0 0 
7.89 3.75833e-18 4.58483e-16 0.02 1 0.0001 0.00015 0.32 594 32 1 2.48206e-314 0 0 0 
7.91 3.76827e-18 4.59617e-16 0.02 1 0.0001 0.00015 0.32 595 32 1 2.48206e-314 0 0 0 
7.93 3.47915e-18 4.24492e-16 0.02 1 0.0001 0.00015 0.32 596 32 1 2.48206e-314 0 0 0 
7.95 2.89123e-18 3.52711e-16 0.02 1 0.0001 0.00015 0.32 597 33 1 2.48206e-314 0 0 0 
7.97 2.01187e-18 2.45493e-16 0.02 1 0.0001 0.00015 0.32 598 33 1 2.48206e-314 0 0 0 
7.99 8.45577e-19 1.03198e-16 0.02 1 0.0001 0.00015 0.32 599 33 1 2.48206e-314 0 0 0 
-4.01 0 -3.81621e-07 0.02 1 10000 15000 0.32 600 32 1 3.03136e-314 0 0 0 
-4.03 0 5.06339 0.02 1 10000 15000 0.32 601 32 1 3.03136e-314 0 0 0 
-4.05 0 31.7263 0.02 1 10000 15000 0.32 602 32 1 3.03136e-314 0 0 0 
-4.07 0 96.8767 0.02 1 10000 15000 0.32 603 32 1 3.03136e-314 0 0 0 
-4.09 0 220.229 0.02 1 10000 15000 0.32 604 32 1 3.03136e-314 0 0 0 
-4.11 0 434.936 0.02 1 10000 15000 0.32 605 32 1 3.03136e-314 0 0 0 
-4.13 0 784.431 0.02 1 10000 15000 0.32 606 32 1 3.03136e-314 0 0 0 
-4.15 0 1344.36 0.02 1 10000 15000 0.32 607 32 1 3.03136e-314 0 0 0 
-4.17 0 2290.56 0.02 1 10000 15000 0.32 608 32 1 3.03136e-314 0 0 0 
-4.19 0 3616.93 0.02 1 10000 15000 0.32 609 32 1 3.03136e-314 0 0 0 
-4.21 0 5195.72 0.02 1 10000 15000 0.32 610 32 1 3.03136e-314 0 0 0 
-4.23 0 6894.75 0.02 1 10000 15000 0.32 611 32 1 3.03136e-314 0 0 0 
-4.25 0 8575.01 0.02 1 10000 15000 0.32 612 32 1 3.03136e-314 0 0 0 
-4.27 0 10087.8 0.02 1 10000 15000 0.32 613 32 1 3.03136e-314 0 0 0 
-4.29 0 11271.5 0.02 1 10000 15000 0.32 614 32 1 3.03136e-314 0 0 0 
-4.31 0 11945.9 0.02 1 10000 15000 0.32 615 32 1 3.03136e-314 0 0 0 
-4.33 0 11898.3 0.02 1 10000 15000 0.32 616 31 1 3.03136e-314 0 0 0 
-4.35 0 10568.1 0.02 0.999959 9999.59 15000 0.320013 617 31 1 3.03136e-314 0 0 0 
-4.37 0 7252.03 0.02 0.999631 9996.31 15000 0.320118 618 30 1 3.03136e-314 0 0 0 
-4.39 0 2132.63 0.02 0.998503 9985.03 15000 0.32048 619 29 1 3.03136e-314 0 0 0 
-4.41 0 -4512.16 0.02 0.995748 9957.48 15000 0.321366 620 28 1 3.03136e-314 0 0 0 
-4.43 0 -12400.6 0.02 0.990126 9901.26 15000 0.323191 621 27 1 3.03136e-314 0 0 0 
-4.45 0 -21257.3 0.02 0.979822 9798.22 15000 0.32659 622 26 1 3.03136e-314 0 0 0 
-4.47 0 -30832.5 0.02 0.962228 9622.28 15000 0.332561 623 25 1 3.03136e-314 0 0 0 
-4.49 0 -40888 0.02 0.933731 9337.31 15000 0.342711 624 25 1 3.03136e-314 0 0 0 
-4.51 0 -50859.8 0.02 0.890771 8907.71 15000 0.359239 625 24 1 3.03136e-314 0 0 0 
-4.53 0 -59973.5 0.02 0.832895 8328.95 15000 0.384202 626 25 1 3.03136e-314 0 0 0 
-4.55 0 -67510.9 0.02 0.764751 7647.51 15000 0.418437 627 25 1 3.03136e-314 0 0 0 
-4.57 0 -73025.8 0.02 0.6944 6944 15000 0.460829 628 27 1 3.03136e-314 0 0 0 
-4.59 0 -76508.9 0.02 0.62873 6287.3 15000 0.508962 629 28 1 3.03136e-314 0 0 0 
-4.61 0 -78250 0.02 0.571028 5710.28 15000 0.560393 630 30 1 3.03136e-314 0 0 0 
-4.63 0 -78627.5 0.02 0.521739 5217.39 15000 0.613333 631 31 1 3.03136e-314 0 0 0 
8.01 0 -7.16327e-17 0.02 1 0.0001 0.00015 0.32 632 33 1 3.03136e-314 0 0 0 
8.03 0 -5.06339e-08 0.02 1 0.0001 0.00015 0.32 633 33 1 3.03136e-314 0 0 0 
8.05 0 -3.17263e-07 0.02 1 0.0001 0.00015 0.32 634 33 1 3.03136e-314 0 0 0 
8.07 0 -9.68767e-07 0.02 1 0.0001 0.00015 0.32 635 33 1 3.03136e-314 0 0 0 
8.09 0 -2.20229e-06 0.02 1 0.0001 0.00015 0.32 636 32 1 3.03136e-314 0 0 0 
8.11 0 -4.34936e-06 0.02 1 0.0001 0.00015 0.32 637 32 1 3.03136e-314 0 0 0 
8.13 0 -7.84431e-06 0.02 1 0.0001 0.00015 0.32 638 32 1 3.03136e-314 0 0 0 
8.15 0 -1.34436e-05 0.02 1 0.0001 0.00015 0.32 639 32 1 3.03136e-314 0 0 0 
8.17 0 -2.29056e-05 0.02 1 0.0001 0.00015 0.32 640 32 1 3.03136e-314 0 0 0 
8.19 0 -3.61693e-05 0.02 1 0.0001 0.00015 0.32 641 32 1 3.03136e-314 0 0 0 
8.21 0 -5.19572e-05 0.02 1 0.0001 0.00015 0.32 642 32 1 3.03136e-314 0 0 0 
8.23 0 -6.89475e-05 0.02 1 0.0001 0.00015 0.32 643 32 1 3.03136e-314 0 0 0 
8.25 0 -8.57501e-05 0.02 1 0.0001 0.00015 0.32 644 32 1 3.03136e-314 0 0 0 
8.27 0 -0.000100878 0.02 1 0.0001 0.00015 0.32 645 32 1 3.03136e-314 0 0 0 
8.29 0 -0.000112715 0.02 1 0.0001 0.00015 0.32 646 31 1 3.03136e-314 0 0 0 
8.31 0 -0.000119459 0.02 1 0.0001 0.00015 0.32 647 31 1 3.03136e-314 0 0 0 
8.33 0 -0.000118983 0.02 1 0.0001 0.00015 0.32 648 31 1 3.03136e-314 0 0 0 
8.35 0 -0.000105681 0.02 0.999959 9.99959e-05 0.00015 0.320013 649 31 1 3.03136e-314 0 0 0 
8.37 0 -7.25203e-05 0.02 0.999631 9.99631e-05 0.00015 0.320118 650 30 1 3.03136e-314 0 0 0 
8.39 0 -2.13263e-05 0.02 0.998503 9.98503e-05 0.00015 0.32048 651 29 1 3.03136e-314 0 0 0 
8.41 0 4.51216e-05 0.02 0.995748 9.95748e-05 0.00015 0.321366 652 28 1 3.03136e-314 0 0 0 
8.43 0 0.000124006 0.02 0.990126 9.90126e-05 0.00015 0.323191 653 27 1 3.03136e-314 0 0 0 
8.45 0 0.000212573 0.02 0.979822 9.79822e-05 0.00015 0.32659 654 26 1 3.03136e-314 0 0 0 
8.47 0 0.000308325 0.02 0.962228 9.62228e-05 0.00015 0.332561 655 25 1 3.03136e-314 0 0 0 
8.49 0 0.00040888 0.02 0.933731 9.33731e-05 0.00015 0.342711 656 25 1 3.03136e-314 0 0 0 
8.51 0 0.000508598 0.02 0.890771 8.90771e-05 0.00015 0.359239 657 24 1 3.03136e-314 0 0 0 
8.53 0 0.000599735 0.02 0.832895 8.32895e-05 0.00015 0.384202 658 25 1 3.03136e-314 0 0 0 
8.55 0 0.000675109 0.02 0.764751 7.64751e-05 0.00015 0.418437 659 25 1 3.03136e-314 0 0 0 
8.57 0 0.000730258 0.02 0.6944 6.944e-05 0.00015 0.460829 660 27 1 3.03136e-314 0 0 0 
8.59 0 0.000765089 0.02 0.62873 6.2873e-05 0.00015 0.508962 661 28 1 3.03136e-314 0 0 0 
8.61 0 0.0007825 0.02 0.571028 5.71028e-05 0.00015 0.560393 662 30 1 3.03136e-314 0 0 0 
8.63 0 0.000786275 0.02 0.521739 5.21739e-05 0.00015 0.613333 663 31 1 3.03136e-314 0 0 0 
