# Time [s]: 0.0139457
# Columns: pos [m], vel [m/s], acc [m/s^2], mass [kg], dens [kg/m^3], pres [Pa], ene [J/kg], sml [m], id, neighbor, alpha, gradh, ...additional?
# Additional arrays: grad_velocity_0(vector) grad_pressure(vector) grad_density(vector) 
-3.99 -3.69623e-07 0.0133144 0.02 1 10000 15000 0.32 0 32 1 2.48207e-314 0 0 0 
-3.97 1.11587e-06 0.0187256 0.02 1 10000 15000 0.32 1 32 1 2.48207e-314 0 0 0 
-3.95 3.08494e-06 0.0255035 0.02 1 10000 15000 0.32 2 32 1 2.48207e-314 0 0 0 
-3.93 5.69925e-06 0.0339957 0.02 1 10000 15000 0.32 3 32 1 2.48207e-314 0 0 0 
-3.91 9.15851e-06 0.0446167 0.02 1 10000 15000 0.32 4 32 1 2.48207e-314 0 0 0 
-3.89 1.37087e-05 0.0578603 0.02 1 10000 15000 0.32 5 32 1 2.48207e-314 0 0 0 
-3.87 1.96516e-05 0.0743127 0.02 1 10000 15000 0.32 6 32 1 2.48207e-314 0 0 0 
-3.85 2.73558e-05 0.0946687 0.02 1 9999.99 15000 0.32 7 32 1 2.48207e-314 0 0 0 
-3.83 3.7269e-05 0.119749 0.02 1 9999.99 15000 0.32 8 32 1 2.48207e-314 0 0 0 
-3.81 5.00076e-05 0.150598 0.02 1 9999.99 15000 0.32 9 32 1 2.48207e-314 0 0 0 
-3.79 6.6224e-05 0.188338 0.02 0.999999 9999.99 15000 0.32 10 32 1 2.48207e-314 0 0 0 
-3.77 8.67036e-05 0.234287 0.02 0.999999 9999.99 15000 0.32 11 32 1 2.48207e-314 0 0 0 
-3.75 0.000112388 0.289986 0.02 0.999999 9999.98 15000 0.32 12 32 1 2.48207e-314 0 0 0 
-3.73 0.000144403 0.357233 0.02 0.999999 9999.98 15000 0.32 13 32 1 2.48207e-314 0 0 0 
-3.71 0.000184087 0.438115 0.02 0.999999 9999.97 15000 0.32 14 32 1 2.48207e-314 0 0 0 
-3.69 0.000233028 0.535049 0.02 0.999998 9999.96 15000 0.320001 15 32 1 2.48207e-314 0 0 0 
-3.67 0.000293103 0.650825 0.02 0.999998 9999.95 15000 0.320001 16 32 1 2.48207e-314 0 0 0 
-3.65 0.000366508 0.788637 0.02 0.999997 9999.94 15000 0.320001 17 32 1 2.48207e-314 0 0 0 
-3.63 0.000455844 0.952173 0.02 0.999997 9999.93 14999.9 0.320001 18 32 1 2.48207e-314 0 0 0 
-3.61 0.00056416 1.14565 0.02 0.999996 9999.91 14999.9 0.320001 19 32 1 2.48207e-314 0 0 0 
-3.59 0.000695017 1.37389 0.02 0.999995 9999.9 14999.9 0.320002 20 32 1 2.48207e-314 0 0 0 
-3.57 0.000852563 1.64237 0.02 0.999994 9999.87 14999.9 0.320002 21 32 1 2.48207e-314 0 0 0 
-3.55 0.00104162 1.95731 0.02 0.999993 9999.85 14999.9 0.320002 22 32 1 2.48207e-314 0 0 0 
-3.53 0.00126778 2.32573 0.02 0.999991 9999.81 14999.8 0.320003 23 32 1 2.48207e-314 0 0 0 
-3.51 0.00153749 2.75558 0.02 0.999989 9999.78 14999.8 0.320003 24 32 1 2.48207e-314 0 0 0 
-3.49 0.0018582 3.2558 0.02 0.999987 9999.73 14999.8 0.320004 25 32 1 2.48207e-314 0 0 0 
-3.47 0.00223848 3.83639 0.02 0.999984 9999.68 14999.7 0.320005 26 32 1 2.48207e-314 0 0 0 
-3.45 0.00268813 4.5086 0.02 0.999981 9999.62 14999.7 0.320006 27 32 1 2.48207e-314 0 0 0 
-3.43 0.00321839 5.28494 0.02 0.999978 9999.54 14999.6 0.320007 28 32 1 2.48207e-314 0 0 0 
-3.41 0.00384207 6.17934 0.02 0.999973 9999.46 14999.6 0.320009 29 32 1 2.48207e-314 0 0 0 
-3.39 0.00457377 7.20729 0.02 0.999968 9999.36 14999.5 0.32001 30 32 1 2.48207e-314 0 0 0 
-3.37 0.00543004 8.38588 0.02 0.999963 9999.24 14999.4 0.320012 31 32 1 2.48207e-314 0 0 0 
-3.35 0.00642964 9.73402 0.02 0.999956 9999.11 14999.3 0.320014 32 32 1 2.48207e-314 0 0 0 
-3.33 0.00759377 11.2725 0.02 0.999948 9998.95 14999.2 0.320017 33 32 1 2.48207e-314 0 0 0 
-3.30999 0.00894632 13.0241 0.02 0.999939 9998.77 14999 0.32002 34 32 1 2.48207e-314 0 0 0 
-3.28999 0.0105141 15.0137 0.02 0.999928 9998.56 14998.9 0.320023 35 32 1 2.48207e-314 0 0 0 
-3.26999 0.0123273 17.2686 0.02 0.999916 9998.32 14998.7 0.320027 36 32 1 2.48207e-314 0 0 0 
-3.24999 0.0144196 19.8182 0.02 0.999902 9998.05 14998.5 0.320031 37 32 1 2.48207e-314 0 0 0 
-3.22999 0.0168286 22.6947 0.02 0.999886 9997.73 14998.3 0.320036 38 32 1 2.48207e-314 0 0 0 
-3.20999 0.0195962 25.9326 0.02 0.999868 9997.37 14998 0.320042 39 32 1 2.48207e-314 0 0 0 
-3.18999 0.0227688 29.5692 0.02 0.999846 9996.95 14997.7 0.320049 40 32 1 2.48207e-314 0 0 0 
-3.16998 0.026398 33.6443 0.02 0.999822 9996.48 14997.3 0.320057 41 32 1 2.48207e-314 0 0 0 
-3.14998 0.0305407 38.2009 0.02 0.999794 9995.94 14996.9 0.320066 42 32 1 2.48207e-314 0 0 0 
-3.12998 0.0352597 43.2843 0.02 0.999763 9995.33 14996.5 0.320076 43 32 1 2.48207e-314 0 0 0 
-3.10997 0.040624 48.943 0.02 0.999727 9994.63 14995.9 0.320087 44 32 1 2.48207e-314 0 0 0 
-3.08997 0.0467092 55.2281 0.02 0.999687 9993.85 14995.4 0.3201 45 32 1 2.48207e-314 0 0 0 
-3.06996 0.0535982 62.1935 0.02 0.999641 9992.96 14994.7 0.320115 46 32 1 2.48207e-314 0 0 0 
-3.04995 0.0613813 69.8959 0.02 0.999589 9991.96 14994 0.320132 47 32 1 2.48207e-314 0 0 0 
-3.02995 0.070157 78.3944 0.02 0.999531 9990.84 14993.1 0.32015 48 32 1 2.48207e-314 0 0 0 
-3.00994 0.0800321 87.7505 0.02 0.999465 9989.57 14992.2 0.320171 49 32 1 2.48207e-314 0 0 0 
-2.98993 0.0911222 98.0282 0.02 0.999391 9988.16 14991.2 0.320195 50 32 1 2.48207e-314 0 0 0 
-2.96992 0.103552 109.293 0.02 0.999309 9986.57 14990 0.320221 51 32 1 2.48207e-314 0 0 0 
-2.94991 0.117457 121.613 0.02 0.999216 9984.81 14988.8 0.320251 52 32 1 2.48207e-314 0 0 0 
-2.92989 0.132981 135.057 0.02 0.999113 9982.84 14987.3 0.320284 53 32 1 2.48207e-314 0 0 0 
-2.90987 0.15028 149.694 0.02 0.998998 9980.65 14985.8 0.320321 54 32 1 2.48207e-314 0 0 0 
-2.88986 0.169518 165.596 0.02 0.99887 9978.22 14984 0.320362 55 32 1 2.48207e-314 0 0 0 
-2.86984 0.190873 182.834 0.02 0.998728 9975.52 14982.1 0.320408 56 32 1 2.48207e-314 0 0 0 
-2.84981 0.214533 201.478 0.02 0.998571 9972.55 14979.9 0.320458 57 32 1 2.48207e-314 0 0 0 
-2.82978 0.240696 221.598 0.02 0.998397 9969.26 14977.6 0.320514 58 32 1 2.48207e-314 0 0 0 
-2.80975 0.269572 243.262 0.02 0.998204 9965.63 14975 0.320576 59 32 1 2.48207e-314 0 0 0 
-2.78972 0.301383 266.538 0.02 0.997992 9961.65 14972.2 0.320644 60 32 1 2.48207e-314 0 0 0 
-2.76968 0.336363 291.489 0.02 0.997759 9957.27 14969.1 0.320719 61 32 1 2.48207e-314 0 0 0 
-2.74964 0.374756 318.176 0.02 0.997503 9952.48 14965.7 0.320801 62 32 1 2.48207e-314 0 0 0 
-2.72959 0.416816 346.657 0.02 0.997222 9947.23 14962 0.320891 63 32 1 2.48207e-314 0 0 0 
-2.70954 0.462809 376.983 0.02 0.996915 9941.51 14958 0.32099 64 32 1 2.48207e-314 0 0 0 
-2.68948 0.513013 409.203 0.02 0.996579 9935.27 14953.6 0.321098 65 32 1 2.48207e-314 0 0 0 
-2.66942 0.567712 443.358 0.02 0.996213 9928.47 14948.8 0.321216 66 32 1 2.48207e-314 0 0 0 
-2.64934 0.627203 479.483 0.02 0.995815 9921.1 14943.7 0.321345 67 32 1 2.48207e-314 0 0 0 
-2.62926 0.691789 517.608 0.02 0.995382 9913.1 14938.1 0.321485 68 32 1 2.48207e-314 0 0 0 
-2.60917 0.761782 557.752 0.02 0.994912 9904.45 14932.1 0.321637 69 32 1 2.48207e-314 0 0 0 
-2.58907 0.837501 599.929 0.02 0.994403 9895.1 14925.6 0.321801 70 32 1 2.48207e-314 0 0 0 
-2.56896 0.919272 644.143 0.02 0.993853 9885.02 14918.6 0.321979 71 32 1 2.48207e-314 0 0 0 
-2.54884 1.00743 690.39 0.02 0.99326 9874.17 14911.2 0.322172 72 32 1 2.48207e-314 0 0 0 
-2.52871 1.1023 738.656 0.02 0.99262 9862.51 14903.1 0.322379 73 32 1 2.48207e-314 0 0 0 
-2.50857 1.20422 788.918 0.02 0.991932 9849.99 14894.5 0.322603 74 32 1 2.48207e-314 0 0 0 
-2.48841 1.31355 841.144 0.02 0.991193 9836.59 14885.3 0.322843 75 32 1 2.48207e-314 0 0 0 
-2.46823 1.4306 895.291 0.02 0.990401 9822.26 14875.5 0.323101 76 32 1 2.48207e-314 0 0 0 
-2.44804 1.55574 951.307 0.02 0.989553 9806.97 14865.1 0.323378 77 32 1 2.48207e-314 0 0 0 
-2.42784 1.68929 1009.13 0.02 0.988647 9790.67 14853.9 0.323675 78 32 1 2.48207e-314 0 0 0 
-2.40761 1.8316 1068.69 0.02 0.98768 9773.33 14842.1 0.323991 79 32 1 2.48207e-314 0 0 0 
-2.38736 1.98299 1129.91 0.02 0.986651 9754.91 14829.6 0.32433 80 32 1 2.48207e-314 0 0 0 
-2.3671 2.14379 1192.7 0.02 0.985555 9735.38 14816.3 0.32469 81 32 1 2.48207e-314 0 0 0 
-2.34681 2.31433 1256.96 0.02 0.984392 9714.7 14802.3 0.325074 82 32 1 2.48207e-314 0 0 0 
-2.32649 2.49491 1322.58 0.02 0.983159 9692.84 14787.5 0.325481 83 32 1 2.48207e-314 0 0 0 
-2.30615 2.68584 1389.47 0.02 0.981854 9669.76 14772 0.325914 84 32 1 2.48207e-314 0 0 0 
-2.28579 2.88742 1457.49 0.02 0.980474 9645.45 14755.6 0.326373 85 32 1 2.48207e-314 0 0 0 
-2.26539 3.09992 1526.52 0.02 0.979017 9619.87 14738.3 0.326858 86 32 1 2.48207e-314 0 0 0 
-2.24496 3.32361 1596.44 0.02 0.977482 9592.99 14720.2 0.327372 87 32 1 2.48207e-314 0 0 0 
-2.2245 3.55877 1667.11 0.02 0.975866 9564.8 14701.3 0.327914 88 32 1 2.48207e-314 0 0 0 
-2.20401 3.80562 1738.39 0.02 0.974167 9535.26 14681.4 0.328486 89 32 1 2.48207e-314 0 0 0 
-2.18348 4.06441 1810.15 0.02 0.972385 9504.37 14660.7 0.329088 90 32 1 2.48207e-314 0 0 0 
-2.16291 4.33534 1882.23 0.02 0.970516 9472.1 14639.1 0.329721 91 32 1 2.48207e-314 0 0 0 
-2.1423 4.61862 1954.51 0.02 0.968561 9438.44 14616.5 0.330387 92 32 1 2.48207e-314 0 0 0 
-2.12165 4.91443 2026.84 0.02 0.966517 9403.39 14593 0.331086 93 32 1 2.48207e-314 0 0 0 
-2.10095 5.22294 2099.06 0.02 0.964383 9366.92 14568.6 0.331818 94 32 1 2.48207e-314 0 0 0 
-2.08021 5.5443 2171.05 0.02 0.962159 9329.04 14543.3 0.332585 95 32 1 2.48207e-314 0 0 0 
-2.05942 5.87865 2242.66 0.02 0.959842 9289.74 14517 0.333388 96 32 1 2.48207e-314 0 0 0 
-2.03858 6.22609 2313.75 0.02 0.957433 9249.02 14489.7 0.334227 97 32 1 2.48207e-314 0 0 0 
-2.01768 6.58674 2384.18 0.02 0.954931 9206.89 14461.6 0.335103 98 32 1 2.48207e-314 0 0 0 
-1.99673 6.96067 2453.82 0.02 0.952335 9163.34 14432.4 0.336016 99 32 1 2.48207e-314 0 0 0 
-1.97572 7.34795 2522.55 0.02 0.949645 9118.39 14402.3 0.336968 100 32 1 2.48207e-314 0 0 0 
-1.95465 7.74863 2590.24 0.02 0.94686 9072.05 14371.3 0.337959 101 32 1 2.48207e-314 0 0 0 
-1.93352 8.16275 2656.75 0.02 0.943981 9024.32 14339.3 0.33899 102 32 1 2.48207e-314 0 0 0 
-1.91232 8.59031 2721.99 0.02 0.941008 8975.23 14306.4 0.340061 103 32 1 2.48207e-314 0 0 0 
-1.89105 9.03131 2785.83 0.02 0.937941 8924.79 14272.5 0.341173 104 32 1 2.48207e-314 0 0 0 
-1.86971 9.48576 2848.17 0.02 0.934779 8873.02 14237.8 0.342327 105 32 1 2.48207e-314 0 0 0 
-1.8483 9.9536 2908.9 0.02 0.931525 8819.95 14202.1 0.343523 106 32 1 2.48207e-314 0 0 0 
-1.82681 10.4348 2967.93 0.02 0.928178 8765.59 14165.5 0.344761 107 32 1 2.48207e-314 0 0 0 
-1.80524 10.9293 3025.17 0.02 0.92474 8709.99 14128 0.346043 108 32 1 2.48207e-314 0 0 0 
-1.78359 11.437 3080.51 0.02 0.92121 8653.16 14089.6 0.347369 109 32 1 2.48207e-314 0 0 0 
-1.76186 11.9578 3133.88 0.02 0.917591 8595.15 14050.4 0.348739 110 32 1 2.48207e-314 0 0 0 
-1.74004 12.4915 3185.2 0.02 0.913883 8535.97 14010.3 0.350154 111 32 1 2.48207e-314 0 0 0 
-1.71812 13.0382 3234.37 0.02 0.910088 8475.68 13969.4 0.351614 112 32 1 2.48207e-314 0 0 0 
-1.69612 13.5976 3281.34 0.02 0.906207 8414.3 13927.7 0.35312 113 32 1 2.48207e-314 0 0 0 
-1.67402 14.1696 3326.01 0.02 0.902242 8351.87 13885.1 0.354672 114 32 1 2.48207e-314 0 0 0 
-1.65182 14.7539 3368.33 0.02 0.898195 8288.44 13841.8 0.35627 115 32 1 2.48207e-314 0 0 0 
-1.62952 15.3506 3408.22 0.02 0.894067 8224.05 13797.7 0.357915 116 32 1 2.48207e-314 0 0 0 
-1.60711 15.9592 3445.63 0.02 0.889861 8158.75 13752.9 0.359607 117 32 1 2.48207e-314 0 0 0 
-1.5846 16.5797 3480.49 0.02 0.885578 8092.57 13707.3 0.361346 118 32 1 2.48207e-314 0 0 0 
-1.56197 17.2117 3512.74 0.02 0.881221 8025.57 13661.1 0.363132 119 32 1 2.48207e-314 0 0 0 
-1.53923 17.8551 3542.33 0.02 0.876792 7957.8 13614.2 0.364967 120 32 1 2.48207e-314 0 0 0 
-1.51638 18.5095 3569.19 0.02 0.872294 7889.3 13566.6 0.366849 121 32 1 2.48207e-314 0 0 0 
-1.4934 19.1747 3593.26 0.02 0.867729 7820.13 13518.5 0.368779 122 32 1 2.48207e-314 0 0 0 
-1.4703 19.8503 3614.47 0.02 0.8631 7750.33 13469.7 0.370757 123 32 1 2.48207e-314 0 0 0 
-1.44707 20.536 3632.77 0.02 0.858409 7679.97 13420.4 0.372783 124 32 1 2.48207e-314 0 0 0 
-1.42372 21.2314 3648.07 0.02 0.853661 7609.1 13370.5 0.374856 125 32 1 2.48207e-314 0 0 0 
-1.40023 21.9363 3660.32 0.02 0.848857 7537.77 13320.2 0.376977 126 32 1 2.48207e-314 0 0 0 
-1.37661 22.6501 3669.43 0.02 0.844002 7466.05 13269.4 0.379146 127 32 1 2.48207e-314 0 0 0 
-1.35285 23.3726 3675.36 0.02 0.839099 7393.99 13218.1 0.381361 128 32 1 2.48207e-314 0 0 0 
-1.32895 24.1032 3678.04 0.02 0.834151 7321.65 13166.5 0.383623 129 32 1 2.48207e-314 0 0 0 
-1.3049 24.8416 3677.41 0.02 0.829162 7249.1 13114.4 0.385932 130 32 1 2.48207e-314 0 0 0 
-1.28071 25.5872 3673.42 0.02 0.824136 7176.39 13062.1 0.388286 131 32 1 2.48207e-314 0 0 0 
-1.25637 26.3395 3666.02 0.02 0.819076 7103.59 13009.5 0.390684 132 32 1 2.48207e-314 0 0 0 
-1.23187 27.0978 3655.12 0.02 0.813986 7030.75 12956.7 0.393127 133 32 1 2.48207e-314 0 0 0 
-1.20722 27.8615 3640.66 0.02 0.808872 6957.95 12903.6 0.395613 134 32 1 2.48207e-314 0 0 0 
-1.18242 28.63 3622.54 0.02 0.803736 6885.25 12850.4 0.398141 135 32 1 2.48207e-314 0 0 0 
-1.15745 29.4023 3600.68 0.02 0.798584 6812.72 12797.1 0.400709 136 32 1 2.48207e-314 0 0 0 
-1.13231 30.178 3574.97 0.02 0.793421 6740.42 12743.7 0.403317 137 32 1 2.48207e-314 0 0 0 
-1.10701 30.9562 3545.33 0.02 0.788252 6668.43 12690.3 0.405962 138 32 1 2.48207e-314 0 0 0 
-1.08155 31.7362 3511.67 0.02 0.78308 6596.81 12636.9 0.408643 139 32 1 2.48207e-314 0 0 0 
-1.05591 32.5174 3473.95 0.02 0.777913 6525.65 12583.6 0.411357 140 32 1 2.48207e-314 0 0 0 
-1.03009 33.2989 3432.15 0.02 0.772754 6455.01 12530.6 0.414104 141 32 1 2.48207e-314 0 0 0 
-1.00411 34.0799 3386.3 0.02 0.767608 6384.96 12477.7 0.41688 142 32 1 2.48207e-314 0 0 0 
-0.977941 34.8594 3336.43 0.02 0.762479 6315.58 12425.1 0.419683 143 32 1 2.48207e-314 0 0 0 
-0.951599 35.6364 3282.6 0.02 0.757374 6246.93 12372.9 0.422513 144 32 1 2.48207e-314 0 0 0 
-0.925079 36.4095 3224.84 0.02 0.752295 6179.08 12321.2 0.425365 145 32 1 2.48207e-314 0 0 0 
-0.898379 37.1776 3163.17 0.02 0.747249 6112.09 12269.9 0.428237 146 32 1 2.48207e-314 0 0 0 
-0.871498 37.9391 3097.57 0.02 0.74224 6046.05 12219.3 0.431127 147 32 1 2.48207e-314 0 0 0 
-0.844434 38.6927 3028.02 0.02 0.737274 5981.02 12169.3 0.434031 148 32 1 2.48207e-314 0 0 0 
-0.817186 39.4373 2954.48 0.02 0.732357 5917.09 12120 0.436946 149 32 1 2.48207e-314 0 0 0 
-0.789752 40.1719 2876.95 0.02 0.727493 5854.34 12071.7 0.439867 150 32 1 2.48207e-314 0 0 0 
-0.762131 40.8956 2795.53 0.02 0.722689 5792.87 12024.3 0.442791 151 32 1 2.48207e-314 0 0 0 
-0.734323 41.608 2710.45 0.02 0.717948 5732.74 11978.1 0.445715 152 32 1 2.48207e-314 0 0 0 
-0.706326 42.3083 2622.07 0.02 0.713274 5674.06 11933.2 0.448636 153 32 1 2.48207e-314 0 0 0 
-0.678144 42.9961 2530.9 0.02 0.708668 5616.89 11889.7 0.451551 154 32 1 2.48207e-314 0 0 0 
-0.649778 43.6704 2437.58 0.02 0.704133 5561.31 11847.9 0.454459 155 32 1 2.48207e-314 0 0 0 
-0.621231 44.3298 2342.77 0.02 0.699669 5507.38 11807.8 0.457359 156 32 1 2.48207e-314 0 0 0 
-0.592508 44.9725 2247.08 0.02 0.695277 5455.16 11769.7 0.460249 157 32 1 2.48207e-314 0 0 0 
-0.56361 45.5965 2151.02 0.02 0.690957 5404.71 11733.8 0.463126 158 32 1 2.48207e-314 0 0 0 
-0.53454 46.1997 2054.89 0.02 0.686713 5356.1 11700.1 0.465988 159 32 1 2.48207e-314 0 0 0 
-0.505297 46.7803 1958.84 0.02 0.682549 5309.43 11668.9 0.468831 160 32 1 2.48207e-314 0 0 0 
-0.475877 47.3374 1862.9 0.02 0.678471 5264.81 11640.4 0.471649 161 32 1 2.48207e-314 0 0 0 
-0.446278 47.8712 1767.1 0.02 0.674483 5222.37 11614.8 0.474437 162 32 1 2.48207e-314 0 0 0 
-0.416494 48.3834 1671.6 0.02 0.670591 5182.24 11592.4 0.477191 163 32 1 2.48207e-314 0 0 0 
-0.38652 48.8766 1576.82 0.02 0.666798 5144.57 11573.6 0.479906 164 32 1 2.48207e-314 0 0 0 
-0.356357 49.3538 1483.53 0.02 0.663104 5109.5 11558.7 0.482579 165 32 1 2.48207e-314 0 0 0 
-0.326011 49.8176 1392.88 0.02 0.65951 5077.14 11548 0.485209 166 32 1 2.48207e-314 0 0 0 
-0.295494 50.2686 1306.23 0.02 0.656015 5047.57 11541.9 0.487794 167 32 1 2.48207e-314 0 0 0 
-0.264828 50.7055 1225.31 0.02 0.652621 5020.89 11540.5 0.49033 168 32 1 2.48207e-314 0 0 0 
-0.234034 51.1253 1151.5 0.02 0.649337 4997.15 11544 0.492811 169 32 1 2.48207e-314 0 0 0 
-0.203129 51.5241 1085.54 0.02 0.646174 4976.42 11552.4 0.495222 170 32 1 2.48207e-314 0 0 0 
-0.172114 51.8985 1027.46 0.02 0.643154 4958.75 11565.4 0.497548 171 32 1 2.48207e-314 0 0 0 
-0.140975 52.246 976.357 0.02 0.640301 4944.24 11582.9 0.499765 172 32 1 2.48207e-314 0 0 0 
-0.10968 52.5656 930.226 0.02 0.637647 4932.99 11604.6 0.501845 173 32 1 2.48207e-314 0 0 0 
-0.0781973 52.8601 887.808 0.02 0.635231 4925.17 11630.2 0.503754 174 32 1 2.48207e-314 0 0 0 
-0.0464995 53.1376 846.567 0.02 0.633101 4920.96 11659.3 0.505448 175 33 1 2.48207e-314 0 0 0 
-0.0145786 53.407 804.269 0.02 0.631312 4920.54 11691.3 0.506881 176 33 1 2.48207e-314 0 0 0 
0.0175191 53.674 760.182 0.02 0.629926 4923.96 11725.2 0.507996 177 33 1 2.48207e-314 0 0 0 
0.0497145 53.941 715.034 0.02 0.629007 4931.17 11759.5 0.508738 178 33 1 2.48207e-314 0 0 0 
0.0819385 54.212 671.726 0.02 0.628622 4941.9 11792.3 0.50905 179 33 1 2.48207e-314 0 0 0 
0.114114 54.4831 630.545 0.02 0.628846 4955.74 11821.1 0.508869 180 34 1 2.48207e-314 0 0 0 
0.146154 54.7354 592.573 0.02 0.629771 4972.08 11842.6 0.508121 181 34 1 2.48207e-314 0 0 0 
0.177974 54.9441 563.116 0.02 0.631516 4990.12 11852.8 0.506718 182 34 1 2.48207e-314 0 0 0 
0.209627 55.1372 550.525 0.02 0.634212 5008.99 11847 0.504563 183 34 1 2.48207e-314 0 0 0 
0.241436 55.3292 543.767 0.02 0.638013 5027.82 11820.7 0.501557 184 34 1 2.48207e-314 0 0 0 
0.273408 55.4954 540.285 0.02 0.643119 5045.28 11767.6 0.497575 185 35 1 2.48207e-314 0 0 0 
0.305419 55.6175 537.52 0.02 0.649766 5059.75 11680.6 0.492485 186 36 1 2.48207e-314 0 0 0 
0.337473 55.6737 529.351 0.02 0.658262 5069.58 11552.3 0.486129 187 37 1 2.48207e-314 0 0 0 
0.369009 55.6195 511.287 0.02 0.668769 5072.46 11377.3 0.478491 188 37 1 2.48207e-314 0 0 0 
0.399556 55.5313 495.007 0.02 0.681356 5067.03 11155.2 0.469652 189 38 1 2.48207e-314 0 0 0 
0.429404 55.5117 469.368 0.02 0.696347 5053.33 10885.6 0.459541 190 39 1 2.48207e-314 0 0 0 
0.458692 55.5762 436.497 0.02 0.714043 5029.72 10566.3 0.448152 191 41 1 2.48207e-314 0 0 0 
0.487506 55.6511 396.67 0.02 0.734805 4992.87 10192.6 0.435489 192 41 1 2.48207e-314 0 0 0 
0.51611 55.7586 362.432 0.02 0.759408 4940.81 9759.57 0.421381 193 42 1 2.48207e-314 0 0 0 
0.544757 55.9009 321.214 0.02 0.788853 4872.73 9265.84 0.405652 194 44 1 2.48207e-314 0 0 0 
0.571976 55.8191 296.831 0.02 0.822144 4781.11 8723.5 0.389226 195 44 1 2.48207e-314 0 0 0 
0.59738 55.6726 307.463 0.02 0.858766 4671.91 8160.74 0.372628 196 44 1 2.48207e-314 0 0 0 
0.620882 55.56 342.505 0.02 0.898313 4553.55 7603.8 0.356223 197 45 1 2.48207e-314 0 0 0 
0.642273 55.4793 391.429 0.02 0.939935 4434.26 7076.68 0.340449 198 45 1 2.48207e-314 0 0 0 
0.661014 55.3624 446.635 0.02 0.981654 4322.08 6604.48 0.32598 199 44 1 2.48207e-314 0 0 0 
0.696735 55.3157 392.042 0.02 1.07887 3951.56 5493.75 0.296608 200 43 1 2.48206e-314 0 0 0 
0.713189 55.2742 436.056 0.02 1.13345 3853.02 5098.81 0.282325 201 42 1 2.48206e-314 0 0 0 
0.729559 55.3393 456.984 0.02 1.19514 3747.84 4703.6 0.267751 202 41 1 2.48206e-314 0 0 0 
0.745913 55.4275 457.875 0.02 1.26542 3639.68 4314.16 0.25288 203 41 1 2.48206e-314 0 0 0 
0.762156 55.5071 439.052 0.02 1.34546 3534.21 3939.95 0.237836 204 40 1 2.48206e-314 0 0 0 
0.778406 55.6507 400.926 0.02 1.4376 3441.07 3590.28 0.222593 205 39 1 2.48206e-314 0 0 0 
0.794482 55.9464 366.459 0.02 1.54132 3368.98 3278.56 0.207614 206 38 1 2.48206e-314 0 0 0 
0.808625 56.1229 338.469 0.02 1.64368 3309.5 3020.14 0.194685 207 37 1 2.48206e-314 0 0 0 
0.82127 56.2441 311.759 0.02 1.74608 3262.19 2802.42 0.183268 208 37 1 2.48206e-314 0 0 0 
0.833038 56.3633 289.306 0.02 1.85235 3225.57 2612.02 0.172754 209 36 1 2.48206e-314 0 0 0 
0.843878 56.4611 265.529 0.02 1.9613 3197.56 2445.52 0.163157 210 35 1 2.48206e-314 0 0 0 
0.854148 56.5914 229.73 0.02 2.07596 3180.14 2297.89 0.154146 211 34 1 2.48206e-314 0 0 0 
0.864004 56.7798 196.145 0.02 2.1963 3173.58 2167.54 0.145699 212 34 1 2.48206e-314 0 0 0 
0.873358 56.9832 161.904 0.02 2.31904 3175.84 2054.3 0.137988 213 33 1 2.48206e-314 0 0 0 
0.882174 57.1768 127.74 0.02 2.44166 3185.47 1957.08 0.131058 214 32 1 2.48206e-314 0 0 0 
0.890453 57.3495 98.207 0.02 2.56243 3201.69 1874.36 0.124881 215 32 1 2.48206e-314 0 0 0 
0.898224 57.4952 70.9882 0.02 2.68016 3223.96 1804.52 0.119396 216 31 1 2.48206e-314 0 0 0 
0.905469 57.6144 45.6832 0.02 2.79295 3251.51 1746.46 0.114574 217 31 1 2.48206e-314 0 0 0 
0.912309 57.7178 20.7753 0.02 2.901 3283.93 1698.19 0.110307 218 31 1 2.48206e-314 0 0 0 
0.918869 57.8051 -6.76733 0.02 3.00455 3320.78 1658.07 0.106505 219 30 1 2.48206e-314 0 0 0 
0.925257 57.8774 -39.8528 0.02 3.10362 3361.88 1625.02 0.103105 220 30 1 2.48206e-314 0 0 0 
0.931544 57.9362 -81.4031 0.02 3.19761 3407.09 1598.46 0.100075 221 30 1 2.48206e-314 0 0 0 
0.937727 57.9891 -129.025 0.02 3.28493 3455.82 1578.21 0.0974146 222 30 1 2.48206e-314 0 0 0 
0.943753 58.0423 -176.739 0.02 3.36347 3506.95 1564.13 0.0951399 223 29 1 2.48206e-314 0 0 0 
0.949576 58.0982 -213.133 0.02 3.43165 3559.07 1555.8 0.0932496 224 29 1 2.48206e-314 0 0 0 
0.955184 58.1547 -228.336 0.02 3.4887 3610.8 1552.55 0.0917247 225 30 1 2.48206e-314 0 0 0 
0.960608 58.2068 -212.32 0.02 3.53451 3660.95 1553.65 0.0905358 226 29 1 2.48206e-314 0 0 0 
0.965909 58.2436 -152.216 0.02 3.56925 3708.57 1558.48 0.0896547 227 29 1 2.48206e-314 0 0 0 
0.971159 58.2496 -42.0392 0.02 3.593 3752.77 1566.57 0.0890621 228 30 1 2.48206e-314 0 0 0 
0.976419 58.2101 121.481 0.02 3.60567 3792.37 1577.48 0.0887491 229 30 1 2.48206e-314 0 0 0 
0.981729 58.1079 337.171 0.02 3.60724 3825.87 1590.67 0.0887106 230 29 1 2.48206e-314 0 0 0 
0.987104 57.9308 582.4 0.02 3.59795 3851.39 1605.37 0.0889396 231 30 1 2.48206e-314 0 0 0 
0.992549 57.6789 824.636 0.02 3.57854 3866.93 1620.56 0.0894219 232 30 1 2.48206e-314 0 0 0 
0.998061 57.3655 1036.19 0.02 3.55025 3870.82 1635.11 0.0901346 233 30 1 2.48206e-314 0 0 0 
1.00362 57.0088 1195.52 0.02 3.51465 3862.27 1648.03 0.0910474 234 30 1 2.48206e-314 0 0 0 
1.00925 56.6213 1293.76 0.02 3.47327 3841.45 1658.71 0.0921323 235 31 1 2.48206e-314 0 0 0 
1.01498 56.2133 1326.42 0.02 3.42732 3809.03 1666.8 0.0933673 236 30 1 2.48206e-314 0 0 0 
1.02082 55.7993 1288.96 0.02 3.37776 3765.85 1672.12 0.0947373 237 30 1 2.48206e-314 0 0 0 
1.02681 55.3961 1190.15 0.02 3.32529 3712.8 1674.59 0.0962322 238 31 1 2.48206e-314 0 0 0 
1.03293 55.0166 1055.75 0.02 3.27042 3650.7 1674.18 0.0978469 239 31 1 2.48206e-314 0 0 0 
1.03918 54.667 919.941 0.02 3.21335 3580.07 1670.84 0.0995845 240 31 1 2.48206e-314 0 0 0 
1.04553 54.3439 827.742 0.02 3.15399 3500.87 1664.45 0.101459 241 31 1 2.48206e-314 0 0 0 
1.05196 54.032 825.373 0.02 3.09189 3412.47 1654.74 0.103497 242 31 1 2.48206e-314 0 0 0 
1.05846 53.7021 965.344 0.02 3.02636 3313.74 1641.32 0.105737 243 31 1 2.48206e-314 0 0 0 
1.06504 53.3151 1284.18 0.02 2.95662 3203.27 1623.65 0.108232 244 31 1 2.48206e-314 0 0 0 
1.07173 52.8241 1807.06 0.02 2.88183 3079.69 1601.11 0.11104 245 31 1 2.48206e-314 0 0 0 
1.07856 52.1787 2542.02 0.02 2.8013 2941.92 1573.03 0.114233 246 31 1 2.48206e-314 0 0 0 
1.08557 51.3264 3493.79 0.02 2.71462 2789.5 1538.75 0.11788 247 31 1 2.48206e-314 0 0 0 
1.09282 50.217 4633.51 0.02 2.62169 2622.66 1497.61 0.122059 248 32 1 2.48206e-314 0 0 0 
1.10039 48.8072 5923.55 0.02 2.52274 2442.37 1449 0.126846 249 32 1 2.48206e-314 0 0 0 
1.10835 47.0648 7310.91 0.02 2.41838 2250.4 1392.42 0.13232 250 32 1 2.48206e-314 0 0 0 
1.11679 44.972 8731.49 0.02 2.30959 2049.32 1327.5 0.138552 251 32 1 2.48206e-314 0 0 0 
1.12579 42.5301 10104.8 0.02 2.19775 1842.43 1254.11 0.145603 252 33 1 2.48206e-314 0 0 0 
1.13544 39.7615 11346.4 0.02 2.08451 1633.63 1172.44 0.153513 253 33 1 2.48206e-314 0 0 0 
1.14583 36.7101 12378.1 0.02 1.97175 1427.2 1083.08 0.162293 254 34 1 2.48206e-314 0 0 0 
1.15701 33.4369 13142.1 0.02 1.86139 1227.39 987.071 0.171915 255 35 1 2.48206e-314 0 0 0 
1.16903 30.0158 13593.2 0.02 1.75528 1038.15 885.943 0.182307 256 36 1 2.48206e-314 0 0 0 
1.18193 26.5284 13715.1 0.02 1.65499 862.733 781.64 0.193355 257 37 1 2.48206e-314 0 0 0 
1.1957 23.0578 13508.5 0.02 1.56177 703.562 676.449 0.204896 258 38 1 2.48206e-314 0 0 0 
1.21034 19.6849 12988 0.02 1.47646 562.198 572.897 0.216734 259 38 1 2.48206e-314 0 0 0 
1.2258 16.4847 12187.7 0.02 1.39953 439.362 473.604 0.228647 260 40 1 2.48206e-314 0 0 0 
1.24205 13.5218 11151.2 0.02 1.33113 335.045 381.089 0.240397 261 40 1 2.48206e-314 0 0 0 
1.259 10.8484 9931.31 0.02 1.27114 248.667 297.591 0.251743 262 41 1 2.48206e-314 0 0 0 
1.27659 8.5017 8594.01 0.02 1.21922 179.129 224.849 0.262462 263 41 1 2.48206e-314 0 0 0 
1.29472 6.50107 7212.98 0.02 1.17493 124.893 163.903 0.272356 264 40 1 2.48206e-314 0 0 0 
1.31331 4.84746 5862.26 0.02 1.1377 84.0718 114.978 0.28127 265 41 1 2.48206e-314 0 0 0 
1.33228 3.52422 4608.16 0.02 1.10687 54.5453 77.485 0.289102 266 40 1 2.48206e-314 0 0 0 
1.35154 2.49995 3502.34 0.02 1.08178 34.1005 50.1417 0.295808 267 39 1 2.48206e-314 0 0 0 
1.37102 1.73273 2577.01 0.02 1.06171 20.5772 31.1956 0.301401 268 39 1 2.48206e-314 0 0 0 
1.39066 1.17554 1841.27 0.02 1.04592 12.0213 18.7108 0.30595 269 38 1 2.48206e-314 0 0 0 
1.41042 0.7819 1282.18 0.02 1.03371 6.82139 10.8564 0.309563 270 36 1 2.48206e-314 0 0 0 
1.43027 0.510462 872.845 0.02 1.02442 3.7684 6.112 0.312371 271 35 1 2.48206e-314 0 0 0 
1.45016 0.327319 581.973 0.02 1.01745 2.0302 3.34618 0.314511 272 34 1 2.48206e-314 0 0 0 
1.4701 0.206165 380.848 0.02 1.01231 1.06626 1.78298 0.31611 273 34 1 2.48206e-314 0 0 0 
1.49006 0.127494 244.659 0.02 1.00856 0.544669 0.92409 0.317285 274 33 1 2.48206e-314 0 0 0 
1.51003 0.0773869 153.939 0.02 1.00587 0.270942 0.465587 0.318134 275 33 1 2.48206e-314 0 0 0 
1.53002 0.0461015 95.0728 0.02 1.00397 0.131018 0.228092 0.318736 276 32 1 2.48206e-314 0 0 0 
1.55001 0.0269297 57.5861 0.02 1.00264 0.0613831 0.108395 0.319157 277 32 1 2.48206e-314 0 0 0 
1.57001 0.0154178 34.1257 0.02 1.00174 0.0278813 0.0499298 0.319445 278 32 1 2.48206e-314 0 0 0 
1.59 0.00865537 19.7811 0.02 1.00112 0.0123321 0.0223488 0.319641 279 32 1 2.48206e-314 0 0 0 
1.61 0.00476474 11.2483 0.02 1.00072 0.00532001 0.00975586 0.319771 280 32 1 2.48206e-314 0 0 0 
1.63 0.00257002 6.2649 0.02 1.00045 0.00225532 0.00417603 0.319856 281 32 1 2.48206e-314 0 0 0 
1.65 0.00135798 3.41271 0.02 1.00028 0.000961663 0.00178381 0.31991 282 32 1 2.48206e-314 0 0 0 
1.67 0.000703306 1.81804 0.02 1.00017 0.00043498 0.000793309 0.319945 283 32 1 2.48206e-314 0 0 0 
1.69 0.000357075 0.949906 0.02 1.0001 0.00022635 0.000396125 0.319967 284 32 1 2.48206e-314 0 0 0 
1.71 0.000177542 0.486224 0.02 1.00006 0.000146105 0.00024125 0.31998 285 32 1 2.48206e-314 0 0 0 
1.73 8.63785e-05 0.243488 0.02 1.00004 0.000116244 0.000182707 0.319989 286 32 1 2.48206e-314 0 0 0 
1.75 4.11019e-05 0.119174 0.02 1.00002 0.00010552 0.000161317 0.319993 287 32 1 2.48206e-314 0 0 0 
1.77 1.91258e-05 0.0569783 0.02 1.00001 0.000101808 0.000153777 0.319996 288 32 1 2.48206e-314 0 0 0 
1.79 8.70512e-06 0.0266095 0.02 1.00001 0.000100571 0.000151216 0.319998 289 32 1 2.48206e-314 0 0 0 
1.81 3.87754e-06 0.012142 0.02 1 0.000100174 0.000150378 0.319999 290 32 1 2.48206e-314 0 0 0 
1.83 1.69166e-06 0.00541675 0.02 1 0.000100052 0.000150114 0.319999 291 32 1 2.48206e-314 0 0 0 
1.85 7.23533e-07 0.00236546 0.02 1 0.000100015 0.000150033 0.32 292 32 1 2.48206e-314 0 0 0 
1.87 3.03567e-07 0.00101265 0.02 1 0.000100004 0.00015001 0.32 293 32 1 2.48206e-314 0 0 0 
1.89 1.24911e-07 0.000425348 0.02 1 0.000100001 0.000150003 0.32 294 32 1 2.48206e-314 0 0 0 
1.91 5.03391e-08 0.000175263 0.02 1 0.0001 0.000150001 0.32 295 32 1 2.48206e-314 0 0 0 
1.93 1.98158e-08 7.07424e-05 0.02 1 0.0001 0.00015 0.32 296 32 1 2.48206e-314 0 0 0 
1.95 7.58899e-09 2.78741e-05 0.02 1 0.0001 0.00015 0.32 297 32 1 2.48206e-314 0 0 0 
1.97 2.81558e-09 1.06612e-05 0.02 1 0.0001 0.00015 0.32 298 32 1 2.48206e-314 0 0 0 
1.99 1.00951e-09 3.9357e-06 0.02 1 0.0001 0.00015 0.32 299 32 1 2.48206e-314 0 0 0 
2.01 3.50227e-10 1.39972e-06 0.02 1 0.0001 0.00015 0.32 300 32 1 2.48206e-314 0 0 0 
2.03 1.18119e-10 4.8115e-07 0.02 1 0.0001 0.00015 0.32 301 32 1 2.48206e-314 0 0 0 
2.05 3.89792e-11 1.60892e-07 0.02 1 0.0001 0.00015 0.32 302 32 1 2.48206e-314 0 0 0 
2.07 1.26742e-11 5.27101e-08 0.02 1 0.0001 0.00015 0.32 303 32 1 2.48206e-314 0 0 0 
2.09 4.08991e-12 1.70438e-08 0.02 1 0.0001 0.00015 0.32 304 32 1 2.48206e-314 0 0 0 
2.11 1.31892e-12 5.48267e-09 0.02 1 0.0001 0.00015 0.32 305 32 1 2.48206e-314 0 0 0 
2.13 4.2714e-13 1.76816e-09 0.02 1 0.0001 0.00015 0.32 306 32 1 2.48206e-314 0 0 0 
2.15 1.38983e-13 5.74618e-10 0.02 1 0.0001 0.00015 0.32 307 32 1 2.48206e-314 0 0 0 
2.17 4.51541e-14 1.88105e-10 0.02 1 0.0001 0.00015 0.32 308 32 1 2.48206e-314 0 0 0 
2.19 1.44413e-14 6.15371e-11 0.02 1 0.0001 0.00015 0.32 309 32 1 2.48206e-314 0 0 0 
2.21 4.43891e-15 1.9788e-11 0.02 1 0.0001 0.00015 0.32 310 32 1 2.48206e-314 0 0 0 
2.23 1.25906e-15 6.08956e-12 0.02 1 0.0001 0.00015 0.32 311 32 1 2.48206e-314 0 0 0 
2.25 3.01836e-16 1.71577e-12 0.02 1 0.0001 0.00015 0.32 312 32 1 2.48206e-314 0 0 0 
2.27 4.32189e-17 4.01592e-13 0.02 1 0.0001 0.00015 0.32 313 32 1 2.48206e-314 0 0 0 
2.29 -1.14844e-17 5.10084e-14 0.02 1 0.0001 0.00015 0.32 314 32 1 2.48206e-314 0 0 0 
2.31 -1.48271e-17 -2.01237e-14 0.02 1 0.0001 0.00015 0.32 315 32 1 2.48206e-314 0 0 0 
2.33 -9.40282e-18 -2.23633e-14 0.02 1 0.0001 0.00015 0.32 316 32 1 2.48206e-314 0 0 0 
2.35 -4.87805e-18 -1.37626e-14 0.02 1 0.0001 0.00015 0.32 317 33 1 2.48206e-314 0 0 0 
2.37 -2.2874e-18 -7.04111e-15 0.02 1 0.0001 0.00015 0.32 318 33 1 2.48206e-314 0 0 0 
2.39 -1.00652e-18 -3.27369e-15 0.02 1 0.0001 0.00015 0.32 319 33 1 2.48206e-314 0 0 0 
2.41 -4.23277e-19 -1.43191e-15 0.02 1 0.0001 0.00015 0.32 320 33 1 2.48206e-314 0 0 0 
2.43 -1.71821e-19 -5.99272e-16 0.02 1 0.0001 0.00015 0.32 321 33 1 2.48206e-314 0 0 0 
2.45 -6.77488e-20 -2.42047e-16 0.02 1 0.0001 0.00015 0.32 322 33 1 2.48206e-314 0 0 0 
2.47 -2.61176e-20 -9.48766e-17 0.02 1 0.0001 0.00015 0.32 323 33 1 2.48206e-314 0 0 0 
2.49 -9.87278e-21 -3.61963e-17 0.02 1 0.0001 0.00015 0.32 324 33 1 2.48206e-314 0 0 0 
2.51 -3.64646e-21 -1.34464e-17 0.02 1 0.0001 0.00015 0.32 325 33 1 2.48206e-314 0 0 0 
2.53 -1.30726e-21 -4.89352e-18 0.02 1 0.0001 0.00015 0.32 326 33 1 2.48206e-314 0 0 0 
2.55 -4.44615e-22 -1.75145e-18 0.02 1 0.0001 0.00015 0.32 327 33 1 2.48206e-314 0 0 0 
2.57 -1.55572e-22 -6.15369e-19 0.02 1 0.0001 0.00015 0.32 328 33 1 2.48206e-314 0 0 0 
2.59 -5.37755e-23 -2.13876e-19 0.02 1 0.0001 0.00015 0.32 329 33 1 2.48206e-314 0 0 0 
2.61 -1.72087e-23 -7.28448e-20 0.02 1 0.0001 0.00015 0.32 330 33 1 2.48206e-314 0 0 0 
2.63 -4.39585e-24 -2.03288e-20 0.02 1 0.0001 0.00015 0.32 331 33 1 2.48206e-314 0 0 0 
2.65 -6.54791e-25 -5.50571e-21 0.02 1 0.0001 0.00015 0.32 332 33 1 2.48206e-314 0 0 0 
2.67 -2.33856e-26 -2.11758e-22 0.02 1 0.0001 0.00015 0.32 333 33 1 2.48206e-314 0 0 0 
2.69 -5.90336e-55 -5.34553e-51 0.02 1 0.0001 0.00015 0.32 334 33 1 2.48206e-314 0 0 0 
2.71 0 0 0.02 1 0.0001 0.00015 0.32 335 33 1 2.48206e-314 0 0 0 
2.73 0 0 0.02 1 0.0001 0.00015 0.32 336 33 1 2.48206e-314 0 0 0 
2.75 0 0 0.02 1 0.0001 0.00015 0.32 337 33 1 2.48206e-314 0 0 0 
2.77 0 0 0.02 1 0.0001 0.00015 0.32 338 33 1 2.48206e-314 0 0 0 
2.79 0 0 0.02 1 0.0001 0.00015 0.32 339 33 1 2.48206e-314 0 0 0 
2.81 0 0 0.02 1 0.0001 0.00015 0.32 340 33 1 2.48206e-314 0 0 0 
2.83 0 0 0.02 1 0.0001 0.00015 0.32 341 33 1 2.48206e-314 0 0 0 
2.85 0 0 0.02 1 0.0001 0.00015 0.32 342 33 1 2.48206e-314 0 0 0 
2.87 0 0 0.02 1 0.0001 0.00015 0.32 343 33 1 2.48206e-314 0 0 0 
2.89 0 0 0.02 1 0.0001 0.00015 0.32 344 33 1 2.48206e-314 0 0 0 
2.91 0 0 0.02 1 0.0001 0.00015 0.32 345 33 1 2.48206e-314 0 0 0 
2.93 0 0 0.02 1 0.0001 0.00015 0.32 346 33 1 2.48206e-314 0 0 0 
2.95 0 0 0.02 1 0.0001 0.00015 0.32 347 33 1 2.48206e-314 0 0 0 
2.97 0 0 0.02 1 0.0001 0.00015 0.32 348 33 1 2.48206e-314 0 0 0 
2.99 0 0 0.02 1 0.0001 0.00015 0.32 349 33 1 2.48206e-314 0 0 0 
3.01 0 0 0.02 1 0.0001 0.00015 0.32 350 33 1 2.48206e-314 0 0 0 
3.03 0 0 0.02 1 0.0001 0.00015 0.32 351 33 1 2.48206e-314 0 0 0 
3.05 0 0 0.02 1 0.0001 0.00015 0.32 352 33 1 2.48206e-314 0 0 0 
3.07 0 0 0.02 1 0.0001 0.00015 0.32 353 33 1 2.48206e-314 0 0 0 
3.09 0 0 0.02 1 0.0001 0.00015 0.32 354 33 1 2.48206e-314 0 0 0 
3.11 0 0 0.02 1 0.0001 0.00015 0.32 355 33 1 2.48206e-314 0 0 0 
3.13 0 0 0.02 1 0.0001 0.00015 0.32 356 33 1 2.48206e-314 0 0 0 
3.15 0 0 0.02 1 0.0001 0.00015 0.32 357 33 1 2.48206e-314 0 0 0 
3.17 0 0 0.02 1 0.0001 0.00015 0.32 358 33 1 2.48206e-314 0 0 0 
3.19 0 0 0.02 1 0.0001 0.00015 0.32 359 33 1 2.48206e-314 0 0 0 
3.21 0 0 0.02 1 0.0001 0.00015 0.32 360 33 1 2.48206e-314 0 0 0 
3.23 0 0 0.02 1 0.0001 0.00015 0.32 361 33 1 2.48206e-314 0 0 0 
3.25 0 0 0.02 1 0.0001 0.00015 0.32 362 33 1 2.48206e-314 0 0 0 
3.27 0 0 0.02 1 0.0001 0.00015 0.32 363 33 1 2.48206e-314 0 0 0 
3.29 0 0 0.02 1 0.0001 0.00015 0.32 364 33 1 2.48206e-314 0 0 0 
3.31 0 0 0.02 1 0.0001 0.00015 0.32 365 33 1 2.48206e-314 0 0 0 
3.33 0 0 0.02 1 0.0001 0.00015 0.32 366 33 1 2.48206e-314 0 0 0 
3.35 0 0 0.02 1 0.0001 0.00015 0.32 367 33 1 2.48206e-314 0 0 0 
3.37 0 0 0.02 1 0.0001 0.00015 0.32 368 33 1 2.48206e-314 0 0 0 
3.39 0 0 0.02 1 0.0001 0.00015 0.32 369 33 1 2.48206e-314 0 0 0 
3.41 0 0 0.02 1 0.0001 0.00015 0.32 370 33 1 2.48206e-314 0 0 0 
3.43 0 0 0.02 1 0.0001 0.00015 0.32 371 33 1 2.48206e-314 0 0 0 
3.45 1.34292e-37 9.62965e-36 0.02 1 0.0001 0.00015 0.32 372 33 1 2.48206e-314 0 0 0 
3.47 5.61093e-23 4.02341e-21 0.02 1 0.0001 0.00015 0.32 373 33 1 2.48206e-314 0 0 0 
3.49 1.53562e-22 1.10114e-20 0.02 1 0.0001 0.00015 0.32 374 33 1 2.48206e-314 0 0 0 
3.51 3.27796e-22 2.35052e-20 0.02 1 0.0001 0.00015 0.32 375 33 1 2.48206e-314 0 0 0 
3.53 5.78811e-22 4.15046e-20 0.02 1 0.0001 0.00015 0.32 376 33 1 2.48206e-314 0 0 0 
3.55 1.2344e-21 8.85149e-20 0.02 1 0.0001 0.00015 0.32 377 33 1 2.48206e-314 0 0 0 
3.57 2.35659e-21 1.68983e-19 0.02 1 0.0001 0.00015 0.32 378 33 1 2.48206e-314 0 0 0 
3.59 4.01034e-21 2.87568e-19 0.02 1 0.0001 0.00015 0.32 379 33 1 2.48206e-314 0 0 0 
3.61 6.30672e-21 4.47445e-19 0.02 1 0.0001 0.00015 0.32 380 33 1 2.48206e-314 0 0 0 
3.63 9.32979e-21 6.64497e-19 0.02 1 0.0001 0.00015 0.32 381 33 1 2.48206e-314 0 0 0 
3.65 1.32737e-20 9.42536e-19 0.02 1 0.0001 0.00015 0.32 382 33 1 2.48206e-314 0 0 0 
3.67 1.79229e-20 1.27796e-18 0.02 1 0.0001 0.00015 0.32 383 33 1 2.48206e-314 0 0 0 
3.69 2.26566e-20 1.6263e-18 0.02 1 0.0001 0.00015 0.32 384 33 1 2.48206e-314 0 0 0 
3.71 2.75336e-20 1.97528e-18 0.02 1 0.0001 0.00015 0.32 385 33 1 2.48206e-314 0 0 0 
3.73 3.04669e-20 2.19254e-18 0.02 1 0.0001 0.00015 0.32 386 33 1 2.48206e-314 0 0 0 
3.75 3.09383e-20 2.22897e-18 0.02 1 0.0001 0.00015 0.32 387 33 1 2.48206e-314 0 0 0 
3.77 2.99824e-20 2.18831e-18 0.02 1 0.0001 0.00015 0.32 388 33 1 2.48206e-314 0 0 0 
3.79 2.20299e-20 1.62397e-18 0.02 1 0.0001 0.00015 0.32 389 33 1 2.48206e-314 0 0 0 
3.81 9.19141e-21 7.19766e-19 0.02 1 0.0001 0.00015 0.32 390 32 1 2.48206e-314 0 0 0 
3.83 -8.25811e-21 -5.23466e-19 0.02 1 0.0001 0.00015 0.32 391 32 1 2.48206e-314 0 0 0 
3.85 -3.57449e-20 -2.51548e-18 0.02 1 0.0001 0.00015 0.32 392 32 1 2.48206e-314 0 0 0 
3.87 -6.6128e-20 -4.72517e-18 0.02 1 0.0001 0.00015 0.32 393 32 1 2.48206e-314 0 0 0 
3.89 -1.00315e-19 -7.19512e-18 0.02 1 0.0001 0.00015 0.32 394 32 1 2.48206e-314 0 0 0 
3.91 -1.34186e-19 -9.60768e-18 0.02 1 0.0001 0.00015 0.32 395 32 1 2.48206e-314 0 0 0 
3.93 -1.65495e-19 -1.18674e-17 0.02 1 0.0001 0.00015 0.32 396 32 1 2.48206e-314 0 0 0 
3.95 -1.90022e-19 -1.36722e-17 0.02 1 0.0001 0.00015 0.32 397 32 1 2.48206e-314 0 0 0 
3.97 -2.06939e-19 -1.48699e-17 0.02 1 0.0001 0.00015 0.32 398 32 1 2.48206e-314 0 0 0 
3.99 -2.12345e-19 -1.53116e-17 0.02 1 0.0001 0.00015 0.32 399 32 1 2.48206e-314 0 0 0 
4.01 -2.05667e-19 -1.47947e-17 0.02 1 0.0001 0.00015 0.32 400 32 1 2.48206e-314 0 0 0 
4.03 -1.88535e-19 -1.35525e-17 0.02 1 0.0001 0.00015 0.32 401 32 1 2.48206e-314 0 0 0 
4.05 -1.61442e-19 -1.16065e-17 0.02 1 0.0001 0.00015 0.32 402 32 1 2.48206e-314 0 0 0 
4.07 -1.31244e-19 -9.41964e-18 0.02 1 0.0001 0.00015 0.32 403 32 1 2.48206e-314 0 0 0 
4.09 -9.76511e-20 -7.01364e-18 0.02 1 0.0001 0.00015 0.32 404 32 1 2.48206e-314 0 0 0 
4.11 -6.34596e-20 -4.56127e-18 0.02 1 0.0001 0.00015 0.32 405 32 1 2.48206e-314 0 0 0 
4.13 -3.43308e-20 -2.46021e-18 0.02 1 0.0001 0.00015 0.32 406 32 1 2.48206e-314 0 0 0 
4.15 -6.52231e-21 -4.62692e-19 0.02 1 0.0001 0.00015 0.32 407 32 1 2.48206e-314 0 0 0 
4.17 1.2781e-20 9.24536e-19 0.02 1 0.0001 0.00015 0.32 408 32 1 2.48206e-314 0 0 0 
4.19 2.20485e-20 1.58543e-18 0.02 1 0.0001 0.00015 0.32 409 32 1 2.48206e-314 0 0 0 
4.21 2.99115e-20 2.14829e-18 0.02 1 0.0001 0.00015 0.32 410 32 1 2.48206e-314 0 0 0 
4.23 3.11725e-20 2.23532e-18 0.02 1 0.0001 0.00015 0.32 411 31 1 2.48206e-314 0 0 0 
4.25 2.98915e-20 2.14342e-18 0.02 1 0.0001 0.00015 0.32 412 31 1 2.48206e-314 0 0 0 
4.27 2.61351e-20 1.87406e-18 0.02 1 0.0001 0.00015 0.32 413 31 1 2.48206e-314 0 0 0 
4.29 2.06571e-20 1.48125e-18 0.02 1 0.0001 0.00015 0.32 414 31 1 2.48206e-314 0 0 0 
4.31 1.65316e-20 1.18542e-18 0.02 1 0.0001 0.00015 0.32 415 31 1 2.48206e-314 0 0 0 
4.33 1.15585e-20 8.28822e-19 0.02 1 0.0001 0.00015 0.32 416 31 1 2.48206e-314 0 0 0 
4.35 8.57586e-21 6.14946e-19 0.02 1 0.0001 0.00015 0.32 417 31 1 2.48206e-314 0 0 0 
4.37 5.98302e-21 4.29022e-19 0.02 1 0.0001 0.00015 0.32 418 31 1 2.48206e-314 0 0 0 
4.39 3.67368e-21 2.63427e-19 0.02 1 0.0001 0.00015 0.32 419 31 1 2.48206e-314 0 0 0 
4.41 2.29753e-21 1.64748e-19 0.02 1 0.0001 0.00015 0.32 420 31 1 2.48206e-314 0 0 0 
4.43 1.37615e-21 9.86793e-20 0.02 1 0.0001 0.00015 0.32 421 31 1 2.48206e-314 0 0 0 
4.45 6.31968e-22 4.53163e-20 0.02 1 0.0001 0.00015 0.32 422 31 1 2.48206e-314 0 0 0 
4.47 2.18531e-22 1.56701e-20 0.02 1 0.0001 0.00015 0.32 423 31 1 2.48206e-314 0 0 0 
4.49 8.56405e-23 6.14099e-21 0.02 1 0.0001 0.00015 0.32 424 31 1 2.48206e-314 0 0 0 
4.51 2.65781e-23 1.90582e-21 0.02 1 0.0001 0.00015 0.32 425 31 1 2.48206e-314 0 0 0 
4.53 1.07434e-37 7.70372e-36 0.02 1 0.0001 0.00015 0.32 426 31 1 2.48206e-314 0 0 0 
4.55 0 0 0.02 1 0.0001 0.00015 0.32 427 31 1 2.48206e-314 0 0 0 
4.57 0 0 0.02 1 0.0001 0.00015 0.32 428 31 1 2.48206e-314 0 0 0 
4.59 0 0 0.02 1 0.0001 0.00015 0.32 429 31 1 2.48206e-314 0 0 0 
4.61 0 0 0.02 1 0.0001 0.00015 0.32 430 31 1 2.48206e-314 0 0 0 
4.63 0 0 0.02 1 0.0001 0.00015 0.32 431 31 1 2.48206e-314 0 0 0 
4.65 0 0 0.02 1 0.0001 0.00015 0.32 432 31 1 2.48206e-314 0 0 0 
4.67 0 0 0.02 1 0.0001 0.00015 0.32 433 31 1 2.48206e-314 0 0 0 
4.69 0 0 0.02 1 0.0001 0.00015 0.32 434 31 1 2.48206e-314 0 0 0 
4.71 0 0 0.02 1 0.0001 0.00015 0.32 435 31 1 2.48206e-314 0 0 0 
4.73 0 0 0.02 1 0.0001 0.00015 0.32 436 31 1 2.48206e-314 0 0 0 
4.75 0 0 0.02 1 0.0001 0.00015 0.32 437 31 1 2.48206e-314 0 0 0 
4.77 0 0 0.02 1 0.0001 0.00015 0.32 438 31 1 2.48206e-314 0 0 0 
4.79 0 0 0.02 1 0.0001 0.00015 0.32 439 31 1 2.48206e-314 0 0 0 
4.81 0 0 0.02 1 0.0001 0.00015 0.32 440 31 1 2.48206e-314 0 0 0 
4.83 0 0 0.02 1 0.0001 0.00015 0.32 441 31 1 2.48206e-314 0 0 0 
4.85 0 0 0.02 1 0.0001 0.00015 0.32 442 31 1 2.48206e-314 0 0 0 
4.87 0 0 0.02 1 0.0001 0.00015 0.32 443 31 1 2.48206e-314 0 0 0 
4.89 0 0 0.02 1 0.0001 0.00015 0.32 444 31 1 2.48206e-314 0 0 0 
4.91 0 0 0.02 1 0.0001 0.00015 0.32 445 31 1 2.48206e-314 0 0 0 
4.93 0 0 0.02 1 0.0001 0.00015 0.32 446 31 1 2.48206e-314 0 0 0 
4.95 0 0 0.02 1 0.0001 0.00015 0.32 447 31 1 2.48206e-314 0 0 0 
4.97 0 0 0.02 1 0.0001 0.00015 0.32 448 31 1 2.48206e-314 0 0 0 
4.99 0 0 0.02 1 0.0001 0.00015 0.32 449 31 1 2.48206e-314 0 0 0 
5.01 0 0 0.02 1 0.0001 0.00015 0.32 450 31 1 2.48206e-314 0 0 0 
5.03 0 0 0.02 1 0.0001 0.00015 0.32 451 31 1 2.48206e-314 0 0 0 
5.05 0 0 0.02 1 0.0001 0.00015 0.32 452 31 1 2.48206e-314 0 0 0 
5.07 0 0 0.02 1 0.0001 0.00015 0.32 453 31 1 2.48206e-314 0 0 0 
5.09 0 0 0.02 1 0.0001 0.00015 0.32 454 31 1 2.48206e-314 0 0 0 
5.11 0 0 0.02 1 0.0001 0.00015 0.32 455 31 1 2.48206e-314 0 0 0 
5.13 0 0 0.02 1 0.0001 0.00015 0.32 456 31 1 2.48206e-314 0 0 0 
5.15 0 0 0.02 1 0.0001 0.00015 0.32 457 31 1 2.48206e-314 0 0 0 
5.17 0 0 0.02 1 0.0001 0.00015 0.32 458 31 1 2.48206e-314 0 0 0 
5.19 0 0 0.02 1 0.0001 0.00015 0.32 459 31 1 2.48206e-314 0 0 0 
5.21 0 0 0.02 1 0.0001 0.00015 0.32 460 31 1 2.48206e-314 0 0 0 
5.23 0 0 0.02 1 0.0001 0.00015 0.32 461 31 1 2.48206e-314 0 0 0 
5.25 0 0 0.02 1 0.0001 0.00015 0.32 462 31 1 2.48206e-314 0 0 0 
5.27 0 0 0.02 1 0.0001 0.00015 0.32 463 31 1 2.48206e-314 0 0 0 
5.29 0 0 0.02 1 0.0001 0.00015 0.32 464 31 1 2.48206e-314 0 0 0 
5.31 0 0 0.02 1 0.0001 0.00015 0.32 465 31 1 2.48206e-314 0 0 0 
5.33 0 0 0.02 1 0.0001 0.00015 0.32 466 31 1 2.48206e-314 0 0 0 
5.35 0 0 0.02 1 0.0001 0.00015 0.32 467 31 1 2.48206e-314 0 0 0 
5.37 0 0 0.02 1 0.0001 0.00015 0.32 468 31 1 2.48206e-314 0 0 0 
5.39 0 0 0.02 1 0.0001 0.00015 0.32 469 31 1 2.48206e-314 0 0 0 
5.41 0 0 0.02 1 0.0001 0.00015 0.32 470 31 1 2.48206e-314 0 0 0 
5.43 0 0 0.02 1 0.0001 0.00015 0.32 471 31 1 2.48206e-314 0 0 0 
5.45 0 0 0.02 1 0.0001 0.00015 0.32 472 31 1 2.48206e-314 0 0 0 
5.47 0 0 0.02 1 0.0001 0.00015 0.32 473 31 1 2.48206e-314 0 0 0 
5.49 0 0 0.02 1 0.0001 0.00015 0.32 474 31 1 2.48206e-314 0 0 0 
5.51 0 0 0.02 1 0.0001 0.00015 0.32 475 31 1 2.48206e-314 0 0 0 
5.53 0 0 0.02 1 0.0001 0.00015 0.32 476 31 1 2.48206e-314 0 0 0 
5.55 0 0 0.02 1 0.0001 0.00015 0.32 477 31 1 2.48206e-314 0 0 0 
5.57 0 0 0.02 1 0.0001 0.00015 0.32 478 31 1 2.48206e-314 0 0 0 
5.59 0 0 0.02 1 0.0001 0.00015 0.32 479 31 1 2.48206e-314 0 0 0 
5.61 0 0 0.02 1 0.0001 0.00015 0.32 480 31 1 2.48206e-314 0 0 0 
5.63 0 0 0.02 1 0.0001 0.00015 0.32 481 31 1 2.48206e-314 0 0 0 
5.65 0 0 0.02 1 0.0001 0.00015 0.32 482 31 1 2.48206e-314 0 0 0 
5.67 0 0 0.02 1 0.0001 0.00015 0.32 483 31 1 2.48206e-314 0 0 0 
5.69 0 0 0.02 1 0.0001 0.00015 0.32 484 31 1 2.48206e-314 0 0 0 
5.71 0 0 0.02 1 0.0001 0.00015 0.32 485 31 1 2.48206e-314 0 0 0 
5.73 0 0 0.02 1 0.0001 0.00015 0.32 486 31 1 2.48206e-314 0 0 0 
5.75 0 0 0.02 1 0.0001 0.00015 0.32 487 31 1 2.48206e-314 0 0 0 
5.77 0 0 0.02 1 0.0001 0.00015 0.32 488 31 1 2.48206e-314 0 0 0 
5.79 0 0 0.02 1 0.0001 0.00015 0.32 489 31 1 2.48206e-314 0 0 0 
5.81 0 0 0.02 1 0.0001 0.00015 0.32 490 31 1 2.48206e-314 0 0 0 
5.83 0 0 0.02 1 0.0001 0.00015 0.32 491 31 1 2.48206e-314 0 0 0 
5.85 0 0 0.02 1 0.0001 0.00015 0.32 492 31 1 2.48206e-314 0 0 0 
5.87 0 0 0.02 1 0.0001 0.00015 0.32 493 31 1 2.48206e-314 0 0 0 
5.89 0 0 0.02 1 0.0001 0.00015 0.32 494 31 1 2.48206e-314 0 0 0 
5.91 0 0 0.02 1 0.0001 0.00015 0.32 495 31 1 2.48206e-314 0 0 0 
5.93 0 0 0.02 1 0.0001 0.00015 0.32 496 31 1 2.48206e-314 0 0 0 
5.95 0 0 0.02 1 0.0001 0.00015 0.32 497 31 1 2.48206e-314 0 0 0 
5.97 0 0 0.02 1 0.0001 0.00015 0.32 498 31 1 2.48206e-314 0 0 0 
5.99 0 0 0.02 1 0.0001 0.00015 0.32 499 31 1 2.48206e-314 0 0 0 
6.01 0 0 0.02 1 0.0001 0.00015 0.32 500 31 1 2.48206e-314 0 0 0 
6.03 0 0 0.02 1 0.0001 0.00015 0.32 501 31 1 2.48206e-314 0 0 0 
6.05 0 0 0.02 1 0.0001 0.00015 0.32 502 31 1 2.48206e-314 0 0 0 
6.07 0 0 0.02 1 0.0001 0.00015 0.32 503 31 1 2.48206e-314 0 0 0 
6.09 0 0 0.02 1 0.0001 0.00015 0.32 504 31 1 2.48206e-314 0 0 0 
6.11 0 0 0.02 1 0.0001 0.00015 0.32 505 31 1 2.48206e-314 0 0 0 
6.13 0 0 0.02 1 0.0001 0.00015 0.32 506 31 1 2.48206e-314 0 0 0 
6.15 0 0 0.02 1 0.0001 0.00015 0.32 507 31 1 2.48206e-314 0 0 0 
6.17 0 0 0.02 1 0.0001 0.00015 0.32 508 31 1 2.48206e-314 0 0 0 
6.19 0 0 0.02 1 0.0001 0.00015 0.32 509 31 1 2.48206e-314 0 0 0 
6.21 0 0 0.02 1 0.0001 0.00015 0.32 510 31 1 2.48206e-314 0 0 0 
6.23 0 0 0.02 1 0.0001 0.00015 0.32 511 31 1 2.48206e-314 0 0 0 
6.25 0 0 0.02 1 0.0001 0.00015 0.32 512 31 1 2.48206e-314 0 0 0 
6.27 0 0 0.02 1 0.0001 0.00015 0.32 513 31 1 2.48206e-314 0 0 0 
6.29 0 0 0.02 1 0.0001 0.00015 0.32 514 31 1 2.48206e-314 0 0 0 
6.31 0 0 0.02 1 0.0001 0.00015 0.32 515 31 1 2.48206e-314 0 0 0 
6.33 0 0 0.02 1 0.0001 0.00015 0.32 516 31 1 2.48206e-314 0 0 0 
6.35 0 0 0.02 1 0.0001 0.00015 0.32 517 31 1 2.48206e-314 0 0 0 
6.37 0 0 0.02 1 0.0001 0.00015 0.32 518 31 1 2.48206e-314 0 0 0 
6.39 0 0 0.02 1 0.0001 0.00015 0.32 519 31 1 2.48206e-314 0 0 0 
6.41 0 0 0.02 1 0.0001 0.00015 0.32 520 31 1 2.48206e-314 0 0 0 
6.43 0 0 0.02 1 0.0001 0.00015 0.32 521 31 1 2.48206e-314 0 0 0 
6.45 0 0 0.02 1 0.0001 0.00015 0.32 522 31 1 2.48206e-314 0 0 0 
6.47 0 0 0.02 1 0.0001 0.00015 0.32 523 31 1 2.48206e-314 0 0 0 
6.49 0 0 0.02 1 0.0001 0.00015 0.32 524 31 1 2.48206e-314 0 0 0 
6.51 0 0 0.02 1 0.0001 0.00015 0.32 525 31 1 2.48206e-314 0 0 0 
6.53 0 0 0.02 1 0.0001 0.00015 0.32 526 31 1 2.48206e-314 0 0 0 
6.55 0 0 0.02 1 0.0001 0.00015 0.32 527 31 1 2.48206e-314 0 0 0 
6.57 0 0 0.02 1 0.0001 0.00015 0.32 528 31 1 2.48206e-314 0 0 0 
6.59 0 0 0.02 1 0.0001 0.00015 0.32 529 31 1 2.48206e-314 0 0 0 
6.61 0 0 0.02 1 0.0001 0.00015 0.32 530 31 1 2.48206e-314 0 0 0 
6.63 0 0 0.02 1 0.0001 0.00015 0.32 531 31 1 2.48206e-314 0 0 0 
6.65 0 0 0.02 1 0.0001 0.00015 0.32 532 31 1 2.48206e-314 0 0 0 
6.67 0 0 0.02 1 0.0001 0.00015 0.32 533 31 1 2.48206e-314 0 0 0 
6.69 0 0 0.02 1 0.0001 0.00015 0.32 534 31 1 2.48206e-314 0 0 0 
6.71 0 0 0.02 1 0.0001 0.00015 0.32 535 31 1 2.48206e-314 0 0 0 
6.73 0 0 0.02 1 0.0001 0.00015 0.32 536 31 1 2.48206e-314 0 0 0 
6.75 0 0 0.02 1 0.0001 0.00015 0.32 537 31 1 2.48206e-314 0 0 0 
6.77 0 0 0.02 1 0.0001 0.00015 0.32 538 31 1 2.48206e-314 0 0 0 
6.79 0 0 0.02 1 0.0001 0.00015 0.32 539 31 1 2.48206e-314 0 0 0 
6.81 0 0 0.02 1 0.0001 0.00015 0.32 540 31 1 2.48206e-314 0 0 0 
6.83 0 0 0.02 1 0.0001 0.00015 0.32 541 31 1 2.48206e-314 0 0 0 
6.85 0 0 0.02 1 0.0001 0.00015 0.32 542 31 1 2.48206e-314 0 0 0 
6.87 0 0 0.02 1 0.0001 0.00015 0.32 543 31 1 2.48206e-314 0 0 0 
6.89 0 0 0.02 1 0.0001 0.00015 0.32 544 31 1 2.48206e-314 0 0 0 
6.91 0 0 0.02 1 0.0001 0.00015 0.32 545 31 1 2.48206e-314 0 0 0 
6.93 0 0 0.02 1 0.0001 0.00015 0.32 546 31 1 2.48206e-314 0 0 0 
6.95 0 0 0.02 1 0.0001 0.00015 0.32 547 31 1 2.48206e-314 0 0 0 
6.97 0 0 0.02 1 0.0001 0.00015 0.32 548 31 1 2.48206e-314 0 0 0 
6.99 0 0 0.02 1 0.0001 0.00015 0.32 549 31 1 2.48206e-314 0 0 0 
7.01 0 0 0.02 1 0.0001 0.00015 0.32 550 31 1 2.48206e-314 0 0 0 
7.03 0 0 0.02 1 0.0001 0.00015 0.32 551 31 1 2.48206e-314 0 0 0 
7.05 0 0 0.02 1 0.0001 0.00015 0.32 552 31 1 2.48206e-314 0 0 0 
7.07 0 0 0.02 1 0.0001 0.00015 0.32 553 31 1 2.48206e-314 0 0 0 
7.09 0 0 0.02 1 0.0001 0.00015 0.32 554 31 1 2.48206e-314 0 0 0 
7.11 0 0 0.02 1 0.0001 0.00015 0.32 555 31 1 2.48206e-314 0 0 0 
7.13 0 0 0.02 1 0.0001 0.00015 0.32 556 31 1 2.48206e-314 0 0 0 
7.15 0 0 0.02 1 0.0001 0.00015 0.32 557 31 1 2.48206e-314 0 0 0 
7.17 0 0 0.02 1 0.0001 0.00015 0.32 558 31 1 2.48206e-314 0 0 0 
7.19 0 0 0.02 1 0.0001 0.00015 0.32 559 31 1 2.48206e-314 0 0 0 
7.21 0 0 0.02 1 0.0001 0.00015 0.32 560 31 1 2.48206e-314 0 0 0 
7.23 0 0 0.02 1 0.0001 0.00015 0.32 561 31 1 2.48206e-314 0 0 0 
7.25 0 0 0.02 1 0.0001 0.00015 0.32 562 31 1 2.48206e-314 0 0 0 
7.27 0 0 0.02 1 0.0001 0.00015 0.32 563 31 1 2.48206e-314 0 0 0 
7.29 0 0 0.02 1 0.0001 0.00015 0.32 564 31 1 2.48206e-314 0 0 0 
7.31 0 0 0.02 1 0.0001 0.00015 0.32 565 31 1 2.48206e-314 0 0 0 
7.33 0 0 0.02 1 0.0001 0.00015 0.32 566 31 1 2.48206e-314 0 0 0 
7.35 0 0 0.02 1 0.0001 0.00015 0.32 567 31 1 2.48206e-314 0 0 0 
7.37 0 0 0.02 1 0.0001 0.00015 0.32 568 31 1 2.48206e-314 0 0 0 
7.39 -3.49983e-25 -2.11758e-22 0.02 1 0.0001 0.00015 0.32 569 31 1 2.48206e-314 0 0 0 
7.41 -1.13618e-22 -8.89385e-21 0.02 1 0.0001 0.00015 0.32 570 31 1 2.48206e-314 0 0 0 
7.43 -8.11955e-22 -5.97158e-20 0.02 1 0.0001 0.00015 0.32 571 31 1 2.48206e-314 0 0 0 
7.45 -3.08866e-21 -2.24464e-19 0.02 1 0.0001 0.00015 0.32 572 31 1 2.48206e-314 0 0 0 
7.47 -8.60478e-21 -6.22993e-19 0.02 1 0.0001 0.00015 0.32 573 31 1 2.48206e-314 0 0 0 
7.49 -1.94073e-20 -1.3976e-18 0.02 1 0.0001 0.00015 0.32 574 31 1 2.48206e-314 0 0 0 
7.51 -3.92162e-20 -2.82401e-18 0.02 1 0.0001 0.00015 0.32 575 31 1 2.48206e-314 0 0 0 
7.53 -7.14665e-20 -5.13641e-18 0.02 1 0.0001 0.00015 0.32 576 31 1 2.48206e-314 0 0 0 
7.55 -1.20327e-19 -8.63931e-18 0.02 1 0.0001 0.00015 0.32 577 31 1 2.48206e-314 0 0 0 
7.57 -1.91094e-19 -1.37245e-17 0.02 1 0.0001 0.00015 0.32 578 31 1 2.48206e-314 0 0 0 
7.59 -2.84672e-19 -2.04321e-17 0.02 1 0.0001 0.00015 0.32 579 31 1 2.48206e-314 0 0 0 
7.61 -4.02219e-19 -2.88512e-17 0.02 1 0.0001 0.00015 0.32 580 31 1 2.48206e-314 0 0 0 
7.63 -5.39069e-19 -3.85796e-17 0.02 1 0.0001 0.00015 0.32 581 31 1 2.48206e-314 0 0 0 
7.65 -6.89115e-19 -4.93337e-17 0.02 1 0.0001 0.00015 0.32 582 31 1 2.48206e-314 0 0 0 
7.67 -8.40322e-19 -6.01601e-17 0.02 1 0.0001 0.00015 0.32 583 31 1 2.48206e-314 0 0 0 
7.69 -9.76218e-19 -6.97498e-17 0.02 1 0.0001 0.00015 0.32 584 31 1 2.48206e-314 0 0 0 
7.71 -9.43798e-19 -6.75543e-17 0.02 1 0.0001 0.00015 0.32 585 32 1 2.48206e-314 0 0 0 
7.73 -7.21818e-19 -5.16034e-17 0.02 1 0.0001 0.00015 0.32 586 32 1 2.48206e-314 0 0 0 
7.75 -2.91868e-19 -2.07836e-17 0.02 1 0.0001 0.00015 0.32 587 32 1 2.48206e-314 0 0 0 
7.77 3.51485e-19 2.52973e-17 0.02 1 0.0001 0.00015 0.32 588 32 1 2.48206e-314 0 0 0 
7.79 1.20615e-18 8.64535e-17 0.02 1 0.0001 0.00015 0.32 589 32 1 2.48206e-314 0 0 0 
7.81 2.26415e-18 1.62431e-16 0.02 1 0.0001 0.00015 0.32 590 32 1 2.48206e-314 0 0 0 
7.83 3.5071e-18 2.51406e-16 0.02 1 0.0001 0.00015 0.32 591 32 1 2.48206e-314 0 0 0 
7.85 4.91007e-18 3.51864e-16 0.02 1 0.0001 0.00015 0.32 592 32 1 2.48206e-314 0 0 0 
7.87 5.88323e-18 4.21517e-16 0.02 1 0.0001 0.00015 0.32 593 32 1 2.48206e-314 0 0 0 
7.89 6.39399e-18 4.58202e-16 0.02 1 0.0001 0.00015 0.32 594 32 1 2.48206e-314 0 0 0 
7.91 6.41075e-18 4.59406e-16 0.02 1 0.0001 0.00015 0.32 595 32 1 2.48206e-314 0 0 0 
7.93 5.91938e-18 4.24119e-16 0.02 1 0.0001 0.00015 0.32 596 32 1 2.48206e-314 0 0 0 
7.95 4.91919e-18 3.52601e-16 0.02 1 0.0001 0.00015 0.32 597 33 1 2.48206e-314 0 0 0 
7.97 3.42328e-18 2.4541e-16 0.02 1 0.0001 0.00015 0.32 598 33 1 2.48206e-314 0 0 0 
7.99 1.43875e-18 1.03181e-16 0.02 1 0.0001 0.00015 0.32 599 33 1 2.48206e-314 0 0 0 
-4.01 0 0.00659425 0.02 1 10000 15000 0.32 600 31 1 3.03136e-314 0 0 0 
-4.03 0 5.06608 0.02 1 10000 15000 0.32 601 31 1 3.03136e-314 0 0 0 
-4.05 0 31.7262 0.02 1 10000 15000 0.32 602 31 1 3.03136e-314 0 0 0 
-4.07 0 96.8748 0.02 1 10000 15000 0.32 603 31 1 3.03136e-314 0 0 0 
-4.09 0 220.226 0.02 1 10000 15000 0.32 604 31 1 3.03136e-314 0 0 0 
-4.11 0 434.933 0.02 1 10000 15000 0.32 605 31 1 3.03136e-314 0 0 0 
-4.13 0 784.428 0.02 1 10000 15000 0.32 606 31 1 3.03136e-314 0 0 0 
-4.15 0 1344.36 0.02 1 10000 15000 0.32 607 31 1 3.03136e-314 0 0 0 
-4.17 0 2290.56 0.02 1 10000 15000 0.32 608 31 1 3.03136e-314 0 0 0 
-4.19 0 3616.93 0.02 1 10000 15000 0.32 609 32 1 3.03136e-314 0 0 0 
-4.21 0 5195.72 0.02 1 10000 15000 0.32 610 32 1 3.03136e-314 0 0 0 
-4.23 0 6894.75 0.02 1 10000 15000 0.32 611 32 1 3.03136e-314 0 0 0 
-4.25 0 8575.01 0.02 1 10000 15000 0.32 612 32 1 3.03136e-314 0 0 0 
-4.27 0 10087.8 0.02 1 10000 15000 0.32 613 32 1 3.03136e-314 0 0 0 
-4.29 0 11271.5 0.02 1 10000 15000 0.32 614 32 1 3.03136e-314 0 0 0 
-4.31 0 11945.9 0.02 1 10000 15000 0.32 615 32 1 3.03136e-314 0 0 0 
-4.33 0 11898.3 0.02 1 10000 15000 0.32 616 31 1 3.03136e-314 0 0 0 
-4.35 0 10568.1 0.02 0.999959 9999.59 15000 0.320013 617 31 1 3.03136e-314 0 0 0 
-4.37 0 7252.03 0.02 0.999631 9996.31 15000 0.320118 618 30 1 3.03136e-314 0 0 0 
-4.39 0 2132.63 0.02 0.998503 9985.03 15000 0.32048 619 29 1 3.03136e-314 0 0 0 
-4.41 0 -4512.16 0.02 0.995748 9957.48 15000 0.321366 620 28 1 3.03136e-314 0 0 0 
-4.43 0 -12400.6 0.02 0.990126 9901.26 15000 0.323191 621 27 1 3.03136e-314 0 0 0 
-4.45 0 -21257.3 0.02 0.979822 9798.22 15000 0.32659 622 26 1 3.03136e-314 0 0 0 
-4.47 0 -30832.5 0.02 0.962228 9622.28 15000 0.332561 623 25 1 3.03136e-314 0 0 0 
-4.49 0 -40888 0.02 0.933731 9337.31 15000 0.342711 624 25 1 3.03136e-314 0 0 0 
-4.51 0 -50859.8 0.02 0.890771 8907.71 15000 0.359239 625 24 1 3.03136e-314 0 0 0 
-4.53 0 -59973.5 0.02 0.832895 8328.95 15000 0.384202 626 25 1 3.03136e-314 0 0 0 
-4.55 0 -67510.9 0.02 0.764751 7647.51 15000 0.418437 627 25 1 3.03136e-314 0 0 0 
-4.57 0 -73025.8 0.02 0.6944 6944 15000 0.460829 628 27 1 3.03136e-314 0 0 0 
-4.59 0 -76508.9 0.02 0.62873 6287.3 15000 0.508962 629 28 1 3.03136e-314 0 0 0 
-4.61 0 -78250 0.02 0.571028 5710.28 15000 0.560393 630 30 1 3.03136e-314 0 0 0 
-4.63 0 -78627.5 0.02 0.521739 5217.39 15000 0.613333 631 31 1 3.03136e-314 0 0 0 
8.01 0 -7.14701e-17 0.02 1 0.0001 0.00015 0.32 632 33 1 3.03136e-314 0 0 0 
8.03 0 -5.06339e-08 0.02 1 0.0001 0.00015 0.32 633 33 1 3.03136e-314 0 0 0 
8.05 0 -3.17263e-07 0.02 1 0.0001 0.00015 0.32 634 33 1 3.03136e-314 0 0 0 
8.07 0 -9.68767e-07 0.02 1 0.0001 0.00015 0.32 635 33 1 3.03136e-314 0 0 0 
8.09 0 -2.20229e-06 0.02 1 0.0001 0.00015 0.32 636 32 1 3.03136e-314 0 0 0 
8.11 0 -4.34936e-06 0.02 1 0.0001 0.00015 0.32 637 32 1 3.03136e-314 0 0 0 
8.13 0 -7.84431e-06 0.02 1 0.0001 0.00015 0.32 638 32 1 3.03136e-314 0 0 0 
8.15 0 -1.34436e-05 0.02 1 0.0001 0.00015 0.32 639 32 1 3.03136e-314 0 0 0 
8.17 0 -2.29056e-05 0.02 1 0.0001 0.00015 0.32 640 32 1 3.03136e-314 0 0 0 
8.19 0 -3.61693e-05 0.02 1 0.0001 0.00015 0.32 641 32 1 3.03136e-314 0 0 0 
8.21 0 -5.19572e-05 0.02 1 0.0001 0.00015 0.32 642 32 1 3.03136e-314 0 0 0 
8.23 0 -6.89475e-05 0.02 1 0.0001 0.00015 0.32 643 32 1 3.03136e-314 0 0 0 
8.25 0 -8.57501e-05 0.02 1 0.0001 0.00015 0.32 644 32 1 3.03136e-314 0 0 0 
8.27 0 -0.000100878 0.02 1 0.0001 0.00015 0.32 645 32 1 3.03136e-314 0 0 0 
8.29 0 -0.000112715 0.02 1 0.0001 0.00015 0.32 646 31 1 3.03136e-314 0 0 0 
8.31 0 -0.000119459 0.02 1 0.0001 0.00015 0.32 647 31 1 3.03136e-314 0 0 0 
8.33 0 -0.000118983 0.02 1 0.0001 0.00015 0.32 648 31 1 3.03136e-314 0 0 0 
8.35 0 -0.000105681 0.02 0.999959 9.99959e-05 0.00015 0.320013 649 31 1 3.03136e-314 0 0 0 
8.37 0 -7.25203e-05 0.02 0.999631 9.99631e-05 0.00015 0.320118 650 30 1 3.03136e-314 0 0 0 
8.39 0 -2.13263e-05 0.02 0.998503 9.98503e-05 0.00015 0.32048 651 29 1 3.03136e-314 0 0 0 
8.41 0 4.51216e-05 0.02 0.995748 9.95748e-05 0.00015 0.321366 652 28 1 3.03136e-314 0 0 0 
8.43 0 0.000124006 0.02 0.990126 9.90126e-05 0.00015 0.323191 653 27 1 3.03136e-314 0 0 0 
8.45 0 0.000212573 0.02 0.979822 9.79822e-05 0.00015 0.32659 654 26 1 3.03136e-314 0 0 0 
8.47 0 0.000308325 0.02 0.962228 9.62228e-05 0.00015 0.332561 655 25 1 3.03136e-314 0 0 0 
8.49 0 0.00040888 0.02 0.933731 9.33731e-05 0.00015 0.342711 656 25 1 3.03136e-314 0 0 0 
8.51 0 0.000508598 0.02 0.890771 8.90771e-05 0.00015 0.359239 657 24 1 3.03136e-314 0 0 0 
8.53 0 0.000599735 0.02 0.832895 8.32895e-05 0.00015 0.384202 658 25 1 3.03136e-314 0 0 0 
8.55 0 0.000675109 0.02 0.764751 7.64751e-05 0.00015 0.418437 659 25 1 3.03136e-314 0 0 0 
8.57 0 0.000730258 0.02 0.6944 6.944e-05 0.00015 0.460829 660 27 1 3.03136e-314 0 0 0 
8.59 0 0.000765089 0.02 0.62873 6.2873e-05 0.00015 0.508962 661 28 1 3.03136e-314 0 0 0 
8.61 0 0.0007825 0.02 0.571028 5.71028e-05 0.00015 0.560393 662 30 1 3.03136e-314 0 0 0 
8.63 0 0.000786275 0.02 0.521739 5.21739e-05 0.00015 0.613333 663 31 1 3.03136e-314 0 0 0 
