# Time [s]: 0.013504
# Columns: pos [m], vel [m/s], acc [m/s^2], mass [kg], dens [kg/m^3], pres [Pa], ene [J/kg], sml [m], id, neighbor, alpha, gradh, ...additional?
# Additional arrays: grad_velocity_0(vector) grad_pressure(vector) grad_density(vector) 
-3.99 -2.94043e-06 0.00028183 0.02 1 10000 15000 0.32 0 31 1 2.48207e-314 0 0 0 
-3.97 -2.89239e-06 0.00181257 0.02 1 10000 15000 0.32 1 31 1 2.48207e-314 0 0 0 
-3.95 -2.74682e-06 0.00381586 0.02 1 10000 15000 0.32 2 31 1 2.48207e-314 0 0 0 
-3.93 -2.44857e-06 0.00644241 0.02 1 10000 15000 0.32 3 32 1 2.48207e-314 0 0 0 
-3.91 -1.92622e-06 0.0098769 0.02 1 10000 15000 0.32 4 32 1 2.48207e-314 0 0 0 
-3.89 -1.08802e-06 0.0143449 0.02 1 10000 15000 0.32 5 32 1 2.48207e-314 0 0 0 
-3.87 1.82822e-07 0.020121 0.02 1 10000 15000 0.32 6 32 1 2.48207e-314 0 0 0 
-3.85 2.03375e-06 0.0275379 0.02 1 10000 15000 0.32 7 32 1 2.48207e-314 0 0 0 
-3.83 4.64942e-06 0.0369964 0.02 1 10000 15000 0.32 8 32 1 2.48207e-314 0 0 0 
-3.81 8.29985e-06 0.0490471 0.02 1 10000 15000 0.32 9 32 1 2.48207e-314 0 0 0 
-3.79 1.32705e-05 0.0642647 0.02 1 10000 15000 0.32 10 32 1 2.48207e-314 0 0 0 
-3.77 1.9913e-05 0.0833356 0.02 1 10000 15000 0.32 11 32 1 2.48207e-314 0 0 0 
-3.75 2.86584e-05 0.107077 0.02 1 9999.99 15000 0.32 12 32 1 2.48207e-314 0 0 0 
-3.73 4.00319e-05 0.136456 0.02 1 9999.99 15000 0.32 13 32 1 2.48207e-314 0 0 0 
-3.71 5.46711e-05 0.172616 0.02 1 9999.99 15000 0.32 14 32 1 2.48207e-314 0 0 0 
-3.69 7.33468e-05 0.2169 0.02 0.999999 9999.99 15000 0.32 15 32 1 2.48207e-314 0 0 0 
-3.67 9.69869e-05 0.270884 0.02 0.999999 9999.98 15000 0.32 16 32 1 2.48207e-314 0 0 0 
-3.65 0.000126695 0.336392 0.02 0.999999 9999.98 15000 0.32 17 32 1 2.48207e-314 0 0 0 
-3.63 0.000163801 0.415569 0.02 0.999999 9999.97 15000 0.32 18 32 1 2.48207e-314 0 0 0 
-3.61 0.000209889 0.510905 0.02 0.999998 9999.97 15000 0.320001 19 32 1 2.48207e-314 0 0 0 
-3.59 0.000266842 0.625285 0.02 0.999998 9999.96 15000 0.320001 20 32 1 2.48207e-314 0 0 0 
-3.57 0.000336884 0.762035 0.02 0.999997 9999.95 15000 0.320001 21 32 1 2.48207e-314 0 0 0 
-3.55 0.000422641 0.924986 0.02 0.999997 9999.93 14999.9 0.320001 22 32 1 2.48207e-314 0 0 0 
-3.53 0.000527201 1.11853 0.02 0.999996 9999.92 14999.9 0.320001 23 32 1 2.48207e-314 0 0 0 
-3.51 0.000654183 1.34769 0.02 0.999995 9999.9 14999.9 0.320002 24 32 1 2.48207e-314 0 0 0 
-3.49 0.000807819 1.61821 0.02 0.999994 9999.88 14999.9 0.320002 25 32 1 2.48207e-314 0 0 0 
-3.47 0.000993041 1.93661 0.02 0.999993 9999.85 14999.9 0.320002 26 32 1 2.48207e-314 0 0 0 
-3.45 0.00121558 2.31029 0.02 0.999991 9999.82 14999.9 0.320003 27 32 1 2.48207e-314 0 0 0 
-3.43 0.00148209 2.74761 0.02 0.999989 9999.78 14999.8 0.320003 28 32 1 2.48207e-314 0 0 0 
-3.41 0.00180024 3.25801 0.02 0.999987 9999.74 14999.8 0.320004 29 32 1 2.48207e-314 0 0 0 
-3.39 0.0021789 3.85212 0.02 0.999985 9999.69 14999.7 0.320005 30 32 1 2.48207e-314 0 0 0 
-3.37 0.00262824 4.54182 0.02 0.999982 9999.62 14999.7 0.320006 31 32 1 2.48207e-314 0 0 0 
-3.35 0.00315995 5.34043 0.02 0.999978 9999.55 14999.6 0.320007 32 32 1 2.48207e-314 0 0 0 
-3.33 0.00378737 6.26278 0.02 0.999974 9999.46 14999.6 0.320008 33 32 1 2.48207e-314 0 0 0 
-3.31 0.00452575 7.32537 0.02 0.999969 9999.36 14999.5 0.32001 34 32 1 2.48207e-314 0 0 0 
-3.29 0.00539242 8.54648 0.02 0.999963 9999.25 14999.4 0.320012 35 32 1 2.48207e-314 0 0 0 
-3.27 0.00640705 9.9463 0.02 0.999956 9999.11 14999.3 0.320014 36 32 1 2.48207e-314 0 0 0 
-3.25 0.00759192 11.5471 0.02 0.999948 9998.95 14999.2 0.320017 37 32 1 2.48207e-314 0 0 0 
-3.23 0.00897217 13.3733 0.02 0.999939 9998.76 14999 0.32002 38 32 1 2.48207e-314 0 0 0 
-3.20999 0.0105761 15.4517 0.02 0.999928 9998.55 14998.9 0.320023 39 32 1 2.48207e-314 0 0 0 
-3.18999 0.0124356 17.8115 0.02 0.999915 9998.3 14998.7 0.320027 40 32 1 2.48207e-314 0 0 0 
-3.16999 0.0145863 20.4845 0.02 0.999901 9998.02 14998.5 0.320032 41 32 1 2.48207e-314 0 0 0 
-3.14999 0.017068 23.5052 0.02 0.999884 9997.69 14998.2 0.320037 42 32 1 2.48207e-314 0 0 0 
-3.12999 0.0199253 26.9109 0.02 0.999865 9997.31 14997.9 0.320043 43 32 1 2.48207e-314 0 0 0 
-3.10999 0.0232074 30.7417 0.02 0.999843 9996.88 14997.6 0.32005 44 32 1 2.48207e-314 0 0 0 
-3.08998 0.0269693 35.0409 0.02 0.999818 9996.39 14997.2 0.320058 45 32 1 2.48207e-314 0 0 0 
-3.06998 0.0312715 39.8545 0.02 0.999789 9995.83 14996.8 0.320067 46 32 1 2.48207e-314 0 0 0 
-3.04998 0.0361811 45.2319 0.02 0.999757 9995.19 14996.3 0.320078 47 32 1 2.48207e-314 0 0 0 
-3.02997 0.0417718 51.2251 0.02 0.999719 9994.47 14995.8 0.32009 48 32 1 2.48207e-314 0 0 0 
-3.00997 0.0481245 57.8897 0.02 0.999677 9993.65 14995.2 0.320103 49 32 1 2.48207e-314 0 0 0 
-2.98996 0.0553277 65.2838 0.02 0.999629 9992.72 14994.5 0.320119 50 32 1 2.48207e-314 0 0 0 
-2.96995 0.0634784 73.4687 0.02 0.999575 9991.67 14993.7 0.320136 51 32 1 2.48207e-314 0 0 0 
-2.94995 0.0726819 82.5084 0.02 0.999514 9990.49 14992.9 0.320156 52 32 1 2.48207e-314 0 0 0 
-2.92994 0.0830529 92.4693 0.02 0.999445 9989.16 14991.9 0.320178 53 32 1 2.48207e-314 0 0 0 
-2.90993 0.0947155 103.421 0.02 0.999367 9987.67 14990.8 0.320203 54 32 1 2.48207e-314 0 0 0 
-2.88992 0.107804 115.433 0.02 0.99928 9986 14989.6 0.32023 55 32 1 2.48207e-314 0 0 0 
-2.8699 0.122463 128.58 0.02 0.999183 9984.14 14988.2 0.320262 56 32 1 2.48207e-314 0 0 0 
-2.84989 0.138848 142.935 0.02 0.999074 9982.06 14986.7 0.320297 57 32 1 2.48207e-314 0 0 0 
-2.82987 0.157126 158.574 0.02 0.998953 9979.74 14985.1 0.320335 58 32 1 2.48207e-314 0 0 0 
-2.80985 0.177475 175.573 0.02 0.998817 9977.17 14983.2 0.320379 59 32 1 2.48207e-314 0 0 0 
-2.78983 0.200084 194.007 0.02 0.998667 9974.32 14981.2 0.320427 60 32 1 2.48207e-314 0 0 0 
-2.76981 0.225157 213.954 0.02 0.9985 9971.16 14978.9 0.320481 61 32 1 2.48207e-314 0 0 0 
-2.74978 0.252907 235.486 0.02 0.998316 9967.67 14976.4 0.32054 62 32 1 2.48207e-314 0 0 0 
-2.72975 0.28356 258.678 0.02 0.998112 9963.83 14973.7 0.320605 63 32 1 2.48207e-314 0 0 0 
-2.70971 0.317355 283.599 0.02 0.997887 9959.59 14970.6 0.320678 64 32 1 2.48207e-314 0 0 0 
-2.68967 0.354542 310.317 0.02 0.997639 9954.94 14967.3 0.320757 65 32 1 2.48207e-314 0 0 0 
-2.66963 0.395385 338.897 0.02 0.997367 9949.84 14963.7 0.320845 66 32 1 2.48207e-314 0 0 0 
-2.64958 0.440156 369.397 0.02 0.997068 9944.26 14959.8 0.320941 67 32 1 2.48207e-314 0 0 0 
-2.62952 0.489143 401.872 0.02 0.996741 9938.16 14955.5 0.321046 68 32 1 2.48207e-314 0 0 0 
-2.60946 0.542642 436.371 0.02 0.996384 9931.51 14950.8 0.321161 69 32 1 2.48207e-314 0 0 0 
-2.58939 0.600959 472.935 0.02 0.995994 9924.27 14945.8 0.321287 70 32 1 2.48207e-314 0 0 0 
-2.56931 0.664411 511.599 0.02 0.995569 9916.41 14940.3 0.321424 71 32 1 2.48207e-314 0 0 0 
-2.54923 0.733324 552.39 0.02 0.995107 9907.88 14934.3 0.321573 72 32 1 2.48207e-314 0 0 0 
-2.52913 0.808032 595.327 0.02 0.994606 9898.65 14927.9 0.321735 73 32 1 2.48207e-314 0 0 0 
-2.50903 0.888876 640.418 0.02 0.994063 9888.68 14921 0.321911 74 32 1 2.48207e-314 0 0 0 
-2.48891 0.976204 687.664 0.02 0.993476 9877.92 14913.5 0.322101 75 32 1 2.48207e-314 0 0 0 
-2.46878 1.07037 737.055 0.02 0.992842 9866.33 14905.5 0.322307 76 32 1 2.48207e-314 0 0 0 
-2.44864 1.17172 788.571 0.02 0.992159 9853.88 14897 0.322529 77 32 1 2.48207e-314 0 0 0 
-2.42849 1.28063 842.181 0.02 0.991425 9840.53 14887.8 0.322768 78 32 1 2.48207e-314 0 0 0 
-2.40832 1.39746 897.845 0.02 0.990636 9826.22 14877.9 0.323025 79 32 1 2.48207e-314 0 0 0 
-2.38813 1.52255 955.511 0.02 0.98979 9810.92 14867.5 0.323301 80 32 1 2.48207e-314 0 0 0 
-2.36793 1.65629 1015.12 0.02 0.988884 9794.59 14856.3 0.323597 81 32 1 2.48207e-314 0 0 0 
-2.34771 1.79901 1076.59 0.02 0.987916 9777.2 14844.4 0.323914 82 32 1 2.48207e-314 0 0 0 
-2.32747 1.95109 1139.85 0.02 0.986884 9758.69 14831.8 0.324253 83 32 1 2.48207e-314 0 0 0 
-2.30721 2.11286 1204.81 0.02 0.985784 9739.04 14818.5 0.324615 84 32 1 2.48207e-314 0 0 0 
-2.28692 2.28467 1271.36 0.02 0.984614 9718.2 14804.3 0.325 85 32 1 2.48207e-314 0 0 0 
-2.26661 2.46686 1339.39 0.02 0.983372 9696.14 14789.4 0.325411 86 32 1 2.48207e-314 0 0 0 
-2.24628 2.65975 1408.78 0.02 0.982055 9672.83 14773.6 0.325847 87 32 1 2.48207e-314 0 0 0 
-2.22592 2.86365 1479.42 0.02 0.980662 9648.24 14757 0.32631 88 32 1 2.48207e-314 0 0 0 
-2.20552 3.07888 1551.16 0.02 0.979189 9622.33 14739.5 0.326801 89 32 1 2.48207e-314 0 0 0 
-2.1851 3.30572 1623.88 0.02 0.977634 9595.08 14721.1 0.327321 90 32 1 2.48207e-314 0 0 0 
-2.16465 3.54445 1697.42 0.02 0.975997 9566.46 14701.8 0.32787 91 32 1 2.48207e-314 0 0 0 
-2.14415 3.79534 1771.64 0.02 0.974273 9536.45 14681.6 0.32845 92 32 1 2.48207e-314 0 0 0 
-2.12363 4.05863 1846.39 0.02 0.972463 9505.03 14660.5 0.329062 93 32 1 2.48207e-314 0 0 0 
-2.10306 4.33457 1921.52 0.02 0.970563 9472.18 14638.5 0.329706 94 32 1 2.48207e-314 0 0 0 
-2.08245 4.62335 1996.88 0.02 0.968572 9437.88 14615.4 0.330383 95 32 1 2.48207e-314 0 0 0 
-2.0618 4.9252 2072.3 0.02 0.96649 9402.13 14591.5 0.331095 96 32 1 2.48207e-314 0 0 0 
-2.04111 5.24028 2147.64 0.02 0.964314 9364.91 14566.5 0.331842 97 32 1 2.48207e-314 0 0 0 
-2.02036 5.56876 2222.74 0.02 0.962043 9326.21 14540.6 0.332625 98 32 1 2.48207e-314 0 0 0 
-1.99957 5.91079 2297.44 0.02 0.959677 9286.04 14513.7 0.333446 99 32 1 2.48207e-314 0 0 0 
-1.97872 6.2665 2371.6 0.02 0.957214 9244.39 14485.8 0.334303 100 32 1 2.48207e-314 0 0 0 
-1.95782 6.63599 2445.07 0.02 0.954654 9201.26 14456.9 0.3352 101 32 1 2.48207e-314 0 0 0 
-1.93687 7.01935 2517.71 0.02 0.951996 9156.66 14427 0.336136 102 32 1 2.48207e-314 0 0 0 
-1.91585 7.41667 2589.36 0.02 0.94924 9110.59 14396.1 0.337112 103 32 1 2.48207e-314 0 0 0 
-1.89477 7.82799 2659.91 0.02 0.946385 9063.08 14364.3 0.338129 104 32 1 2.48207e-314 0 0 0 
-1.87362 8.25335 2729.2 0.02 0.943432 9014.12 14331.4 0.339187 105 32 1 2.48207e-314 0 0 0 
-1.85241 8.69278 2797.13 0.02 0.940381 8963.74 14297.6 0.340288 106 32 1 2.48207e-314 0 0 0 
-1.83113 9.14626 2863.57 0.02 0.937231 8911.95 14262.8 0.341431 107 32 1 2.48207e-314 0 0 0 
-1.80978 9.61379 2928.39 0.02 0.933983 8858.79 14227.1 0.342619 108 32 1 2.48207e-314 0 0 0 
-1.78834 10.0953 2991.49 0.02 0.930638 8804.26 14190.3 0.34385 109 32 1 2.48207e-314 0 0 0 
-1.76684 10.5908 3052.75 0.02 0.927196 8748.41 14152.7 0.345127 110 32 1 2.48207e-314 0 0 0 
-1.74524 11.1002 3112.08 0.02 0.923659 8691.25 14114.1 0.346448 111 32 1 2.48207e-314 0 0 0 
-1.72357 11.6233 3169.38 0.02 0.920026 8632.82 14074.6 0.347816 112 32 1 2.48207e-314 0 0 0 
-1.70181 12.1602 3224.54 0.02 0.916301 8573.16 14034.2 0.34923 113 32 1 2.48207e-314 0 0 0 
-1.67995 12.7106 3277.47 0.02 0.912482 8512.3 13992.9 0.350692 114 32 1 2.48207e-314 0 0 0 
-1.65801 13.2745 3328.1 0.02 0.908574 8450.28 13950.8 0.3522 115 32 1 2.48207e-314 0 0 0 
-1.63597 13.8516 3376.33 0.02 0.904576 8387.13 13907.8 0.353757 116 32 1 2.48207e-314 0 0 0 
-1.61382 14.4419 3422.1 0.02 0.90049 8322.92 13863.9 0.355362 117 32 1 2.48207e-314 0 0 0 
-1.59158 15.0451 3465.32 0.02 0.896319 8257.66 13819.3 0.357016 118 32 1 2.48207e-314 0 0 0 
-1.56923 15.6611 3505.92 0.02 0.892064 8191.42 13773.8 0.358719 119 32 1 2.48207e-314 0 0 0 
-1.54677 16.2896 3543.84 0.02 0.887728 8124.24 13727.6 0.360471 120 32 1 2.48207e-314 0 0 0 
-1.5242 16.9304 3579.01 0.02 0.883313 8056.17 13680.7 0.362273 121 32 1 2.48207e-314 0 0 0 
-1.50152 17.5831 3611.34 0.02 0.878821 7987.26 13633 0.364124 122 32 1 2.48207e-314 0 0 0 
-1.47871 18.2475 3640.77 0.02 0.874255 7917.57 13584.7 0.366026 123 32 1 2.48207e-314 0 0 0 
-1.45579 18.9234 3667.22 0.02 0.869617 7847.14 13535.7 0.367978 124 32 1 2.48207e-314 0 0 0 
-1.43274 19.6103 3690.62 0.02 0.864911 7776.04 13486.1 0.36998 125 32 1 2.48207e-314 0 0 0 
-1.40956 20.308 3710.89 0.02 0.86014 7704.31 13435.8 0.372032 126 32 1 2.48207e-314 0 0 0 
-1.38626 21.016 3727.96 0.02 0.855307 7632.03 13385 0.374135 127 32 1 2.48207e-314 0 0 0 
-1.36282 21.7342 3741.76 0.02 0.850414 7559.25 13333.7 0.376287 128 32 1 2.48207e-314 0 0 0 
-1.33924 22.4619 3752.24 0.02 0.845466 7486.02 13281.8 0.378489 129 32 1 2.48207e-314 0 0 0 
-1.31552 23.1989 3759.32 0.02 0.840467 7412.43 13229.5 0.380741 130 32 1 2.48207e-314 0 0 0 
-1.29165 23.9446 3762.95 0.02 0.835418 7338.51 13176.8 0.383042 131 32 1 2.48207e-314 0 0 0 
-1.26764 24.6985 3763.06 0.02 0.830325 7264.35 13123.6 0.385391 132 32 1 2.48207e-314 0 0 0 
-1.24348 25.4601 3759.58 0.02 0.825192 7190 13070.2 0.387789 133 32 1 2.48207e-314 0 0 0 
-1.21917 26.2286 3752.4 0.02 0.820022 7115.53 13016.4 0.390233 134 32 1 2.48207e-314 0 0 0 
-1.1947 27.0034 3741.45 0.02 0.81482 7041.02 12962.3 0.392725 135 32 1 2.48207e-314 0 0 0 
-1.17008 27.784 3726.6 0.02 0.809591 6966.52 12908 0.395262 136 32 1 2.48207e-314 0 0 0 
-1.14529 28.5695 3707.76 0.02 0.804339 6892.11 12853.6 0.397842 137 32 1 2.48207e-314 0 0 0 
-1.12034 29.3593 3684.82 0.02 0.799069 6817.86 12799 0.400466 138 32 1 2.48207e-314 0 0 0 
-1.09522 30.1528 3657.69 0.02 0.793787 6743.86 12744.3 0.403131 139 32 1 2.48207e-314 0 0 0 
-1.06993 30.9492 3626.32 0.02 0.788497 6670.16 12689.7 0.405836 140 32 1 2.48207e-314 0 0 0 
-1.04446 31.7478 3590.69 0.02 0.783203 6596.86 12635 0.408578 141 32 1 2.48207e-314 0 0 0 
-1.01882 32.5478 3550.78 0.02 0.777912 6524.03 12580.6 0.411357 142 32 1 2.48207e-314 0 0 0 
-0.993008 33.3481 3506.61 0.02 0.772628 6451.73 12526.3 0.414171 143 32 1 2.48207e-314 0 0 0 
-0.967015 34.1477 3458.2 0.02 0.767355 6380.04 12472.2 0.417017 144 32 1 2.48207e-314 0 0 0 
-0.940842 34.9453 3405.53 0.02 0.762099 6309.03 12418.5 0.419893 145 32 1 2.48207e-314 0 0 0 
-0.914487 35.7395 3348.58 0.02 0.756865 6238.79 12365.1 0.422797 146 32 1 2.48207e-314 0 0 0 
-0.887948 36.5291 3287.28 0.02 0.751659 6169.38 12312.3 0.425725 147 32 1 2.48207e-314 0 0 0 
-0.861224 37.3127 3221.54 0.02 0.746486 6100.9 12260 0.428675 148 32 1 2.48207e-314 0 0 0 
-0.834312 38.089 3151.3 0.02 0.741352 6033.42 12208.4 0.431644 149 32 1 2.48207e-314 0 0 0 
-0.80721 38.8573 3076.54 0.02 0.736264 5967.05 12157.5 0.434627 150 32 1 2.48207e-314 0 0 0 
-0.779917 39.6165 2997.31 0.02 0.731226 5901.88 12107.6 0.437621 151 32 1 2.48207e-314 0 0 0 
-0.752431 40.3661 2913.83 0.02 0.726245 5838.01 12058.7 0.440623 152 32 1 2.48207e-314 0 0 0 
-0.724752 41.1053 2826.45 0.02 0.721323 5775.52 12011.1 0.443629 153 32 1 2.48207e-314 0 0 0 
-0.696883 41.8333 2735.65 0.02 0.716464 5714.5 11964.8 0.446638 154 32 1 2.48207e-314 0 0 0 
-0.668824 42.5489 2642.01 0.02 0.711669 5655.03 11920 0.449647 155 32 1 2.48207e-314 0 0 0 
-0.640578 43.2505 2546.13 0.02 0.70694 5597.17 11877 0.452655 156 32 1 2.48207e-314 0 0 0 
-0.612148 43.9359 2448.53 0.02 0.702279 5541.02 11835.8 0.455659 157 32 1 2.48207e-314 0 0 0 
-0.583535 44.603 2349.63 0.02 0.69769 5486.63 11796.8 0.458657 158 32 1 2.48207e-314 0 0 0 
-0.554741 45.2495 2249.66 0.02 0.693175 5434.11 11759.9 0.461644 159 32 1 2.48207e-314 0 0 0 
-0.525763 45.8736 2148.69 0.02 0.688742 5383.55 11725.5 0.464615 160 32 1 2.48207e-314 0 0 0 
-0.496599 46.4744 2046.76 0.02 0.684396 5335.1 11693.7 0.467566 161 32 1 2.48207e-314 0 0 0 
-0.467245 47.0522 1943.95 0.02 0.680144 5288.89 11664.9 0.470489 162 32 1 2.48207e-314 0 0 0 
-0.437697 47.6083 1840.53 0.02 0.675992 5245.08 11639.3 0.473378 163 32 1 2.48207e-314 0 0 0 
-0.40795 48.1453 1737.11 0.02 0.671944 5203.82 11617.3 0.47623 164 32 1 2.48207e-314 0 0 0 
-0.378008 48.6658 1634.7 0.02 0.668 5165.26 11599.2 0.479042 165 32 1 2.48207e-314 0 0 0 
-0.347875 49.1716 1534.66 0.02 0.664161 5129.52 11585.5 0.481811 166 32 1 2.48207e-314 0 0 0 
-0.317567 49.663 1438.54 0.02 0.660427 5096.69 11576.4 0.484535 167 32 1 2.48207e-314 0 0 0 
-0.287101 50.1378 1348.07 0.02 0.6568 5066.85 11572.1 0.487211 168 32 1 2.48207e-314 0 0 0 
-0.2565 50.5922 1264.9 0.02 0.653289 5040.07 11572.8 0.489829 169 32 1 2.48207e-314 0 0 0 
-0.225778 51.0222 1189.7 0.02 0.649909 5016.42 11578.4 0.492376 170 32 1 2.48207e-314 0 0 0 
-0.194935 51.4242 1122.4 0.02 0.64668 4995.99 11588.7 0.494835 171 32 1 2.48207e-314 0 0 0 
-0.163954 51.7962 1061.98 0.02 0.643629 4978.88 11603.8 0.497181 172 32 1 2.48207e-314 0 0 0 
-0.132804 52.1383 1006.38 0.02 0.640787 4965.24 11623.3 0.499386 173 32 1 2.48207e-314 0 0 0 
-0.101457 52.4536 954.152 0.02 0.638192 4955.24 11647 0.501416 174 32 1 2.48207e-314 0 0 0 
-0.0698855 52.7514 903.317 0.02 0.635892 4949.1 11674.6 0.50323 175 32 1 2.48207e-314 0 0 0 
-0.038088 53.0414 851.98 0.02 0.633939 4946.99 11705.5 0.50478 176 33 1 2.48207e-314 0 0 0 
-0.00611273 53.3297 799.624 0.02 0.632392 4948.99 11738.9 0.506015 177 33 1 2.48207e-314 0 0 0 
0.0259602 53.6181 747.493 0.02 0.631314 4955.03 11773.3 0.50688 178 33 1 2.48207e-314 0 0 0 
0.0580601 53.9093 699.259 0.02 0.630766 4964.83 11806.8 0.50732 179 33 1 2.48207e-314 0 0 0 
0.0901119 54.1992 655.607 0.02 0.630821 4977.94 11836.9 0.507275 180 34 1 2.48207e-314 0 0 0 
0.122036 54.4683 617.277 0.02 0.631571 4993.75 11860.3 0.506673 181 34 1 2.48207e-314 0 0 0 
0.153762 54.6898 588.671 0.02 0.633134 5011.46 11873 0.505422 182 34 1 2.48207e-314 0 0 0 
0.185328 54.8878 578.69 0.02 0.635646 5030.19 11870.3 0.503425 183 34 1 2.48207e-314 0 0 0 
0.217052 55.0821 575.425 0.02 0.639256 5049.11 11847.6 0.500582 184 34 1 2.48207e-314 0 0 0 
0.24895 55.2492 574.6 0.02 0.644169 5066.9 11798.7 0.496764 185 35 1 2.48207e-314 0 0 0 
0.280907 55.3723 572.839 0.02 0.650625 5081.96 11716.4 0.491835 186 36 1 2.48207e-314 0 0 0 
0.312935 55.4324 563.14 0.02 0.658941 5092.7 11593 0.485628 187 37 1 2.48207e-314 0 0 0 
0.344494 55.3871 540.464 0.02 0.669296 5096.86 11423 0.478114 188 38 1 2.48207e-314 0 0 0 
0.375078 55.3073 518.73 0.02 0.681763 5092.88 11205.4 0.469371 189 38 1 2.48207e-314 0 0 0 
0.404932 55.3002 487.807 0.02 0.696648 5080.68 10939.8 0.459342 190 39 1 2.48207e-314 0 0 0 
0.434188 55.3802 450.568 0.02 0.714243 5058.39 10623.6 0.448027 191 41 1 2.48207e-314 0 0 0 
0.462965 55.4736 406.92 0.02 0.734921 5022.55 10251.6 0.435421 192 41 1 2.48207e-314 0 0 0 
0.491518 55.5964 371.559 0.02 0.75945 4970.92 9818.52 0.421358 193 43 1 2.48207e-314 0 0 0 
0.520098 55.7568 331.487 0.02 0.788823 4902.65 9323.1 0.405668 194 44 1 2.48207e-314 0 0 0 
0.547351 55.6852 309.485 0.02 0.822195 4810.04 8775.74 0.389202 195 44 1 2.48207e-314 0 0 0 
0.572821 55.5328 325.933 0.02 0.859015 4698.75 8205.25 0.37252 196 44 1 2.48207e-314 0 0 0 
0.596376 55.4024 371.286 0.02 0.898832 4577.36 7639.16 0.356018 197 45 1 2.48207e-314 0 0 0 
0.617808 55.2974 432.829 0.02 0.940796 4454.64 7102.71 0.340138 198 45 1 2.48207e-314 0 0 0 
0.636606 55.1535 500.153 0.02 0.982985 4339.26 6621.76 0.325539 199 45 1 2.48207e-314 0 0 0 
0.672342 55.1326 437.379 0.02 1.0813 3942.21 5468.38 0.295941 200 43 1 2.48206e-314 0 0 0 
0.688819 55.0696 490.791 0.02 1.13669 3842.36 5070.14 0.281519 201 42 1 2.48206e-314 0 0 0 
0.705163 55.1242 516.979 0.02 1.19922 3735.31 4671.9 0.26684 202 41 1 2.48206e-314 0 0 0 
0.721478 55.212 517.868 0.02 1.2705 3625.37 4280.03 0.25187 203 41 1 2.48206e-314 0 0 0 
0.737684 55.3011 493.551 0.02 1.35177 3518.73 3904.4 0.236727 204 40 1 2.48206e-314 0 0 0 
0.753866 55.4634 446.421 0.02 1.4452 3425.32 3555.08 0.221423 205 39 1 2.48206e-314 0 0 0 
0.769808 55.7764 402.312 0.02 1.54989 3353.55 3245.51 0.206466 206 38 1 2.48206e-314 0 0 0 
0.78387 55.9676 363.455 0.02 1.65344 3294.81 2989 0.193535 207 37 1 2.48206e-314 0 0 0 
0.796458 56.1029 326.005 0.02 1.75714 3248.62 2773.22 0.182114 208 37 1 2.48206e-314 0 0 0 
0.808171 56.2341 294.136 0.02 1.86473 3213.38 2584.91 0.171607 209 36 1 2.48206e-314 0 0 0 
0.818966 56.3444 260.524 0.02 1.9751 3187.05 2420.5 0.162017 210 35 1 2.48206e-314 0 0 0 
0.829175 56.4924 215.906 0.02 2.09103 3171.6 2275.26 0.153035 211 34 1 2.48206e-314 0 0 0 
0.838944 56.6973 174.914 0.02 2.21225 3167.01 2147.5 0.144649 212 33 1 2.48206e-314 0 0 0 
0.848205 56.9174 132.861 0.02 2.3356 3171.21 2036.82 0.13701 213 33 1 2.48206e-314 0 0 0 
0.856932 57.1277 91.1704 0.02 2.45859 3182.79 1942.02 0.130156 214 32 1 2.48206e-314 0 0 0 
0.865131 57.3157 50.7419 0.02 2.57948 3200.91 1861.57 0.124056 215 31 1 2.48206e-314 0 0 0 
0.872835 57.4757 12.5423 0.02 2.69704 3225.06 1793.87 0.118649 216 31 1 2.48206e-314 0 0 0 
0.880025 57.6095 -28.0067 0.02 2.80932 3254.37 1737.84 0.113907 217 31 1 2.48206e-314 0 0 0 
0.886817 57.727 -66.1894 0.02 2.91641 3288.34 1691.5 0.109724 218 31 1 2.48206e-314 0 0 0 
0.893334 57.8295 -106.077 0.02 3.01852 3326.51 1653.24 0.106012 219 30 1 2.48206e-314 0 0 0 
0.899687 57.9182 -144.581 0.02 3.11558 3368.61 1621.99 0.10271 220 29 1 2.48206e-314 0 0 0 
0.905944 57.9955 -182.718 0.02 3.20689 3414.34 1597.18 0.0997853 221 30 1 2.48206e-314 0 0 0 
0.912099 58.066 -210.192 0.02 3.29067 3462.87 1578.59 0.0972446 222 30 1 2.48206e-314 0 0 0 
0.918098 58.1327 -218.468 0.02 3.36473 3512.75 1566.04 0.0951043 223 29 1 2.48206e-314 0 0 0 
0.923894 58.1927 -196.392 0.02 3.42747 3562.33 1559.01 0.0933634 224 29 1 2.48206e-314 0 0 0 
0.929477 58.2405 -138.215 0.02 3.47818 3610.04 1556.8 0.0920022 225 29 1 2.48206e-314 0 0 0 
0.934882 58.267 -36.4236 0.02 3.5169 3654.7 1558.64 0.0909893 226 29 1 2.48206e-314 0 0 0 
0.940175 58.2573 113.356 0.02 3.54397 3695.45 1563.93 0.0902942 227 29 1 2.48206e-314 0 0 0 
0.945435 58.1958 304.849 0.02 3.55965 3731.49 1572.19 0.0898964 228 30 1 2.48206e-314 0 0 0 
0.95073 58.0687 529.364 0.02 3.56408 3761.84 1582.97 0.0897846 229 29 1 2.48206e-314 0 0 0 
0.956107 57.8647 761.01 0.02 3.55749 3785.21 1595.74 0.089951 230 29 1 2.48206e-314 0 0 0 
0.961584 57.5846 970.877 0.02 3.54041 3799.93 1609.67 0.0903851 231 30 1 2.48206e-314 0 0 0 
0.967163 57.2401 1139.19 0.02 3.51387 3804.35 1623.72 0.0910677 232 30 1 2.48206e-314 0 0 0 
0.972831 56.8555 1243.38 0.02 3.47937 3797.22 1636.77 0.0919706 233 30 1 2.48206e-314 0 0 0 
0.978565 56.4559 1274.63 0.02 3.43862 3778.23 1647.93 0.0930605 234 31 1 2.48206e-314 0 0 0 
0.984371 56.054 1241.1 0.02 3.39306 3747.91 1656.7 0.0943102 235 30 1 2.48206e-314 0 0 0 
0.990273 55.6596 1151 0.02 3.34365 3706.93 1662.81 0.0957037 236 30 1 2.48206e-314 0 0 0 
0.996296 55.2848 1021.75 0.02 3.29097 3655.83 1666.11 0.0972358 237 31 1 2.48206e-314 0 0 0 
1.00245 54.9365 887.044 0.02 3.23527 3594.94 1666.47 0.0989097 238 31 1 2.48206e-314 0 0 0 
1.00873 54.6127 787.237 0.02 3.17657 3524.24 1663.71 0.100737 239 31 1 2.48206e-314 0 0 0 
1.01512 54.302 764.486 0.02 3.11461 3443.23 1657.55 0.102742 240 30 1 2.48206e-314 0 0 0 
1.0216 53.9808 870.693 0.02 3.04894 3350.99 1647.56 0.104954 241 31 1 2.48206e-314 0 0 0 
1.02818 53.6113 1148.54 0.02 2.97901 3246.29 1633.17 0.107418 242 31 1 2.48206e-314 0 0 0 
1.03485 53.1476 1627.06 0.02 2.90422 3127.88 1613.7 0.110184 243 31 1 2.48206e-314 0 0 0 
1.04164 52.5385 2317.99 0.02 2.82397 2994.66 1588.45 0.113316 244 31 1 2.48206e-314 0 0 0 
1.04861 51.7317 3229.93 0.02 2.73782 2846.12 1556.74 0.116881 245 31 1 2.48206e-314 0 0 0 
1.0558 50.677 4337.55 0.02 2.64562 2682.39 1517.91 0.120954 246 32 1 2.48206e-314 0 0 0 
1.06329 49.3315 5606.45 0.02 2.54748 2504.4 1471.42 0.125614 247 32 1 2.48206e-314 0 0 0 
1.07115 47.6613 6985.3 0.02 2.44388 2313.86 1416.78 0.130939 248 31 1 2.48206e-314 0 0 0 
1.07947 45.6458 8414.76 0.02 2.33571 2113.31 1353.66 0.137003 249 32 1 2.48206e-314 0 0 0 
1.08834 43.2805 9816.36 0.02 2.22424 1905.99 1281.91 0.143869 250 33 1 2.48206e-314 0 0 0 
1.09784 40.5818 11107.3 0.02 2.11106 1695.76 1201.66 0.151583 251 33 1 2.48206e-314 0 0 0 
1.10804 37.5871 12204.9 0.02 1.99797 1486.88 1113.45 0.160163 252 34 1 2.48206e-314 0 0 0 
1.11903 34.3532 13047.5 0.02 1.88689 1283.66 1018.21 0.169591 253 35 1 2.48206e-314 0 0 0 
1.13086 30.9512 13583.9 0.02 1.77967 1090.17 917.385 0.179809 254 35 1 2.48206e-314 0 0 0 
1.14354 27.4617 13790.7 0.02 1.67793 909.905 812.851 0.190711 255 37 1 2.48206e-314 0 0 0 
1.15711 23.9683 13665.6 0.02 1.583 745.488 706.843 0.202148 256 38 1 2.48206e-314 0 0 0 
1.17154 20.5534 13218.6 0.02 1.49582 598.7 601.858 0.21393 257 38 1 2.48206e-314 0 0 0 
1.18681 17.294 12479.8 0.02 1.41692 470.462 500.529 0.225842 258 40 1 2.48206e-314 0 0 0 
1.20288 14.2579 11491.3 0.02 1.34653 360.93 405.44 0.237647 259 40 1 2.48206e-314 0 0 0 
1.21967 11.5009 10303.2 0.02 1.28459 269.661 318.939 0.249106 260 40 1 2.48206e-314 0 0 0 
1.23711 9.06455 8979.44 0.02 1.23082 195.674 242.929 0.259989 261 41 1 2.48206e-314 0 0 0 
1.25512 6.97288 7593.1 0.02 1.18478 137.523 178.644 0.270092 262 40 1 2.48206e-314 0 0 0 
1.27361 5.23111 6219.85 0.02 1.14594 93.3748 126.502 0.279247 263 41 1 2.48206e-314 0 0 0 
1.2925 3.82636 4929.12 0.02 1.11366 61.1268 86.0894 0.28734 264 40 1 2.48206e-314 0 0 0 
1.31169 2.73021 3776.8 0.02 1.08728 38.5559 56.2573 0.294313 265 39 1 2.48206e-314 0 0 0 
1.33112 1.90268 2800.21 0.02 1.06608 23.4603 35.3288 0.300165 266 39 1 2.48206e-314 0 0 0 
1.35073 1.29731 2014.4 0.02 1.04934 13.8087 21.372 0.304954 267 38 1 2.48206e-314 0 0 0 
1.37047 0.866894 1411.02 0.02 1.03634 7.88849 12.4961 0.308779 268 37 1 2.48206e-314 0 0 0 
1.3903 0.568446 965.616 0.02 1.02641 4.38531 7.08485 0.311766 269 36 1 2.48206e-314 0 0 0 
1.41018 0.366064 646.914 0.02 1.01894 2.37692 3.90454 0.314053 270 35 1 2.48206e-314 0 0 0 
1.43011 0.231568 425.283 0.02 1.01339 1.25595 2.09417 0.31577 271 34 1 2.48206e-314 0 0 0 
1.45007 0.143839 274.448 0.02 1.00935 0.645857 1.09262 0.317037 272 33 1 2.48206e-314 0 0 0 
1.47004 0.0876978 173.553 0.02 1.00643 0.323212 0.554173 0.317956 273 33 1 2.48206e-314 0 0 0 
1.49002 0.0524817 107.63 0.02 1.00436 0.157433 0.273337 0.318611 274 33 1 2.48206e-314 0 0 0 
1.51001 0.0308045 65.5199 0.02 1.00292 0.0743193 0.130879 0.31907 275 32 1 2.48206e-314 0 0 0 
1.53001 0.0177213 39.037 0.02 1.00192 0.0339953 0.0607319 0.319386 276 32 1 2.48206e-314 0 0 0 
1.55 0.00999536 22.741 0.02 1.00125 0.0151306 0.0273638 0.319601 277 32 1 2.48206e-314 0 0 0 
1.57 0.00552881 12.9924 0.02 1.0008 0.00656413 0.0120142 0.319744 278 32 1 2.48206e-314 0 0 0 
1.59 0.00299687 7.2736 0.02 1.00051 0.00279029 0.00516154 0.319838 279 32 1 2.48206e-314 0 0 0 
1.61 0.00159124 3.98367 0.02 1.00031 0.00118343 0.0021993 0.319899 280 32 1 2.48206e-314 0 0 0 
1.63 0.000828 2.13293 0.02 1.00019 0.000523978 0.000962542 0.319938 281 32 1 2.48206e-314 0 0 0 
1.65 0.000422399 1.1196 0.02 1.00012 0.00026111 0.000463062 0.319963 282 32 1 2.48206e-314 0 0 0 
1.67 0.000211081 0.575964 0.02 1.00007 0.000159259 0.000266965 0.319978 283 32 1 2.48206e-314 0 0 0 
1.69 0.000103231 0.289955 0.02 1.00004 0.000121053 0.000192268 0.319987 284 32 1 2.48206e-314 0 0 0 
1.71 4.93807e-05 0.142694 0.02 1.00002 0.000107215 0.000164749 0.319993 285 32 1 2.48206e-314 0 0 0 
1.73 2.30997e-05 0.0686032 0.02 1.00001 0.000102384 0.000154965 0.319996 286 32 1 2.48206e-314 0 0 0 
1.75 1.05688e-05 0.0322165 0.02 1.00001 0.00010076 0.000151612 0.319998 287 32 1 2.48206e-314 0 0 0 
1.77 4.73158e-06 0.0147809 0.02 1 0.000100234 0.000150505 0.319999 288 32 1 2.48206e-314 0 0 0 
1.79 2.0743e-06 0.00662892 0.02 1 0.00010007 0.000150153 0.319999 289 32 1 2.48206e-314 0 0 0 
1.81 8.91312e-07 0.00290909 0.02 1 0.00010002 0.000150045 0.32 290 32 1 2.48206e-314 0 0 0 
1.83 3.75662e-07 0.00125111 0.02 1 0.000100006 0.000150013 0.32 291 32 1 2.48206e-314 0 0 0 
1.85 1.55298e-07 0.000527855 0.02 1 0.000100002 0.000150004 0.32 292 32 1 2.48206e-314 0 0 0 
1.87 6.29042e-08 0.000218496 0.02 1 0.0001 0.000150001 0.32 293 32 1 2.48206e-314 0 0 0 
1.89 2.49071e-08 8.86393e-05 0.02 1 0.0001 0.00015 0.32 294 32 1 2.48206e-314 0 0 0 
1.91 9.60478e-09 3.51401e-05 0.02 1 0.0001 0.00015 0.32 295 32 1 2.48206e-314 0 0 0 
1.93 3.59147e-09 1.35426e-05 0.02 1 0.0001 0.00015 0.32 296 32 1 2.48206e-314 0 0 0 
1.95 1.29819e-09 5.04332e-06 0.02 1 0.0001 0.00015 0.32 297 32 1 2.48206e-314 0 0 0 
1.97 4.53733e-10 1.80928e-06 0.02 1 0.0001 0.00015 0.32 298 32 1 2.48206e-314 0 0 0 
1.99 1.53953e-10 6.2659e-07 0.02 1 0.0001 0.00015 0.32 299 32 1 2.48206e-314 0 0 0 
2.01 5.10263e-11 2.10734e-07 0.02 1 0.0001 0.00015 0.32 300 32 1 2.48206e-314 0 0 0 
2.03 1.66349e-11 6.93153e-08 0.02 1 0.0001 0.00015 0.32 301 32 1 2.48206e-314 0 0 0 
2.05 5.37266e-12 2.24613e-08 0.02 1 0.0001 0.00015 0.32 302 32 1 2.48206e-314 0 0 0 
2.07 1.73133e-12 7.22673e-09 0.02 1 0.0001 0.00015 0.32 303 32 1 2.48206e-314 0 0 0 
2.09 5.598e-13 2.32697e-09 0.02 1 0.0001 0.00015 0.32 304 32 1 2.48206e-314 0 0 0 
2.11 1.81936e-13 7.54391e-10 0.02 1 0.0001 0.00015 0.32 305 32 1 2.48206e-314 0 0 0 
2.13 5.91709e-14 2.46536e-10 0.02 1 0.0001 0.00015 0.32 306 32 1 2.48206e-314 0 0 0 
2.15 1.90255e-14 8.07327e-11 0.02 1 0.0001 0.00015 0.32 307 32 1 2.48206e-314 0 0 0 
2.17 5.92055e-15 2.61138e-11 0.02 1 0.0001 0.00015 0.32 308 32 1 2.48206e-314 0 0 0 
2.19 1.72138e-15 8.14598e-12 0.02 1 0.0001 0.00015 0.32 309 32 1 2.48206e-314 0 0 0 
2.21 4.35958e-16 2.35789e-12 0.02 1 0.0001 0.00015 0.32 310 32 1 2.48206e-314 0 0 0 
2.23 7.68015e-17 5.86358e-13 0.02 1 0.0001 0.00015 0.32 311 32 1 2.48206e-314 0 0 0 
2.25 -5.82343e-18 9.60891e-14 0.02 1 0.0001 0.00015 0.32 312 32 1 2.48206e-314 0 0 0 
2.27 -1.54627e-17 -1.32681e-14 0.02 1 0.0001 0.00015 0.32 313 32 1 2.48206e-314 0 0 0 
2.29 -1.06936e-17 -2.3768e-14 0.02 1 0.0001 0.00015 0.32 314 32 1 2.48206e-314 0 0 0 
2.31 -5.74778e-18 -1.57931e-14 0.02 1 0.0001 0.00015 0.32 315 33 1 2.48206e-314 0 0 0 
2.33 -2.74955e-18 -8.34893e-15 0.02 1 0.0001 0.00015 0.32 316 33 1 2.48206e-314 0 0 0 
2.35 -1.22613e-18 -3.95556e-15 0.02 1 0.0001 0.00015 0.32 317 33 1 2.48206e-314 0 0 0 
2.37 -5.2085e-19 -1.75235e-15 0.02 1 0.0001 0.00015 0.32 318 33 1 2.48206e-314 0 0 0 
2.39 -2.13095e-19 -7.40434e-16 0.02 1 0.0001 0.00015 0.32 319 33 1 2.48206e-314 0 0 0 
2.41 -8.46038e-20 -3.01572e-16 0.02 1 0.0001 0.00015 0.32 320 33 1 2.48206e-314 0 0 0 
2.43 -3.27728e-20 -1.19026e-16 0.02 1 0.0001 0.00015 0.32 321 33 1 2.48206e-314 0 0 0 
2.45 -1.24714e-20 -4.56873e-17 0.02 1 0.0001 0.00015 0.32 322 33 1 2.48206e-314 0 0 0 
2.47 -4.75336e-21 -1.7087e-17 0.02 1 0.0001 0.00015 0.32 323 33 1 2.48206e-314 0 0 0 
2.49 -1.83372e-21 -6.21341e-18 0.02 1 0.0001 0.00015 0.32 324 33 1 2.48206e-314 0 0 0 
2.51 -6.95446e-22 -2.21923e-18 0.02 1 0.0001 0.00015 0.32 325 33 1 2.48206e-314 0 0 0 
2.53 -2.41635e-22 -7.74612e-19 0.02 1 0.0001 0.00015 0.32 326 33 1 2.48206e-314 0 0 0 
2.55 -6.54232e-23 -2.64486e-19 0.02 1 0.0001 0.00015 0.32 327 33 1 2.48206e-314 0 0 0 
2.57 -2.19099e-23 -8.76679e-20 0.02 1 0.0001 0.00015 0.32 328 33 1 2.48206e-314 0 0 0 
2.59 -7.47549e-24 -3.13402e-20 0.02 1 0.0001 0.00015 0.32 329 33 1 2.48206e-314 0 0 0 
2.61 -2.24298e-24 -1.18585e-20 0.02 1 0.0001 0.00015 0.32 330 33 1 2.48206e-314 0 0 0 
2.63 -4.67358e-25 -4.23516e-21 0.02 1 0.0001 0.00015 0.32 331 33 1 2.48206e-314 0 0 0 
2.65 -1.06265e-39 -9.62965e-36 0.02 1 0.0001 0.00015 0.32 332 33 1 2.48206e-314 0 0 0 
2.67 0 0 0.02 1 0.0001 0.00015 0.32 333 33 1 2.48206e-314 0 0 0 
2.69 0 0 0.02 1 0.0001 0.00015 0.32 334 33 1 2.48206e-314 0 0 0 
2.71 0 0 0.02 1 0.0001 0.00015 0.32 335 33 1 2.48206e-314 0 0 0 
2.73 0 0 0.02 1 0.0001 0.00015 0.32 336 33 1 2.48206e-314 0 0 0 
2.75 0 0 0.02 1 0.0001 0.00015 0.32 337 33 1 2.48206e-314 0 0 0 
2.77 0 0 0.02 1 0.0001 0.00015 0.32 338 33 1 2.48206e-314 0 0 0 
2.79 0 0 0.02 1 0.0001 0.00015 0.32 339 33 1 2.48206e-314 0 0 0 
2.81 0 0 0.02 1 0.0001 0.00015 0.32 340 33 1 2.48206e-314 0 0 0 
2.83 0 0 0.02 1 0.0001 0.00015 0.32 341 33 1 2.48206e-314 0 0 0 
2.85 0 0 0.02 1 0.0001 0.00015 0.32 342 33 1 2.48206e-314 0 0 0 
2.87 0 0 0.02 1 0.0001 0.00015 0.32 343 33 1 2.48206e-314 0 0 0 
2.89 0 0 0.02 1 0.0001 0.00015 0.32 344 33 1 2.48206e-314 0 0 0 
2.91 0 0 0.02 1 0.0001 0.00015 0.32 345 33 1 2.48206e-314 0 0 0 
2.93 0 0 0.02 1 0.0001 0.00015 0.32 346 33 1 2.48206e-314 0 0 0 
2.95 0 0 0.02 1 0.0001 0.00015 0.32 347 33 1 2.48206e-314 0 0 0 
2.97 0 0 0.02 1 0.0001 0.00015 0.32 348 33 1 2.48206e-314 0 0 0 
2.99 0 0 0.02 1 0.0001 0.00015 0.32 349 33 1 2.48206e-314 0 0 0 
3.01 0 0 0.02 1 0.0001 0.00015 0.32 350 33 1 2.48206e-314 0 0 0 
3.03 0 0 0.02 1 0.0001 0.00015 0.32 351 33 1 2.48206e-314 0 0 0 
3.05 0 0 0.02 1 0.0001 0.00015 0.32 352 33 1 2.48206e-314 0 0 0 
3.07 0 0 0.02 1 0.0001 0.00015 0.32 353 33 1 2.48206e-314 0 0 0 
3.09 0 0 0.02 1 0.0001 0.00015 0.32 354 33 1 2.48206e-314 0 0 0 
3.11 0 0 0.02 1 0.0001 0.00015 0.32 355 33 1 2.48206e-314 0 0 0 
3.13 0 0 0.02 1 0.0001 0.00015 0.32 356 33 1 2.48206e-314 0 0 0 
3.15 0 0 0.02 1 0.0001 0.00015 0.32 357 33 1 2.48206e-314 0 0 0 
3.17 0 0 0.02 1 0.0001 0.00015 0.32 358 33 1 2.48206e-314 0 0 0 
3.19 0 0 0.02 1 0.0001 0.00015 0.32 359 33 1 2.48206e-314 0 0 0 
3.21 0 0 0.02 1 0.0001 0.00015 0.32 360 33 1 2.48206e-314 0 0 0 
3.23 0 0 0.02 1 0.0001 0.00015 0.32 361 33 1 2.48206e-314 0 0 0 
3.25 0 0 0.02 1 0.0001 0.00015 0.32 362 33 1 2.48206e-314 0 0 0 
3.27 0 0 0.02 1 0.0001 0.00015 0.32 363 33 1 2.48206e-314 0 0 0 
3.29 0 0 0.02 1 0.0001 0.00015 0.32 364 33 1 2.48206e-314 0 0 0 
3.31 0 0 0.02 1 0.0001 0.00015 0.32 365 33 1 2.48206e-314 0 0 0 
3.33 0 0 0.02 1 0.0001 0.00015 0.32 366 33 1 2.48206e-314 0 0 0 
3.35 0 0 0.02 1 0.0001 0.00015 0.32 367 33 1 2.48206e-314 0 0 0 
3.37 0 0 0.02 1 0.0001 0.00015 0.32 368 33 1 2.48206e-314 0 0 0 
3.39 0 0 0.02 1 0.0001 0.00015 0.32 369 33 1 2.48206e-314 0 0 0 
3.41 0 0 0.02 1 0.0001 0.00015 0.32 370 33 1 2.48206e-314 0 0 0 
3.43 0 0 0.02 1 0.0001 0.00015 0.32 371 33 1 2.48206e-314 0 0 0 
3.45 1.30039e-37 9.62965e-36 0.02 1 0.0001 0.00015 0.32 372 33 1 2.48206e-314 0 0 0 
3.47 5.43322e-23 4.02341e-21 0.02 1 0.0001 0.00015 0.32 373 33 1 2.48206e-314 0 0 0 
3.49 1.48699e-22 1.10114e-20 0.02 1 0.0001 0.00015 0.32 374 33 1 2.48206e-314 0 0 0 
3.51 3.17414e-22 2.35052e-20 0.02 1 0.0001 0.00015 0.32 375 33 1 2.48206e-314 0 0 0 
3.53 5.6048e-22 4.15046e-20 0.02 1 0.0001 0.00015 0.32 376 33 1 2.48206e-314 0 0 0 
3.55 1.19531e-21 8.85149e-20 0.02 1 0.0001 0.00015 0.32 377 33 1 2.48206e-314 0 0 0 
3.57 2.28195e-21 1.68983e-19 0.02 1 0.0001 0.00015 0.32 378 33 1 2.48206e-314 0 0 0 
3.59 3.88332e-21 2.87568e-19 0.02 1 0.0001 0.00015 0.32 379 33 1 2.48206e-314 0 0 0 
3.61 6.10687e-21 4.58668e-19 0.02 1 0.0001 0.00015 0.32 380 33 1 2.48206e-314 0 0 0 
3.63 9.03386e-21 6.7805e-19 0.02 1 0.0001 0.00015 0.32 381 33 1 2.48206e-314 0 0 0 
3.65 1.28518e-20 9.66253e-19 0.02 1 0.0001 0.00015 0.32 382 33 1 2.48206e-314 0 0 0 
3.67 1.73543e-20 1.2949e-18 0.02 1 0.0001 0.00015 0.32 383 33 1 2.48206e-314 0 0 0 
3.69 2.19376e-20 1.61953e-18 0.02 1 0.0001 0.00015 0.32 384 33 1 2.48206e-314 0 0 0 
3.71 2.66589e-20 1.9685e-18 0.02 1 0.0001 0.00015 0.32 385 33 1 2.48206e-314 0 0 0 
3.73 2.94977e-20 2.15866e-18 0.02 1 0.0001 0.00015 0.32 386 33 1 2.48206e-314 0 0 0 
3.75 2.99508e-20 2.17476e-18 0.02 1 0.0001 0.00015 0.32 387 33 1 2.48206e-314 0 0 0 
3.77 2.90293e-20 2.12055e-18 0.02 1 0.0001 0.00015 0.32 388 33 1 2.48206e-314 0 0 0 
3.79 2.13291e-20 1.4749e-18 0.02 1 0.0001 0.00015 0.32 389 33 1 2.48206e-314 0 0 0 
3.81 8.89744e-21 5.84241e-19 0.02 1 0.0001 0.00015 0.32 390 32 1 2.48206e-314 0 0 0 
3.83 -7.99997e-21 -6.58992e-19 0.02 1 0.0001 0.00015 0.32 391 32 1 2.48206e-314 0 0 0 
3.85 -3.46129e-20 -2.6239e-18 0.02 1 0.0001 0.00015 0.32 392 32 1 2.48206e-314 0 0 0 
3.87 -6.4035e-20 -4.77938e-18 0.02 1 0.0001 0.00015 0.32 393 32 1 2.48206e-314 0 0 0 
3.89 -9.71337e-20 -7.22223e-18 0.02 1 0.0001 0.00015 0.32 394 32 1 2.48206e-314 0 0 0 
3.91 -1.29928e-19 -9.53039e-18 0.02 1 0.0001 0.00015 0.32 395 32 1 2.48206e-314 0 0 0 
3.93 -1.60258e-19 -1.18267e-17 0.02 1 0.0001 0.00015 0.32 396 32 1 2.48206e-314 0 0 0 
3.95 -1.83999e-19 -1.35909e-17 0.02 1 0.0001 0.00015 0.32 397 32 1 2.48206e-314 0 0 0 
3.97 -2.00386e-19 -1.47886e-17 0.02 1 0.0001 0.00015 0.32 398 32 1 2.48206e-314 0 0 0 
3.99 -2.05615e-19 -1.5149e-17 0.02 1 0.0001 0.00015 0.32 399 32 1 2.48206e-314 0 0 0 
4.01 -1.99143e-19 -1.46727e-17 0.02 1 0.0001 0.00015 0.32 400 32 1 2.48206e-314 0 0 0 
4.03 -1.82558e-19 -1.34712e-17 0.02 1 0.0001 0.00015 0.32 401 32 1 2.48206e-314 0 0 0 
4.05 -1.56324e-19 -1.15523e-17 0.02 1 0.0001 0.00015 0.32 402 32 1 2.48206e-314 0 0 0 
4.07 -1.27088e-19 -9.37898e-18 0.02 1 0.0001 0.00015 0.32 403 32 1 2.48206e-314 0 0 0 
4.09 -9.45615e-20 -6.97976e-18 0.02 1 0.0001 0.00015 0.32 404 32 1 2.48206e-314 0 0 0 
4.11 -6.14495e-20 -4.54772e-18 0.02 1 0.0001 0.00015 0.32 405 32 1 2.48206e-314 0 0 0 
4.13 -3.32442e-20 -2.47376e-18 0.02 1 0.0001 0.00015 0.32 406 32 1 2.48206e-314 0 0 0 
4.15 -6.3157e-21 -4.76244e-19 0.02 1 0.0001 0.00015 0.32 407 32 1 2.48206e-314 0 0 0 
4.17 1.23754e-20 9.02514e-19 0.02 1 0.0001 0.00015 0.32 408 32 1 2.48206e-314 0 0 0 
4.19 2.13504e-20 1.57103e-18 0.02 1 0.0001 0.00015 0.32 409 32 1 2.48206e-314 0 0 0 
4.21 2.89642e-20 2.13685e-18 0.02 1 0.0001 0.00015 0.32 410 32 1 2.48206e-314 0 0 0 
4.23 3.01852e-20 2.23532e-18 0.02 1 0.0001 0.00015 0.32 411 31 1 2.48206e-314 0 0 0 
4.25 2.89448e-20 2.14342e-18 0.02 1 0.0001 0.00015 0.32 412 31 1 2.48206e-314 0 0 0 
4.27 2.53074e-20 1.87406e-18 0.02 1 0.0001 0.00015 0.32 413 31 1 2.48206e-314 0 0 0 
4.29 2.00028e-20 1.48125e-18 0.02 1 0.0001 0.00015 0.32 414 31 1 2.48206e-314 0 0 0 
4.31 1.6008e-20 1.18542e-18 0.02 1 0.0001 0.00015 0.32 415 31 1 2.48206e-314 0 0 0 
4.33 1.11924e-20 8.28822e-19 0.02 1 0.0001 0.00015 0.32 416 31 1 2.48206e-314 0 0 0 
4.35 8.30425e-21 6.14946e-19 0.02 1 0.0001 0.00015 0.32 417 31 1 2.48206e-314 0 0 0 
4.37 5.79353e-21 4.29022e-19 0.02 1 0.0001 0.00015 0.32 418 31 1 2.48206e-314 0 0 0 
4.39 3.55733e-21 2.63427e-19 0.02 1 0.0001 0.00015 0.32 419 31 1 2.48206e-314 0 0 0 
4.41 2.22476e-21 1.64748e-19 0.02 1 0.0001 0.00015 0.32 420 31 1 2.48206e-314 0 0 0 
4.43 1.33257e-21 9.86793e-20 0.02 1 0.0001 0.00015 0.32 421 31 1 2.48206e-314 0 0 0 
4.45 6.11952e-22 4.53163e-20 0.02 1 0.0001 0.00015 0.32 422 31 1 2.48206e-314 0 0 0 
4.47 2.1161e-22 1.56701e-20 0.02 1 0.0001 0.00015 0.32 423 31 1 2.48206e-314 0 0 0 
4.49 8.29281e-23 6.14099e-21 0.02 1 0.0001 0.00015 0.32 424 31 1 2.48206e-314 0 0 0 
4.51 2.57363e-23 1.90582e-21 0.02 1 0.0001 0.00015 0.32 425 31 1 2.48206e-314 0 0 0 
4.53 1.04031e-37 7.70372e-36 0.02 1 0.0001 0.00015 0.32 426 31 1 2.48206e-314 0 0 0 
4.55 0 0 0.02 1 0.0001 0.00015 0.32 427 31 1 2.48206e-314 0 0 0 
4.57 0 0 0.02 1 0.0001 0.00015 0.32 428 31 1 2.48206e-314 0 0 0 
4.59 0 0 0.02 1 0.0001 0.00015 0.32 429 31 1 2.48206e-314 0 0 0 
4.61 0 0 0.02 1 0.0001 0.00015 0.32 430 31 1 2.48206e-314 0 0 0 
4.63 0 0 0.02 1 0.0001 0.00015 0.32 431 31 1 2.48206e-314 0 0 0 
4.65 0 0 0.02 1 0.0001 0.00015 0.32 432 31 1 2.48206e-314 0 0 0 
4.67 0 0 0.02 1 0.0001 0.00015 0.32 433 31 1 2.48206e-314 0 0 0 
4.69 0 0 0.02 1 0.0001 0.00015 0.32 434 31 1 2.48206e-314 0 0 0 
4.71 0 0 0.02 1 0.0001 0.00015 0.32 435 31 1 2.48206e-314 0 0 0 
4.73 0 0 0.02 1 0.0001 0.00015 0.32 436 31 1 2.48206e-314 0 0 0 
4.75 0 0 0.02 1 0.0001 0.00015 0.32 437 31 1 2.48206e-314 0 0 0 
4.77 0 0 0.02 1 0.0001 0.00015 0.32 438 31 1 2.48206e-314 0 0 0 
4.79 0 0 0.02 1 0.0001 0.00015 0.32 439 31 1 2.48206e-314 0 0 0 
4.81 0 0 0.02 1 0.0001 0.00015 0.32 440 31 1 2.48206e-314 0 0 0 
4.83 0 0 0.02 1 0.0001 0.00015 0.32 441 31 1 2.48206e-314 0 0 0 
4.85 0 0 0.02 1 0.0001 0.00015 0.32 442 31 1 2.48206e-314 0 0 0 
4.87 0 0 0.02 1 0.0001 0.00015 0.32 443 31 1 2.48206e-314 0 0 0 
4.89 0 0 0.02 1 0.0001 0.00015 0.32 444 31 1 2.48206e-314 0 0 0 
4.91 0 0 0.02 1 0.0001 0.00015 0.32 445 31 1 2.48206e-314 0 0 0 
4.93 0 0 0.02 1 0.0001 0.00015 0.32 446 31 1 2.48206e-314 0 0 0 
4.95 0 0 0.02 1 0.0001 0.00015 0.32 447 31 1 2.48206e-314 0 0 0 
4.97 0 0 0.02 1 0.0001 0.00015 0.32 448 31 1 2.48206e-314 0 0 0 
4.99 0 0 0.02 1 0.0001 0.00015 0.32 449 31 1 2.48206e-314 0 0 0 
5.01 0 0 0.02 1 0.0001 0.00015 0.32 450 31 1 2.48206e-314 0 0 0 
5.03 0 0 0.02 1 0.0001 0.00015 0.32 451 31 1 2.48206e-314 0 0 0 
5.05 0 0 0.02 1 0.0001 0.00015 0.32 452 31 1 2.48206e-314 0 0 0 
5.07 0 0 0.02 1 0.0001 0.00015 0.32 453 31 1 2.48206e-314 0 0 0 
5.09 0 0 0.02 1 0.0001 0.00015 0.32 454 31 1 2.48206e-314 0 0 0 
5.11 0 0 0.02 1 0.0001 0.00015 0.32 455 31 1 2.48206e-314 0 0 0 
5.13 0 0 0.02 1 0.0001 0.00015 0.32 456 31 1 2.48206e-314 0 0 0 
5.15 0 0 0.02 1 0.0001 0.00015 0.32 457 31 1 2.48206e-314 0 0 0 
5.17 0 0 0.02 1 0.0001 0.00015 0.32 458 31 1 2.48206e-314 0 0 0 
5.19 0 0 0.02 1 0.0001 0.00015 0.32 459 31 1 2.48206e-314 0 0 0 
5.21 0 0 0.02 1 0.0001 0.00015 0.32 460 31 1 2.48206e-314 0 0 0 
5.23 0 0 0.02 1 0.0001 0.00015 0.32 461 31 1 2.48206e-314 0 0 0 
5.25 0 0 0.02 1 0.0001 0.00015 0.32 462 31 1 2.48206e-314 0 0 0 
5.27 0 0 0.02 1 0.0001 0.00015 0.32 463 31 1 2.48206e-314 0 0 0 
5.29 0 0 0.02 1 0.0001 0.00015 0.32 464 31 1 2.48206e-314 0 0 0 
5.31 0 0 0.02 1 0.0001 0.00015 0.32 465 31 1 2.48206e-314 0 0 0 
5.33 0 0 0.02 1 0.0001 0.00015 0.32 466 31 1 2.48206e-314 0 0 0 
5.35 0 0 0.02 1 0.0001 0.00015 0.32 467 31 1 2.48206e-314 0 0 0 
5.37 0 0 0.02 1 0.0001 0.00015 0.32 468 31 1 2.48206e-314 0 0 0 
5.39 0 0 0.02 1 0.0001 0.00015 0.32 469 31 1 2.48206e-314 0 0 0 
5.41 0 0 0.02 1 0.0001 0.00015 0.32 470 31 1 2.48206e-314 0 0 0 
5.43 0 0 0.02 1 0.0001 0.00015 0.32 471 31 1 2.48206e-314 0 0 0 
5.45 0 0 0.02 1 0.0001 0.00015 0.32 472 31 1 2.48206e-314 0 0 0 
5.47 0 0 0.02 1 0.0001 0.00015 0.32 473 31 1 2.48206e-314 0 0 0 
5.49 0 0 0.02 1 0.0001 0.00015 0.32 474 31 1 2.48206e-314 0 0 0 
5.51 0 0 0.02 1 0.0001 0.00015 0.32 475 31 1 2.48206e-314 0 0 0 
5.53 0 0 0.02 1 0.0001 0.00015 0.32 476 31 1 2.48206e-314 0 0 0 
5.55 0 0 0.02 1 0.0001 0.00015 0.32 477 31 1 2.48206e-314 0 0 0 
5.57 0 0 0.02 1 0.0001 0.00015 0.32 478 31 1 2.48206e-314 0 0 0 
5.59 0 0 0.02 1 0.0001 0.00015 0.32 479 31 1 2.48206e-314 0 0 0 
5.61 0 0 0.02 1 0.0001 0.00015 0.32 480 31 1 2.48206e-314 0 0 0 
5.63 0 0 0.02 1 0.0001 0.00015 0.32 481 31 1 2.48206e-314 0 0 0 
5.65 0 0 0.02 1 0.0001 0.00015 0.32 482 31 1 2.48206e-314 0 0 0 
5.67 0 0 0.02 1 0.0001 0.00015 0.32 483 31 1 2.48206e-314 0 0 0 
5.69 0 0 0.02 1 0.0001 0.00015 0.32 484 31 1 2.48206e-314 0 0 0 
5.71 0 0 0.02 1 0.0001 0.00015 0.32 485 31 1 2.48206e-314 0 0 0 
5.73 0 0 0.02 1 0.0001 0.00015 0.32 486 31 1 2.48206e-314 0 0 0 
5.75 0 0 0.02 1 0.0001 0.00015 0.32 487 31 1 2.48206e-314 0 0 0 
5.77 0 0 0.02 1 0.0001 0.00015 0.32 488 31 1 2.48206e-314 0 0 0 
5.79 0 0 0.02 1 0.0001 0.00015 0.32 489 31 1 2.48206e-314 0 0 0 
5.81 0 0 0.02 1 0.0001 0.00015 0.32 490 31 1 2.48206e-314 0 0 0 
5.83 0 0 0.02 1 0.0001 0.00015 0.32 491 31 1 2.48206e-314 0 0 0 
5.85 0 0 0.02 1 0.0001 0.00015 0.32 492 31 1 2.48206e-314 0 0 0 
5.87 0 0 0.02 1 0.0001 0.00015 0.32 493 31 1 2.48206e-314 0 0 0 
5.89 0 0 0.02 1 0.0001 0.00015 0.32 494 31 1 2.48206e-314 0 0 0 
5.91 0 0 0.02 1 0.0001 0.00015 0.32 495 31 1 2.48206e-314 0 0 0 
5.93 0 0 0.02 1 0.0001 0.00015 0.32 496 31 1 2.48206e-314 0 0 0 
5.95 0 0 0.02 1 0.0001 0.00015 0.32 497 31 1 2.48206e-314 0 0 0 
5.97 0 0 0.02 1 0.0001 0.00015 0.32 498 31 1 2.48206e-314 0 0 0 
5.99 0 0 0.02 1 0.0001 0.00015 0.32 499 31 1 2.48206e-314 0 0 0 
6.01 0 0 0.02 1 0.0001 0.00015 0.32 500 31 1 2.48206e-314 0 0 0 
6.03 0 0 0.02 1 0.0001 0.00015 0.32 501 31 1 2.48206e-314 0 0 0 
6.05 0 0 0.02 1 0.0001 0.00015 0.32 502 31 1 2.48206e-314 0 0 0 
6.07 0 0 0.02 1 0.0001 0.00015 0.32 503 31 1 2.48206e-314 0 0 0 
6.09 0 0 0.02 1 0.0001 0.00015 0.32 504 31 1 2.48206e-314 0 0 0 
6.11 0 0 0.02 1 0.0001 0.00015 0.32 505 31 1 2.48206e-314 0 0 0 
6.13 0 0 0.02 1 0.0001 0.00015 0.32 506 31 1 2.48206e-314 0 0 0 
6.15 0 0 0.02 1 0.0001 0.00015 0.32 507 31 1 2.48206e-314 0 0 0 
6.17 0 0 0.02 1 0.0001 0.00015 0.32 508 31 1 2.48206e-314 0 0 0 
6.19 0 0 0.02 1 0.0001 0.00015 0.32 509 31 1 2.48206e-314 0 0 0 
6.21 0 0 0.02 1 0.0001 0.00015 0.32 510 31 1 2.48206e-314 0 0 0 
6.23 0 0 0.02 1 0.0001 0.00015 0.32 511 31 1 2.48206e-314 0 0 0 
6.25 0 0 0.02 1 0.0001 0.00015 0.32 512 31 1 2.48206e-314 0 0 0 
6.27 0 0 0.02 1 0.0001 0.00015 0.32 513 31 1 2.48206e-314 0 0 0 
6.29 0 0 0.02 1 0.0001 0.00015 0.32 514 31 1 2.48206e-314 0 0 0 
6.31 0 0 0.02 1 0.0001 0.00015 0.32 515 31 1 2.48206e-314 0 0 0 
6.33 0 0 0.02 1 0.0001 0.00015 0.32 516 31 1 2.48206e-314 0 0 0 
6.35 0 0 0.02 1 0.0001 0.00015 0.32 517 31 1 2.48206e-314 0 0 0 
6.37 0 0 0.02 1 0.0001 0.00015 0.32 518 31 1 2.48206e-314 0 0 0 
6.39 0 0 0.02 1 0.0001 0.00015 0.32 519 31 1 2.48206e-314 0 0 0 
6.41 0 0 0.02 1 0.0001 0.00015 0.32 520 31 1 2.48206e-314 0 0 0 
6.43 0 0 0.02 1 0.0001 0.00015 0.32 521 31 1 2.48206e-314 0 0 0 
6.45 0 0 0.02 1 0.0001 0.00015 0.32 522 31 1 2.48206e-314 0 0 0 
6.47 0 0 0.02 1 0.0001 0.00015 0.32 523 31 1 2.48206e-314 0 0 0 
6.49 0 0 0.02 1 0.0001 0.00015 0.32 524 31 1 2.48206e-314 0 0 0 
6.51 0 0 0.02 1 0.0001 0.00015 0.32 525 31 1 2.48206e-314 0 0 0 
6.53 0 0 0.02 1 0.0001 0.00015 0.32 526 31 1 2.48206e-314 0 0 0 
6.55 0 0 0.02 1 0.0001 0.00015 0.32 527 31 1 2.48206e-314 0 0 0 
6.57 0 0 0.02 1 0.0001 0.00015 0.32 528 31 1 2.48206e-314 0 0 0 
6.59 0 0 0.02 1 0.0001 0.00015 0.32 529 31 1 2.48206e-314 0 0 0 
6.61 0 0 0.02 1 0.0001 0.00015 0.32 530 31 1 2.48206e-314 0 0 0 
6.63 0 0 0.02 1 0.0001 0.00015 0.32 531 31 1 2.48206e-314 0 0 0 
6.65 0 0 0.02 1 0.0001 0.00015 0.32 532 31 1 2.48206e-314 0 0 0 
6.67 0 0 0.02 1 0.0001 0.00015 0.32 533 31 1 2.48206e-314 0 0 0 
6.69 0 0 0.02 1 0.0001 0.00015 0.32 534 31 1 2.48206e-314 0 0 0 
6.71 0 0 0.02 1 0.0001 0.00015 0.32 535 31 1 2.48206e-314 0 0 0 
6.73 0 0 0.02 1 0.0001 0.00015 0.32 536 31 1 2.48206e-314 0 0 0 
6.75 0 0 0.02 1 0.0001 0.00015 0.32 537 31 1 2.48206e-314 0 0 0 
6.77 0 0 0.02 1 0.0001 0.00015 0.32 538 31 1 2.48206e-314 0 0 0 
6.79 0 0 0.02 1 0.0001 0.00015 0.32 539 31 1 2.48206e-314 0 0 0 
6.81 0 0 0.02 1 0.0001 0.00015 0.32 540 31 1 2.48206e-314 0 0 0 
6.83 0 0 0.02 1 0.0001 0.00015 0.32 541 31 1 2.48206e-314 0 0 0 
6.85 0 0 0.02 1 0.0001 0.00015 0.32 542 31 1 2.48206e-314 0 0 0 
6.87 0 0 0.02 1 0.0001 0.00015 0.32 543 31 1 2.48206e-314 0 0 0 
6.89 0 0 0.02 1 0.0001 0.00015 0.32 544 31 1 2.48206e-314 0 0 0 
6.91 0 0 0.02 1 0.0001 0.00015 0.32 545 31 1 2.48206e-314 0 0 0 
6.93 0 0 0.02 1 0.0001 0.00015 0.32 546 31 1 2.48206e-314 0 0 0 
6.95 0 0 0.02 1 0.0001 0.00015 0.32 547 31 1 2.48206e-314 0 0 0 
6.97 0 0 0.02 1 0.0001 0.00015 0.32 548 31 1 2.48206e-314 0 0 0 
6.99 0 0 0.02 1 0.0001 0.00015 0.32 549 31 1 2.48206e-314 0 0 0 
7.01 0 0 0.02 1 0.0001 0.00015 0.32 550 31 1 2.48206e-314 0 0 0 
7.03 0 0 0.02 1 0.0001 0.00015 0.32 551 31 1 2.48206e-314 0 0 0 
7.05 0 0 0.02 1 0.0001 0.00015 0.32 552 31 1 2.48206e-314 0 0 0 
7.07 0 0 0.02 1 0.0001 0.00015 0.32 553 31 1 2.48206e-314 0 0 0 
7.09 0 0 0.02 1 0.0001 0.00015 0.32 554 31 1 2.48206e-314 0 0 0 
7.11 0 0 0.02 1 0.0001 0.00015 0.32 555 31 1 2.48206e-314 0 0 0 
7.13 0 0 0.02 1 0.0001 0.00015 0.32 556 31 1 2.48206e-314 0 0 0 
7.15 0 0 0.02 1 0.0001 0.00015 0.32 557 31 1 2.48206e-314 0 0 0 
7.17 0 0 0.02 1 0.0001 0.00015 0.32 558 31 1 2.48206e-314 0 0 0 
7.19 0 0 0.02 1 0.0001 0.00015 0.32 559 31 1 2.48206e-314 0 0 0 
7.21 0 0 0.02 1 0.0001 0.00015 0.32 560 31 1 2.48206e-314 0 0 0 
7.23 0 0 0.02 1 0.0001 0.00015 0.32 561 31 1 2.48206e-314 0 0 0 
7.25 0 0 0.02 1 0.0001 0.00015 0.32 562 31 1 2.48206e-314 0 0 0 
7.27 0 0 0.02 1 0.0001 0.00015 0.32 563 31 1 2.48206e-314 0 0 0 
7.29 0 0 0.02 1 0.0001 0.00015 0.32 564 31 1 2.48206e-314 0 0 0 
7.31 0 0 0.02 1 0.0001 0.00015 0.32 565 31 1 2.48206e-314 0 0 0 
7.33 0 0 0.02 1 0.0001 0.00015 0.32 566 31 1 2.48206e-314 0 0 0 
7.35 0 0 0.02 1 0.0001 0.00015 0.32 567 31 1 2.48206e-314 0 0 0 
7.37 0 0 0.02 1 0.0001 0.00015 0.32 568 31 1 2.48206e-314 0 0 0 
7.39 -2.56453e-25 -2.11758e-22 0.02 1 0.0001 0.00015 0.32 569 31 1 2.48206e-314 0 0 0 
7.41 -1.0969e-22 -8.89385e-21 0.02 1 0.0001 0.00015 0.32 570 31 1 2.48206e-314 0 0 0 
7.43 -7.85579e-22 -5.97158e-20 0.02 1 0.0001 0.00015 0.32 571 31 1 2.48206e-314 0 0 0 
7.45 -2.98951e-21 -2.24464e-19 0.02 1 0.0001 0.00015 0.32 572 31 1 2.48206e-314 0 0 0 
7.47 -8.32961e-21 -6.22993e-19 0.02 1 0.0001 0.00015 0.32 573 31 1 2.48206e-314 0 0 0 
7.49 -1.879e-20 -1.3976e-18 0.02 1 0.0001 0.00015 0.32 574 31 1 2.48206e-314 0 0 0 
7.51 -3.79689e-20 -2.82401e-18 0.02 1 0.0001 0.00015 0.32 575 31 1 2.48206e-314 0 0 0 
7.53 -6.91978e-20 -5.13641e-18 0.02 1 0.0001 0.00015 0.32 576 31 1 2.48206e-314 0 0 0 
7.55 -1.16511e-19 -8.63931e-18 0.02 1 0.0001 0.00015 0.32 577 31 1 2.48206e-314 0 0 0 
7.57 -1.85032e-19 -1.37247e-17 0.02 1 0.0001 0.00015 0.32 578 31 1 2.48206e-314 0 0 0 
7.59 -2.75648e-19 -2.0433e-17 0.02 1 0.0001 0.00015 0.32 579 31 1 2.48206e-314 0 0 0 
7.61 -3.89476e-19 -2.88546e-17 0.02 1 0.0001 0.00015 0.32 580 31 1 2.48206e-314 0 0 0 
7.63 -5.22019e-19 -3.86704e-17 0.02 1 0.0001 0.00015 0.32 581 31 1 2.48206e-314 0 0 0 
7.65 -6.67325e-19 -4.93337e-17 0.02 1 0.0001 0.00015 0.32 582 31 1 2.48206e-314 0 0 0 
7.67 -8.1375e-19 -6.01618e-17 0.02 1 0.0001 0.00015 0.32 583 31 1 2.48206e-314 0 0 0 
7.69 -9.45413e-19 -6.97294e-17 0.02 1 0.0001 0.00015 0.32 584 31 1 2.48206e-314 0 0 0 
7.71 -9.13958e-19 -6.75814e-17 0.02 1 0.0001 0.00015 0.32 585 32 1 2.48206e-314 0 0 0 
7.73 -6.99022e-19 -5.16305e-17 0.02 1 0.0001 0.00015 0.32 586 32 1 2.48206e-314 0 0 0 
7.75 -2.82686e-19 -2.07972e-17 0.02 1 0.0001 0.00015 0.32 587 32 1 2.48206e-314 0 0 0 
7.77 3.40311e-19 2.53108e-17 0.02 1 0.0001 0.00015 0.32 588 32 1 2.48206e-314 0 0 0 
7.79 1.16796e-18 8.6467e-17 0.02 1 0.0001 0.00015 0.32 589 32 1 2.48206e-314 0 0 0 
7.81 2.19241e-18 1.62404e-16 0.02 1 0.0001 0.00015 0.32 590 32 1 2.48206e-314 0 0 0 
7.83 3.39606e-18 2.51392e-16 0.02 1 0.0001 0.00015 0.32 591 32 1 2.48206e-314 0 0 0 
7.85 4.75465e-18 3.51851e-16 0.02 1 0.0001 0.00015 0.32 592 32 1 2.48206e-314 0 0 0 
7.87 5.69703e-18 4.21695e-16 0.02 1 0.0001 0.00015 0.32 593 32 1 2.48206e-314 0 0 0 
7.89 6.1916e-18 4.58207e-16 0.02 1 0.0001 0.00015 0.32 594 32 1 2.48206e-314 0 0 0 
7.91 6.20782e-18 4.59407e-16 0.02 1 0.0001 0.00015 0.32 595 32 1 2.48206e-314 0 0 0 
7.93 5.73201e-18 4.24287e-16 0.02 1 0.0001 0.00015 0.32 596 32 1 2.48206e-314 0 0 0 
7.95 4.76344e-18 3.52587e-16 0.02 1 0.0001 0.00015 0.32 597 33 1 2.48206e-314 0 0 0 
7.97 3.31489e-18 2.45383e-16 0.02 1 0.0001 0.00015 0.32 598 33 1 2.48206e-314 0 0 0 
7.99 1.39318e-18 1.03154e-16 0.02 1 0.0001 0.00015 0.32 599 33 1 2.48206e-314 0 0 0 
-4.01 0 -0.00420894 0.02 1 10000 15000 0.32 600 31 1 3.03136e-314 0 0 0 
-4.03 0 5.05866 0.02 1 10000 15000 0.32 601 31 1 3.03136e-314 0 0 0 
-4.05 0 31.7215 0.02 1 10000 15000 0.32 602 31 1 3.03136e-314 0 0 0 
-4.07 0 96.8721 0.02 1 10000 15000 0.32 603 31 1 3.03136e-314 0 0 0 
-4.09 0 220.225 0.02 1 10000 15000 0.32 604 32 1 3.03136e-314 0 0 0 
-4.11 0 434.933 0.02 1 10000 15000 0.32 605 32 1 3.03136e-314 0 0 0 
-4.13 0 784.429 0.02 1 10000 15000 0.32 606 32 1 3.03136e-314 0 0 0 
-4.15 0 1344.36 0.02 1 10000 15000 0.32 607 32 1 3.03136e-314 0 0 0 
-4.17 0 2290.56 0.02 1 10000 15000 0.32 608 32 1 3.03136e-314 0 0 0 
-4.19 0 3616.93 0.02 1 10000 15000 0.32 609 32 1 3.03136e-314 0 0 0 
-4.21 0 5195.72 0.02 1 10000 15000 0.32 610 32 1 3.03136e-314 0 0 0 
-4.23 0 6894.75 0.02 1 10000 15000 0.32 611 32 1 3.03136e-314 0 0 0 
-4.25 0 8575.01 0.02 1 10000 15000 0.32 612 32 1 3.03136e-314 0 0 0 
-4.27 0 10087.8 0.02 1 10000 15000 0.32 613 32 1 3.03136e-314 0 0 0 
-4.29 0 11271.5 0.02 1 10000 15000 0.32 614 32 1 3.03136e-314 0 0 0 
-4.31 0 11945.9 0.02 1 10000 15000 0.32 615 32 1 3.03136e-314 0 0 0 
-4.33 0 11898.3 0.02 1 10000 15000 0.32 616 31 1 3.03136e-314 0 0 0 
-4.35 0 10568.1 0.02 0.999959 9999.59 15000 0.320013 617 31 1 3.03136e-314 0 0 0 
-4.37 0 7252.03 0.02 0.999631 9996.31 15000 0.320118 618 30 1 3.03136e-314 0 0 0 
-4.39 0 2132.63 0.02 0.998503 9985.03 15000 0.32048 619 29 1 3.03136e-314 0 0 0 
-4.41 0 -4512.16 0.02 0.995748 9957.48 15000 0.321366 620 28 1 3.03136e-314 0 0 0 
-4.43 0 -12400.6 0.02 0.990126 9901.26 15000 0.323191 621 27 1 3.03136e-314 0 0 0 
-4.45 0 -21257.3 0.02 0.979822 9798.22 15000 0.32659 622 26 1 3.03136e-314 0 0 0 
-4.47 0 -30832.5 0.02 0.962228 9622.28 15000 0.332561 623 25 1 3.03136e-314 0 0 0 
-4.49 0 -40888 0.02 0.933731 9337.31 15000 0.342711 624 25 1 3.03136e-314 0 0 0 
-4.51 0 -50859.8 0.02 0.890771 8907.71 15000 0.359239 625 24 1 3.03136e-314 0 0 0 
-4.53 0 -59973.5 0.02 0.832895 8328.95 15000 0.384202 626 25 1 3.03136e-314 0 0 0 
-4.55 0 -67510.9 0.02 0.764751 7647.51 15000 0.418437 627 25 1 3.03136e-314 0 0 0 
-4.57 0 -73025.8 0.02 0.6944 6944 15000 0.460829 628 27 1 3.03136e-314 0 0 0 
-4.59 0 -76508.9 0.02 0.62873 6287.3 15000 0.508962 629 28 1 3.03136e-314 0 0 0 
-4.61 0 -78250 0.02 0.571028 5710.28 15000 0.560393 630 30 1 3.03136e-314 0 0 0 
-4.63 0 -78627.5 0.02 0.521739 5217.39 15000 0.613333 631 31 1 3.03136e-314 0 0 0 
8.01 0 -7.14972e-17 0.02 1 0.0001 0.00015 0.32 632 33 1 3.03136e-314 0 0 0 
8.03 0 -5.06339e-08 0.02 1 0.0001 0.00015 0.32 633 33 1 3.03136e-314 0 0 0 
8.05 0 -3.17263e-07 0.02 1 0.0001 0.00015 0.32 634 33 1 3.03136e-314 0 0 0 
8.07 0 -9.68767e-07 0.02 1 0.0001 0.00015 0.32 635 33 1 3.03136e-314 0 0 0 
8.09 0 -2.20229e-06 0.02 1 0.0001 0.00015 0.32 636 32 1 3.03136e-314 0 0 0 
8.11 0 -4.34936e-06 0.02 1 0.0001 0.00015 0.32 637 32 1 3.03136e-314 0 0 0 
8.13 0 -7.84431e-06 0.02 1 0.0001 0.00015 0.32 638 32 1 3.03136e-314 0 0 0 
8.15 0 -1.34436e-05 0.02 1 0.0001 0.00015 0.32 639 32 1 3.03136e-314 0 0 0 
8.17 0 -2.29056e-05 0.02 1 0.0001 0.00015 0.32 640 32 1 3.03136e-314 0 0 0 
8.19 0 -3.61693e-05 0.02 1 0.0001 0.00015 0.32 641 32 1 3.03136e-314 0 0 0 
8.21 0 -5.19572e-05 0.02 1 0.0001 0.00015 0.32 642 32 1 3.03136e-314 0 0 0 
8.23 0 -6.89475e-05 0.02 1 0.0001 0.00015 0.32 643 32 1 3.03136e-314 0 0 0 
8.25 0 -8.57501e-05 0.02 1 0.0001 0.00015 0.32 644 32 1 3.03136e-314 0 0 0 
8.27 0 -0.000100878 0.02 1 0.0001 0.00015 0.32 645 32 1 3.03136e-314 0 0 0 
8.29 0 -0.000112715 0.02 1 0.0001 0.00015 0.32 646 31 1 3.03136e-314 0 0 0 
8.31 0 -0.000119459 0.02 1 0.0001 0.00015 0.32 647 31 1 3.03136e-314 0 0 0 
8.33 0 -0.000118983 0.02 1 0.0001 0.00015 0.32 648 31 1 3.03136e-314 0 0 0 
8.35 0 -0.000105681 0.02 0.999959 9.99959e-05 0.00015 0.320013 649 31 1 3.03136e-314 0 0 0 
8.37 0 -7.25203e-05 0.02 0.999631 9.99631e-05 0.00015 0.320118 650 30 1 3.03136e-314 0 0 0 
8.39 0 -2.13263e-05 0.02 0.998503 9.98503e-05 0.00015 0.32048 651 29 1 3.03136e-314 0 0 0 
8.41 0 4.51216e-05 0.02 0.995748 9.95748e-05 0.00015 0.321366 652 28 1 3.03136e-314 0 0 0 
8.43 0 0.000124006 0.02 0.990126 9.90126e-05 0.00015 0.323191 653 27 1 3.03136e-314 0 0 0 
8.45 0 0.000212573 0.02 0.979822 9.79822e-05 0.00015 0.32659 654 26 1 3.03136e-314 0 0 0 
8.47 0 0.000308325 0.02 0.962228 9.62228e-05 0.00015 0.332561 655 25 1 3.03136e-314 0 0 0 
8.49 0 0.00040888 0.02 0.933731 9.33731e-05 0.00015 0.342711 656 25 1 3.03136e-314 0 0 0 
8.51 0 0.000508598 0.02 0.890771 8.90771e-05 0.00015 0.359239 657 24 1 3.03136e-314 0 0 0 
8.53 0 0.000599735 0.02 0.832895 8.32895e-05 0.00015 0.384202 658 25 1 3.03136e-314 0 0 0 
8.55 0 0.000675109 0.02 0.764751 7.64751e-05 0.00015 0.418437 659 25 1 3.03136e-314 0 0 0 
8.57 0 0.000730258 0.02 0.6944 6.944e-05 0.00015 0.460829 660 27 1 3.03136e-314 0 0 0 
8.59 0 0.000765089 0.02 0.62873 6.2873e-05 0.00015 0.508962 661 28 1 3.03136e-314 0 0 0 
8.61 0 0.0007825 0.02 0.571028 5.71028e-05 0.00015 0.560393 662 30 1 3.03136e-314 0 0 0 
8.63 0 0.000786275 0.02 0.521739 5.21739e-05 0.00015 0.613333 663 31 1 3.03136e-314 0 0 0 
