# Time [s]: 0.0150576
# Columns: pos [m], vel [m/s], acc [m/s^2], mass [kg], dens [kg/m^3], pres [Pa], ene [J/kg], sml [m], id, neighbor, alpha, gradh, ...additional?
# Additional arrays: grad_velocity_0(vector) grad_pressure(vector) grad_density(vector) 
-3.99 9.57691e-05 0.225865 0.02 0.999999 9999.98 15000 0.32 0 32 1 2.48207e-314 0 0 0 
-3.97 0.000120309 0.272514 0.02 0.999999 9999.98 15000 0.32 1 32 1 2.48207e-314 0 0 0 
-3.95 0.000150507 0.3293 0.02 0.999999 9999.98 15000 0.32 2 32 1 2.48207e-314 0 0 0 
-3.93 0.000187547 0.398 0.02 0.999999 9999.97 15000 0.32 3 32 1 2.48207e-314 0 0 0 
-3.91 0.000232819 0.480651 0.02 0.999998 9999.96 15000 0.320001 4 32 1 2.48207e-314 0 0 0 
-3.89 0.000287944 0.579577 0.02 0.999998 9999.96 15000 0.320001 5 32 1 2.48207e-314 0 0 0 
-3.87 0.000354815 0.697433 0.02 0.999997 9999.95 15000 0.320001 6 32 1 2.48207e-314 0 0 0 
-3.85 0.000435639 0.837249 0.02 0.999997 9999.93 14999.9 0.320001 7 32 1 2.48207e-314 0 0 0 
-3.83 0.000532985 1.00248 0.02 0.999996 9999.92 14999.9 0.320001 8 32 1 2.48207e-314 0 0 0 
-3.81 0.000649643 1.19599 0.02 0.999995 9999.9 14999.9 0.320001 9 32 1 2.48207e-314 0 0 0 
-3.79 0.000788994 1.42205 0.02 0.999994 9999.88 14999.9 0.320002 10 32 1 2.48207e-314 0 0 0 
-3.77 0.000954956 1.68552 0.02 0.999993 9999.86 14999.9 0.320002 11 32 1 2.48207e-314 0 0 0 
-3.75 0.00115206 1.99189 0.02 0.999992 9999.83 14999.9 0.320003 12 32 1 2.48207e-314 0 0 0 
-3.73 0.00138552 2.34736 0.02 0.99999 9999.8 14999.8 0.320003 13 32 1 2.48207e-314 0 0 0 
-3.71 0.00166135 2.75887 0.02 0.999988 9999.76 14999.8 0.320004 14 32 1 2.48207e-314 0 0 0 
-3.69 0.00198643 3.23424 0.02 0.999986 9999.72 14999.8 0.320004 15 32 1 2.48207e-314 0 0 0 
-3.67 0.00236861 3.78217 0.02 0.999984 9999.67 14999.7 0.320005 16 32 1 2.48207e-314 0 0 0 
-3.65 0.00281693 4.41265 0.02 0.999981 9999.61 14999.7 0.320006 17 32 1 2.48207e-314 0 0 0 
-3.63 0.0033416 5.13653 0.02 0.999977 9999.54 14999.6 0.320007 18 32 1 2.48207e-314 0 0 0 
-3.61 0.00395424 5.96579 0.02 0.999973 9999.45 14999.6 0.320009 19 32 1 2.48207e-314 0 0 0 
-3.59 0.00466798 6.91373 0.02 0.999968 9999.36 14999.5 0.32001 20 32 1 2.48207e-314 0 0 0 
-3.57 0.00549767 7.99497 0.02 0.999962 9999.25 14999.4 0.320012 21 32 1 2.48207e-314 0 0 0 
-3.55 0.00646003 9.22559 0.02 0.999956 9999.12 14999.3 0.320014 22 32 1 2.48207e-314 0 0 0 
-3.53 0.00757387 10.6232 0.02 0.999948 9998.97 14999.2 0.320017 23 32 1 2.48207e-314 0 0 0 
-3.50999 0.00886031 12.2072 0.02 0.99994 9998.8 14999.1 0.320019 24 32 1 2.48207e-314 0 0 0 
-3.48999 0.010343 13.9985 0.02 0.99993 9998.6 14998.9 0.320022 25 32 1 2.48207e-314 0 0 0 
-3.46999 0.0120483 16.0199 0.02 0.999918 9998.38 14998.8 0.320026 26 32 1 2.48207e-314 0 0 0 
-3.44999 0.0140056 18.2964 0.02 0.999905 9998.12 14998.6 0.32003 27 32 1 2.48207e-314 0 0 0 
-3.42999 0.0162478 20.8548 0.02 0.99989 9997.83 14998.3 0.320035 28 32 1 2.48207e-314 0 0 0 
-3.40999 0.018811 23.7238 0.02 0.999873 9997.49 14998.1 0.320041 29 32 1 2.48207e-314 0 0 0 
-3.38999 0.0217355 26.9347 0.02 0.999854 9997.11 14997.8 0.320047 30 32 1 2.48207e-314 0 0 0 
-3.36998 0.0250657 30.5207 0.02 0.999831 9996.68 14997.5 0.320054 31 32 1 2.48207e-314 0 0 0 
-3.34998 0.0288505 34.5173 0.02 0.999806 9996.19 14997.1 0.320062 32 32 1 2.48207e-314 0 0 0 
-3.32998 0.0331437 38.9625 0.02 0.999777 9995.64 14996.7 0.320071 33 32 1 2.48207e-314 0 0 0 
-3.30997 0.0380041 43.8962 0.02 0.999745 9995.01 14996.2 0.320082 34 32 1 2.48207e-314 0 0 0 
-3.28997 0.0434965 49.3611 0.02 0.999709 9994.3 14995.7 0.320093 35 32 1 2.48207e-314 0 0 0 
-3.26996 0.0496911 55.4017 0.02 0.999667 9993.51 14995.1 0.320107 36 32 1 2.48207e-314 0 0 0 
-3.24996 0.0566648 62.0651 0.02 0.999621 9992.61 14994.5 0.320121 37 32 1 2.48207e-314 0 0 0 
-3.22995 0.0645008 69.4003 0.02 0.999569 9991.61 14993.8 0.320138 38 32 1 2.48207e-314 0 0 0 
-3.20994 0.0732896 77.4584 0.02 0.99951 9990.49 14992.9 0.320157 39 32 1 2.48207e-314 0 0 0 
-3.18993 0.0831288 86.2925 0.02 0.999445 9989.24 14992 0.320178 40 32 1 2.48207e-314 0 0 0 
-3.16992 0.0941238 95.9572 0.02 0.999372 9987.84 14991 0.320201 41 32 1 2.48207e-314 0 0 0 
-3.14991 0.106388 106.509 0.02 0.99929 9986.29 14989.9 0.320227 42 32 1 2.48207e-314 0 0 0 
-3.1299 0.120043 118.005 0.02 0.999199 9984.56 14988.6 0.320257 43 32 1 2.48207e-314 0 0 0 
-3.10988 0.135219 130.505 0.02 0.999098 9982.64 14987.3 0.320289 44 32 1 2.48207e-314 0 0 0 
-3.08987 0.152056 144.067 0.02 0.998986 9980.51 14985.7 0.320325 45 32 1 2.48207e-314 0 0 0 
-3.06985 0.170701 158.752 0.02 0.998862 9978.16 14984.1 0.320365 46 32 1 2.48207e-314 0 0 0 
-3.04983 0.191312 174.62 0.02 0.998724 9975.57 14982.2 0.320409 47 32 1 2.48207e-314 0 0 0 
-3.0298 0.214056 191.729 0.02 0.998573 9972.71 14980.2 0.320457 48 32 1 2.48207e-314 0 0 0 
-3.00978 0.23911 210.14 0.02 0.998406 9969.57 14977.9 0.320511 49 32 1 2.48207e-314 0 0 0 
-2.98975 0.266659 229.908 0.02 0.998222 9966.12 14975.5 0.32057 50 32 1 2.48207e-314 0 0 0 
-2.96971 0.2969 251.092 0.02 0.99802 9962.34 14972.8 0.320635 51 32 1 2.48207e-314 0 0 0 
-2.94967 0.330037 273.743 0.02 0.997798 9958.2 14969.9 0.320706 52 32 1 2.48207e-314 0 0 0 
-2.92963 0.366285 297.915 0.02 0.997556 9953.68 14966.7 0.320784 53 32 1 2.48207e-314 0 0 0 
-2.90959 0.405868 323.653 0.02 0.997291 9948.75 14963.3 0.320869 54 32 1 2.48207e-314 0 0 0 
-2.88953 0.449018 351.004 0.02 0.997002 9943.38 14959.5 0.320962 55 32 1 2.48207e-314 0 0 0 
-2.86948 0.495977 380.006 0.02 0.996687 9937.55 14955.4 0.321064 56 32 1 2.48207e-314 0 0 0 
-2.84941 0.546995 410.696 0.02 0.996345 9931.22 14951 0.321174 57 32 1 2.48207e-314 0 0 0 
-2.82934 0.602329 443.104 0.02 0.995974 9924.36 14946.3 0.321294 58 32 1 2.48207e-314 0 0 0 
-2.80926 0.662244 477.254 0.02 0.995571 9916.95 14941.1 0.321424 59 32 1 2.48207e-314 0 0 0 
-2.78918 0.727011 513.165 0.02 0.995135 9908.94 14935.6 0.321564 60 32 1 2.48207e-314 0 0 0 
-2.76908 0.796907 550.849 0.02 0.994664 9900.31 14929.6 0.321717 61 32 1 2.48207e-314 0 0 0 
-2.74898 0.872217 590.311 0.02 0.994156 9891.03 14923.2 0.321881 62 32 1 2.48207e-314 0 0 0 
-2.72886 0.953225 631.55 0.02 0.993609 9881.05 14916.3 0.322058 63 32 1 2.48207e-314 0 0 0 
-2.70874 1.04023 674.556 0.02 0.993021 9870.35 14909 0.322249 64 32 1 2.48207e-314 0 0 0 
-2.6886 1.13351 719.313 0.02 0.99239 9858.89 14901.1 0.322454 65 32 1 2.48207e-314 0 0 0 
-2.66845 1.23337 765.794 0.02 0.991713 9846.64 14892.8 0.322674 66 32 1 2.48207e-314 0 0 0 
-2.64829 1.34011 813.97 0.02 0.990989 9833.56 14883.8 0.32291 67 32 1 2.48207e-314 0 0 0 
-2.62811 1.45403 863.797 0.02 0.990216 9819.62 14874.3 0.323162 68 32 1 2.48207e-314 0 0 0 
-2.60791 1.57541 915.23 0.02 0.98939 9804.79 14864.2 0.323432 69 32 1 2.48207e-314 0 0 0 
-2.5877 1.70456 968.212 0.02 0.988511 9789.02 14853.5 0.323719 70 32 1 2.48207e-314 0 0 0 
-2.56747 1.84176 1022.68 0.02 0.987575 9772.3 14842.2 0.324026 71 32 1 2.48207e-314 0 0 0 
-2.54722 1.9873 1078.56 0.02 0.986582 9754.59 14830.2 0.324352 72 32 1 2.48207e-314 0 0 0 
-2.52695 2.14145 1135.79 0.02 0.985528 9735.86 14817.5 0.324699 73 32 1 2.48207e-314 0 0 0 
-2.50666 2.30451 1194.26 0.02 0.984412 9716.08 14804.2 0.325067 74 32 1 2.48207e-314 0 0 0 
-2.48635 2.47672 1253.9 0.02 0.983232 9695.21 14790.1 0.325457 75 32 1 2.48207e-314 0 0 0 
-2.46601 2.65837 1314.62 0.02 0.981985 9673.25 14775.3 0.32587 76 32 1 2.48207e-314 0 0 0 
-2.44564 2.84968 1376.3 0.02 0.980671 9650.15 14759.8 0.326307 77 32 1 2.48207e-314 0 0 0 
-2.42525 3.05091 1438.84 0.02 0.979287 9625.9 14743.5 0.326769 78 32 1 2.48207e-314 0 0 0 
-2.40483 3.2623 1502.14 0.02 0.977831 9600.47 14726.5 0.327255 79 32 1 2.48207e-314 0 0 0 
-2.38437 3.48405 1566.09 0.02 0.976302 9573.84 14708.6 0.327768 80 32 1 2.48207e-314 0 0 0 
-2.36389 3.71638 1630.56 0.02 0.974698 9546 14690 0.328307 81 32 1 2.48207e-314 0 0 0 
-2.34337 3.95948 1695.45 0.02 0.973018 9516.92 14670.6 0.328874 82 32 1 2.48207e-314 0 0 0 
-2.32281 4.21354 1760.63 0.02 0.97126 9486.61 14650.3 0.329469 83 32 1 2.48207e-314 0 0 0 
-2.30222 4.47874 1825.99 0.02 0.969424 9455.03 14629.2 0.330093 84 32 1 2.48207e-314 0 0 0 
-2.28159 4.75522 1891.4 0.02 0.967507 9422.18 14607.3 0.330747 85 32 1 2.48207e-314 0 0 0 
-2.26091 5.04313 1956.75 0.02 0.96551 9388.07 14584.5 0.331431 86 32 1 2.48207e-314 0 0 0 
-2.24019 5.3426 2021.92 0.02 0.96343 9352.67 14560.9 0.332146 87 32 1 2.48207e-314 0 0 0 
-2.21943 5.65375 2086.79 0.02 0.961268 9315.98 14536.4 0.332894 88 32 1 2.48207e-314 0 0 0 
-2.19862 5.97667 2151.24 0.02 0.959022 9278.01 14511.1 0.333673 89 32 1 2.48207e-314 0 0 0 
-2.17775 6.31146 2215.17 0.02 0.956692 9238.76 14484.9 0.334486 90 32 1 2.48207e-314 0 0 0 
-2.15684 6.65819 2278.47 0.02 0.954278 9198.23 14457.9 0.335332 91 32 1 2.48207e-314 0 0 0 
-2.13587 7.01691 2341.02 0.02 0.951779 9156.42 14430 0.336213 92 32 1 2.48207e-314 0 0 0 
-2.11485 7.38767 2402.72 0.02 0.949194 9113.35 14401.2 0.337128 93 32 1 2.48207e-314 0 0 0 
-2.09377 7.77051 2463.47 0.02 0.946525 9069.02 14371.6 0.338079 94 32 1 2.48207e-314 0 0 0 
-2.07263 8.16544 2523.18 0.02 0.94377 9023.45 14341.2 0.339066 95 32 1 2.48207e-314 0 0 0 
-2.05142 8.57246 2581.75 0.02 0.940931 8976.65 14309.9 0.340089 96 32 1 2.48207e-314 0 0 0 
-2.03015 8.99157 2639.09 0.02 0.938006 8928.63 14277.7 0.341149 97 32 1 2.48207e-314 0 0 0 
-2.00882 9.42273 2695.11 0.02 0.934998 8879.42 14244.8 0.342247 98 32 1 2.48207e-314 0 0 0 
-1.98741 9.86592 2749.74 0.02 0.931905 8829.04 14211 0.343383 99 32 1 2.48207e-314 0 0 0 
-1.96593 10.3211 2802.89 0.02 0.92873 8777.51 14176.3 0.344557 100 32 1 2.48207e-314 0 0 0 
-1.94437 10.7882 2854.5 0.02 0.925472 8724.85 14140.9 0.34577 101 32 1 2.48207e-314 0 0 0 
-1.92274 11.2671 2904.48 0.02 0.922132 8671.09 14104.7 0.347022 102 32 1 2.48207e-314 0 0 0 
-1.90103 11.7578 2952.77 0.02 0.918712 8616.25 14067.7 0.348314 103 32 1 2.48207e-314 0 0 0 
-1.87924 12.2601 2999.31 0.02 0.915212 8560.37 14030 0.349646 104 32 1 2.48207e-314 0 0 0 
-1.85736 12.774 3044.03 0.02 0.911634 8503.47 13991.4 0.351018 105 32 1 2.48207e-314 0 0 0 
-1.83539 13.2993 3086.88 0.02 0.907979 8445.6 13952.2 0.352431 106 32 1 2.48207e-314 0 0 0 
-1.81333 13.8359 3127.8 0.02 0.904248 8386.77 13912.2 0.353885 107 32 1 2.48207e-314 0 0 0 
-1.79118 14.3837 3166.74 0.02 0.900442 8327.03 13871.5 0.355381 108 32 1 2.48207e-314 0 0 0 
-1.76894 14.9425 3203.65 0.02 0.896564 8266.41 13830.1 0.356918 109 32 1 2.48207e-314 0 0 0 
-1.7466 15.5121 3238.48 0.02 0.892615 8204.95 13788.1 0.358497 110 32 1 2.48207e-314 0 0 0 
-1.72415 16.0924 3271.18 0.02 0.888597 8142.69 13745.3 0.360118 111 32 1 2.48207e-314 0 0 0 
-1.70161 16.6831 3301.7 0.02 0.884511 8079.66 13702 0.361782 112 32 1 2.48207e-314 0 0 0 
-1.67896 17.284 3330 0.02 0.88036 8015.92 13658 0.363488 113 32 1 2.48207e-314 0 0 0 
-1.6562 17.895 3356.03 0.02 0.876145 7951.49 13613.4 0.365236 114 32 1 2.48207e-314 0 0 0 
-1.63332 18.5158 3379.73 0.02 0.871869 7886.43 13568.3 0.367028 115 32 1 2.48207e-314 0 0 0 
-1.61034 19.1461 3401.07 0.02 0.867534 7820.78 13522.6 0.368862 116 32 1 2.48207e-314 0 0 0 
-1.58724 19.7858 3420.01 0.02 0.863143 7754.58 13476.4 0.370738 117 32 1 2.48207e-314 0 0 0 
-1.56401 20.4344 3436.49 0.02 0.858697 7687.88 13429.7 0.372658 118 32 1 2.48207e-314 0 0 0 
-1.54067 21.0918 3450.48 0.02 0.854199 7620.73 13382.5 0.37462 119 32 1 2.48207e-314 0 0 0 
-1.5172 21.7577 3461.94 0.02 0.849652 7553.17 13334.9 0.376625 120 32 1 2.48207e-314 0 0 0 
-1.4936 22.4316 3470.81 0.02 0.845059 7485.26 13286.8 0.378672 121 32 1 2.48207e-314 0 0 0 
-1.46988 23.1133 3477.05 0.02 0.840423 7417.04 13238.4 0.380761 122 32 1 2.48207e-314 0 0 0 
-1.44602 23.8023 3480.61 0.02 0.835746 7348.56 13189.6 0.382891 123 32 1 2.48207e-314 0 0 0 
-1.42202 24.4982 3481.43 0.02 0.831031 7279.87 13140.4 0.385064 124 32 1 2.48207e-314 0 0 0 
-1.39789 25.2007 3479.45 0.02 0.826283 7211.03 13091 0.387277 125 32 1 2.48207e-314 0 0 0 
-1.37361 25.9093 3474.61 0.02 0.821503 7142.09 13041.3 0.38953 126 32 1 2.48207e-314 0 0 0 
-1.3492 26.6235 3466.86 0.02 0.816697 7073.11 12991.4 0.391822 127 32 1 2.48207e-314 0 0 0 
-1.32463 27.3429 3456.13 0.02 0.811866 7004.14 12941.3 0.394154 128 32 1 2.48207e-314 0 0 0 
-1.29992 28.067 3442.37 0.02 0.807016 6935.24 12891 0.396523 129 32 1 2.48207e-314 0 0 0 
-1.27506 28.7953 3425.54 0.02 0.802149 6866.46 12840.6 0.398928 130 32 1 2.48207e-314 0 0 0 
-1.25004 29.5273 3405.6 0.02 0.797269 6797.86 12790.2 0.40137 131 32 1 2.48207e-314 0 0 0 
-1.22487 30.2622 3382.51 0.02 0.792382 6729.5 12739.7 0.403846 132 32 1 2.48207e-314 0 0 0 
-1.19954 30.9995 3356.23 0.02 0.787489 6661.43 12689.2 0.406355 133 32 1 2.48207e-314 0 0 0 
-1.17405 31.7383 3326.72 0.02 0.782596 6593.72 12638.7 0.408895 134 32 1 2.48207e-314 0 0 0 
-1.14841 32.478 3293.93 0.02 0.777708 6526.42 12588.4 0.411466 135 32 1 2.48207e-314 0 0 0 
-1.12259 33.2178 3257.79 0.02 0.772828 6459.59 12538.2 0.414064 136 32 1 2.48207e-314 0 0 0 
-1.09662 33.9567 3218.25 0.02 0.767961 6393.29 12488.1 0.416688 137 32 1 2.48207e-314 0 0 0 
-1.07048 34.6941 3175.24 0.02 0.763112 6327.58 12438.3 0.419335 138 32 1 2.48207e-314 0 0 0 
-1.04416 35.4291 3128.73 0.02 0.758287 6262.53 12388.8 0.422004 139 32 1 2.48207e-314 0 0 0 
-1.01768 36.161 3078.71 0.02 0.753489 6198.21 12339.7 0.424691 140 32 1 2.48207e-314 0 0 0 
-0.991027 36.8891 3025.19 0.02 0.748724 6134.66 12290.9 0.427394 141 32 1 2.48207e-314 0 0 0 
-0.964202 37.6125 2968.27 0.02 0.743995 6071.96 12242.6 0.43011 142 32 1 2.48207e-314 0 0 0 
-0.937204 38.3303 2908.03 0.02 0.739308 6010.17 12194.9 0.432837 143 32 1 2.48207e-314 0 0 0 
-0.910034 39.0416 2844.64 0.02 0.734666 5949.33 12147.7 0.435572 144 32 1 2.48207e-314 0 0 0 
-0.882691 39.7452 2778.25 0.02 0.730072 5889.51 12101.2 0.438313 145 32 1 2.48207e-314 0 0 0 
-0.855177 40.4399 2708.99 0.02 0.725532 5830.75 12055.5 0.441056 146 32 1 2.48207e-314 0 0 0 
-0.827492 41.1244 2637 0.02 0.721048 5773.1 12010.5 0.443799 147 32 1 2.48207e-314 0 0 0 
-0.799634 41.7974 2562.35 0.02 0.716624 5716.63 11966.5 0.446538 148 32 1 2.48207e-314 0 0 0 
-0.771605 42.4576 2485.12 0.02 0.712265 5661.39 11923.3 0.449271 149 32 1 2.48207e-314 0 0 0 
-0.743403 43.1041 2405.41 0.02 0.707976 5607.45 11881.3 0.451993 150 32 1 2.48207e-314 0 0 0 
-0.715028 43.7364 2323.35 0.02 0.703758 5554.86 11840.4 0.454702 151 32 1 2.48207e-314 0 0 0 
-0.68648 44.3541 2239.19 0.02 0.699617 5503.69 11800.7 0.457393 152 32 1 2.48207e-314 0 0 0 
-0.657759 44.957 2153.29 0.02 0.695552 5454 11762.5 0.460066 153 32 1 2.48207e-314 0 0 0 
-0.628868 45.5451 2066.19 0.02 0.691565 5405.86 11725.9 0.462719 154 32 1 2.48207e-314 0 0 0 
-0.599809 46.1182 1978.54 0.02 0.687655 5359.3 11691 0.46535 155 32 1 2.48207e-314 0 0 0 
-0.570587 46.6757 1891.07 0.02 0.68382 5314.37 11658 0.467959 156 32 1 2.48207e-314 0 0 0 
-0.541207 47.2167 1804.52 0.02 0.680058 5271.11 11627 0.470548 157 32 1 2.48207e-314 0 0 0 
-0.511673 47.7396 1719.5 0.02 0.676366 5229.54 11598.3 0.473116 158 32 1 2.48207e-314 0 0 0 
-0.481989 48.2428 1636.47 0.02 0.672745 5189.71 11571.9 0.475663 159 32 1 2.48207e-314 0 0 0 
-0.452156 48.7248 1555.66 0.02 0.669195 5151.66 11548 0.478187 160 32 1 2.48207e-314 0 0 0 
-0.422174 49.1847 1477.08 0.02 0.665717 5115.48 11526.7 0.480685 161 32 1 2.48207e-314 0 0 0 
-0.392036 49.6227 1400.63 0.02 0.662315 5081.24 11508.4 0.483154 162 32 1 2.48207e-314 0 0 0 
-0.361737 50.0404 1326.15 0.02 0.658991 5049.06 11493.1 0.485591 163 32 1 2.48207e-314 0 0 0 
-0.331269 50.4406 1253.58 0.02 0.655749 5019.05 11481.3 0.487992 164 32 1 2.48207e-314 0 0 0 
-0.300629 50.8269 1183.12 0.02 0.652588 4991.34 11473.2 0.490355 165 32 1 2.48207e-314 0 0 0 
-0.269819 51.2027 1115.28 0.02 0.64951 4966.05 11469.1 0.492679 166 32 1 2.48207e-314 0 0 0 
-0.238849 51.5702 1050.98 0.02 0.646513 4943.25 11469.4 0.494963 167 32 1 2.48207e-314 0 0 0 
-0.207742 51.9294 991.368 0.02 0.643601 4923.06 11474.2 0.497203 168 32 1 2.48207e-314 0 0 0 
-0.176523 52.2786 937.429 0.02 0.640781 4905.52 11483.6 0.499391 169 32 1 2.48207e-314 0 0 0 
-0.145211 52.615 889.962 0.02 0.638066 4890.69 11497.5 0.501516 170 32 1 2.48207e-314 0 0 0 
-0.113813 52.9352 849.266 0.02 0.635474 4878.62 11515.9 0.503561 171 32 1 2.48207e-314 0 0 0 
-0.0823146 53.2359 814.718 0.02 0.633029 4869.34 11538.4 0.505506 172 32 1 2.48207e-314 0 0 0 
-0.050689 53.5143 784.965 0.02 0.630764 4862.93 11564.5 0.507321 173 32 1 2.48207e-314 0 0 0 
-0.0189017 53.7717 758.967 0.02 0.628718 4859.5 11594 0.508972 174 32 1 2.48207e-314 0 0 0 
0.0130829 54.0131 733.631 0.02 0.626944 4859.2 11626 0.510413 175 33 1 2.48207e-314 0 0 0 
0.0452807 54.245 706.745 0.02 0.6255 4862.13 11659.9 0.511591 176 33 1 2.48207e-314 0 0 0 
0.0776513 54.4717 677.084 0.02 0.624455 4868.34 11694.3 0.512447 177 33 1 2.48207e-314 0 0 0 
0.110118 54.696 644.441 0.02 0.62388 4877.78 11727.8 0.512919 178 33 1 2.48207e-314 0 0 0 
0.142619 54.9242 609.979 0.02 0.623848 4890.21 11758.2 0.512945 179 33 1 2.48207e-314 0 0 0 
0.175072 55.152 572.99 0.02 0.624442 4905.28 11783.2 0.512458 180 34 1 2.48207e-314 0 0 0 
0.207368 55.3623 535.454 0.02 0.625758 4922.42 11799.5 0.51138 181 34 1 2.48207e-314 0 0 0 
0.239402 55.5368 503.502 0.02 0.627915 4940.81 11802.9 0.509623 182 34 1 2.48207e-314 0 0 0 
0.27126 55.7118 483.825 0.02 0.631039 4959.63 11789.2 0.5071 183 34 1 2.48207e-314 0 0 0 
0.303277 55.8913 468.253 0.02 0.635288 4978 11753.8 0.503708 184 34 1 2.48207e-314 0 0 0 
0.33543 56.0492 456.793 0.02 0.640857 4994.56 11690.4 0.499332 185 35 1 2.48207e-314 0 0 0 
0.367574 56.1656 448.825 0.02 0.647967 5007.63 11592.4 0.493852 186 36 1 2.48207e-314 0 0 0 
0.399686 56.213 440.457 0.02 0.656905 5015.48 11452.6 0.487133 187 37 1 2.48207e-314 0 0 0 
0.431152 56.1429 428.835 0.02 0.667779 5015.73 11266.7 0.479201 188 37 1 2.48207e-314 0 0 0 
0.461593 56.0424 421.943 0.02 0.680654 5007.35 11035.2 0.470136 189 38 1 2.48207e-314 0 0 0 
0.491405 56.0007 407.11 0.02 0.695895 4990.65 10757.6 0.45984 190 39 1 2.48207e-314 0 0 0 
0.520747 56.0348 385.022 0.02 0.713826 4964.4 10432.2 0.448289 191 40 1 2.48207e-314 0 0 0 
0.549622 56.0714 356.002 0.02 0.734765 4925.56 10055.7 0.435514 192 41 1 2.48207e-314 0 0 0 
0.578326 56.1441 328.309 0.02 0.759513 4872.74 9623.77 0.421323 193 42 1 2.48207e-314 0 0 0 
0.607106 56.2414 289.433 0.02 0.789075 4805.15 9134.74 0.405538 194 43 1 2.48207e-314 0 0 0 
0.634218 56.1315 264.506 0.02 0.822108 4715.95 8604.97 0.389243 195 43 1 2.48207e-314 0 0 0 
0.659463 55.9908 265.42 0.02 0.858224 4611.8 8060.81 0.372863 196 44 1 2.48207e-314 0 0 0 
0.682858 55.9053 281.022 0.02 0.897139 4500.62 7525.25 0.35669 197 44 1 2.48207e-314 0 0 0 
0.704183 55.8641 304.779 0.02 0.938007 4389.54 7019.71 0.341149 198 44 1 2.48207e-314 0 0 0 
0.722823 55.7942 335.591 0.02 0.978721 4285.26 6567.82 0.326957 199 44 1 2.48207e-314 0 0 0 
0.758461 55.6936 291.77 0.02 1.07333 3970.16 5548.17 0.298137 200 43 1 2.48206e-314 0 0 0 
0.774891 55.689 314.882 0.02 1.1262 3875.86 5162.09 0.28414 201 43 1 2.48206e-314 0 0 0 
0.791345 55.7697 322.341 0.02 1.18616 3776.08 4774.95 0.269778 202 41 1 2.48206e-314 0 0 0 
0.807797 55.8569 318.829 0.02 1.25436 3673.18 4392.3 0.255111 203 41 1 2.48206e-314 0 0 0 
0.824118 55.9197 305.748 0.02 1.33176 3571.75 4022.78 0.240283 204 40 1 2.48206e-314 0 0 0 
0.840507 56.0288 279.631 0.02 1.42109 3480.56 3673.68 0.22518 205 39 1 2.48206e-314 0 0 0 
0.856894 56.2949 258.581 0.02 1.52283 3409.01 3357.77 0.210135 206 38 1 2.48206e-314 0 0 0 
0.87122 56.4505 246.562 0.02 1.62273 3349.16 3095.76 0.197199 207 38 1 2.48206e-314 0 0 0 
0.883987 56.5528 237.086 0.02 1.72241 3300.56 2874.29 0.185787 208 37 1 2.48206e-314 0 0 0 
0.895877 56.6569 230.754 0.02 1.82598 3262.07 2679.65 0.175248 209 36 1 2.48206e-314 0 0 0 
0.906816 56.7384 223.872 0.02 1.93202 3231.51 2508.88 0.16563 210 35 1 2.48206e-314 0 0 0 
0.917212 56.8388 205.153 0.02 2.04401 3210.68 2356.15 0.156555 211 35 1 2.48206e-314 0 0 0 
0.927259 56.9971 184.252 0.02 2.16261 3200.67 2220.01 0.14797 212 34 1 2.48206e-314 0 0 0 
0.936821 57.1692 161.263 0.02 2.28422 3199.39 2100.99 0.140091 213 33 1 2.48206e-314 0 0 0 
0.945833 57.3302 135.488 0.02 2.40622 3205.47 1998.27 0.132989 214 33 1 2.48206e-314 0 0 0 
0.954288 57.4755 112.258 0.02 2.52689 3218.21 1910.42 0.126638 215 32 1 2.48206e-314 0 0 0 
0.962207 57.5987 94.9149 0.02 2.64505 3237.02 1835.75 0.120981 216 31 1 2.48206e-314 0 0 0 
0.969575 57.7021 84.7428 0.02 2.75891 3261.17 1773.13 0.115988 217 32 1 2.48206e-314 0 0 0 
0.976521 57.7946 83.7768 0.02 2.86878 3290.33 1720.48 0.111546 218 31 1 2.48206e-314 0 0 0 
0.983169 57.8735 90.0838 0.02 2.97481 3323.91 1676.11 0.10757 219 31 1 2.48206e-314 0 0 0 
0.989626 57.9345 99.7529 0.02 3.077 3361.63 1638.85 0.103997 220 30 1 2.48206e-314 0 0 0 
0.995962 57.9743 109.077 0.02 3.17481 3403.29 1608.07 0.100794 221 31 1 2.48206e-314 0 0 0 
1.00218 57.9957 109.605 0.02 3.26685 3448.56 1583.58 0.0979538 222 30 1 2.48206e-314 0 0 0 
1.00824 58.0046 96.8347 0.02 3.35129 3496.81 1565.3 0.0954856 223 30 1 2.48206e-314 0 0 0 
1.01409 58.0079 68.0049 0.02 3.42686 3547.32 1552.91 0.09338 224 30 1 2.48206e-314 0 0 0 
1.01974 58.0118 22.8588 0.02 3.49298 3599.36 1545.87 0.0916123 225 29 1 2.48206e-314 0 0 0 
1.0252 58.0207 -33.3281 0.02 3.54973 3652.35 1543.56 0.0901476 226 30 1 2.48206e-314 0 0 0 
1.03055 58.0358 -93.0025 0.02 3.59735 3705.81 1545.41 0.0889545 227 30 1 2.48206e-314 0 0 0 
1.03583 58.0539 -149.165 0.02 3.63592 3759.26 1551.04 0.0880108 228 29 1 2.48206e-314 0 0 0 
1.0411 58.0705 -190.047 0.02 3.66527 3811.9 1560.13 0.087306 229 30 1 2.48206e-314 0 0 0 
1.04638 58.08 -201.861 0.02 3.68505 3862.45 1572.28 0.0868373 230 30 1 2.48206e-314 0 0 0 
1.05168 58.0722 -169.5 0.02 3.69503 3909.09 1586.9 0.0866028 231 30 1 2.48206e-314 0 0 0 
1.05698 58.036 -84.1973 0.02 3.69527 3949.62 1603.16 0.0865972 232 29 1 2.48206e-314 0 0 0 
1.06229 57.9649 56.1595 0.02 3.68622 3981.69 1620.07 0.0868099 233 30 1 2.48206e-314 0 0 0 
1.06759 57.8529 249.233 0.02 3.66864 4003.29 1636.58 0.0872258 234 30 1 2.48206e-314 0 0 0 
1.0729 57.6904 483.179 0.02 3.64348 4013.18 1651.89 0.0878281 235 30 1 2.48206e-314 0 0 0 
1.07824 57.4681 732.035 0.02 3.61164 4010.78 1665.4 0.0886023 236 30 1 2.48206e-314 0 0 0 
1.08367 57.1833 967.312 0.02 3.57398 3995.87 1676.66 0.0895361 237 31 1 2.48206e-314 0 0 0 
1.08921 56.8409 1168.23 0.02 3.53138 3968.6 1685.29 0.0906161 238 31 1 2.48206e-314 0 0 0 
1.09487 56.4506 1314.57 0.02 3.48485 3929.57 1691.01 0.0918261 239 31 1 2.48206e-314 0 0 0 
1.10066 56.0288 1390.26 0.02 3.43539 3879.79 1693.66 0.0931481 240 32 1 2.48206e-314 0 0 0 
1.10658 55.5956 1390.3 0.02 3.38393 3820.6 1693.23 0.0945645 241 31 1 2.48206e-314 0 0 0 
1.11261 55.171 1321.35 0.02 3.33119 3753.43 1689.84 0.0960617 242 31 1 2.48206e-314 0 0 0 
1.11873 54.7713 1201.86 0.02 3.27751 3679.44 1683.66 0.0976351 243 31 1 2.48206e-314 0 0 0 
1.12495 54.4055 1066.22 0.02 3.22283 3599.36 1674.9 0.0992916 244 31 1 2.48206e-314 0 0 0 
1.13125 54.0729 954.879 0.02 3.16671 3513.26 1663.67 0.101051 245 32 1 2.48206e-314 0 0 0 
1.13763 53.7625 912.444 0.02 3.10837 3420.57 1649.96 0.102948 246 32 1 2.48206e-314 0 0 0 
1.1441 53.4509 987.202 0.02 3.04686 3320.15 1633.56 0.105026 247 31 1 2.48206e-314 0 0 0 
1.15064 53.1031 1221.8 0.02 2.98119 3210.52 1614.05 0.10734 248 31 1 2.48206e-314 0 0 0 
1.15729 52.674 1647.55 0.02 2.91045 3090.07 1590.86 0.109949 249 31 1 2.48206e-314 0 0 0 
1.16405 52.1125 2277.61 0.02 2.83388 2957.37 1563.27 0.112919 250 31 1 2.48206e-314 0 0 0 
1.17098 51.3642 3125.21 0.02 2.75099 2811.42 1530.49 0.116322 251 31 1 2.48206e-314 0 0 0 
1.17811 50.3754 4173.35 0.02 2.66159 2651.88 1491.73 0.120229 252 31 1 2.48206e-314 0 0 0 
1.18552 49.0996 5388.15 0.02 2.56579 2479.14 1446.26 0.124718 253 32 1 2.48206e-314 0 0 0 
1.19328 47.5011 6721.95 0.02 2.46402 2294.38 1393.42 0.129869 254 31 1 2.48206e-314 0 0 0 
1.20149 45.5579 8116.54 0.02 2.35712 2099.65 1332.73 0.135759 255 32 1 2.48206e-314 0 0 0 
1.21023 43.2649 9497.27 0.02 2.24634 1897.84 1263.88 0.142454 256 32 1 2.48206e-314 0 0 0 
1.2196 40.6366 10781.4 0.02 2.13329 1692.51 1186.86 0.150003 257 33 1 2.48206e-314 0 0 0 
1.22967 37.7088 11884.7 0.02 2.01981 1487.74 1102.03 0.158431 258 34 1 2.48206e-314 0 0 0 
1.24051 34.5358 12744.1 0.02 1.90791 1287.8 1010.2 0.167723 259 35 1 2.48206e-314 0 0 0 
1.25218 31.1863 13309.6 0.02 1.79951 1096.73 912.675 0.177826 260 35 1 2.48206e-314 0 0 0 
1.26472 27.739 13552.6 0.02 1.69636 918.084 811.185 0.18864 261 37 1 2.48206e-314 0 0 0 
1.27813 24.2764 13470.8 0.02 1.59984 754.591 707.858 0.20002 262 38 1 2.48206e-314 0 0 0 
1.29242 20.8798 13072.3 0.02 1.511 608.129 605.093 0.211781 263 38 1 2.48206e-314 0 0 0 
1.30755 17.6262 12384.6 0.02 1.43043 479.722 505.44 0.223709 264 39 1 2.48206e-314 0 0 0 
1.32349 14.5833 11447.3 0.02 1.35841 369.615 411.428 0.23557 265 40 1 2.48206e-314 0 0 0 
1.34016 11.808 10307.9 0.02 1.2949 277.451 325.394 0.247123 266 40 1 2.48206e-314 0 0 0 
1.3575 9.3435 9025.66 0.02 1.23965 202.354 249.288 0.258137 267 41 1 2.48206e-314 0 0 0 
1.37542 7.21672 7670.45 0.02 1.19225 142.99 184.45 0.268401 268 40 1 2.48206e-314 0 0 0 
1.39384 5.43627 6316.14 0.02 1.15216 97.6376 131.455 0.27774 269 41 1 2.48206e-314 0 0 0 
1.41266 3.99256 5032.28 0.02 1.11876 64.2888 90.0503 0.286031 270 40 1 2.48206e-314 0 0 0 
1.43181 2.8599 3876.32 0.02 1.09139 40.7818 59.2306 0.293204 271 39 1 2.48206e-314 0 0 0 
1.4512 2.00029 2888.25 0.02 1.06934 24.946 37.4262 0.29925 272 39 1 2.48206e-314 0 0 0 
1.47079 1.36841 2086.8 0.02 1.05188 14.7526 22.7684 0.304216 273 38 1 2.48206e-314 0 0 0 
1.49051 0.917249 1467.21 0.02 1.0383 8.46373 13.3802 0.308197 274 37 1 2.48206e-314 0 0 0 
1.51032 0.603257 1007.41 0.02 1.02789 4.72428 7.62167 0.311318 275 36 1 2.48206e-314 0 0 0 
1.5302 0.389614 677.056 0.02 1.02004 2.57075 4.21925 0.313713 276 35 1 2.48206e-314 0 0 0 
1.55012 0.247188 446.389 0.02 1.01421 1.36391 2.27309 0.315518 277 34 1 2.48206e-314 0 0 0 
1.57007 0.154006 288.901 0.02 1.00993 0.704656 1.1915 0.316853 278 33 1 2.48206e-314 0 0 0 
1.59004 0.0941798 183.307 0.02 1.00685 0.354106 0.607161 0.317823 279 33 1 2.48206e-314 0 0 0 
1.61002 0.0565299 113.987 0.02 1.00466 0.173285 0.300838 0.318517 280 33 1 2.48206e-314 0 0 0 
1.63001 0.0332855 69.6061 0.02 1.00312 0.082208 0.144765 0.319005 281 32 1 2.48206e-314 0 0 0 
1.65001 0.0192094 41.6128 0.02 1.00206 0.0377789 0.0675045 0.319342 282 32 1 2.48206e-314 0 0 0 
1.67 0.0108681 24.3214 0.02 1.00134 0.0168799 0.0305481 0.319571 283 32 1 2.48206e-314 0 0 0 
1.69 0.00603051 13.9349 0.02 1.00086 0.00735114 0.0134643 0.319724 284 32 1 2.48206e-314 0 0 0 
1.71 0.0032797 7.82633 0.02 1.00055 0.00313324 0.0058025 0.319825 285 32 1 2.48206e-314 0 0 0 
1.73 0.00174731 4.30128 0.02 1.00034 0.00132763 0.00247319 0.319891 286 32 1 2.48206e-314 0 0 0 
1.75 0.000912201 2.31094 0.02 1.00021 0.000582442 0.00107547 0.319933 287 32 1 2.48206e-314 0 0 0 
1.77 0.00046691 1.21667 0.02 1.00013 0.000284241 0.000508236 0.319959 288 32 1 2.48206e-314 0 0 0 
1.79 0.000234155 0.62799 0.02 1.00008 0.000168141 0.000284552 0.319976 289 32 1 2.48206e-314 0 0 0 
1.81 0.000114939 0.317277 0.02 1.00004 0.000124351 0.000198901 0.319986 290 32 1 2.48206e-314 0 0 0 
1.83 5.51883e-05 0.156722 0.02 1.00003 0.000108396 0.000167165 0.319992 291 32 1 2.48206e-314 0 0 0 
1.85 2.59132e-05 0.075633 0.02 1.00001 0.000102791 0.000155813 0.319995 292 32 1 2.48206e-314 0 0 0 
1.87 1.18995e-05 0.035651 0.02 1.00001 0.000100895 0.000151898 0.319997 293 32 1 2.48206e-314 0 0 0 
1.89 5.34626e-06 0.0164166 0.02 1 0.000100277 0.000150598 0.319999 294 32 1 2.48206e-314 0 0 0 
1.91 2.35177e-06 0.00738849 0.02 1 0.000100083 0.000150182 0.319999 295 32 1 2.48206e-314 0 0 0 
1.93 1.01385e-06 0.0032532 0.02 1 0.000100024 0.000150054 0.32 296 32 1 2.48206e-314 0 0 0 
1.95 4.28692e-07 0.00140347 0.02 1 0.000100007 0.000150016 0.32 297 32 1 2.48206e-314 0 0 0 
1.97 1.77815e-07 0.000593949 0.02 1 0.000100002 0.000150004 0.32 298 32 1 2.48206e-314 0 0 0 
1.99 7.22853e-08 0.000246634 0.02 1 0.000100001 0.000150001 0.32 299 32 1 2.48206e-314 0 0 0 
2.01 2.87384e-08 0.0001004 0.02 1 0.0001 0.00015 0.32 300 32 1 2.48206e-314 0 0 0 
2.03 1.11346e-08 3.99631e-05 0.02 1 0.0001 0.00015 0.32 301 32 1 2.48206e-314 0 0 0 
2.05 4.18598e-09 1.54778e-05 0.02 1 0.0001 0.00015 0.32 302 32 1 2.48206e-314 0 0 0 
2.07 1.52178e-09 5.79757e-06 0.02 1 0.0001 0.00015 0.32 303 32 1 2.48206e-314 0 0 0 
2.09 5.34833e-10 2.09247e-06 0.02 1 0.0001 0.00015 0.32 304 32 1 2.48206e-314 0 0 0 
2.11 1.82352e-10 7.28683e-07 0.02 1 0.0001 0.00015 0.32 305 32 1 2.48206e-314 0 0 0 
2.13 6.06762e-11 2.46204e-07 0.02 1 0.0001 0.00015 0.32 306 32 1 2.48206e-314 0 0 0 
2.15 1.98389e-11 8.12766e-08 0.02 1 0.0001 0.00015 0.32 307 32 1 2.48206e-314 0 0 0 
2.17 6.41969e-12 2.64054e-08 0.02 1 0.0001 0.00015 0.32 308 32 1 2.48206e-314 0 0 0 
2.19 2.07072e-12 8.50816e-09 0.02 1 0.0001 0.00015 0.32 309 32 1 2.48206e-314 0 0 0 
2.21 6.69779e-13 2.74074e-09 0.02 1 0.0001 0.00015 0.32 310 32 1 2.48206e-314 0 0 0 
2.23 2.17773e-13 8.88363e-10 0.02 1 0.0001 0.00015 0.32 311 32 1 2.48206e-314 0 0 0 
2.25 7.09281e-14 2.90312e-10 0.02 1 0.0001 0.00015 0.32 312 32 1 2.48206e-314 0 0 0 
2.27 2.2886e-14 9.51785e-11 0.02 1 0.0001 0.00015 0.32 313 32 1 2.48206e-314 0 0 0 
2.29 7.17139e-15 3.0893e-11 0.02 1 0.0001 0.00015 0.32 314 32 1 2.48206e-314 0 0 0 
2.31 2.11185e-15 9.70537e-12 0.02 1 0.0001 0.00015 0.32 315 32 1 2.48206e-314 0 0 0 
2.33 5.48858e-16 2.84648e-12 0.02 1 0.0001 0.00015 0.32 316 32 1 2.48206e-314 0 0 0 
2.35 1.04678e-16 7.27198e-13 0.02 1 0.0001 0.00015 0.32 317 32 1 2.48206e-314 0 0 0 
2.37 -1.44413e-18 1.30275e-13 0.02 1 0.0001 0.00015 0.32 318 32 1 2.48206e-314 0 0 0 
2.39 -1.6267e-17 -8.31876e-15 0.02 1 0.0001 0.00015 0.32 319 32 1 2.48206e-314 0 0 0 
2.41 -1.19369e-17 -2.5078e-14 0.02 1 0.0001 0.00015 0.32 320 32 1 2.48206e-314 0 0 0 
2.43 -6.56203e-18 -1.75001e-14 0.02 1 0.0001 0.00015 0.32 321 32 1 2.48206e-314 0 0 0 
2.45 -3.17874e-18 -9.43714e-15 0.02 1 0.0001 0.00015 0.32 322 33 1 2.48206e-314 0 0 0 
2.47 -1.42955e-18 -4.52294e-15 0.02 1 0.0001 0.00015 0.32 323 33 1 2.48206e-314 0 0 0 
2.49 -6.10894e-19 -2.01968e-15 0.02 1 0.0001 0.00015 0.32 324 33 1 2.48206e-314 0 0 0 
2.51 -2.5106e-19 -8.58636e-16 0.02 1 0.0001 0.00015 0.32 325 33 1 2.48206e-314 0 0 0 
2.53 -9.9859e-20 -3.51427e-16 0.02 1 0.0001 0.00015 0.32 326 33 1 2.48206e-314 0 0 0 
2.55 -3.85984e-20 -1.39351e-16 0.02 1 0.0001 0.00015 0.32 327 33 1 2.48206e-314 0 0 0 
2.57 -1.45365e-20 -5.36788e-17 0.02 1 0.0001 0.00015 0.32 328 33 1 2.48206e-314 0 0 0 
2.59 -5.34027e-21 -2.01532e-17 0.02 1 0.0001 0.00015 0.32 329 33 1 2.48206e-314 0 0 0 
2.61 -1.91576e-21 -7.34505e-18 0.02 1 0.0001 0.00015 0.32 330 33 1 2.48206e-314 0 0 0 
2.63 -6.70609e-22 -2.60336e-18 0.02 1 0.0001 0.00015 0.32 331 33 1 2.48206e-314 0 0 0 
2.65 -2.28596e-22 -9.1056e-19 0.02 1 0.0001 0.00015 0.32 332 33 1 2.48206e-314 0 0 0 
2.67 -7.75553e-23 -3.07049e-19 0.02 1 0.0001 0.00015 0.32 333 33 1 2.48206e-314 0 0 0 
2.69 -2.65901e-23 -1.05032e-19 0.02 1 0.0001 0.00015 0.32 334 33 1 2.48206e-314 0 0 0 
2.71 -8.50616e-24 -3.51519e-20 0.02 1 0.0001 0.00015 0.32 335 33 1 2.48206e-314 0 0 0 
2.73 -2.52069e-24 -1.3976e-20 0.02 1 0.0001 0.00015 0.32 336 33 1 2.48206e-314 0 0 0 
2.75 -4.75486e-25 -4.23516e-21 0.02 1 0.0001 0.00015 0.32 337 33 1 2.48206e-314 0 0 0 
2.77 -1.08113e-39 -9.62965e-36 0.02 1 0.0001 0.00015 0.32 338 33 1 2.48206e-314 0 0 0 
2.79 0 0 0.02 1 0.0001 0.00015 0.32 339 33 1 2.48206e-314 0 0 0 
2.81 0 0 0.02 1 0.0001 0.00015 0.32 340 33 1 2.48206e-314 0 0 0 
2.83 0 0 0.02 1 0.0001 0.00015 0.32 341 33 1 2.48206e-314 0 0 0 
2.85 0 0 0.02 1 0.0001 0.00015 0.32 342 33 1 2.48206e-314 0 0 0 
2.87 0 0 0.02 1 0.0001 0.00015 0.32 343 33 1 2.48206e-314 0 0 0 
2.89 0 0 0.02 1 0.0001 0.00015 0.32 344 33 1 2.48206e-314 0 0 0 
2.91 0 0 0.02 1 0.0001 0.00015 0.32 345 33 1 2.48206e-314 0 0 0 
2.93 0 0 0.02 1 0.0001 0.00015 0.32 346 33 1 2.48206e-314 0 0 0 
2.95 0 0 0.02 1 0.0001 0.00015 0.32 347 33 1 2.48206e-314 0 0 0 
2.97 0 0 0.02 1 0.0001 0.00015 0.32 348 33 1 2.48206e-314 0 0 0 
2.99 0 0 0.02 1 0.0001 0.00015 0.32 349 33 1 2.48206e-314 0 0 0 
3.01 0 0 0.02 1 0.0001 0.00015 0.32 350 33 1 2.48206e-314 0 0 0 
3.03 0 0 0.02 1 0.0001 0.00015 0.32 351 33 1 2.48206e-314 0 0 0 
3.05 0 0 0.02 1 0.0001 0.00015 0.32 352 33 1 2.48206e-314 0 0 0 
3.07 0 0 0.02 1 0.0001 0.00015 0.32 353 33 1 2.48206e-314 0 0 0 
3.09 0 0 0.02 1 0.0001 0.00015 0.32 354 33 1 2.48206e-314 0 0 0 
3.11 0 0 0.02 1 0.0001 0.00015 0.32 355 33 1 2.48206e-314 0 0 0 
3.13 0 0 0.02 1 0.0001 0.00015 0.32 356 33 1 2.48206e-314 0 0 0 
3.15 0 0 0.02 1 0.0001 0.00015 0.32 357 33 1 2.48206e-314 0 0 0 
3.17 0 0 0.02 1 0.0001 0.00015 0.32 358 33 1 2.48206e-314 0 0 0 
3.19 0 0 0.02 1 0.0001 0.00015 0.32 359 33 1 2.48206e-314 0 0 0 
3.21 0 0 0.02 1 0.0001 0.00015 0.32 360 33 1 2.48206e-314 0 0 0 
3.23 0 0 0.02 1 0.0001 0.00015 0.32 361 33 1 2.48206e-314 0 0 0 
3.25 0 0 0.02 1 0.0001 0.00015 0.32 362 33 1 2.48206e-314 0 0 0 
3.27 0 0 0.02 1 0.0001 0.00015 0.32 363 33 1 2.48206e-314 0 0 0 
3.29 0 0 0.02 1 0.0001 0.00015 0.32 364 33 1 2.48206e-314 0 0 0 
3.31 0 0 0.02 1 0.0001 0.00015 0.32 365 33 1 2.48206e-314 0 0 0 
3.33 0 0 0.02 1 0.0001 0.00015 0.32 366 33 1 2.48206e-314 0 0 0 
3.35 0 0 0.02 1 0.0001 0.00015 0.32 367 33 1 2.48206e-314 0 0 0 
3.37 0 0 0.02 1 0.0001 0.00015 0.32 368 33 1 2.48206e-314 0 0 0 
3.39 0 0 0.02 1 0.0001 0.00015 0.32 369 33 1 2.48206e-314 0 0 0 
3.41 0 0 0.02 1 0.0001 0.00015 0.32 370 33 1 2.48206e-314 0 0 0 
3.43 0 0 0.02 1 0.0001 0.00015 0.32 371 33 1 2.48206e-314 0 0 0 
3.45 1.44999e-37 9.62965e-36 0.02 1 0.0001 0.00015 0.32 372 33 1 2.48206e-314 0 0 0 
3.47 6.05828e-23 4.02341e-21 0.02 1 0.0001 0.00015 0.32 373 33 1 2.48206e-314 0 0 0 
3.49 1.65806e-22 1.10114e-20 0.02 1 0.0001 0.00015 0.32 374 33 1 2.48206e-314 0 0 0 
3.51 3.53931e-22 2.35052e-20 0.02 1 0.0001 0.00015 0.32 375 33 1 2.48206e-314 0 0 0 
3.53 6.2496e-22 4.15046e-20 0.02 1 0.0001 0.00015 0.32 376 33 1 2.48206e-314 0 0 0 
3.55 1.33282e-21 8.85149e-20 0.02 1 0.0001 0.00015 0.32 377 33 1 2.48206e-314 0 0 0 
3.57 2.54448e-21 1.68983e-19 0.02 1 0.0001 0.00015 0.32 378 33 1 2.48206e-314 0 0 0 
3.59 4.33008e-21 2.87568e-19 0.02 1 0.0001 0.00015 0.32 379 33 1 2.48206e-314 0 0 0 
3.61 6.80941e-21 4.47445e-19 0.02 1 0.0001 0.00015 0.32 380 33 1 2.48206e-314 0 0 0 
3.63 1.00734e-20 6.64497e-19 0.02 1 0.0001 0.00015 0.32 381 33 1 2.48206e-314 0 0 0 
3.65 1.43315e-20 9.42536e-19 0.02 1 0.0001 0.00015 0.32 382 33 1 2.48206e-314 0 0 0 
3.67 1.93514e-20 1.27796e-18 0.02 1 0.0001 0.00015 0.32 383 33 1 2.48206e-314 0 0 0 
3.69 2.44627e-20 1.6263e-18 0.02 1 0.0001 0.00015 0.32 384 33 1 2.48206e-314 0 0 0 
3.71 2.97284e-20 1.97528e-18 0.02 1 0.0001 0.00015 0.32 385 33 1 2.48206e-314 0 0 0 
3.73 3.28958e-20 2.19254e-18 0.02 1 0.0001 0.00015 0.32 386 33 1 2.48206e-314 0 0 0 
3.75 3.34047e-20 2.22897e-18 0.02 1 0.0001 0.00015 0.32 387 33 1 2.48206e-314 0 0 0 
3.77 3.23734e-20 2.18831e-18 0.02 1 0.0001 0.00015 0.32 388 33 1 2.48206e-314 0 0 0 
3.79 2.37874e-20 1.62397e-18 0.02 1 0.0001 0.00015 0.32 389 33 1 2.48206e-314 0 0 0 
3.81 9.92544e-21 7.19766e-19 0.02 1 0.0001 0.00015 0.32 390 32 1 2.48206e-314 0 0 0 
3.83 -8.91544e-21 -5.23466e-19 0.02 1 0.0001 0.00015 0.32 391 32 1 2.48206e-314 0 0 0 
3.85 -3.85931e-20 -2.51548e-18 0.02 1 0.0001 0.00015 0.32 392 32 1 2.48206e-314 0 0 0 
3.87 -7.13999e-20 -4.72517e-18 0.02 1 0.0001 0.00015 0.32 393 32 1 2.48206e-314 0 0 0 
3.89 -1.08312e-19 -7.19512e-18 0.02 1 0.0001 0.00015 0.32 394 32 1 2.48206e-314 0 0 0 
3.91 -1.44884e-19 -9.60768e-18 0.02 1 0.0001 0.00015 0.32 395 32 1 2.48206e-314 0 0 0 
3.93 -1.7869e-19 -1.18674e-17 0.02 1 0.0001 0.00015 0.32 396 32 1 2.48206e-314 0 0 0 
3.95 -2.05173e-19 -1.36722e-17 0.02 1 0.0001 0.00015 0.32 397 32 1 2.48206e-314 0 0 0 
3.97 -2.23439e-19 -1.48699e-17 0.02 1 0.0001 0.00015 0.32 398 32 1 2.48206e-314 0 0 0 
3.99 -2.29276e-19 -1.53116e-17 0.02 1 0.0001 0.00015 0.32 399 32 1 2.48206e-314 0 0 0 
4.01 -2.22066e-19 -1.47947e-17 0.02 1 0.0001 0.00015 0.32 400 32 1 2.48206e-314 0 0 0 
4.03 -2.03568e-19 -1.35525e-17 0.02 1 0.0001 0.00015 0.32 401 32 1 2.48206e-314 0 0 0 
4.05 -1.74314e-19 -1.16065e-17 0.02 1 0.0001 0.00015 0.32 402 32 1 2.48206e-314 0 0 0 
4.07 -1.41708e-19 -9.41964e-18 0.02 1 0.0001 0.00015 0.32 403 32 1 2.48206e-314 0 0 0 
4.09 -1.05437e-19 -7.01364e-18 0.02 1 0.0001 0.00015 0.32 404 32 1 2.48206e-314 0 0 0 
4.11 -6.85192e-20 -4.56127e-18 0.02 1 0.0001 0.00015 0.32 405 32 1 2.48206e-314 0 0 0 
4.13 -3.70678e-20 -2.46021e-18 0.02 1 0.0001 0.00015 0.32 406 32 1 2.48206e-314 0 0 0 
4.15 -7.04204e-21 -4.62692e-19 0.02 1 0.0001 0.00015 0.32 407 32 1 2.48206e-314 0 0 0 
4.17 1.38003e-20 9.24536e-19 0.02 1 0.0001 0.00015 0.32 408 32 1 2.48206e-314 0 0 0 
4.19 2.38068e-20 1.58543e-18 0.02 1 0.0001 0.00015 0.32 409 32 1 2.48206e-314 0 0 0 
4.21 3.22965e-20 2.14829e-18 0.02 1 0.0001 0.00015 0.32 410 32 1 2.48206e-314 0 0 0 
4.23 3.36579e-20 2.23532e-18 0.02 1 0.0001 0.00015 0.32 411 31 1 2.48206e-314 0 0 0 
4.25 3.22747e-20 2.14342e-18 0.02 1 0.0001 0.00015 0.32 412 31 1 2.48206e-314 0 0 0 
4.27 2.82189e-20 1.87406e-18 0.02 1 0.0001 0.00015 0.32 413 31 1 2.48206e-314 0 0 0 
4.29 2.23041e-20 1.48125e-18 0.02 1 0.0001 0.00015 0.32 414 31 1 2.48206e-314 0 0 0 
4.31 1.78496e-20 1.18542e-18 0.02 1 0.0001 0.00015 0.32 415 31 1 2.48206e-314 0 0 0 
4.33 1.24801e-20 8.28822e-19 0.02 1 0.0001 0.00015 0.32 416 31 1 2.48206e-314 0 0 0 
4.35 9.25961e-21 6.14946e-19 0.02 1 0.0001 0.00015 0.32 417 31 1 2.48206e-314 0 0 0 
4.37 6.46004e-21 4.29022e-19 0.02 1 0.0001 0.00015 0.32 418 31 1 2.48206e-314 0 0 0 
4.39 3.96658e-21 2.63427e-19 0.02 1 0.0001 0.00015 0.32 419 31 1 2.48206e-314 0 0 0 
4.41 2.48071e-21 1.64748e-19 0.02 1 0.0001 0.00015 0.32 420 31 1 2.48206e-314 0 0 0 
4.43 1.48587e-21 9.86793e-20 0.02 1 0.0001 0.00015 0.32 421 31 1 2.48206e-314 0 0 0 
4.45 6.82354e-22 4.53163e-20 0.02 1 0.0001 0.00015 0.32 422 31 1 2.48206e-314 0 0 0 
4.47 2.35954e-22 1.56701e-20 0.02 1 0.0001 0.00015 0.32 423 31 1 2.48206e-314 0 0 0 
4.49 9.24686e-23 6.14099e-21 0.02 1 0.0001 0.00015 0.32 424 31 1 2.48206e-314 0 0 0 
4.51 2.86971e-23 1.90582e-21 0.02 1 0.0001 0.00015 0.32 425 31 1 2.48206e-314 0 0 0 
4.53 1.16e-37 7.70372e-36 0.02 1 0.0001 0.00015 0.32 426 31 1 2.48206e-314 0 0 0 
4.55 0 0 0.02 1 0.0001 0.00015 0.32 427 31 1 2.48206e-314 0 0 0 
4.57 0 0 0.02 1 0.0001 0.00015 0.32 428 31 1 2.48206e-314 0 0 0 
4.59 0 0 0.02 1 0.0001 0.00015 0.32 429 31 1 2.48206e-314 0 0 0 
4.61 0 0 0.02 1 0.0001 0.00015 0.32 430 31 1 2.48206e-314 0 0 0 
4.63 0 0 0.02 1 0.0001 0.00015 0.32 431 31 1 2.48206e-314 0 0 0 
4.65 0 0 0.02 1 0.0001 0.00015 0.32 432 31 1 2.48206e-314 0 0 0 
4.67 0 0 0.02 1 0.0001 0.00015 0.32 433 31 1 2.48206e-314 0 0 0 
4.69 0 0 0.02 1 0.0001 0.00015 0.32 434 31 1 2.48206e-314 0 0 0 
4.71 0 0 0.02 1 0.0001 0.00015 0.32 435 31 1 2.48206e-314 0 0 0 
4.73 0 0 0.02 1 0.0001 0.00015 0.32 436 31 1 2.48206e-314 0 0 0 
4.75 0 0 0.02 1 0.0001 0.00015 0.32 437 31 1 2.48206e-314 0 0 0 
4.77 0 0 0.02 1 0.0001 0.00015 0.32 438 31 1 2.48206e-314 0 0 0 
4.79 0 0 0.02 1 0.0001 0.00015 0.32 439 31 1 2.48206e-314 0 0 0 
4.81 0 0 0.02 1 0.0001 0.00015 0.32 440 31 1 2.48206e-314 0 0 0 
4.83 0 0 0.02 1 0.0001 0.00015 0.32 441 31 1 2.48206e-314 0 0 0 
4.85 0 0 0.02 1 0.0001 0.00015 0.32 442 31 1 2.48206e-314 0 0 0 
4.87 0 0 0.02 1 0.0001 0.00015 0.32 443 31 1 2.48206e-314 0 0 0 
4.89 0 0 0.02 1 0.0001 0.00015 0.32 444 31 1 2.48206e-314 0 0 0 
4.91 0 0 0.02 1 0.0001 0.00015 0.32 445 31 1 2.48206e-314 0 0 0 
4.93 0 0 0.02 1 0.0001 0.00015 0.32 446 31 1 2.48206e-314 0 0 0 
4.95 0 0 0.02 1 0.0001 0.00015 0.32 447 31 1 2.48206e-314 0 0 0 
4.97 0 0 0.02 1 0.0001 0.00015 0.32 448 31 1 2.48206e-314 0 0 0 
4.99 0 0 0.02 1 0.0001 0.00015 0.32 449 31 1 2.48206e-314 0 0 0 
5.01 0 0 0.02 1 0.0001 0.00015 0.32 450 31 1 2.48206e-314 0 0 0 
5.03 0 0 0.02 1 0.0001 0.00015 0.32 451 31 1 2.48206e-314 0 0 0 
5.05 0 0 0.02 1 0.0001 0.00015 0.32 452 31 1 2.48206e-314 0 0 0 
5.07 0 0 0.02 1 0.0001 0.00015 0.32 453 31 1 2.48206e-314 0 0 0 
5.09 0 0 0.02 1 0.0001 0.00015 0.32 454 31 1 2.48206e-314 0 0 0 
5.11 0 0 0.02 1 0.0001 0.00015 0.32 455 31 1 2.48206e-314 0 0 0 
5.13 0 0 0.02 1 0.0001 0.00015 0.32 456 31 1 2.48206e-314 0 0 0 
5.15 0 0 0.02 1 0.0001 0.00015 0.32 457 31 1 2.48206e-314 0 0 0 
5.17 0 0 0.02 1 0.0001 0.00015 0.32 458 31 1 2.48206e-314 0 0 0 
5.19 0 0 0.02 1 0.0001 0.00015 0.32 459 31 1 2.48206e-314 0 0 0 
5.21 0 0 0.02 1 0.0001 0.00015 0.32 460 31 1 2.48206e-314 0 0 0 
5.23 0 0 0.02 1 0.0001 0.00015 0.32 461 31 1 2.48206e-314 0 0 0 
5.25 0 0 0.02 1 0.0001 0.00015 0.32 462 31 1 2.48206e-314 0 0 0 
5.27 0 0 0.02 1 0.0001 0.00015 0.32 463 31 1 2.48206e-314 0 0 0 
5.29 0 0 0.02 1 0.0001 0.00015 0.32 464 31 1 2.48206e-314 0 0 0 
5.31 0 0 0.02 1 0.0001 0.00015 0.32 465 31 1 2.48206e-314 0 0 0 
5.33 0 0 0.02 1 0.0001 0.00015 0.32 466 31 1 2.48206e-314 0 0 0 
5.35 0 0 0.02 1 0.0001 0.00015 0.32 467 31 1 2.48206e-314 0 0 0 
5.37 0 0 0.02 1 0.0001 0.00015 0.32 468 31 1 2.48206e-314 0 0 0 
5.39 0 0 0.02 1 0.0001 0.00015 0.32 469 31 1 2.48206e-314 0 0 0 
5.41 0 0 0.02 1 0.0001 0.00015 0.32 470 31 1 2.48206e-314 0 0 0 
5.43 0 0 0.02 1 0.0001 0.00015 0.32 471 31 1 2.48206e-314 0 0 0 
5.45 0 0 0.02 1 0.0001 0.00015 0.32 472 31 1 2.48206e-314 0 0 0 
5.47 0 0 0.02 1 0.0001 0.00015 0.32 473 31 1 2.48206e-314 0 0 0 
5.49 0 0 0.02 1 0.0001 0.00015 0.32 474 31 1 2.48206e-314 0 0 0 
5.51 0 0 0.02 1 0.0001 0.00015 0.32 475 31 1 2.48206e-314 0 0 0 
5.53 0 0 0.02 1 0.0001 0.00015 0.32 476 31 1 2.48206e-314 0 0 0 
5.55 0 0 0.02 1 0.0001 0.00015 0.32 477 31 1 2.48206e-314 0 0 0 
5.57 0 0 0.02 1 0.0001 0.00015 0.32 478 31 1 2.48206e-314 0 0 0 
5.59 0 0 0.02 1 0.0001 0.00015 0.32 479 31 1 2.48206e-314 0 0 0 
5.61 0 0 0.02 1 0.0001 0.00015 0.32 480 31 1 2.48206e-314 0 0 0 
5.63 0 0 0.02 1 0.0001 0.00015 0.32 481 31 1 2.48206e-314 0 0 0 
5.65 0 0 0.02 1 0.0001 0.00015 0.32 482 31 1 2.48206e-314 0 0 0 
5.67 0 0 0.02 1 0.0001 0.00015 0.32 483 31 1 2.48206e-314 0 0 0 
5.69 0 0 0.02 1 0.0001 0.00015 0.32 484 31 1 2.48206e-314 0 0 0 
5.71 0 0 0.02 1 0.0001 0.00015 0.32 485 31 1 2.48206e-314 0 0 0 
5.73 0 0 0.02 1 0.0001 0.00015 0.32 486 31 1 2.48206e-314 0 0 0 
5.75 0 0 0.02 1 0.0001 0.00015 0.32 487 31 1 2.48206e-314 0 0 0 
5.77 0 0 0.02 1 0.0001 0.00015 0.32 488 31 1 2.48206e-314 0 0 0 
5.79 0 0 0.02 1 0.0001 0.00015 0.32 489 31 1 2.48206e-314 0 0 0 
5.81 0 0 0.02 1 0.0001 0.00015 0.32 490 31 1 2.48206e-314 0 0 0 
5.83 0 0 0.02 1 0.0001 0.00015 0.32 491 31 1 2.48206e-314 0 0 0 
5.85 0 0 0.02 1 0.0001 0.00015 0.32 492 31 1 2.48206e-314 0 0 0 
5.87 0 0 0.02 1 0.0001 0.00015 0.32 493 31 1 2.48206e-314 0 0 0 
5.89 0 0 0.02 1 0.0001 0.00015 0.32 494 31 1 2.48206e-314 0 0 0 
5.91 0 0 0.02 1 0.0001 0.00015 0.32 495 31 1 2.48206e-314 0 0 0 
5.93 0 0 0.02 1 0.0001 0.00015 0.32 496 31 1 2.48206e-314 0 0 0 
5.95 0 0 0.02 1 0.0001 0.00015 0.32 497 31 1 2.48206e-314 0 0 0 
5.97 0 0 0.02 1 0.0001 0.00015 0.32 498 31 1 2.48206e-314 0 0 0 
5.99 0 0 0.02 1 0.0001 0.00015 0.32 499 31 1 2.48206e-314 0 0 0 
6.01 0 0 0.02 1 0.0001 0.00015 0.32 500 31 1 2.48206e-314 0 0 0 
6.03 0 0 0.02 1 0.0001 0.00015 0.32 501 31 1 2.48206e-314 0 0 0 
6.05 0 0 0.02 1 0.0001 0.00015 0.32 502 31 1 2.48206e-314 0 0 0 
6.07 0 0 0.02 1 0.0001 0.00015 0.32 503 31 1 2.48206e-314 0 0 0 
6.09 0 0 0.02 1 0.0001 0.00015 0.32 504 31 1 2.48206e-314 0 0 0 
6.11 0 0 0.02 1 0.0001 0.00015 0.32 505 31 1 2.48206e-314 0 0 0 
6.13 0 0 0.02 1 0.0001 0.00015 0.32 506 31 1 2.48206e-314 0 0 0 
6.15 0 0 0.02 1 0.0001 0.00015 0.32 507 31 1 2.48206e-314 0 0 0 
6.17 0 0 0.02 1 0.0001 0.00015 0.32 508 31 1 2.48206e-314 0 0 0 
6.19 0 0 0.02 1 0.0001 0.00015 0.32 509 31 1 2.48206e-314 0 0 0 
6.21 0 0 0.02 1 0.0001 0.00015 0.32 510 31 1 2.48206e-314 0 0 0 
6.23 0 0 0.02 1 0.0001 0.00015 0.32 511 31 1 2.48206e-314 0 0 0 
6.25 0 0 0.02 1 0.0001 0.00015 0.32 512 31 1 2.48206e-314 0 0 0 
6.27 0 0 0.02 1 0.0001 0.00015 0.32 513 31 1 2.48206e-314 0 0 0 
6.29 0 0 0.02 1 0.0001 0.00015 0.32 514 31 1 2.48206e-314 0 0 0 
6.31 0 0 0.02 1 0.0001 0.00015 0.32 515 31 1 2.48206e-314 0 0 0 
6.33 0 0 0.02 1 0.0001 0.00015 0.32 516 31 1 2.48206e-314 0 0 0 
6.35 0 0 0.02 1 0.0001 0.00015 0.32 517 31 1 2.48206e-314 0 0 0 
6.37 0 0 0.02 1 0.0001 0.00015 0.32 518 31 1 2.48206e-314 0 0 0 
6.39 0 0 0.02 1 0.0001 0.00015 0.32 519 31 1 2.48206e-314 0 0 0 
6.41 0 0 0.02 1 0.0001 0.00015 0.32 520 31 1 2.48206e-314 0 0 0 
6.43 0 0 0.02 1 0.0001 0.00015 0.32 521 31 1 2.48206e-314 0 0 0 
6.45 0 0 0.02 1 0.0001 0.00015 0.32 522 31 1 2.48206e-314 0 0 0 
6.47 0 0 0.02 1 0.0001 0.00015 0.32 523 31 1 2.48206e-314 0 0 0 
6.49 0 0 0.02 1 0.0001 0.00015 0.32 524 31 1 2.48206e-314 0 0 0 
6.51 0 0 0.02 1 0.0001 0.00015 0.32 525 31 1 2.48206e-314 0 0 0 
6.53 0 0 0.02 1 0.0001 0.00015 0.32 526 31 1 2.48206e-314 0 0 0 
6.55 0 0 0.02 1 0.0001 0.00015 0.32 527 31 1 2.48206e-314 0 0 0 
6.57 0 0 0.02 1 0.0001 0.00015 0.32 528 31 1 2.48206e-314 0 0 0 
6.59 0 0 0.02 1 0.0001 0.00015 0.32 529 31 1 2.48206e-314 0 0 0 
6.61 0 0 0.02 1 0.0001 0.00015 0.32 530 31 1 2.48206e-314 0 0 0 
6.63 0 0 0.02 1 0.0001 0.00015 0.32 531 31 1 2.48206e-314 0 0 0 
6.65 0 0 0.02 1 0.0001 0.00015 0.32 532 31 1 2.48206e-314 0 0 0 
6.67 0 0 0.02 1 0.0001 0.00015 0.32 533 31 1 2.48206e-314 0 0 0 
6.69 0 0 0.02 1 0.0001 0.00015 0.32 534 31 1 2.48206e-314 0 0 0 
6.71 0 0 0.02 1 0.0001 0.00015 0.32 535 31 1 2.48206e-314 0 0 0 
6.73 0 0 0.02 1 0.0001 0.00015 0.32 536 31 1 2.48206e-314 0 0 0 
6.75 0 0 0.02 1 0.0001 0.00015 0.32 537 31 1 2.48206e-314 0 0 0 
6.77 0 0 0.02 1 0.0001 0.00015 0.32 538 31 1 2.48206e-314 0 0 0 
6.79 0 0 0.02 1 0.0001 0.00015 0.32 539 31 1 2.48206e-314 0 0 0 
6.81 0 0 0.02 1 0.0001 0.00015 0.32 540 31 1 2.48206e-314 0 0 0 
6.83 0 0 0.02 1 0.0001 0.00015 0.32 541 31 1 2.48206e-314 0 0 0 
6.85 0 0 0.02 1 0.0001 0.00015 0.32 542 31 1 2.48206e-314 0 0 0 
6.87 0 0 0.02 1 0.0001 0.00015 0.32 543 31 1 2.48206e-314 0 0 0 
6.89 0 0 0.02 1 0.0001 0.00015 0.32 544 31 1 2.48206e-314 0 0 0 
6.91 0 0 0.02 1 0.0001 0.00015 0.32 545 31 1 2.48206e-314 0 0 0 
6.93 0 0 0.02 1 0.0001 0.00015 0.32 546 31 1 2.48206e-314 0 0 0 
6.95 0 0 0.02 1 0.0001 0.00015 0.32 547 31 1 2.48206e-314 0 0 0 
6.97 0 0 0.02 1 0.0001 0.00015 0.32 548 31 1 2.48206e-314 0 0 0 
6.99 0 0 0.02 1 0.0001 0.00015 0.32 549 31 1 2.48206e-314 0 0 0 
7.01 0 0 0.02 1 0.0001 0.00015 0.32 550 31 1 2.48206e-314 0 0 0 
7.03 0 0 0.02 1 0.0001 0.00015 0.32 551 31 1 2.48206e-314 0 0 0 
7.05 0 0 0.02 1 0.0001 0.00015 0.32 552 31 1 2.48206e-314 0 0 0 
7.07 0 0 0.02 1 0.0001 0.00015 0.32 553 31 1 2.48206e-314 0 0 0 
7.09 0 0 0.02 1 0.0001 0.00015 0.32 554 31 1 2.48206e-314 0 0 0 
7.11 0 0 0.02 1 0.0001 0.00015 0.32 555 31 1 2.48206e-314 0 0 0 
7.13 0 0 0.02 1 0.0001 0.00015 0.32 556 31 1 2.48206e-314 0 0 0 
7.15 0 0 0.02 1 0.0001 0.00015 0.32 557 31 1 2.48206e-314 0 0 0 
7.17 0 0 0.02 1 0.0001 0.00015 0.32 558 31 1 2.48206e-314 0 0 0 
7.19 0 0 0.02 1 0.0001 0.00015 0.32 559 31 1 2.48206e-314 0 0 0 
7.21 0 0 0.02 1 0.0001 0.00015 0.32 560 31 1 2.48206e-314 0 0 0 
7.23 0 0 0.02 1 0.0001 0.00015 0.32 561 31 1 2.48206e-314 0 0 0 
7.25 0 0 0.02 1 0.0001 0.00015 0.32 562 31 1 2.48206e-314 0 0 0 
7.27 0 0 0.02 1 0.0001 0.00015 0.32 563 31 1 2.48206e-314 0 0 0 
7.29 0 0 0.02 1 0.0001 0.00015 0.32 564 31 1 2.48206e-314 0 0 0 
7.31 0 0 0.02 1 0.0001 0.00015 0.32 565 31 1 2.48206e-314 0 0 0 
7.33 0 0 0.02 1 0.0001 0.00015 0.32 566 31 1 2.48206e-314 0 0 0 
7.35 0 0 0.02 1 0.0001 0.00015 0.32 567 31 1 2.48206e-314 0 0 0 
7.37 -1.18534e-25 -2.11758e-22 0.02 1 0.0001 0.00015 0.32 568 31 1 2.48206e-314 0 0 0 
7.39 -1.05957e-24 -1.05879e-21 0.02 1 0.0001 0.00015 0.32 569 31 1 2.48206e-314 0 0 0 
7.41 -1.24456e-22 -1.05879e-20 0.02 1 0.0001 0.00015 0.32 570 31 1 2.48206e-314 0 0 0 
7.43 -8.80248e-22 -6.3104e-20 0.02 1 0.0001 0.00015 0.32 571 31 1 2.48206e-314 0 0 0 
7.45 -3.34203e-21 -2.3124e-19 0.02 1 0.0001 0.00015 0.32 572 31 1 2.48206e-314 0 0 0 
7.47 -9.30127e-21 -6.29769e-19 0.02 1 0.0001 0.00015 0.32 573 31 1 2.48206e-314 0 0 0 
7.49 -2.09689e-20 -1.41116e-18 0.02 1 0.0001 0.00015 0.32 574 31 1 2.48206e-314 0 0 0 
7.51 -4.23638e-20 -2.83756e-18 0.02 1 0.0001 0.00015 0.32 575 31 1 2.48206e-314 0 0 0 
7.53 -7.71851e-20 -5.14954e-18 0.02 1 0.0001 0.00015 0.32 576 31 1 2.48206e-314 0 0 0 
7.55 -1.29948e-19 -8.66557e-18 0.02 1 0.0001 0.00015 0.32 577 31 1 2.48206e-314 0 0 0 
7.57 -2.06368e-19 -1.37499e-17 0.02 1 0.0001 0.00015 0.32 578 31 1 2.48206e-314 0 0 0 
7.59 -3.07404e-19 -2.0452e-17 0.02 1 0.0001 0.00015 0.32 579 31 1 2.48206e-314 0 0 0 
7.61 -4.34311e-19 -2.88694e-17 0.02 1 0.0001 0.00015 0.32 580 31 1 2.48206e-314 0 0 0 
7.63 -5.81965e-19 -3.85796e-17 0.02 1 0.0001 0.00015 0.32 581 31 1 2.48206e-314 0 0 0 
7.65 -7.43968e-19 -4.93337e-17 0.02 1 0.0001 0.00015 0.32 582 31 1 2.48206e-314 0 0 0 
7.67 -9.07119e-19 -5.99909e-17 0.02 1 0.0001 0.00015 0.32 583 31 1 2.48206e-314 0 0 0 
7.69 -1.05377e-18 -6.97489e-17 0.02 1 0.0001 0.00015 0.32 584 31 1 2.48206e-314 0 0 0 
7.71 -1.01891e-18 -6.75526e-17 0.02 1 0.0001 0.00015 0.32 585 32 1 2.48206e-314 0 0 0 
7.73 -7.79192e-19 -5.15633e-17 0.02 1 0.0001 0.00015 0.32 586 32 1 2.48206e-314 0 0 0 
7.75 -3.14973e-19 -2.07591e-17 0.02 1 0.0001 0.00015 0.32 587 32 1 2.48206e-314 0 0 0 
7.77 3.7961e-19 2.52922e-17 0.02 1 0.0001 0.00015 0.32 588 32 1 2.48206e-314 0 0 0 
7.79 1.30228e-18 8.65179e-17 0.02 1 0.0001 0.00015 0.32 589 32 1 2.48206e-314 0 0 0 
7.81 2.44476e-18 1.62435e-16 0.02 1 0.0001 0.00015 0.32 590 32 1 2.48206e-314 0 0 0 
7.83 3.78659e-18 2.51305e-16 0.02 1 0.0001 0.00015 0.32 591 32 1 2.48206e-314 0 0 0 
7.85 5.30132e-18 3.51898e-16 0.02 1 0.0001 0.00015 0.32 592 32 1 2.48206e-314 0 0 0 
7.87 6.35195e-18 4.21586e-16 0.02 1 0.0001 0.00015 0.32 593 32 1 2.48206e-314 0 0 0 
7.89 6.90349e-18 4.58169e-16 0.02 1 0.0001 0.00015 0.32 594 32 1 2.48206e-314 0 0 0 
7.91 6.9216e-18 4.59383e-16 0.02 1 0.0001 0.00015 0.32 595 32 1 2.48206e-314 0 0 0 
7.93 6.39103e-18 4.24248e-16 0.02 1 0.0001 0.00015 0.32 596 32 1 2.48206e-314 0 0 0 
7.95 5.31125e-18 3.52628e-16 0.02 1 0.0001 0.00015 0.32 597 33 1 2.48206e-314 0 0 0 
7.97 3.69613e-18 2.45246e-16 0.02 1 0.0001 0.00015 0.32 598 33 1 2.48206e-314 0 0 0 
7.99 1.55349e-18 1.03249e-16 0.02 1 0.0001 0.00015 0.32 599 33 1 2.48206e-314 0 0 0 
-4.01 0 0.260632 0.02 0.999999 9999.99 15000 0.32 600 32 1 3.03136e-314 0 0 0 
-4.03 0 5.27251 0.02 1 10000 15000 0.32 601 32 1 3.03136e-314 0 0 0 
-4.05 0 31.8901 0.02 1 10000 15000 0.32 602 32 1 3.03136e-314 0 0 0 
-4.07 0 97.0011 0.02 1 10000 15000 0.32 603 32 1 3.03136e-314 0 0 0 
-4.09 0 220.32 0.02 1 10000 15000 0.32 604 32 1 3.03136e-314 0 0 0 
-4.11 0 434.998 0.02 1 10000 15000 0.32 605 32 1 3.03136e-314 0 0 0 
-4.13 0 784.47 0.02 1 10000 15000 0.32 606 32 1 3.03136e-314 0 0 0 
-4.15 0 1344.38 0.02 1 10000 15000 0.32 607 32 1 3.03136e-314 0 0 0 
-4.17 0 2290.57 0.02 1 10000 15000 0.32 608 32 1 3.03136e-314 0 0 0 
-4.19 0 3616.93 0.02 1 10000 15000 0.32 609 32 1 3.03136e-314 0 0 0 
-4.21 0 5195.71 0.02 1 10000 15000 0.32 610 32 1 3.03136e-314 0 0 0 
-4.23 0 6894.74 0.02 1 10000 15000 0.32 611 32 1 3.03136e-314 0 0 0 
-4.25 0 8575 0.02 1 10000 15000 0.32 612 32 1 3.03136e-314 0 0 0 
-4.27 0 10087.8 0.02 1 10000 15000 0.32 613 32 1 3.03136e-314 0 0 0 
-4.29 0 11271.5 0.02 1 10000 15000 0.32 614 32 1 3.03136e-314 0 0 0 
-4.31 0 11945.9 0.02 1 10000 15000 0.32 615 31 1 3.03136e-314 0 0 0 
-4.33 0 11898.3 0.02 1 10000 15000 0.32 616 31 1 3.03136e-314 0 0 0 
-4.35 0 10568.1 0.02 0.999959 9999.59 15000 0.320013 617 31 1 3.03136e-314 0 0 0 
-4.37 0 7252.03 0.02 0.999631 9996.31 15000 0.320118 618 30 1 3.03136e-314 0 0 0 
-4.39 0 2132.63 0.02 0.998503 9985.03 15000 0.32048 619 29 1 3.03136e-314 0 0 0 
-4.41 0 -4512.16 0.02 0.995748 9957.48 15000 0.321366 620 28 1 3.03136e-314 0 0 0 
-4.43 0 -12400.6 0.02 0.990126 9901.26 15000 0.323191 621 27 1 3.03136e-314 0 0 0 
-4.45 0 -21257.3 0.02 0.979822 9798.22 15000 0.32659 622 26 1 3.03136e-314 0 0 0 
-4.47 0 -30832.5 0.02 0.962228 9622.28 15000 0.332561 623 25 1 3.03136e-314 0 0 0 
-4.49 0 -40888 0.02 0.933731 9337.31 15000 0.342711 624 25 1 3.03136e-314 0 0 0 
-4.51 0 -50859.8 0.02 0.890771 8907.71 15000 0.359239 625 24 1 3.03136e-314 0 0 0 
-4.53 0 -59973.5 0.02 0.832895 8328.95 15000 0.384202 626 25 1 3.03136e-314 0 0 0 
-4.55 0 -67510.9 0.02 0.764751 7647.51 15000 0.418437 627 25 1 3.03136e-314 0 0 0 
-4.57 0 -73025.8 0.02 0.6944 6944 15000 0.460829 628 27 1 3.03136e-314 0 0 0 
-4.59 0 -76508.9 0.02 0.62873 6287.3 15000 0.508962 629 28 1 3.03136e-314 0 0 0 
-4.61 0 -78250 0.02 0.571028 5710.28 15000 0.560393 630 30 1 3.03136e-314 0 0 0 
-4.63 0 -78627.5 0.02 0.521739 5217.39 15000 0.613333 631 31 1 3.03136e-314 0 0 0 
8.01 0 -7.14972e-17 0.02 1 0.0001 0.00015 0.32 632 33 1 3.03136e-314 0 0 0 
8.03 0 -5.06339e-08 0.02 1 0.0001 0.00015 0.32 633 33 1 3.03136e-314 0 0 0 
8.05 0 -3.17263e-07 0.02 1 0.0001 0.00015 0.32 634 33 1 3.03136e-314 0 0 0 
8.07 0 -9.68767e-07 0.02 1 0.0001 0.00015 0.32 635 33 1 3.03136e-314 0 0 0 
8.09 0 -2.20229e-06 0.02 1 0.0001 0.00015 0.32 636 32 1 3.03136e-314 0 0 0 
8.11 0 -4.34936e-06 0.02 1 0.0001 0.00015 0.32 637 32 1 3.03136e-314 0 0 0 
8.13 0 -7.84431e-06 0.02 1 0.0001 0.00015 0.32 638 32 1 3.03136e-314 0 0 0 
8.15 0 -1.34436e-05 0.02 1 0.0001 0.00015 0.32 639 32 1 3.03136e-314 0 0 0 
8.17 0 -2.29056e-05 0.02 1 0.0001 0.00015 0.32 640 32 1 3.03136e-314 0 0 0 
8.19 0 -3.61693e-05 0.02 1 0.0001 0.00015 0.32 641 32 1 3.03136e-314 0 0 0 
8.21 0 -5.19572e-05 0.02 1 0.0001 0.00015 0.32 642 32 1 3.03136e-314 0 0 0 
8.23 0 -6.89475e-05 0.02 1 0.0001 0.00015 0.32 643 32 1 3.03136e-314 0 0 0 
8.25 0 -8.57501e-05 0.02 1 0.0001 0.00015 0.32 644 32 1 3.03136e-314 0 0 0 
8.27 0 -0.000100878 0.02 1 0.0001 0.00015 0.32 645 32 1 3.03136e-314 0 0 0 
8.29 0 -0.000112715 0.02 1 0.0001 0.00015 0.32 646 31 1 3.03136e-314 0 0 0 
8.31 0 -0.000119459 0.02 1 0.0001 0.00015 0.32 647 31 1 3.03136e-314 0 0 0 
8.33 0 -0.000118983 0.02 1 0.0001 0.00015 0.32 648 31 1 3.03136e-314 0 0 0 
8.35 0 -0.000105681 0.02 0.999959 9.99959e-05 0.00015 0.320013 649 31 1 3.03136e-314 0 0 0 
8.37 0 -7.25203e-05 0.02 0.999631 9.99631e-05 0.00015 0.320118 650 30 1 3.03136e-314 0 0 0 
8.39 0 -2.13263e-05 0.02 0.998503 9.98503e-05 0.00015 0.32048 651 29 1 3.03136e-314 0 0 0 
8.41 0 4.51216e-05 0.02 0.995748 9.95748e-05 0.00015 0.321366 652 28 1 3.03136e-314 0 0 0 
8.43 0 0.000124006 0.02 0.990126 9.90126e-05 0.00015 0.323191 653 27 1 3.03136e-314 0 0 0 
8.45 0 0.000212573 0.02 0.979822 9.79822e-05 0.00015 0.32659 654 26 1 3.03136e-314 0 0 0 
8.47 0 0.000308325 0.02 0.962228 9.62228e-05 0.00015 0.332561 655 25 1 3.03136e-314 0 0 0 
8.49 0 0.00040888 0.02 0.933731 9.33731e-05 0.00015 0.342711 656 25 1 3.03136e-314 0 0 0 
8.51 0 0.000508598 0.02 0.890771 8.90771e-05 0.00015 0.359239 657 24 1 3.03136e-314 0 0 0 
8.53 0 0.000599735 0.02 0.832895 8.32895e-05 0.00015 0.384202 658 25 1 3.03136e-314 0 0 0 
8.55 0 0.000675109 0.02 0.764751 7.64751e-05 0.00015 0.418437 659 25 1 3.03136e-314 0 0 0 
8.57 0 0.000730258 0.02 0.6944 6.944e-05 0.00015 0.460829 660 27 1 3.03136e-314 0 0 0 
8.59 0 0.000765089 0.02 0.62873 6.2873e-05 0.00015 0.508962 661 28 1 3.03136e-314 0 0 0 
8.61 0 0.0007825 0.02 0.571028 5.71028e-05 0.00015 0.560393 662 30 1 3.03136e-314 0 0 0 
8.63 0 0.000786275 0.02 0.521739 5.21739e-05 0.00015 0.613333 663 31 1 3.03136e-314 0 0 0 
