# Time [s]: 0.0157293
# Columns: pos [m], vel [m/s], acc [m/s^2], mass [kg], dens [kg/m^3], pres [Pa], ene [J/kg], sml [m], id, neighbor, alpha, gradh, ...additional?
# Additional arrays: grad_velocity_0(vector) grad_pressure(vector) grad_density(vector) 
-3.99 0.000394703 0.737995 0.02 0.999997 9999.94 15000 0.320001 0 32 1 2.48207e-314 0 0 0 
-3.97 0.00047339 0.861342 0.02 0.999996 9999.93 14999.9 0.320001 1 32 1 2.48207e-314 0 0 0 
-3.95 0.000569413 1.01131 0.02 0.999996 9999.91 14999.9 0.320001 2 32 1 2.48207e-314 0 0 0 
-3.93 0.000685769 1.19166 0.02 0.999995 9999.9 14999.9 0.320002 3 32 1 2.48207e-314 0 0 0 
-3.91 0.000825904 1.40668 0.02 0.999994 9999.88 14999.9 0.320002 4 32 1 2.48207e-314 0 0 0 
-3.89 0.000993771 1.66117 0.02 0.999993 9999.85 14999.9 0.320002 5 32 1 2.48207e-314 0 0 0 
-3.87 0.0011939 1.96055 0.02 0.999991 9999.83 14999.9 0.320003 6 32 1 2.48207e-314 0 0 0 
-3.85 0.00143148 2.3109 0.02 0.99999 9999.79 14999.8 0.320003 7 32 1 2.48207e-314 0 0 0 
-3.83 0.00171246 2.71908 0.02 0.999988 9999.76 14999.8 0.320004 8 32 1 2.48207e-314 0 0 0 
-3.81 0.00204148 3.18719 0.02 0.999986 9999.71 14999.8 0.320005 9 32 1 2.48207e-314 0 0 0 
-3.79 0.00242598 3.72325 0.02 0.999983 9999.66 14999.7 0.320005 10 32 1 2.48207e-314 0 0 0 
-3.77 0.00287442 4.33619 0.02 0.99998 9999.6 14999.7 0.320006 11 32 1 2.48207e-314 0 0 0 
-3.75 0.00339641 5.03588 0.02 0.999977 9999.53 14999.6 0.320007 12 32 1 2.48207e-314 0 0 0 
-3.73 0.00400283 5.83326 0.02 0.999973 9999.45 14999.6 0.320009 13 32 1 2.48207e-314 0 0 0 
-3.71 0.004706 6.74039 0.02 0.999968 9999.36 14999.5 0.32001 14 32 1 2.48207e-314 0 0 0 
-3.69 0.00551979 7.77055 0.02 0.999962 9999.25 14999.4 0.320012 15 32 1 2.48207e-314 0 0 0 
-3.67 0.00645982 8.93832 0.02 0.999956 9999.12 14999.3 0.320014 16 32 1 2.48207e-314 0 0 0 
-3.65 0.00754413 10.261 0.02 0.999949 9998.98 14999.2 0.320016 17 32 1 2.48207e-314 0 0 0 
-3.62999 0.00879239 11.7562 0.02 0.99994 9998.81 14999.1 0.320019 18 32 1 2.48207e-314 0 0 0 
-3.60999 0.0102266 13.4429 0.02 0.999931 9998.63 14998.9 0.320022 19 32 1 2.48207e-314 0 0 0 
-3.58999 0.0118712 15.3418 0.02 0.99992 9998.41 14998.8 0.320026 20 32 1 2.48207e-314 0 0 0 
-3.56999 0.0137535 17.4754 0.02 0.999907 9998.16 14998.6 0.32003 21 32 1 2.48207e-314 0 0 0 
-3.54999 0.0159036 19.868 0.02 0.999893 9997.88 14998.4 0.320034 22 32 1 2.48207e-314 0 0 0 
-3.52999 0.0183551 22.5455 0.02 0.999876 9997.56 14998.2 0.32004 23 32 1 2.48207e-314 0 0 0 
-3.50999 0.0211449 25.5361 0.02 0.999858 9997.2 14997.9 0.320046 24 32 1 2.48207e-314 0 0 0 
-3.48998 0.0243137 28.8696 0.02 0.999837 9996.79 14997.6 0.320052 25 32 1 2.48207e-314 0 0 0 
-3.46998 0.0279064 32.5781 0.02 0.999813 9996.33 14997.2 0.32006 26 32 1 2.48207e-314 0 0 0 
-3.44998 0.0319723 36.6957 0.02 0.999785 9995.8 14996.8 0.320069 27 32 1 2.48207e-314 0 0 0 
-3.42997 0.0365651 41.2583 0.02 0.999755 9995.21 14996.4 0.320078 28 32 1 2.48207e-314 0 0 0 
-3.40997 0.041744 46.3042 0.02 0.99972 9994.55 14995.9 0.32009 29 32 1 2.48207e-314 0 0 0 
-3.38996 0.0475729 51.8735 0.02 0.999682 9993.8 14995.4 0.320102 30 32 1 2.48207e-314 0 0 0 
-3.36996 0.0541219 58.0084 0.02 0.999638 9992.96 14994.8 0.320116 31 32 1 2.48207e-314 0 0 0 
-3.34995 0.0614667 64.753 0.02 0.999589 9992.02 14994.1 0.320132 32 32 1 2.48207e-314 0 0 0 
-3.32994 0.0696894 72.1532 0.02 0.999534 9990.98 14993.3 0.320149 33 32 1 2.48207e-314 0 0 0 
-3.30993 0.0788788 80.2566 0.02 0.999473 9989.81 14992.5 0.320169 34 32 1 2.48207e-314 0 0 0 
-3.28992 0.0891303 89.1126 0.02 0.999405 9988.51 14991.5 0.320191 35 32 1 2.48207e-314 0 0 0 
-3.26991 0.100547 98.7718 0.02 0.999329 9987.06 14990.5 0.320215 36 32 1 2.48207e-314 0 0 0 
-3.2499 0.113239 109.286 0.02 0.999244 9985.45 14989.3 0.320242 37 32 1 2.48207e-314 0 0 0 
-3.22989 0.127324 120.709 0.02 0.99915 9983.67 14988.1 0.320272 38 32 1 2.48207e-314 0 0 0 
-3.20987 0.142928 133.093 0.02 0.999046 9981.71 14986.7 0.320305 39 32 1 2.48207e-314 0 0 0 
-3.18985 0.160185 146.493 0.02 0.998931 9979.53 14985.1 0.320342 40 32 1 2.48207e-314 0 0 0 
-3.16983 0.179239 160.964 0.02 0.998804 9977.14 14983.4 0.320383 41 32 1 2.48207e-314 0 0 0 
-3.14981 0.200239 176.56 0.02 0.998664 9974.5 14981.5 0.320428 42 32 1 2.48207e-314 0 0 0 
-3.12979 0.223345 193.334 0.02 0.99851 9971.6 14979.5 0.320478 43 32 1 2.48207e-314 0 0 0 
-3.10976 0.248726 211.34 0.02 0.99834 9968.42 14977.2 0.320532 44 32 1 2.48207e-314 0 0 0 
-3.08973 0.276559 230.628 0.02 0.998154 9964.94 14974.8 0.320592 45 32 1 2.48207e-314 0 0 0 
-3.06969 0.307029 251.25 0.02 0.99795 9961.14 14972.1 0.320657 46 32 1 2.48207e-314 0 0 0 
-3.04965 0.340331 273.252 0.02 0.997728 9956.98 14969.2 0.320729 47 32 1 2.48207e-314 0 0 0 
-3.02961 0.376667 296.68 0.02 0.997484 9952.46 14966 0.320807 48 32 1 2.48207e-314 0 0 0 
-3.00956 0.416248 321.577 0.02 0.997219 9947.53 14962.5 0.320892 49 32 1 2.48207e-314 0 0 0 
-2.98951 0.459293 347.98 0.02 0.99693 9942.18 14958.8 0.320985 50 32 1 2.48207e-314 0 0 0 
-2.96945 0.506029 375.925 0.02 0.996616 9936.38 14954.8 0.321086 51 32 1 2.48207e-314 0 0 0 
-2.94938 0.556689 405.442 0.02 0.996276 9930.1 14950.4 0.321196 52 32 1 2.48207e-314 0 0 0 
-2.92931 0.611515 436.556 0.02 0.995907 9923.31 14945.7 0.321315 53 32 1 2.48207e-314 0 0 0 
-2.90923 0.670754 469.289 0.02 0.995508 9915.98 14940.6 0.321444 54 32 1 2.48207e-314 0 0 0 
-2.88914 0.734658 503.656 0.02 0.995077 9908.09 14935.2 0.321583 55 32 1 2.48207e-314 0 0 0 
-2.86905 0.803486 539.664 0.02 0.994613 9899.59 14929.3 0.321733 56 32 1 2.48207e-314 0 0 0 
-2.84894 0.8775 577.319 0.02 0.994112 9890.47 14923.1 0.321895 57 32 1 2.48207e-314 0 0 0 
-2.82883 0.956967 616.615 0.02 0.993575 9880.69 14916.3 0.322069 58 32 1 2.48207e-314 0 0 0 
-2.8087 1.04216 657.544 0.02 0.992998 9870.21 14909.2 0.322256 59 32 1 2.48207e-314 0 0 0 
-2.78856 1.13334 700.087 0.02 0.99238 9859.01 14901.5 0.322457 60 32 1 2.48207e-314 0 0 0 
-2.76841 1.2308 744.222 0.02 0.991718 9847.05 14893.3 0.322672 61 32 1 2.48207e-314 0 0 0 
-2.74825 1.33479 789.918 0.02 0.991011 9834.31 14884.7 0.322902 62 32 1 2.48207e-314 0 0 0 
-2.72807 1.4456 837.137 0.02 0.990257 9820.75 14875.4 0.323148 63 32 1 2.48207e-314 0 0 0 
-2.70787 1.5635 885.834 0.02 0.989454 9806.33 14865.7 0.323411 64 32 1 2.48207e-314 0 0 0 
-2.68766 1.68876 935.959 0.02 0.988599 9791.04 14855.3 0.32369 65 32 1 2.48207e-314 0 0 0 
-2.66743 1.82164 987.453 0.02 0.987692 9774.84 14844.3 0.323988 66 32 1 2.48207e-314 0 0 0 
-2.64719 1.96242 1040.25 0.02 0.986729 9757.7 14832.8 0.324304 67 32 1 2.48207e-314 0 0 0 
-2.62692 2.11134 1094.29 0.02 0.985709 9739.6 14820.6 0.324639 68 32 1 2.48207e-314 0 0 0 
-2.60663 2.26866 1149.48 0.02 0.98463 9720.5 14807.7 0.324995 69 32 1 2.48207e-314 0 0 0 
-2.58632 2.43464 1205.75 0.02 0.983491 9700.38 14794.2 0.325372 70 32 1 2.48207e-314 0 0 0 
-2.56599 2.6095 1263.02 0.02 0.982289 9679.21 14779.9 0.32577 71 32 1 2.48207e-314 0 0 0 
-2.54563 2.79348 1321.18 0.02 0.981022 9656.98 14765 0.32619 72 32 1 2.48207e-314 0 0 0 
-2.52524 2.9868 1380.15 0.02 0.97969 9633.66 14749.4 0.326634 73 32 1 2.48207e-314 0 0 0 
-2.50483 3.18967 1439.84 0.02 0.978291 9609.22 14733 0.327101 74 32 1 2.48207e-314 0 0 0 
-2.48438 3.40231 1500.12 0.02 0.976822 9583.66 14715.9 0.327593 75 32 1 2.48207e-314 0 0 0 
-2.46391 3.6249 1560.92 0.02 0.975283 9556.95 14698.1 0.32811 76 32 1 2.48207e-314 0 0 0 
-2.4434 3.85762 1622.11 0.02 0.973672 9529.08 14679.5 0.328653 77 32 1 2.48207e-314 0 0 0 
-2.42286 4.10064 1683.6 0.02 0.971988 9500.04 14660.1 0.329222 78 32 1 2.48207e-314 0 0 0 
-2.40228 4.35412 1745.27 0.02 0.97023 9469.81 14639.9 0.329819 79 32 1 2.48207e-314 0 0 0 
-2.38166 4.61821 1807.03 0.02 0.968396 9438.38 14619 0.330443 80 32 1 2.48207e-314 0 0 0 
-2.36101 4.89304 1868.75 0.02 0.966486 9405.75 14597.3 0.331096 81 32 1 2.48207e-314 0 0 0 
-2.34031 5.17874 1930.34 0.02 0.964499 9371.91 14574.7 0.331778 82 32 1 2.48207e-314 0 0 0 
-2.31957 5.47541 1991.69 0.02 0.962434 9336.86 14551.4 0.33249 83 32 1 2.48207e-314 0 0 0 
-2.29878 5.78314 2052.7 0.02 0.960291 9300.59 14527.2 0.333232 84 32 1 2.48207e-314 0 0 0 
-2.27795 6.10202 2113.26 0.02 0.958068 9263.12 14502.3 0.334006 85 32 1 2.48207e-314 0 0 0 
-2.25707 6.43212 2173.27 0.02 0.955766 9224.43 14476.5 0.33481 86 32 1 2.48207e-314 0 0 0 
-2.23613 6.7735 2232.64 0.02 0.953383 9184.53 14449.9 0.335647 87 32 1 2.48207e-314 0 0 0 
-2.21514 7.1262 2291.28 0.02 0.950921 9143.44 14422.6 0.336516 88 32 1 2.48207e-314 0 0 0 
-2.1941 7.49025 2349.09 0.02 0.948378 9101.15 14394.4 0.337418 89 32 1 2.48207e-314 0 0 0 
-2.173 7.86567 2405.98 0.02 0.945755 9057.69 14365.4 0.338354 90 32 1 2.48207e-314 0 0 0 
-2.15184 8.25247 2461.87 0.02 0.943052 9013.06 14335.6 0.339324 91 32 1 2.48207e-314 0 0 0 
-2.13062 8.65065 2516.68 0.02 0.940269 8967.27 14305 0.340328 92 32 1 2.48207e-314 0 0 0 
-2.10934 9.06019 2570.33 0.02 0.937406 8920.35 14273.6 0.341367 93 32 1 2.48207e-314 0 0 0 
-2.08798 9.48105 2622.74 0.02 0.934465 8872.3 14241.5 0.342442 94 32 1 2.48207e-314 0 0 0 
-2.06656 9.91322 2673.85 0.02 0.931444 8823.16 14208.5 0.343553 95 32 1 2.48207e-314 0 0 0 
-2.04507 10.3566 2723.58 0.02 0.928345 8772.94 14174.8 0.344699 96 32 1 2.48207e-314 0 0 0 
-2.02351 10.8112 2771.88 0.02 0.925169 8721.66 14140.4 0.345883 97 32 1 2.48207e-314 0 0 0 
-2.00187 11.2769 2818.68 0.02 0.921917 8669.35 14105.2 0.347103 98 32 1 2.48207e-314 0 0 0 
-1.98015 11.7536 2863.92 0.02 0.918589 8616.03 14069.3 0.34836 99 32 1 2.48207e-314 0 0 0 
-1.95836 12.2413 2907.55 0.02 0.915186 8561.74 14032.6 0.349656 100 32 1 2.48207e-314 0 0 0 
-1.93648 12.7398 2949.52 0.02 0.91171 8506.49 13995.3 0.350989 101 32 1 2.48207e-314 0 0 0 
-1.91451 13.249 2989.77 0.02 0.908162 8450.32 13957.2 0.35236 102 32 1 2.48207e-314 0 0 0 
-1.89246 13.7688 3028.26 0.02 0.904542 8393.26 13918.4 0.35377 103 32 1 2.48207e-314 0 0 0 
-1.87032 14.299 3064.94 0.02 0.900853 8335.35 13879 0.355219 104 32 1 2.48207e-314 0 0 0 
-1.84808 14.8396 3099.77 0.02 0.897096 8276.6 13839 0.356707 105 32 1 2.48207e-314 0 0 0 
-1.82576 15.3903 3132.7 0.02 0.893272 8217.07 13798.3 0.358234 106 32 1 2.48207e-314 0 0 0 
-1.80333 15.951 3163.7 0.02 0.889383 8156.78 13756.9 0.3598 107 32 1 2.48207e-314 0 0 0 
-1.78081 16.5216 3192.73 0.02 0.88543 8095.77 13715 0.361406 108 32 1 2.48207e-314 0 0 0 
-1.75818 17.1018 3219.74 0.02 0.881416 8034.08 13672.5 0.363052 109 32 1 2.48207e-314 0 0 0 
-1.73545 17.6914 3244.71 0.02 0.877343 7971.74 13629.4 0.364738 110 32 1 2.48207e-314 0 0 0 
-1.71261 18.2903 3267.59 0.02 0.873211 7908.8 13585.8 0.366463 111 32 1 2.48207e-314 0 0 0 
-1.68966 18.8982 3288.34 0.02 0.869024 7845.29 13541.7 0.368229 112 32 1 2.48207e-314 0 0 0 
-1.6666 19.5148 3306.94 0.02 0.864783 7781.25 13497.1 0.370035 113 32 1 2.48207e-314 0 0 0 
-1.64342 20.14 3323.32 0.02 0.86049 7716.74 13452 0.371881 114 32 1 2.48207e-314 0 0 0 
-1.62013 20.7734 3337.47 0.02 0.856149 7651.78 13406.4 0.373767 115 32 1 2.48207e-314 0 0 0 
-1.59671 21.4148 3349.33 0.02 0.85176 7586.43 13360.4 0.375693 116 32 1 2.48207e-314 0 0 0 
-1.57318 22.064 3358.87 0.02 0.847327 7520.72 13314 0.377658 117 32 1 2.48207e-314 0 0 0 
-1.54952 22.7205 3366.04 0.02 0.842853 7454.7 13267.2 0.379663 118 32 1 2.48207e-314 0 0 0 
-1.52573 23.3842 3370.82 0.02 0.838339 7388.43 13220.1 0.381707 119 32 1 2.48207e-314 0 0 0 
-1.50181 24.0546 3373.16 0.02 0.833788 7321.93 13172.6 0.38379 120 32 1 2.48207e-314 0 0 0 
-1.47776 24.7314 3373.01 0.02 0.829204 7255.27 13124.9 0.385912 121 32 1 2.48207e-314 0 0 0 
-1.45357 25.4142 3370.35 0.02 0.82459 7188.49 13076.9 0.388072 122 32 1 2.48207e-314 0 0 0 
-1.42925 26.1025 3365.11 0.02 0.819947 7121.63 13028.6 0.390269 123 32 1 2.48207e-314 0 0 0 
-1.40479 26.7961 3357.26 0.02 0.81528 7054.75 12980.2 0.392503 124 32 1 2.48207e-314 0 0 0 
-1.38018 27.4943 3346.74 0.02 0.810592 6987.9 12931.5 0.394773 125 32 1 2.48207e-314 0 0 0 
-1.35543 28.1967 3333.48 0.02 0.805886 6921.13 12882.8 0.397079 126 32 1 2.48207e-314 0 0 0 
-1.33054 28.9029 3317.44 0.02 0.801165 6854.48 12833.9 0.399418 127 32 1 2.48207e-314 0 0 0 
-1.3055 29.6123 3298.57 0.02 0.796434 6788.02 12785 0.401791 128 32 1 2.48207e-314 0 0 0 
-1.2803 30.3244 3276.82 0.02 0.791696 6721.8 12736.1 0.404195 129 32 1 2.48207e-314 0 0 0 
-1.25495 31.0387 3252.15 0.02 0.786955 6655.86 12687.1 0.406631 130 32 1 2.48207e-314 0 0 0 
-1.22945 31.7546 3224.54 0.02 0.782215 6590.27 12638.3 0.409095 131 32 1 2.48207e-314 0 0 0 
-1.20379 32.4714 3193.96 0.02 0.777479 6525.08 12589.5 0.411587 132 32 1 2.48207e-314 0 0 0 
-1.17797 33.1885 3160.4 0.02 0.772751 6460.34 12540.8 0.414105 133 32 1 2.48207e-314 0 0 0 
-1.152 33.9051 3123.83 0.02 0.768037 6396.11 12492.4 0.416647 134 32 1 2.48207e-314 0 0 0 
-1.12586 34.6205 3084.24 0.02 0.763339 6332.43 12444.1 0.419211 135 32 1 2.48207e-314 0 0 0 
-1.09956 35.3337 3041.59 0.02 0.758662 6269.37 12396.2 0.421795 136 32 1 2.48207e-314 0 0 0 
-1.0731 36.0439 2995.85 0.02 0.754012 6206.97 12348.5 0.424397 137 32 1 2.48207e-314 0 0 0 
-1.04647 36.7503 2947 0.02 0.749392 6145.3 12301.2 0.427013 138 32 1 2.48207e-314 0 0 0 
-1.01967 37.4522 2895.01 0.02 0.744807 6084.41 12254.3 0.429642 139 32 1 2.48207e-314 0 0 0 
-0.992712 38.1487 2839.9 0.02 0.740261 6024.36 12207.9 0.43228 140 32 1 2.48207e-314 0 0 0 
-0.965582 38.8392 2781.73 0.02 0.73576 5965.21 12162 0.434924 141 32 1 2.48207e-314 0 0 0 
-0.938284 39.5228 2720.61 0.02 0.731307 5907.01 12116.6 0.437573 142 32 1 2.48207e-314 0 0 0 
-0.910817 40.1989 2656.69 0.02 0.726906 5849.8 12071.9 0.440222 143 32 1 2.48207e-314 0 0 0 
-0.883184 40.8664 2590.16 0.02 0.72256 5793.65 12028 0.44287 144 32 1 2.48207e-314 0 0 0 
-0.855384 41.5245 2521.24 0.02 0.718273 5738.58 11984.8 0.445513 145 32 1 2.48207e-314 0 0 0 
-0.827419 42.172 2450.14 0.02 0.714047 5684.65 11942.4 0.44815 146 32 1 2.48207e-314 0 0 0 
-0.79929 42.8076 2377.06 0.02 0.709886 5631.89 11900.9 0.450777 147 32 1 2.48207e-314 0 0 0 
-0.770997 43.4303 2302.15 0.02 0.705792 5580.35 11860.4 0.453392 148 32 1 2.48207e-314 0 0 0 
-0.742542 44.0387 2225.56 0.02 0.701768 5530.07 11820.9 0.455991 149 32 1 2.48207e-314 0 0 0 
-0.713924 44.6322 2147.41 0.02 0.697818 5481.1 11782.5 0.458572 150 32 1 2.48207e-314 0 0 0 
-0.685142 45.2101 2067.85 0.02 0.693944 5433.48 11745.4 0.461132 151 32 1 2.48207e-314 0 0 0 
-0.656198 45.7722 1987.12 0.02 0.690148 5387.27 11709.5 0.463669 152 32 1 2.48207e-314 0 0 0 
-0.627092 46.3188 1905.56 0.02 0.686431 5342.51 11675.1 0.466179 153 32 1 2.48207e-314 0 0 0 
-0.597825 46.8501 1823.65 0.02 0.682792 5299.26 11642.3 0.468664 154 32 1 2.48207e-314 0 0 0 
-0.5684 47.3662 1742 0.02 0.679229 5257.54 11611.2 0.471123 155 32 1 2.48207e-314 0 0 0 
-0.538823 47.8672 1661.32 0.02 0.675739 5217.4 11582.1 0.473556 156 32 1 2.48207e-314 0 0 0 
-0.509098 48.3525 1582.32 0.02 0.672318 5178.84 11554.9 0.475965 157 32 1 2.48207e-314 0 0 0 
-0.479231 48.8211 1505.66 0.02 0.668963 5141.9 11530 0.478353 158 32 1 2.48207e-314 0 0 0 
-0.449228 49.2716 1431.79 0.02 0.66567 5106.58 11507.5 0.480718 159 32 1 2.48207e-314 0 0 0 
-0.419089 49.7027 1360.96 0.02 0.66244 5072.94 11487.4 0.483063 160 32 1 2.48207e-314 0 0 0 
-0.388814 50.1134 1293.17 0.02 0.659271 5041.02 11469.9 0.485384 161 32 1 2.48207e-314 0 0 0 
-0.358399 50.504 1228.23 0.02 0.656167 5010.89 11455.3 0.487681 162 32 1 2.48207e-314 0 0 0 
-0.327835 50.8757 1165.83 0.02 0.653128 4982.65 11443.7 0.48995 163 32 1 2.48207e-314 0 0 0 
-0.297114 51.2314 1105.67 0.02 0.650158 4956.41 11435.4 0.492188 164 32 1 2.48207e-314 0 0 0 
-0.26623 51.5747 1047.62 0.02 0.647256 4932.28 11430.7 0.494394 165 32 1 2.48207e-314 0 0 0 
-0.235181 51.9091 991.848 0.02 0.644425 4910.38 11430 0.496567 166 32 1 2.48207e-314 0 0 0 
-0.203979 52.2372 939.015 0.02 0.641665 4890.82 11433.4 0.498702 167 32 1 2.48207e-314 0 0 0 
-0.172643 52.56 889.773 0.02 0.638981 4873.68 11441.2 0.500798 168 32 1 2.48207e-314 0 0 0 
-0.141201 52.8761 844.959 0.02 0.63638 4859.06 11453.4 0.502844 169 32 1 2.48207e-314 0 0 0 
-0.109673 53.1834 805.355 0.02 0.633876 4847 11470.1 0.504831 170 32 1 2.48207e-314 0 0 0 
-0.0780685 53.4787 771.388 0.02 0.631488 4837.55 11491 0.50674 171 32 1 2.48207e-314 0 0 0 
-0.0463757 53.7583 742.65 0.02 0.629239 4830.73 11515.8 0.50855 172 32 1 2.48207e-314 0 0 0 
-0.0145694 54.0186 718.362 0.02 0.627163 4826.62 11544 0.510234 173 32 1 2.48207e-314 0 0 0 
0.0173854 54.2604 697.5 0.02 0.625301 4825.28 11575.2 0.511754 174 33 1 2.48207e-314 0 0 0 
0.0495268 54.4867 677.103 0.02 0.623705 4826.84 11608.6 0.513063 175 33 1 2.48207e-314 0 0 0 
0.0818747 54.7023 655.378 0.02 0.622439 4831.38 11643.1 0.514107 176 33 1 2.48207e-314 0 0 0 
0.114391 54.911 630.845 0.02 0.621572 4838.93 11677.6 0.514824 177 33 1 2.48207e-314 0 0 0 
0.147002 55.1151 603.092 0.02 0.621178 4849.4 11710.2 0.51515 178 33 1 2.48207e-314 0 0 0 
0.179648 55.3214 572.328 0.02 0.621335 4862.59 11739.1 0.51502 179 33 1 2.48207e-314 0 0 0 
0.212246 55.525 537.37 0.02 0.622128 4878.15 11761.7 0.514364 180 34 1 2.48207e-314 0 0 0 
0.244675 55.7103 500.536 0.02 0.623658 4895.53 11774.6 0.513102 181 34 1 2.48207e-314 0 0 0 
0.276819 55.8631 467.89 0.02 0.626041 4913.94 11773.9 0.511149 182 33 1 2.48207e-314 0 0 0 
0.30879 56.0238 444.975 0.02 0.629404 4932.55 11755.4 0.508418 183 34 1 2.48207e-314 0 0 0 
0.340923 56.1913 425.257 0.02 0.633906 4950.53 11714.4 0.504807 184 35 1 2.48207e-314 0 0 0 
0.373179 56.34 409.442 0.02 0.639739 4966.5 11645 0.500204 185 35 1 2.48207e-314 0 0 0 
0.4054 56.4499 397.839 0.02 0.647118 4978.79 11540.8 0.4945 186 36 1 2.48207e-314 0 0 0 
0.437542 56.4911 387.76 0.02 0.656313 4985.63 11394.7 0.487572 187 37 1 2.48207e-314 0 0 0 
0.468958 56.4136 377.338 0.02 0.667401 4984.59 11203.1 0.479472 188 37 1 2.48207e-314 0 0 0 
0.49933 56.3095 373.298 0.02 0.680445 4974.86 10967 0.470281 189 38 1 2.48207e-314 0 0 0 
0.529112 56.2593 362.654 0.02 0.695831 4956.82 10685.6 0.459882 190 39 1 2.48207e-314 0 0 0 
0.558472 56.2805 345.899 0.02 0.713896 4929.43 10357.7 0.448244 191 40 1 2.48207e-314 0 0 0 
0.587365 56.2996 322.648 0.02 0.734929 4889.79 9980.4 0.435416 192 41 1 2.48207e-314 0 0 0 
0.616112 56.3553 299.767 0.02 0.759749 4836.8 9549.78 0.421192 193 42 1 2.48207e-314 0 0 0 
0.644948 56.4276 264.452 0.02 0.789353 4769.6 9063.95 0.405395 194 43 1 2.48207e-314 0 0 0 
0.671981 56.3018 242.144 0.02 0.822205 4681.89 8541.8 0.389198 195 43 1 2.48207e-314 0 0 0 
0.697132 56.1608 240.608 0.02 0.858011 4580.66 8008.34 0.372956 196 44 1 2.48207e-314 0 0 0 
0.720472 56.0834 249.553 0.02 0.896566 4473.51 7484.67 0.356917 197 44 1 2.48207e-314 0 0 0 
0.741775 56.0547 263.725 0.02 0.937028 4366.98 6990.91 0.341505 198 44 1 2.48207e-314 0 0 0 
0.760374 56.0019 284.461 0.02 0.977216 4267.14 6550.12 0.327461 199 44 1 2.48207e-314 0 0 0 
0.795934 55.8734 245.248 0.02 1.07032 3978.93 5576.13 0.298976 200 43 1 2.48206e-314 0 0 0 
0.812367 55.8809 258.539 0.02 1.12232 3887.43 5195.48 0.285125 201 43 1 2.48206e-314 0 0 0 
0.828875 55.9643 259.08 0.02 1.18138 3790.97 4813.23 0.270869 202 42 1 2.48206e-314 0 0 0 
0.845385 56.0478 251.761 0.02 1.24849 3691.38 4434.84 0.256309 203 41 1 2.48206e-314 0 0 0 
0.861746 56.1018 238.411 0.02 1.3245 3592.71 4068.6 0.241601 204 40 1 2.48206e-314 0 0 0 
0.878202 56.1942 214.343 0.02 1.41231 3503.13 3720.51 0.22658 205 39 1 2.48206e-314 0 0 0 
0.894763 56.447 195.294 0.02 1.51304 3432.4 3402.7 0.211494 206 38 1 2.48206e-314 0 0 0 
0.909191 56.5958 186.483 0.02 1.61168 3372.96 3139.12 0.19855 207 38 1 2.48206e-314 0 0 0 
0.922025 56.6933 181.452 0.02 1.70998 3324.28 2915.98 0.187136 208 37 1 2.48206e-314 0 0 0 
0.933984 56.795 179.976 0.02 1.81222 3285.4 2719.3 0.176579 209 36 1 2.48206e-314 0 0 0 
0.944976 56.8741 179.265 0.02 1.9168 3254.11 2546.47 0.166945 210 36 1 2.48206e-314 0 0 0 
0.955436 56.9648 168.527 0.02 2.02743 3231.97 2391.15 0.157835 211 35 1 2.48206e-314 0 0 0 
0.965586 57.1117 155.473 0.02 2.14517 3220.53 2251.93 0.149173 212 34 1 2.48206e-314 0 0 0 
0.975258 57.2705 139.19 0.02 2.26628 3217.73 2129.74 0.141201 213 33 1 2.48206e-314 0 0 0 
0.984373 57.4157 118.52 0.02 2.38801 3222.2 2023.98 0.134003 214 33 1 2.48206e-314 0 0 0 
0.99292 57.5456 96.1348 0.02 2.50875 3233.38 1933.27 0.127554 215 32 1 2.48206e-314 0 0 0 
1.00092 57.6567 77.8076 0.02 2.62731 3250.68 1855.91 0.121798 216 32 1 2.48206e-314 0 0 0 
1.00835 57.7521 63.6653 0.02 2.74196 3273.47 1790.78 0.116705 217 32 1 2.48206e-314 0 0 0 
1.01536 57.8428 58.2015 0.02 2.85311 3301.47 1735.74 0.112158 218 31 1 2.48206e-314 0 0 0 
1.02206 57.926 62.5883 0.02 2.96084 3334.02 1689.07 0.108077 219 31 1 2.48206e-314 0 0 0 
1.02856 57.9955 75.1552 0.02 3.06503 3370.71 1649.62 0.104404 220 30 1 2.48206e-314 0 0 0 
1.03493 58.0464 94.5276 0.02 3.16503 3411.2 1616.7 0.101105 221 31 1 2.48206e-314 0 0 0 
1.04117 58.0773 117.989 0.02 3.2594 3455.06 1590.1 0.0981776 222 31 1 2.48206e-314 0 0 0 
1.04723 58.0894 136.991 0.02 3.34631 3501.63 1569.69 0.0956277 223 30 1 2.48206e-314 0 0 0 
1.05308 58.0881 149.312 0.02 3.42451 3550.23 1555.16 0.093444 224 30 1 2.48206e-314 0 0 0 
1.05872 58.0768 150.189 0.02 3.49352 3600.32 1545.98 0.0915982 225 30 1 2.48206e-314 0 0 0 
1.06418 58.0604 134.68 0.02 3.55353 3651.53 1541.51 0.0900514 226 30 1 2.48206e-314 0 0 0 
1.06952 58.0429 104.673 0.02 3.60491 3703.61 1541.24 0.0887679 227 30 1 2.48206e-314 0 0 0 
1.0748 58.0241 61.1465 0.02 3.64794 3756.38 1544.77 0.0877206 228 30 1 2.48206e-314 0 0 0 
1.08008 58.0037 5.58308 0.02 3.68265 3809.46 1551.84 0.0868939 229 29 1 2.48206e-314 0 0 0 
1.08536 57.9839 -54.8322 0.02 3.70884 3862.07 1562.15 0.0862803 230 30 1 2.48206e-314 0 0 0 
1.09065 57.9635 -108.682 0.02 3.72636 3912.93 1575.25 0.0858747 231 30 1 2.48206e-314 0 0 0 
1.09594 57.9399 -143.544 0.02 3.73528 3960.36 1590.5 0.0856697 232 30 1 2.48206e-314 0 0 0 
1.10122 57.9118 -147.822 0.02 3.7359 4002.44 1607.07 0.0856555 233 30 1 2.48206e-314 0 0 0 
1.10648 57.877 -110.638 0.02 3.72869 4037.11 1624.05 0.085821 234 30 1 2.48206e-314 0 0 0 
1.11172 57.8273 -19.7278 0.02 3.71425 4062.78 1640.64 0.0861546 235 30 1 2.48206e-314 0 0 0 
1.11697 57.7481 131.556 0.02 3.69314 4078.3 1656.24 0.0866471 236 30 1 2.48206e-314 0 0 0 
1.12226 57.6227 338.217 0.02 3.66585 4082.75 1670.31 0.0872922 237 30 1 2.48206e-314 0 0 0 
1.12762 57.4391 582.799 0.02 3.63289 4075.43 1682.37 0.0880842 238 31 1 2.48206e-314 0 0 0 
1.13306 57.1902 835.452 0.02 3.59491 4056.01 1691.98 0.0890147 239 31 1 2.48206e-314 0 0 0 
1.1386 56.8768 1065.92 0.02 3.5527 4024.59 1698.79 0.0900722 240 31 1 2.48206e-314 0 0 0 
1.14424 56.5088 1250.91 0.02 3.50715 3981.76 1702.54 0.0912423 241 32 1 2.48206e-314 0 0 0 
1.14998 56.1021 1373.64 0.02 3.45913 3928.55 1703.14 0.0925089 242 32 1 2.48206e-314 0 0 0 
1.15582 55.6747 1425.67 0.02 3.40943 3866.33 1700.64 0.0938573 243 32 1 2.48206e-314 0 0 0 
1.16176 55.246 1402.93 0.02 3.35862 3796.56 1695.26 0.0952773 244 31 1 2.48206e-314 0 0 0 
1.16781 54.8337 1316.99 0.02 3.30696 3720.53 1687.3 0.0967655 245 31 1 2.48206e-314 0 0 0 
1.17396 54.451 1190.57 0.02 3.25443 3639.22 1677.05 0.0983275 246 31 1 2.48206e-314 0 0 0 
1.18022 54.1038 1058.96 0.02 3.20068 3553.07 1664.77 0.0999788 247 31 1 2.48206e-314 0 0 0 
1.18656 53.7878 967.281 0.02 3.14509 3461.88 1650.55 0.101746 248 32 1 2.48206e-314 0 0 0 
1.19298 53.4864 959.351 0.02 3.08681 3364.75 1634.29 0.103667 249 31 1 2.48206e-314 0 0 0 
1.19947 53.1713 1084.72 0.02 3.02486 3260.26 1615.65 0.10579 250 31 1 2.48206e-314 0 0 0 
1.20604 52.8028 1381.49 0.02 2.95828 3146.7 1594.11 0.108171 251 31 1 2.48206e-314 0 0 0 
1.21271 52.3334 1876.45 0.02 2.88621 3022.32 1568.94 0.110872 252 31 1 2.48206e-314 0 0 0 
1.21951 51.7113 2578.42 0.02 2.80794 2885.68 1539.36 0.113963 253 31 1 2.48206e-314 0 0 0 
1.22648 50.8831 3495.44 0.02 2.72306 2735.9 1504.56 0.117515 254 31 1 2.48206e-314 0 0 0 
1.23368 49.7979 4600.14 0.02 2.63149 2572.8 1463.71 0.121604 255 31 1 2.48206e-314 0 0 0 
1.24119 48.4135 5854.29 0.02 2.53347 2396.98 1416.1 0.126309 256 32 1 2.48206e-314 0 0 0 
1.2491 46.6985 7206.69 0.02 2.42959 2209.88 1361.09 0.13171 257 31 1 2.48206e-314 0 0 0 
1.25747 44.6363 8594.13 0.02 2.32088 2013.82 1298.2 0.137878 258 32 1 2.48206e-314 0 0 0 
1.26642 42.2281 9938.11 0.02 2.20878 1811.89 1227.21 0.144876 259 33 1 2.48206e-314 0 0 0 
1.27602 39.4959 11154.8 0.02 2.09501 1607.84 1148.18 0.152744 260 33 1 2.48206e-314 0 0 0 
1.28635 36.4826 12165.2 0.02 1.98153 1405.84 1061.63 0.161491 261 34 1 2.48206e-314 0 0 0 
1.29748 33.2485 12914.1 0.02 1.87035 1210.08 968.523 0.171091 262 35 1 2.48206e-314 0 0 0 
1.30945 29.8663 13358.1 0.02 1.76336 1024.46 870.291 0.181471 263 35 1 2.48206e-314 0 0 0 
1.32229 26.4165 13479.9 0.02 1.6622 852.228 768.809 0.192516 264 37 1 2.48206e-314 0 0 0 
1.33602 22.9808 13282.2 0.02 1.56813 695.785 666.287 0.204065 265 38 1 2.48206e-314 0 0 0 
1.35061 19.6388 12778.6 0.02 1.48202 556.685 565.171 0.215922 266 38 1 2.48206e-314 0 0 0 
1.36603 16.4641 12001.6 0.02 1.40435 435.657 468.008 0.227864 267 40 1 2.48206e-314 0 0 0 
1.38223 13.5207 10993.1 0.02 1.33526 332.716 377.267 0.239653 268 40 1 2.48206e-314 0 0 0 
1.39915 10.8607 9803.11 0.02 1.27464 247.327 295.164 0.25105 269 41 1 2.48206e-314 0 0 0 
1.4167 8.52178 8495.11 0.02 1.22217 178.456 223.451 0.26183 270 41 1 2.48206e-314 0 0 0 
1.43481 6.52443 7140.62 0.02 1.17737 124.632 163.209 0.271792 271 40 1 2.48206e-314 0 0 0 
1.45338 4.8707 5812.31 0.02 1.13969 84.0374 114.719 0.280778 272 41 1 2.48206e-314 0 0 0 
1.47232 3.54513 4575.82 0.02 1.10848 54.6107 77.4589 0.288684 273 40 1 2.48206e-314 0 0 0 
1.49157 2.51738 3482.73 0.02 1.08306 34.1907 50.2134 0.29546 274 39 1 2.48206e-314 0 0 0 
1.51104 1.74645 2565.68 0.02 1.0627 20.6574 31.2892 0.301119 275 39 1 2.48206e-314 0 0 0 
1.53068 1.18588 1835.04 0.02 1.04669 12.0818 18.7934 0.305727 276 38 1 2.48206e-314 0 0 0 
1.55043 0.789454 1279 0.02 1.03429 6.86351 10.919 0.30939 277 37 1 2.48206e-314 0 0 0 
1.57027 0.515841 871.482 0.02 1.02486 3.79627 6.15576 0.312239 278 35 1 2.48206e-314 0 0 0 
1.59017 0.33105 581.561 0.02 1.01777 2.04783 3.37477 0.314411 279 35 1 2.48206e-314 0 0 0 
1.6101 0.208695 380.914 0.02 1.01254 1.07691 1.80076 0.316037 280 34 1 2.48206e-314 0 0 0 
1.63006 0.129169 244.919 0.02 1.00872 0.550865 0.934625 0.317232 281 33 1 2.48206e-314 0 0 0 
1.65004 0.0784672 154.249 0.02 1.00599 0.274331 0.471516 0.318096 282 33 1 2.48206e-314 0 0 0 
1.67002 0.046783 95.3297 0.02 1.00405 0.132837 0.231293 0.31871 283 32 1 2.48206e-314 0 0 0 
1.69001 0.027351 57.7924 0.02 1.0027 0.0623182 0.110068 0.319139 284 32 1 2.48206e-314 0 0 0 
1.71001 0.0156722 34.2802 0.02 1.00177 0.0283377 0.0507648 0.319433 285 32 1 2.48206e-314 0 0 0 
1.73 0.00880543 19.8863 0.02 1.00115 0.0125467 0.0227474 0.319633 286 32 1 2.48206e-314 0 0 0 
1.75 0.0048516 11.3168 0.02 1.00073 0.0054183 0.00994032 0.319765 287 32 1 2.48206e-314 0 0 0 
1.77 0.00261935 6.30874 0.02 1.00046 0.00229885 0.00425883 0.319852 288 32 1 2.48206e-314 0 0 0 
1.79 0.00138538 3.44003 0.02 1.00029 0.000980174 0.00181966 0.319908 289 32 1 2.48206e-314 0 0 0 
1.81 0.000718198 1.83431 0.02 1.00018 0.00044261 0.000808282 0.319944 290 32 1 2.48206e-314 0 0 0 
1.83 0.00036501 0.959299 0.02 1.00011 0.000229428 0.000402218 0.319966 291 32 1 2.48206e-314 0 0 0 
1.85 0.000181684 0.491544 0.02 1.00006 0.000147308 0.000243664 0.31998 292 32 1 2.48206e-314 0 0 0 
1.87 8.84902e-05 0.246423 0.02 1.00004 0.000116697 0.000183631 0.319988 293 32 1 2.48206e-314 0 0 0 
1.89 4.21521e-05 0.120745 0.02 1.00002 0.000105684 0.000161657 0.319993 294 32 1 2.48206e-314 0 0 0 
1.91 1.9635e-05 0.0577928 0.02 1.00001 0.000101865 0.000153897 0.319996 295 32 1 2.48206e-314 0 0 0 
1.93 8.94589e-06 0.0270185 0.02 1.00001 0.00010059 0.000151257 0.319998 296 32 1 2.48206e-314 0 0 0 
1.95 3.98867e-06 0.0123413 0.02 1 0.00010018 0.000150391 0.319999 297 32 1 2.48206e-314 0 0 0 
1.97 1.74179e-06 0.0055111 0.02 1 0.000100053 0.000150118 0.319999 298 32 1 2.48206e-314 0 0 0 
1.99 7.45665e-07 0.0024089 0.02 1 0.000100015 0.000150034 0.32 299 32 1 2.48206e-314 0 0 0 
2.01 3.1315e-07 0.00103218 0.02 1 0.000100004 0.00015001 0.32 300 32 1 2.48206e-314 0 0 0 
2.03 1.28983e-07 0.000433957 0.02 1 0.000100001 0.000150003 0.32 301 32 1 2.48206e-314 0 0 0 
2.05 5.20375e-08 0.000178988 0.02 1 0.0001 0.000150001 0.32 302 32 1 2.48206e-314 0 0 0 
2.07 2.05096e-08 7.23244e-05 0.02 1 0.0001 0.00015 0.32 303 32 1 2.48206e-314 0 0 0 
2.09 7.86568e-09 2.85332e-05 0.02 1 0.0001 0.00015 0.32 304 32 1 2.48206e-314 0 0 0 
2.11 2.9228e-09 1.09294e-05 0.02 1 0.0001 0.00015 0.32 305 32 1 2.48206e-314 0 0 0 
2.13 1.04967e-09 4.04142e-06 0.02 1 0.0001 0.00015 0.32 306 32 1 2.48206e-314 0 0 0 
2.15 3.64745e-10 1.43974e-06 0.02 1 0.0001 0.00015 0.32 307 32 1 2.48206e-314 0 0 0 
2.17 1.23196e-10 4.95685e-07 0.02 1 0.0001 0.00015 0.32 308 32 1 2.48206e-314 0 0 0 
2.19 4.07065e-11 1.65981e-07 0.02 1 0.0001 0.00015 0.32 309 32 1 2.48206e-314 0 0 0 
2.21 1.32503e-11 5.44415e-08 0.02 1 0.0001 0.00015 0.32 310 32 1 2.48206e-314 0 0 0 
2.23 4.27977e-12 1.76208e-08 0.02 1 0.0001 0.00015 0.32 311 32 1 2.48206e-314 0 0 0 
2.25 1.38118e-12 5.67261e-09 0.02 1 0.0001 0.00015 0.32 312 32 1 2.48206e-314 0 0 0 
2.27 4.47588e-13 1.83047e-09 0.02 1 0.0001 0.00015 0.32 313 32 1 2.48206e-314 0 0 0 
2.29 1.45723e-13 5.95146e-10 0.02 1 0.0001 0.00015 0.32 314 32 1 2.48206e-314 0 0 0 
2.31 4.73745e-14 1.94918e-10 0.02 1 0.0001 0.00015 0.32 315 32 1 2.48206e-314 0 0 0 
2.33 1.51633e-14 6.38046e-11 0.02 1 0.0001 0.00015 0.32 316 32 1 2.48206e-314 0 0 0 
2.35 4.66549e-15 2.0535e-11 0.02 1 0.0001 0.00015 0.32 317 32 1 2.48206e-314 0 0 0 
2.37 1.32508e-15 6.3274e-12 0.02 1 0.0001 0.00015 0.32 318 32 1 2.48206e-314 0 0 0 
2.39 3.18277e-16 1.78608e-12 0.02 1 0.0001 0.00015 0.32 319 32 1 2.48206e-314 0 0 0 
2.41 4.57997e-17 4.19382e-13 0.02 1 0.0001 0.00015 0.32 320 32 1 2.48206e-314 0 0 0 
2.43 -1.20024e-17 5.38963e-14 0.02 1 0.0001 0.00015 0.32 321 32 1 2.48206e-314 0 0 0 
2.45 -1.56107e-17 -2.06298e-14 0.02 1 0.0001 0.00015 0.32 322 32 1 2.48206e-314 0 0 0 
2.47 -9.92092e-18 -2.31881e-14 0.02 1 0.0001 0.00015 0.32 323 32 1 2.48206e-314 0 0 0 
2.49 -5.15439e-18 -1.43148e-14 0.02 1 0.0001 0.00015 0.32 324 33 1 2.48206e-314 0 0 0 
2.51 -2.41971e-18 -7.33751e-15 0.02 1 0.0001 0.00015 0.32 325 33 1 2.48206e-314 0 0 0 
2.53 -1.06575e-18 -3.41655e-15 0.02 1 0.0001 0.00015 0.32 326 33 1 2.48206e-314 0 0 0 
2.55 -4.48443e-19 -1.49642e-15 0.02 1 0.0001 0.00015 0.32 327 33 1 2.48206e-314 0 0 0 
2.57 -1.8203e-19 -6.27052e-16 0.02 1 0.0001 0.00015 0.32 328 33 1 2.48206e-314 0 0 0 
2.59 -7.1674e-20 -2.53625e-16 0.02 1 0.0001 0.00015 0.32 329 33 1 2.48206e-314 0 0 0 
2.61 -2.7457e-20 -9.95406e-17 0.02 1 0.0001 0.00015 0.32 330 33 1 2.48206e-314 0 0 0 
2.63 -1.0255e-20 -3.80055e-17 0.02 1 0.0001 0.00015 0.32 331 33 1 2.48206e-314 0 0 0 
2.65 -3.73564e-21 -1.41378e-17 0.02 1 0.0001 0.00015 0.32 332 33 1 2.48206e-314 0 0 0 
2.67 -1.33654e-21 -5.13175e-18 0.02 1 0.0001 0.00015 0.32 333 33 1 2.48206e-314 0 0 0 
2.69 -4.71711e-22 -1.83319e-18 0.02 1 0.0001 0.00015 0.32 334 33 1 2.48206e-314 0 0 0 
2.71 -1.63378e-22 -6.36545e-19 0.02 1 0.0001 0.00015 0.32 335 33 1 2.48206e-314 0 0 0 
2.73 -5.69322e-23 -2.20017e-19 0.02 1 0.0001 0.00015 0.32 336 33 1 2.48206e-314 0 0 0 
2.75 -1.93314e-23 -7.28448e-20 0.02 1 0.0001 0.00015 0.32 337 33 1 2.48206e-314 0 0 0 
2.77 -5.96953e-24 -2.03288e-20 0.02 1 0.0001 0.00015 0.32 338 33 1 2.48206e-314 0 0 0 
2.79 -1.56306e-24 -5.50571e-21 0.02 1 0.0001 0.00015 0.32 339 33 1 2.48206e-314 0 0 0 
2.81 -2.36718e-26 -2.11758e-22 0.02 1 0.0001 0.00015 0.32 340 33 1 2.48206e-314 0 0 0 
2.83 -5.97561e-55 -5.34553e-51 0.02 1 0.0001 0.00015 0.32 341 33 1 2.48206e-314 0 0 0 
2.85 0 0 0.02 1 0.0001 0.00015 0.32 342 33 1 2.48206e-314 0 0 0 
2.87 0 0 0.02 1 0.0001 0.00015 0.32 343 33 1 2.48206e-314 0 0 0 
2.89 0 0 0.02 1 0.0001 0.00015 0.32 344 33 1 2.48206e-314 0 0 0 
2.91 0 0 0.02 1 0.0001 0.00015 0.32 345 33 1 2.48206e-314 0 0 0 
2.93 0 0 0.02 1 0.0001 0.00015 0.32 346 33 1 2.48206e-314 0 0 0 
2.95 0 0 0.02 1 0.0001 0.00015 0.32 347 33 1 2.48206e-314 0 0 0 
2.97 0 0 0.02 1 0.0001 0.00015 0.32 348 33 1 2.48206e-314 0 0 0 
2.99 0 0 0.02 1 0.0001 0.00015 0.32 349 33 1 2.48206e-314 0 0 0 
3.01 0 0 0.02 1 0.0001 0.00015 0.32 350 33 1 2.48206e-314 0 0 0 
3.03 0 0 0.02 1 0.0001 0.00015 0.32 351 33 1 2.48206e-314 0 0 0 
3.05 0 0 0.02 1 0.0001 0.00015 0.32 352 33 1 2.48206e-314 0 0 0 
3.07 0 0 0.02 1 0.0001 0.00015 0.32 353 33 1 2.48206e-314 0 0 0 
3.09 0 0 0.02 1 0.0001 0.00015 0.32 354 33 1 2.48206e-314 0 0 0 
3.11 0 0 0.02 1 0.0001 0.00015 0.32 355 33 1 2.48206e-314 0 0 0 
3.13 0 0 0.02 1 0.0001 0.00015 0.32 356 33 1 2.48206e-314 0 0 0 
3.15 0 0 0.02 1 0.0001 0.00015 0.32 357 33 1 2.48206e-314 0 0 0 
3.17 0 0 0.02 1 0.0001 0.00015 0.32 358 33 1 2.48206e-314 0 0 0 
3.19 0 0 0.02 1 0.0001 0.00015 0.32 359 33 1 2.48206e-314 0 0 0 
3.21 0 0 0.02 1 0.0001 0.00015 0.32 360 33 1 2.48206e-314 0 0 0 
3.23 0 0 0.02 1 0.0001 0.00015 0.32 361 33 1 2.48206e-314 0 0 0 
3.25 0 0 0.02 1 0.0001 0.00015 0.32 362 33 1 2.48206e-314 0 0 0 
3.27 0 0 0.02 1 0.0001 0.00015 0.32 363 33 1 2.48206e-314 0 0 0 
3.29 0 0 0.02 1 0.0001 0.00015 0.32 364 33 1 2.48206e-314 0 0 0 
3.31 0 0 0.02 1 0.0001 0.00015 0.32 365 33 1 2.48206e-314 0 0 0 
3.33 0 0 0.02 1 0.0001 0.00015 0.32 366 33 1 2.48206e-314 0 0 0 
3.35 0 0 0.02 1 0.0001 0.00015 0.32 367 33 1 2.48206e-314 0 0 0 
3.37 0 0 0.02 1 0.0001 0.00015 0.32 368 33 1 2.48206e-314 0 0 0 
3.39 0 0 0.02 1 0.0001 0.00015 0.32 369 33 1 2.48206e-314 0 0 0 
3.41 0 0 0.02 1 0.0001 0.00015 0.32 370 33 1 2.48206e-314 0 0 0 
3.43 0 0 0.02 1 0.0001 0.00015 0.32 371 33 1 2.48206e-314 0 0 0 
3.45 1.51468e-37 9.62965e-36 0.02 1 0.0001 0.00015 0.32 372 33 1 2.48206e-314 0 0 0 
3.47 6.32855e-23 4.02341e-21 0.02 1 0.0001 0.00015 0.32 373 33 1 2.48206e-314 0 0 0 
3.49 1.73202e-22 1.10114e-20 0.02 1 0.0001 0.00015 0.32 374 33 1 2.48206e-314 0 0 0 
3.51 3.69721e-22 2.35052e-20 0.02 1 0.0001 0.00015 0.32 375 33 1 2.48206e-314 0 0 0 
3.53 6.5284e-22 4.15046e-20 0.02 1 0.0001 0.00015 0.32 376 33 1 2.48206e-314 0 0 0 
3.55 1.39228e-21 8.85149e-20 0.02 1 0.0001 0.00015 0.32 377 33 1 2.48206e-314 0 0 0 
3.57 2.65799e-21 1.68983e-19 0.02 1 0.0001 0.00015 0.32 378 33 1 2.48206e-314 0 0 0 
3.59 4.52325e-21 2.87568e-19 0.02 1 0.0001 0.00015 0.32 379 33 1 2.48206e-314 0 0 0 
3.61 7.11293e-21 4.58668e-19 0.02 1 0.0001 0.00015 0.32 380 33 1 2.48206e-314 0 0 0 
3.63 1.0522e-20 6.7805e-19 0.02 1 0.0001 0.00015 0.32 381 33 1 2.48206e-314 0 0 0 
3.65 1.49688e-20 9.66253e-19 0.02 1 0.0001 0.00015 0.32 382 33 1 2.48206e-314 0 0 0 
3.67 2.02133e-20 1.2949e-18 0.02 1 0.0001 0.00015 0.32 383 33 1 2.48206e-314 0 0 0 
3.69 2.55521e-20 1.61953e-18 0.02 1 0.0001 0.00015 0.32 384 33 1 2.48206e-314 0 0 0 
3.71 3.10514e-20 1.9685e-18 0.02 1 0.0001 0.00015 0.32 385 33 1 2.48206e-314 0 0 0 
3.73 3.43587e-20 2.15866e-18 0.02 1 0.0001 0.00015 0.32 386 33 1 2.48206e-314 0 0 0 
3.75 3.48868e-20 2.17476e-18 0.02 1 0.0001 0.00015 0.32 387 33 1 2.48206e-314 0 0 0 
3.77 3.38146e-20 2.12055e-18 0.02 1 0.0001 0.00015 0.32 388 33 1 2.48206e-314 0 0 0 
3.79 2.48465e-20 1.4749e-18 0.02 1 0.0001 0.00015 0.32 389 33 1 2.48206e-314 0 0 0 
3.81 1.03665e-20 5.84241e-19 0.02 1 0.0001 0.00015 0.32 390 32 1 2.48206e-314 0 0 0 
3.83 -9.31558e-21 -6.58992e-19 0.02 1 0.0001 0.00015 0.32 391 32 1 2.48206e-314 0 0 0 
3.85 -4.03131e-20 -2.6239e-18 0.02 1 0.0001 0.00015 0.32 392 32 1 2.48206e-314 0 0 0 
3.87 -7.45861e-20 -4.77938e-18 0.02 1 0.0001 0.00015 0.32 393 32 1 2.48206e-314 0 0 0 
3.89 -1.13139e-19 -7.22223e-18 0.02 1 0.0001 0.00015 0.32 394 32 1 2.48206e-314 0 0 0 
3.91 -1.51338e-19 -9.53039e-18 0.02 1 0.0001 0.00015 0.32 395 32 1 2.48206e-314 0 0 0 
3.93 -1.86666e-19 -1.18267e-17 0.02 1 0.0001 0.00015 0.32 396 32 1 2.48206e-314 0 0 0 
3.95 -2.14321e-19 -1.35909e-17 0.02 1 0.0001 0.00015 0.32 397 32 1 2.48206e-314 0 0 0 
3.97 -2.3341e-19 -1.47886e-17 0.02 1 0.0001 0.00015 0.32 398 32 1 2.48206e-314 0 0 0 
3.99 -2.39501e-19 -1.5149e-17 0.02 1 0.0001 0.00015 0.32 399 32 1 2.48206e-314 0 0 0 
4.01 -2.31963e-19 -1.46727e-17 0.02 1 0.0001 0.00015 0.32 400 32 1 2.48206e-314 0 0 0 
4.03 -2.12644e-19 -1.34712e-17 0.02 1 0.0001 0.00015 0.32 401 32 1 2.48206e-314 0 0 0 
4.05 -1.82086e-19 -1.15523e-17 0.02 1 0.0001 0.00015 0.32 402 32 1 2.48206e-314 0 0 0 
4.07 -1.48031e-19 -9.37898e-18 0.02 1 0.0001 0.00015 0.32 403 32 1 2.48206e-314 0 0 0 
4.09 -1.10145e-19 -6.97976e-18 0.02 1 0.0001 0.00015 0.32 404 32 1 2.48206e-314 0 0 0 
4.11 -7.15756e-20 -4.54772e-18 0.02 1 0.0001 0.00015 0.32 405 32 1 2.48206e-314 0 0 0 
4.13 -3.87219e-20 -2.47376e-18 0.02 1 0.0001 0.00015 0.32 406 32 1 2.48206e-314 0 0 0 
4.15 -7.35588e-21 -4.76244e-19 0.02 1 0.0001 0.00015 0.32 407 32 1 2.48206e-314 0 0 0 
4.17 1.44155e-20 9.02514e-19 0.02 1 0.0001 0.00015 0.32 408 32 1 2.48206e-314 0 0 0 
4.19 2.48694e-20 1.57103e-18 0.02 1 0.0001 0.00015 0.32 409 32 1 2.48206e-314 0 0 0 
4.21 3.37376e-20 2.13685e-18 0.02 1 0.0001 0.00015 0.32 410 32 1 2.48206e-314 0 0 0 
4.23 3.51595e-20 2.23532e-18 0.02 1 0.0001 0.00015 0.32 411 31 1 2.48206e-314 0 0 0 
4.25 3.37145e-20 2.14342e-18 0.02 1 0.0001 0.00015 0.32 412 31 1 2.48206e-314 0 0 0 
4.27 2.94777e-20 1.87406e-18 0.02 1 0.0001 0.00015 0.32 413 31 1 2.48206e-314 0 0 0 
4.29 2.32991e-20 1.48125e-18 0.02 1 0.0001 0.00015 0.32 414 31 1 2.48206e-314 0 0 0 
4.31 1.86459e-20 1.18542e-18 0.02 1 0.0001 0.00015 0.32 415 31 1 2.48206e-314 0 0 0 
4.33 1.30368e-20 8.28822e-19 0.02 1 0.0001 0.00015 0.32 416 31 1 2.48206e-314 0 0 0 
4.35 9.67269e-21 6.14946e-19 0.02 1 0.0001 0.00015 0.32 417 31 1 2.48206e-314 0 0 0 
4.37 6.74823e-21 4.29022e-19 0.02 1 0.0001 0.00015 0.32 418 31 1 2.48206e-314 0 0 0 
4.39 4.14353e-21 2.63427e-19 0.02 1 0.0001 0.00015 0.32 419 31 1 2.48206e-314 0 0 0 
4.41 2.59137e-21 1.64748e-19 0.02 1 0.0001 0.00015 0.32 420 31 1 2.48206e-314 0 0 0 
4.43 1.55216e-21 9.86793e-20 0.02 1 0.0001 0.00015 0.32 421 31 1 2.48206e-314 0 0 0 
4.45 7.12795e-22 4.53163e-20 0.02 1 0.0001 0.00015 0.32 422 31 1 2.48206e-314 0 0 0 
4.47 2.4648e-22 1.56701e-20 0.02 1 0.0001 0.00015 0.32 423 31 1 2.48206e-314 0 0 0 
4.49 9.65937e-23 6.14099e-21 0.02 1 0.0001 0.00015 0.32 424 31 1 2.48206e-314 0 0 0 
4.51 2.99773e-23 1.90582e-21 0.02 1 0.0001 0.00015 0.32 425 31 1 2.48206e-314 0 0 0 
4.53 1.21174e-37 7.70372e-36 0.02 1 0.0001 0.00015 0.32 426 31 1 2.48206e-314 0 0 0 
4.55 0 0 0.02 1 0.0001 0.00015 0.32 427 31 1 2.48206e-314 0 0 0 
4.57 0 0 0.02 1 0.0001 0.00015 0.32 428 31 1 2.48206e-314 0 0 0 
4.59 0 0 0.02 1 0.0001 0.00015 0.32 429 31 1 2.48206e-314 0 0 0 
4.61 0 0 0.02 1 0.0001 0.00015 0.32 430 31 1 2.48206e-314 0 0 0 
4.63 0 0 0.02 1 0.0001 0.00015 0.32 431 31 1 2.48206e-314 0 0 0 
4.65 0 0 0.02 1 0.0001 0.00015 0.32 432 31 1 2.48206e-314 0 0 0 
4.67 0 0 0.02 1 0.0001 0.00015 0.32 433 31 1 2.48206e-314 0 0 0 
4.69 0 0 0.02 1 0.0001 0.00015 0.32 434 31 1 2.48206e-314 0 0 0 
4.71 0 0 0.02 1 0.0001 0.00015 0.32 435 31 1 2.48206e-314 0 0 0 
4.73 0 0 0.02 1 0.0001 0.00015 0.32 436 31 1 2.48206e-314 0 0 0 
4.75 0 0 0.02 1 0.0001 0.00015 0.32 437 31 1 2.48206e-314 0 0 0 
4.77 0 0 0.02 1 0.0001 0.00015 0.32 438 31 1 2.48206e-314 0 0 0 
4.79 0 0 0.02 1 0.0001 0.00015 0.32 439 31 1 2.48206e-314 0 0 0 
4.81 0 0 0.02 1 0.0001 0.00015 0.32 440 31 1 2.48206e-314 0 0 0 
4.83 0 0 0.02 1 0.0001 0.00015 0.32 441 31 1 2.48206e-314 0 0 0 
4.85 0 0 0.02 1 0.0001 0.00015 0.32 442 31 1 2.48206e-314 0 0 0 
4.87 0 0 0.02 1 0.0001 0.00015 0.32 443 31 1 2.48206e-314 0 0 0 
4.89 0 0 0.02 1 0.0001 0.00015 0.32 444 31 1 2.48206e-314 0 0 0 
4.91 0 0 0.02 1 0.0001 0.00015 0.32 445 31 1 2.48206e-314 0 0 0 
4.93 0 0 0.02 1 0.0001 0.00015 0.32 446 31 1 2.48206e-314 0 0 0 
4.95 0 0 0.02 1 0.0001 0.00015 0.32 447 31 1 2.48206e-314 0 0 0 
4.97 0 0 0.02 1 0.0001 0.00015 0.32 448 31 1 2.48206e-314 0 0 0 
4.99 0 0 0.02 1 0.0001 0.00015 0.32 449 31 1 2.48206e-314 0 0 0 
5.01 0 0 0.02 1 0.0001 0.00015 0.32 450 31 1 2.48206e-314 0 0 0 
5.03 0 0 0.02 1 0.0001 0.00015 0.32 451 31 1 2.48206e-314 0 0 0 
5.05 0 0 0.02 1 0.0001 0.00015 0.32 452 31 1 2.48206e-314 0 0 0 
5.07 0 0 0.02 1 0.0001 0.00015 0.32 453 31 1 2.48206e-314 0 0 0 
5.09 0 0 0.02 1 0.0001 0.00015 0.32 454 31 1 2.48206e-314 0 0 0 
5.11 0 0 0.02 1 0.0001 0.00015 0.32 455 31 1 2.48206e-314 0 0 0 
5.13 0 0 0.02 1 0.0001 0.00015 0.32 456 31 1 2.48206e-314 0 0 0 
5.15 0 0 0.02 1 0.0001 0.00015 0.32 457 31 1 2.48206e-314 0 0 0 
5.17 0 0 0.02 1 0.0001 0.00015 0.32 458 31 1 2.48206e-314 0 0 0 
5.19 0 0 0.02 1 0.0001 0.00015 0.32 459 31 1 2.48206e-314 0 0 0 
5.21 0 0 0.02 1 0.0001 0.00015 0.32 460 31 1 2.48206e-314 0 0 0 
5.23 0 0 0.02 1 0.0001 0.00015 0.32 461 31 1 2.48206e-314 0 0 0 
5.25 0 0 0.02 1 0.0001 0.00015 0.32 462 31 1 2.48206e-314 0 0 0 
5.27 0 0 0.02 1 0.0001 0.00015 0.32 463 31 1 2.48206e-314 0 0 0 
5.29 0 0 0.02 1 0.0001 0.00015 0.32 464 31 1 2.48206e-314 0 0 0 
5.31 0 0 0.02 1 0.0001 0.00015 0.32 465 31 1 2.48206e-314 0 0 0 
5.33 0 0 0.02 1 0.0001 0.00015 0.32 466 31 1 2.48206e-314 0 0 0 
5.35 0 0 0.02 1 0.0001 0.00015 0.32 467 31 1 2.48206e-314 0 0 0 
5.37 0 0 0.02 1 0.0001 0.00015 0.32 468 31 1 2.48206e-314 0 0 0 
5.39 0 0 0.02 1 0.0001 0.00015 0.32 469 31 1 2.48206e-314 0 0 0 
5.41 0 0 0.02 1 0.0001 0.00015 0.32 470 31 1 2.48206e-314 0 0 0 
5.43 0 0 0.02 1 0.0001 0.00015 0.32 471 31 1 2.48206e-314 0 0 0 
5.45 0 0 0.02 1 0.0001 0.00015 0.32 472 31 1 2.48206e-314 0 0 0 
5.47 0 0 0.02 1 0.0001 0.00015 0.32 473 31 1 2.48206e-314 0 0 0 
5.49 0 0 0.02 1 0.0001 0.00015 0.32 474 31 1 2.48206e-314 0 0 0 
5.51 0 0 0.02 1 0.0001 0.00015 0.32 475 31 1 2.48206e-314 0 0 0 
5.53 0 0 0.02 1 0.0001 0.00015 0.32 476 31 1 2.48206e-314 0 0 0 
5.55 0 0 0.02 1 0.0001 0.00015 0.32 477 31 1 2.48206e-314 0 0 0 
5.57 0 0 0.02 1 0.0001 0.00015 0.32 478 31 1 2.48206e-314 0 0 0 
5.59 0 0 0.02 1 0.0001 0.00015 0.32 479 31 1 2.48206e-314 0 0 0 
5.61 0 0 0.02 1 0.0001 0.00015 0.32 480 31 1 2.48206e-314 0 0 0 
5.63 0 0 0.02 1 0.0001 0.00015 0.32 481 31 1 2.48206e-314 0 0 0 
5.65 0 0 0.02 1 0.0001 0.00015 0.32 482 31 1 2.48206e-314 0 0 0 
5.67 0 0 0.02 1 0.0001 0.00015 0.32 483 31 1 2.48206e-314 0 0 0 
5.69 0 0 0.02 1 0.0001 0.00015 0.32 484 31 1 2.48206e-314 0 0 0 
5.71 0 0 0.02 1 0.0001 0.00015 0.32 485 31 1 2.48206e-314 0 0 0 
5.73 0 0 0.02 1 0.0001 0.00015 0.32 486 31 1 2.48206e-314 0 0 0 
5.75 0 0 0.02 1 0.0001 0.00015 0.32 487 31 1 2.48206e-314 0 0 0 
5.77 0 0 0.02 1 0.0001 0.00015 0.32 488 31 1 2.48206e-314 0 0 0 
5.79 0 0 0.02 1 0.0001 0.00015 0.32 489 31 1 2.48206e-314 0 0 0 
5.81 0 0 0.02 1 0.0001 0.00015 0.32 490 31 1 2.48206e-314 0 0 0 
5.83 0 0 0.02 1 0.0001 0.00015 0.32 491 31 1 2.48206e-314 0 0 0 
5.85 0 0 0.02 1 0.0001 0.00015 0.32 492 31 1 2.48206e-314 0 0 0 
5.87 0 0 0.02 1 0.0001 0.00015 0.32 493 31 1 2.48206e-314 0 0 0 
5.89 0 0 0.02 1 0.0001 0.00015 0.32 494 31 1 2.48206e-314 0 0 0 
5.91 0 0 0.02 1 0.0001 0.00015 0.32 495 31 1 2.48206e-314 0 0 0 
5.93 0 0 0.02 1 0.0001 0.00015 0.32 496 31 1 2.48206e-314 0 0 0 
5.95 0 0 0.02 1 0.0001 0.00015 0.32 497 31 1 2.48206e-314 0 0 0 
5.97 0 0 0.02 1 0.0001 0.00015 0.32 498 31 1 2.48206e-314 0 0 0 
5.99 0 0 0.02 1 0.0001 0.00015 0.32 499 31 1 2.48206e-314 0 0 0 
6.01 0 0 0.02 1 0.0001 0.00015 0.32 500 31 1 2.48206e-314 0 0 0 
6.03 0 0 0.02 1 0.0001 0.00015 0.32 501 31 1 2.48206e-314 0 0 0 
6.05 0 0 0.02 1 0.0001 0.00015 0.32 502 31 1 2.48206e-314 0 0 0 
6.07 0 0 0.02 1 0.0001 0.00015 0.32 503 31 1 2.48206e-314 0 0 0 
6.09 0 0 0.02 1 0.0001 0.00015 0.32 504 31 1 2.48206e-314 0 0 0 
6.11 0 0 0.02 1 0.0001 0.00015 0.32 505 31 1 2.48206e-314 0 0 0 
6.13 0 0 0.02 1 0.0001 0.00015 0.32 506 31 1 2.48206e-314 0 0 0 
6.15 0 0 0.02 1 0.0001 0.00015 0.32 507 31 1 2.48206e-314 0 0 0 
6.17 0 0 0.02 1 0.0001 0.00015 0.32 508 31 1 2.48206e-314 0 0 0 
6.19 0 0 0.02 1 0.0001 0.00015 0.32 509 31 1 2.48206e-314 0 0 0 
6.21 0 0 0.02 1 0.0001 0.00015 0.32 510 31 1 2.48206e-314 0 0 0 
6.23 0 0 0.02 1 0.0001 0.00015 0.32 511 31 1 2.48206e-314 0 0 0 
6.25 0 0 0.02 1 0.0001 0.00015 0.32 512 31 1 2.48206e-314 0 0 0 
6.27 0 0 0.02 1 0.0001 0.00015 0.32 513 31 1 2.48206e-314 0 0 0 
6.29 0 0 0.02 1 0.0001 0.00015 0.32 514 31 1 2.48206e-314 0 0 0 
6.31 0 0 0.02 1 0.0001 0.00015 0.32 515 31 1 2.48206e-314 0 0 0 
6.33 0 0 0.02 1 0.0001 0.00015 0.32 516 31 1 2.48206e-314 0 0 0 
6.35 0 0 0.02 1 0.0001 0.00015 0.32 517 31 1 2.48206e-314 0 0 0 
6.37 0 0 0.02 1 0.0001 0.00015 0.32 518 31 1 2.48206e-314 0 0 0 
6.39 0 0 0.02 1 0.0001 0.00015 0.32 519 31 1 2.48206e-314 0 0 0 
6.41 0 0 0.02 1 0.0001 0.00015 0.32 520 31 1 2.48206e-314 0 0 0 
6.43 0 0 0.02 1 0.0001 0.00015 0.32 521 31 1 2.48206e-314 0 0 0 
6.45 0 0 0.02 1 0.0001 0.00015 0.32 522 31 1 2.48206e-314 0 0 0 
6.47 0 0 0.02 1 0.0001 0.00015 0.32 523 31 1 2.48206e-314 0 0 0 
6.49 0 0 0.02 1 0.0001 0.00015 0.32 524 31 1 2.48206e-314 0 0 0 
6.51 0 0 0.02 1 0.0001 0.00015 0.32 525 31 1 2.48206e-314 0 0 0 
6.53 0 0 0.02 1 0.0001 0.00015 0.32 526 31 1 2.48206e-314 0 0 0 
6.55 0 0 0.02 1 0.0001 0.00015 0.32 527 31 1 2.48206e-314 0 0 0 
6.57 0 0 0.02 1 0.0001 0.00015 0.32 528 31 1 2.48206e-314 0 0 0 
6.59 0 0 0.02 1 0.0001 0.00015 0.32 529 31 1 2.48206e-314 0 0 0 
6.61 0 0 0.02 1 0.0001 0.00015 0.32 530 31 1 2.48206e-314 0 0 0 
6.63 0 0 0.02 1 0.0001 0.00015 0.32 531 31 1 2.48206e-314 0 0 0 
6.65 0 0 0.02 1 0.0001 0.00015 0.32 532 31 1 2.48206e-314 0 0 0 
6.67 0 0 0.02 1 0.0001 0.00015 0.32 533 31 1 2.48206e-314 0 0 0 
6.69 0 0 0.02 1 0.0001 0.00015 0.32 534 31 1 2.48206e-314 0 0 0 
6.71 0 0 0.02 1 0.0001 0.00015 0.32 535 31 1 2.48206e-314 0 0 0 
6.73 0 0 0.02 1 0.0001 0.00015 0.32 536 31 1 2.48206e-314 0 0 0 
6.75 0 0 0.02 1 0.0001 0.00015 0.32 537 31 1 2.48206e-314 0 0 0 
6.77 0 0 0.02 1 0.0001 0.00015 0.32 538 31 1 2.48206e-314 0 0 0 
6.79 0 0 0.02 1 0.0001 0.00015 0.32 539 31 1 2.48206e-314 0 0 0 
6.81 0 0 0.02 1 0.0001 0.00015 0.32 540 31 1 2.48206e-314 0 0 0 
6.83 0 0 0.02 1 0.0001 0.00015 0.32 541 31 1 2.48206e-314 0 0 0 
6.85 0 0 0.02 1 0.0001 0.00015 0.32 542 31 1 2.48206e-314 0 0 0 
6.87 0 0 0.02 1 0.0001 0.00015 0.32 543 31 1 2.48206e-314 0 0 0 
6.89 0 0 0.02 1 0.0001 0.00015 0.32 544 31 1 2.48206e-314 0 0 0 
6.91 0 0 0.02 1 0.0001 0.00015 0.32 545 31 1 2.48206e-314 0 0 0 
6.93 0 0 0.02 1 0.0001 0.00015 0.32 546 31 1 2.48206e-314 0 0 0 
6.95 0 0 0.02 1 0.0001 0.00015 0.32 547 31 1 2.48206e-314 0 0 0 
6.97 0 0 0.02 1 0.0001 0.00015 0.32 548 31 1 2.48206e-314 0 0 0 
6.99 0 0 0.02 1 0.0001 0.00015 0.32 549 31 1 2.48206e-314 0 0 0 
7.01 0 0 0.02 1 0.0001 0.00015 0.32 550 31 1 2.48206e-314 0 0 0 
7.03 0 0 0.02 1 0.0001 0.00015 0.32 551 31 1 2.48206e-314 0 0 0 
7.05 0 0 0.02 1 0.0001 0.00015 0.32 552 31 1 2.48206e-314 0 0 0 
7.07 0 0 0.02 1 0.0001 0.00015 0.32 553 31 1 2.48206e-314 0 0 0 
7.09 0 0 0.02 1 0.0001 0.00015 0.32 554 31 1 2.48206e-314 0 0 0 
7.11 0 0 0.02 1 0.0001 0.00015 0.32 555 31 1 2.48206e-314 0 0 0 
7.13 0 0 0.02 1 0.0001 0.00015 0.32 556 31 1 2.48206e-314 0 0 0 
7.15 0 0 0.02 1 0.0001 0.00015 0.32 557 31 1 2.48206e-314 0 0 0 
7.17 0 0 0.02 1 0.0001 0.00015 0.32 558 31 1 2.48206e-314 0 0 0 
7.19 0 0 0.02 1 0.0001 0.00015 0.32 559 31 1 2.48206e-314 0 0 0 
7.21 0 0 0.02 1 0.0001 0.00015 0.32 560 31 1 2.48206e-314 0 0 0 
7.23 0 0 0.02 1 0.0001 0.00015 0.32 561 31 1 2.48206e-314 0 0 0 
7.25 0 0 0.02 1 0.0001 0.00015 0.32 562 31 1 2.48206e-314 0 0 0 
7.27 0 0 0.02 1 0.0001 0.00015 0.32 563 31 1 2.48206e-314 0 0 0 
7.29 0 0 0.02 1 0.0001 0.00015 0.32 564 31 1 2.48206e-314 0 0 0 
7.31 0 0 0.02 1 0.0001 0.00015 0.32 565 31 1 2.48206e-314 0 0 0 
7.33 0 0 0.02 1 0.0001 0.00015 0.32 566 31 1 2.48206e-314 0 0 0 
7.35 0 0 0.02 1 0.0001 0.00015 0.32 567 31 1 2.48206e-314 0 0 0 
7.37 -2.60779e-25 -2.11758e-22 0.02 1 0.0001 0.00015 0.32 568 31 1 2.48206e-314 0 0 0 
7.39 -1.7708e-24 -1.05879e-21 0.02 1 0.0001 0.00015 0.32 569 31 1 2.48206e-314 0 0 0 
7.41 -1.31568e-22 -1.05879e-20 0.02 1 0.0001 0.00015 0.32 570 31 1 2.48206e-314 0 0 0 
7.43 -9.22637e-22 -6.3104e-20 0.02 1 0.0001 0.00015 0.32 571 31 1 2.48206e-314 0 0 0 
7.45 -3.49736e-21 -2.3124e-19 0.02 1 0.0001 0.00015 0.32 572 31 1 2.48206e-314 0 0 0 
7.47 -9.7243e-21 -6.29769e-19 0.02 1 0.0001 0.00015 0.32 573 31 1 2.48206e-314 0 0 0 
7.49 -2.19168e-20 -1.41116e-18 0.02 1 0.0001 0.00015 0.32 574 31 1 2.48206e-314 0 0 0 
7.51 -4.42698e-20 -2.83756e-18 0.02 1 0.0001 0.00015 0.32 575 31 1 2.48206e-314 0 0 0 
7.53 -8.06442e-20 -5.14954e-18 0.02 1 0.0001 0.00015 0.32 576 31 1 2.48206e-314 0 0 0 
7.55 -1.35769e-19 -8.66557e-18 0.02 1 0.0001 0.00015 0.32 577 31 1 2.48206e-314 0 0 0 
7.57 -2.15605e-19 -1.37499e-17 0.02 1 0.0001 0.00015 0.32 578 31 1 2.48206e-314 0 0 0 
7.59 -3.21142e-19 -2.0452e-17 0.02 1 0.0001 0.00015 0.32 579 31 1 2.48206e-314 0 0 0 
7.61 -4.53704e-19 -2.88694e-17 0.02 1 0.0001 0.00015 0.32 580 31 1 2.48206e-314 0 0 0 
7.63 -6.0788e-19 -3.85796e-17 0.02 1 0.0001 0.00015 0.32 581 31 1 2.48206e-314 0 0 0 
7.65 -7.77107e-19 -4.93337e-17 0.02 1 0.0001 0.00015 0.32 582 31 1 2.48206e-314 0 0 0 
7.67 -9.47416e-19 -5.99909e-17 0.02 1 0.0001 0.00015 0.32 583 31 1 2.48206e-314 0 0 0 
7.69 -1.10062e-18 -6.97489e-17 0.02 1 0.0001 0.00015 0.32 584 31 1 2.48206e-314 0 0 0 
7.71 -1.06429e-18 -6.75509e-17 0.02 1 0.0001 0.00015 0.32 585 32 1 2.48206e-314 0 0 0 
7.73 -8.13828e-19 -5.15593e-17 0.02 1 0.0001 0.00015 0.32 586 32 1 2.48206e-314 0 0 0 
7.75 -3.28914e-19 -2.07532e-17 0.02 1 0.0001 0.00015 0.32 587 32 1 2.48206e-314 0 0 0 
7.77 3.96601e-19 2.52973e-17 0.02 1 0.0001 0.00015 0.32 588 32 1 2.48206e-314 0 0 0 
7.79 1.36041e-18 8.65348e-17 0.02 1 0.0001 0.00015 0.32 589 32 1 2.48206e-314 0 0 0 
7.81 2.55388e-18 1.62438e-16 0.02 1 0.0001 0.00015 0.32 590 32 1 2.48206e-314 0 0 0 
7.83 3.95541e-18 2.51318e-16 0.02 1 0.0001 0.00015 0.32 591 32 1 2.48206e-314 0 0 0 
7.85 5.53769e-18 3.51878e-16 0.02 1 0.0001 0.00015 0.32 592 32 1 2.48206e-314 0 0 0 
7.87 6.63514e-18 4.21599e-16 0.02 1 0.0001 0.00015 0.32 593 32 1 2.48206e-314 0 0 0 
7.89 7.21125e-18 4.58142e-16 0.02 1 0.0001 0.00015 0.32 594 32 1 2.48206e-314 0 0 0 
7.91 7.23015e-18 4.59275e-16 0.02 1 0.0001 0.00015 0.32 595 32 1 2.48206e-314 0 0 0 
7.93 6.67599e-18 4.2418e-16 0.02 1 0.0001 0.00015 0.32 596 32 1 2.48206e-314 0 0 0 
7.95 5.54811e-18 3.52587e-16 0.02 1 0.0001 0.00015 0.32 597 33 1 2.48206e-314 0 0 0 
7.97 3.86086e-18 2.45219e-16 0.02 1 0.0001 0.00015 0.32 598 33 1 2.48206e-314 0 0 0 
7.99 1.62277e-18 1.03115e-16 0.02 1 0.0001 0.00015 0.32 599 33 1 2.48206e-314 0 0 0 
-4.01 0 0.968173 0.02 0.999998 9999.98 15000 0.320001 600 32 1 3.03136e-314 0 0 0 
-4.03 0 5.87478 0.02 0.999998 9999.98 15000 0.320001 601 32 1 3.03136e-314 0 0 0 
-4.05 0 32.3913 0.02 0.999998 9999.98 15000 0.32 602 32 1 3.03136e-314 0 0 0 
-4.07 0 97.4069 0.02 0.999999 9999.99 15000 0.32 603 32 1 3.03136e-314 0 0 0 
-4.09 0 220.637 0.02 0.999999 9999.99 15000 0.32 604 32 1 3.03136e-314 0 0 0 
-4.11 0 435.235 0.02 0.999999 9999.99 15000 0.32 605 32 1 3.03136e-314 0 0 0 
-4.13 0 784.636 0.02 1 10000 15000 0.32 606 32 1 3.03136e-314 0 0 0 
-4.15 0 1344.48 0.02 1 10000 15000 0.32 607 32 1 3.03136e-314 0 0 0 
-4.17 0 2290.62 0.02 1 10000 15000 0.32 608 32 1 3.03136e-314 0 0 0 
-4.19 0 3616.94 0.02 1 10000 15000 0.32 609 32 1 3.03136e-314 0 0 0 
-4.21 0 5195.7 0.02 1 10000 15000 0.32 610 32 1 3.03136e-314 0 0 0 
-4.23 0 6894.71 0.02 1 10000 15000 0.32 611 32 1 3.03136e-314 0 0 0 
-4.25 0 8574.97 0.02 1 10000 15000 0.32 612 32 1 3.03136e-314 0 0 0 
-4.27 0 10087.8 0.02 1 10000 15000 0.32 613 32 1 3.03136e-314 0 0 0 
-4.29 0 11271.5 0.02 1 10000 15000 0.32 614 32 1 3.03136e-314 0 0 0 
-4.31 0 11945.9 0.02 1 10000 15000 0.32 615 31 1 3.03136e-314 0 0 0 
-4.33 0 11898.3 0.02 1 10000 15000 0.32 616 31 1 3.03136e-314 0 0 0 
-4.35 0 10568.1 0.02 0.999959 9999.59 15000 0.320013 617 31 1 3.03136e-314 0 0 0 
-4.37 0 7252.01 0.02 0.999631 9996.31 15000 0.320118 618 30 1 3.03136e-314 0 0 0 
-4.39 0 2132.62 0.02 0.998503 9985.03 15000 0.32048 619 29 1 3.03136e-314 0 0 0 
-4.41 0 -4512.17 0.02 0.995748 9957.48 15000 0.321366 620 28 1 3.03136e-314 0 0 0 
-4.43 0 -12400.6 0.02 0.990126 9901.26 15000 0.323191 621 27 1 3.03136e-314 0 0 0 
-4.45 0 -21257.3 0.02 0.979822 9798.22 15000 0.32659 622 26 1 3.03136e-314 0 0 0 
-4.47 0 -30832.5 0.02 0.962228 9622.28 15000 0.332561 623 25 1 3.03136e-314 0 0 0 
-4.49 0 -40888 0.02 0.933731 9337.31 15000 0.342711 624 25 1 3.03136e-314 0 0 0 
-4.51 0 -50859.8 0.02 0.890771 8907.71 15000 0.359239 625 24 1 3.03136e-314 0 0 0 
-4.53 0 -59973.5 0.02 0.832895 8328.95 15000 0.384202 626 25 1 3.03136e-314 0 0 0 
-4.55 0 -67510.9 0.02 0.764751 7647.51 15000 0.418437 627 25 1 3.03136e-314 0 0 0 
-4.57 0 -73025.8 0.02 0.6944 6944 15000 0.460829 628 27 1 3.03136e-314 0 0 0 
-4.59 0 -76508.9 0.02 0.62873 6287.3 15000 0.508962 629 28 1 3.03136e-314 0 0 0 
-4.61 0 -78250 0.02 0.571028 5710.28 15000 0.560393 630 30 1 3.03136e-314 0 0 0 
-4.63 0 -78627.5 0.02 0.521739 5217.39 15000 0.613333 631 31 1 3.03136e-314 0 0 0 
8.01 0 -7.14701e-17 0.02 1 0.0001 0.00015 0.32 632 33 1 3.03136e-314 0 0 0 
8.03 0 -5.06339e-08 0.02 1 0.0001 0.00015 0.32 633 33 1 3.03136e-314 0 0 0 
8.05 0 -3.17263e-07 0.02 1 0.0001 0.00015 0.32 634 33 1 3.03136e-314 0 0 0 
8.07 0 -9.68767e-07 0.02 1 0.0001 0.00015 0.32 635 33 1 3.03136e-314 0 0 0 
8.09 0 -2.20229e-06 0.02 1 0.0001 0.00015 0.32 636 32 1 3.03136e-314 0 0 0 
8.11 0 -4.34936e-06 0.02 1 0.0001 0.00015 0.32 637 32 1 3.03136e-314 0 0 0 
8.13 0 -7.84431e-06 0.02 1 0.0001 0.00015 0.32 638 32 1 3.03136e-314 0 0 0 
8.15 0 -1.34436e-05 0.02 1 0.0001 0.00015 0.32 639 32 1 3.03136e-314 0 0 0 
8.17 0 -2.29056e-05 0.02 1 0.0001 0.00015 0.32 640 32 1 3.03136e-314 0 0 0 
8.19 0 -3.61693e-05 0.02 1 0.0001 0.00015 0.32 641 32 1 3.03136e-314 0 0 0 
8.21 0 -5.19572e-05 0.02 1 0.0001 0.00015 0.32 642 32 1 3.03136e-314 0 0 0 
8.23 0 -6.89475e-05 0.02 1 0.0001 0.00015 0.32 643 32 1 3.03136e-314 0 0 0 
8.25 0 -8.57501e-05 0.02 1 0.0001 0.00015 0.32 644 32 1 3.03136e-314 0 0 0 
8.27 0 -0.000100878 0.02 1 0.0001 0.00015 0.32 645 32 1 3.03136e-314 0 0 0 
8.29 0 -0.000112715 0.02 1 0.0001 0.00015 0.32 646 31 1 3.03136e-314 0 0 0 
8.31 0 -0.000119459 0.02 1 0.0001 0.00015 0.32 647 31 1 3.03136e-314 0 0 0 
8.33 0 -0.000118983 0.02 1 0.0001 0.00015 0.32 648 31 1 3.03136e-314 0 0 0 
8.35 0 -0.000105681 0.02 0.999959 9.99959e-05 0.00015 0.320013 649 31 1 3.03136e-314 0 0 0 
8.37 0 -7.25203e-05 0.02 0.999631 9.99631e-05 0.00015 0.320118 650 30 1 3.03136e-314 0 0 0 
8.39 0 -2.13263e-05 0.02 0.998503 9.98503e-05 0.00015 0.32048 651 29 1 3.03136e-314 0 0 0 
8.41 0 4.51216e-05 0.02 0.995748 9.95748e-05 0.00015 0.321366 652 28 1 3.03136e-314 0 0 0 
8.43 0 0.000124006 0.02 0.990126 9.90126e-05 0.00015 0.323191 653 27 1 3.03136e-314 0 0 0 
8.45 0 0.000212573 0.02 0.979822 9.79822e-05 0.00015 0.32659 654 26 1 3.03136e-314 0 0 0 
8.47 0 0.000308325 0.02 0.962228 9.62228e-05 0.00015 0.332561 655 25 1 3.03136e-314 0 0 0 
8.49 0 0.00040888 0.02 0.933731 9.33731e-05 0.00015 0.342711 656 25 1 3.03136e-314 0 0 0 
8.51 0 0.000508598 0.02 0.890771 8.90771e-05 0.00015 0.359239 657 24 1 3.03136e-314 0 0 0 
8.53 0 0.000599735 0.02 0.832895 8.32895e-05 0.00015 0.384202 658 25 1 3.03136e-314 0 0 0 
8.55 0 0.000675109 0.02 0.764751 7.64751e-05 0.00015 0.418437 659 25 1 3.03136e-314 0 0 0 
8.57 0 0.000730258 0.02 0.6944 6.944e-05 0.00015 0.460829 660 27 1 3.03136e-314 0 0 0 
8.59 0 0.000765089 0.02 0.62873 6.2873e-05 0.00015 0.508962 661 28 1 3.03136e-314 0 0 0 
8.61 0 0.0007825 0.02 0.571028 5.71028e-05 0.00015 0.560393 662 30 1 3.03136e-314 0 0 0 
8.63 0 0.000786275 0.02 0.521739 5.21739e-05 0.00015 0.613333 663 31 1 3.03136e-314 0 0 0 
