# Time [s]: 0.0143874
# Columns: pos [m], vel [m/s], acc [m/s^2], mass [kg], dens [kg/m^3], pres [Pa], ene [J/kg], sml [m], id, neighbor, alpha, gradh, ...additional?
# Additional arrays: grad_velocity_0(vector) grad_pressure(vector) grad_density(vector) 
-3.99 1.29133e-05 0.0513226 0.02 1 10000 15000 0.32 0 32 1 2.48207e-314 0 0 0 
-3.97 1.85582e-05 0.0655745 0.02 1 10000 15000 0.32 1 32 1 2.48207e-314 0 0 0 
-3.95 2.56771e-05 0.0831152 0.02 1 10000 15000 0.32 2 32 1 2.48207e-314 0 0 0 
-3.93 3.46599e-05 0.104656 0.02 1 9999.99 15000 0.32 3 32 1 2.48207e-314 0 0 0 
-3.91 4.59751e-05 0.131027 0.02 1 9999.99 15000 0.32 4 32 1 2.48207e-314 0 0 0 
-3.89 6.01851e-05 0.163202 0.02 1 9999.99 15000 0.32 5 32 1 2.48207e-314 0 0 0 
-3.87 7.79636e-05 0.202311 0.02 0.999999 9999.99 15000 0.32 6 32 1 2.48207e-314 0 0 0 
-3.85 0.000100115 0.249674 0.02 0.999999 9999.98 15000 0.32 7 32 1 2.48207e-314 0 0 0 
-3.83 0.000127597 0.306824 0.02 0.999999 9999.98 15000 0.32 8 32 1 2.48207e-314 0 0 0 
-3.81 0.000161638 0.375507 0.02 0.999999 9999.97 15000 0.32 9 32 1 2.48207e-314 0 0 0 
-3.79 0.000203571 0.457736 0.02 0.999998 9999.97 15000 0.32 10 32 1 2.48207e-314 0 0 0 
-3.77 0.000254976 0.555839 0.02 0.999998 9999.96 15000 0.320001 11 32 1 2.48207e-314 0 0 0 
-3.75 0.000317713 0.672502 0.02 0.999998 9999.95 15000 0.320001 12 32 1 2.48207e-314 0 0 0 
-3.73 0.000393973 0.810811 0.02 0.999997 9999.94 14999.9 0.320001 13 32 1 2.48207e-314 0 0 0 
-3.71 0.00048632 0.974301 0.02 0.999996 9999.93 14999.9 0.320001 14 32 1 2.48207e-314 0 0 0 
-3.69 0.000597751 1.16701 0.02 0.999996 9999.91 14999.9 0.320001 15 32 1 2.48207e-314 0 0 0 
-3.67 0.000731758 1.39354 0.02 0.999995 9999.89 14999.9 0.320002 16 32 1 2.48207e-314 0 0 0 
-3.65 0.000892376 1.65912 0.02 0.999994 9999.87 14999.9 0.320002 17 32 1 2.48207e-314 0 0 0 
-3.63 0.00108431 1.96968 0.02 0.999992 9999.84 14999.9 0.320002 18 32 1 2.48207e-314 0 0 0 
-3.61 0.00131299 2.3319 0.02 0.999991 9999.81 14999.8 0.320003 19 32 1 2.48207e-314 0 0 0 
-3.59 0.00158469 2.75331 0.02 0.999989 9999.77 14999.8 0.320004 20 32 1 2.48207e-314 0 0 0 
-3.57 0.00190661 3.24237 0.02 0.999987 9999.73 14999.8 0.320004 21 32 1 2.48207e-314 0 0 0 
-3.55 0.002287 3.80855 0.02 0.999984 9999.67 14999.7 0.320005 22 32 1 2.48207e-314 0 0 0 
-3.53 0.00273533 4.46242 0.02 0.999981 9999.61 14999.7 0.320006 23 32 1 2.48207e-314 0 0 0 
-3.51 0.00326237 5.21578 0.02 0.999977 9999.54 14999.6 0.320007 24 32 1 2.48207e-314 0 0 0 
-3.49 0.00388042 6.08171 0.02 0.999973 9999.46 14999.6 0.320009 25 32 1 2.48207e-314 0 0 0 
-3.47 0.00460342 7.07473 0.02 0.999968 9999.36 14999.5 0.32001 26 32 1 2.48207e-314 0 0 0 
-3.45 0.00544719 8.21087 0.02 0.999963 9999.25 14999.4 0.320012 27 32 1 2.48207e-314 0 0 0 
-3.43 0.00642959 9.5078 0.02 0.999956 9999.11 14999.3 0.320014 28 32 1 2.48207e-314 0 0 0 
-3.41 0.00757079 10.9849 0.02 0.999948 9998.96 14999.2 0.320017 29 32 1 2.48207e-314 0 0 0 
-3.38999 0.00889347 12.6635 0.02 0.999939 9998.79 14999.1 0.320019 30 32 1 2.48207e-314 0 0 0 
-3.36999 0.0104231 14.5668 0.02 0.999929 9998.58 14998.9 0.320023 31 32 1 2.48207e-314 0 0 0 
-3.34999 0.0121881 16.7202 0.02 0.999917 9998.35 14998.7 0.320026 32 32 1 2.48207e-314 0 0 0 
-3.32999 0.0142204 19.151 0.02 0.999904 9998.08 14998.5 0.320031 33 32 1 2.48207e-314 0 0 0 
-3.30999 0.0165555 21.8891 0.02 0.999888 9997.77 14998.3 0.320036 34 32 1 2.48207e-314 0 0 0 
-3.28999 0.0192328 24.9666 0.02 0.99987 9997.42 14998 0.320042 35 32 1 2.48207e-314 0 0 0 
-3.26999 0.0222961 28.4181 0.02 0.99985 9997.02 14997.7 0.320048 36 32 1 2.48207e-314 0 0 0 
-3.24998 0.0257937 32.2806 0.02 0.999826 9996.57 14997.4 0.320056 37 32 1 2.48207e-314 0 0 0 
-3.22998 0.0297792 36.5937 0.02 0.9998 9996.05 14997 0.320064 38 32 1 2.48207e-314 0 0 0 
-3.20998 0.0343114 41.3997 0.02 0.999769 9995.46 14996.6 0.320074 39 32 1 2.48207e-314 0 0 0 
-3.18997 0.0394549 46.7434 0.02 0.999735 9994.8 14996.1 0.320085 40 32 1 2.48207e-314 0 0 0 
-3.16997 0.0452805 52.672 0.02 0.999696 9994.05 14995.5 0.320097 41 32 1 2.48207e-314 0 0 0 
-3.14996 0.0518658 59.2357 0.02 0.999653 9993.2 14994.9 0.320111 42 32 1 2.48207e-314 0 0 0 
-3.12996 0.0592951 66.4866 0.02 0.999603 9992.25 14994.2 0.320127 43 32 1 2.48207e-314 0 0 0 
-3.10995 0.0676603 74.4798 0.02 0.999547 9991.18 14993.4 0.320145 44 32 1 2.48207e-314 0 0 0 
-3.08994 0.0770611 83.2722 0.02 0.999485 9989.98 14992.5 0.320165 45 32 1 2.48207e-314 0 0 0 
-3.06993 0.0876054 92.923 0.02 0.999415 9988.63 14991.6 0.320187 46 32 1 2.48207e-314 0 0 0 
-3.04992 0.0994096 103.493 0.02 0.999336 9987.13 14990.5 0.320213 47 32 1 2.48207e-314 0 0 0 
-3.02991 0.112599 115.046 0.02 0.999249 9985.45 14989.3 0.320241 48 32 1 2.48207e-314 0 0 0 
-3.00989 0.127309 127.645 0.02 0.999151 9983.59 14987.9 0.320272 49 32 1 2.48207e-314 0 0 0 
-2.98988 0.143683 141.355 0.02 0.999042 9981.52 14986.4 0.320307 50 32 1 2.48207e-314 0 0 0 
-2.96986 0.161875 156.242 0.02 0.998921 9979.22 14984.8 0.320346 51 32 1 2.48207e-314 0 0 0 
-2.94984 0.182051 172.373 0.02 0.998787 9976.68 14982.9 0.320389 52 32 1 2.48207e-314 0 0 0 
-2.92982 0.204383 189.814 0.02 0.998638 9973.86 14980.9 0.320436 53 32 1 2.48207e-314 0 0 0 
-2.90979 0.229059 208.63 0.02 0.998474 9970.76 14978.7 0.320489 54 32 1 2.48207e-314 0 0 0 
-2.88976 0.256273 228.886 0.02 0.998292 9967.35 14976.3 0.320547 55 32 1 2.48207e-314 0 0 0 
-2.86973 0.286231 250.645 0.02 0.998092 9963.6 14973.6 0.320612 56 32 1 2.48207e-314 0 0 0 
-2.8497 0.319152 273.967 0.02 0.997873 9959.48 14970.7 0.320682 57 32 1 2.48207e-314 0 0 0 
-2.82966 0.355261 298.91 0.02 0.997632 9954.97 14967.5 0.32076 58 32 1 2.48207e-314 0 0 0 
-2.80961 0.394797 325.53 0.02 0.997368 9950.04 14964.1 0.320845 59 32 1 2.48207e-314 0 0 0 
-2.78956 0.438007 353.876 0.02 0.997079 9944.66 14960.3 0.320938 60 32 1 2.48207e-314 0 0 0 
-2.7695 0.485149 383.997 0.02 0.996763 9938.79 14956.2 0.321039 61 32 1 2.48207e-314 0 0 0 
-2.74944 0.536491 415.932 0.02 0.99642 9932.42 14951.7 0.32115 62 32 1 2.48207e-314 0 0 0 
-2.72937 0.592307 449.717 0.02 0.996045 9925.5 14946.9 0.32127 63 32 1 2.48207e-314 0 0 0 
-2.7093 0.652882 485.383 0.02 0.995639 9917.99 14941.7 0.321402 64 32 1 2.48207e-314 0 0 0 
-2.68921 0.718508 522.952 0.02 0.995198 9909.88 14936 0.321544 65 32 1 2.48207e-314 0 0 0 
-2.66912 0.789483 562.439 0.02 0.994721 9901.11 14929.9 0.321698 66 32 1 2.48207e-314 0 0 0 
-2.64902 0.866113 603.854 0.02 0.994205 9891.66 14923.4 0.321865 67 32 1 2.48207e-314 0 0 0 
-2.6289 0.948708 647.195 0.02 0.993649 9881.48 14916.4 0.322045 68 32 1 2.48207e-314 0 0 0 
-2.60878 1.03758 692.455 0.02 0.993049 9870.55 14908.8 0.32224 69 32 1 2.48207e-314 0 0 0 
-2.58864 1.13306 739.618 0.02 0.992405 9858.82 14900.8 0.322449 70 32 1 2.48207e-314 0 0 0 
-2.56849 1.23545 788.657 0.02 0.991712 9846.25 14892.2 0.322674 71 32 1 2.48207e-314 0 0 0 
-2.54833 1.34508 839.538 0.02 0.99097 9832.82 14883 0.322916 72 32 1 2.48207e-314 0 0 0 
-2.52815 1.46228 892.219 0.02 0.990176 9818.48 14873.2 0.323175 73 32 1 2.48207e-314 0 0 0 
-2.50795 1.58736 946.647 0.02 0.989327 9803.2 14862.8 0.323452 74 32 1 2.48207e-314 0 0 0 
-2.48774 1.72064 1002.76 0.02 0.988421 9786.93 14851.7 0.323749 75 32 1 2.48207e-314 0 0 0 
-2.46751 1.86244 1060.49 0.02 0.987456 9769.66 14839.9 0.324065 76 32 1 2.48207e-314 0 0 0 
-2.44726 2.01308 1119.77 0.02 0.98643 9751.33 14827.5 0.324402 77 32 1 2.48207e-314 0 0 0 
-2.42699 2.17285 1180.49 0.02 0.98534 9731.93 14814.4 0.324761 78 32 1 2.48207e-314 0 0 0 
-2.40669 2.34207 1242.58 0.02 0.984184 9711.41 14800.5 0.325143 79 32 1 2.48207e-314 0 0 0 
-2.38637 2.52101 1305.94 0.02 0.98296 9689.75 14785.9 0.325547 80 32 1 2.48207e-314 0 0 0 
-2.36603 2.70997 1370.44 0.02 0.981665 9666.92 14770.5 0.325977 81 32 1 2.48207e-314 0 0 0 
-2.34566 2.90922 1436 0.02 0.980299 9642.88 14754.3 0.326431 82 32 1 2.48207e-314 0 0 0 
-2.32526 3.11902 1502.48 0.02 0.978858 9617.62 14737.3 0.326911 83 32 1 2.48207e-314 0 0 0 
-2.30483 3.33962 1569.78 0.02 0.977342 9591.11 14719.5 0.327419 84 32 1 2.48207e-314 0 0 0 
-2.28436 3.57127 1637.75 0.02 0.975747 9563.33 14700.8 0.327954 85 32 1 2.48207e-314 0 0 0 
-2.26387 3.8142 1706.28 0.02 0.974073 9534.26 14681.3 0.328517 86 32 1 2.48207e-314 0 0 0 
-2.24333 4.06861 1775.23 0.02 0.972318 9503.88 14661 0.32911 87 32 1 2.48207e-314 0 0 0 
-2.22276 4.3347 1844.48 0.02 0.970481 9472.18 14639.8 0.329733 88 32 1 2.48207e-314 0 0 0 
-2.20215 4.61266 1913.89 0.02 0.968559 9439.14 14617.6 0.330388 89 32 1 2.48207e-314 0 0 0 
-2.1815 4.90267 1983.32 0.02 0.966552 9404.75 14594.7 0.331074 90 32 1 2.48207e-314 0 0 0 
-2.16081 5.20486 2052.64 0.02 0.964459 9369.01 14570.8 0.331792 91 32 1 2.48207e-314 0 0 0 
-2.14007 5.5194 2121.73 0.02 0.962279 9331.91 14546 0.332544 92 32 1 2.48207e-314 0 0 0 
-2.11928 5.84639 2190.45 0.02 0.96001 9293.45 14520.3 0.33333 93 32 1 2.48207e-314 0 0 0 
-2.09844 6.18594 2258.67 0.02 0.957653 9253.62 14493.6 0.33415 94 32 1 2.48207e-314 0 0 0 
-2.07755 6.53816 2326.27 0.02 0.955206 9212.44 14466.1 0.335006 95 32 1 2.48207e-314 0 0 0 
-2.0566 6.90311 2393.13 0.02 0.952669 9169.89 14437.7 0.335899 96 32 1 2.48207e-314 0 0 0 
-2.0356 7.28085 2459.12 0.02 0.950041 9126 14408.3 0.336827 97 32 1 2.48207e-314 0 0 0 
-2.01454 7.67143 2524.14 0.02 0.947323 9080.77 14378.1 0.337794 98 32 1 2.48207e-314 0 0 0 
-1.99341 8.07488 2588.06 0.02 0.944515 9034.22 14346.9 0.338798 99 32 1 2.48207e-314 0 0 0 
-1.97222 8.4912 2650.78 0.02 0.941616 8986.35 14314.9 0.339841 100 32 1 2.48207e-314 0 0 0 
-1.95097 8.9204 2712.2 0.02 0.938627 8937.18 14281.9 0.340923 101 32 1 2.48207e-314 0 0 0 
-1.92965 9.36247 2772.22 0.02 0.935548 8886.74 14248.1 0.342045 102 32 1 2.48207e-314 0 0 0 
-1.90825 9.81737 2830.74 0.02 0.93238 8835.05 14213.4 0.343208 103 32 1 2.48207e-314 0 0 0 
-1.88678 10.2851 2887.67 0.02 0.929123 8782.12 14177.8 0.344411 104 32 1 2.48207e-314 0 0 0 
-1.86524 10.7655 2942.92 0.02 0.925777 8727.99 14141.3 0.345655 105 32 1 2.48207e-314 0 0 0 
-1.84361 11.2585 2996.42 0.02 0.922345 8672.68 14104 0.346942 106 32 1 2.48207e-314 0 0 0 
-1.82191 11.7642 3048.08 0.02 0.918826 8616.22 14065.9 0.34827 107 32 1 2.48207e-314 0 0 0 
-1.80012 12.2823 3097.83 0.02 0.915223 8558.64 14027 0.349642 108 32 1 2.48207e-314 0 0 0 
-1.77824 12.8127 3145.59 0.02 0.911535 8499.98 13987.2 0.351056 109 32 1 2.48207e-314 0 0 0 
-1.75627 13.3554 3191.31 0.02 0.907766 8440.27 13946.7 0.352514 110 32 1 2.48207e-314 0 0 0 
-1.73421 13.9102 3234.91 0.02 0.903915 8379.55 13905.3 0.354016 111 32 1 2.48207e-314 0 0 0 
-1.71205 14.4768 3276.33 0.02 0.899984 8317.85 13863.3 0.355562 112 32 1 2.48207e-314 0 0 0 
-1.68979 15.0552 3315.51 0.02 0.895976 8255.21 13820.5 0.357152 113 32 1 2.48207e-314 0 0 0 
-1.66743 15.6452 3352.38 0.02 0.891893 8191.69 13776.9 0.358788 114 32 1 2.48207e-314 0 0 0 
-1.64497 16.2465 3386.89 0.02 0.887735 8127.3 13732.7 0.360468 115 32 1 2.48207e-314 0 0 0 
-1.6224 16.859 3418.98 0.02 0.883506 8062.12 13687.8 0.362194 116 32 1 2.48207e-314 0 0 0 
-1.59972 17.4824 3448.6 0.02 0.879206 7996.17 13642.2 0.363965 117 32 1 2.48207e-314 0 0 0 
-1.57693 18.1166 3475.7 0.02 0.87484 7929.5 13596.1 0.365781 118 32 1 2.48207e-314 0 0 0 
-1.55403 18.7611 3500.22 0.02 0.870408 7862.16 13549.3 0.367644 119 32 1 2.48207e-314 0 0 0 
-1.531 19.4159 3522.13 0.02 0.865914 7794.21 13501.9 0.369552 120 32 1 2.48207e-314 0 0 0 
-1.50785 20.0804 3541.35 0.02 0.86136 7725.68 13454 0.371506 121 32 1 2.48207e-314 0 0 0 
-1.48458 20.7546 3557.85 0.02 0.856748 7656.64 13405.5 0.373505 122 32 1 2.48207e-314 0 0 0 
-1.46118 21.4379 3571.55 0.02 0.852082 7587.13 13356.6 0.375551 123 32 1 2.48207e-314 0 0 0 
-1.43765 22.13 3582.4 0.02 0.847365 7517.2 13307.2 0.377641 124 32 1 2.48207e-314 0 0 0 
-1.41399 22.8305 3590.33 0.02 0.8426 7446.91 13257.4 0.379777 125 32 1 2.48207e-314 0 0 0 
-1.39019 23.5391 3595.28 0.02 0.837789 7376.32 13207.1 0.381958 126 32 1 2.48207e-314 0 0 0 
-1.36625 24.2554 3597.19 0.02 0.832937 7305.49 13156.5 0.384183 127 32 1 2.48207e-314 0 0 0 
-1.34217 24.9789 3595.98 0.02 0.828047 7234.46 13105.6 0.386451 128 32 1 2.48207e-314 0 0 0 
-1.31795 25.7092 3591.61 0.02 0.823123 7163.31 13054.3 0.388763 129 32 1 2.48207e-314 0 0 0 
-1.29357 26.4457 3584.03 0.02 0.818168 7092.08 13002.8 0.391118 130 32 1 2.48207e-314 0 0 0 
-1.26905 27.188 3573.18 0.02 0.813185 7020.84 12951.1 0.393514 131 32 1 2.48207e-314 0 0 0 
-1.24438 27.9355 3559.01 0.02 0.80818 6949.65 12899.2 0.395951 132 32 1 2.48207e-314 0 0 0 
-1.21955 28.6875 3541.47 0.02 0.803155 6878.58 12847.2 0.398428 133 32 1 2.48207e-314 0 0 0 
-1.19456 29.4434 3520.5 0.02 0.798116 6807.67 12795 0.400944 134 32 1 2.48207e-314 0 0 0 
-1.16942 30.2024 3496.01 0.02 0.793066 6736.99 12742.9 0.403497 135 32 1 2.48207e-314 0 0 0 
-1.14411 30.9637 3467.92 0.02 0.788011 6666.62 12690.7 0.406086 136 32 1 2.48207e-314 0 0 0 
-1.11864 31.7267 3436.15 0.02 0.782955 6596.61 12638.5 0.408708 137 32 1 2.48207e-314 0 0 0 
-1.093 32.4904 3400.62 0.02 0.777902 6527.03 12586.4 0.411363 138 32 1 2.48207e-314 0 0 0 
-1.06719 33.2543 3361.26 0.02 0.772858 6457.95 12534.5 0.414047 139 32 1 2.48207e-314 0 0 0 
-1.04121 34.0176 3318.05 0.02 0.767829 6389.44 12482.8 0.41676 140 32 1 2.48207e-314 0 0 0 
-1.01505 34.7794 3270.97 0.02 0.762818 6321.57 12431.4 0.419497 141 32 1 2.48207e-314 0 0 0 
-0.988725 35.539 3220.07 0.02 0.75783 6254.41 12380.2 0.422258 142 32 1 2.48207e-314 0 0 0 
-0.962221 36.2954 3165.43 0.02 0.75287 6188.01 12329.5 0.42504 143 32 1 2.48207e-314 0 0 0 
-0.935542 37.0476 3107.12 0.02 0.747942 6122.45 12279.3 0.42784 144 32 1 2.48207e-314 0 0 0 
-0.908685 37.7943 3045.23 0.02 0.743052 6057.79 12229.6 0.430656 145 32 1 2.48207e-314 0 0 0 
-0.881652 38.5343 2979.84 0.02 0.738202 5994.09 12180.5 0.433486 146 32 1 2.48207e-314 0 0 0 
-0.854441 39.266 2910.97 0.02 0.733398 5931.41 12132.1 0.436325 147 32 1 2.48207e-314 0 0 0 
-0.827051 39.9883 2838.65 0.02 0.728646 5869.82 12084.4 0.439171 148 32 1 2.48207e-314 0 0 0 
-0.799482 40.6999 2762.88 0.02 0.723949 5809.4 12037.6 0.44202 149 32 1 2.48207e-314 0 0 0 
-0.771731 41.3999 2683.71 0.02 0.719313 5750.22 11991.8 0.444869 150 32 1 2.48207e-314 0 0 0 
-0.743798 42.0874 2601.25 0.02 0.714743 5692.35 11947 0.447713 151 32 1 2.48207e-314 0 0 0 
-0.715683 42.762 2515.73 0.02 0.710243 5635.88 11903.4 0.45055 152 32 1 2.48207e-314 0 0 0 
-0.687386 43.4233 2427.53 0.02 0.705814 5580.89 11861.2 0.453377 153 32 1 2.48207e-314 0 0 0 
-0.658909 44.071 2337.2 0.02 0.70146 5527.43 11820.5 0.456191 154 32 1 2.48207e-314 0 0 0 
-0.630254 44.7043 2245.37 0.02 0.697179 5475.58 11781.5 0.458992 155 32 1 2.48207e-314 0 0 0 
-0.601425 45.3223 2152.76 0.02 0.692973 5425.38 11744.4 0.461779 156 32 1 2.48207e-314 0 0 0 
-0.572427 45.9234 2060.05 0.02 0.688839 5376.88 11709.2 0.46455 157 32 1 2.48207e-314 0 0 0 
-0.543264 46.5058 1967.81 0.02 0.684779 5330.14 11676.2 0.467304 158 32 1 2.48207e-314 0 0 0 
-0.513936 47.0675 1876.41 0.02 0.680793 5285.21 11645.6 0.47004 159 32 1 2.48207e-314 0 0 0 
-0.484445 47.6069 1786.04 0.02 0.676885 5242.17 11617.4 0.472754 160 32 1 2.48207e-314 0 0 0 
-0.454789 48.1231 1696.74 0.02 0.673058 5201.11 11591.9 0.475442 161 32 1 2.48207e-314 0 0 0 
-0.424963 48.6163 1608.49 0.02 0.669317 5162.14 11569.4 0.4781 162 32 1 2.48207e-314 0 0 0 
-0.394962 49.0882 1521.3 0.02 0.665665 5125.39 11550 0.480722 163 32 1 2.48207e-314 0 0 0 
-0.364779 49.5414 1435.41 0.02 0.662106 5091 11534.1 0.483306 164 32 1 2.48207e-314 0 0 0 
-0.334415 49.9795 1351.36 0.02 0.658641 5059.08 11522.1 0.485849 165 32 1 2.48207e-314 0 0 0 
-0.303872 50.4052 1270.04 0.02 0.655269 5029.76 11514.2 0.488349 166 32 1 2.48207e-314 0 0 0 
-0.273164 50.8201 1192.65 0.02 0.651989 5003.13 11510.9 0.490806 167 32 1 2.48207e-314 0 0 0 
-0.242312 51.2232 1120.74 0.02 0.648803 4979.26 11512.1 0.493216 168 32 1 2.48207e-314 0 0 0 
-0.21134 51.6123 1055.51 0.02 0.64572 4958.21 11518.2 0.495571 169 32 1 2.48207e-314 0 0 0 
-0.180265 51.9839 997.736 0.02 0.642752 4940.05 11529 0.497859 170 32 1 2.48207e-314 0 0 0 
-0.149091 52.3344 947.562 0.02 0.639917 4924.82 11544.3 0.500064 171 32 1 2.48207e-314 0 0 0 
-0.117802 52.661 904.18 0.02 0.637241 4912.59 11563.9 0.502165 172 32 1 2.48207e-314 0 0 0 
-0.0863705 52.962 865.777 0.02 0.634755 4903.45 11587.6 0.504132 173 32 1 2.48207e-314 0 0 0 
-0.054762 53.2395 831.23 0.02 0.632498 4897.54 11614.9 0.505931 174 32 1 2.48207e-314 0 0 0 
-0.0229454 53.5005 797.635 0.02 0.63052 4895.03 11645.3 0.507518 175 33 1 2.48207e-314 0 0 0 
0.00909054 53.7529 762.633 0.02 0.628878 4896.06 11678.2 0.508843 176 33 1 2.48207e-314 0 0 0 
0.041302 54.002 725.287 0.02 0.627636 4900.71 11712.4 0.509849 177 33 1 2.48207e-314 0 0 0 
0.0736111 54.2503 685.898 0.02 0.626863 4908.9 11746.4 0.510478 178 33 1 2.48207e-314 0 0 0 
0.105951 54.5031 646.608 0.02 0.626626 4920.4 11778.4 0.510671 179 33 1 2.48207e-314 0 0 0 
0.138242 54.7565 607.341 0.02 0.627004 4934.81 11805.7 0.510363 180 34 1 2.48207e-314 0 0 0 
0.170389 54.992 569.511 0.02 0.628092 4951.55 11825.3 0.509479 181 34 1 2.48207e-314 0 0 0 
0.202299 55.1875 538.987 0.02 0.630007 4969.8 11832.8 0.507931 182 34 1 2.48207e-314 0 0 0 
0.234036 55.3744 523.493 0.02 0.632879 4988.7 11823.9 0.505626 183 34 1 2.48207e-314 0 0 0 
0.265929 55.5626 513.088 0.02 0.636863 5007.39 11793.9 0.502463 184 34 1 2.48207e-314 0 0 0 
0.297974 55.7265 506.496 0.02 0.642157 5024.5 11736.7 0.498321 185 35 1 2.48207e-314 0 0 0 
0.330039 55.8471 501.971 0.02 0.64899 5038.39 11645.2 0.493074 186 36 1 2.48207e-314 0 0 0 
0.362117 55.8998 494.293 0.02 0.657664 5047.39 11512.2 0.48657 187 37 1 2.48207e-314 0 0 0 
0.393627 55.8384 479.596 0.02 0.668319 5049.14 11332.6 0.478813 188 37 1 2.48207e-314 0 0 0 
0.424134 55.744 467.793 0.02 0.681023 5042.41 11106.4 0.469882 189 38 1 2.48207e-314 0 0 0 
0.453971 55.7142 446.941 0.02 0.696115 5027.4 10833.4 0.459694 190 39 1 2.48207e-314 0 0 0 
0.483284 55.7652 418.533 0.02 0.713907 5002.62 10511.4 0.448237 191 41 1 2.48207e-314 0 0 0 
0.512127 55.8234 382.984 0.02 0.734744 4964.88 10136.3 0.435526 192 41 1 2.48207e-314 0 0 0 
0.540776 55.9162 350.888 0.02 0.75941 4912.46 9703.52 0.42138 193 42 1 2.48207e-314 0 0 0 
0.569482 56.0404 309.84 0.02 0.788911 4844.55 9211.58 0.405622 194 43 1 2.48207e-314 0 0 0 
0.596662 55.9475 284.325 0.02 0.822109 4753.91 8674.23 0.389243 195 43 1 2.48207e-314 0 0 0 
0.622002 55.8046 290.265 0.02 0.858531 4646.75 8119.01 0.37273 196 44 1 2.48207e-314 0 0 0 
0.645458 55.7054 316.344 0.02 0.89782 4531.32 7570.82 0.356419 197 44 1 2.48207e-314 0 0 0 
0.666817 55.6438 354.01 0.02 0.939128 4415.38 7052.61 0.340742 198 45 1 2.48207e-314 0 0 0 
0.685512 55.5489 398.39 0.02 0.980422 4306.4 6588.78 0.32639 199 44 1 2.48207e-314 0 0 0 
0.721207 55.4793 349.208 0.02 1.07658 3959.7 5516.81 0.297238 200 44 1 2.48206e-314 0 0 0 
0.737646 55.4553 384.414 0.02 1.13043 3862.74 5125.33 0.283078 201 42 1 2.48206e-314 0 0 0 
0.754048 55.5284 399.845 0.02 1.19138 3759.64 4733.3 0.268595 202 41 1 2.48206e-314 0 0 0 
0.770441 55.6168 399.572 0.02 1.26078 3653.48 4346.48 0.253812 203 41 1 2.48206e-314 0 0 0 
0.786717 55.6889 384.255 0.02 1.33971 3549.48 3973.97 0.238858 204 40 1 2.48206e-314 0 0 0 
0.803027 55.8172 352.579 0.02 1.43067 3456.94 3624.32 0.223672 205 39 1 2.48206e-314 0 0 0 
0.81923 56.0993 325.21 0.02 1.53354 3384.89 3310.75 0.208668 206 38 1 2.48206e-314 0 0 0 
0.833449 56.2652 305.388 0.02 1.63484 3325.04 3050.72 0.195738 207 38 1 2.48206e-314 0 0 0 
0.846144 56.3766 287.077 0.02 1.73607 3276.99 2831.33 0.184324 208 37 1 2.48206e-314 0 0 0 
0.857963 56.4876 272.205 0.02 1.84118 3239.39 2639.09 0.173802 209 36 1 2.48206e-314 0 0 0 
0.868845 56.5767 256.204 0.02 1.94887 3210.12 2470.75 0.164197 210 35 1 2.48206e-314 0 0 0 
0.879169 56.6928 227.844 0.02 2.06239 3191.11 2320.95 0.15516 211 34 1 2.48206e-314 0 0 0 
0.889105 56.8676 199.483 0.02 2.18197 3182.97 2188.19 0.146657 212 34 1 2.48206e-314 0 0 0 
0.898546 57.057 170.548 0.02 2.30419 3183.61 2072.55 0.138877 213 33 1 2.48206e-314 0 0 0 
0.907444 57.2366 140.718 0.02 2.4265 3191.63 1973.06 0.131877 214 32 1 2.48206e-314 0 0 0 
0.915796 57.3976 116.624 0.02 2.54718 3206.25 1888.21 0.125629 215 32 1 2.48206e-314 0 0 0 
0.923629 57.5329 96.377 0.02 2.66502 3226.91 1816.37 0.120074 216 31 1 2.48206e-314 0 0 0 
0.930925 57.6437 82.8052 0.02 2.7782 3252.87 1756.41 0.115183 217 32 1 2.48206e-314 0 0 0 
0.937809 57.7393 71.6778 0.02 2.88696 3283.76 1706.31 0.110843 218 31 1 2.48206e-314 0 0 0 
0.944404 57.8184 62.0366 0.02 2.99153 3319.1 1664.41 0.106969 219 30 1 2.48206e-314 0 0 0 
0.950822 57.88 47.6261 0.02 3.09196 3358.73 1629.59 0.103494 220 30 1 2.48206e-314 0 0 0 
0.957131 57.9241 23.9083 0.02 3.18773 3402.53 1601.26 0.100385 221 31 1 2.48206e-314 0 0 0 
0.963333 57.9578 -12.7447 0.02 3.27736 3450.11 1579.26 0.0976395 222 30 1 2.48206e-314 0 0 0 
0.969378 57.9886 -62.2975 0.02 3.35892 3500.64 1563.48 0.0952689 223 30 1 2.48206e-314 0 0 0 
0.975221 58.0229 -118.919 0.02 3.43092 3553.04 1553.57 0.0932696 224 29 1 2.48206e-314 0 0 0 
0.980851 58.0631 -172.184 0.02 3.49264 3606.18 1548.91 0.0916213 225 29 1 2.48206e-314 0 0 0 
0.986298 58.1086 -213.331 0.02 3.54399 3659.1 1548.83 0.0902936 226 30 1 2.48206e-314 0 0 0 
0.99162 58.1541 -230.474 0.02 3.58509 3710.96 1552.72 0.0892585 227 29 1 2.48206e-314 0 0 0 
0.99688 58.1887 -209.163 0.02 3.61594 3760.91 1560.14 0.0884971 228 29 1 2.48206e-314 0 0 0 
1.00214 58.2005 -141.558 0.02 3.63631 3807.84 1570.68 0.0880013 229 30 1 2.48206e-314 0 0 0 
1.00742 58.1747 -15.7748 0.02 3.64595 3850.13 1583.86 0.0877685 230 29 1 2.48206e-314 0 0 0 
1.01274 58.0947 168.937 0.02 3.64486 3885.78 1598.94 0.087795 231 29 1 2.48206e-314 0 0 0 
1.0181 57.95 398.874 0.02 3.63343 3912.55 1614.97 0.0880711 232 30 1 2.48206e-314 0 0 0 
1.02349 57.7408 648.723 0.02 3.61256 3928.37 1630.82 0.0885799 233 30 1 2.48206e-314 0 0 0 
1.02892 57.4736 885.987 0.02 3.58353 3931.88 1645.46 0.0892973 234 30 1 2.48206e-314 0 0 0 
1.03439 57.1541 1089.86 0.02 3.54772 3922.68 1658.17 0.0901988 235 31 1 2.48206e-314 0 0 0 
1.03994 56.7886 1246 0.02 3.50634 3901.03 1668.48 0.0912633 236 31 1 2.48206e-314 0 0 0 
1.0456 56.3872 1340.48 0.02 3.46046 3867.5 1676.11 0.0924733 237 31 1 2.48206e-314 0 0 0 
1.0514 55.9658 1362.47 0.02 3.41106 3823.01 1680.86 0.0938125 238 30 1 2.48206e-314 0 0 0 
1.05734 55.5429 1311.41 0.02 3.35902 3768.67 1682.68 0.0952658 239 31 1 2.48206e-314 0 0 0 
1.06342 55.1358 1202.28 0.02 3.30504 3705.65 1681.58 0.0968219 240 31 1 2.48206e-314 0 0 0 
1.06962 54.7576 1063.09 0.02 3.2495 3634.88 1677.61 0.0984767 241 31 1 2.48206e-314 0 0 0 
1.0759 54.4124 932.958 0.02 3.19241 3556.77 1670.8 0.100238 242 31 1 2.48206e-314 0 0 0 
1.08227 54.0927 859.769 0.02 3.13338 3471.08 1661.07 0.102126 243 32 1 2.48206e-314 0 0 0 
1.08871 53.7793 887.998 0.02 3.07166 3376.92 1648.21 0.104178 244 31 1 2.48206e-314 0 0 0 
1.09522 53.4412 1067.71 0.02 3.00633 3272.96 1631.84 0.106442 245 31 1 2.48206e-314 0 0 0 
1.10182 53.0375 1431.54 0.02 2.93646 3157.72 1611.47 0.108975 246 31 1 2.48206e-314 0 0 0 
1.10854 52.5203 1998.41 0.02 2.86117 3029.81 1586.47 0.111842 247 32 1 2.48206e-314 0 0 0 
1.11541 51.8376 2779.52 0.02 2.77983 2888.2 1556.16 0.115115 248 31 1 2.48206e-314 0 0 0 
1.12247 50.9352 3771.41 0.02 2.69215 2732.49 1519.82 0.118864 249 31 1 2.48206e-314 0 0 0 
1.1298 49.7625 4943.36 0.02 2.59814 2562.96 1476.73 0.123165 250 32 1 2.48206e-314 0 0 0 
1.13744 48.2784 6253.28 0.02 2.49813 2380.65 1426.26 0.128096 251 32 1 2.48206e-314 0 0 0 
1.1455 46.4543 7646.22 0.02 2.39281 2187.4 1367.88 0.133734 252 32 1 2.48206e-314 0 0 0 
1.15406 44.278 9053.28 0.02 2.28326 1985.89 1301.25 0.14015 253 32 1 2.48206e-314 0 0 0 
1.16321 41.7567 10392.8 0.02 2.17095 1779.52 1226.28 0.147401 254 33 1 2.48206e-314 0 0 0 
1.17303 38.9192 11579.4 0.02 2.05761 1572.27 1143.23 0.15552 255 34 1 2.48206e-314 0 0 0 
1.1836 35.8141 12541.6 0.02 1.94518 1368.42 1052.77 0.164509 256 34 1 2.48206e-314 0 0 0 
1.19498 32.5057 13224.4 0.02 1.83559 1172.14 956.048 0.174331 257 35 1 2.48206e-314 0 0 0 
1.20721 29.07 13589.3 0.02 1.73066 987.226 854.68 0.1849 258 37 1 2.48206e-314 0 0 0 
1.22032 25.5892 13625.9 0.02 1.6319 816.729 750.687 0.19609 259 37 1 2.48206e-314 0 0 0 
1.23431 22.1458 13337.9 0.02 1.54046 662.841 646.41 0.20773 260 38 1 2.48206e-314 0 0 0 
1.24915 18.8196 12745.6 0.02 1.4571 526.902 544.396 0.219615 261 38 1 2.48206e-314 0 0 0 
1.26481 15.6826 11885.8 0.02 1.38219 409.429 447.234 0.231516 262 40 1 2.48206e-314 0 0 0 
1.28124 12.796 10804 0.02 1.31582 310.253 357.368 0.243195 263 40 1 2.48206e-314 0 0 0 
1.29836 10.2084 9555.57 0.02 1.2578 228.661 276.914 0.254413 264 41 1 2.48206e-314 0 0 0 
1.31608 7.95266 8208.11 0.02 1.20777 163.451 207.452 0.264951 265 41 1 2.48206e-314 0 0 0 
1.33434 6.04376 6835.61 0.02 1.16524 113.007 149.833 0.274622 266 40 1 2.48206e-314 0 0 0 
1.35303 4.47829 5510.47 0.02 1.12961 75.3924 104.085 0.283283 267 40 1 2.48206e-314 0 0 0 
1.37207 3.23577 4295.57 0.02 1.10025 48.467 69.443 0.290844 268 40 1 2.48206e-314 0 0 0 
1.39139 2.28187 3238 0.02 1.07644 30.031 44.4946 0.297276 269 39 1 2.48206e-314 0 0 0 
1.41092 1.573 2364.47 0.02 1.05748 17.9726 27.4252 0.302607 270 39 1 2.48206e-314 0 0 0 
1.43059 1.06183 1678.09 0.02 1.04263 10.4217 16.3094 0.306917 271 37 1 2.48206e-314 0 0 0 
1.45038 0.702957 1161.66 0.02 1.03119 5.87381 9.38994 0.31032 272 36 1 2.48206e-314 0 0 0 
1.47024 0.456881 786.62 0.02 1.02252 3.22487 5.24925 0.312952 273 35 1 2.48206e-314 0 0 0 
1.49014 0.29168 522.056 0.02 1.01604 1.72642 2.85461 0.314948 274 34 1 2.48206e-314 0 0 0 
1.51009 0.182901 340.067 0.02 1.01127 0.900931 1.51085 0.316434 275 34 1 2.48206e-314 0 0 0 
1.53005 0.112593 217.403 0.02 1.00781 0.457142 0.777685 0.31752 276 33 1 2.48206e-314 0 0 0 
1.55003 0.0680313 136.115 0.02 1.00534 0.22597 0.389167 0.318302 277 33 1 2.48206e-314 0 0 0 
1.57002 0.0403372 83.6963 0.02 1.00359 0.108443 0.189291 0.318854 278 32 1 2.48206e-314 0 0 0 
1.59001 0.0234463 50.431 0.02 1.00239 0.050413 0.0892609 0.319238 279 32 1 2.48206e-314 0 0 0 
1.61001 0.0133581 29.7189 0.02 1.00156 0.0227422 0.0408132 0.319501 280 32 1 2.48206e-314 0 0 0 
1.63 0.00746344 17.144 0.02 1.00101 0.00999596 0.0181505 0.319678 281 32 1 2.48206e-314 0 0 0 
1.65 0.00408841 9.70092 0.02 1.00064 0.00428967 0.00787944 0.319795 282 32 1 2.48206e-314 0 0 0 
1.67 0.00219415 5.37437 0.02 1.0004 0.00181607 0.00336389 0.319871 283 32 1 2.48206e-314 0 0 0 
1.69 0.00115365 2.91135 0.02 1.00025 0.000781215 0.00144431 0.31992 284 32 1 2.48206e-314 0 0 0 
1.71 0.000594617 1.54336 0.02 1.00015 0.000362987 0.000656071 0.319952 285 32 1 2.48206e-314 0 0 0 
1.73 0.000300393 0.802482 0.02 1.00009 0.000198426 0.000342188 0.319971 286 32 1 2.48206e-314 0 0 0 
1.75 0.000148583 0.408624 0.02 1.00005 0.000135619 0.000220681 0.319983 287 32 1 2.48206e-314 0 0 0 
1.77 7.19032e-05 0.20351 0.02 1.00003 0.000112442 0.000175121 0.31999 288 32 1 2.48206e-314 0 0 0 
1.79 3.40292e-05 0.0990474 0.02 1.00002 0.000104191 0.000158616 0.319994 289 32 1 2.48206e-314 0 0 0 
1.81 1.57495e-05 0.0470872 0.02 1.00001 0.000101361 0.000152851 0.319997 290 32 1 2.48206e-314 0 0 0 
1.83 7.1305e-06 0.0218664 0.02 1.00001 0.000100426 0.00015091 0.319998 291 32 1 2.48206e-314 0 0 0 
1.85 3.1599e-06 0.00992256 0.02 1 0.000100129 0.00015028 0.319999 292 32 1 2.48206e-314 0 0 0 
1.87 1.37185e-06 0.00440322 0.02 1 0.000100038 0.000150084 0.319999 293 32 1 2.48206e-314 0 0 0 
1.89 5.84014e-07 0.00191343 0.02 1 0.000100011 0.000150024 0.32 294 32 1 2.48206e-314 0 0 0 
1.91 2.43902e-07 0.000815369 0.02 1 0.000100003 0.000150007 0.32 295 32 1 2.48206e-314 0 0 0 
1.93 9.98771e-08 0.000340936 0.02 1 0.000100001 0.000150002 0.32 296 32 1 2.48206e-314 0 0 0 
1.95 4.00359e-08 0.000139818 0.02 1 0.0001 0.000150001 0.32 297 32 1 2.48206e-314 0 0 0 
1.97 1.5662e-08 5.61325e-05 0.02 1 0.0001 0.00015 0.32 298 32 1 2.48206e-314 0 0 0 
1.99 5.95436e-09 2.19713e-05 0.02 1 0.0001 0.00015 0.32 299 32 1 2.48206e-314 0 0 0 
2.01 2.19112e-09 8.33525e-06 0.02 1 0.0001 0.00015 0.32 300 32 1 2.48206e-314 0 0 0 
2.03 7.79183e-10 3.0493e-06 0.02 1 0.0001 0.00015 0.32 301 32 1 2.48206e-314 0 0 0 
2.05 2.68357e-10 1.07512e-06 0.02 1 0.0001 0.00015 0.32 302 32 1 2.48206e-314 0 0 0 
2.07 8.9988e-11 3.66919e-07 0.02 1 0.0001 0.00015 0.32 303 32 1 2.48206e-314 0 0 0 
2.09 2.95762e-11 1.22029e-07 0.02 1 0.0001 0.00015 0.32 304 32 1 2.48206e-314 0 0 0 
2.11 9.59512e-12 3.98325e-08 0.02 1 0.0001 0.00015 0.32 305 32 1 2.48206e-314 0 0 0 
2.13 3.09492e-12 1.28577e-08 0.02 1 0.0001 0.00015 0.32 306 32 1 2.48206e-314 0 0 0 
2.15 9.99113e-13 4.13729e-09 0.02 1 0.0001 0.00015 0.32 307 32 1 2.48206e-314 0 0 0 
2.17 3.24121e-13 1.33687e-09 0.02 1 0.0001 0.00015 0.32 308 32 1 2.48206e-314 0 0 0 
2.19 1.05552e-13 4.35537e-10 0.02 1 0.0001 0.00015 0.32 309 32 1 2.48206e-314 0 0 0 
2.21 3.42272e-14 1.42757e-10 0.02 1 0.0001 0.00015 0.32 310 32 1 2.48206e-314 0 0 0 
2.23 1.08716e-14 4.66076e-11 0.02 1 0.0001 0.00015 0.32 311 32 1 2.48206e-314 0 0 0 
2.25 3.29206e-15 1.48737e-11 0.02 1 0.0001 0.00015 0.32 312 32 1 2.48206e-314 0 0 0 
2.27 9.06128e-16 4.50284e-12 0.02 1 0.0001 0.00015 0.32 313 32 1 2.48206e-314 0 0 0 
2.29 2.02228e-16 1.2279e-12 0.02 1 0.0001 0.00015 0.32 314 32 1 2.48206e-314 0 0 0 
2.31 1.97653e-17 2.65407e-13 0.02 1 0.0001 0.00015 0.32 315 32 1 2.48206e-314 0 0 0 
2.33 -1.45633e-17 1.99988e-14 0.02 1 0.0001 0.00015 0.32 316 32 1 2.48206e-314 0 0 0 
2.35 -1.37298e-17 -2.35167e-14 0.02 1 0.0001 0.00015 0.32 317 32 1 2.48206e-314 0 0 0 
2.37 -8.14165e-18 -2.04136e-14 0.02 1 0.0001 0.00015 0.32 318 32 1 2.48206e-314 0 0 0 
2.39 -4.09679e-18 -1.18251e-14 0.02 1 0.0001 0.00015 0.32 319 33 1 2.48206e-314 0 0 0 
2.41 -1.8865e-18 -5.87998e-15 0.02 1 0.0001 0.00015 0.32 320 33 1 2.48206e-314 0 0 0 
2.43 -8.19856e-19 -2.68724e-15 0.02 1 0.0001 0.00015 0.32 321 33 1 2.48206e-314 0 0 0 
2.45 -3.41489e-19 -1.16144e-15 0.02 1 0.0001 0.00015 0.32 322 33 1 2.48206e-314 0 0 0 
2.47 -1.37549e-19 -4.81579e-16 0.02 1 0.0001 0.00015 0.32 323 33 1 2.48206e-314 0 0 0 
2.49 -5.38381e-20 -1.93023e-16 0.02 1 0.0001 0.00015 0.32 324 33 1 2.48206e-314 0 0 0 
2.51 -2.05101e-20 -7.50933e-17 0.02 1 0.0001 0.00015 0.32 325 33 1 2.48206e-314 0 0 0 
2.53 -7.601e-21 -2.8434e-17 0.02 1 0.0001 0.00015 0.32 326 33 1 2.48206e-314 0 0 0 
2.55 -2.73871e-21 -1.05015e-17 0.02 1 0.0001 0.00015 0.32 327 33 1 2.48206e-314 0 0 0 
2.57 -9.73422e-22 -3.77777e-18 0.02 1 0.0001 0.00015 0.32 328 33 1 2.48206e-314 0 0 0 
2.59 -3.41919e-22 -1.34763e-18 0.02 1 0.0001 0.00015 0.32 329 33 1 2.48206e-314 0 0 0 
2.61 -1.14979e-22 -4.61421e-19 0.02 1 0.0001 0.00015 0.32 330 33 1 2.48206e-314 0 0 0 
2.63 -3.65729e-23 -1.55854e-19 0.02 1 0.0001 0.00015 0.32 331 33 1 2.48206e-314 0 0 0 
2.65 -1.07569e-23 -4.78574e-20 0.02 1 0.0001 0.00015 0.32 332 33 1 2.48206e-314 0 0 0 
2.67 -2.85287e-24 -1.60936e-20 0.02 1 0.0001 0.00015 0.32 333 33 1 2.48206e-314 0 0 0 
2.69 -4.67671e-25 -4.23516e-21 0.02 1 0.0001 0.00015 0.32 334 33 1 2.48206e-314 0 0 0 
2.71 -1.06336e-39 -9.62965e-36 0.02 1 0.0001 0.00015 0.32 335 33 1 2.48206e-314 0 0 0 
2.73 0 0 0.02 1 0.0001 0.00015 0.32 336 33 1 2.48206e-314 0 0 0 
2.75 0 0 0.02 1 0.0001 0.00015 0.32 337 33 1 2.48206e-314 0 0 0 
2.77 0 0 0.02 1 0.0001 0.00015 0.32 338 33 1 2.48206e-314 0 0 0 
2.79 0 0 0.02 1 0.0001 0.00015 0.32 339 33 1 2.48206e-314 0 0 0 
2.81 0 0 0.02 1 0.0001 0.00015 0.32 340 33 1 2.48206e-314 0 0 0 
2.83 0 0 0.02 1 0.0001 0.00015 0.32 341 33 1 2.48206e-314 0 0 0 
2.85 0 0 0.02 1 0.0001 0.00015 0.32 342 33 1 2.48206e-314 0 0 0 
2.87 0 0 0.02 1 0.0001 0.00015 0.32 343 33 1 2.48206e-314 0 0 0 
2.89 0 0 0.02 1 0.0001 0.00015 0.32 344 33 1 2.48206e-314 0 0 0 
2.91 0 0 0.02 1 0.0001 0.00015 0.32 345 33 1 2.48206e-314 0 0 0 
2.93 0 0 0.02 1 0.0001 0.00015 0.32 346 33 1 2.48206e-314 0 0 0 
2.95 0 0 0.02 1 0.0001 0.00015 0.32 347 33 1 2.48206e-314 0 0 0 
2.97 0 0 0.02 1 0.0001 0.00015 0.32 348 33 1 2.48206e-314 0 0 0 
2.99 0 0 0.02 1 0.0001 0.00015 0.32 349 33 1 2.48206e-314 0 0 0 
3.01 0 0 0.02 1 0.0001 0.00015 0.32 350 33 1 2.48206e-314 0 0 0 
3.03 0 0 0.02 1 0.0001 0.00015 0.32 351 33 1 2.48206e-314 0 0 0 
3.05 0 0 0.02 1 0.0001 0.00015 0.32 352 33 1 2.48206e-314 0 0 0 
3.07 0 0 0.02 1 0.0001 0.00015 0.32 353 33 1 2.48206e-314 0 0 0 
3.09 0 0 0.02 1 0.0001 0.00015 0.32 354 33 1 2.48206e-314 0 0 0 
3.11 0 0 0.02 1 0.0001 0.00015 0.32 355 33 1 2.48206e-314 0 0 0 
3.13 0 0 0.02 1 0.0001 0.00015 0.32 356 33 1 2.48206e-314 0 0 0 
3.15 0 0 0.02 1 0.0001 0.00015 0.32 357 33 1 2.48206e-314 0 0 0 
3.17 0 0 0.02 1 0.0001 0.00015 0.32 358 33 1 2.48206e-314 0 0 0 
3.19 0 0 0.02 1 0.0001 0.00015 0.32 359 33 1 2.48206e-314 0 0 0 
3.21 0 0 0.02 1 0.0001 0.00015 0.32 360 33 1 2.48206e-314 0 0 0 
3.23 0 0 0.02 1 0.0001 0.00015 0.32 361 33 1 2.48206e-314 0 0 0 
3.25 0 0 0.02 1 0.0001 0.00015 0.32 362 33 1 2.48206e-314 0 0 0 
3.27 0 0 0.02 1 0.0001 0.00015 0.32 363 33 1 2.48206e-314 0 0 0 
3.29 0 0 0.02 1 0.0001 0.00015 0.32 364 33 1 2.48206e-314 0 0 0 
3.31 0 0 0.02 1 0.0001 0.00015 0.32 365 33 1 2.48206e-314 0 0 0 
3.33 0 0 0.02 1 0.0001 0.00015 0.32 366 33 1 2.48206e-314 0 0 0 
3.35 0 0 0.02 1 0.0001 0.00015 0.32 367 33 1 2.48206e-314 0 0 0 
3.37 0 0 0.02 1 0.0001 0.00015 0.32 368 33 1 2.48206e-314 0 0 0 
3.39 0 0 0.02 1 0.0001 0.00015 0.32 369 33 1 2.48206e-314 0 0 0 
3.41 0 0 0.02 1 0.0001 0.00015 0.32 370 33 1 2.48206e-314 0 0 0 
3.43 0 0 0.02 1 0.0001 0.00015 0.32 371 33 1 2.48206e-314 0 0 0 
3.45 1.38546e-37 9.62965e-36 0.02 1 0.0001 0.00015 0.32 372 33 1 2.48206e-314 0 0 0 
3.47 5.78865e-23 4.02341e-21 0.02 1 0.0001 0.00015 0.32 373 33 1 2.48206e-314 0 0 0 
3.49 1.58426e-22 1.10114e-20 0.02 1 0.0001 0.00015 0.32 374 33 1 2.48206e-314 0 0 0 
3.51 3.38179e-22 2.35052e-20 0.02 1 0.0001 0.00015 0.32 375 33 1 2.48206e-314 0 0 0 
3.53 5.97145e-22 4.15046e-20 0.02 1 0.0001 0.00015 0.32 376 33 1 2.48206e-314 0 0 0 
3.55 1.2735e-21 8.85149e-20 0.02 1 0.0001 0.00015 0.32 377 33 1 2.48206e-314 0 0 0 
3.57 2.43123e-21 1.68983e-19 0.02 1 0.0001 0.00015 0.32 378 33 1 2.48206e-314 0 0 0 
3.59 4.13736e-21 2.87568e-19 0.02 1 0.0001 0.00015 0.32 379 33 1 2.48206e-314 0 0 0 
3.61 6.50496e-21 4.57398e-19 0.02 1 0.0001 0.00015 0.32 380 33 1 2.48206e-314 0 0 0 
3.63 9.62257e-21 6.7805e-19 0.02 1 0.0001 0.00015 0.32 381 33 1 2.48206e-314 0 0 0 
3.65 1.36896e-20 9.59477e-19 0.02 1 0.0001 0.00015 0.32 382 33 1 2.48206e-314 0 0 0 
3.67 1.84867e-20 1.29829e-18 0.02 1 0.0001 0.00015 0.32 383 33 1 2.48206e-314 0 0 0 
3.69 2.3372e-20 1.63308e-18 0.02 1 0.0001 0.00015 0.32 384 33 1 2.48206e-314 0 0 0 
3.71 2.84024e-20 1.98206e-18 0.02 1 0.0001 0.00015 0.32 385 33 1 2.48206e-314 0 0 0 
3.73 3.14294e-20 2.19254e-18 0.02 1 0.0001 0.00015 0.32 386 33 1 2.48206e-314 0 0 0 
3.75 3.19154e-20 2.21541e-18 0.02 1 0.0001 0.00015 0.32 387 33 1 2.48206e-314 0 0 0 
3.77 3.09371e-20 2.10699e-18 0.02 1 0.0001 0.00015 0.32 388 33 1 2.48206e-314 0 0 0 
3.79 2.27398e-20 1.55621e-18 0.02 1 0.0001 0.00015 0.32 389 33 1 2.48206e-314 0 0 0 
3.81 9.49139e-21 6.38451e-19 0.02 1 0.0001 0.00015 0.32 390 32 1 2.48206e-314 0 0 0 
3.83 -8.50879e-21 -6.45439e-19 0.02 1 0.0001 0.00015 0.32 391 32 1 2.48206e-314 0 0 0 
3.85 -3.68651e-20 -2.59679e-18 0.02 1 0.0001 0.00015 0.32 392 32 1 2.48206e-314 0 0 0 
3.87 -6.82183e-20 -4.75228e-18 0.02 1 0.0001 0.00015 0.32 393 32 1 2.48206e-314 0 0 0 
3.89 -1.03482e-19 -7.20867e-18 0.02 1 0.0001 0.00015 0.32 394 32 1 2.48206e-314 0 0 0 
3.91 -1.38425e-19 -9.73791e-18 0.02 1 0.0001 0.00015 0.32 395 32 1 2.48206e-314 0 0 0 
3.93 -1.70746e-19 -1.18674e-17 0.02 1 0.0001 0.00015 0.32 396 32 1 2.48206e-314 0 0 0 
3.95 -1.96044e-19 -1.35909e-17 0.02 1 0.0001 0.00015 0.32 397 32 1 2.48206e-314 0 0 0 
3.97 -2.13506e-19 -1.48021e-17 0.02 1 0.0001 0.00015 0.32 398 32 1 2.48206e-314 0 0 0 
3.99 -2.19083e-19 -1.51625e-17 0.02 1 0.0001 0.00015 0.32 399 32 1 2.48206e-314 0 0 0 
4.01 -2.12187e-19 -1.46863e-17 0.02 1 0.0001 0.00015 0.32 400 32 1 2.48206e-314 0 0 0 
4.03 -1.94513e-19 -1.34712e-17 0.02 1 0.0001 0.00015 0.32 401 32 1 2.48206e-314 0 0 0 
4.05 -1.6656e-19 -1.15252e-17 0.02 1 0.0001 0.00015 0.32 402 32 1 2.48206e-314 0 0 0 
4.07 -1.35406e-19 -9.40609e-18 0.02 1 0.0001 0.00015 0.32 403 32 1 2.48206e-314 0 0 0 
4.09 -1.00749e-19 -7.01364e-18 0.02 1 0.0001 0.00015 0.32 404 32 1 2.48206e-314 0 0 0 
4.11 -6.547e-20 -4.54772e-18 0.02 1 0.0001 0.00015 0.32 405 32 1 2.48206e-314 0 0 0 
4.13 -3.54161e-20 -2.47376e-18 0.02 1 0.0001 0.00015 0.32 406 32 1 2.48206e-314 0 0 0 
4.15 -6.72669e-21 -4.76244e-19 0.02 1 0.0001 0.00015 0.32 407 32 1 2.48206e-314 0 0 0 
4.17 1.31881e-20 9.05902e-19 0.02 1 0.0001 0.00015 0.32 408 32 1 2.48206e-314 0 0 0 
4.19 2.27495e-20 1.57273e-18 0.02 1 0.0001 0.00015 0.32 409 32 1 2.48206e-314 0 0 0 
4.21 3.08606e-20 2.14066e-18 0.02 1 0.0001 0.00015 0.32 410 32 1 2.48206e-314 0 0 0 
4.23 3.21599e-20 2.23532e-18 0.02 1 0.0001 0.00015 0.32 411 31 1 2.48206e-314 0 0 0 
4.25 3.08383e-20 2.14342e-18 0.02 1 0.0001 0.00015 0.32 412 31 1 2.48206e-314 0 0 0 
4.27 2.69629e-20 1.87406e-18 0.02 1 0.0001 0.00015 0.32 413 31 1 2.48206e-314 0 0 0 
4.29 2.13114e-20 1.48125e-18 0.02 1 0.0001 0.00015 0.32 414 31 1 2.48206e-314 0 0 0 
4.31 1.70552e-20 1.18542e-18 0.02 1 0.0001 0.00015 0.32 415 31 1 2.48206e-314 0 0 0 
4.33 1.19246e-20 8.28822e-19 0.02 1 0.0001 0.00015 0.32 416 31 1 2.48206e-314 0 0 0 
4.35 8.8475e-21 6.14946e-19 0.02 1 0.0001 0.00015 0.32 417 31 1 2.48206e-314 0 0 0 
4.37 6.17253e-21 4.29022e-19 0.02 1 0.0001 0.00015 0.32 418 31 1 2.48206e-314 0 0 0 
4.39 3.79005e-21 2.63427e-19 0.02 1 0.0001 0.00015 0.32 419 31 1 2.48206e-314 0 0 0 
4.41 2.3703e-21 1.64748e-19 0.02 1 0.0001 0.00015 0.32 420 31 1 2.48206e-314 0 0 0 
4.43 1.41974e-21 9.86793e-20 0.02 1 0.0001 0.00015 0.32 421 31 1 2.48206e-314 0 0 0 
4.45 6.51985e-22 4.53163e-20 0.02 1 0.0001 0.00015 0.32 422 31 1 2.48206e-314 0 0 0 
4.47 2.25453e-22 1.56701e-20 0.02 1 0.0001 0.00015 0.32 423 31 1 2.48206e-314 0 0 0 
4.49 8.83531e-23 6.14099e-21 0.02 1 0.0001 0.00015 0.32 424 31 1 2.48206e-314 0 0 0 
4.51 2.74199e-23 1.90582e-21 0.02 1 0.0001 0.00015 0.32 425 31 1 2.48206e-314 0 0 0 
4.53 1.10837e-37 7.70372e-36 0.02 1 0.0001 0.00015 0.32 426 31 1 2.48206e-314 0 0 0 
4.55 0 0 0.02 1 0.0001 0.00015 0.32 427 31 1 2.48206e-314 0 0 0 
4.57 0 0 0.02 1 0.0001 0.00015 0.32 428 31 1 2.48206e-314 0 0 0 
4.59 0 0 0.02 1 0.0001 0.00015 0.32 429 31 1 2.48206e-314 0 0 0 
4.61 0 0 0.02 1 0.0001 0.00015 0.32 430 31 1 2.48206e-314 0 0 0 
4.63 0 0 0.02 1 0.0001 0.00015 0.32 431 31 1 2.48206e-314 0 0 0 
4.65 0 0 0.02 1 0.0001 0.00015 0.32 432 31 1 2.48206e-314 0 0 0 
4.67 0 0 0.02 1 0.0001 0.00015 0.32 433 31 1 2.48206e-314 0 0 0 
4.69 0 0 0.02 1 0.0001 0.00015 0.32 434 31 1 2.48206e-314 0 0 0 
4.71 0 0 0.02 1 0.0001 0.00015 0.32 435 31 1 2.48206e-314 0 0 0 
4.73 0 0 0.02 1 0.0001 0.00015 0.32 436 31 1 2.48206e-314 0 0 0 
4.75 0 0 0.02 1 0.0001 0.00015 0.32 437 31 1 2.48206e-314 0 0 0 
4.77 0 0 0.02 1 0.0001 0.00015 0.32 438 31 1 2.48206e-314 0 0 0 
4.79 0 0 0.02 1 0.0001 0.00015 0.32 439 31 1 2.48206e-314 0 0 0 
4.81 0 0 0.02 1 0.0001 0.00015 0.32 440 31 1 2.48206e-314 0 0 0 
4.83 0 0 0.02 1 0.0001 0.00015 0.32 441 31 1 2.48206e-314 0 0 0 
4.85 0 0 0.02 1 0.0001 0.00015 0.32 442 31 1 2.48206e-314 0 0 0 
4.87 0 0 0.02 1 0.0001 0.00015 0.32 443 31 1 2.48206e-314 0 0 0 
4.89 0 0 0.02 1 0.0001 0.00015 0.32 444 31 1 2.48206e-314 0 0 0 
4.91 0 0 0.02 1 0.0001 0.00015 0.32 445 31 1 2.48206e-314 0 0 0 
4.93 0 0 0.02 1 0.0001 0.00015 0.32 446 31 1 2.48206e-314 0 0 0 
4.95 0 0 0.02 1 0.0001 0.00015 0.32 447 31 1 2.48206e-314 0 0 0 
4.97 0 0 0.02 1 0.0001 0.00015 0.32 448 31 1 2.48206e-314 0 0 0 
4.99 0 0 0.02 1 0.0001 0.00015 0.32 449 31 1 2.48206e-314 0 0 0 
5.01 0 0 0.02 1 0.0001 0.00015 0.32 450 31 1 2.48206e-314 0 0 0 
5.03 0 0 0.02 1 0.0001 0.00015 0.32 451 31 1 2.48206e-314 0 0 0 
5.05 0 0 0.02 1 0.0001 0.00015 0.32 452 31 1 2.48206e-314 0 0 0 
5.07 0 0 0.02 1 0.0001 0.00015 0.32 453 31 1 2.48206e-314 0 0 0 
5.09 0 0 0.02 1 0.0001 0.00015 0.32 454 31 1 2.48206e-314 0 0 0 
5.11 0 0 0.02 1 0.0001 0.00015 0.32 455 31 1 2.48206e-314 0 0 0 
5.13 0 0 0.02 1 0.0001 0.00015 0.32 456 31 1 2.48206e-314 0 0 0 
5.15 0 0 0.02 1 0.0001 0.00015 0.32 457 31 1 2.48206e-314 0 0 0 
5.17 0 0 0.02 1 0.0001 0.00015 0.32 458 31 1 2.48206e-314 0 0 0 
5.19 0 0 0.02 1 0.0001 0.00015 0.32 459 31 1 2.48206e-314 0 0 0 
5.21 0 0 0.02 1 0.0001 0.00015 0.32 460 31 1 2.48206e-314 0 0 0 
5.23 0 0 0.02 1 0.0001 0.00015 0.32 461 31 1 2.48206e-314 0 0 0 
5.25 0 0 0.02 1 0.0001 0.00015 0.32 462 31 1 2.48206e-314 0 0 0 
5.27 0 0 0.02 1 0.0001 0.00015 0.32 463 31 1 2.48206e-314 0 0 0 
5.29 0 0 0.02 1 0.0001 0.00015 0.32 464 31 1 2.48206e-314 0 0 0 
5.31 0 0 0.02 1 0.0001 0.00015 0.32 465 31 1 2.48206e-314 0 0 0 
5.33 0 0 0.02 1 0.0001 0.00015 0.32 466 31 1 2.48206e-314 0 0 0 
5.35 0 0 0.02 1 0.0001 0.00015 0.32 467 31 1 2.48206e-314 0 0 0 
5.37 0 0 0.02 1 0.0001 0.00015 0.32 468 31 1 2.48206e-314 0 0 0 
5.39 0 0 0.02 1 0.0001 0.00015 0.32 469 31 1 2.48206e-314 0 0 0 
5.41 0 0 0.02 1 0.0001 0.00015 0.32 470 31 1 2.48206e-314 0 0 0 
5.43 0 0 0.02 1 0.0001 0.00015 0.32 471 31 1 2.48206e-314 0 0 0 
5.45 0 0 0.02 1 0.0001 0.00015 0.32 472 31 1 2.48206e-314 0 0 0 
5.47 0 0 0.02 1 0.0001 0.00015 0.32 473 31 1 2.48206e-314 0 0 0 
5.49 0 0 0.02 1 0.0001 0.00015 0.32 474 31 1 2.48206e-314 0 0 0 
5.51 0 0 0.02 1 0.0001 0.00015 0.32 475 31 1 2.48206e-314 0 0 0 
5.53 0 0 0.02 1 0.0001 0.00015 0.32 476 31 1 2.48206e-314 0 0 0 
5.55 0 0 0.02 1 0.0001 0.00015 0.32 477 31 1 2.48206e-314 0 0 0 
5.57 0 0 0.02 1 0.0001 0.00015 0.32 478 31 1 2.48206e-314 0 0 0 
5.59 0 0 0.02 1 0.0001 0.00015 0.32 479 31 1 2.48206e-314 0 0 0 
5.61 0 0 0.02 1 0.0001 0.00015 0.32 480 31 1 2.48206e-314 0 0 0 
5.63 0 0 0.02 1 0.0001 0.00015 0.32 481 31 1 2.48206e-314 0 0 0 
5.65 0 0 0.02 1 0.0001 0.00015 0.32 482 31 1 2.48206e-314 0 0 0 
5.67 0 0 0.02 1 0.0001 0.00015 0.32 483 31 1 2.48206e-314 0 0 0 
5.69 0 0 0.02 1 0.0001 0.00015 0.32 484 31 1 2.48206e-314 0 0 0 
5.71 0 0 0.02 1 0.0001 0.00015 0.32 485 31 1 2.48206e-314 0 0 0 
5.73 0 0 0.02 1 0.0001 0.00015 0.32 486 31 1 2.48206e-314 0 0 0 
5.75 0 0 0.02 1 0.0001 0.00015 0.32 487 31 1 2.48206e-314 0 0 0 
5.77 0 0 0.02 1 0.0001 0.00015 0.32 488 31 1 2.48206e-314 0 0 0 
5.79 0 0 0.02 1 0.0001 0.00015 0.32 489 31 1 2.48206e-314 0 0 0 
5.81 0 0 0.02 1 0.0001 0.00015 0.32 490 31 1 2.48206e-314 0 0 0 
5.83 0 0 0.02 1 0.0001 0.00015 0.32 491 31 1 2.48206e-314 0 0 0 
5.85 0 0 0.02 1 0.0001 0.00015 0.32 492 31 1 2.48206e-314 0 0 0 
5.87 0 0 0.02 1 0.0001 0.00015 0.32 493 31 1 2.48206e-314 0 0 0 
5.89 0 0 0.02 1 0.0001 0.00015 0.32 494 31 1 2.48206e-314 0 0 0 
5.91 0 0 0.02 1 0.0001 0.00015 0.32 495 31 1 2.48206e-314 0 0 0 
5.93 0 0 0.02 1 0.0001 0.00015 0.32 496 31 1 2.48206e-314 0 0 0 
5.95 0 0 0.02 1 0.0001 0.00015 0.32 497 31 1 2.48206e-314 0 0 0 
5.97 0 0 0.02 1 0.0001 0.00015 0.32 498 31 1 2.48206e-314 0 0 0 
5.99 0 0 0.02 1 0.0001 0.00015 0.32 499 31 1 2.48206e-314 0 0 0 
6.01 0 0 0.02 1 0.0001 0.00015 0.32 500 31 1 2.48206e-314 0 0 0 
6.03 0 0 0.02 1 0.0001 0.00015 0.32 501 31 1 2.48206e-314 0 0 0 
6.05 0 0 0.02 1 0.0001 0.00015 0.32 502 31 1 2.48206e-314 0 0 0 
6.07 0 0 0.02 1 0.0001 0.00015 0.32 503 31 1 2.48206e-314 0 0 0 
6.09 0 0 0.02 1 0.0001 0.00015 0.32 504 31 1 2.48206e-314 0 0 0 
6.11 0 0 0.02 1 0.0001 0.00015 0.32 505 31 1 2.48206e-314 0 0 0 
6.13 0 0 0.02 1 0.0001 0.00015 0.32 506 31 1 2.48206e-314 0 0 0 
6.15 0 0 0.02 1 0.0001 0.00015 0.32 507 31 1 2.48206e-314 0 0 0 
6.17 0 0 0.02 1 0.0001 0.00015 0.32 508 31 1 2.48206e-314 0 0 0 
6.19 0 0 0.02 1 0.0001 0.00015 0.32 509 31 1 2.48206e-314 0 0 0 
6.21 0 0 0.02 1 0.0001 0.00015 0.32 510 31 1 2.48206e-314 0 0 0 
6.23 0 0 0.02 1 0.0001 0.00015 0.32 511 31 1 2.48206e-314 0 0 0 
6.25 0 0 0.02 1 0.0001 0.00015 0.32 512 31 1 2.48206e-314 0 0 0 
6.27 0 0 0.02 1 0.0001 0.00015 0.32 513 31 1 2.48206e-314 0 0 0 
6.29 0 0 0.02 1 0.0001 0.00015 0.32 514 31 1 2.48206e-314 0 0 0 
6.31 0 0 0.02 1 0.0001 0.00015 0.32 515 31 1 2.48206e-314 0 0 0 
6.33 0 0 0.02 1 0.0001 0.00015 0.32 516 31 1 2.48206e-314 0 0 0 
6.35 0 0 0.02 1 0.0001 0.00015 0.32 517 31 1 2.48206e-314 0 0 0 
6.37 0 0 0.02 1 0.0001 0.00015 0.32 518 31 1 2.48206e-314 0 0 0 
6.39 0 0 0.02 1 0.0001 0.00015 0.32 519 31 1 2.48206e-314 0 0 0 
6.41 0 0 0.02 1 0.0001 0.00015 0.32 520 31 1 2.48206e-314 0 0 0 
6.43 0 0 0.02 1 0.0001 0.00015 0.32 521 31 1 2.48206e-314 0 0 0 
6.45 0 0 0.02 1 0.0001 0.00015 0.32 522 31 1 2.48206e-314 0 0 0 
6.47 0 0 0.02 1 0.0001 0.00015 0.32 523 31 1 2.48206e-314 0 0 0 
6.49 0 0 0.02 1 0.0001 0.00015 0.32 524 31 1 2.48206e-314 0 0 0 
6.51 0 0 0.02 1 0.0001 0.00015 0.32 525 31 1 2.48206e-314 0 0 0 
6.53 0 0 0.02 1 0.0001 0.00015 0.32 526 31 1 2.48206e-314 0 0 0 
6.55 0 0 0.02 1 0.0001 0.00015 0.32 527 31 1 2.48206e-314 0 0 0 
6.57 0 0 0.02 1 0.0001 0.00015 0.32 528 31 1 2.48206e-314 0 0 0 
6.59 0 0 0.02 1 0.0001 0.00015 0.32 529 31 1 2.48206e-314 0 0 0 
6.61 0 0 0.02 1 0.0001 0.00015 0.32 530 31 1 2.48206e-314 0 0 0 
6.63 0 0 0.02 1 0.0001 0.00015 0.32 531 31 1 2.48206e-314 0 0 0 
6.65 0 0 0.02 1 0.0001 0.00015 0.32 532 31 1 2.48206e-314 0 0 0 
6.67 0 0 0.02 1 0.0001 0.00015 0.32 533 31 1 2.48206e-314 0 0 0 
6.69 0 0 0.02 1 0.0001 0.00015 0.32 534 31 1 2.48206e-314 0 0 0 
6.71 0 0 0.02 1 0.0001 0.00015 0.32 535 31 1 2.48206e-314 0 0 0 
6.73 0 0 0.02 1 0.0001 0.00015 0.32 536 31 1 2.48206e-314 0 0 0 
6.75 0 0 0.02 1 0.0001 0.00015 0.32 537 31 1 2.48206e-314 0 0 0 
6.77 0 0 0.02 1 0.0001 0.00015 0.32 538 31 1 2.48206e-314 0 0 0 
6.79 0 0 0.02 1 0.0001 0.00015 0.32 539 31 1 2.48206e-314 0 0 0 
6.81 0 0 0.02 1 0.0001 0.00015 0.32 540 31 1 2.48206e-314 0 0 0 
6.83 0 0 0.02 1 0.0001 0.00015 0.32 541 31 1 2.48206e-314 0 0 0 
6.85 0 0 0.02 1 0.0001 0.00015 0.32 542 31 1 2.48206e-314 0 0 0 
6.87 0 0 0.02 1 0.0001 0.00015 0.32 543 31 1 2.48206e-314 0 0 0 
6.89 0 0 0.02 1 0.0001 0.00015 0.32 544 31 1 2.48206e-314 0 0 0 
6.91 0 0 0.02 1 0.0001 0.00015 0.32 545 31 1 2.48206e-314 0 0 0 
6.93 0 0 0.02 1 0.0001 0.00015 0.32 546 31 1 2.48206e-314 0 0 0 
6.95 0 0 0.02 1 0.0001 0.00015 0.32 547 31 1 2.48206e-314 0 0 0 
6.97 0 0 0.02 1 0.0001 0.00015 0.32 548 31 1 2.48206e-314 0 0 0 
6.99 0 0 0.02 1 0.0001 0.00015 0.32 549 31 1 2.48206e-314 0 0 0 
7.01 0 0 0.02 1 0.0001 0.00015 0.32 550 31 1 2.48206e-314 0 0 0 
7.03 0 0 0.02 1 0.0001 0.00015 0.32 551 31 1 2.48206e-314 0 0 0 
7.05 0 0 0.02 1 0.0001 0.00015 0.32 552 31 1 2.48206e-314 0 0 0 
7.07 0 0 0.02 1 0.0001 0.00015 0.32 553 31 1 2.48206e-314 0 0 0 
7.09 0 0 0.02 1 0.0001 0.00015 0.32 554 31 1 2.48206e-314 0 0 0 
7.11 0 0 0.02 1 0.0001 0.00015 0.32 555 31 1 2.48206e-314 0 0 0 
7.13 0 0 0.02 1 0.0001 0.00015 0.32 556 31 1 2.48206e-314 0 0 0 
7.15 0 0 0.02 1 0.0001 0.00015 0.32 557 31 1 2.48206e-314 0 0 0 
7.17 0 0 0.02 1 0.0001 0.00015 0.32 558 31 1 2.48206e-314 0 0 0 
7.19 0 0 0.02 1 0.0001 0.00015 0.32 559 31 1 2.48206e-314 0 0 0 
7.21 0 0 0.02 1 0.0001 0.00015 0.32 560 31 1 2.48206e-314 0 0 0 
7.23 0 0 0.02 1 0.0001 0.00015 0.32 561 31 1 2.48206e-314 0 0 0 
7.25 0 0 0.02 1 0.0001 0.00015 0.32 562 31 1 2.48206e-314 0 0 0 
7.27 0 0 0.02 1 0.0001 0.00015 0.32 563 31 1 2.48206e-314 0 0 0 
7.29 0 0 0.02 1 0.0001 0.00015 0.32 564 31 1 2.48206e-314 0 0 0 
7.31 0 0 0.02 1 0.0001 0.00015 0.32 565 31 1 2.48206e-314 0 0 0 
7.33 0 0 0.02 1 0.0001 0.00015 0.32 566 31 1 2.48206e-314 0 0 0 
7.35 0 0 0.02 1 0.0001 0.00015 0.32 567 31 1 2.48206e-314 0 0 0 
7.37 0 0 0.02 1 0.0001 0.00015 0.32 568 31 1 2.48206e-314 0 0 0 
7.39 -4.43524e-25 -2.11758e-22 0.02 1 0.0001 0.00015 0.32 569 31 1 2.48206e-314 0 0 0 
7.41 -1.17547e-22 -8.89385e-21 0.02 1 0.0001 0.00015 0.32 570 31 1 2.48206e-314 0 0 0 
7.43 -8.38333e-22 -5.97158e-20 0.02 1 0.0001 0.00015 0.32 571 31 1 2.48206e-314 0 0 0 
7.45 -3.18781e-21 -2.24464e-19 0.02 1 0.0001 0.00015 0.32 572 31 1 2.48206e-314 0 0 0 
7.47 -8.87997e-21 -6.22993e-19 0.02 1 0.0001 0.00015 0.32 573 31 1 2.48206e-314 0 0 0 
7.49 -2.00247e-20 -1.3976e-18 0.02 1 0.0001 0.00015 0.32 574 31 1 2.48206e-314 0 0 0 
7.51 -4.04637e-20 -2.82401e-18 0.02 1 0.0001 0.00015 0.32 575 31 1 2.48206e-314 0 0 0 
7.53 -7.37354e-20 -5.13641e-18 0.02 1 0.0001 0.00015 0.32 576 31 1 2.48206e-314 0 0 0 
7.55 -1.24143e-19 -8.63931e-18 0.02 1 0.0001 0.00015 0.32 577 31 1 2.48206e-314 0 0 0 
7.57 -1.97156e-19 -1.37245e-17 0.02 1 0.0001 0.00015 0.32 578 31 1 2.48206e-314 0 0 0 
7.59 -2.93698e-19 -2.04321e-17 0.02 1 0.0001 0.00015 0.32 579 31 1 2.48206e-314 0 0 0 
7.61 -4.14964e-19 -2.88512e-17 0.02 1 0.0001 0.00015 0.32 580 31 1 2.48206e-314 0 0 0 
7.63 -5.56111e-19 -3.85796e-17 0.02 1 0.0001 0.00015 0.32 581 31 1 2.48206e-314 0 0 0 
7.65 -7.10907e-19 -4.93337e-17 0.02 1 0.0001 0.00015 0.32 582 31 1 2.48206e-314 0 0 0 
7.67 -8.66897e-19 -6.01601e-17 0.02 1 0.0001 0.00015 0.32 583 31 1 2.48206e-314 0 0 0 
7.69 -1.00703e-18 -6.97498e-17 0.02 1 0.0001 0.00015 0.32 584 31 1 2.48206e-314 0 0 0 
7.71 -9.73639e-19 -6.75543e-17 0.02 1 0.0001 0.00015 0.32 585 32 1 2.48206e-314 0 0 0 
7.73 -7.44614e-19 -5.16034e-17 0.02 1 0.0001 0.00015 0.32 586 32 1 2.48206e-314 0 0 0 
7.75 -3.0105e-19 -2.07836e-17 0.02 1 0.0001 0.00015 0.32 587 32 1 2.48206e-314 0 0 0 
7.77 3.62658e-19 2.52973e-17 0.02 1 0.0001 0.00015 0.32 588 32 1 2.48206e-314 0 0 0 
7.79 1.24434e-18 8.64535e-17 0.02 1 0.0001 0.00015 0.32 589 32 1 2.48206e-314 0 0 0 
7.81 2.33591e-18 1.62431e-16 0.02 1 0.0001 0.00015 0.32 590 32 1 2.48206e-314 0 0 0 
7.83 3.61816e-18 2.51406e-16 0.02 1 0.0001 0.00015 0.32 591 32 1 2.48206e-314 0 0 0 
7.85 5.0655e-18 3.51864e-16 0.02 1 0.0001 0.00015 0.32 592 32 1 2.48206e-314 0 0 0 
7.87 6.06943e-18 4.21517e-16 0.02 1 0.0001 0.00015 0.32 593 32 1 2.48206e-314 0 0 0 
7.89 6.59641e-18 4.58202e-16 0.02 1 0.0001 0.00015 0.32 594 32 1 2.48206e-314 0 0 0 
7.91 6.6137e-18 4.59406e-16 0.02 1 0.0001 0.00015 0.32 595 32 1 2.48206e-314 0 0 0 
7.93 6.10675e-18 4.24153e-16 0.02 1 0.0001 0.00015 0.32 596 32 1 2.48206e-314 0 0 0 
7.95 5.07495e-18 3.52587e-16 0.02 1 0.0001 0.00015 0.32 597 33 1 2.48206e-314 0 0 0 
7.97 3.53169e-18 2.4541e-16 0.02 1 0.0001 0.00015 0.32 598 33 1 2.48206e-314 0 0 0 
7.99 1.48434e-18 1.03181e-16 0.02 1 0.0001 0.00015 0.32 599 33 1 2.48206e-314 0 0 0 
-4.01 0 0.0465004 0.02 1 10000 15000 0.32 600 32 1 3.03136e-314 0 0 0 
-4.03 0 5.09693 0.02 1 10000 15000 0.32 601 32 1 3.03136e-314 0 0 0 
-4.05 0 31.7494 0.02 1 10000 15000 0.32 602 32 1 3.03136e-314 0 0 0 
-4.07 0 96.8916 0.02 1 10000 15000 0.32 603 32 1 3.03136e-314 0 0 0 
-4.09 0 220.238 0.02 1 10000 15000 0.32 604 32 1 3.03136e-314 0 0 0 
-4.11 0 434.94 0.02 1 10000 15000 0.32 605 32 1 3.03136e-314 0 0 0 
-4.13 0 784.432 0.02 1 10000 15000 0.32 606 32 1 3.03136e-314 0 0 0 
-4.15 0 1344.36 0.02 1 10000 15000 0.32 607 32 1 3.03136e-314 0 0 0 
-4.17 0 2290.56 0.02 1 10000 15000 0.32 608 32 1 3.03136e-314 0 0 0 
-4.19 0 3616.93 0.02 1 10000 15000 0.32 609 32 1 3.03136e-314 0 0 0 
-4.21 0 5195.72 0.02 1 10000 15000 0.32 610 31 1 3.03136e-314 0 0 0 
-4.23 0 6894.75 0.02 1 10000 15000 0.32 611 31 1 3.03136e-314 0 0 0 
-4.25 0 8575.01 0.02 1 10000 15000 0.32 612 31 1 3.03136e-314 0 0 0 
-4.27 0 10087.8 0.02 1 10000 15000 0.32 613 31 1 3.03136e-314 0 0 0 
-4.29 0 11271.5 0.02 1 10000 15000 0.32 614 32 1 3.03136e-314 0 0 0 
-4.31 0 11945.9 0.02 1 10000 15000 0.32 615 32 1 3.03136e-314 0 0 0 
-4.33 0 11898.3 0.02 1 10000 15000 0.32 616 31 1 3.03136e-314 0 0 0 
-4.35 0 10568.1 0.02 0.999959 9999.59 15000 0.320013 617 31 1 3.03136e-314 0 0 0 
-4.37 0 7252.03 0.02 0.999631 9996.31 15000 0.320118 618 30 1 3.03136e-314 0 0 0 
-4.39 0 2132.63 0.02 0.998503 9985.03 15000 0.32048 619 29 1 3.03136e-314 0 0 0 
-4.41 0 -4512.16 0.02 0.995748 9957.48 15000 0.321366 620 28 1 3.03136e-314 0 0 0 
-4.43 0 -12400.6 0.02 0.990126 9901.26 15000 0.323191 621 27 1 3.03136e-314 0 0 0 
-4.45 0 -21257.3 0.02 0.979822 9798.22 15000 0.32659 622 26 1 3.03136e-314 0 0 0 
-4.47 0 -30832.5 0.02 0.962228 9622.28 15000 0.332561 623 25 1 3.03136e-314 0 0 0 
-4.49 0 -40888 0.02 0.933731 9337.31 15000 0.342711 624 25 1 3.03136e-314 0 0 0 
-4.51 0 -50859.8 0.02 0.890771 8907.71 15000 0.359239 625 24 1 3.03136e-314 0 0 0 
-4.53 0 -59973.5 0.02 0.832895 8328.95 15000 0.384202 626 25 1 3.03136e-314 0 0 0 
-4.55 0 -67510.9 0.02 0.764751 7647.51 15000 0.418437 627 25 1 3.03136e-314 0 0 0 
-4.57 0 -73025.8 0.02 0.6944 6944 15000 0.460829 628 27 1 3.03136e-314 0 0 0 
-4.59 0 -76508.9 0.02 0.62873 6287.3 15000 0.508962 629 28 1 3.03136e-314 0 0 0 
-4.61 0 -78250 0.02 0.571028 5710.28 15000 0.560393 630 30 1 3.03136e-314 0 0 0 
-4.63 0 -78627.5 0.02 0.521739 5217.39 15000 0.613333 631 31 1 3.03136e-314 0 0 0 
8.01 0 -7.14701e-17 0.02 1 0.0001 0.00015 0.32 632 33 1 3.03136e-314 0 0 0 
8.03 0 -5.06339e-08 0.02 1 0.0001 0.00015 0.32 633 33 1 3.03136e-314 0 0 0 
8.05 0 -3.17263e-07 0.02 1 0.0001 0.00015 0.32 634 33 1 3.03136e-314 0 0 0 
8.07 0 -9.68767e-07 0.02 1 0.0001 0.00015 0.32 635 33 1 3.03136e-314 0 0 0 
8.09 0 -2.20229e-06 0.02 1 0.0001 0.00015 0.32 636 32 1 3.03136e-314 0 0 0 
8.11 0 -4.34936e-06 0.02 1 0.0001 0.00015 0.32 637 32 1 3.03136e-314 0 0 0 
8.13 0 -7.84431e-06 0.02 1 0.0001 0.00015 0.32 638 32 1 3.03136e-314 0 0 0 
8.15 0 -1.34436e-05 0.02 1 0.0001 0.00015 0.32 639 32 1 3.03136e-314 0 0 0 
8.17 0 -2.29056e-05 0.02 1 0.0001 0.00015 0.32 640 32 1 3.03136e-314 0 0 0 
8.19 0 -3.61693e-05 0.02 1 0.0001 0.00015 0.32 641 32 1 3.03136e-314 0 0 0 
8.21 0 -5.19572e-05 0.02 1 0.0001 0.00015 0.32 642 32 1 3.03136e-314 0 0 0 
8.23 0 -6.89475e-05 0.02 1 0.0001 0.00015 0.32 643 32 1 3.03136e-314 0 0 0 
8.25 0 -8.57501e-05 0.02 1 0.0001 0.00015 0.32 644 32 1 3.03136e-314 0 0 0 
8.27 0 -0.000100878 0.02 1 0.0001 0.00015 0.32 645 32 1 3.03136e-314 0 0 0 
8.29 0 -0.000112715 0.02 1 0.0001 0.00015 0.32 646 31 1 3.03136e-314 0 0 0 
8.31 0 -0.000119459 0.02 1 0.0001 0.00015 0.32 647 31 1 3.03136e-314 0 0 0 
8.33 0 -0.000118983 0.02 1 0.0001 0.00015 0.32 648 31 1 3.03136e-314 0 0 0 
8.35 0 -0.000105681 0.02 0.999959 9.99959e-05 0.00015 0.320013 649 31 1 3.03136e-314 0 0 0 
8.37 0 -7.25203e-05 0.02 0.999631 9.99631e-05 0.00015 0.320118 650 30 1 3.03136e-314 0 0 0 
8.39 0 -2.13263e-05 0.02 0.998503 9.98503e-05 0.00015 0.32048 651 29 1 3.03136e-314 0 0 0 
8.41 0 4.51216e-05 0.02 0.995748 9.95748e-05 0.00015 0.321366 652 28 1 3.03136e-314 0 0 0 
8.43 0 0.000124006 0.02 0.990126 9.90126e-05 0.00015 0.323191 653 27 1 3.03136e-314 0 0 0 
8.45 0 0.000212573 0.02 0.979822 9.79822e-05 0.00015 0.32659 654 26 1 3.03136e-314 0 0 0 
8.47 0 0.000308325 0.02 0.962228 9.62228e-05 0.00015 0.332561 655 25 1 3.03136e-314 0 0 0 
8.49 0 0.00040888 0.02 0.933731 9.33731e-05 0.00015 0.342711 656 25 1 3.03136e-314 0 0 0 
8.51 0 0.000508598 0.02 0.890771 8.90771e-05 0.00015 0.359239 657 24 1 3.03136e-314 0 0 0 
8.53 0 0.000599735 0.02 0.832895 8.32895e-05 0.00015 0.384202 658 25 1 3.03136e-314 0 0 0 
8.55 0 0.000675109 0.02 0.764751 7.64751e-05 0.00015 0.418437 659 25 1 3.03136e-314 0 0 0 
8.57 0 0.000730258 0.02 0.6944 6.944e-05 0.00015 0.460829 660 27 1 3.03136e-314 0 0 0 
8.59 0 0.000765089 0.02 0.62873 6.2873e-05 0.00015 0.508962 661 28 1 3.03136e-314 0 0 0 
8.61 0 0.0007825 0.02 0.571028 5.71028e-05 0.00015 0.560393 662 30 1 3.03136e-314 0 0 0 
8.63 0 0.000786275 0.02 0.521739 5.21739e-05 0.00015 0.613333 663 31 1 3.03136e-314 0 0 0 
