# Time [s]: 0.020903
# Columns: pos [m], vel [m/s], acc [m/s^2], mass [kg], dens [kg/m^3], pres [Pa], ene [J/kg], sml [m], id, neighbor, alpha, gradh, ...additional?
# Additional arrays: grad_velocity_0(vector) grad_pressure(vector) grad_density(vector) 
-3.9898 0.173201 127.983 0.02 0.998465 9974.15 14984.1 0.320492 0 32 1 2.48207e-314 0 0 0 
-3.96979 0.17927 128.399 0.02 0.99832 9971.6 14982.4 0.320539 1 32 1 2.48207e-314 0 0 0 
-3.94977 0.189906 132.417 0.02 0.998183 9969.01 14980.6 0.320583 2 32 1 2.48207e-314 0 0 0 
-3.92975 0.204927 139.721 0.02 0.99805 9966.35 14978.5 0.320625 3 32 1 2.48207e-314 0 0 0 
-3.90973 0.224263 150.118 0.02 0.997917 9963.57 14976.3 0.320668 4 32 1 2.48207e-314 0 0 0 
-3.88969 0.247946 163.518 0.02 0.99778 9960.65 14974 0.320712 5 32 1 2.48207e-314 0 0 0 
-3.86965 0.276098 179.93 0.02 0.997633 9957.52 14971.5 0.320759 6 32 1 2.48207e-314 0 0 0 
-3.84961 0.308953 199.473 0.02 0.997473 9954.16 14968.8 0.320811 7 32 1 2.48207e-314 0 0 0 
-3.82956 0.346876 222.395 0.02 0.997292 9950.49 14966 0.320869 8 32 1 2.48207e-314 0 0 0 
-3.8095 0.385796 244.8 0.02 0.997087 9946.49 14963 0.320935 9 32 1 2.48207e-314 0 0 0 
-3.78945 0.426205 267.11 0.02 0.996861 9942.16 14959.9 0.321008 10 32 1 2.48207e-314 0 0 0 
-3.76938 0.46849 289.623 0.02 0.996613 9937.5 14956.6 0.321088 11 32 1 2.48207e-314 0 0 0 
-3.74932 0.512953 312.536 0.02 0.996343 9932.48 14953.1 0.321175 12 32 1 2.48207e-314 0 0 0 
-3.72925 0.559827 335.963 0.02 0.99605 9927.1 14949.4 0.321269 13 32 1 2.48207e-314 0 0 0 
-3.70917 0.609291 359.952 0.02 0.995734 9921.33 14945.4 0.321371 14 32 1 2.48207e-314 0 0 0 
-3.68908 0.661468 384.479 0.02 0.995395 9915.16 14941.2 0.32148 15 32 1 2.48207e-314 0 0 0 
-3.66899 0.716419 409.459 0.02 0.995032 9908.57 14936.7 0.321598 16 32 1 2.48207e-314 0 0 0 
-3.6489 0.775242 435.741 0.02 0.994644 9901.55 14931.9 0.321723 17 32 1 2.48207e-314 0 0 0 
-3.62879 0.837956 463.173 0.02 0.994229 9894.05 14926.8 0.321857 18 32 1 2.48207e-314 0 0 0 
-3.60868 0.904612 491.633 0.02 0.993786 9886.07 14921.4 0.322001 19 32 1 2.48207e-314 0 0 0 
-3.58855 0.975297 521.034 0.02 0.993314 9877.58 14915.7 0.322154 20 32 1 2.48207e-314 0 0 0 
-3.56842 1.05013 551.312 0.02 0.992811 9868.56 14909.6 0.322317 21 32 1 2.48207e-314 0 0 0 
-3.54828 1.12923 582.424 0.02 0.992276 9858.99 14903.2 0.322491 22 32 1 2.48207e-314 0 0 0 
-3.52812 1.21275 614.341 0.02 0.991709 9848.86 14896.4 0.322675 23 32 1 2.48207e-314 0 0 0 
-3.50796 1.30087 647.052 0.02 0.991108 9838.16 14889.2 0.322871 24 32 1 2.48207e-314 0 0 0 
-3.48778 1.39377 680.572 0.02 0.990473 9826.86 14881.6 0.323078 25 32 1 2.48207e-314 0 0 0 
-3.46759 1.49165 714.896 0.02 0.989802 9814.95 14873.7 0.323297 26 32 1 2.48207e-314 0 0 0 
-3.44738 1.59466 750.01 0.02 0.989094 9802.41 14865.3 0.323529 27 32 1 2.48207e-314 0 0 0 
-3.42716 1.70297 785.889 0.02 0.988348 9789.23 14856.5 0.323773 28 32 1 2.48207e-314 0 0 0 
-3.40693 1.81674 822.504 0.02 0.987563 9775.38 14847.3 0.32403 29 32 1 2.48207e-314 0 0 0 
-3.38667 1.93614 859.82 0.02 0.986738 9760.86 14837.6 0.324301 30 32 1 2.48207e-314 0 0 0 
-3.36641 2.06129 897.798 0.02 0.985871 9745.64 14827.5 0.324586 31 32 1 2.48207e-314 0 0 0 
-3.34612 2.19236 936.396 0.02 0.984963 9729.71 14816.9 0.324885 32 32 1 2.48207e-314 0 0 0 
-3.32581 2.32947 975.568 0.02 0.984011 9713.06 14805.9 0.3252 33 32 1 2.48207e-314 0 0 0 
-3.30549 2.47276 1015.27 0.02 0.983015 9695.68 14794.3 0.325529 34 32 1 2.48207e-314 0 0 0 
-3.28514 2.62235 1055.45 0.02 0.981973 9677.54 14782.3 0.325874 35 32 1 2.48207e-314 0 0 0 
-3.26477 2.77838 1096.06 0.02 0.980886 9658.64 14769.8 0.326236 36 32 1 2.48207e-314 0 0 0 
-3.24438 2.94096 1137.06 0.02 0.979751 9638.98 14756.8 0.326614 37 32 1 2.48207e-314 0 0 0 
-3.22397 3.11021 1178.39 0.02 0.978569 9618.52 14743.3 0.327008 38 32 1 2.48207e-314 0 0 0 
-3.20353 3.28623 1220.01 0.02 0.977338 9597.28 14729.3 0.32742 39 32 1 2.48207e-314 0 0 0 
-3.18306 3.46913 1261.86 0.02 0.976057 9575.24 14714.7 0.32785 40 32 1 2.48207e-314 0 0 0 
-3.16257 3.659 1303.89 0.02 0.974727 9552.38 14699.6 0.328297 41 32 1 2.48207e-314 0 0 0 
-3.14205 3.85593 1346.04 0.02 0.973345 9528.72 14684 0.328763 42 32 1 2.48207e-314 0 0 0 
-3.12149 4.06 1388.27 0.02 0.971913 9504.23 14667.9 0.329248 43 32 1 2.48207e-314 0 0 0 
-3.10091 4.27129 1430.52 0.02 0.970428 9478.92 14651.2 0.329751 44 32 1 2.48207e-314 0 0 0 
-3.0803 4.48987 1472.73 0.02 0.968891 9452.78 14634 0.330274 45 32 1 2.48207e-314 0 0 0 
-3.05965 4.71581 1514.86 0.02 0.967302 9425.81 14616.2 0.330817 46 32 1 2.48207e-314 0 0 0 
-3.03897 4.94914 1556.86 0.02 0.965659 9398 14597.9 0.33138 47 32 1 2.48207e-314 0 0 0 
-3.01825 5.18994 1598.66 0.02 0.963962 9369.36 14579.1 0.331963 48 32 1 2.48207e-314 0 0 0 
-2.9975 5.43823 1640.23 0.02 0.962212 9339.89 14559.6 0.332567 49 32 1 2.48207e-314 0 0 0 
-2.9767 5.69406 1681.52 0.02 0.960408 9309.59 14539.7 0.333192 50 32 1 2.48207e-314 0 0 0 
-2.95587 5.95745 1722.47 0.02 0.958549 9278.46 14519.2 0.333838 51 32 1 2.48207e-314 0 0 0 
-2.935 6.22843 1763.04 0.02 0.956636 9246.51 14498.1 0.334505 52 32 1 2.48207e-314 0 0 0 
-2.91408 6.50701 1803.19 0.02 0.954669 9213.73 14476.5 0.335195 53 32 1 2.48207e-314 0 0 0 
-2.89312 6.79321 1842.88 0.02 0.952647 9180.14 14454.3 0.335906 54 32 1 2.48207e-314 0 0 0 
-2.87212 7.08703 1882.05 0.02 0.950572 9145.74 14431.6 0.33664 55 32 1 2.48207e-314 0 0 0 
-2.85106 7.38847 1920.68 0.02 0.948441 9110.54 14408.4 0.337396 56 32 1 2.48207e-314 0 0 0 
-2.82996 7.69752 1958.73 0.02 0.946257 9074.55 14384.6 0.338174 57 32 1 2.48207e-314 0 0 0 
-2.80881 8.01418 1996.15 0.02 0.944019 9037.77 14360.3 0.338976 58 32 1 2.48207e-314 0 0 0 
-2.78761 8.33842 2032.92 0.02 0.941727 9000.21 14335.4 0.339801 59 32 1 2.48207e-314 0 0 0 
-2.76636 8.67022 2069 0.02 0.939383 8961.89 14310 0.340649 60 32 1 2.48207e-314 0 0 0 
-2.74506 9.00955 2104.35 0.02 0.936985 8922.82 14284.1 0.341521 61 32 1 2.48207e-314 0 0 0 
-2.72369 9.35638 2138.96 0.02 0.934534 8883.01 14257.7 0.342417 62 32 1 2.48207e-314 0 0 0 
-2.70228 9.71067 2172.79 0.02 0.932032 8842.47 14230.7 0.343336 63 32 1 2.48207e-314 0 0 0 
-2.6808 10.0724 2205.81 0.02 0.929478 8801.21 14203.3 0.344279 64 32 1 2.48207e-314 0 0 0 
-2.65926 10.4415 2238 0.02 0.926872 8759.26 14175.3 0.345247 65 32 1 2.48207e-314 0 0 0 
-2.63766 10.8179 2269.34 0.02 0.924217 8716.61 14146.9 0.346239 66 32 1 2.48207e-314 0 0 0 
-2.616 11.2015 2299.81 0.02 0.921511 8673.3 14117.9 0.347256 67 32 1 2.48207e-314 0 0 0 
-2.59428 11.5924 2329.37 0.02 0.918756 8629.33 14088.5 0.348297 68 32 1 2.48207e-314 0 0 0 
-2.57249 11.9904 2358.02 0.02 0.915953 8584.73 14058.6 0.349363 69 32 1 2.48207e-314 0 0 0 
-2.55063 12.3955 2385.74 0.02 0.913101 8539.5 14028.2 0.350454 70 32 1 2.48207e-314 0 0 0 
-2.5287 12.8076 2412.51 0.02 0.910203 8493.66 13997.3 0.35157 71 32 1 2.48207e-314 0 0 0 
-2.5067 13.2266 2438.31 0.02 0.907258 8447.24 13966 0.352711 72 32 1 2.48207e-314 0 0 0 
-2.48463 13.6524 2463.12 0.02 0.904267 8400.25 13934.3 0.353878 73 32 1 2.48207e-314 0 0 0 
-2.46248 14.0851 2486.94 0.02 0.901232 8352.71 13902.1 0.355069 74 32 1 2.48207e-314 0 0 0 
-2.44026 14.5244 2509.75 0.02 0.898154 8304.64 13869.5 0.356286 75 32 1 2.48207e-314 0 0 0 
-2.41796 14.9702 2531.54 0.02 0.895032 8256.05 13836.4 0.357529 76 32 1 2.48207e-314 0 0 0 
-2.39559 15.4226 2552.29 0.02 0.891868 8206.97 13803 0.358797 77 32 1 2.48207e-314 0 0 0 
-2.37313 15.8814 2572 0.02 0.888663 8157.42 13769.2 0.360091 78 32 1 2.48207e-314 0 0 0 
-2.35059 16.3465 2590.65 0.02 0.885419 8107.42 13734.9 0.361411 79 32 1 2.48207e-314 0 0 0 
-2.32797 16.8177 2608.23 0.02 0.882135 8056.98 13700.3 0.362756 80 32 1 2.48207e-314 0 0 0 
-2.30526 17.295 2624.73 0.02 0.878813 8006.13 13665.3 0.364127 81 32 1 2.48207e-314 0 0 0 
-2.28246 17.7783 2640.14 0.02 0.875455 7954.89 13629.9 0.365524 82 32 1 2.48207e-314 0 0 0 
-2.25958 18.2675 2654.45 0.02 0.87206 7903.28 13594.2 0.366947 83 32 1 2.48207e-314 0 0 0 
-2.23661 18.7623 2667.65 0.02 0.868631 7851.33 13558.2 0.368396 84 32 1 2.48207e-314 0 0 0 
-2.21354 19.2628 2679.72 0.02 0.865169 7799.04 13521.8 0.36987 85 32 1 2.48207e-314 0 0 0 
-2.19038 19.7688 2690.67 0.02 0.861674 7746.46 13485.1 0.37137 86 32 1 2.48207e-314 0 0 0 
-2.16713 20.28 2700.48 0.02 0.858148 7693.59 13448.1 0.372896 87 32 1 2.48207e-314 0 0 0 
-2.14378 20.7965 2709.13 0.02 0.854592 7640.46 13410.9 0.374448 88 32 1 2.48207e-314 0 0 0 
-2.12033 21.3181 2716.62 0.02 0.851007 7587.09 13373.3 0.376025 89 32 1 2.48207e-314 0 0 0 
-2.09678 21.8445 2722.93 0.02 0.847395 7533.51 13335.5 0.377628 90 32 1 2.48207e-314 0 0 0 
-2.07313 22.3757 2728.06 0.02 0.843757 7479.74 13297.4 0.379256 91 32 1 2.48207e-314 0 0 0 
-2.04938 22.9115 2731.98 0.02 0.840094 7425.8 13259.1 0.38091 92 32 1 2.48207e-314 0 0 0 
-2.02552 23.4516 2734.69 0.02 0.836408 7371.71 13220.5 0.382588 93 32 1 2.48207e-314 0 0 0 
-2.00156 23.9961 2736.18 0.02 0.8327 7317.51 13181.7 0.384292 94 32 1 2.48207e-314 0 0 0 
-1.97749 24.5446 2736.42 0.02 0.828972 7263.21 13142.8 0.38602 95 32 1 2.48207e-314 0 0 0 
-1.95331 25.0969 2735.41 0.02 0.825224 7208.84 13103.7 0.387773 96 32 1 2.48207e-314 0 0 0 
-1.92902 25.653 2733.12 0.02 0.821459 7154.43 13064.4 0.389551 97 32 1 2.48207e-314 0 0 0 
-1.90461 26.2125 2729.55 0.02 0.817678 7099.99 13024.9 0.391352 98 32 1 2.48207e-314 0 0 0 
-1.8801 26.7753 2724.68 0.02 0.813883 7045.55 12985.3 0.393177 99 32 1 2.48207e-314 0 0 0 
-1.85546 27.3411 2718.48 0.02 0.810074 6991.15 12945.7 0.395025 100 32 1 2.48207e-314 0 0 0 
-1.83071 27.9098 2710.96 0.02 0.806255 6936.8 12905.9 0.396897 101 32 1 2.48207e-314 0 0 0 
-1.80584 28.481 2702.08 0.02 0.802427 6882.53 12866 0.39879 102 32 1 2.48207e-314 0 0 0 
-1.78086 29.0545 2691.83 0.02 0.79859 6828.36 12826.1 0.400706 103 32 1 2.48207e-314 0 0 0 
-1.75575 29.6301 2680.19 0.02 0.794748 6774.34 12786.1 0.402643 104 32 1 2.48207e-314 0 0 0 
-1.73052 30.2075 2667.14 0.02 0.790902 6720.47 12746.2 0.404601 105 32 1 2.48207e-314 0 0 0 
-1.70516 30.7863 2652.67 0.02 0.787054 6666.8 12706.2 0.406579 106 32 1 2.48207e-314 0 0 0 
-1.67968 31.3664 2636.76 0.02 0.783206 6613.34 12666.2 0.408577 107 32 1 2.48207e-314 0 0 0 
-1.65407 31.9474 2619.39 0.02 0.77936 6560.13 12626.3 0.410593 108 32 1 2.48207e-314 0 0 0 
-1.62834 32.529 2600.54 0.02 0.775518 6507.19 12586.5 0.412627 109 32 1 2.48207e-314 0 0 0 
-1.60248 33.1109 2580.21 0.02 0.771682 6454.56 12546.8 0.414679 110 32 1 2.48207e-314 0 0 0 
-1.57649 33.6927 2558.37 0.02 0.767854 6402.26 12507.1 0.416746 111 32 1 2.48207e-314 0 0 0 
-1.55036 34.2741 2535.03 0.02 0.764037 6350.31 12467.7 0.418828 112 32 1 2.48207e-314 0 0 0 
-1.52411 34.8547 2510.16 0.02 0.760232 6298.76 12428.4 0.420924 113 32 1 2.48207e-314 0 0 0 
-1.49772 35.4341 2483.77 0.02 0.756442 6247.63 12389.2 0.423033 114 32 1 2.48207e-314 0 0 0 
-1.4712 36.0119 2455.85 0.02 0.752669 6196.95 12350.3 0.425154 115 32 1 2.48207e-314 0 0 0 
-1.44455 36.5877 2426.4 0.02 0.748916 6146.75 12311.7 0.427284 116 32 1 2.48207e-314 0 0 0 
-1.41776 37.1612 2395.41 0.02 0.745186 6097.06 12273.3 0.429423 117 32 1 2.48207e-314 0 0 0 
-1.39084 37.7318 2362.88 0.02 0.74148 6047.9 12235.2 0.43157 118 32 1 2.48207e-314 0 0 0 
-1.36378 38.2991 2328.84 0.02 0.737801 5999.32 12197.4 0.433721 119 32 1 2.48207e-314 0 0 0 
-1.33658 38.8628 2293.3 0.02 0.734152 5951.34 12160 0.435877 120 32 1 2.48207e-314 0 0 0 
-1.30925 39.4223 2256.27 0.02 0.730535 5903.98 12123 0.438035 121 32 1 2.48207e-314 0 0 0 
-1.28179 39.9772 2217.81 0.02 0.726953 5857.28 12086.4 0.440193 122 32 1 2.48207e-314 0 0 0 
-1.25419 40.5272 2177.94 0.02 0.723409 5811.27 12050.2 0.44235 123 32 1 2.48207e-314 0 0 0 
-1.22645 41.0716 2136.72 0.02 0.719905 5765.97 12014.4 0.444503 124 32 1 2.48207e-314 0 0 0 
-1.19857 41.6099 2094.21 0.02 0.716443 5721.4 11979.2 0.446651 125 32 1 2.48207e-314 0 0 0 
-1.17056 42.1418 2050.47 0.02 0.713026 5677.6 11944.4 0.448791 126 32 1 2.48207e-314 0 0 0 
-1.14242 42.6666 2005.56 0.02 0.709657 5634.59 11910.2 0.450922 127 32 1 2.48207e-314 0 0 0 
-1.11414 43.184 1959.54 0.02 0.706338 5592.39 11876.6 0.453041 128 32 1 2.48207e-314 0 0 0 
-1.08573 43.6933 1912.5 0.02 0.703071 5551.02 11843.5 0.455146 129 32 1 2.48207e-314 0 0 0 
-1.05719 44.1943 1864.52 0.02 0.69986 5510.5 11811 0.457235 130 32 1 2.48207e-314 0 0 0 
-1.02852 44.6864 1815.69 0.02 0.696705 5470.85 11779.1 0.459305 131 32 1 2.48207e-314 0 0 0 
-0.999713 45.1695 1766.13 0.02 0.69361 5432.1 11747.8 0.461355 132 32 1 2.48207e-314 0 0 0 
-0.97078 45.643 1715.98 0.02 0.690575 5394.24 11717.2 0.463382 133 32 1 2.48207e-314 0 0 0 
-0.94172 46.1068 1665.39 0.02 0.687603 5357.31 11687.3 0.465385 134 32 1 2.48207e-314 0 0 0 
-0.912535 46.5604 1614.53 0.02 0.684695 5321.29 11658 0.467361 135 32 1 2.48207e-314 0 0 0 
-0.883227 47.0036 1563.56 0.02 0.681851 5286.2 11629.5 0.469311 136 32 1 2.48207e-314 0 0 0 
-0.853798 47.436 1512.67 0.02 0.679073 5252.04 11601.6 0.471231 137 32 1 2.48207e-314 0 0 0 
-0.824251 47.8571 1461.99 0.02 0.676361 5218.81 11574.4 0.47312 138 32 1 2.48207e-314 0 0 0 
-0.794588 48.2667 1411.68 0.02 0.673716 5186.5 11547.9 0.474978 139 32 1 2.48207e-314 0 0 0 
-0.76481 48.6646 1361.84 0.02 0.671137 5155.11 11522.1 0.476803 140 32 1 2.48207e-314 0 0 0 
-0.734919 49.0505 1312.59 0.02 0.668625 5124.63 11497 0.478594 141 32 1 2.48207e-314 0 0 0 
-0.704916 49.4246 1264.02 0.02 0.666178 5095.06 11472.6 0.480352 142 32 1 2.48207e-314 0 0 0 
-0.674804 49.787 1216.25 0.02 0.663797 5066.39 11448.9 0.482075 143 32 1 2.48207e-314 0 0 0 
-0.644584 50.138 1169.41 0.02 0.66148 5038.6 11426 0.483764 144 32 1 2.48207e-314 0 0 0 
-0.614259 50.4781 1123.67 0.02 0.659224 5011.69 11403.9 0.48542 145 32 1 2.48207e-314 0 0 0 
-0.583831 50.8077 1079.22 0.02 0.657025 4985.62 11382.5 0.487044 146 32 1 2.48207e-314 0 0 0 
-0.553305 51.1268 1036.25 0.02 0.654881 4960.4 11362 0.488639 147 32 1 2.48207e-314 0 0 0 
-0.522684 51.4357 994.925 0.02 0.652786 4935.98 11342.3 0.490206 148 32 1 2.48207e-314 0 0 0 
-0.491971 51.7341 955.39 0.02 0.650737 4912.35 11323.6 0.49175 149 32 1 2.48207e-314 0 0 0 
-0.46117 52.0219 917.705 0.02 0.648729 4889.48 11305.7 0.493272 150 32 1 2.48207e-314 0 0 0 
-0.43028 52.2991 881.853 0.02 0.646758 4867.37 11288.9 0.494775 151 32 1 2.48207e-314 0 0 0 
-0.399302 52.5657 847.734 0.02 0.64482 4845.99 11273.1 0.496262 152 32 1 2.48207e-314 0 0 0 
-0.368233 52.8222 815.188 0.02 0.642911 4825.36 11258.4 0.497736 153 32 1 2.48207e-314 0 0 0 
-0.337071 53.0696 784.024 0.02 0.641025 4805.49 11245 0.499201 154 32 1 2.48207e-314 0 0 0 
-0.305812 53.309 754.069 0.02 0.639158 4786.38 11233 0.500658 155 32 1 2.48207e-314 0 0 0 
-0.274457 53.5419 725.212 0.02 0.637306 4768.08 11222.6 0.502114 156 32 1 2.48207e-314 0 0 0 
-0.243005 53.7696 697.424 0.02 0.635462 4750.61 11213.9 0.503571 157 32 1 2.48207e-314 0 0 0 
-0.211463 53.9929 670.762 0.02 0.63362 4734.02 11207.2 0.505035 158 32 1 2.48207e-314 0 0 0 
-0.179837 54.2119 645.326 0.02 0.631775 4718.34 11202.7 0.506509 159 32 1 2.48207e-314 0 0 0 
-0.148133 54.4264 621.22 0.02 0.629925 4703.62 11200.6 0.507997 160 32 1 2.48207e-314 0 0 0 
-0.116355 54.6353 598.515 0.02 0.628067 4689.92 11201 0.5095 161 32 1 2.48207e-314 0 0 0 
-0.0845012 54.8378 577.189 0.02 0.626202 4677.31 11204.1 0.511017 162 32 1 2.48207e-314 0 0 0 
-0.0525618 55.0332 557.079 0.02 0.624334 4665.86 11210.1 0.512546 163 32 1 2.48207e-314 0 0 0 
-0.0205214 55.2216 537.994 0.02 0.622468 4655.68 11219.2 0.514083 164 32 1 2.48207e-314 0 0 0 
0.0116388 55.4043 519.613 0.02 0.620611 4646.87 11231.5 0.515621 165 32 1 2.48207e-314 0 0 0 
0.0439343 55.5826 501.26 0.02 0.618773 4639.57 11247.1 0.517152 166 32 1 2.48207e-314 0 0 0 
0.0763666 55.7574 482.331 0.02 0.616968 4633.91 11266.3 0.518665 167 32 1 2.48207e-314 0 0 0 
0.10892 55.929 462.508 0.02 0.615216 4630.06 11289 0.520143 168 32 1 2.48207e-314 0 0 0 
0.141568 56.098 441.746 0.02 0.613537 4628.15 11315.2 0.521566 169 32 1 2.48207e-314 0 0 0 
0.174286 56.2646 420.16 0.02 0.61196 4628.3 11344.7 0.52291 170 32 1 2.48207e-314 0 0 0 
0.207056 56.428 398.084 0.02 0.610512 4630.56 11377.2 0.52415 171 32 1 2.48207e-314 0 0 0 
0.239872 56.5867 376.554 0.02 0.609226 4634.98 11412.1 0.525257 172 33 1 2.48207e-314 0 0 0 
0.272747 56.7398 355.591 0.02 0.608141 4641.57 11448.7 0.526194 173 33 1 2.48207e-314 0 0 0 
0.305701 56.8824 335.031 0.02 0.607307 4650.31 11486 0.526916 174 33 1 2.48207e-314 0 0 0 
0.338772 57.014 315.746 0.02 0.606785 4661.14 11522.6 0.52737 175 33 1 2.48207e-314 0 0 0 
0.371991 57.1362 297.707 0.02 0.606638 4673.93 11557 0.527497 176 33 1 2.48207e-314 0 0 0 
0.405321 57.2466 280.46 0.02 0.60694 4688.47 11587.2 0.527235 177 33 1 2.48207e-314 0 0 0 
0.438697 57.3471 264.275 0.02 0.607767 4704.48 11610.9 0.526517 178 33 1 2.48207e-314 0 0 0 
0.472077 57.4347 246.142 0.02 0.609206 4721.62 11625.7 0.525274 179 34 1 2.48207e-314 0 0 0 
0.505328 57.4967 225.63 0.02 0.611351 4739.46 11628.7 0.523431 180 33 1 2.48207e-314 0 0 0 
0.538285 57.5293 204.191 0.02 0.614302 4757.38 11616.6 0.520916 181 34 1 2.48207e-314 0 0 0 
0.570823 57.543 186.177 0.02 0.61816 4774.6 11585.9 0.517665 182 34 1 2.48207e-314 0 0 0 
0.603304 57.5857 169.142 0.02 0.623068 4790.66 11533.3 0.513588 183 34 1 2.48207e-314 0 0 0 
0.635999 57.6389 151.759 0.02 0.629209 4804.87 11454.6 0.508575 184 35 1 2.48207e-314 0 0 0 
0.668752 57.683 134.989 0.02 0.636754 4816.04 11345.2 0.502549 185 36 1 2.48207e-314 0 0 0 
0.701318 57.7038 119.583 0.02 0.645868 4822.81 11200.8 0.495457 186 36 1 2.48207e-314 0 0 0 
0.733487 57.6699 105.862 0.02 0.656719 4823.53 11017.4 0.487271 187 36 1 2.48207e-314 0 0 0 
0.764354 57.5355 96.8173 0.02 0.669139 4816.03 10796.1 0.478227 188 37 1 2.48207e-314 0 0 0 
0.794145 57.4142 93.998 0.02 0.68328 4800.95 10539.6 0.468329 189 38 1 2.48207e-314 0 0 0 
0.823571 57.3301 89.1965 0.02 0.699642 4778.58 10245.2 0.457377 190 38 1 2.48207e-314 0 0 0 
0.852895 57.3026 82.8997 0.02 0.718641 4748.63 9911.84 0.445285 191 38 1 2.48207e-314 0 0 0 
0.88169 57.2577 75.8827 0.02 0.740308 4708.9 9541.24 0.432253 192 39 1 2.48207e-314 0 0 0 
0.910535 57.2545 70.507 0.02 0.765636 4659.55 9128.94 0.417953 193 40 1 2.48207e-314 0 0 0 
0.939397 57.2122 58.1211 0.02 0.795341 4598.49 8672.82 0.402343 194 41 1 2.48207e-314 0 0 0 
0.9656 57.0356 56.7282 0.02 0.826783 4524.05 8207.94 0.387042 195 41 1 2.48207e-314 0 0 0 
0.99002 56.9006 60.862 0.02 0.860566 4443.43 7745.19 0.371848 196 42 1 2.48207e-314 0 0 0 
1.01303 56.8483 65.5298 0.02 0.896977 4361.43 7293.63 0.356754 197 42 1 2.48207e-314 0 0 0 
1.03427 56.8478 69.5276 0.02 0.935165 4281.57 6867.67 0.342186 198 43 1 2.48207e-314 0 0 0 
1.05274 56.84 74.5569 0.02 0.972518 4207.72 6489.97 0.329043 199 43 1 2.48207e-314 0 0 0 
1.08733 56.6334 78.9586 0.02 1.05561 4034.47 5732.84 0.303142 200 42 1 2.48206e-314 0 0 0 
1.10383 56.6459 78.8259 0.02 1.10263 3961.73 5389.39 0.290214 201 42 1 2.48206e-314 0 0 0 
1.12069 56.6974 74.5057 0.02 1.15646 3885.53 5039.67 0.276705 202 42 1 2.48206e-314 0 0 0 
1.13749 56.7286 68.9954 0.02 1.21692 3806.22 4691.54 0.262959 203 41 1 2.48206e-314 0 0 0 
1.15395 56.719 62.9024 0.02 1.28407 3725.82 4352.29 0.249208 204 41 1 2.48206e-314 0 0 0 
1.17059 56.7106 52.2285 0.02 1.36152 3648.13 4019.11 0.235032 205 40 1 2.48206e-314 0 0 0 
1.18819 56.8624 36.4587 0.02 1.45508 3582.88 3693.43 0.21992 206 39 1 2.48206e-314 0 0 0 
1.20326 56.9618 29.6063 0.02 1.54541 3527.73 3424.02 0.207065 207 38 1 2.48206e-314 0 0 0 
1.21652 57.0267 23.4666 0.02 1.63463 3480.9 3194.15 0.195763 208 38 1 2.48206e-314 0 0 0 
1.22897 57.1094 17.8728 0.02 1.7283 3442.02 2987.3 0.185153 209 37 1 2.48206e-314 0 0 0 
1.24036 57.178 12.9096 0.02 1.82378 3409.35 2804.04 0.17546 210 36 1 2.48206e-314 0 0 0 
1.25122 57.2355 4.57271 0.02 1.92496 3382.22 2635.52 0.166237 211 37 1 2.48206e-314 0 0 0 
1.26206 57.3554 -2.24726 0.02 2.03658 3364.54 2478.05 0.157126 212 35 1 2.48206e-314 0 0 0 
1.27246 57.4837 -7.88358 0.02 2.15335 3354.29 2336.54 0.148606 213 34 1 2.48206e-314 0 0 0 
1.28222 57.5962 -13.3202 0.02 2.27162 3350.2 2212.19 0.140869 214 34 1 2.48206e-314 0 0 0 
1.29131 57.6895 -17.6558 0.02 2.38987 3351.81 2103.75 0.133899 215 33 1 2.48206e-314 0 0 0 
1.29976 57.7649 -21.9649 0.02 2.50726 3358.78 2009.42 0.127629 216 33 1 2.48206e-314 0 0 0 
1.30757 57.8289 -27.4522 0.02 2.62269 3370.89 1927.91 0.122012 217 33 1 2.48206e-314 0 0 0 
1.31497 57.9003 -30.659 0.02 2.73778 3388.58 1856.56 0.116883 218 33 1 2.48206e-314 0 0 0 
1.32207 57.9772 -32.9853 0.02 2.85265 3411.48 1793.85 0.112177 219 32 1 2.48206e-314 0 0 0 
1.32894 58.052 -33.6165 0.02 2.96662 3439.02 1738.86 0.107867 220 31 1 2.48206e-314 0 0 0 
1.33562 58.12 -33.3867 0.02 3.07865 3470.83 1691.08 0.103942 221 31 1 2.48206e-314 0 0 0 
1.3421 58.1762 -30.1594 0.02 3.18707 3506.48 1650.33 0.100406 222 31 1 2.48206e-314 0 0 0 
1.34834 58.2183 -26.5097 0.02 3.28988 3545.43 1616.52 0.097268 223 31 1 2.48206e-314 0 0 0 
1.35431 58.2485 -21.2651 0.02 3.38575 3587.1 1589.21 0.0945139 224 31 1 2.48206e-314 0 0 0 
1.36003 58.2712 -14.4625 0.02 3.47421 3631.12 1567.74 0.0921073 225 31 1 2.48206e-314 0 0 0 
1.36554 58.2894 -6.38455 0.02 3.55526 3677.15 1551.43 0.0900074 226 30 1 2.48206e-314 0 0 0 
1.3709 58.3024 2.92833 0.02 3.62905 3725.05 1539.69 0.0881774 227 30 1 2.48206e-314 0 0 0 
1.37617 58.3106 11.1682 0.02 3.69565 3774.76 1532.12 0.0865883 228 31 1 2.48206e-314 0 0 0 
1.3814 58.315 17.8009 0.02 3.75481 3825.98 1528.45 0.0852241 229 30 1 2.48206e-314 0 0 0 
1.38658 58.3134 22.5925 0.02 3.80608 3878.24 1528.46 0.0840759 230 30 1 2.48206e-314 0 0 0 
1.39173 58.304 25.038 0.02 3.84914 3930.9 1531.89 0.0831355 231 30 1 2.48206e-314 0 0 0 
1.39682 58.2868 23.4742 0.02 3.88402 3983.35 1538.4 0.0823889 232 31 1 2.48206e-314 0 0 0 
1.40186 58.2629 17.9321 0.02 3.91114 4034.98 1547.54 0.0818176 233 31 1 2.48206e-314 0 0 0 
1.40685 58.235 9.40929 0.02 3.93112 4085.12 1558.8 0.0814016 234 30 1 2.48206e-314 0 0 0 
1.4118 58.206 -0.411907 0.02 3.94474 4133.17 1571.69 0.0811208 235 30 1 2.48206e-314 0 0 0 
1.41676 58.1786 -9.3002 0.02 3.95269 4178.56 1585.75 0.0809576 236 30 1 2.48206e-314 0 0 0 
1.42174 58.1536 -14.3112 0.02 3.9556 4220.66 1600.53 0.0808979 237 31 1 2.48206e-314 0 0 0 
1.42675 58.1296 -11.6622 0.02 3.95407 4258.89 1615.64 0.0809292 238 31 1 2.48206e-314 0 0 0 
1.43179 58.1039 1.51533 0.02 3.9487 4292.69 1630.66 0.0810394 239 31 1 2.48206e-314 0 0 0 
1.43685 58.0722 26.8938 0.02 3.94009 4321.58 1645.2 0.0812164 240 31 1 2.48206e-314 0 0 0 
1.44192 58.0307 64.0241 0.02 3.92889 4345.27 1658.91 0.0814479 241 31 1 2.48206e-314 0 0 0 
1.447 57.9775 110.388 0.02 3.91571 4363.62 1671.52 0.0817222 242 32 1 2.48206e-314 0 0 0 
1.45209 57.9125 161.455 0.02 3.90109 4376.66 1682.78 0.0820284 243 32 1 2.48206e-314 0 0 0 
1.4572 57.8362 212.021 0.02 3.88554 4384.57 1692.58 0.0823566 244 32 1 2.48206e-314 0 0 0 
1.46235 57.7505 254.177 0.02 3.86951 4387.72 1700.82 0.0826979 245 32 1 2.48206e-314 0 0 0 
1.46752 57.6584 281.829 0.02 3.85335 4386.57 1707.53 0.0830445 246 32 1 2.48206e-314 0 0 0 
1.47274 57.5636 288.896 0.02 3.83737 4381.64 1712.74 0.0833905 247 32 1 2.48206e-314 0 0 0 
1.47799 57.4717 272.789 0.02 3.82174 4373.49 1716.57 0.0837315 248 32 1 2.48206e-314 0 0 0 
1.48327 57.3885 235.304 0.02 3.80653 4362.57 1719.15 0.084066 249 32 1 2.48206e-314 0 0 0 
1.48857 57.3186 183.327 0.02 3.79165 4349.23 1720.63 0.0843961 250 32 1 2.48206e-314 0 0 0 
1.49388 57.2641 128.038 0.02 3.77682 4333.58 1721.15 0.0847273 251 32 1 2.48206e-314 0 0 0 
1.4992 57.2241 83.6131 0.02 3.76165 4315.46 1720.84 0.085069 252 32 1 2.48206e-314 0 0 0 
1.50453 57.1938 66.1165 0.02 3.7456 4294.45 1719.75 0.0854336 253 32 1 2.48206e-314 0 0 0 
1.50985 57.1639 91.7835 0.02 3.72808 4269.91 1717.89 0.0858352 254 31 1 2.48206e-314 0 0 0 
1.51518 57.1216 172.333 0.02 3.70848 4241.06 1715.22 0.0862888 255 31 1 2.48206e-314 0 0 0 
1.52053 57.0518 314.048 0.02 3.68626 4207.09 1711.65 0.0868088 256 31 1 2.48206e-314 0 0 0 
1.52589 56.9388 512.527 0.02 3.66101 4167.3 1707.08 0.0874076 257 31 1 2.48206e-314 0 0 0 
1.53128 56.77 748.71 0.02 3.63245 4121.17 1701.4 0.0880949 258 31 1 2.48206e-314 0 0 0 
1.53672 56.5397 990.304 0.02 3.60048 4068.49 1694.53 0.088877 259 31 1 2.48206e-314 0 0 0 
1.54222 56.2497 1210.77 0.02 3.5652 4009.38 1686.42 0.0897565 260 31 1 2.48206e-314 0 0 0 
1.54779 55.9081 1390.7 0.02 3.52683 3944.21 1677.06 0.0907329 261 32 1 2.48206e-314 0 0 0 
1.55345 55.5271 1515.15 0.02 3.48572 3873.62 1666.51 0.0918032 262 32 1 2.48206e-314 0 0 0 
1.55921 55.1225 1573.78 0.02 3.44221 3798.43 1654.87 0.0929635 263 32 1 2.48206e-314 0 0 0 
1.56506 54.7116 1563.17 0.02 3.39661 3719.48 1642.28 0.0942115 264 31 1 2.48206e-314 0 0 0 
1.57102 54.3114 1490.45 0.02 3.34909 3637.51 1628.91 0.0955483 265 31 1 2.48206e-314 0 0 0 
1.57707 53.9346 1378.8 0.02 3.2996 3552.94 1614.9 0.0969814 266 31 1 2.48206e-314 0 0 0 
1.58321 53.5872 1259.81 0.02 3.24785 3465.7 1600.28 0.0985266 267 31 1 2.48206e-314 0 0 0 
1.58943 53.2653 1174.3 0.02 3.19332 3375.18 1584.96 0.100209 268 31 1 2.48206e-314 0 0 0 
1.59573 52.9551 1162.51 0.02 3.13524 3280.15 1568.65 0.102066 269 31 1 2.48206e-314 0 0 0 
1.6021 52.6312 1272.51 0.02 3.07276 3178.93 1550.87 0.104141 270 31 1 2.48206e-314 0 0 0 
1.60856 52.257 1541.51 0.02 3.00506 3069.65 1530.97 0.106487 271 31 1 2.48206e-314 0 0 0 
1.61512 51.7882 1995.81 0.02 2.93137 2950.42 1508.13 0.109164 272 31 1 2.48206e-314 0 0 0 
1.62182 51.1755 2646.31 0.02 2.85112 2819.67 1481.49 0.112237 273 31 1 2.48206e-314 0 0 0 
1.62869 50.3672 3502.07 0.02 2.76403 2676.35 1450.13 0.115773 274 31 1 2.48206e-314 0 0 0 
1.63581 49.3135 4538.83 0.02 2.67011 2520.14 1413.16 0.119845 275 31 1 2.48206e-314 0 0 0 
1.64322 47.9722 5722.28 0.02 2.56967 2351.45 1369.77 0.124529 276 32 1 2.48206e-314 0 0 0 
1.65103 46.3119 7005.23 0.02 2.46339 2171.53 1319.27 0.129903 277 31 1 2.48206e-314 0 0 0 
1.6593 44.3146 8329.28 0.02 2.35231 1982.51 1261.1 0.136036 278 32 1 2.48206e-314 0 0 0 
1.66814 41.9795 9619.79 0.02 2.23789 1787.33 1194.96 0.142992 279 33 1 2.48206e-314 0 0 0 
1.67762 39.3259 10797.4 0.02 2.12188 1589.55 1120.87 0.15081 280 33 1 2.48206e-314 0 0 0 
1.68783 36.3931 11786.2 0.02 2.00622 1393.2 1039.24 0.159504 281 34 1 2.48206e-314 0 0 0 
1.69882 33.2369 12533 0.02 1.8929 1202.34 950.922 0.169052 282 35 1 2.48206e-314 0 0 0 
1.71066 29.926 12992.9 0.02 1.78384 1020.77 857.228 0.179388 283 36 1 2.48206e-314 0 0 0 
1.72336 26.537 13147.3 0.02 1.68065 851.736 759.902 0.190403 284 37 1 2.48206e-314 0 0 0 
1.73695 23.1493 12994 0.02 1.58461 697.636 661.033 0.201942 285 38 1 2.48206e-314 0 0 0 
1.7514 19.841 12542.8 0.02 1.49661 560.1 562.968 0.213816 286 38 1 2.48206e-314 0 0 0 
1.76669 16.6854 11822.2 0.02 1.41715 439.956 468.192 0.225806 287 40 1 2.48206e-314 0 0 0 
1.78277 13.7471 10869.9 0.02 1.34637 337.334 379.149 0.237676 288 40 1 2.48206e-314 0 0 0 
1.79958 11.0801 9732.07 0.02 1.28418 251.827 298.084 0.249187 289 40 1 2.48206e-314 0 0 0 
1.81704 8.72452 8469.18 0.02 1.23025 182.528 226.825 0.260109 290 41 1 2.48206e-314 0 0 0 
1.83507 6.70364 7150.03 0.02 1.18414 128.095 166.57 0.270237 291 41 1 2.48206e-314 0 0 0 
1.85357 5.02267 5846.41 0.02 1.14529 86.8158 117.743 0.279406 292 41 1 2.48206e-314 0 0 0 
1.87246 3.66893 4623.96 0.02 1.11304 56.7178 79.9632 0.287501 293 40 1 2.48206e-314 0 0 0 
1.89167 2.61438 3535.62 0.02 1.08671 35.7 52.1381 0.294466 294 39 1 2.48206e-314 0 0 0 
1.91111 1.81971 2616.01 0.02 1.06559 21.68 32.6706 0.300303 295 39 1 2.48206e-314 0 0 0 
1.93072 1.23941 1878.42 0.02 1.04893 12.74 19.7254 0.305073 296 38 1 2.48206e-314 0 0 0 
1.95046 0.827446 1313.8 0.02 1.03601 7.26892 11.5151 0.308877 297 37 1 2.48206e-314 0 0 0 
1.97029 0.542141 898.053 0.02 1.02615 4.03709 6.52052 0.311845 298 36 1 2.48206e-314 0 0 0 
1.99018 0.348853 601.072 0.02 1.01874 2.18637 3.58972 0.314115 299 35 1 2.48206e-314 0 0 0 
2.01011 0.220504 394.787 0.02 1.01324 1.1543 1.92333 0.315818 300 34 1 2.48206e-314 0 0 0 
2.03007 0.136849 254.539 0.02 1.00923 0.592996 1.00236 0.317073 301 33 1 2.48206e-314 0 0 0 
2.05004 0.0833588 160.803 0.02 1.00635 0.296419 0.50773 0.317982 302 33 1 2.48206e-314 0 0 0 
2.07002 0.0498372 99.6214 0.02 1.0043 0.144189 0.25007 0.31863 303 33 1 2.48206e-314 0 0 0 
2.09001 0.0292233 60.5776 0.02 1.00287 0.0679684 0.119544 0.319083 304 32 1 2.48206e-314 0 0 0 
2.11001 0.0167953 36.0512 0.02 1.00189 0.0310457 0.0553814 0.319395 305 32 1 2.48206e-314 0 0 0 
2.13 0.00946448 20.9782 0.02 1.00123 0.0138017 0.0249174 0.319607 306 32 1 2.48206e-314 0 0 0 
2.15 0.00523081 11.9731 0.02 1.00079 0.00598436 0.0109301 0.319748 307 32 1 2.48206e-314 0 0 0 
2.17 0.00283317 6.69655 0.02 1.0005 0.00254593 0.00469672 0.319841 308 32 1 2.48206e-314 0 0 0 
2.19 0.00150327 3.66432 0.02 1.00031 0.00108399 0.00200671 0.319901 309 32 1 2.48206e-314 0 0 0 
2.21 0.000781735 1.96039 0.02 1.00019 0.000484759 0.000885358 0.319939 310 32 1 2.48206e-314 0 0 0 
2.23 0.000398559 1.02836 0.02 1.00011 0.000246097 0.000433049 0.319963 311 32 1 2.48206e-314 0 0 0 
2.25 0.000199041 0.528677 0.02 1.00007 0.000153695 0.000255645 0.319978 312 32 1 2.48206e-314 0 0 0 
2.27 9.72756e-05 0.265962 0.02 1.00004 0.00011906 0.000188135 0.319987 313 32 1 2.48206e-314 0 0 0 
2.29 4.64978e-05 0.130786 0.02 1.00002 0.000106526 0.00016329 0.319993 314 32 1 2.48206e-314 0 0 0 
2.31 2.17347e-05 0.062827 0.02 1.00001 0.000102154 0.000154468 0.319996 315 32 1 2.48206e-314 0 0 0 
2.33 9.93692e-06 0.0294794 0.02 1.00001 0.000100686 0.000151448 0.319998 316 32 1 2.48206e-314 0 0 0 
2.35 4.44577e-06 0.0135145 0.02 1 0.000100211 0.000150453 0.319999 317 32 1 2.48206e-314 0 0 0 
2.37 1.94797e-06 0.00605678 0.02 1 0.000100063 0.000150137 0.319999 318 32 1 2.48206e-314 0 0 0 
2.39 8.36708e-07 0.00265662 0.02 1 0.000100018 0.00015004 0.32 319 32 1 2.48206e-314 0 0 0 
2.41 3.52561e-07 0.00114216 0.02 1 0.000100005 0.000150012 0.32 320 32 1 2.48206e-314 0 0 0 
2.43 1.4572e-07 0.000481812 0.02 1 0.000100002 0.000150003 0.32 321 32 1 2.48206e-314 0 0 0 
2.45 5.90077e-08 0.000199418 0.02 1 0.0001 0.000150001 0.32 322 32 1 2.48206e-314 0 0 0 
2.47 2.3352e-08 8.08808e-05 0.02 1 0.0001 0.00015 0.32 323 32 1 2.48206e-314 0 0 0 
2.49 8.99734e-09 3.20454e-05 0.02 1 0.0001 0.00015 0.32 324 32 1 2.48206e-314 0 0 0 
2.51 3.36057e-09 1.2337e-05 0.02 1 0.0001 0.00015 0.32 325 32 1 2.48206e-314 0 0 0 
2.53 1.21338e-09 4.58806e-06 0.02 1 0.0001 0.00015 0.32 326 32 1 2.48206e-314 0 0 0 
2.55 4.23778e-10 1.64391e-06 0.02 1 0.0001 0.00015 0.32 327 32 1 2.48206e-314 0 0 0 
2.57 1.43776e-10 5.68934e-07 0.02 1 0.0001 0.00015 0.32 328 32 1 2.48206e-314 0 0 0 
2.59 4.76837e-11 1.91352e-07 0.02 1 0.0001 0.00015 0.32 329 32 1 2.48206e-314 0 0 0 
2.61 1.55671e-11 6.29893e-08 0.02 1 0.0001 0.00015 0.32 330 32 1 2.48206e-314 0 0 0 
2.63 5.03875e-12 2.04433e-08 0.02 1 0.0001 0.00015 0.32 331 32 1 2.48206e-314 0 0 0 
2.65 1.62839e-12 6.59322e-09 0.02 1 0.0001 0.00015 0.32 332 32 1 2.48206e-314 0 0 0 
2.67 5.28211e-13 2.12961e-09 0.02 1 0.0001 0.00015 0.32 333 32 1 2.48206e-314 0 0 0 
2.69 1.72171e-13 6.92798e-10 0.02 1 0.0001 0.00015 0.32 334 32 1 2.48206e-314 0 0 0 
2.71 5.60937e-14 2.27104e-10 0.02 1 0.0001 0.00015 0.32 335 32 1 2.48206e-314 0 0 0 
2.73 1.80289e-14 7.45029e-11 0.02 1 0.0001 0.00015 0.32 336 32 1 2.48206e-314 0 0 0 
2.75 5.58914e-15 2.40885e-11 0.02 1 0.0001 0.00015 0.32 337 32 1 2.48206e-314 0 0 0 
2.77 1.60936e-15 7.48589e-12 0.02 1 0.0001 0.00015 0.32 338 32 1 2.48206e-314 0 0 0 
2.79 3.98072e-16 2.14644e-12 0.02 1 0.0001 0.00015 0.32 339 32 1 2.48206e-314 0 0 0 
2.81 6.41683e-17 5.21501e-13 0.02 1 0.0001 0.00015 0.32 340 32 1 2.48206e-314 0 0 0 
2.83 -9.93525e-18 7.7699e-14 0.02 1 0.0001 0.00015 0.32 341 32 1 2.48206e-314 0 0 0 
2.85 -1.67624e-17 -1.77896e-14 0.02 1 0.0001 0.00015 0.32 342 32 1 2.48206e-314 0 0 0 
2.87 -1.10906e-17 -2.45554e-14 0.02 1 0.0001 0.00015 0.32 343 32 1 2.48206e-314 0 0 0 
2.89 -5.86469e-18 -1.57572e-14 0.02 1 0.0001 0.00015 0.32 344 33 1 2.48206e-314 0 0 0 
2.91 -2.78257e-18 -8.22017e-15 0.02 1 0.0001 0.00015 0.32 345 33 1 2.48206e-314 0 0 0 
2.93 -1.23488e-18 -3.86879e-15 0.02 1 0.0001 0.00015 0.32 346 33 1 2.48206e-314 0 0 0 
2.95 -5.22743e-19 -1.70754e-15 0.02 1 0.0001 0.00015 0.32 347 33 1 2.48206e-314 0 0 0 
2.97 -2.13279e-19 -7.19873e-16 0.02 1 0.0001 0.00015 0.32 348 33 1 2.48206e-314 0 0 0 
2.99 -8.43625e-20 -2.92725e-16 0.02 1 0.0001 0.00015 0.32 349 33 1 2.48206e-314 0 0 0 
3.01 -3.24612e-20 -1.15465e-16 0.02 1 0.0001 0.00015 0.32 350 33 1 2.48206e-314 0 0 0 
3.03 -1.21727e-20 -4.43036e-17 0.02 1 0.0001 0.00015 0.32 351 33 1 2.48206e-314 0 0 0 
3.05 -4.4545e-21 -1.65722e-17 0.02 1 0.0001 0.00015 0.32 352 33 1 2.48206e-314 0 0 0 
3.07 -1.58983e-21 -6.03447e-18 0.02 1 0.0001 0.00015 0.32 353 33 1 2.48206e-314 0 0 0 
3.09 -5.60628e-22 -2.16967e-18 0.02 1 0.0001 0.00015 0.32 354 33 1 2.48206e-314 0 0 0 
3.11 -1.94117e-22 -7.71859e-19 0.02 1 0.0001 0.00015 0.32 355 33 1 2.48206e-314 0 0 0 
3.13 -6.74221e-23 -2.69145e-19 0.02 1 0.0001 0.00015 0.32 356 33 1 2.48206e-314 0 0 0 
3.15 -2.29402e-23 -9.27501e-20 0.02 1 0.0001 0.00015 0.32 357 33 1 2.48206e-314 0 0 0 
3.17 -7.91404e-24 -3.38813e-20 0.02 1 0.0001 0.00015 0.32 358 33 1 2.48206e-314 0 0 0 
3.19 -2.33494e-24 -1.2282e-20 0.02 1 0.0001 0.00015 0.32 359 33 1 2.48206e-314 0 0 0 
3.21 -4.76254e-25 -4.23516e-21 0.02 1 0.0001 0.00015 0.32 360 33 1 2.48206e-314 0 0 0 
3.23 -1.08288e-39 -9.62965e-36 0.02 1 0.0001 0.00015 0.32 361 33 1 2.48206e-314 0 0 0 
3.25 0 0 0.02 1 0.0001 0.00015 0.32 362 33 1 2.48206e-314 0 0 0 
3.27 0 0 0.02 1 0.0001 0.00015 0.32 363 33 1 2.48206e-314 0 0 0 
3.29 0 0 0.02 1 0.0001 0.00015 0.32 364 33 1 2.48206e-314 0 0 0 
3.31 0 0 0.02 1 0.0001 0.00015 0.32 365 33 1 2.48206e-314 0 0 0 
3.33 0 0 0.02 1 0.0001 0.00015 0.32 366 33 1 2.48206e-314 0 0 0 
3.35 0 0 0.02 1 0.0001 0.00015 0.32 367 33 1 2.48206e-314 0 0 0 
3.37 0 0 0.02 1 0.0001 0.00015 0.32 368 33 1 2.48206e-314 0 0 0 
3.39 0 0 0.02 1 0.0001 0.00015 0.32 369 33 1 2.48206e-314 0 0 0 
3.41 0 0 0.02 1 0.0001 0.00015 0.32 370 33 1 2.48206e-314 0 0 0 
3.43 0 0 0.02 1 0.0001 0.00015 0.32 371 33 1 2.48206e-314 0 0 0 
3.45 2.01289e-37 9.62965e-36 0.02 1 0.0001 0.00015 0.32 372 33 1 2.48206e-314 0 0 0 
3.47 8.41013e-23 4.02341e-21 0.02 1 0.0001 0.00015 0.32 373 33 1 2.48206e-314 0 0 0 
3.49 2.30172e-22 1.10114e-20 0.02 1 0.0001 0.00015 0.32 374 33 1 2.48206e-314 0 0 0 
3.51 4.91329e-22 2.35052e-20 0.02 1 0.0001 0.00015 0.32 375 33 1 2.48206e-314 0 0 0 
3.53 8.67572e-22 4.15046e-20 0.02 1 0.0001 0.00015 0.32 376 33 1 2.48206e-314 0 0 0 
3.55 1.85023e-21 8.85149e-20 0.02 1 0.0001 0.00015 0.32 377 33 1 2.48206e-314 0 0 0 
3.57 3.53226e-21 1.68983e-19 0.02 1 0.0001 0.00015 0.32 378 33 1 2.48206e-314 0 0 0 
3.59 6.01103e-21 2.87568e-19 0.02 1 0.0001 0.00015 0.32 379 33 1 2.48206e-314 0 0 0 
3.61 9.45085e-21 4.45116e-19 0.02 1 0.0001 0.00015 0.32 380 33 1 2.48206e-314 0 0 0 
3.63 1.39803e-20 6.54333e-19 0.02 1 0.0001 0.00015 0.32 381 33 1 2.48206e-314 0 0 0 
3.65 1.98894e-20 9.32372e-19 0.02 1 0.0001 0.00015 0.32 382 33 1 2.48206e-314 0 0 0 
3.67 2.68582e-20 1.26441e-18 0.02 1 0.0001 0.00015 0.32 383 33 1 2.48206e-314 0 0 0 
3.69 3.39558e-20 1.60936e-18 0.02 1 0.0001 0.00015 0.32 384 33 1 2.48206e-314 0 0 0 
3.71 4.12648e-20 1.95495e-18 0.02 1 0.0001 0.00015 0.32 385 33 1 2.48206e-314 0 0 0 
3.73 4.56634e-20 2.16544e-18 0.02 1 0.0001 0.00015 0.32 386 33 1 2.48206e-314 0 0 0 
3.75 4.63699e-20 2.20186e-18 0.02 1 0.0001 0.00015 0.32 387 33 1 2.48206e-314 0 0 0 
3.77 4.49501e-20 2.17476e-18 0.02 1 0.0001 0.00015 0.32 388 33 1 2.48206e-314 0 0 0 
3.79 3.30364e-20 1.62397e-18 0.02 1 0.0001 0.00015 0.32 389 33 1 2.48206e-314 0 0 0 
3.81 1.37929e-20 6.79109e-19 0.02 1 0.0001 0.00015 0.32 390 32 1 2.48206e-314 0 0 0 
3.83 -1.23594e-20 -5.50571e-19 0.02 1 0.0001 0.00015 0.32 391 32 1 2.48206e-314 0 0 0 
3.85 -5.35562e-20 -2.51548e-18 0.02 1 0.0001 0.00015 0.32 392 32 1 2.48206e-314 0 0 0 
3.87 -9.9112e-20 -4.72517e-18 0.02 1 0.0001 0.00015 0.32 393 32 1 2.48206e-314 0 0 0 
3.89 -1.50349e-19 -7.14091e-18 0.02 1 0.0001 0.00015 0.32 394 32 1 2.48206e-314 0 0 0 
3.91 -2.0111e-19 -9.51747e-18 0.02 1 0.0001 0.00015 0.32 395 32 1 2.48206e-314 0 0 0 
3.93 -2.48064e-19 -1.1908e-17 0.02 1 0.0001 0.00015 0.32 396 32 1 2.48206e-314 0 0 0 
3.95 -2.84829e-19 -1.36315e-17 0.02 1 0.0001 0.00015 0.32 397 32 1 2.48206e-314 0 0 0 
3.97 -3.10195e-19 -1.4897e-17 0.02 1 0.0001 0.00015 0.32 398 32 1 2.48206e-314 0 0 0 
3.99 -3.18302e-19 -1.52709e-17 0.02 1 0.0001 0.00015 0.32 399 32 1 2.48206e-314 0 0 0 
4.01 -3.08286e-19 -1.47811e-17 0.02 1 0.0001 0.00015 0.32 400 32 1 2.48206e-314 0 0 0 
4.03 -2.82605e-19 -1.35525e-17 0.02 1 0.0001 0.00015 0.32 401 32 1 2.48206e-314 0 0 0 
4.05 -2.4199e-19 -1.16065e-17 0.02 1 0.0001 0.00015 0.32 402 32 1 2.48206e-314 0 0 0 
4.07 -1.96726e-19 -9.43319e-18 0.02 1 0.0001 0.00015 0.32 403 32 1 2.48206e-314 0 0 0 
4.09 -1.46374e-19 -7.01364e-18 0.02 1 0.0001 0.00015 0.32 404 32 1 2.48206e-314 0 0 0 
4.11 -9.51193e-20 -4.54772e-18 0.02 1 0.0001 0.00015 0.32 405 32 1 2.48206e-314 0 0 0 
4.13 -5.14549e-20 -2.44665e-18 0.02 1 0.0001 0.00015 0.32 406 32 1 2.48206e-314 0 0 0 
4.15 -9.77259e-21 -4.55915e-19 0.02 1 0.0001 0.00015 0.32 407 32 1 2.48206e-314 0 0 0 
4.17 1.91611e-20 9.27925e-19 0.02 1 0.0001 0.00015 0.32 408 32 1 2.48206e-314 0 0 0 
4.19 3.30525e-20 1.59475e-18 0.02 1 0.0001 0.00015 0.32 409 32 1 2.48206e-314 0 0 0 
4.21 4.48363e-20 2.15273e-18 0.02 1 0.0001 0.00015 0.32 410 32 1 2.48206e-314 0 0 0 
4.23 4.67243e-20 2.23532e-18 0.02 1 0.0001 0.00015 0.32 411 31 1 2.48206e-314 0 0 0 
4.25 4.48039e-20 2.14342e-18 0.02 1 0.0001 0.00015 0.32 412 31 1 2.48206e-314 0 0 0 
4.27 3.91735e-20 1.87406e-18 0.02 1 0.0001 0.00015 0.32 413 31 1 2.48206e-314 0 0 0 
4.29 3.09626e-20 1.48125e-18 0.02 1 0.0001 0.00015 0.32 414 31 1 2.48206e-314 0 0 0 
4.31 2.47789e-20 1.18542e-18 0.02 1 0.0001 0.00015 0.32 415 31 1 2.48206e-314 0 0 0 
4.33 1.73249e-20 8.28822e-19 0.02 1 0.0001 0.00015 0.32 416 31 1 2.48206e-314 0 0 0 
4.35 1.28542e-20 6.14946e-19 0.02 1 0.0001 0.00015 0.32 417 31 1 2.48206e-314 0 0 0 
4.37 8.96786e-21 4.29022e-19 0.02 1 0.0001 0.00015 0.32 418 31 1 2.48206e-314 0 0 0 
4.39 5.50642e-21 2.63427e-19 0.02 1 0.0001 0.00015 0.32 419 31 1 2.48206e-314 0 0 0 
4.41 3.44373e-21 1.64748e-19 0.02 1 0.0001 0.00015 0.32 420 31 1 2.48206e-314 0 0 0 
4.43 2.0627e-21 9.86793e-20 0.02 1 0.0001 0.00015 0.32 421 31 1 2.48206e-314 0 0 0 
4.45 9.47246e-22 4.53163e-20 0.02 1 0.0001 0.00015 0.32 422 31 1 2.48206e-314 0 0 0 
4.47 3.27553e-22 1.56701e-20 0.02 1 0.0001 0.00015 0.32 423 31 1 2.48206e-314 0 0 0 
4.49 1.28365e-22 6.14099e-21 0.02 1 0.0001 0.00015 0.32 424 31 1 2.48206e-314 0 0 0 
4.51 3.98375e-23 1.90582e-21 0.02 1 0.0001 0.00015 0.32 425 31 1 2.48206e-314 0 0 0 
4.53 1.61031e-37 7.70372e-36 0.02 1 0.0001 0.00015 0.32 426 31 1 2.48206e-314 0 0 0 
4.55 0 0 0.02 1 0.0001 0.00015 0.32 427 31 1 2.48206e-314 0 0 0 
4.57 0 0 0.02 1 0.0001 0.00015 0.32 428 31 1 2.48206e-314 0 0 0 
4.59 0 0 0.02 1 0.0001 0.00015 0.32 429 31 1 2.48206e-314 0 0 0 
4.61 0 0 0.02 1 0.0001 0.00015 0.32 430 31 1 2.48206e-314 0 0 0 
4.63 0 0 0.02 1 0.0001 0.00015 0.32 431 31 1 2.48206e-314 0 0 0 
4.65 0 0 0.02 1 0.0001 0.00015 0.32 432 31 1 2.48206e-314 0 0 0 
4.67 0 0 0.02 1 0.0001 0.00015 0.32 433 31 1 2.48206e-314 0 0 0 
4.69 0 0 0.02 1 0.0001 0.00015 0.32 434 31 1 2.48206e-314 0 0 0 
4.71 0 0 0.02 1 0.0001 0.00015 0.32 435 31 1 2.48206e-314 0 0 0 
4.73 0 0 0.02 1 0.0001 0.00015 0.32 436 31 1 2.48206e-314 0 0 0 
4.75 0 0 0.02 1 0.0001 0.00015 0.32 437 31 1 2.48206e-314 0 0 0 
4.77 0 0 0.02 1 0.0001 0.00015 0.32 438 31 1 2.48206e-314 0 0 0 
4.79 0 0 0.02 1 0.0001 0.00015 0.32 439 31 1 2.48206e-314 0 0 0 
4.81 0 0 0.02 1 0.0001 0.00015 0.32 440 31 1 2.48206e-314 0 0 0 
4.83 0 0 0.02 1 0.0001 0.00015 0.32 441 31 1 2.48206e-314 0 0 0 
4.85 0 0 0.02 1 0.0001 0.00015 0.32 442 31 1 2.48206e-314 0 0 0 
4.87 0 0 0.02 1 0.0001 0.00015 0.32 443 31 1 2.48206e-314 0 0 0 
4.89 0 0 0.02 1 0.0001 0.00015 0.32 444 31 1 2.48206e-314 0 0 0 
4.91 0 0 0.02 1 0.0001 0.00015 0.32 445 31 1 2.48206e-314 0 0 0 
4.93 0 0 0.02 1 0.0001 0.00015 0.32 446 31 1 2.48206e-314 0 0 0 
4.95 0 0 0.02 1 0.0001 0.00015 0.32 447 31 1 2.48206e-314 0 0 0 
4.97 0 0 0.02 1 0.0001 0.00015 0.32 448 31 1 2.48206e-314 0 0 0 
4.99 0 0 0.02 1 0.0001 0.00015 0.32 449 31 1 2.48206e-314 0 0 0 
5.01 0 0 0.02 1 0.0001 0.00015 0.32 450 31 1 2.48206e-314 0 0 0 
5.03 0 0 0.02 1 0.0001 0.00015 0.32 451 31 1 2.48206e-314 0 0 0 
5.05 0 0 0.02 1 0.0001 0.00015 0.32 452 31 1 2.48206e-314 0 0 0 
5.07 0 0 0.02 1 0.0001 0.00015 0.32 453 31 1 2.48206e-314 0 0 0 
5.09 0 0 0.02 1 0.0001 0.00015 0.32 454 31 1 2.48206e-314 0 0 0 
5.11 0 0 0.02 1 0.0001 0.00015 0.32 455 31 1 2.48206e-314 0 0 0 
5.13 0 0 0.02 1 0.0001 0.00015 0.32 456 31 1 2.48206e-314 0 0 0 
5.15 0 0 0.02 1 0.0001 0.00015 0.32 457 31 1 2.48206e-314 0 0 0 
5.17 0 0 0.02 1 0.0001 0.00015 0.32 458 31 1 2.48206e-314 0 0 0 
5.19 0 0 0.02 1 0.0001 0.00015 0.32 459 31 1 2.48206e-314 0 0 0 
5.21 0 0 0.02 1 0.0001 0.00015 0.32 460 31 1 2.48206e-314 0 0 0 
5.23 0 0 0.02 1 0.0001 0.00015 0.32 461 31 1 2.48206e-314 0 0 0 
5.25 0 0 0.02 1 0.0001 0.00015 0.32 462 31 1 2.48206e-314 0 0 0 
5.27 0 0 0.02 1 0.0001 0.00015 0.32 463 31 1 2.48206e-314 0 0 0 
5.29 0 0 0.02 1 0.0001 0.00015 0.32 464 31 1 2.48206e-314 0 0 0 
5.31 0 0 0.02 1 0.0001 0.00015 0.32 465 31 1 2.48206e-314 0 0 0 
5.33 0 0 0.02 1 0.0001 0.00015 0.32 466 31 1 2.48206e-314 0 0 0 
5.35 0 0 0.02 1 0.0001 0.00015 0.32 467 31 1 2.48206e-314 0 0 0 
5.37 0 0 0.02 1 0.0001 0.00015 0.32 468 31 1 2.48206e-314 0 0 0 
5.39 0 0 0.02 1 0.0001 0.00015 0.32 469 31 1 2.48206e-314 0 0 0 
5.41 0 0 0.02 1 0.0001 0.00015 0.32 470 31 1 2.48206e-314 0 0 0 
5.43 0 0 0.02 1 0.0001 0.00015 0.32 471 31 1 2.48206e-314 0 0 0 
5.45 0 0 0.02 1 0.0001 0.00015 0.32 472 31 1 2.48206e-314 0 0 0 
5.47 0 0 0.02 1 0.0001 0.00015 0.32 473 31 1 2.48206e-314 0 0 0 
5.49 0 0 0.02 1 0.0001 0.00015 0.32 474 31 1 2.48206e-314 0 0 0 
5.51 0 0 0.02 1 0.0001 0.00015 0.32 475 31 1 2.48206e-314 0 0 0 
5.53 0 0 0.02 1 0.0001 0.00015 0.32 476 31 1 2.48206e-314 0 0 0 
5.55 0 0 0.02 1 0.0001 0.00015 0.32 477 31 1 2.48206e-314 0 0 0 
5.57 0 0 0.02 1 0.0001 0.00015 0.32 478 31 1 2.48206e-314 0 0 0 
5.59 0 0 0.02 1 0.0001 0.00015 0.32 479 31 1 2.48206e-314 0 0 0 
5.61 0 0 0.02 1 0.0001 0.00015 0.32 480 31 1 2.48206e-314 0 0 0 
5.63 0 0 0.02 1 0.0001 0.00015 0.32 481 31 1 2.48206e-314 0 0 0 
5.65 0 0 0.02 1 0.0001 0.00015 0.32 482 31 1 2.48206e-314 0 0 0 
5.67 0 0 0.02 1 0.0001 0.00015 0.32 483 31 1 2.48206e-314 0 0 0 
5.69 0 0 0.02 1 0.0001 0.00015 0.32 484 31 1 2.48206e-314 0 0 0 
5.71 0 0 0.02 1 0.0001 0.00015 0.32 485 31 1 2.48206e-314 0 0 0 
5.73 0 0 0.02 1 0.0001 0.00015 0.32 486 31 1 2.48206e-314 0 0 0 
5.75 0 0 0.02 1 0.0001 0.00015 0.32 487 31 1 2.48206e-314 0 0 0 
5.77 0 0 0.02 1 0.0001 0.00015 0.32 488 31 1 2.48206e-314 0 0 0 
5.79 0 0 0.02 1 0.0001 0.00015 0.32 489 31 1 2.48206e-314 0 0 0 
5.81 0 0 0.02 1 0.0001 0.00015 0.32 490 31 1 2.48206e-314 0 0 0 
5.83 0 0 0.02 1 0.0001 0.00015 0.32 491 31 1 2.48206e-314 0 0 0 
5.85 0 0 0.02 1 0.0001 0.00015 0.32 492 31 1 2.48206e-314 0 0 0 
5.87 0 0 0.02 1 0.0001 0.00015 0.32 493 31 1 2.48206e-314 0 0 0 
5.89 0 0 0.02 1 0.0001 0.00015 0.32 494 31 1 2.48206e-314 0 0 0 
5.91 0 0 0.02 1 0.0001 0.00015 0.32 495 31 1 2.48206e-314 0 0 0 
5.93 0 0 0.02 1 0.0001 0.00015 0.32 496 31 1 2.48206e-314 0 0 0 
5.95 0 0 0.02 1 0.0001 0.00015 0.32 497 31 1 2.48206e-314 0 0 0 
5.97 0 0 0.02 1 0.0001 0.00015 0.32 498 31 1 2.48206e-314 0 0 0 
5.99 0 0 0.02 1 0.0001 0.00015 0.32 499 31 1 2.48206e-314 0 0 0 
6.01 0 0 0.02 1 0.0001 0.00015 0.32 500 31 1 2.48206e-314 0 0 0 
6.03 0 0 0.02 1 0.0001 0.00015 0.32 501 31 1 2.48206e-314 0 0 0 
6.05 0 0 0.02 1 0.0001 0.00015 0.32 502 31 1 2.48206e-314 0 0 0 
6.07 0 0 0.02 1 0.0001 0.00015 0.32 503 31 1 2.48206e-314 0 0 0 
6.09 0 0 0.02 1 0.0001 0.00015 0.32 504 31 1 2.48206e-314 0 0 0 
6.11 0 0 0.02 1 0.0001 0.00015 0.32 505 31 1 2.48206e-314 0 0 0 
6.13 0 0 0.02 1 0.0001 0.00015 0.32 506 31 1 2.48206e-314 0 0 0 
6.15 0 0 0.02 1 0.0001 0.00015 0.32 507 31 1 2.48206e-314 0 0 0 
6.17 0 0 0.02 1 0.0001 0.00015 0.32 508 31 1 2.48206e-314 0 0 0 
6.19 0 0 0.02 1 0.0001 0.00015 0.32 509 31 1 2.48206e-314 0 0 0 
6.21 0 0 0.02 1 0.0001 0.00015 0.32 510 31 1 2.48206e-314 0 0 0 
6.23 0 0 0.02 1 0.0001 0.00015 0.32 511 31 1 2.48206e-314 0 0 0 
6.25 0 0 0.02 1 0.0001 0.00015 0.32 512 31 1 2.48206e-314 0 0 0 
6.27 0 0 0.02 1 0.0001 0.00015 0.32 513 31 1 2.48206e-314 0 0 0 
6.29 0 0 0.02 1 0.0001 0.00015 0.32 514 31 1 2.48206e-314 0 0 0 
6.31 0 0 0.02 1 0.0001 0.00015 0.32 515 31 1 2.48206e-314 0 0 0 
6.33 0 0 0.02 1 0.0001 0.00015 0.32 516 31 1 2.48206e-314 0 0 0 
6.35 0 0 0.02 1 0.0001 0.00015 0.32 517 31 1 2.48206e-314 0 0 0 
6.37 0 0 0.02 1 0.0001 0.00015 0.32 518 31 1 2.48206e-314 0 0 0 
6.39 0 0 0.02 1 0.0001 0.00015 0.32 519 31 1 2.48206e-314 0 0 0 
6.41 0 0 0.02 1 0.0001 0.00015 0.32 520 31 1 2.48206e-314 0 0 0 
6.43 0 0 0.02 1 0.0001 0.00015 0.32 521 31 1 2.48206e-314 0 0 0 
6.45 0 0 0.02 1 0.0001 0.00015 0.32 522 31 1 2.48206e-314 0 0 0 
6.47 0 0 0.02 1 0.0001 0.00015 0.32 523 31 1 2.48206e-314 0 0 0 
6.49 0 0 0.02 1 0.0001 0.00015 0.32 524 31 1 2.48206e-314 0 0 0 
6.51 0 0 0.02 1 0.0001 0.00015 0.32 525 31 1 2.48206e-314 0 0 0 
6.53 0 0 0.02 1 0.0001 0.00015 0.32 526 31 1 2.48206e-314 0 0 0 
6.55 0 0 0.02 1 0.0001 0.00015 0.32 527 31 1 2.48206e-314 0 0 0 
6.57 0 0 0.02 1 0.0001 0.00015 0.32 528 31 1 2.48206e-314 0 0 0 
6.59 0 0 0.02 1 0.0001 0.00015 0.32 529 31 1 2.48206e-314 0 0 0 
6.61 0 0 0.02 1 0.0001 0.00015 0.32 530 31 1 2.48206e-314 0 0 0 
6.63 0 0 0.02 1 0.0001 0.00015 0.32 531 31 1 2.48206e-314 0 0 0 
6.65 0 0 0.02 1 0.0001 0.00015 0.32 532 31 1 2.48206e-314 0 0 0 
6.67 0 0 0.02 1 0.0001 0.00015 0.32 533 31 1 2.48206e-314 0 0 0 
6.69 0 0 0.02 1 0.0001 0.00015 0.32 534 31 1 2.48206e-314 0 0 0 
6.71 0 0 0.02 1 0.0001 0.00015 0.32 535 31 1 2.48206e-314 0 0 0 
6.73 0 0 0.02 1 0.0001 0.00015 0.32 536 31 1 2.48206e-314 0 0 0 
6.75 0 0 0.02 1 0.0001 0.00015 0.32 537 31 1 2.48206e-314 0 0 0 
6.77 0 0 0.02 1 0.0001 0.00015 0.32 538 31 1 2.48206e-314 0 0 0 
6.79 0 0 0.02 1 0.0001 0.00015 0.32 539 31 1 2.48206e-314 0 0 0 
6.81 0 0 0.02 1 0.0001 0.00015 0.32 540 31 1 2.48206e-314 0 0 0 
6.83 0 0 0.02 1 0.0001 0.00015 0.32 541 31 1 2.48206e-314 0 0 0 
6.85 0 0 0.02 1 0.0001 0.00015 0.32 542 31 1 2.48206e-314 0 0 0 
6.87 0 0 0.02 1 0.0001 0.00015 0.32 543 31 1 2.48206e-314 0 0 0 
6.89 0 0 0.02 1 0.0001 0.00015 0.32 544 31 1 2.48206e-314 0 0 0 
6.91 0 0 0.02 1 0.0001 0.00015 0.32 545 31 1 2.48206e-314 0 0 0 
6.93 0 0 0.02 1 0.0001 0.00015 0.32 546 31 1 2.48206e-314 0 0 0 
6.95 0 0 0.02 1 0.0001 0.00015 0.32 547 31 1 2.48206e-314 0 0 0 
6.97 0 0 0.02 1 0.0001 0.00015 0.32 548 31 1 2.48206e-314 0 0 0 
6.99 0 0 0.02 1 0.0001 0.00015 0.32 549 31 1 2.48206e-314 0 0 0 
7.01 0 0 0.02 1 0.0001 0.00015 0.32 550 31 1 2.48206e-314 0 0 0 
7.03 0 0 0.02 1 0.0001 0.00015 0.32 551 31 1 2.48206e-314 0 0 0 
7.05 0 0 0.02 1 0.0001 0.00015 0.32 552 31 1 2.48206e-314 0 0 0 
7.07 0 0 0.02 1 0.0001 0.00015 0.32 553 31 1 2.48206e-314 0 0 0 
7.09 0 0 0.02 1 0.0001 0.00015 0.32 554 31 1 2.48206e-314 0 0 0 
7.11 0 0 0.02 1 0.0001 0.00015 0.32 555 31 1 2.48206e-314 0 0 0 
7.13 0 0 0.02 1 0.0001 0.00015 0.32 556 31 1 2.48206e-314 0 0 0 
7.15 0 0 0.02 1 0.0001 0.00015 0.32 557 31 1 2.48206e-314 0 0 0 
7.17 0 0 0.02 1 0.0001 0.00015 0.32 558 31 1 2.48206e-314 0 0 0 
7.19 0 0 0.02 1 0.0001 0.00015 0.32 559 31 1 2.48206e-314 0 0 0 
7.21 0 0 0.02 1 0.0001 0.00015 0.32 560 31 1 2.48206e-314 0 0 0 
7.23 0 0 0.02 1 0.0001 0.00015 0.32 561 31 1 2.48206e-314 0 0 0 
7.25 0 0 0.02 1 0.0001 0.00015 0.32 562 31 1 2.48206e-314 0 0 0 
7.27 0 0 0.02 1 0.0001 0.00015 0.32 563 31 1 2.48206e-314 0 0 0 
7.29 0 0 0.02 1 0.0001 0.00015 0.32 564 31 1 2.48206e-314 0 0 0 
7.31 0 0 0.02 1 0.0001 0.00015 0.32 565 31 1 2.48206e-314 0 0 0 
7.33 0 0 0.02 1 0.0001 0.00015 0.32 566 31 1 2.48206e-314 0 0 0 
7.35 -6.91508e-25 -2.11758e-22 0.02 1 0.0001 0.00015 0.32 567 31 1 2.48206e-314 0 0 0 
7.37 -4.12238e-24 -1.05879e-21 0.02 1 0.0001 0.00015 0.32 568 31 1 2.48206e-314 0 0 0 
7.39 -1.27807e-23 -2.75286e-21 0.02 1 0.0001 0.00015 0.32 569 31 1 2.48206e-314 0 0 0 
7.41 -1.97411e-22 -1.3976e-20 0.02 1 0.0001 0.00015 0.32 570 31 1 2.48206e-314 0 0 0 
7.43 -1.27125e-21 -6.98802e-20 0.02 1 0.0001 0.00015 0.32 571 31 1 2.48206e-314 0 0 0 
7.45 -4.71585e-21 -2.38016e-19 0.02 1 0.0001 0.00015 0.32 572 31 1 2.48206e-314 0 0 0 
7.47 -1.30267e-20 -6.42898e-19 0.02 1 0.0001 0.00015 0.32 573 31 1 2.48206e-314 0 0 0 
7.49 -2.92608e-20 -1.42429e-18 0.02 1 0.0001 0.00015 0.32 574 31 1 2.48206e-314 0 0 0 
7.51 -5.89902e-20 -2.84772e-18 0.02 1 0.0001 0.00015 0.32 575 31 1 2.48206e-314 0 0 0 
7.53 -1.0737e-19 -5.17156e-18 0.02 1 0.0001 0.00015 0.32 576 31 1 2.48206e-314 0 0 0 
7.55 -1.80672e-19 -8.6859e-18 0.02 1 0.0001 0.00015 0.32 577 31 1 2.48206e-314 0 0 0 
7.57 -2.86795e-19 -1.37567e-17 0.02 1 0.0001 0.00015 0.32 578 31 1 2.48206e-314 0 0 0 
7.59 -4.27075e-19 -2.04927e-17 0.02 1 0.0001 0.00015 0.32 579 31 1 2.48206e-314 0 0 0 
7.61 -6.02768e-19 -2.8761e-17 0.02 1 0.0001 0.00015 0.32 580 31 1 2.48206e-314 0 0 0 
7.63 -8.07444e-19 -3.8566e-17 0.02 1 0.0001 0.00015 0.32 581 31 1 2.48206e-314 0 0 0 
7.65 -1.03175e-18 -4.91514e-17 0.02 1 0.0001 0.00015 0.32 582 31 1 2.48206e-314 0 0 0 
7.67 -1.2578e-18 -5.99909e-17 0.02 1 0.0001 0.00015 0.32 583 31 1 2.48206e-314 0 0 0 
7.69 -1.46149e-18 -6.97489e-17 0.02 1 0.0001 0.00015 0.32 584 31 1 2.48206e-314 0 0 0 
7.71 -1.41346e-18 -6.7434e-17 0.02 1 0.0001 0.00015 0.32 585 32 1 2.48206e-314 0 0 0 
7.73 -1.08055e-18 -5.15295e-17 0.02 1 0.0001 0.00015 0.32 586 32 1 2.48206e-314 0 0 0 
7.75 -4.35981e-19 -2.06541e-17 0.02 1 0.0001 0.00015 0.32 587 32 1 2.48206e-314 0 0 0 
7.77 5.2764e-19 2.5224e-17 0.02 1 0.0001 0.00015 0.32 588 32 1 2.48206e-314 0 0 0 
7.79 1.8081e-18 8.64802e-17 0.02 1 0.0001 0.00015 0.32 589 32 1 2.48206e-314 0 0 0 
7.81 3.39392e-18 1.62406e-16 0.02 1 0.0001 0.00015 0.32 590 32 1 2.48206e-314 0 0 0 
7.83 5.25569e-18 2.51304e-16 0.02 1 0.0001 0.00015 0.32 591 32 1 2.48206e-314 0 0 0 
7.85 7.35778e-18 3.51769e-16 0.02 1 0.0001 0.00015 0.32 592 32 1 2.48206e-314 0 0 0 
7.87 8.81577e-18 4.21478e-16 0.02 1 0.0001 0.00015 0.32 593 32 1 2.48206e-314 0 0 0 
7.89 9.58121e-18 4.58033e-16 0.02 1 0.0001 0.00015 0.32 594 32 1 2.48206e-314 0 0 0 
7.91 9.60616e-18 4.59266e-16 0.02 1 0.0001 0.00015 0.32 595 32 1 2.48206e-314 0 0 0 
7.93 8.87011e-18 4.24063e-16 0.02 1 0.0001 0.00015 0.32 596 32 1 2.48206e-314 0 0 0 
7.95 7.3716e-18 3.524e-16 0.02 1 0.0001 0.00015 0.32 597 33 1 2.48206e-314 0 0 0 
7.97 5.1298e-18 2.45278e-16 0.02 1 0.0001 0.00015 0.32 598 33 1 2.48206e-314 0 0 0 
7.99 2.15673e-18 1.03264e-16 0.02 1 0.0001 0.00015 0.32 599 33 1 2.48206e-314 0 0 0 
-4.01 0 313.836 0.02 0.998625 9986.25 15000 0.320441 600 32 1 3.03136e-314 0 0 0 
-4.03 0 309.619 0.02 0.998795 9987.95 15000 0.320386 601 32 1 3.03136e-314 0 0 0 
-4.05 0 317.591 0.02 0.99897 9989.7 15000 0.32033 602 32 1 3.03136e-314 0 0 0 
-4.07 0 356.511 0.02 0.999144 9991.44 15000 0.320274 603 32 1 3.03136e-314 0 0 0 
-4.09 0 447.779 0.02 0.99931 9993.1 15000 0.320221 604 32 1 3.03136e-314 0 0 0 
-4.11 0 626.088 0.02 0.999464 9994.64 15000 0.320172 605 32 1 3.03136e-314 0 0 0 
-4.13 0 936.294 0.02 0.999602 9996.02 15000 0.320127 606 32 1 3.03136e-314 0 0 0 
-4.15 0 1455.33 0.02 0.99972 9997.2 15000 0.32009 607 32 1 3.03136e-314 0 0 0 
-4.17 0 2360.15 0.02 0.999813 9998.13 15000 0.32006 608 32 1 3.03136e-314 0 0 0 
-4.19 0 3654 0.02 0.999881 9998.81 15000 0.320038 609 32 1 3.03136e-314 0 0 0 
-4.21 0 5208.23 0.02 0.99993 9999.3 15000 0.320022 610 32 1 3.03136e-314 0 0 0 
-4.23 0 6889.75 0.02 0.999963 9999.63 15000 0.320012 611 32 1 3.03136e-314 0 0 0 
-4.25 0 8558.64 0.02 0.999983 9999.83 15000 0.320005 612 32 1 3.03136e-314 0 0 0 
-4.27 0 10065.3 0.02 0.999994 9999.94 15000 0.320002 613 32 1 3.03136e-314 0 0 0 
-4.29 0 11247.1 0.02 0.999999 9999.99 15000 0.32 614 32 1 3.03136e-314 0 0 0 
-4.31 0 11923.1 0.02 1 10000 15000 0.32 615 31 1 3.03136e-314 0 0 0 
-4.33 0 11879.7 0.02 1 10000 15000 0.32 616 31 1 3.03136e-314 0 0 0 
-4.35 0 10553.5 0.02 0.999959 9999.59 15000 0.320013 617 31 1 3.03136e-314 0 0 0 
-4.37 0 7240.97 0.02 0.999631 9996.31 15000 0.320118 618 30 1 3.03136e-314 0 0 0 
-4.39 0 2124.63 0.02 0.998503 9985.03 15000 0.32048 619 29 1 3.03136e-314 0 0 0 
-4.41 0 -4517.67 0.02 0.995748 9957.48 15000 0.321366 620 28 1 3.03136e-314 0 0 0 
-4.43 0 -12404.2 0.02 0.990126 9901.26 15000 0.323191 621 27 1 3.03136e-314 0 0 0 
-4.45 0 -21259.5 0.02 0.979822 9798.22 15000 0.32659 622 26 1 3.03136e-314 0 0 0 
-4.47 0 -30833.7 0.02 0.962228 9622.28 15000 0.332561 623 25 1 3.03136e-314 0 0 0 
-4.49 0 -40888.7 0.02 0.933731 9337.31 15000 0.342711 624 25 1 3.03136e-314 0 0 0 
-4.51 0 -50860.1 0.02 0.890771 8907.71 15000 0.359239 625 24 1 3.03136e-314 0 0 0 
-4.53 0 -59973.6 0.02 0.832895 8328.95 15000 0.384202 626 25 1 3.03136e-314 0 0 0 
-4.55 0 -67510.9 0.02 0.764751 7647.51 15000 0.418437 627 25 1 3.03136e-314 0 0 0 
-4.57 0 -73025.8 0.02 0.6944 6944 15000 0.460829 628 27 1 3.03136e-314 0 0 0 
-4.59 0 -76508.7 0.02 0.62873 6287.3 15000 0.508962 629 28 1 3.03136e-314 0 0 0 
-4.61 0 -78249.8 0.02 0.571028 5710.28 15000 0.560393 630 30 1 3.03136e-314 0 0 0 
-4.63 0 -78627.1 0.02 0.521739 5217.39 15000 0.613333 631 31 1 3.03136e-314 0 0 0 
8.01 0 -7.13413e-17 0.02 1 0.0001 0.00015 0.32 632 33 1 3.03136e-314 0 0 0 
8.03 0 -5.06339e-08 0.02 1 0.0001 0.00015 0.32 633 33 1 3.03136e-314 0 0 0 
8.05 0 -3.17263e-07 0.02 1 0.0001 0.00015 0.32 634 33 1 3.03136e-314 0 0 0 
8.07 0 -9.68767e-07 0.02 1 0.0001 0.00015 0.32 635 33 1 3.03136e-314 0 0 0 
8.09 0 -2.20229e-06 0.02 1 0.0001 0.00015 0.32 636 32 1 3.03136e-314 0 0 0 
8.11 0 -4.34936e-06 0.02 1 0.0001 0.00015 0.32 637 32 1 3.03136e-314 0 0 0 
8.13 0 -7.84431e-06 0.02 1 0.0001 0.00015 0.32 638 32 1 3.03136e-314 0 0 0 
8.15 0 -1.34436e-05 0.02 1 0.0001 0.00015 0.32 639 32 1 3.03136e-314 0 0 0 
8.17 0 -2.29056e-05 0.02 1 0.0001 0.00015 0.32 640 32 1 3.03136e-314 0 0 0 
8.19 0 -3.61693e-05 0.02 1 0.0001 0.00015 0.32 641 32 1 3.03136e-314 0 0 0 
8.21 0 -5.19572e-05 0.02 1 0.0001 0.00015 0.32 642 32 1 3.03136e-314 0 0 0 
8.23 0 -6.89475e-05 0.02 1 0.0001 0.00015 0.32 643 32 1 3.03136e-314 0 0 0 
8.25 0 -8.57501e-05 0.02 1 0.0001 0.00015 0.32 644 32 1 3.03136e-314 0 0 0 
8.27 0 -0.000100878 0.02 1 0.0001 0.00015 0.32 645 32 1 3.03136e-314 0 0 0 
8.29 0 -0.000112715 0.02 1 0.0001 0.00015 0.32 646 31 1 3.03136e-314 0 0 0 
8.31 0 -0.000119459 0.02 1 0.0001 0.00015 0.32 647 31 1 3.03136e-314 0 0 0 
8.33 0 -0.000118983 0.02 1 0.0001 0.00015 0.32 648 31 1 3.03136e-314 0 0 0 
8.35 0 -0.000105681 0.02 0.999959 9.99959e-05 0.00015 0.320013 649 31 1 3.03136e-314 0 0 0 
8.37 0 -7.25203e-05 0.02 0.999631 9.99631e-05 0.00015 0.320118 650 30 1 3.03136e-314 0 0 0 
8.39 0 -2.13263e-05 0.02 0.998503 9.98503e-05 0.00015 0.32048 651 29 1 3.03136e-314 0 0 0 
8.41 0 4.51216e-05 0.02 0.995748 9.95748e-05 0.00015 0.321366 652 28 1 3.03136e-314 0 0 0 
8.43 0 0.000124006 0.02 0.990126 9.90126e-05 0.00015 0.323191 653 27 1 3.03136e-314 0 0 0 
8.45 0 0.000212573 0.02 0.979822 9.79822e-05 0.00015 0.32659 654 26 1 3.03136e-314 0 0 0 
8.47 0 0.000308325 0.02 0.962228 9.62228e-05 0.00015 0.332561 655 25 1 3.03136e-314 0 0 0 
8.49 0 0.00040888 0.02 0.933731 9.33731e-05 0.00015 0.342711 656 25 1 3.03136e-314 0 0 0 
8.51 0 0.000508598 0.02 0.890771 8.90771e-05 0.00015 0.359239 657 24 1 3.03136e-314 0 0 0 
8.53 0 0.000599735 0.02 0.832895 8.32895e-05 0.00015 0.384202 658 25 1 3.03136e-314 0 0 0 
8.55 0 0.000675109 0.02 0.764751 7.64751e-05 0.00015 0.418437 659 25 1 3.03136e-314 0 0 0 
8.57 0 0.000730258 0.02 0.6944 6.944e-05 0.00015 0.460829 660 27 1 3.03136e-314 0 0 0 
8.59 0 0.000765089 0.02 0.62873 6.2873e-05 0.00015 0.508962 661 28 1 3.03136e-314 0 0 0 
8.61 0 0.0007825 0.02 0.571028 5.71028e-05 0.00015 0.560393 662 30 1 3.03136e-314 0 0 0 
8.63 0 0.000786275 0.02 0.521739 5.21739e-05 0.00015 0.613333 663 31 1 3.03136e-314 0 0 0 
