# Time [s]: 0.0197721
# Columns: pos [m], vel [m/s], acc [m/s^2], mass [kg], dens [kg/m^3], pres [Pa], ene [J/kg], sml [m], id, neighbor, alpha, gradh, ...additional?
# Additional arrays: grad_velocity_0(vector) grad_pressure(vector) grad_density(vector) 
-3.98993 0.0693094 61.2048 0.02 0.999417 9989.87 14993.5 0.320187 0 32 1 2.48207e-314 0 0 0 
-3.96993 0.0736327 63.3164 0.02 0.999354 9988.73 14992.7 0.320207 1 32 1 2.48207e-314 0 0 0 
-3.94992 0.0797306 66.9927 0.02 0.999291 9987.53 14991.8 0.320227 2 32 1 2.48207e-314 0 0 0 
-3.92991 0.0876106 72.1699 0.02 0.999227 9986.27 14990.9 0.320248 3 32 1 2.48207e-314 0 0 0 
-3.9099 0.0973127 78.821 0.02 0.999161 9984.93 14989.8 0.320269 4 32 1 2.48207e-314 0 0 0 
-3.88989 0.108905 86.9503 0.02 0.999091 9983.49 14988.7 0.320291 5 32 1 2.48207e-314 0 0 0 
-3.86987 0.122483 96.5926 0.02 0.999015 9981.92 14987.5 0.320315 6 32 1 2.48207e-314 0 0 0 
-3.84985 0.138176 107.818 0.02 0.998931 9980.2 14986.2 0.320343 7 32 1 2.48207e-314 0 0 0 
-3.82983 0.156154 120.74 0.02 0.998836 9978.3 14984.7 0.320373 8 32 1 2.48207e-314 0 0 0 
-3.80981 0.175181 133.93 0.02 0.998728 9976.21 14983.2 0.320407 9 32 1 2.48207e-314 0 0 0 
-3.78978 0.195451 147.538 0.02 0.998609 9973.92 14981.5 0.320446 10 32 1 2.48207e-314 0 0 0 
-3.76976 0.217136 161.678 0.02 0.998476 9971.42 14979.7 0.320488 11 32 1 2.48207e-314 0 0 0 
-3.74973 0.240389 176.432 0.02 0.998331 9968.69 14977.8 0.320535 12 32 1 2.48207e-314 0 0 0 
-3.7297 0.265353 191.861 0.02 0.998172 9965.73 14975.7 0.320586 13 32 1 2.48207e-314 0 0 0 
-3.70966 0.292159 208.002 0.02 0.997998 9962.51 14973.5 0.320642 14 32 1 2.48207e-314 0 0 0 
-3.68962 0.320929 224.874 0.02 0.997809 9959.02 14971.1 0.320703 15 32 1 2.48207e-314 0 0 0 
-3.66958 0.351773 242.471 0.02 0.997604 9955.24 14968.5 0.320768 16 32 1 2.48207e-314 0 0 0 
-3.64953 0.385142 261.147 0.02 0.997383 9951.17 14965.6 0.32084 17 32 1 2.48207e-314 0 0 0 
-3.62948 0.421144 280.877 0.02 0.997143 9946.77 14962.6 0.320917 18 32 1 2.48207e-314 0 0 0 
-3.60943 0.459903 301.645 0.02 0.996885 9942.03 14959.3 0.321 19 32 1 2.48207e-314 0 0 0 
-3.58937 0.501555 323.445 0.02 0.996606 9936.93 14955.8 0.32109 20 32 1 2.48207e-314 0 0 0 
-3.5693 0.546246 346.274 0.02 0.996306 9931.45 14952.1 0.321186 21 32 1 2.48207e-314 0 0 0 
-3.54923 0.594129 370.136 0.02 0.995983 9925.57 14948.1 0.32129 22 32 1 2.48207e-314 0 0 0 
-3.52915 0.645368 395.036 0.02 0.995637 9919.28 14943.8 0.321402 23 32 1 2.48207e-314 0 0 0 
-3.50906 0.700134 420.983 0.02 0.995266 9912.55 14939.2 0.321522 24 32 1 2.48207e-314 0 0 0 
-3.48897 0.758606 447.991 0.02 0.994869 9905.35 14934.3 0.32165 25 32 1 2.48207e-314 0 0 0 
-3.46887 0.820967 476.068 0.02 0.994445 9897.69 14929.1 0.321787 26 32 1 2.48207e-314 0 0 0 
-3.44876 0.887395 505.217 0.02 0.993993 9889.52 14923.5 0.321934 27 32 1 2.48207e-314 0 0 0 
-3.42864 0.958074 535.434 0.02 0.99351 9880.83 14917.7 0.32209 28 32 1 2.48207e-314 0 0 0 
-3.40851 1.03318 566.71 0.02 0.992997 9871.61 14911.4 0.322257 29 32 1 2.48207e-314 0 0 0 
-3.38837 1.11291 599.035 0.02 0.992452 9861.82 14904.8 0.322434 30 32 1 2.48207e-314 0 0 0 
-3.36822 1.19742 632.391 0.02 0.991873 9851.45 14897.8 0.322622 31 32 1 2.48207e-314 0 0 0 
-3.34806 1.28692 666.757 0.02 0.991259 9840.48 14890.4 0.322822 32 32 1 2.48207e-314 0 0 0 
-3.32788 1.38156 702.107 0.02 0.990609 9828.89 14882.6 0.323034 33 32 1 2.48207e-314 0 0 0 
-3.30769 1.48154 738.414 0.02 0.989921 9816.65 14874.4 0.323258 34 32 1 2.48207e-314 0 0 0 
-3.28749 1.58702 775.645 0.02 0.989194 9803.75 14865.8 0.323496 35 32 1 2.48207e-314 0 0 0 
-3.26727 1.69818 813.765 0.02 0.988428 9790.16 14856.7 0.323746 36 32 1 2.48207e-314 0 0 0 
-3.24704 1.81519 852.736 0.02 0.98762 9775.88 14847.2 0.324011 37 32 1 2.48207e-314 0 0 0 
-3.22679 1.93821 892.517 0.02 0.98677 9760.87 14837.1 0.32429 38 32 1 2.48207e-314 0 0 0 
-3.20652 2.06742 933.063 0.02 0.985875 9745.13 14826.6 0.324585 39 32 1 2.48207e-314 0 0 0 
-3.18624 2.20297 974.327 0.02 0.984936 9728.63 14815.6 0.324894 40 32 1 2.48207e-314 0 0 0 
-3.16593 2.34502 1016.26 0.02 0.983951 9711.37 14804.2 0.325219 41 32 1 2.48207e-314 0 0 0 
-3.1456 2.49371 1058.81 0.02 0.982918 9693.31 14792.2 0.325561 42 32 1 2.48207e-314 0 0 0 
-3.12525 2.6492 1101.92 0.02 0.981837 9674.45 14779.6 0.32592 43 32 1 2.48207e-314 0 0 0 
-3.10488 2.81161 1145.54 0.02 0.980707 9654.78 14766.6 0.326295 44 32 1 2.48207e-314 0 0 0 
-3.08449 2.98109 1189.6 0.02 0.979526 9634.28 14753 0.326689 45 32 1 2.48207e-314 0 0 0 
-3.06407 3.15775 1234.06 0.02 0.978294 9612.95 14738.9 0.3271 46 32 1 2.48207e-314 0 0 0 
-3.04362 3.34173 1278.84 0.02 0.97701 9590.76 14724.2 0.32753 47 32 1 2.48207e-314 0 0 0 
-3.02315 3.53313 1323.89 0.02 0.975672 9567.71 14708.9 0.327979 48 32 1 2.48207e-314 0 0 0 
-3.00265 3.73206 1369.15 0.02 0.974281 9543.79 14693.1 0.328447 49 32 1 2.48207e-314 0 0 0 
-2.98212 3.93862 1414.55 0.02 0.972835 9518.99 14676.7 0.328936 50 32 1 2.48207e-314 0 0 0 
-2.96156 4.15289 1460.04 0.02 0.971334 9493.31 14659.8 0.329444 51 32 1 2.48207e-314 0 0 0 
-2.94096 4.37498 1505.55 0.02 0.969777 9466.74 14642.2 0.329973 52 32 1 2.48207e-314 0 0 0 
-2.92033 4.60494 1551.02 0.02 0.968163 9439.29 14624.1 0.330523 53 32 1 2.48207e-314 0 0 0 
-2.89967 4.84286 1596.4 0.02 0.966492 9410.93 14605.4 0.331094 54 32 1 2.48207e-314 0 0 0 
-2.87897 5.0888 1641.61 0.02 0.964764 9381.68 14586.1 0.331687 55 32 1 2.48207e-314 0 0 0 
-2.85824 5.3428 1686.61 0.02 0.962978 9351.53 14566.2 0.332303 56 32 1 2.48207e-314 0 0 0 
-2.83746 5.60492 1731.33 0.02 0.961134 9320.49 14545.7 0.33294 57 32 1 2.48207e-314 0 0 0 
-2.81664 5.8752 1775.72 0.02 0.959231 9288.55 14524.6 0.3336 58 32 1 2.48207e-314 0 0 0 
-2.79578 6.15366 1819.73 0.02 0.957271 9255.72 14502.9 0.334284 59 32 1 2.48207e-314 0 0 0 
-2.77488 6.44034 1863.29 0.02 0.955251 9222 14480.6 0.334991 60 32 1 2.48207e-314 0 0 0 
-2.75394 6.73525 1906.38 0.02 0.953173 9187.4 14457.8 0.335721 61 32 1 2.48207e-314 0 0 0 
-2.73294 7.03841 1948.92 0.02 0.951036 9151.92 14434.3 0.336475 62 32 1 2.48207e-314 0 0 0 
-2.7119 7.34981 1990.87 0.02 0.94884 9115.58 14410.3 0.337254 63 32 1 2.48207e-314 0 0 0 
-2.69081 7.66947 2032.2 0.02 0.946586 9078.37 14385.7 0.338057 64 32 1 2.48207e-314 0 0 0 
-2.66967 7.99735 2072.85 0.02 0.944273 9040.31 14360.4 0.338885 65 32 1 2.48207e-314 0 0 0 
-2.64847 8.33346 2112.79 0.02 0.941903 9001.42 14334.7 0.339738 66 32 1 2.48207e-314 0 0 0 
-2.62723 8.67777 2151.97 0.02 0.939474 8961.69 14308.3 0.340616 67 32 1 2.48207e-314 0 0 0 
-2.60592 9.03026 2190.35 0.02 0.936988 8921.15 14281.4 0.34152 68 32 1 2.48207e-314 0 0 0 
-2.58456 9.39088 2227.91 0.02 0.934446 8879.8 14253.9 0.342449 69 32 1 2.48207e-314 0 0 0 
-2.56314 9.7596 2264.6 0.02 0.931846 8837.66 14225.8 0.343404 70 32 1 2.48207e-314 0 0 0 
-2.54166 10.1364 2300.4 0.02 0.929191 8794.75 14197.2 0.344386 71 32 1 2.48207e-314 0 0 0 
-2.52011 10.5212 2335.27 0.02 0.92648 8751.07 14168.1 0.345393 72 32 1 2.48207e-314 0 0 0 
-2.49851 10.9139 2369.19 0.02 0.923714 8706.65 14138.4 0.346427 73 32 1 2.48207e-314 0 0 0 
-2.47683 11.3145 2402.13 0.02 0.920895 8661.51 14108.2 0.347488 74 32 1 2.48207e-314 0 0 0 
-2.45509 11.723 2434.06 0.02 0.918021 8615.66 14077.4 0.348576 75 32 1 2.48207e-314 0 0 0 
-2.43328 12.1392 2464.96 0.02 0.915095 8569.11 14046.1 0.34969 76 32 1 2.48207e-314 0 0 0 
-2.4114 12.563 2494.81 0.02 0.912117 8521.89 14014.4 0.350832 77 32 1 2.48207e-314 0 0 0 
-2.38945 12.9945 2523.58 0.02 0.909088 8474.02 13982.1 0.352001 78 32 1 2.48207e-314 0 0 0 
-2.36742 13.4335 2551.27 0.02 0.906009 8425.52 13949.3 0.353197 79 32 1 2.48207e-314 0 0 0 
-2.34532 13.8799 2577.84 0.02 0.90288 8376.4 13916.1 0.354421 80 32 1 2.48207e-314 0 0 0 
-2.32314 14.3337 2603.28 0.02 0.899703 8326.69 13882.4 0.355673 81 32 1 2.48207e-314 0 0 0 
-2.30088 14.7946 2627.58 0.02 0.896479 8276.41 13848.2 0.356952 82 32 1 2.48207e-314 0 0 0 
-2.27854 15.2628 2650.71 0.02 0.893208 8225.59 13813.5 0.358259 83 32 1 2.48207e-314 0 0 0 
-2.25611 15.7379 2672.67 0.02 0.889892 8174.23 13778.5 0.359594 84 32 1 2.48207e-314 0 0 0 
-2.23361 16.2199 2693.43 0.02 0.886532 8122.37 13743 0.360957 85 32 1 2.48207e-314 0 0 0 
-2.21101 16.7088 2712.98 0.02 0.883129 8070.03 13707 0.362348 86 32 1 2.48207e-314 0 0 0 
-2.18833 17.2043 2731.32 0.02 0.879683 8017.23 13670.7 0.363767 87 32 1 2.48207e-314 0 0 0 
-2.16555 17.7064 2748.42 0.02 0.876197 7964 13634 0.365214 88 32 1 2.48207e-314 0 0 0 
-2.14269 18.2148 2764.27 0.02 0.872672 7910.35 13596.9 0.36669 89 32 1 2.48207e-314 0 0 0 
-2.11973 18.7296 2778.86 0.02 0.869108 7856.32 13559.4 0.368194 90 32 1 2.48207e-314 0 0 0 
-2.09668 19.2505 2792.18 0.02 0.865507 7801.93 13521.5 0.369725 91 32 1 2.48207e-314 0 0 0 
-2.07353 19.7774 2804.2 0.02 0.861871 7747.2 13483.4 0.371285 92 32 1 2.48207e-314 0 0 0 
-2.05028 20.3102 2814.92 0.02 0.8582 7692.16 13444.8 0.372873 93 32 1 2.48207e-314 0 0 0 
-2.02693 20.8486 2824.33 0.02 0.854497 7636.83 13406 0.374489 94 32 1 2.48207e-314 0 0 0 
-2.00347 21.3925 2832.4 0.02 0.850762 7581.24 13366.9 0.376134 95 32 1 2.48207e-314 0 0 0 
-1.97992 21.9418 2839.12 0.02 0.846996 7525.42 13327.4 0.377806 96 32 1 2.48207e-314 0 0 0 
-1.95626 22.4963 2844.48 0.02 0.843203 7469.39 13287.7 0.379505 97 32 1 2.48207e-314 0 0 0 
-1.93248 23.0557 2848.46 0.02 0.839382 7413.18 13247.8 0.381233 98 32 1 2.48207e-314 0 0 0 
-1.90861 23.6199 2851.05 0.02 0.835536 7356.82 13207.6 0.382988 99 32 1 2.48207e-314 0 0 0 
-1.88461 24.1887 2852.22 0.02 0.831667 7300.33 13167.2 0.38477 100 32 1 2.48207e-314 0 0 0 
-1.86051 24.7619 2851.97 0.02 0.827775 7243.74 13126.5 0.386579 101 32 1 2.48207e-314 0 0 0 
-1.83629 25.3392 2850.26 0.02 0.823863 7187.08 13085.7 0.388414 102 32 1 2.48207e-314 0 0 0 
-1.81196 25.9205 2847.09 0.02 0.819932 7130.38 13044.7 0.390276 103 32 1 2.48207e-314 0 0 0 
-1.78751 26.5054 2842.43 0.02 0.815984 7073.67 13003.6 0.392165 104 32 1 2.48207e-314 0 0 0 
-1.76294 27.0938 2836.25 0.02 0.812021 7016.97 12962.3 0.394078 105 32 1 2.48207e-314 0 0 0 
-1.73824 27.6854 2828.55 0.02 0.808045 6960.32 12921 0.396017 106 32 1 2.48207e-314 0 0 0 
-1.71343 28.2798 2819.3 0.02 0.804058 6903.75 12879.5 0.397981 107 32 1 2.48207e-314 0 0 0 
-1.68849 28.8769 2808.47 0.02 0.800062 6847.28 12838 0.399969 108 32 1 2.48207e-314 0 0 0 
-1.66342 29.4763 2796.05 0.02 0.796059 6790.95 12796.4 0.40198 109 32 1 2.48207e-314 0 0 0 
-1.63823 30.0778 2782.02 0.02 0.792051 6734.79 12754.8 0.404015 110 32 1 2.48207e-314 0 0 0 
-1.61291 30.6809 2766.35 0.02 0.78804 6678.82 12713.2 0.406071 111 32 1 2.48207e-314 0 0 0 
-1.58746 31.2854 2749.03 0.02 0.784028 6623.09 12671.6 0.408149 112 32 1 2.48207e-314 0 0 0 
-1.56187 31.891 2730.04 0.02 0.780018 6567.63 12630.1 0.410247 113 32 1 2.48207e-314 0 0 0 
-1.53616 32.4971 2709.36 0.02 0.776012 6512.46 12588.7 0.412365 114 32 1 2.48207e-314 0 0 0 
-1.51031 33.1036 2686.96 0.02 0.772013 6457.61 12547.4 0.414501 115 32 1 2.48207e-314 0 0 0 
-1.48432 33.7098 2662.84 0.02 0.768023 6403.14 12506.2 0.416654 116 32 1 2.48207e-314 0 0 0 
-1.4582 34.3156 2636.97 0.02 0.764044 6349.05 12465.1 0.418824 117 32 1 2.48207e-314 0 0 0 
-1.43195 34.9203 2609.34 0.02 0.760079 6295.4 12424.2 0.421009 118 32 1 2.48207e-314 0 0 0 
-1.40555 35.5237 2579.95 0.02 0.756132 6242.21 12383.6 0.423207 119 32 1 2.48207e-314 0 0 0 
-1.37901 36.1253 2548.78 0.02 0.752204 6189.52 12343.2 0.425417 120 32 1 2.48207e-314 0 0 0 
-1.35234 36.7245 2515.85 0.02 0.748298 6137.37 12303.1 0.427637 121 32 1 2.48207e-314 0 0 0 
-1.32552 37.321 2481.17 0.02 0.744418 6085.77 12263.3 0.429866 122 32 1 2.48207e-314 0 0 0 
-1.29857 37.9143 2444.75 0.02 0.740565 6034.78 12223.8 0.432102 123 32 1 2.48207e-314 0 0 0 
-1.27147 38.5037 2406.62 0.02 0.736743 5984.42 12184.6 0.434344 124 32 1 2.48207e-314 0 0 0 
-1.24423 39.0888 2366.8 0.02 0.732955 5934.73 12145.9 0.436589 125 32 1 2.48207e-314 0 0 0 
-1.21685 39.6691 2325.32 0.02 0.729204 5885.73 12107.6 0.438835 126 32 1 2.48207e-314 0 0 0 
-1.18933 40.2439 2282.22 0.02 0.725492 5837.46 12069.8 0.44108 127 32 1 2.48207e-314 0 0 0 
-1.16167 40.8127 2237.53 0.02 0.721823 5789.95 12032.4 0.443322 128 32 1 2.48207e-314 0 0 0 
-1.13387 41.375 2191.3 0.02 0.7182 5743.24 11995.5 0.445558 129 32 1 2.48207e-314 0 0 0 
-1.10592 41.9303 2143.58 0.02 0.714625 5697.34 11959.2 0.447787 130 32 1 2.48207e-314 0 0 0 
-1.07783 42.478 2094.47 0.02 0.711102 5652.29 11923.4 0.450006 131 32 1 2.48207e-314 0 0 0 
-1.04961 43.0178 2044.06 0.02 0.707632 5608.11 11888.2 0.452212 132 32 1 2.48207e-314 0 0 0 
-1.02124 43.549 1992.47 0.02 0.70422 5564.84 11853.6 0.454404 133 32 1 2.48207e-314 0 0 0 
-0.992741 44.0714 1939.84 0.02 0.700866 5522.48 11819.7 0.456578 134 32 1 2.48207e-314 0 0 0 
-0.964102 44.5842 1886.32 0.02 0.697573 5481.07 11786.4 0.458733 135 32 1 2.48207e-314 0 0 0 
-0.935329 45.0871 1832.07 0.02 0.694343 5440.61 11753.9 0.460867 136 32 1 2.48207e-314 0 0 0 
-0.906423 45.5794 1777.25 0.02 0.691178 5401.11 11722 0.462978 137 32 1 2.48207e-314 0 0 0 
-0.877385 46.0606 1722 0.02 0.688079 5362.6 11690.8 0.465063 138 32 1 2.48207e-314 0 0 0 
-0.848218 46.5302 1666.47 0.02 0.685048 5325.07 11660.3 0.467121 139 32 1 2.48207e-314 0 0 0 
-0.818923 46.9878 1610.79 0.02 0.682086 5288.53 11630.6 0.469149 140 32 1 2.48207e-314 0 0 0 
-0.789502 47.4332 1555.08 0.02 0.679194 5253 11601.6 0.471147 141 32 1 2.48207e-314 0 0 0 
-0.759955 47.8662 1499.51 0.02 0.676373 5218.47 11573.4 0.473112 142 32 1 2.48207e-314 0 0 0 
-0.730284 48.2869 1444.24 0.02 0.673622 5184.95 11546 0.475044 143 32 1 2.48207e-314 0 0 0 
-0.700493 48.6954 1389.49 0.02 0.670942 5152.43 11519.5 0.476942 144 32 1 2.48207e-314 0 0 0 
-0.670584 49.0919 1335.52 0.02 0.668329 5120.91 11493.7 0.478806 145 32 1 2.48207e-314 0 0 0 
-0.640559 49.4764 1282.58 0.02 0.665783 5090.37 11468.9 0.480637 146 32 1 2.48207e-314 0 0 0 
-0.610423 49.849 1230.96 0.02 0.6633 5060.81 11444.9 0.482436 147 32 1 2.48207e-314 0 0 0 
-0.580179 50.2094 1180.89 0.02 0.660877 5032.19 11421.9 0.484205 148 32 1 2.48207e-314 0 0 0 
-0.54983 50.5574 1132.56 0.02 0.65851 5004.51 11399.9 0.485945 149 32 1 2.48207e-314 0 0 0 
-0.51938 50.8927 1086.07 0.02 0.656197 4977.74 11378.9 0.487659 150 32 1 2.48207e-314 0 0 0 
-0.488829 51.2152 1041.44 0.02 0.653933 4951.87 11358.9 0.489347 151 32 1 2.48207e-314 0 0 0 
-0.458176 51.5251 998.633 0.02 0.651715 4926.89 11340.1 0.491012 152 32 1 2.48207e-314 0 0 0 
-0.42742 51.823 957.537 0.02 0.649539 4902.81 11322.4 0.492657 153 32 1 2.48207e-314 0 0 0 
-0.396558 52.1101 918.052 0.02 0.647402 4879.64 11306.1 0.494283 154 32 1 2.48207e-314 0 0 0 
-0.365591 52.3877 880.119 0.02 0.645297 4857.38 11291.2 0.495896 155 32 1 2.48207e-314 0 0 0 
-0.334519 52.6572 843.752 0.02 0.643219 4836.07 11278 0.497497 156 32 1 2.48207e-314 0 0 0 
-0.303344 52.9199 809.057 0.02 0.641162 4815.71 11266.6 0.499094 157 32 1 2.48207e-314 0 0 0 
-0.272073 53.1766 776.203 0.02 0.639119 4796.34 11257.1 0.500689 158 32 1 2.48207e-314 0 0 0 
-0.240711 53.4273 745.369 0.02 0.637084 4777.98 11249.8 0.502288 159 32 1 2.48207e-314 0 0 0 
-0.209266 53.6714 716.685 0.02 0.635053 4760.67 11244.9 0.503895 160 32 1 2.48207e-314 0 0 0 
-0.17774 53.9079 690.175 0.02 0.633023 4744.44 11242.5 0.505511 161 32 1 2.48207e-314 0 0 0 
-0.146129 54.1361 665.711 0.02 0.630995 4729.35 11242.8 0.507136 162 32 1 2.48207e-314 0 0 0 
-0.114424 54.3556 642.97 0.02 0.62897 4715.49 11245.9 0.508769 163 32 1 2.48207e-314 0 0 0 
-0.0826089 54.5668 621.486 0.02 0.626953 4702.94 11252 0.510405 164 32 1 2.48207e-314 0 0 0 
-0.0506674 54.7713 600.883 0.02 0.62495 4691.82 11261.4 0.512041 165 32 1 2.48207e-314 0 0 0 
-0.0185857 54.9715 580.436 0.02 0.622971 4682.26 11274.2 0.513668 166 32 1 2.48207e-314 0 0 0 
0.0136365 55.1687 559.457 0.02 0.621025 4674.41 11290.5 0.515277 167 32 1 2.48207e-314 0 0 0 
0.0459826 55.3638 537.643 0.02 0.61913 4668.43 11310.6 0.516854 168 32 1 2.48207e-314 0 0 0 
0.0784261 55.5572 515.049 0.02 0.617305 4664.45 11334.3 0.518382 169 32 1 2.48207e-314 0 0 0 
0.110942 55.749 491.971 0.02 0.615575 4662.59 11361.6 0.519839 170 32 1 2.48207e-314 0 0 0 
0.143513 55.9381 468.817 0.02 0.613965 4662.92 11392.2 0.521202 171 32 1 2.48207e-314 0 0 0 
0.176135 56.1217 446.418 0.02 0.612507 4665.48 11425.6 0.522443 172 32 1 2.48207e-314 0 0 0 
0.208823 56.2986 425.478 0.02 0.611238 4670.28 11461.1 0.523528 173 33 1 2.48207e-314 0 0 0 
0.241603 56.4644 405.148 0.02 0.610206 4677.34 11497.9 0.524413 174 33 1 2.48207e-314 0 0 0 
0.274513 56.6178 386.047 0.02 0.60947 4686.61 11534.5 0.525046 175 33 1 2.48207e-314 0 0 0 
0.307582 56.7604 367.982 0.02 0.609096 4698 11569.7 0.525369 176 33 1 2.48207e-314 0 0 0 
0.340776 56.8907 350.159 0.02 0.609157 4711.35 11601.4 0.525316 177 33 1 2.48207e-314 0 0 0 
0.374028 57.0102 332.827 0.02 0.60973 4726.41 11627.5 0.524822 178 33 1 2.48207e-314 0 0 0 
0.407297 57.1192 313.168 0.02 0.610902 4742.88 11645.6 0.523816 179 34 1 2.48207e-314 0 0 0 
0.440464 57.2059 290.002 0.02 0.612769 4760.36 11653 0.52222 180 33 1 2.48207e-314 0 0 0 
0.47337 57.2646 265.181 0.02 0.615432 4778.28 11646.2 0.51996 181 34 1 2.48207e-314 0 0 0 
0.50588 57.3009 243.114 0.02 0.618998 4795.82 11621.6 0.516965 182 33 1 2.48207e-314 0 0 0 
0.538301 57.3647 222.751 0.02 0.623602 4812.47 11575.9 0.513148 183 34 1 2.48207e-314 0 0 0 
0.570924 57.4395 202.064 0.02 0.629425 4827.52 11504.7 0.508401 184 35 1 2.48207e-314 0 0 0 
0.603616 57.5043 182.216 0.02 0.636643 4839.72 11403 0.502637 185 35 1 2.48207e-314 0 0 0 
0.636148 57.544 164.255 0.02 0.645429 4847.63 11266.2 0.495795 186 36 1 2.48207e-314 0 0 0 
0.668346 57.5268 148.666 0.02 0.655972 4849.57 11089.5 0.487825 187 36 1 2.48207e-314 0 0 0 
0.699359 57.4039 137.592 0.02 0.668156 4843.21 10873.1 0.47893 188 37 1 2.48207e-314 0 0 0 
0.729285 57.2864 133.807 0.02 0.6821 4828.92 10619.4 0.469139 189 38 1 2.48207e-314 0 0 0 
0.758802 57.2083 127.971 0.02 0.698284 4807.06 10326.3 0.458266 190 38 1 2.48207e-314 0 0 0 
0.788154 57.1886 120.57 0.02 0.717108 4777.23 9992.86 0.446237 191 38 1 2.48207e-314 0 0 0 
0.816994 57.1526 111.929 0.02 0.73866 4737.09 9619.8 0.433217 192 40 1 2.48207e-314 0 0 0 
0.84584 57.1563 105.081 0.02 0.763889 4686.64 9203.03 0.418909 193 41 1 2.48207e-314 0 0 0 
0.874741 57.1297 89.6512 0.02 0.793599 4624.06 8740.2 0.403226 194 42 1 2.48207e-314 0 0 0 
0.901143 56.956 85.7116 0.02 0.825338 4546.68 8263.46 0.38772 195 42 1 2.48207e-314 0 0 0 
0.925718 56.8166 89.2325 0.02 0.859504 4461.94 7787.09 0.372308 196 42 1 2.48207e-314 0 0 0 
0.948787 56.7588 94.1588 0.02 0.896293 4375.25 7322.35 0.357026 197 43 1 2.48207e-314 0 0 0 
0.970032 56.7536 98.3204 0.02 0.934866 4290.62 6884.41 0.342295 198 43 1 2.48207e-314 0 0 0 
0.988513 56.7397 104.187 0.02 0.972691 4212.15 6495.67 0.328984 199 43 1 2.48207e-314 0 0 0 
1.02334 56.531 102.838 0.02 1.05767 4022.54 5704.75 0.302551 200 43 1 2.48206e-314 0 0 0 
1.03983 56.5443 101.664 0.02 1.10557 3946.19 5353.97 0.289443 201 42 1 2.48206e-314 0 0 0 
1.05663 56.6016 95.5865 0.02 1.16035 3866.27 4997.9 0.275778 202 42 1 2.48206e-314 0 0 0 
1.07339 56.6406 87.2043 0.02 1.22205 3783.23 4643.63 0.261855 203 41 1 2.48206e-314 0 0 0 
1.08985 56.6398 77.6905 0.02 1.29089 3699.32 4298.48 0.247891 204 41 1 2.48206e-314 0 0 0 
1.10649 56.6461 62.2821 0.02 1.37042 3619.21 3961.33 0.233504 205 40 1 2.48206e-314 0 0 0 
1.12391 56.8171 44.009 0.02 1.46552 3553.01 3636.55 0.218353 206 39 1 2.48206e-314 0 0 0 
1.13886 56.9256 34.8572 0.02 1.55756 3497.05 3367.77 0.20545 207 38 1 2.48206e-314 0 0 0 
1.15204 56.9981 27.5208 0.02 1.64866 3449.88 3138.75 0.194097 208 38 1 2.48206e-314 0 0 0 
1.1644 57.0874 21.5237 0.02 1.74412 3411.09 2933.59 0.183473 209 37 1 2.48206e-314 0 0 0 
1.17571 57.1617 16.5327 0.02 1.8415 3378.76 2752.14 0.173772 210 36 1 2.48206e-314 0 0 0 
1.18649 57.2286 8.36268 0.02 1.94477 3352.63 2585.85 0.164544 211 37 1 2.48206e-314 0 0 0 
1.19719 57.3561 1.96616 0.02 2.05782 3336.26 2431.85 0.155504 212 35 1 2.48206e-314 0 0 0 
1.20745 57.4911 -3.9717 0.02 2.17571 3327.56 2294.09 0.147078 213 34 1 2.48206e-314 0 0 0 
1.21708 57.6098 -9.15378 0.02 2.29496 3325.18 2173.34 0.139436 214 34 1 2.48206e-314 0 0 0 
1.22606 57.7082 -13.4165 0.02 2.41406 3328.68 2068.29 0.132557 215 33 1 2.48206e-314 0 0 0 
1.23442 57.7885 -17.154 0.02 2.53213 3337.71 1977.19 0.126376 216 32 1 2.48206e-314 0 0 0 
1.24216 57.8578 -20.2114 0.02 2.64792 3351.98 1898.82 0.12085 217 33 1 2.48206e-314 0 0 0 
1.24948 57.9311 -19.764 0.02 2.76275 3371.77 1830.65 0.115827 218 32 1 2.48206e-314 0 0 0 
1.25649 58.008 -17.0838 0.02 2.87672 3396.7 1771.12 0.111238 219 32 1 2.48206e-314 0 0 0 
1.26327 58.0806 -12.4547 0.02 2.9893 3426.21 1719.23 0.107049 220 31 1 2.48206e-314 0 0 0 
1.26988 58.1442 -5.38736 0.02 3.09952 3459.91 1674.41 0.103242 221 31 1 2.48206e-314 0 0 0 
1.2763 58.1933 2.65969 0.02 3.20582 3497.46 1636.45 0.0998183 222 30 1 2.48206e-314 0 0 0 
1.2825 58.2284 9.46591 0.02 3.30624 3538.28 1605.28 0.0967866 223 31 1 2.48206e-314 0 0 0 
1.28844 58.251 14.8982 0.02 3.39947 3581.82 1580.47 0.0941323 224 31 1 2.48206e-314 0 0 0 
1.29413 58.2666 17.6962 0.02 3.48502 3627.69 1561.43 0.0918217 225 30 1 2.48206e-314 0 0 0 
1.29962 58.2782 18.049 0.02 3.56289 3675.6 1547.48 0.0898147 226 30 1 2.48206e-314 0 0 0 
1.30497 58.2859 15.3793 0.02 3.6333 3725.44 1538.07 0.0880742 227 31 1 2.48206e-314 0 0 0 
1.31024 58.2925 8.49846 0.02 3.69634 3777.1 1532.81 0.086572 228 30 1 2.48206e-314 0 0 0 
1.31546 58.2984 -0.382397 0.02 3.75179 3830.23 1531.4 0.0852926 229 30 1 2.48206e-314 0 0 0 
1.32065 58.3005 -9.46683 0.02 3.79925 3884.29 1533.62 0.084227 230 30 1 2.48206e-314 0 0 0 
1.3258 58.2966 -16.8727 0.02 3.83842 3938.53 1539.16 0.0833676 231 30 1 2.48206e-314 0 0 0 
1.33091 58.2866 -21.2833 0.02 3.86931 3992.12 1547.64 0.0827021 232 31 1 2.48206e-314 0 0 0 
1.33597 58.2699 -19.7734 0.02 3.89232 4044.21 1558.56 0.0822133 233 30 1 2.48206e-314 0 0 0 
1.34099 58.2464 -9.74171 0.02 3.90805 4093.85 1571.32 0.0818823 234 30 1 2.48206e-314 0 0 0 
1.34597 58.2164 10.4896 0.02 3.91726 4140.23 1585.36 0.0816897 235 30 1 2.48206e-314 0 0 0 
1.35096 58.1802 41.1257 0.02 3.9207 4182.59 1600.17 0.0816181 236 31 1 2.48206e-314 0 0 0 
1.35597 58.1364 82.0493 0.02 3.91906 4220.33 1615.26 0.0816522 237 31 1 2.48206e-314 0 0 0 
1.36102 58.0817 130.985 0.02 3.91307 4252.95 1630.23 0.0817772 238 31 1 2.48206e-314 0 0 0 
1.36611 58.014 183.347 0.02 3.90347 4280.13 1644.68 0.0819783 239 31 1 2.48206e-314 0 0 0 
1.37123 57.932 232.308 0.02 3.89103 4301.73 1658.27 0.0822403 240 31 1 2.48206e-314 0 0 0 
1.37638 57.8374 269.949 0.02 3.87653 4317.84 1670.72 0.0825479 241 32 1 2.48206e-314 0 0 0 
1.38155 57.7346 289.88 0.02 3.86066 4328.75 1681.85 0.0828873 242 32 1 2.48206e-314 0 0 0 
1.38674 57.6306 287.783 0.02 3.84399 4334.86 1691.56 0.0832469 243 32 1 2.48206e-314 0 0 0 
1.39196 57.532 262.15 0.02 3.82691 4336.61 1699.82 0.0836185 244 32 1 2.48206e-314 0 0 0 
1.39721 57.4454 217.072 0.02 3.80964 4334.41 1706.67 0.0839974 245 32 1 2.48206e-314 0 0 0 
1.40249 57.3738 160.598 0.02 3.79222 4328.53 1712.19 0.0843833 246 32 1 2.48206e-314 0 0 0 
1.4078 57.3186 104.983 0.02 3.77449 4319.05 1716.44 0.0847796 247 32 1 2.48206e-314 0 0 0 
1.41313 57.2775 65.4644 0.02 3.75615 4305.77 1719.48 0.0851935 248 32 1 2.48206e-314 0 0 0 
1.41847 57.2436 58.922 0.02 3.73679 4288.28 1721.32 0.0856351 249 32 1 2.48206e-314 0 0 0 
1.42382 57.206 101.194 0.02 3.7159 4265.99 1721.92 0.0861164 250 31 1 2.48206e-314 0 0 0 
1.42918 57.1508 201.909 0.02 3.693 4238.17 1721.22 0.0866504 251 31 1 2.48206e-314 0 0 0 
1.43455 57.0623 364.15 0.02 3.66765 4204.17 1719.13 0.0872494 252 31 1 2.48206e-314 0 0 0 
1.43994 56.9259 578.836 0.02 3.6395 4163.44 1715.58 0.0879242 253 31 1 2.48206e-314 0 0 0 
1.44537 56.731 820.942 0.02 3.60835 4115.69 1710.49 0.0886832 254 31 1 2.48206e-314 0 0 0 
1.45085 56.475 1057.63 0.02 3.57416 4060.91 1703.83 0.0895314 255 31 1 2.48206e-314 0 0 0 
1.4564 56.1623 1264.94 0.02 3.53705 3999.42 1695.63 0.0904708 256 32 1 2.48206e-314 0 0 0 
1.46203 55.8028 1424.97 0.02 3.49727 3931.81 1685.95 0.0915 257 32 1 2.48206e-314 0 0 0 
1.46776 55.4103 1523.89 0.02 3.45514 3858.89 1674.9 0.0926155 258 32 1 2.48206e-314 0 0 0 
1.47358 55.0014 1553.74 0.02 3.41101 3781.62 1662.65 0.0938139 259 32 1 2.48206e-314 0 0 0 
1.47951 54.5936 1514.43 0.02 3.3651 3700.89 1649.41 0.0950938 260 31 1 2.48206e-314 0 0 0 
1.48553 54.2029 1419.44 0.02 3.31747 3617.39 1635.36 0.0964589 261 31 1 2.48206e-314 0 0 0 
1.49164 53.8399 1296.69 0.02 3.26797 3531.4 1620.64 0.0979202 262 31 1 2.48206e-314 0 0 0 
1.49784 53.5071 1181.57 0.02 3.21615 3442.65 1605.27 0.0994977 263 31 1 2.48206e-314 0 0 0 
1.50411 53.1967 1117.1 0.02 3.16137 3350.28 1589.11 0.101222 264 31 1 2.48206e-314 0 0 0 
1.51045 52.8905 1143.95 0.02 3.10276 3252.86 1571.79 0.103134 265 31 1 2.48206e-314 0 0 0 
1.51687 52.5584 1310.45 0.02 3.03943 3148.57 1552.8 0.105283 266 31 1 2.48206e-314 0 0 0 
1.52338 52.1601 1648.74 0.02 2.97055 3035.49 1531.4 0.107724 267 31 1 2.48206e-314 0 0 0 
1.53 51.6486 2179.34 0.02 2.89539 2911.8 1506.76 0.110521 268 30 1 2.48206e-314 0 0 0 
1.53677 50.973 2912.93 0.02 2.81346 2776.06 1477.98 0.113739 269 31 1 2.48206e-314 0 0 0 
1.54373 50.081 3847.22 0.02 2.72459 2627.5 1444.14 0.117449 270 31 1 2.48206e-314 0 0 0 
1.55096 48.925 4952.57 0.02 2.62889 2466.03 1404.38 0.121724 271 31 1 2.48206e-314 0 0 0 
1.55852 47.4663 6188.47 0.02 2.52681 2292.39 1357.92 0.126642 272 32 1 2.48206e-314 0 0 0 
1.56649 45.6782 7504.36 0.02 2.41915 2108.15 1304.11 0.132278 273 32 1 2.48206e-314 0 0 0 
1.57497 43.5488 8834.63 0.02 2.30712 1915.78 1242.47 0.138701 274 32 1 2.48206e-314 0 0 0 
1.58404 41.085 10101.1 0.02 2.1923 1718.46 1172.82 0.145966 275 33 1 2.48206e-314 0 0 0 
1.59379 38.3139 11222.7 0.02 2.07652 1520.01 1095.31 0.154104 276 34 1 2.48206e-314 0 0 0 
1.60429 35.2822 12132 0.02 1.96178 1324.54 1010.53 0.163117 277 34 1 2.48206e-314 0 0 0 
1.6156 32.0514 12778.5 0.02 1.85008 1136.07 919.498 0.172965 278 35 1 2.48206e-314 0 0 0 
1.62777 28.6942 13125.4 0.02 1.74324 958.261 823.721 0.183566 279 36 1 2.48206e-314 0 0 0 
1.64081 25.2892 13163.7 0.02 1.64277 794.051 725.089 0.194793 280 37 1 2.48206e-314 0 0 0 
1.65473 21.9159 12894.1 0.02 1.54981 645.566 625.808 0.206477 281 38 1 2.48206e-314 0 0 0 
1.66951 18.6513 12334.9 0.02 1.46509 514.127 528.304 0.218416 282 38 1 2.48206e-314 0 0 0 
1.68511 15.5658 11519.2 0.02 1.38899 400.275 435.071 0.230383 283 40 1 2.48206e-314 0 0 0 
1.70147 12.7202 10487.3 0.02 1.32155 303.917 348.501 0.242139 284 40 1 2.48206e-314 0 0 0 
1.71854 10.1636 9291.15 0.02 1.26259 224.443 270.707 0.253447 285 41 1 2.48206e-314 0 0 0 
1.73623 7.92983 7994.97 0.02 1.21173 160.765 203.299 0.264085 286 41 1 2.48206e-314 0 0 0 
1.75444 6.03542 6669.95 0.02 1.16848 111.38 147.188 0.273861 287 40 1 2.48206e-314 0 0 0 
1.77311 4.47856 5386.32 0.02 1.13223 74.4609 102.489 0.282628 288 41 1 2.48206e-314 0 0 0 
1.79213 3.2404 4206.03 0.02 1.10233 47.9645 68.532 0.290294 289 40 1 2.48206e-314 0 0 0 
1.81143 2.28807 3175.65 0.02 1.07808 29.776 44.0037 0.296824 290 39 1 2.48206e-314 0 0 0 
1.83094 1.57919 2322.22 0.02 1.05875 17.8525 27.1766 0.302244 291 39 1 2.48206e-314 0 0 0 
1.85061 1.06731 1650.31 0.02 1.0436 10.3719 16.1943 0.306631 292 37 1 2.48206e-314 0 0 0 
1.87039 0.707444 1143.96 0.02 1.03193 5.85705 9.34244 0.3101 293 36 1 2.48206e-314 0 0 0 
1.89024 0.460334 775.665 0.02 1.02307 3.22165 5.23289 0.312785 294 35 1 2.48206e-314 0 0 0 
1.91015 0.294217 515.374 0.02 1.01644 1.728 2.85106 0.314824 295 34 1 2.48206e-314 0 0 0 
1.93009 0.184698 336.093 0.02 1.01156 0.903468 1.51174 0.316343 296 34 1 2.48206e-314 0 0 0 
1.95005 0.113825 215.127 0.02 1.00802 0.459263 0.779522 0.317455 297 33 1 2.48206e-314 0 0 0 
1.97003 0.0688499 134.844 0.02 1.00548 0.22738 0.390714 0.318255 298 33 1 2.48206e-314 0 0 0 
1.99002 0.0408687 82.9947 0.02 1.0037 0.109333 0.190361 0.318822 299 32 1 2.48206e-314 0 0 0 
2.01001 0.0237839 50.0695 0.02 1.00246 0.0509279 0.0899264 0.319216 300 32 1 2.48206e-314 0 0 0 
2.03001 0.0135669 29.5458 0.02 1.00161 0.0230131 0.0411869 0.319486 301 32 1 2.48206e-314 0 0 0 
2.05 0.00758936 17.0626 0.02 1.00104 0.0101332 0.0183454 0.319668 302 32 1 2.48206e-314 0 0 0 
2.07 0.00416301 9.66678 0.02 1.00066 0.00435704 0.00797771 0.319788 303 32 1 2.48206e-314 0 0 0 
2.09 0.0022374 5.36318 0.02 1.00042 0.00184776 0.00341147 0.319867 304 32 1 2.48206e-314 0 0 0 
2.11 0.0011781 2.9099 0.02 1.00026 0.00079529 0.00146622 0.319918 305 32 1 2.48206e-314 0 0 0 
2.13 0.000608104 1.54477 0.02 1.00016 0.000369039 0.000665687 0.31995 306 32 1 2.48206e-314 0 0 0 
2.15 0.000307672 0.804403 0.02 1.00009 0.000200954 0.000346283 0.31997 307 32 1 2.48206e-314 0 0 0 
2.17 0.000152421 0.410251 0.02 1.00006 0.000136633 0.000222362 0.319982 308 32 1 2.48206e-314 0 0 0 
2.19 7.38758e-05 0.204654 0.02 1.00003 0.000112832 0.000175782 0.31999 309 32 1 2.48206e-314 0 0 0 
2.21 3.50173e-05 0.0997674 0.02 1.00002 0.000104334 0.000158865 0.319994 310 32 1 2.48206e-314 0 0 0 
2.23 1.62319e-05 0.0475067 0.02 1.00001 0.000101411 0.00015294 0.319997 311 32 1 2.48206e-314 0 0 0 
2.25 7.36039e-06 0.022097 0.02 1.00001 0.000100443 0.00015094 0.319998 312 32 1 2.48206e-314 0 0 0 
2.27 3.26692e-06 0.0100436 0.02 1 0.000100135 0.00015029 0.319999 313 32 1 2.48206e-314 0 0 0 
2.29 1.42058e-06 0.00446429 0.02 1 0.00010004 0.000150087 0.319999 314 32 1 2.48206e-314 0 0 0 
2.31 6.05749e-07 0.00194315 0.02 1 0.000100011 0.000150025 0.32 315 32 1 2.48206e-314 0 0 0 
2.33 2.5341e-07 0.000829427 0.02 1 0.000100003 0.000150007 0.32 316 32 1 2.48206e-314 0 0 0 
2.35 1.03957e-07 0.000347428 0.02 1 0.000100001 0.000150002 0.32 317 32 1 2.48206e-314 0 0 0 
2.37 4.17503e-08 0.000142745 0.02 1 0.0001 0.000150001 0.32 318 32 1 2.48206e-314 0 0 0 
2.39 1.63659e-08 5.74199e-05 0.02 1 0.0001 0.00015 0.32 319 32 1 2.48206e-314 0 0 0 
2.41 6.23575e-09 2.25236e-05 0.02 1 0.0001 0.00015 0.32 320 32 1 2.48206e-314 0 0 0 
2.43 2.30014e-09 8.56533e-06 0.02 1 0.0001 0.00015 0.32 321 32 1 2.48206e-314 0 0 0 
2.45 8.19969e-10 3.1416e-06 0.02 1 0.0001 0.00015 0.32 322 32 1 2.48206e-314 0 0 0 
2.47 2.83094e-10 1.11056e-06 0.02 1 0.0001 0.00015 0.32 323 32 1 2.48206e-314 0 0 0 
2.49 9.51525e-11 3.79967e-07 0.02 1 0.0001 0.00015 0.32 324 32 1 2.48206e-314 0 0 0 
2.51 3.13436e-11 1.26667e-07 0.02 1 0.0001 0.00015 0.32 325 32 1 2.48206e-314 0 0 0 
2.53 1.01902e-11 4.1439e-08 0.02 1 0.0001 0.00015 0.32 326 32 1 2.48206e-314 0 0 0 
2.55 3.29347e-12 1.34042e-08 0.02 1 0.0001 0.00015 0.32 327 32 1 2.48206e-314 0 0 0 
2.57 1.06521e-12 4.32145e-09 0.02 1 0.0001 0.00015 0.32 328 32 1 2.48206e-314 0 0 0 
2.59 3.4617e-13 1.39884e-09 0.02 1 0.0001 0.00015 0.32 329 32 1 2.48206e-314 0 0 0 
2.61 1.12923e-13 4.56484e-10 0.02 1 0.0001 0.00015 0.32 330 32 1 2.48206e-314 0 0 0 
2.63 3.66793e-14 1.49875e-10 0.02 1 0.0001 0.00015 0.32 331 32 1 2.48206e-314 0 0 0 
2.65 1.16718e-14 4.90217e-11 0.02 1 0.0001 0.00015 0.32 332 32 1 2.48206e-314 0 0 0 
2.67 3.5419e-15 1.56792e-11 0.02 1 0.0001 0.00015 0.32 333 32 1 2.48206e-314 0 0 0 
2.69 9.77605e-16 4.76086e-12 0.02 1 0.0001 0.00015 0.32 334 32 1 2.48206e-314 0 0 0 
2.71 2.19183e-16 1.30407e-12 0.02 1 0.0001 0.00015 0.32 335 32 1 2.48206e-314 0 0 0 
2.73 2.18833e-17 2.84419e-13 0.02 1 0.0001 0.00015 0.32 336 32 1 2.48206e-314 0 0 0 
2.75 -1.55183e-17 2.28939e-14 0.02 1 0.0001 0.00015 0.32 337 32 1 2.48206e-314 0 0 0 
2.77 -1.47786e-17 -2.42114e-14 0.02 1 0.0001 0.00015 0.32 338 32 1 2.48206e-314 0 0 0 
2.79 -8.79666e-18 -2.13865e-14 0.02 1 0.0001 0.00015 0.32 339 32 1 2.48206e-314 0 0 0 
2.81 -4.43796e-18 -1.24628e-14 0.02 1 0.0001 0.00015 0.32 340 33 1 2.48206e-314 0 0 0 
2.83 -2.04807e-18 -6.22023e-15 0.02 1 0.0001 0.00015 0.32 341 33 1 2.48206e-314 0 0 0 
2.85 -8.91752e-19 -2.85097e-15 0.02 1 0.0001 0.00015 0.32 342 33 1 2.48206e-314 0 0 0 
2.87 -3.72045e-19 -1.23535e-15 0.02 1 0.0001 0.00015 0.32 343 33 1 2.48206e-314 0 0 0 
2.89 -1.49998e-19 -5.13534e-16 0.02 1 0.0001 0.00015 0.32 344 33 1 2.48206e-314 0 0 0 
2.91 -5.87007e-20 -2.06305e-16 0.02 1 0.0001 0.00015 0.32 345 33 1 2.48206e-314 0 0 0 
2.93 -2.23603e-20 -8.0437e-17 0.02 1 0.0001 0.00015 0.32 346 33 1 2.48206e-314 0 0 0 
2.95 -8.31445e-21 -3.05489e-17 0.02 1 0.0001 0.00015 0.32 347 33 1 2.48206e-314 0 0 0 
2.97 -3.02292e-21 -1.12759e-17 0.02 1 0.0001 0.00015 0.32 348 33 1 2.48206e-314 0 0 0 
2.99 -1.07559e-21 -4.05898e-18 0.02 1 0.0001 0.00015 0.32 349 33 1 2.48206e-314 0 0 0 
3.01 -3.80796e-22 -1.44144e-18 0.02 1 0.0001 0.00015 0.32 350 33 1 2.48206e-314 0 0 0 
3.03 -1.31346e-22 -4.98479e-19 0.02 1 0.0001 0.00015 0.32 351 33 1 2.48206e-314 0 0 0 
3.05 -4.39824e-23 -1.68136e-19 0.02 1 0.0001 0.00015 0.32 352 33 1 2.48206e-314 0 0 0 
3.07 -1.30775e-23 -5.67512e-20 0.02 1 0.0001 0.00015 0.32 353 33 1 2.48206e-314 0 0 0 
3.09 -3.3618e-24 -1.86347e-20 0.02 1 0.0001 0.00015 0.32 354 33 1 2.48206e-314 0 0 0 
3.11 -5.67976e-25 -4.65868e-21 0.02 1 0.0001 0.00015 0.32 355 33 1 2.48206e-314 0 0 0 
3.13 -1.07609e-39 -9.62965e-36 0.02 1 0.0001 0.00015 0.32 356 33 1 2.48206e-314 0 0 0 
3.15 0 0 0.02 1 0.0001 0.00015 0.32 357 33 1 2.48206e-314 0 0 0 
3.17 0 0 0.02 1 0.0001 0.00015 0.32 358 33 1 2.48206e-314 0 0 0 
3.19 0 0 0.02 1 0.0001 0.00015 0.32 359 33 1 2.48206e-314 0 0 0 
3.21 0 0 0.02 1 0.0001 0.00015 0.32 360 33 1 2.48206e-314 0 0 0 
3.23 0 0 0.02 1 0.0001 0.00015 0.32 361 33 1 2.48206e-314 0 0 0 
3.25 0 0 0.02 1 0.0001 0.00015 0.32 362 33 1 2.48206e-314 0 0 0 
3.27 0 0 0.02 1 0.0001 0.00015 0.32 363 33 1 2.48206e-314 0 0 0 
3.29 0 0 0.02 1 0.0001 0.00015 0.32 364 33 1 2.48206e-314 0 0 0 
3.31 0 0 0.02 1 0.0001 0.00015 0.32 365 33 1 2.48206e-314 0 0 0 
3.33 0 0 0.02 1 0.0001 0.00015 0.32 366 33 1 2.48206e-314 0 0 0 
3.35 0 0 0.02 1 0.0001 0.00015 0.32 367 33 1 2.48206e-314 0 0 0 
3.37 0 0 0.02 1 0.0001 0.00015 0.32 368 33 1 2.48206e-314 0 0 0 
3.39 0 0 0.02 1 0.0001 0.00015 0.32 369 33 1 2.48206e-314 0 0 0 
3.41 0 0 0.02 1 0.0001 0.00015 0.32 370 33 1 2.48206e-314 0 0 0 
3.43 0 0 0.02 1 0.0001 0.00015 0.32 371 33 1 2.48206e-314 0 0 0 
3.45 1.90399e-37 9.62965e-36 0.02 1 0.0001 0.00015 0.32 372 33 1 2.48206e-314 0 0 0 
3.47 7.95514e-23 4.02341e-21 0.02 1 0.0001 0.00015 0.32 373 33 1 2.48206e-314 0 0 0 
3.49 2.1772e-22 1.10114e-20 0.02 1 0.0001 0.00015 0.32 374 33 1 2.48206e-314 0 0 0 
3.51 4.64748e-22 2.35052e-20 0.02 1 0.0001 0.00015 0.32 375 33 1 2.48206e-314 0 0 0 
3.53 8.20635e-22 4.15046e-20 0.02 1 0.0001 0.00015 0.32 376 33 1 2.48206e-314 0 0 0 
3.55 1.75013e-21 8.85149e-20 0.02 1 0.0001 0.00015 0.32 377 33 1 2.48206e-314 0 0 0 
3.57 3.34116e-21 1.68983e-19 0.02 1 0.0001 0.00015 0.32 378 33 1 2.48206e-314 0 0 0 
3.59 5.68583e-21 2.87568e-19 0.02 1 0.0001 0.00015 0.32 379 33 1 2.48206e-314 0 0 0 
3.61 8.93957e-21 4.45116e-19 0.02 1 0.0001 0.00015 0.32 380 33 1 2.48206e-314 0 0 0 
3.63 1.3224e-20 6.54333e-19 0.02 1 0.0001 0.00015 0.32 381 33 1 2.48206e-314 0 0 0 
3.65 1.88135e-20 9.32372e-19 0.02 1 0.0001 0.00015 0.32 382 33 1 2.48206e-314 0 0 0 
3.67 2.54053e-20 1.26441e-18 0.02 1 0.0001 0.00015 0.32 383 33 1 2.48206e-314 0 0 0 
3.69 3.21189e-20 1.60936e-18 0.02 1 0.0001 0.00015 0.32 384 33 1 2.48206e-314 0 0 0 
3.71 3.90326e-20 1.95495e-18 0.02 1 0.0001 0.00015 0.32 385 33 1 2.48206e-314 0 0 0 
3.73 4.31931e-20 2.16544e-18 0.02 1 0.0001 0.00015 0.32 386 33 1 2.48206e-314 0 0 0 
3.75 4.38616e-20 2.20186e-18 0.02 1 0.0001 0.00015 0.32 387 33 1 2.48206e-314 0 0 0 
3.77 4.25184e-20 2.17476e-18 0.02 1 0.0001 0.00015 0.32 388 33 1 2.48206e-314 0 0 0 
3.79 3.12491e-20 1.62397e-18 0.02 1 0.0001 0.00015 0.32 389 33 1 2.48206e-314 0 0 0 
3.81 1.30465e-20 6.79109e-19 0.02 1 0.0001 0.00015 0.32 390 32 1 2.48206e-314 0 0 0 
3.83 -1.16907e-20 -5.50571e-19 0.02 1 0.0001 0.00015 0.32 391 32 1 2.48206e-314 0 0 0 
3.85 -5.06593e-20 -2.51548e-18 0.02 1 0.0001 0.00015 0.32 392 32 1 2.48206e-314 0 0 0 
3.87 -9.375e-20 -4.72517e-18 0.02 1 0.0001 0.00015 0.32 393 32 1 2.48206e-314 0 0 0 
3.89 -1.42215e-19 -7.14091e-18 0.02 1 0.0001 0.00015 0.32 394 32 1 2.48206e-314 0 0 0 
3.91 -1.9023e-19 -9.51747e-18 0.02 1 0.0001 0.00015 0.32 395 32 1 2.48206e-314 0 0 0 
3.93 -2.34644e-19 -1.1908e-17 0.02 1 0.0001 0.00015 0.32 396 32 1 2.48206e-314 0 0 0 
3.95 -2.6942e-19 -1.36315e-17 0.02 1 0.0001 0.00015 0.32 397 32 1 2.48206e-314 0 0 0 
3.97 -2.93413e-19 -1.4897e-17 0.02 1 0.0001 0.00015 0.32 398 32 1 2.48206e-314 0 0 0 
3.99 -3.01082e-19 -1.52709e-17 0.02 1 0.0001 0.00015 0.32 399 32 1 2.48206e-314 0 0 0 
4.01 -2.91608e-19 -1.47811e-17 0.02 1 0.0001 0.00015 0.32 400 32 1 2.48206e-314 0 0 0 
4.03 -2.67316e-19 -1.35525e-17 0.02 1 0.0001 0.00015 0.32 401 32 1 2.48206e-314 0 0 0 
4.05 -2.28899e-19 -1.16065e-17 0.02 1 0.0001 0.00015 0.32 402 32 1 2.48206e-314 0 0 0 
4.07 -1.86083e-19 -9.43319e-18 0.02 1 0.0001 0.00015 0.32 403 32 1 2.48206e-314 0 0 0 
4.09 -1.38455e-19 -7.01364e-18 0.02 1 0.0001 0.00015 0.32 404 32 1 2.48206e-314 0 0 0 
4.11 -8.99734e-20 -4.54772e-18 0.02 1 0.0001 0.00015 0.32 405 32 1 2.48206e-314 0 0 0 
4.13 -4.86712e-20 -2.44665e-18 0.02 1 0.0001 0.00015 0.32 406 32 1 2.48206e-314 0 0 0 
4.15 -9.24397e-21 -4.55915e-19 0.02 1 0.0001 0.00015 0.32 407 32 1 2.48206e-314 0 0 0 
4.17 1.81245e-20 9.27925e-19 0.02 1 0.0001 0.00015 0.32 408 32 1 2.48206e-314 0 0 0 
4.19 3.12642e-20 1.59475e-18 0.02 1 0.0001 0.00015 0.32 409 32 1 2.48206e-314 0 0 0 
4.21 4.24105e-20 2.15273e-18 0.02 1 0.0001 0.00015 0.32 410 32 1 2.48206e-314 0 0 0 
4.23 4.41964e-20 2.23532e-18 0.02 1 0.0001 0.00015 0.32 411 31 1 2.48206e-314 0 0 0 
4.25 4.238e-20 2.14342e-18 0.02 1 0.0001 0.00015 0.32 412 31 1 2.48206e-314 0 0 0 
4.27 3.70542e-20 1.87406e-18 0.02 1 0.0001 0.00015 0.32 413 31 1 2.48206e-314 0 0 0 
4.29 2.92875e-20 1.48125e-18 0.02 1 0.0001 0.00015 0.32 414 31 1 2.48206e-314 0 0 0 
4.31 2.34384e-20 1.18542e-18 0.02 1 0.0001 0.00015 0.32 415 31 1 2.48206e-314 0 0 0 
4.33 1.63876e-20 8.28822e-19 0.02 1 0.0001 0.00015 0.32 416 31 1 2.48206e-314 0 0 0 
4.35 1.21588e-20 6.14946e-19 0.02 1 0.0001 0.00015 0.32 417 31 1 2.48206e-314 0 0 0 
4.37 8.48269e-21 4.29022e-19 0.02 1 0.0001 0.00015 0.32 418 31 1 2.48206e-314 0 0 0 
4.39 5.20852e-21 2.63427e-19 0.02 1 0.0001 0.00015 0.32 419 31 1 2.48206e-314 0 0 0 
4.41 3.25742e-21 1.64748e-19 0.02 1 0.0001 0.00015 0.32 420 31 1 2.48206e-314 0 0 0 
4.43 1.9511e-21 9.86793e-20 0.02 1 0.0001 0.00015 0.32 421 31 1 2.48206e-314 0 0 0 
4.45 8.96e-22 4.53163e-20 0.02 1 0.0001 0.00015 0.32 422 31 1 2.48206e-314 0 0 0 
4.47 3.09832e-22 1.56701e-20 0.02 1 0.0001 0.00015 0.32 423 31 1 2.48206e-314 0 0 0 
4.49 1.21421e-22 6.14099e-21 0.02 1 0.0001 0.00015 0.32 424 31 1 2.48206e-314 0 0 0 
4.51 3.76822e-23 1.90582e-21 0.02 1 0.0001 0.00015 0.32 425 31 1 2.48206e-314 0 0 0 
4.53 1.52319e-37 7.70372e-36 0.02 1 0.0001 0.00015 0.32 426 31 1 2.48206e-314 0 0 0 
4.55 0 0 0.02 1 0.0001 0.00015 0.32 427 31 1 2.48206e-314 0 0 0 
4.57 0 0 0.02 1 0.0001 0.00015 0.32 428 31 1 2.48206e-314 0 0 0 
4.59 0 0 0.02 1 0.0001 0.00015 0.32 429 31 1 2.48206e-314 0 0 0 
4.61 0 0 0.02 1 0.0001 0.00015 0.32 430 31 1 2.48206e-314 0 0 0 
4.63 0 0 0.02 1 0.0001 0.00015 0.32 431 31 1 2.48206e-314 0 0 0 
4.65 0 0 0.02 1 0.0001 0.00015 0.32 432 31 1 2.48206e-314 0 0 0 
4.67 0 0 0.02 1 0.0001 0.00015 0.32 433 31 1 2.48206e-314 0 0 0 
4.69 0 0 0.02 1 0.0001 0.00015 0.32 434 31 1 2.48206e-314 0 0 0 
4.71 0 0 0.02 1 0.0001 0.00015 0.32 435 31 1 2.48206e-314 0 0 0 
4.73 0 0 0.02 1 0.0001 0.00015 0.32 436 31 1 2.48206e-314 0 0 0 
4.75 0 0 0.02 1 0.0001 0.00015 0.32 437 31 1 2.48206e-314 0 0 0 
4.77 0 0 0.02 1 0.0001 0.00015 0.32 438 31 1 2.48206e-314 0 0 0 
4.79 0 0 0.02 1 0.0001 0.00015 0.32 439 31 1 2.48206e-314 0 0 0 
4.81 0 0 0.02 1 0.0001 0.00015 0.32 440 31 1 2.48206e-314 0 0 0 
4.83 0 0 0.02 1 0.0001 0.00015 0.32 441 31 1 2.48206e-314 0 0 0 
4.85 0 0 0.02 1 0.0001 0.00015 0.32 442 31 1 2.48206e-314 0 0 0 
4.87 0 0 0.02 1 0.0001 0.00015 0.32 443 31 1 2.48206e-314 0 0 0 
4.89 0 0 0.02 1 0.0001 0.00015 0.32 444 31 1 2.48206e-314 0 0 0 
4.91 0 0 0.02 1 0.0001 0.00015 0.32 445 31 1 2.48206e-314 0 0 0 
4.93 0 0 0.02 1 0.0001 0.00015 0.32 446 31 1 2.48206e-314 0 0 0 
4.95 0 0 0.02 1 0.0001 0.00015 0.32 447 31 1 2.48206e-314 0 0 0 
4.97 0 0 0.02 1 0.0001 0.00015 0.32 448 31 1 2.48206e-314 0 0 0 
4.99 0 0 0.02 1 0.0001 0.00015 0.32 449 31 1 2.48206e-314 0 0 0 
5.01 0 0 0.02 1 0.0001 0.00015 0.32 450 31 1 2.48206e-314 0 0 0 
5.03 0 0 0.02 1 0.0001 0.00015 0.32 451 31 1 2.48206e-314 0 0 0 
5.05 0 0 0.02 1 0.0001 0.00015 0.32 452 31 1 2.48206e-314 0 0 0 
5.07 0 0 0.02 1 0.0001 0.00015 0.32 453 31 1 2.48206e-314 0 0 0 
5.09 0 0 0.02 1 0.0001 0.00015 0.32 454 31 1 2.48206e-314 0 0 0 
5.11 0 0 0.02 1 0.0001 0.00015 0.32 455 31 1 2.48206e-314 0 0 0 
5.13 0 0 0.02 1 0.0001 0.00015 0.32 456 31 1 2.48206e-314 0 0 0 
5.15 0 0 0.02 1 0.0001 0.00015 0.32 457 31 1 2.48206e-314 0 0 0 
5.17 0 0 0.02 1 0.0001 0.00015 0.32 458 31 1 2.48206e-314 0 0 0 
5.19 0 0 0.02 1 0.0001 0.00015 0.32 459 31 1 2.48206e-314 0 0 0 
5.21 0 0 0.02 1 0.0001 0.00015 0.32 460 31 1 2.48206e-314 0 0 0 
5.23 0 0 0.02 1 0.0001 0.00015 0.32 461 31 1 2.48206e-314 0 0 0 
5.25 0 0 0.02 1 0.0001 0.00015 0.32 462 31 1 2.48206e-314 0 0 0 
5.27 0 0 0.02 1 0.0001 0.00015 0.32 463 31 1 2.48206e-314 0 0 0 
5.29 0 0 0.02 1 0.0001 0.00015 0.32 464 31 1 2.48206e-314 0 0 0 
5.31 0 0 0.02 1 0.0001 0.00015 0.32 465 31 1 2.48206e-314 0 0 0 
5.33 0 0 0.02 1 0.0001 0.00015 0.32 466 31 1 2.48206e-314 0 0 0 
5.35 0 0 0.02 1 0.0001 0.00015 0.32 467 31 1 2.48206e-314 0 0 0 
5.37 0 0 0.02 1 0.0001 0.00015 0.32 468 31 1 2.48206e-314 0 0 0 
5.39 0 0 0.02 1 0.0001 0.00015 0.32 469 31 1 2.48206e-314 0 0 0 
5.41 0 0 0.02 1 0.0001 0.00015 0.32 470 31 1 2.48206e-314 0 0 0 
5.43 0 0 0.02 1 0.0001 0.00015 0.32 471 31 1 2.48206e-314 0 0 0 
5.45 0 0 0.02 1 0.0001 0.00015 0.32 472 31 1 2.48206e-314 0 0 0 
5.47 0 0 0.02 1 0.0001 0.00015 0.32 473 31 1 2.48206e-314 0 0 0 
5.49 0 0 0.02 1 0.0001 0.00015 0.32 474 31 1 2.48206e-314 0 0 0 
5.51 0 0 0.02 1 0.0001 0.00015 0.32 475 31 1 2.48206e-314 0 0 0 
5.53 0 0 0.02 1 0.0001 0.00015 0.32 476 31 1 2.48206e-314 0 0 0 
5.55 0 0 0.02 1 0.0001 0.00015 0.32 477 31 1 2.48206e-314 0 0 0 
5.57 0 0 0.02 1 0.0001 0.00015 0.32 478 31 1 2.48206e-314 0 0 0 
5.59 0 0 0.02 1 0.0001 0.00015 0.32 479 31 1 2.48206e-314 0 0 0 
5.61 0 0 0.02 1 0.0001 0.00015 0.32 480 31 1 2.48206e-314 0 0 0 
5.63 0 0 0.02 1 0.0001 0.00015 0.32 481 31 1 2.48206e-314 0 0 0 
5.65 0 0 0.02 1 0.0001 0.00015 0.32 482 31 1 2.48206e-314 0 0 0 
5.67 0 0 0.02 1 0.0001 0.00015 0.32 483 31 1 2.48206e-314 0 0 0 
5.69 0 0 0.02 1 0.0001 0.00015 0.32 484 31 1 2.48206e-314 0 0 0 
5.71 0 0 0.02 1 0.0001 0.00015 0.32 485 31 1 2.48206e-314 0 0 0 
5.73 0 0 0.02 1 0.0001 0.00015 0.32 486 31 1 2.48206e-314 0 0 0 
5.75 0 0 0.02 1 0.0001 0.00015 0.32 487 31 1 2.48206e-314 0 0 0 
5.77 0 0 0.02 1 0.0001 0.00015 0.32 488 31 1 2.48206e-314 0 0 0 
5.79 0 0 0.02 1 0.0001 0.00015 0.32 489 31 1 2.48206e-314 0 0 0 
5.81 0 0 0.02 1 0.0001 0.00015 0.32 490 31 1 2.48206e-314 0 0 0 
5.83 0 0 0.02 1 0.0001 0.00015 0.32 491 31 1 2.48206e-314 0 0 0 
5.85 0 0 0.02 1 0.0001 0.00015 0.32 492 31 1 2.48206e-314 0 0 0 
5.87 0 0 0.02 1 0.0001 0.00015 0.32 493 31 1 2.48206e-314 0 0 0 
5.89 0 0 0.02 1 0.0001 0.00015 0.32 494 31 1 2.48206e-314 0 0 0 
5.91 0 0 0.02 1 0.0001 0.00015 0.32 495 31 1 2.48206e-314 0 0 0 
5.93 0 0 0.02 1 0.0001 0.00015 0.32 496 31 1 2.48206e-314 0 0 0 
5.95 0 0 0.02 1 0.0001 0.00015 0.32 497 31 1 2.48206e-314 0 0 0 
5.97 0 0 0.02 1 0.0001 0.00015 0.32 498 31 1 2.48206e-314 0 0 0 
5.99 0 0 0.02 1 0.0001 0.00015 0.32 499 31 1 2.48206e-314 0 0 0 
6.01 0 0 0.02 1 0.0001 0.00015 0.32 500 31 1 2.48206e-314 0 0 0 
6.03 0 0 0.02 1 0.0001 0.00015 0.32 501 31 1 2.48206e-314 0 0 0 
6.05 0 0 0.02 1 0.0001 0.00015 0.32 502 31 1 2.48206e-314 0 0 0 
6.07 0 0 0.02 1 0.0001 0.00015 0.32 503 31 1 2.48206e-314 0 0 0 
6.09 0 0 0.02 1 0.0001 0.00015 0.32 504 31 1 2.48206e-314 0 0 0 
6.11 0 0 0.02 1 0.0001 0.00015 0.32 505 31 1 2.48206e-314 0 0 0 
6.13 0 0 0.02 1 0.0001 0.00015 0.32 506 31 1 2.48206e-314 0 0 0 
6.15 0 0 0.02 1 0.0001 0.00015 0.32 507 31 1 2.48206e-314 0 0 0 
6.17 0 0 0.02 1 0.0001 0.00015 0.32 508 31 1 2.48206e-314 0 0 0 
6.19 0 0 0.02 1 0.0001 0.00015 0.32 509 31 1 2.48206e-314 0 0 0 
6.21 0 0 0.02 1 0.0001 0.00015 0.32 510 31 1 2.48206e-314 0 0 0 
6.23 0 0 0.02 1 0.0001 0.00015 0.32 511 31 1 2.48206e-314 0 0 0 
6.25 0 0 0.02 1 0.0001 0.00015 0.32 512 31 1 2.48206e-314 0 0 0 
6.27 0 0 0.02 1 0.0001 0.00015 0.32 513 31 1 2.48206e-314 0 0 0 
6.29 0 0 0.02 1 0.0001 0.00015 0.32 514 31 1 2.48206e-314 0 0 0 
6.31 0 0 0.02 1 0.0001 0.00015 0.32 515 31 1 2.48206e-314 0 0 0 
6.33 0 0 0.02 1 0.0001 0.00015 0.32 516 31 1 2.48206e-314 0 0 0 
6.35 0 0 0.02 1 0.0001 0.00015 0.32 517 31 1 2.48206e-314 0 0 0 
6.37 0 0 0.02 1 0.0001 0.00015 0.32 518 31 1 2.48206e-314 0 0 0 
6.39 0 0 0.02 1 0.0001 0.00015 0.32 519 31 1 2.48206e-314 0 0 0 
6.41 0 0 0.02 1 0.0001 0.00015 0.32 520 31 1 2.48206e-314 0 0 0 
6.43 0 0 0.02 1 0.0001 0.00015 0.32 521 31 1 2.48206e-314 0 0 0 
6.45 0 0 0.02 1 0.0001 0.00015 0.32 522 31 1 2.48206e-314 0 0 0 
6.47 0 0 0.02 1 0.0001 0.00015 0.32 523 31 1 2.48206e-314 0 0 0 
6.49 0 0 0.02 1 0.0001 0.00015 0.32 524 31 1 2.48206e-314 0 0 0 
6.51 0 0 0.02 1 0.0001 0.00015 0.32 525 31 1 2.48206e-314 0 0 0 
6.53 0 0 0.02 1 0.0001 0.00015 0.32 526 31 1 2.48206e-314 0 0 0 
6.55 0 0 0.02 1 0.0001 0.00015 0.32 527 31 1 2.48206e-314 0 0 0 
6.57 0 0 0.02 1 0.0001 0.00015 0.32 528 31 1 2.48206e-314 0 0 0 
6.59 0 0 0.02 1 0.0001 0.00015 0.32 529 31 1 2.48206e-314 0 0 0 
6.61 0 0 0.02 1 0.0001 0.00015 0.32 530 31 1 2.48206e-314 0 0 0 
6.63 0 0 0.02 1 0.0001 0.00015 0.32 531 31 1 2.48206e-314 0 0 0 
6.65 0 0 0.02 1 0.0001 0.00015 0.32 532 31 1 2.48206e-314 0 0 0 
6.67 0 0 0.02 1 0.0001 0.00015 0.32 533 31 1 2.48206e-314 0 0 0 
6.69 0 0 0.02 1 0.0001 0.00015 0.32 534 31 1 2.48206e-314 0 0 0 
6.71 0 0 0.02 1 0.0001 0.00015 0.32 535 31 1 2.48206e-314 0 0 0 
6.73 0 0 0.02 1 0.0001 0.00015 0.32 536 31 1 2.48206e-314 0 0 0 
6.75 0 0 0.02 1 0.0001 0.00015 0.32 537 31 1 2.48206e-314 0 0 0 
6.77 0 0 0.02 1 0.0001 0.00015 0.32 538 31 1 2.48206e-314 0 0 0 
6.79 0 0 0.02 1 0.0001 0.00015 0.32 539 31 1 2.48206e-314 0 0 0 
6.81 0 0 0.02 1 0.0001 0.00015 0.32 540 31 1 2.48206e-314 0 0 0 
6.83 0 0 0.02 1 0.0001 0.00015 0.32 541 31 1 2.48206e-314 0 0 0 
6.85 0 0 0.02 1 0.0001 0.00015 0.32 542 31 1 2.48206e-314 0 0 0 
6.87 0 0 0.02 1 0.0001 0.00015 0.32 543 31 1 2.48206e-314 0 0 0 
6.89 0 0 0.02 1 0.0001 0.00015 0.32 544 31 1 2.48206e-314 0 0 0 
6.91 0 0 0.02 1 0.0001 0.00015 0.32 545 31 1 2.48206e-314 0 0 0 
6.93 0 0 0.02 1 0.0001 0.00015 0.32 546 31 1 2.48206e-314 0 0 0 
6.95 0 0 0.02 1 0.0001 0.00015 0.32 547 31 1 2.48206e-314 0 0 0 
6.97 0 0 0.02 1 0.0001 0.00015 0.32 548 31 1 2.48206e-314 0 0 0 
6.99 0 0 0.02 1 0.0001 0.00015 0.32 549 31 1 2.48206e-314 0 0 0 
7.01 0 0 0.02 1 0.0001 0.00015 0.32 550 31 1 2.48206e-314 0 0 0 
7.03 0 0 0.02 1 0.0001 0.00015 0.32 551 31 1 2.48206e-314 0 0 0 
7.05 0 0 0.02 1 0.0001 0.00015 0.32 552 31 1 2.48206e-314 0 0 0 
7.07 0 0 0.02 1 0.0001 0.00015 0.32 553 31 1 2.48206e-314 0 0 0 
7.09 0 0 0.02 1 0.0001 0.00015 0.32 554 31 1 2.48206e-314 0 0 0 
7.11 0 0 0.02 1 0.0001 0.00015 0.32 555 31 1 2.48206e-314 0 0 0 
7.13 0 0 0.02 1 0.0001 0.00015 0.32 556 31 1 2.48206e-314 0 0 0 
7.15 0 0 0.02 1 0.0001 0.00015 0.32 557 31 1 2.48206e-314 0 0 0 
7.17 0 0 0.02 1 0.0001 0.00015 0.32 558 31 1 2.48206e-314 0 0 0 
7.19 0 0 0.02 1 0.0001 0.00015 0.32 559 31 1 2.48206e-314 0 0 0 
7.21 0 0 0.02 1 0.0001 0.00015 0.32 560 31 1 2.48206e-314 0 0 0 
7.23 0 0 0.02 1 0.0001 0.00015 0.32 561 31 1 2.48206e-314 0 0 0 
7.25 0 0 0.02 1 0.0001 0.00015 0.32 562 31 1 2.48206e-314 0 0 0 
7.27 0 0 0.02 1 0.0001 0.00015 0.32 563 31 1 2.48206e-314 0 0 0 
7.29 0 0 0.02 1 0.0001 0.00015 0.32 564 31 1 2.48206e-314 0 0 0 
7.31 0 0 0.02 1 0.0001 0.00015 0.32 565 31 1 2.48206e-314 0 0 0 
7.33 0 0 0.02 1 0.0001 0.00015 0.32 566 31 1 2.48206e-314 0 0 0 
7.35 -4.52038e-25 -2.11758e-22 0.02 1 0.0001 0.00015 0.32 567 31 1 2.48206e-314 0 0 0 
7.37 -2.92503e-24 -1.05879e-21 0.02 1 0.0001 0.00015 0.32 568 31 1 2.48206e-314 0 0 0 
7.39 -9.6676e-24 -2.75286e-21 0.02 1 0.0001 0.00015 0.32 569 31 1 2.48206e-314 0 0 0 
7.41 -1.81606e-22 -1.3976e-20 0.02 1 0.0001 0.00015 0.32 570 31 1 2.48206e-314 0 0 0 
7.43 -1.19222e-21 -6.98802e-20 0.02 1 0.0001 0.00015 0.32 571 31 1 2.48206e-314 0 0 0 
7.45 -4.44669e-21 -2.38016e-19 0.02 1 0.0001 0.00015 0.32 572 31 1 2.48206e-314 0 0 0 
7.47 -1.22993e-20 -6.43322e-19 0.02 1 0.0001 0.00015 0.32 573 31 1 2.48206e-314 0 0 0 
7.49 -2.76501e-20 -1.42429e-18 0.02 1 0.0001 0.00015 0.32 574 31 1 2.48206e-314 0 0 0 
7.51 -5.5768e-20 -2.84942e-18 0.02 1 0.0001 0.00015 0.32 575 31 1 2.48206e-314 0 0 0 
7.53 -1.01518e-19 -5.17495e-18 0.02 1 0.0001 0.00015 0.32 576 31 1 2.48206e-314 0 0 0 
7.55 -1.7085e-19 -8.6859e-18 0.02 1 0.0001 0.00015 0.32 577 31 1 2.48206e-314 0 0 0 
7.57 -2.71231e-19 -1.37634e-17 0.02 1 0.0001 0.00015 0.32 578 31 1 2.48206e-314 0 0 0 
7.59 -4.03887e-19 -2.05062e-17 0.02 1 0.0001 0.00015 0.32 579 31 1 2.48206e-314 0 0 0 
7.61 -5.70244e-19 -2.8761e-17 0.02 1 0.0001 0.00015 0.32 580 31 1 2.48206e-314 0 0 0 
7.63 -7.63831e-19 -3.8566e-17 0.02 1 0.0001 0.00015 0.32 581 31 1 2.48206e-314 0 0 0 
7.65 -9.76168e-19 -4.91514e-17 0.02 1 0.0001 0.00015 0.32 582 31 1 2.48206e-314 0 0 0 
7.67 -1.18995e-18 -5.99909e-17 0.02 1 0.0001 0.00015 0.32 583 31 1 2.48206e-314 0 0 0 
7.69 -1.38261e-18 -6.97489e-17 0.02 1 0.0001 0.00015 0.32 584 31 1 2.48206e-314 0 0 0 
7.71 -1.3372e-18 -6.7434e-17 0.02 1 0.0001 0.00015 0.32 585 32 1 2.48206e-314 0 0 0 
7.73 -1.02226e-18 -5.15525e-17 0.02 1 0.0001 0.00015 0.32 586 32 1 2.48206e-314 0 0 0 
7.75 -4.12625e-19 -2.06515e-17 0.02 1 0.0001 0.00015 0.32 587 32 1 2.48206e-314 0 0 0 
7.77 4.98974e-19 2.5365e-17 0.02 1 0.0001 0.00015 0.32 588 32 1 2.48206e-314 0 0 0 
7.79 1.7103e-18 8.64835e-17 0.02 1 0.0001 0.00015 0.32 589 32 1 2.48206e-314 0 0 0 
7.81 3.21029e-18 1.62369e-16 0.02 1 0.0001 0.00015 0.32 590 32 1 2.48206e-314 0 0 0 
7.83 4.97151e-18 2.5129e-16 0.02 1 0.0001 0.00015 0.32 591 32 1 2.48206e-314 0 0 0 
7.85 6.95999e-18 3.51755e-16 0.02 1 0.0001 0.00015 0.32 592 32 1 2.48206e-314 0 0 0 
7.87 8.33916e-18 4.21438e-16 0.02 1 0.0001 0.00015 0.32 593 32 1 2.48206e-314 0 0 0 
7.89 9.06327e-18 4.57965e-16 0.02 1 0.0001 0.00015 0.32 594 32 1 2.48206e-314 0 0 0 
7.91 9.08685e-18 4.59171e-16 0.02 1 0.0001 0.00015 0.32 595 32 1 2.48206e-314 0 0 0 
7.93 8.39059e-18 4.23996e-16 0.02 1 0.0001 0.00015 0.32 596 32 1 2.48206e-314 0 0 0 
7.95 6.97311e-18 3.52333e-16 0.02 1 0.0001 0.00015 0.32 597 33 1 2.48206e-314 0 0 0 
7.97 4.85246e-18 2.45224e-16 0.02 1 0.0001 0.00015 0.32 598 33 1 2.48206e-314 0 0 0 
7.99 2.03997e-18 1.03237e-16 0.02 1 0.0001 0.00015 0.32 599 33 1 2.48206e-314 0 0 0 
-4.01 0 131.172 0.02 0.999484 9994.84 15000 0.320165 600 32 1 3.03136e-314 0 0 0 
-4.03 0 129.149 0.02 0.999553 9995.53 15000 0.320143 601 32 1 3.03136e-314 0 0 0 
-4.05 0 145.638 0.02 0.999622 9996.22 15000 0.320121 602 32 1 3.03136e-314 0 0 0 
-4.07 0 198.26 0.02 0.999688 9996.88 15000 0.3201 603 32 1 3.03136e-314 0 0 0 
-4.09 0 307.387 0.02 0.999751 9997.51 15000 0.32008 604 32 1 3.03136e-314 0 0 0 
-4.11 0 506.773 0.02 0.999808 9998.08 15000 0.320062 605 32 1 3.03136e-314 0 0 0 
-4.13 0 840.399 0.02 0.999858 9998.58 15000 0.320045 606 32 1 3.03136e-314 0 0 0 
-4.15 0 1384.41 0.02 0.999901 9999.01 15000 0.320032 607 32 1 3.03136e-314 0 0 0 
-4.17 0 2315.08 0.02 0.999934 9999.34 15000 0.320021 608 32 1 3.03136e-314 0 0 0 
-4.19 0 3629.43 0.02 0.999958 9999.58 15000 0.320013 609 32 1 3.03136e-314 0 0 0 
-4.21 0 5199.3 0.02 0.999976 9999.76 15000 0.320008 610 32 1 3.03136e-314 0 0 0 
-4.23 0 6892.1 0.02 0.999987 9999.87 15000 0.320004 611 32 1 3.03136e-314 0 0 0 
-4.25 0 8568.44 0.02 0.999994 9999.94 15000 0.320002 612 32 1 3.03136e-314 0 0 0 
-4.27 0 10079.3 0.02 0.999998 9999.98 15000 0.320001 613 32 1 3.03136e-314 0 0 0 
-4.29 0 11262.4 0.02 1 10000 15000 0.32 614 32 1 3.03136e-314 0 0 0 
-4.31 0 11937.6 0.02 1 10000 15000 0.32 615 31 1 3.03136e-314 0 0 0 
-4.33 0 11891.6 0.02 1 10000 15000 0.32 616 31 1 3.03136e-314 0 0 0 
-4.35 0 10562.9 0.02 0.999959 9999.59 15000 0.320013 617 31 1 3.03136e-314 0 0 0 
-4.37 0 7248.08 0.02 0.999631 9996.31 15000 0.320118 618 30 1 3.03136e-314 0 0 0 
-4.39 0 2129.79 0.02 0.998503 9985.03 15000 0.32048 619 29 1 3.03136e-314 0 0 0 
-4.41 0 -4514.11 0.02 0.995748 9957.48 15000 0.321366 620 28 1 3.03136e-314 0 0 0 
-4.43 0 -12401.9 0.02 0.990126 9901.26 15000 0.323191 621 27 1 3.03136e-314 0 0 0 
-4.45 0 -21258 0.02 0.979822 9798.22 15000 0.32659 622 26 1 3.03136e-314 0 0 0 
-4.47 0 -30832.9 0.02 0.962228 9622.28 15000 0.332561 623 25 1 3.03136e-314 0 0 0 
-4.49 0 -40888.3 0.02 0.933731 9337.31 15000 0.342711 624 25 1 3.03136e-314 0 0 0 
-4.51 0 -50859.9 0.02 0.890771 8907.71 15000 0.359239 625 24 1 3.03136e-314 0 0 0 
-4.53 0 -59973.6 0.02 0.832895 8328.95 15000 0.384202 626 25 1 3.03136e-314 0 0 0 
-4.55 0 -67510.9 0.02 0.764751 7647.51 15000 0.418437 627 25 1 3.03136e-314 0 0 0 
-4.57 0 -73025.8 0.02 0.6944 6944 15000 0.460829 628 27 1 3.03136e-314 0 0 0 
-4.59 0 -76508.8 0.02 0.62873 6287.3 15000 0.508962 629 28 1 3.03136e-314 0 0 0 
-4.61 0 -78249.9 0.02 0.571028 5710.28 15000 0.560393 630 30 1 3.03136e-314 0 0 0 
-4.63 0 -78627.4 0.02 0.521739 5217.39 15000 0.613333 631 31 1 3.03136e-314 0 0 0 
8.01 0 -7.13142e-17 0.02 1 0.0001 0.00015 0.32 632 33 1 3.03136e-314 0 0 0 
8.03 0 -5.06339e-08 0.02 1 0.0001 0.00015 0.32 633 33 1 3.03136e-314 0 0 0 
8.05 0 -3.17263e-07 0.02 1 0.0001 0.00015 0.32 634 33 1 3.03136e-314 0 0 0 
8.07 0 -9.68767e-07 0.02 1 0.0001 0.00015 0.32 635 33 1 3.03136e-314 0 0 0 
8.09 0 -2.20229e-06 0.02 1 0.0001 0.00015 0.32 636 32 1 3.03136e-314 0 0 0 
8.11 0 -4.34936e-06 0.02 1 0.0001 0.00015 0.32 637 32 1 3.03136e-314 0 0 0 
8.13 0 -7.84431e-06 0.02 1 0.0001 0.00015 0.32 638 32 1 3.03136e-314 0 0 0 
8.15 0 -1.34436e-05 0.02 1 0.0001 0.00015 0.32 639 32 1 3.03136e-314 0 0 0 
8.17 0 -2.29056e-05 0.02 1 0.0001 0.00015 0.32 640 32 1 3.03136e-314 0 0 0 
8.19 0 -3.61693e-05 0.02 1 0.0001 0.00015 0.32 641 32 1 3.03136e-314 0 0 0 
8.21 0 -5.19572e-05 0.02 1 0.0001 0.00015 0.32 642 32 1 3.03136e-314 0 0 0 
8.23 0 -6.89475e-05 0.02 1 0.0001 0.00015 0.32 643 32 1 3.03136e-314 0 0 0 
8.25 0 -8.57501e-05 0.02 1 0.0001 0.00015 0.32 644 32 1 3.03136e-314 0 0 0 
8.27 0 -0.000100878 0.02 1 0.0001 0.00015 0.32 645 32 1 3.03136e-314 0 0 0 
8.29 0 -0.000112715 0.02 1 0.0001 0.00015 0.32 646 31 1 3.03136e-314 0 0 0 
8.31 0 -0.000119459 0.02 1 0.0001 0.00015 0.32 647 31 1 3.03136e-314 0 0 0 
8.33 0 -0.000118983 0.02 1 0.0001 0.00015 0.32 648 31 1 3.03136e-314 0 0 0 
8.35 0 -0.000105681 0.02 0.999959 9.99959e-05 0.00015 0.320013 649 31 1 3.03136e-314 0 0 0 
8.37 0 -7.25203e-05 0.02 0.999631 9.99631e-05 0.00015 0.320118 650 30 1 3.03136e-314 0 0 0 
8.39 0 -2.13263e-05 0.02 0.998503 9.98503e-05 0.00015 0.32048 651 29 1 3.03136e-314 0 0 0 
8.41 0 4.51216e-05 0.02 0.995748 9.95748e-05 0.00015 0.321366 652 28 1 3.03136e-314 0 0 0 
8.43 0 0.000124006 0.02 0.990126 9.90126e-05 0.00015 0.323191 653 27 1 3.03136e-314 0 0 0 
8.45 0 0.000212573 0.02 0.979822 9.79822e-05 0.00015 0.32659 654 26 1 3.03136e-314 0 0 0 
8.47 0 0.000308325 0.02 0.962228 9.62228e-05 0.00015 0.332561 655 25 1 3.03136e-314 0 0 0 
8.49 0 0.00040888 0.02 0.933731 9.33731e-05 0.00015 0.342711 656 25 1 3.03136e-314 0 0 0 
8.51 0 0.000508598 0.02 0.890771 8.90771e-05 0.00015 0.359239 657 24 1 3.03136e-314 0 0 0 
8.53 0 0.000599735 0.02 0.832895 8.32895e-05 0.00015 0.384202 658 25 1 3.03136e-314 0 0 0 
8.55 0 0.000675109 0.02 0.764751 7.64751e-05 0.00015 0.418437 659 25 1 3.03136e-314 0 0 0 
8.57 0 0.000730258 0.02 0.6944 6.944e-05 0.00015 0.460829 660 27 1 3.03136e-314 0 0 0 
8.59 0 0.000765089 0.02 0.62873 6.2873e-05 0.00015 0.508962 661 28 1 3.03136e-314 0 0 0 
8.61 0 0.0007825 0.02 0.571028 5.71028e-05 0.00015 0.560393 662 30 1 3.03136e-314 0 0 0 
8.63 0 0.000786275 0.02 0.521739 5.21739e-05 0.00015 0.613333 663 31 1 3.03136e-314 0 0 0 
