# Time [s]: 0.0195487
# Columns: pos [m], vel [m/s], acc [m/s^2], mass [kg], dens [kg/m^3], pres [Pa], ene [J/kg], sml [m], id, neighbor, alpha, gradh, ...additional?
# Additional arrays: grad_velocity_0(vector) grad_pressure(vector) grad_density(vector) 
-3.98995 0.0566762 51.8465 0.02 0.999528 9991.74 14994.6 0.320151 0 32 1 2.48207e-314 0 0 0 
-3.96994 0.0605278 53.9569 0.02 0.999475 9990.78 14994 0.320168 1 32 1 2.48207e-314 0 0 0 
-3.94994 0.0658325 57.3782 0.02 0.999422 9989.78 14993.2 0.320185 2 32 1 2.48207e-314 0 0 0 
-3.92993 0.0726098 62.0696 0.02 0.999368 9988.71 14992.4 0.320202 3 32 1 2.48207e-314 0 0 0 
-3.90992 0.0809037 68.0191 0.02 0.999312 9987.57 14991.6 0.32022 4 32 1 2.48207e-314 0 0 0 
-3.88991 0.0907805 75.2388 0.02 0.999252 9986.34 14990.6 0.32024 5 32 1 2.48207e-314 0 0 0 
-3.86989 0.102328 83.7645 0.02 0.999186 9984.99 14989.6 0.320261 6 32 1 2.48207e-314 0 0 0 
-3.84988 0.115661 93.66 0.02 0.999113 9983.52 14988.4 0.320284 7 32 1 2.48207e-314 0 0 0 
-3.82986 0.130925 105.024 0.02 0.999031 9981.88 14987.2 0.32031 8 32 1 2.48207e-314 0 0 0 
-3.80984 0.147172 116.711 0.02 0.998939 9980.08 14985.9 0.32034 9 32 1 2.48207e-314 0 0 0 
-3.78982 0.164566 128.847 0.02 0.998835 9978.09 14984.4 0.320373 10 32 1 2.48207e-314 0 0 0 
-3.7698 0.183254 141.526 0.02 0.99872 9975.92 14982.9 0.32041 11 32 1 2.48207e-314 0 0 0 
-3.74978 0.203373 154.821 0.02 0.998594 9973.54 14981.2 0.320451 12 32 1 2.48207e-314 0 0 0 
-3.72975 0.225052 168.785 0.02 0.998455 9970.95 14979.4 0.320495 13 32 1 2.48207e-314 0 0 0 
-3.70972 0.248414 183.459 0.02 0.998303 9968.13 14977.4 0.320544 14 32 1 2.48207e-314 0 0 0 
-3.68969 0.273577 198.863 0.02 0.998138 9965.06 14975.2 0.320597 15 32 1 2.48207e-314 0 0 0 
-3.66965 0.300652 215.003 0.02 0.997958 9961.74 14972.9 0.320655 16 32 1 2.48207e-314 0 0 0 
-3.64961 0.330015 232.174 0.02 0.997763 9958.14 14970.4 0.320717 17 32 1 2.48207e-314 0 0 0 
-3.62957 0.361779 250.365 0.02 0.997552 9954.24 14967.7 0.320785 18 32 1 2.48207e-314 0 0 0 
-3.60952 0.396071 269.574 0.02 0.997323 9950.04 14964.8 0.320859 19 32 1 2.48207e-314 0 0 0 
-3.58947 0.433027 289.804 0.02 0.997076 9945.5 14961.7 0.320938 20 32 1 2.48207e-314 0 0 0 
-3.56941 0.47279 311.061 0.02 0.996809 9940.61 14958.3 0.321024 21 32 1 2.48207e-314 0 0 0 
-3.54935 0.515516 333.357 0.02 0.996522 9935.35 14954.7 0.321117 22 32 1 2.48207e-314 0 0 0 
-3.52928 0.561364 356.701 0.02 0.996212 9929.7 14950.9 0.321217 23 32 1 2.48207e-314 0 0 0 
-3.50921 0.610502 381.109 0.02 0.99588 9923.65 14946.7 0.321324 24 32 1 2.48207e-314 0 0 0 
-3.48913 0.663108 406.599 0.02 0.995523 9917.17 14942.3 0.321439 25 32 1 2.48207e-314 0 0 0 
-3.46904 0.71936 433.182 0.02 0.995141 9910.24 14937.6 0.321562 26 32 1 2.48207e-314 0 0 0 
-3.44894 0.779438 460.865 0.02 0.994733 9902.84 14932.5 0.321694 27 32 1 2.48207e-314 0 0 0 
-3.42884 0.843524 489.65 0.02 0.994297 9894.95 14927.2 0.321836 28 32 1 2.48207e-314 0 0 0 
-3.40872 0.911799 519.536 0.02 0.993831 9886.55 14921.5 0.321986 29 32 1 2.48207e-314 0 0 0 
-3.3886 0.984448 550.515 0.02 0.993335 9877.62 14915.4 0.322147 30 32 1 2.48207e-314 0 0 0 
-3.36847 1.06166 582.578 0.02 0.992807 9868.13 14909 0.322318 31 32 1 2.48207e-314 0 0 0 
-3.34833 1.1436 615.707 0.02 0.992246 9858.07 14902.2 0.322501 32 32 1 2.48207e-314 0 0 0 
-3.32817 1.23048 649.885 0.02 0.991651 9847.41 14895 0.322694 33 32 1 2.48207e-314 0 0 0 
-3.30801 1.32246 685.088 0.02 0.99102 9836.13 14887.4 0.3229 34 32 1 2.48207e-314 0 0 0 
-3.28783 1.41974 721.289 0.02 0.990351 9824.22 14879.4 0.323118 35 32 1 2.48207e-314 0 0 0 
-3.26763 1.52248 758.458 0.02 0.989645 9811.64 14871 0.323348 36 32 1 2.48207e-314 0 0 0 
-3.24742 1.63088 796.561 0.02 0.988898 9798.39 14862.1 0.323593 37 32 1 2.48207e-314 0 0 0 
-3.2272 1.74511 835.561 0.02 0.98811 9784.44 14852.8 0.323851 38 32 1 2.48207e-314 0 0 0 
-3.20696 1.86533 875.417 0.02 0.98728 9769.77 14843 0.324123 39 32 1 2.48207e-314 0 0 0 
-3.1867 1.99172 916.086 0.02 0.986406 9754.36 14832.7 0.32441 40 32 1 2.48207e-314 0 0 0 
-3.16643 2.12446 957.521 0.02 0.985488 9738.19 14821.9 0.324712 41 32 1 2.48207e-314 0 0 0 
-3.14613 2.26368 999.672 0.02 0.984523 9721.26 14810.6 0.32503 42 32 1 2.48207e-314 0 0 0 
-3.12582 2.40957 1042.49 0.02 0.983511 9703.53 14798.8 0.325365 43 32 1 2.48207e-314 0 0 0 
-3.10548 2.56225 1085.91 0.02 0.982451 9685.01 14786.5 0.325716 44 32 1 2.48207e-314 0 0 0 
-3.08513 2.72189 1129.89 0.02 0.981341 9665.66 14773.7 0.326084 45 32 1 2.48207e-314 0 0 0 
-3.06474 2.88862 1174.36 0.02 0.980181 9645.48 14760.3 0.32647 46 32 1 2.48207e-314 0 0 0 
-3.04434 3.06257 1219.27 0.02 0.978969 9624.46 14746.3 0.326875 47 32 1 2.48207e-314 0 0 0 
-3.02391 3.24388 1264.55 0.02 0.977704 9602.57 14731.8 0.327297 48 32 1 2.48207e-314 0 0 0 
-3.00345 3.43266 1310.14 0.02 0.976387 9579.82 14716.8 0.327739 49 32 1 2.48207e-314 0 0 0 
-2.98296 3.62902 1355.98 0.02 0.975015 9556.2 14701.1 0.3282 50 32 1 2.48207e-314 0 0 0 
-2.96245 3.83307 1402.01 0.02 0.973588 9531.69 14684.9 0.328681 51 32 1 2.48207e-314 0 0 0 
-2.9419 4.04491 1448.15 0.02 0.972105 9506.28 14668.1 0.329183 52 32 1 2.48207e-314 0 0 0 
-2.92132 4.26463 1494.36 0.02 0.970565 9479.98 14650.7 0.329705 53 32 1 2.48207e-314 0 0 0 
-2.90071 4.49232 1540.56 0.02 0.968969 9452.77 14632.8 0.330248 54 32 1 2.48207e-314 0 0 0 
-2.88007 4.72804 1586.7 0.02 0.967315 9424.66 14614.2 0.330813 55 32 1 2.48207e-314 0 0 0 
-2.85939 4.97188 1632.7 0.02 0.965603 9395.63 14595 0.331399 56 32 1 2.48207e-314 0 0 0 
-2.83867 5.22388 1678.52 0.02 0.963833 9365.7 14575.3 0.332008 57 32 1 2.48207e-314 0 0 0 
-2.81791 5.4841 1724.09 0.02 0.962003 9334.86 14554.9 0.332639 58 32 1 2.48207e-314 0 0 0 
-2.79711 5.75259 1769.35 0.02 0.960115 9303.1 14533.9 0.333293 59 32 1 2.48207e-314 0 0 0 
-2.77628 6.02939 1814.24 0.02 0.958167 9270.44 14512.4 0.333971 60 32 1 2.48207e-314 0 0 0 
-2.75539 6.31451 1858.72 0.02 0.95616 9236.87 14490.2 0.334672 61 32 1 2.48207e-314 0 0 0 
-2.73447 6.608 1902.72 0.02 0.954093 9202.41 14467.4 0.335397 62 32 1 2.48207e-314 0 0 0 
-2.71349 6.90986 1946.2 0.02 0.951966 9167.05 14444 0.336146 63 32 1 2.48207e-314 0 0 0 
-2.69247 7.2201 1989.1 0.02 0.94978 9130.81 14420.1 0.33692 64 32 1 2.48207e-314 0 0 0 
-2.6714 7.53872 2031.38 0.02 0.947534 9093.69 14395.5 0.337719 65 32 1 2.48207e-314 0 0 0 
-2.65028 7.86571 2072.99 0.02 0.945229 9055.7 14370.3 0.338542 66 32 1 2.48207e-314 0 0 0 
-2.62911 8.20108 2113.89 0.02 0.942865 9016.85 14344.6 0.339391 67 32 1 2.48207e-314 0 0 0 
-2.60789 8.54478 2154.04 0.02 0.940441 8977.15 14318.2 0.340266 68 32 1 2.48207e-314 0 0 0 
-2.5866 8.89681 2193.39 0.02 0.93796 8936.62 14291.3 0.341166 69 32 1 2.48207e-314 0 0 0 
-2.56526 9.25713 2231.9 0.02 0.93542 8895.26 14263.8 0.342092 70 32 1 2.48207e-314 0 0 0 
-2.54387 9.6257 2269.55 0.02 0.932823 8853.1 14235.8 0.343045 71 32 1 2.48207e-314 0 0 0 
-2.52241 10.0025 2306.3 0.02 0.930168 8810.14 14207.1 0.344024 72 32 1 2.48207e-314 0 0 0 
-2.50089 10.3874 2342.11 0.02 0.927457 8766.4 14177.9 0.34503 73 32 1 2.48207e-314 0 0 0 
-2.4793 10.7805 2376.95 0.02 0.92469 8721.9 14148.2 0.346062 74 32 1 2.48207e-314 0 0 0 
-2.45765 11.1816 2410.81 0.02 0.921867 8676.66 14117.9 0.347122 75 32 1 2.48207e-314 0 0 0 
-2.43594 11.5906 2443.64 0.02 0.91899 8630.69 14087.1 0.348208 76 32 1 2.48207e-314 0 0 0 
-2.41415 12.0076 2475.43 0.02 0.916059 8584 14055.7 0.349323 77 32 1 2.48207e-314 0 0 0 
-2.39229 12.4325 2506.15 0.02 0.913074 8536.63 14023.9 0.350464 78 32 1 2.48207e-314 0 0 0 
-2.37036 12.865 2535.77 0.02 0.910038 8488.59 13991.5 0.351634 79 32 1 2.48207e-314 0 0 0 
-2.34836 13.3053 2564.29 0.02 0.90695 8439.89 13958.6 0.352831 80 32 1 2.48207e-314 0 0 0 
-2.32628 13.7531 2591.67 0.02 0.903811 8390.57 13925.2 0.354056 81 32 1 2.48207e-314 0 0 0 
-2.30412 14.2085 2617.9 0.02 0.900623 8340.63 13891.4 0.355309 82 32 1 2.48207e-314 0 0 0 
-2.28188 14.6712 2642.96 0.02 0.897387 8290.11 13857.1 0.356591 83 32 1 2.48207e-314 0 0 0 
-2.25957 15.1412 2666.83 0.02 0.894103 8239.02 13822.3 0.357901 84 32 1 2.48207e-314 0 0 0 
-2.23716 15.6184 2689.5 0.02 0.890772 8187.39 13787 0.359239 85 32 1 2.48207e-314 0 0 0 
-2.21468 16.1027 2710.95 0.02 0.887397 8135.24 13751.3 0.360605 86 32 1 2.48207e-314 0 0 0 
-2.1921 16.5939 2731.17 0.02 0.883977 8082.6 13715.2 0.362001 87 32 1 2.48207e-314 0 0 0 
-2.16944 17.0919 2750.13 0.02 0.880514 8029.48 13678.7 0.363424 88 32 1 2.48207e-314 0 0 0 
-2.14669 17.5967 2767.84 0.02 0.877009 7975.91 13641.7 0.364877 89 32 1 2.48207e-314 0 0 0 
-2.12385 18.108 2784.26 0.02 0.873463 7921.92 13604.4 0.366358 90 32 1 2.48207e-314 0 0 0 
-2.10091 18.6257 2799.39 0.02 0.869879 7867.53 13566.7 0.367867 91 32 1 2.48207e-314 0 0 0 
-2.07788 19.1497 2813.22 0.02 0.866256 7812.76 13528.6 0.369406 92 32 1 2.48207e-314 0 0 0 
-2.05475 19.6798 2825.72 0.02 0.862597 7757.65 13490.2 0.370973 93 32 1 2.48207e-314 0 0 0 
-2.03152 20.216 2836.89 0.02 0.858902 7702.21 13451.4 0.372568 94 32 1 2.48207e-314 0 0 0 
-2.00818 20.7579 2846.71 0.02 0.855174 7646.48 13412.3 0.374193 95 32 1 2.48207e-314 0 0 0 
-1.98475 21.3055 2855.16 0.02 0.851414 7590.47 13372.9 0.375846 96 32 1 2.48207e-314 0 0 0 
-1.96121 21.8585 2862.22 0.02 0.847622 7534.23 13333.2 0.377527 97 32 1 2.48207e-314 0 0 0 
-1.93757 22.4169 2867.89 0.02 0.843801 7477.77 13293.2 0.379236 98 32 1 2.48207e-314 0 0 0 
-1.91381 22.9804 2872.15 0.02 0.839953 7421.11 13252.9 0.380974 99 32 1 2.48207e-314 0 0 0 
-1.88995 23.5487 2874.97 0.02 0.836078 7364.3 13212.5 0.382739 100 32 1 2.48207e-314 0 0 0 
-1.86597 24.1218 2876.34 0.02 0.832179 7307.36 13171.7 0.384533 101 32 1 2.48207e-314 0 0 0 
-1.84189 24.6993 2876.24 0.02 0.828257 7250.31 13130.8 0.386353 102 32 1 2.48207e-314 0 0 0 
-1.81768 25.2811 2874.66 0.02 0.824314 7193.18 13089.7 0.388202 103 32 1 2.48207e-314 0 0 0 
-1.79336 25.8669 2871.56 0.02 0.820352 7136.01 13048.4 0.390076 104 32 1 2.48207e-314 0 0 0 
-1.76892 26.4565 2866.94 0.02 0.816372 7078.83 13006.9 0.391978 105 32 1 2.48207e-314 0 0 0 
-1.74436 27.0496 2860.76 0.02 0.812377 7021.65 12965.3 0.393906 106 32 1 2.48207e-314 0 0 0 
-1.71968 27.646 2853.01 0.02 0.808369 6964.52 12923.6 0.395859 107 32 1 2.48207e-314 0 0 0 
-1.69487 28.2453 2843.67 0.02 0.804349 6907.47 12881.8 0.397837 108 32 1 2.48207e-314 0 0 0 
-1.66994 28.8473 2832.7 0.02 0.800319 6850.52 12839.9 0.39984 109 32 1 2.48207e-314 0 0 0 
-1.64488 29.4517 2820.11 0.02 0.796282 6793.71 12798 0.401868 110 32 1 2.48207e-314 0 0 0 
-1.6197 30.0582 2805.85 0.02 0.79224 6737.07 12756.1 0.403918 111 32 1 2.48207e-314 0 0 0 
-1.59438 30.6665 2789.91 0.02 0.788195 6680.64 12714.2 0.405991 112 32 1 2.48207e-314 0 0 0 
-1.56893 31.2761 2772.28 0.02 0.784149 6624.43 12672.3 0.408086 113 32 1 2.48207e-314 0 0 0 
-1.54335 31.8867 2752.92 0.02 0.780105 6568.5 12630.4 0.410201 114 32 1 2.48207e-314 0 0 0 
-1.51764 32.498 2731.82 0.02 0.776065 6512.87 12588.6 0.412336 115 32 1 2.48207e-314 0 0 0 
-1.49179 33.1096 2708.95 0.02 0.772032 6457.57 12547 0.41449 116 32 1 2.48207e-314 0 0 0 
-1.46581 33.7209 2684.3 0.02 0.768008 6402.64 12505.4 0.416662 117 32 1 2.48207e-314 0 0 0 
-1.43969 34.3318 2657.85 0.02 0.763996 6348.12 12464.1 0.41885 118 32 1 2.48207e-314 0 0 0 
-1.41342 34.9416 2629.6 0.02 0.759999 6294.03 12422.9 0.421053 119 32 1 2.48207e-314 0 0 0 
-1.38702 35.55 2599.53 0.02 0.756019 6240.42 12381.9 0.42327 120 32 1 2.48207e-314 0 0 0 
-1.36048 36.1565 2567.64 0.02 0.752059 6187.32 12341.2 0.425499 121 32 1 2.48207e-314 0 0 0 
-1.3338 36.7606 2533.94 0.02 0.748121 6134.76 12300.8 0.427738 122 32 1 2.48207e-314 0 0 0 
-1.30698 37.3619 2498.45 0.02 0.74421 6082.78 12260.7 0.429986 123 32 1 2.48207e-314 0 0 0 
-1.28002 37.9597 2461.18 0.02 0.740327 6031.42 12220.9 0.432241 124 32 1 2.48207e-314 0 0 0 
-1.25291 38.5537 2422.15 0.02 0.736476 5980.69 12181.5 0.434501 125 32 1 2.48207e-314 0 0 0 
-1.22566 39.1431 2381.38 0.02 0.73266 5930.65 12142.5 0.436765 126 32 1 2.48207e-314 0 0 0 
-1.19827 39.7275 2338.9 0.02 0.728881 5881.32 12103.9 0.439029 127 32 1 2.48207e-314 0 0 0 
-1.17074 40.3062 2294.74 0.02 0.725143 5832.74 12065.8 0.441292 128 32 1 2.48207e-314 0 0 0 
-1.14306 40.8788 2248.94 0.02 0.72145 5784.93 12028.2 0.443551 129 32 1 2.48207e-314 0 0 0 
-1.11524 41.4447 2201.57 0.02 0.717802 5737.93 11991.1 0.445805 130 32 1 2.48207e-314 0 0 0 
-1.08728 42.0034 2152.68 0.02 0.714205 5691.77 11954.5 0.44805 131 32 1 2.48207e-314 0 0 0 
-1.05917 42.5544 2102.38 0.02 0.710661 5646.47 11918.5 0.450285 132 32 1 2.48207e-314 0 0 0 
-1.03093 43.0972 2050.78 0.02 0.707171 5602.07 11883.2 0.452507 133 32 1 2.48207e-314 0 0 0 
-1.00254 43.6313 1998.02 0.02 0.70374 5558.59 11848.4 0.454713 134 32 1 2.48207e-314 0 0 0 
-0.97402 44.1562 1944.24 0.02 0.700368 5516.04 11814.3 0.456902 135 32 1 2.48207e-314 0 0 0 
-0.94536 44.6712 1889.59 0.02 0.697059 5474.45 11780.9 0.459072 136 32 1 2.48207e-314 0 0 0 
-0.916565 45.1758 1834.23 0.02 0.693813 5433.83 11748.2 0.461219 137 32 1 2.48207e-314 0 0 0 
-0.887637 45.6694 1778.31 0.02 0.690634 5394.19 11716.2 0.463342 138 32 1 2.48207e-314 0 0 0 
-0.858576 46.1515 1721.95 0.02 0.687522 5355.54 11684.9 0.465439 139 32 1 2.48207e-314 0 0 0 
-0.829385 46.6217 1665.28 0.02 0.68448 5317.91 11654.3 0.467508 140 32 1 2.48207e-314 0 0 0 
-0.800064 47.0796 1608.45 0.02 0.681508 5281.28 11624.5 0.469547 141 32 1 2.48207e-314 0 0 0 
-0.770615 47.5252 1551.62 0.02 0.678607 5245.68 11595.5 0.471555 142 32 1 2.48207e-314 0 0 0 
-0.74104 47.9584 1494.96 0.02 0.675777 5211.1 11567.3 0.473529 143 32 1 2.48207e-314 0 0 0 
-0.711342 48.3794 1438.71 0.02 0.673018 5177.55 11539.9 0.47547 144 32 1 2.48207e-314 0 0 0 
-0.681522 48.7881 1383.14 0.02 0.670328 5145.01 11513.4 0.477378 145 32 1 2.48207e-314 0 0 0 
-0.651584 49.1847 1328.51 0.02 0.667706 5113.49 11487.8 0.479253 146 32 1 2.48207e-314 0 0 0 
-0.621533 49.569 1275.13 0.02 0.665149 5082.96 11463.1 0.481095 147 32 1 2.48207e-314 0 0 0 
-0.591371 49.9408 1223.23 0.02 0.662654 5053.41 11439.3 0.482907 148 32 1 2.48207e-314 0 0 0 
-0.561101 50.2998 1173.02 0.02 0.660217 5024.81 11416.6 0.484689 149 32 1 2.48207e-314 0 0 0 
-0.530727 50.6457 1124.61 0.02 0.657835 4997.17 11394.9 0.486444 150 32 1 2.48207e-314 0 0 0 
-0.500249 50.9783 1078.03 0.02 0.655506 4970.45 11374.2 0.488173 151 32 1 2.48207e-314 0 0 0 
-0.469666 51.298 1033.24 0.02 0.653225 4944.66 11354.7 0.489877 152 32 1 2.48207e-314 0 0 0 
-0.438978 51.6054 990.168 0.02 0.65099 4919.81 11336.4 0.491559 153 32 1 2.48207e-314 0 0 0 
-0.408182 51.9015 948.727 0.02 0.648795 4895.89 11319.4 0.493222 154 32 1 2.48207e-314 0 0 0 
-0.377278 52.1878 908.891 0.02 0.646636 4872.92 11303.9 0.494869 155 32 1 2.48207e-314 0 0 0 
-0.346266 52.4656 870.71 0.02 0.644507 4850.93 11290.1 0.496503 156 32 1 2.48207e-314 0 0 0 
-0.315151 52.7363 834.321 0.02 0.642402 4829.92 11278 0.498131 157 32 1 2.48207e-314 0 0 0 
-0.283938 53.0005 799.92 0.02 0.640312 4809.93 11268 0.499756 158 32 1 2.48207e-314 0 0 0 
-0.252633 53.2582 767.707 0.02 0.638234 4790.97 11260.1 0.501384 159 32 1 2.48207e-314 0 0 0 
-0.221243 53.5088 737.814 0.02 0.636161 4773.08 11254.6 0.503017 160 32 1 2.48207e-314 0 0 0 
-0.18977 53.7514 710.258 0.02 0.634093 4756.29 11251.6 0.504658 161 32 1 2.48207e-314 0 0 0 
-0.158211 53.9852 684.889 0.02 0.632027 4740.66 11251.2 0.506307 162 32 1 2.48207e-314 0 0 0 
-0.126556 54.2099 661.353 0.02 0.629968 4726.27 11253.8 0.507963 163 32 1 2.48207e-314 0 0 0 
-0.0947888 54.4259 639.143 0.02 0.627918 4713.21 11259.3 0.509621 164 32 1 2.48207e-314 0 0 0 
-0.0628935 54.6352 617.852 0.02 0.625883 4701.6 11268 0.511277 165 32 1 2.48207e-314 0 0 0 
-0.030857 54.8399 596.773 0.02 0.623873 4691.56 11280.2 0.512925 166 32 1 2.48207e-314 0 0 0 
0.00132055 55.0419 575.212 0.02 0.621898 4683.25 11296 0.514554 167 32 1 2.48207e-314 0 0 0 
0.0336225 55.2419 552.875 0.02 0.619972 4676.82 11315.5 0.516152 168 32 1 2.48207e-314 0 0 0 
0.0660222 55.4405 529.842 0.02 0.618117 4672.41 11338.8 0.517701 169 32 1 2.48207e-314 0 0 0 
0.0984943 55.6375 506.446 0.02 0.616355 4670.13 11365.6 0.519181 170 32 1 2.48207e-314 0 0 0 
0.131023 55.8317 483.115 0.02 0.614712 4670.05 11395.8 0.520569 171 32 1 2.48207e-314 0 0 0 
0.163604 56.0203 460.625 0.02 0.613219 4672.22 11428.9 0.521836 172 32 1 2.48207e-314 0 0 0 
0.196251 56.2019 439.793 0.02 0.611912 4676.65 11464.1 0.522951 173 33 1 2.48207e-314 0 0 0 
0.228994 56.3722 419.635 0.02 0.61084 4683.35 11500.7 0.523869 174 33 1 2.48207e-314 0 0 0 
0.261869 56.5299 400.685 0.02 0.610061 4692.29 11537.3 0.524537 175 33 1 2.48207e-314 0 0 0 
0.294906 56.6766 382.695 0.02 0.609641 4703.38 11572.6 0.524899 176 33 1 2.48207e-314 0 0 0 
0.32807 56.8108 364.819 0.02 0.609653 4716.47 11604.5 0.524888 177 33 1 2.48207e-314 0 0 0 
0.361295 56.9342 347.256 0.02 0.610176 4731.32 11631.1 0.524439 178 33 1 2.48207e-314 0 0 0 
0.394539 57.0476 327.268 0.02 0.611294 4747.65 11649.9 0.52348 179 34 1 2.48207e-314 0 0 0 
0.427687 57.1395 303.531 0.02 0.613104 4765.05 11658.1 0.521934 180 33 1 2.48207e-314 0 0 0 
0.460578 57.2039 278.001 0.02 0.615709 4782.95 11652.3 0.519726 181 34 1 2.48207e-314 0 0 0 
0.49308 57.2452 255.078 0.02 0.619215 4800.55 11629 0.516783 182 33 1 2.48207e-314 0 0 0 
0.525486 57.3137 234.067 0.02 0.623757 4817.32 11584.7 0.51302 183 34 1 2.48207e-314 0 0 0 
0.558091 57.3931 212.77 0.02 0.629515 4832.53 11515 0.508328 184 35 1 2.48207e-314 0 0 0 
0.590769 57.4624 192.397 0.02 0.636665 4844.94 11414.9 0.502619 185 35 1 2.48207e-314 0 0 0 
0.623291 57.5062 174.05 0.02 0.645383 4853.08 11279.6 0.49583 186 36 1 2.48207e-314 0 0 0 
0.655492 57.4925 158.223 0.02 0.655862 4855.26 11104.4 0.487907 187 36 1 2.48207e-314 0 0 0 
0.686533 57.3721 146.873 0.02 0.667996 4849.14 10889 0.479045 188 37 1 2.48207e-314 0 0 0 
0.716485 57.2555 143.014 0.02 0.681897 4835.02 10635.9 0.469279 189 38 1 2.48207e-314 0 0 0 
0.74602 57.1787 137.072 0.02 0.698044 4813.27 10343.2 0.458424 190 39 1 2.48207e-314 0 0 0 
0.775376 57.1607 129.509 0.02 0.71683 4783.48 10009.8 0.44641 191 39 1 2.48207e-314 0 0 0 
0.804224 57.1266 120.55 0.02 0.738357 4743.27 9636.3 0.433395 192 40 1 2.48207e-314 0 0 0 
0.833068 57.1319 113.355 0.02 0.763564 4692.6 9218.66 0.419087 193 41 1 2.48207e-314 0 0 0 
0.861975 57.1088 97.1842 0.02 0.793274 4629.71 8754.49 0.403392 194 42 1 2.48207e-314 0 0 0 
0.888415 56.936 92.6564 0.02 0.825071 4551.74 8275.34 0.387846 195 42 1 2.48207e-314 0 0 0 
0.913022 56.7959 95.9407 0.02 0.859315 4466.15 7796.16 0.372389 196 42 1 2.48207e-314 0 0 0 
0.936105 56.737 100.829 0.02 0.896184 4378.48 7328.65 0.357069 197 43 1 2.48207e-314 0 0 0 
0.95735 56.7309 104.958 0.02 0.934839 4292.84 6888.18 0.342305 198 43 1 2.48207e-314 0 0 0 
0.975835 56.7156 110.961 0.02 0.972764 4213.39 6497.1 0.328959 199 43 1 2.48207e-314 0 0 0 
1.01071 56.5075 108.101 0.02 1.05814 4020.16 5698.85 0.302418 200 43 1 2.48206e-314 0 0 0 
1.02719 56.521 106.714 0.02 1.10623 3943.06 5346.57 0.289272 201 42 1 2.48206e-314 0 0 0 
1.04398 56.5797 100.255 0.02 1.1612 3862.38 4989.2 0.275576 202 42 1 2.48206e-314 0 0 0 
1.06073 56.6206 91.2589 0.02 1.22316 3778.56 4633.68 0.261617 203 41 1 2.48206e-314 0 0 0 
1.07719 56.6221 81.019 0.02 1.29235 3693.93 4287.36 0.24761 204 41 1 2.48206e-314 0 0 0 
1.09383 56.6319 64.6705 0.02 1.37232 3613.34 3949.46 0.233183 205 40 1 2.48206e-314 0 0 0 
1.11121 56.8071 45.8949 0.02 1.46771 3546.95 3624.91 0.218026 206 39 1 2.48206e-314 0 0 0 
1.12614 56.9176 36.3211 0.02 1.5601 3490.84 3356.29 0.205115 207 38 1 2.48206e-314 0 0 0 
1.13931 56.9918 28.8116 0.02 1.65159 3443.6 3127.48 0.193753 208 38 1 2.48206e-314 0 0 0 
1.15164 57.0825 22.8366 0.02 1.74741 3404.83 2922.7 0.183128 209 37 1 2.48206e-314 0 0 0 
1.16294 57.1578 17.9643 0.02 1.84517 3372.56 2741.63 0.173426 210 36 1 2.48206e-314 0 0 0 
1.1737 57.2265 9.9668 0.02 1.94885 3346.64 2575.82 0.164199 211 36 1 2.48206e-314 0 0 0 
1.18437 57.3555 3.84355 0.02 2.06218 3330.52 2422.54 0.155176 212 35 1 2.48206e-314 0 0 0 
1.1946 57.4917 -1.91909 0.02 2.18027 3322.11 2285.55 0.146771 213 34 1 2.48206e-314 0 0 0 
1.2042 57.6116 -6.73376 0.02 2.29969 3320.06 2165.53 0.139149 214 34 1 2.48206e-314 0 0 0 
1.21316 57.7109 -10.6078 0.02 2.41893 3323.92 2061.17 0.13229 215 33 1 2.48206e-314 0 0 0 
1.2215 57.792 -13.8491 0.02 2.5371 3333.34 1970.74 0.126128 216 32 1 2.48206e-314 0 0 0 
1.22923 57.8618 -15.9445 0.02 2.65292 3348.02 1893 0.120622 217 33 1 2.48206e-314 0 0 0 
1.23653 57.9349 -14.5959 0.02 2.76766 3368.21 1825.47 0.115621 218 32 1 2.48206e-314 0 0 0 
1.24352 58.0112 -10.9425 0.02 2.88141 3393.52 1766.58 0.111057 219 32 1 2.48206e-314 0 0 0 
1.25029 58.0827 -5.6752 0.02 2.99368 3423.4 1715.31 0.106892 220 31 1 2.48206e-314 0 0 0 
1.25688 58.1446 1.85295 0.02 3.10353 3457.5 1671.08 0.103108 221 31 1 2.48206e-314 0 0 0 
1.2633 58.192 9.29895 0.02 3.20941 3495.45 1633.69 0.0997069 222 30 1 2.48206e-314 0 0 0 
1.26948 58.2257 14.8548 0.02 3.30935 3536.7 1603.06 0.0966956 223 31 1 2.48206e-314 0 0 0 
1.27542 58.2473 18.1697 0.02 3.40206 3580.7 1578.78 0.0940605 224 31 1 2.48206e-314 0 0 0 
1.28111 58.2626 18.1244 0.02 3.48704 3627.03 1560.24 0.0917685 225 30 1 2.48206e-314 0 0 0 
1.2866 58.2745 15.333 0.02 3.56428 3675.41 1546.8 0.0897798 226 30 1 2.48206e-314 0 0 0 
1.29195 58.2831 9.46406 0.02 3.634 3725.72 1537.9 0.0880573 227 31 1 2.48206e-314 0 0 0 
1.29721 58.2916 0.0302976 0.02 3.69628 3777.81 1533.13 0.0865735 228 30 1 2.48206e-314 0 0 0 
1.30243 58.2995 -9.88355 0.02 3.7509 3831.32 1532.2 0.0853129 229 30 1 2.48206e-314 0 0 0 
1.30762 58.3036 -18.0862 0.02 3.79746 3885.66 1534.87 0.0842668 230 30 1 2.48206e-314 0 0 0 
1.31278 58.301 -22.4179 0.02 3.83567 3940.04 1540.85 0.0834275 231 30 1 2.48206e-314 0 0 0 
1.31788 58.2914 -21.2522 0.02 3.86553 3993.58 1549.71 0.082783 232 31 1 2.48206e-314 0 0 0 
1.32295 58.2734 -11.86 0.02 3.88746 4045.38 1560.94 0.0823159 233 30 1 2.48206e-314 0 0 0 
1.32797 58.2466 7.72001 0.02 3.90209 4094.46 1573.94 0.0820073 234 30 1 2.48206e-314 0 0 0 
1.33296 58.2109 37.9981 0.02 3.9102 4140 1588.13 0.0818373 235 30 1 2.48206e-314 0 0 0 
1.33796 58.1669 77.6509 0.02 3.91255 4181.27 1602.98 0.0817881 236 31 1 2.48206e-314 0 0 0 
1.34298 58.1132 125.144 0.02 3.9099 4217.7 1618.03 0.0818434 237 31 1 2.48206e-314 0 0 0 
1.34804 58.0473 176.6 0.02 3.90301 4248.9 1632.88 0.0819879 238 31 1 2.48206e-314 0 0 0 
1.35315 57.9683 225.671 0.02 3.89265 4274.63 1647.14 0.0822061 239 31 1 2.48206e-314 0 0 0 
1.35829 57.8765 265.103 0.02 3.87962 4294.84 1660.5 0.0824822 240 31 1 2.48206e-314 0 0 0 
1.36346 57.7751 287.514 0.02 3.86469 4309.71 1672.71 0.082801 241 32 1 2.48206e-314 0 0 0 
1.36865 57.67 288.169 0.02 3.84851 4319.55 1683.61 0.0831491 242 32 1 2.48206e-314 0 0 0 
1.37387 57.5687 265.694 0.02 3.83158 4324.75 1693.1 0.0835164 243 32 1 2.48206e-314 0 0 0 
1.37911 57.4779 222.207 0.02 3.81424 4325.68 1701.19 0.0838962 244 32 1 2.48206e-314 0 0 0 
1.38438 57.4025 166.201 0.02 3.79658 4322.64 1707.9 0.0842864 245 32 1 2.48206e-314 0 0 0 
1.38968 57.3436 109.425 0.02 3.77853 4315.71 1713.29 0.084689 246 32 1 2.48206e-314 0 0 0 
1.39499 57.2995 66.3498 0.02 3.75984 4304.75 1717.4 0.0851101 247 32 1 2.48206e-314 0 0 0 
1.40033 57.2642 53.5856 0.02 3.74012 4289.39 1720.24 0.0855587 248 31 1 2.48206e-314 0 0 0 
1.40568 57.2272 87.9638 0.02 3.71893 4269.05 1721.76 0.0860463 249 31 1 2.48206e-314 0 0 0 
1.41104 57.1746 179.818 0.02 3.69579 4243.06 1721.91 0.086585 250 31 1 2.48206e-314 0 0 0 
1.41641 57.0909 333.558 0.02 3.67028 4210.74 1720.59 0.0871869 251 31 1 2.48206e-314 0 0 0 
1.42181 56.9611 542.031 0.02 3.64206 4171.56 1717.72 0.0878624 252 31 1 2.48206e-314 0 0 0 
1.42723 56.7737 782.527 0.02 3.61093 4125.21 1713.22 0.0886198 253 31 1 2.48206e-314 0 0 0 
1.43271 56.5251 1021.69 0.02 3.57683 4071.67 1707.07 0.0894646 254 31 1 2.48206e-314 0 0 0 
1.43825 56.2188 1234.24 0.02 3.53986 4011.23 1699.29 0.090399 255 32 1 2.48206e-314 0 0 0 
1.44388 55.8643 1401.55 0.02 3.50025 3944.47 1689.93 0.091422 256 32 1 2.48206e-314 0 0 0 
1.4496 55.4749 1509.16 0.02 3.45832 3872.21 1679.13 0.0925305 257 32 1 2.48206e-314 0 0 0 
1.45541 55.067 1548.12 0.02 3.41439 3795.41 1667.05 0.093721 258 32 1 2.48206e-314 0 0 0 
1.46133 54.6582 1517.16 0.02 3.36871 3715 1653.91 0.0949918 259 31 1 2.48206e-314 0 0 0 
1.46735 54.2648 1427.47 0.02 3.32137 3631.73 1639.91 0.0963457 260 31 1 2.48206e-314 0 0 0 
1.47345 53.8984 1305.76 0.02 3.27223 3545.96 1625.21 0.0977927 261 31 1 2.48206e-314 0 0 0 
1.47964 53.5624 1186.4 0.02 3.22089 3457.52 1609.85 0.0993516 262 31 1 2.48206e-314 0 0 0 
1.48591 53.2507 1112.34 0.02 3.1667 3365.62 1593.71 0.101051 263 31 1 2.48206e-314 0 0 0 
1.49224 52.9463 1123.75 0.02 3.10884 3268.88 1576.48 0.102932 264 31 1 2.48206e-314 0 0 0 
1.49866 52.6208 1269.42 0.02 3.04639 3165.55 1557.64 0.105042 265 31 1 2.48206e-314 0 0 0 
1.50516 52.235 1583.4 0.02 2.97849 3053.67 1536.5 0.107437 266 31 1 2.48206e-314 0 0 0 
1.51176 51.7425 2088.71 0.02 2.9044 2931.41 1512.24 0.110178 267 31 1 2.48206e-314 0 0 0 
1.51851 51.0927 2795.17 0.02 2.82358 2797.24 1483.95 0.113331 268 31 1 2.48206e-314 0 0 0 
1.52545 50.2334 3705.68 0.02 2.73581 2650.31 1450.74 0.116967 269 31 1 2.48206e-314 0 0 0 
1.53263 49.1156 4791.86 0.02 2.64117 2490.43 1411.71 0.121158 270 31 1 2.48206e-314 0 0 0 
1.54015 47.6994 6015.06 0.02 2.54005 2318.21 1366.08 0.125982 271 32 1 2.48206e-314 0 0 0 
1.54806 45.9561 7325.88 0.02 2.4332 2135.12 1313.17 0.131514 272 31 1 2.48206e-314 0 0 0 
1.55647 43.8718 8660.67 0.02 2.32178 1943.5 1252.49 0.137825 273 32 1 2.48206e-314 0 0 0 
1.56546 41.4505 9942.5 0.02 2.20732 1746.47 1183.8 0.144972 274 33 1 2.48206e-314 0 0 0 
1.57511 38.7169 11090.2 0.02 2.09164 1547.76 1107.2 0.15299 275 33 1 2.48206e-314 0 0 0 
1.58551 35.7152 12032.3 0.02 1.97671 1351.47 1023.22 0.161885 276 34 1 2.48206e-314 0 0 0 
1.59671 32.5053 12717.7 0.02 1.86455 1161.66 932.834 0.171623 277 35 1 2.48206e-314 0 0 0 
1.60876 29.1588 13106.5 0.02 1.757 982.075 837.476 0.182129 278 36 1 2.48206e-314 0 0 0 
1.62168 25.754 13186.1 0.02 1.65564 815.758 738.994 0.193279 279 37 1 2.48206e-314 0 0 0 
1.63549 22.3703 12957.2 0.02 1.56164 664.944 639.56 0.204912 280 38 1 2.48206e-314 0 0 0 
1.65015 19.0855 12434.6 0.02 1.47582 531.066 541.58 0.216828 281 38 1 2.48206e-314 0 0 0 
1.66565 15.971 11650.2 0.02 1.39858 414.762 447.549 0.228804 282 40 1 2.48206e-314 0 0 0 
1.68192 13.0892 10643.8 0.02 1.33 316.012 359.883 0.240601 283 40 1 2.48206e-314 0 0 0 
1.69889 10.4906 9465.21 0.02 1.26994 234.273 280.744 0.25198 284 41 1 2.48206e-314 0 0 0 
1.7165 8.21152 8177.44 0.02 1.21804 168.514 211.824 0.262718 285 41 1 2.48206e-314 0 0 0 
1.73465 6.27082 6851.08 0.02 1.17381 117.284 154.136 0.272618 286 40 1 2.48206e-314 0 0 0 
1.75326 4.66908 5557.13 0.02 1.13666 78.7883 107.9 0.281525 287 41 1 2.48206e-314 0 0 0 
1.77224 3.38955 4359.07 0.02 1.10596 51.0039 72.5454 0.28934 288 40 1 2.48206e-314 0 0 0 
1.79151 2.40097 3305.84 0.02 1.081 31.8149 46.8309 0.296021 289 39 1 2.48206e-314 0 0 0 
1.811 1.66196 2427.3 0.02 1.06106 19.1586 29.0678 0.301585 290 39 1 2.48206e-314 0 0 0 
1.83065 1.12624 1731.12 0.02 1.0454 11.1739 17.3993 0.306103 291 38 1 2.48206e-314 0 0 0 
1.85041 0.748384 1203.72 0.02 1.0333 6.33255 10.0791 0.309687 292 36 1 2.48206e-314 0 0 0 
1.87026 0.488146 818.493 0.02 1.0241 3.49473 5.66686 0.312468 293 35 1 2.48206e-314 0 0 0 
1.89016 0.312733 545.19 0.02 1.01721 1.8809 3.09876 0.314585 294 34 1 2.48206e-314 0 0 0 
1.9101 0.196796 356.424 0.02 1.01213 0.98681 1.6491 0.316166 295 34 1 2.48206e-314 0 0 0 
1.93006 0.12158 228.737 0.02 1.00842 0.503465 0.853548 0.317327 296 33 1 2.48206e-314 0 0 0 
1.95003 0.0737207 143.761 0.02 1.00577 0.250109 0.4294 0.318164 297 33 1 2.48206e-314 0 0 0 
1.97002 0.0438706 88.6902 0.02 1.0039 0.120753 0.210017 0.318758 298 32 1 2.48206e-314 0 0 0 
1.99001 0.0255985 53.6551 0.02 1.0026 0.0564808 0.0996263 0.319172 299 32 1 2.48206e-314 0 0 0 
2.01001 0.0146401 31.7563 0.02 1.0017 0.0256154 0.0458105 0.319456 300 32 1 2.48206e-314 0 0 0 
2.03 0.00821057 18.3863 0.02 1.0011 0.0113162 0.0204749 0.319648 301 32 1 2.48206e-314 0 0 0 
2.05 0.0045156 10.4438 0.02 1.0007 0.00487901 0.00892965 0.319775 302 32 1 2.48206e-314 0 0 0 
2.07 0.00243344 5.81068 0.02 1.00044 0.0020704 0.00382362 0.319859 303 32 1 2.48206e-314 0 0 0 
2.09 0.00128473 3.16205 0.02 1.00027 0.000886809 0.00163858 0.319912 304 32 1 2.48206e-314 0 0 0 
2.11 0.000664856 1.68304 0.02 1.00017 0.000405575 0.000735395 0.319946 305 32 1 2.48206e-314 0 0 0 
2.13 0.00033729 0.878679 0.02 1.0001 0.000215141 0.000373701 0.319968 306 32 1 2.48206e-314 0 0 0 
2.15 0.000167564 0.449392 0.02 1.00006 0.000141968 0.00023283 0.319981 307 32 1 2.48206e-314 0 0 0 
2.17 8.14508e-05 0.224842 0.02 1.00003 0.000114768 0.000179647 0.319989 308 32 1 2.48206e-314 0 0 0 
2.19 3.87206e-05 0.109942 0.02 1.00002 0.000105012 0.000160242 0.319994 309 32 1 2.48206e-314 0 0 0 
2.21 1.80006e-05 0.0525117 0.02 1.00001 0.000101639 0.000153412 0.319996 310 32 1 2.48206e-314 0 0 0 
2.23 8.18552e-06 0.0244989 0.02 1.00001 0.000100517 0.000151097 0.319998 311 32 1 2.48206e-314 0 0 0 
2.25 3.6431e-06 0.0111683 0.02 1 0.000100158 0.00015034 0.319999 312 32 1 2.48206e-314 0 0 0 
2.27 1.58828e-06 0.00497817 0.02 1 0.000100047 0.000150102 0.319999 313 32 1 2.48206e-314 0 0 0 
2.29 6.78941e-07 0.00217248 0.02 1 0.000100014 0.00015003 0.32 314 32 1 2.48206e-314 0 0 0 
2.31 2.8473e-07 0.000929581 0.02 1 0.000100004 0.000150009 0.32 315 32 1 2.48206e-314 0 0 0 
2.33 1.17107e-07 0.000390317 0.02 1 0.000100001 0.000150002 0.32 316 32 1 2.48206e-314 0 0 0 
2.35 4.71669e-08 0.000160772 0.02 1 0.0001 0.000150001 0.32 317 32 1 2.48206e-314 0 0 0 
2.37 1.85513e-08 6.48583e-05 0.02 1 0.0001 0.00015 0.32 318 32 1 2.48206e-314 0 0 0 
2.39 7.09629e-09 2.5532e-05 0.02 1 0.0001 0.00015 0.32 319 32 1 2.48206e-314 0 0 0 
2.41 2.62906e-09 9.7518e-06 0.02 1 0.0001 0.00015 0.32 320 32 1 2.48206e-314 0 0 0 
2.43 9.41355e-10 3.5941e-06 0.02 1 0.0001 0.00015 0.32 321 32 1 2.48206e-314 0 0 0 
2.45 3.26271e-10 1.2764e-06 0.02 1 0.0001 0.00015 0.32 322 32 1 2.48206e-314 0 0 0 
2.47 1.10003e-10 4.38381e-07 0.02 1 0.0001 0.00015 0.32 323 32 1 2.48206e-314 0 0 0 
2.49 3.63141e-11 1.46564e-07 0.02 1 0.0001 0.00015 0.32 324 32 1 2.48206e-314 0 0 0 
2.51 1.18204e-11 4.80412e-08 0.02 1 0.0001 0.00015 0.32 325 32 1 2.48206e-314 0 0 0 
2.53 3.82138e-12 1.55539e-08 0.02 1 0.0001 0.00015 0.32 326 32 1 2.48206e-314 0 0 0 
2.55 1.23531e-12 5.01377e-09 0.02 1 0.0001 0.00015 0.32 327 32 1 2.48206e-314 0 0 0 
2.57 4.01121e-13 1.62131e-09 0.02 1 0.0001 0.00015 0.32 328 32 1 2.48206e-314 0 0 0 
2.59 1.30804e-13 5.28421e-10 0.02 1 0.0001 0.00015 0.32 329 32 1 2.48206e-314 0 0 0 
2.61 4.2536e-14 1.73391e-10 0.02 1 0.0001 0.00015 0.32 330 32 1 2.48206e-314 0 0 0 
2.63 1.35864e-14 5.67792e-11 0.02 1 0.0001 0.00015 0.32 331 32 1 2.48206e-314 0 0 0 
2.65 4.15606e-15 1.82347e-11 0.02 1 0.0001 0.00015 0.32 332 32 1 2.48206e-314 0 0 0 
2.67 1.16567e-15 5.58509e-12 0.02 1 0.0001 0.00015 0.32 333 32 1 2.48206e-314 0 0 0 
2.69 2.71656e-16 1.55651e-12 0.02 1 0.0001 0.00015 0.32 334 32 1 2.48206e-314 0 0 0 
2.71 3.38723e-17 3.54235e-13 0.02 1 0.0001 0.00015 0.32 335 32 1 2.48206e-314 0 0 0 
2.73 -1.4189e-17 3.83835e-14 0.02 1 0.0001 0.00015 0.32 336 32 1 2.48206e-314 0 0 0 
2.75 -1.55288e-17 -2.28e-14 0.02 1 0.0001 0.00015 0.32 337 32 1 2.48206e-314 0 0 0 
2.77 -9.54978e-18 -2.25801e-14 0.02 1 0.0001 0.00015 0.32 338 32 1 2.48206e-314 0 0 0 
2.79 -4.89184e-18 -1.35568e-14 0.02 1 0.0001 0.00015 0.32 339 33 1 2.48206e-314 0 0 0 
2.81 -2.2783e-18 -6.86357e-15 0.02 1 0.0001 0.00015 0.32 340 33 1 2.48206e-314 0 0 0 
2.83 -9.98358e-19 -3.17339e-15 0.02 1 0.0001 0.00015 0.32 341 33 1 2.48206e-314 0 0 0 
2.85 -4.18566e-19 -1.38346e-15 0.02 1 0.0001 0.00015 0.32 342 33 1 2.48206e-314 0 0 0 
2.87 -1.69437e-19 -5.77746e-16 0.02 1 0.0001 0.00015 0.32 343 33 1 2.48206e-314 0 0 0 
2.89 -6.65693e-20 -2.33054e-16 0.02 1 0.0001 0.00015 0.32 344 33 1 2.48206e-314 0 0 0 
2.91 -2.54541e-20 -9.12115e-17 0.02 1 0.0001 0.00015 0.32 345 33 1 2.48206e-314 0 0 0 
2.93 -9.48831e-21 -3.47512e-17 0.02 1 0.0001 0.00015 0.32 346 33 1 2.48206e-314 0 0 0 
2.95 -3.45962e-21 -1.28959e-17 0.02 1 0.0001 0.00015 0.32 347 33 1 2.48206e-314 0 0 0 
2.97 -1.24012e-21 -4.67795e-18 0.02 1 0.0001 0.00015 0.32 348 33 1 2.48206e-314 0 0 0 
2.99 -4.36887e-22 -1.65658e-18 0.02 1 0.0001 0.00015 0.32 349 33 1 2.48206e-314 0 0 0 
3.01 -1.54882e-22 -5.80218e-19 0.02 1 0.0001 0.00015 0.32 350 33 1 2.48206e-314 0 0 0 
3.03 -5.347e-23 -1.98417e-19 0.02 1 0.0001 0.00015 0.32 351 33 1 2.48206e-314 0 0 0 
3.05 -1.73138e-23 -7.05155e-20 0.02 1 0.0001 0.00015 0.32 352 33 1 2.48206e-314 0 0 0 
3.07 -4.46406e-24 -2.03288e-20 0.02 1 0.0001 0.00015 0.32 353 33 1 2.48206e-314 0 0 0 
3.09 -6.6417e-25 -5.50571e-21 0.02 1 0.0001 0.00015 0.32 354 33 1 2.48206e-314 0 0 0 
3.11 -2.37183e-26 -2.11758e-22 0.02 1 0.0001 0.00015 0.32 355 33 1 2.48206e-314 0 0 0 
3.13 -5.98734e-55 -5.34553e-51 0.02 1 0.0001 0.00015 0.32 356 33 1 2.48206e-314 0 0 0 
3.15 0 0 0.02 1 0.0001 0.00015 0.32 357 33 1 2.48206e-314 0 0 0 
3.17 0 0 0.02 1 0.0001 0.00015 0.32 358 33 1 2.48206e-314 0 0 0 
3.19 0 0 0.02 1 0.0001 0.00015 0.32 359 33 1 2.48206e-314 0 0 0 
3.21 0 0 0.02 1 0.0001 0.00015 0.32 360 33 1 2.48206e-314 0 0 0 
3.23 0 0 0.02 1 0.0001 0.00015 0.32 361 33 1 2.48206e-314 0 0 0 
3.25 0 0 0.02 1 0.0001 0.00015 0.32 362 33 1 2.48206e-314 0 0 0 
3.27 0 0 0.02 1 0.0001 0.00015 0.32 363 33 1 2.48206e-314 0 0 0 
3.29 0 0 0.02 1 0.0001 0.00015 0.32 364 33 1 2.48206e-314 0 0 0 
3.31 0 0 0.02 1 0.0001 0.00015 0.32 365 33 1 2.48206e-314 0 0 0 
3.33 0 0 0.02 1 0.0001 0.00015 0.32 366 33 1 2.48206e-314 0 0 0 
3.35 0 0 0.02 1 0.0001 0.00015 0.32 367 33 1 2.48206e-314 0 0 0 
3.37 0 0 0.02 1 0.0001 0.00015 0.32 368 33 1 2.48206e-314 0 0 0 
3.39 0 0 0.02 1 0.0001 0.00015 0.32 369 33 1 2.48206e-314 0 0 0 
3.41 0 0 0.02 1 0.0001 0.00015 0.32 370 33 1 2.48206e-314 0 0 0 
3.43 0 0 0.02 1 0.0001 0.00015 0.32 371 33 1 2.48206e-314 0 0 0 
3.45 1.88247e-37 9.62965e-36 0.02 1 0.0001 0.00015 0.32 372 33 1 2.48206e-314 0 0 0 
3.47 7.86522e-23 4.02341e-21 0.02 1 0.0001 0.00015 0.32 373 33 1 2.48206e-314 0 0 0 
3.49 2.15259e-22 1.10114e-20 0.02 1 0.0001 0.00015 0.32 374 33 1 2.48206e-314 0 0 0 
3.51 4.59494e-22 2.35052e-20 0.02 1 0.0001 0.00015 0.32 375 33 1 2.48206e-314 0 0 0 
3.53 8.11359e-22 4.15046e-20 0.02 1 0.0001 0.00015 0.32 376 33 1 2.48206e-314 0 0 0 
3.55 1.73035e-21 8.85149e-20 0.02 1 0.0001 0.00015 0.32 377 33 1 2.48206e-314 0 0 0 
3.57 3.30339e-21 1.68983e-19 0.02 1 0.0001 0.00015 0.32 378 33 1 2.48206e-314 0 0 0 
3.59 5.62156e-21 2.87568e-19 0.02 1 0.0001 0.00015 0.32 379 33 1 2.48206e-314 0 0 0 
3.61 8.83983e-21 4.47445e-19 0.02 1 0.0001 0.00015 0.32 380 33 1 2.48206e-314 0 0 0 
3.63 1.30767e-20 6.64497e-19 0.02 1 0.0001 0.00015 0.32 381 33 1 2.48206e-314 0 0 0 
3.65 1.8604e-20 9.42536e-19 0.02 1 0.0001 0.00015 0.32 382 33 1 2.48206e-314 0 0 0 
3.67 2.51212e-20 1.27796e-18 0.02 1 0.0001 0.00015 0.32 383 33 1 2.48206e-314 0 0 0 
3.69 3.17573e-20 1.6263e-18 0.02 1 0.0001 0.00015 0.32 384 33 1 2.48206e-314 0 0 0 
3.71 3.85934e-20 1.97528e-18 0.02 1 0.0001 0.00015 0.32 385 33 1 2.48206e-314 0 0 0 
3.73 4.27061e-20 2.19254e-18 0.02 1 0.0001 0.00015 0.32 386 33 1 2.48206e-314 0 0 0 
3.75 4.33664e-20 2.22897e-18 0.02 1 0.0001 0.00015 0.32 387 33 1 2.48206e-314 0 0 0 
3.77 4.20308e-20 2.18831e-18 0.02 1 0.0001 0.00015 0.32 388 33 1 2.48206e-314 0 0 0 
3.79 3.08861e-20 1.62397e-18 0.02 1 0.0001 0.00015 0.32 389 33 1 2.48206e-314 0 0 0 
3.81 1.28902e-20 7.19766e-19 0.02 1 0.0001 0.00015 0.32 390 32 1 2.48206e-314 0 0 0 
3.83 -1.15707e-20 -5.23466e-19 0.02 1 0.0001 0.00015 0.32 391 32 1 2.48206e-314 0 0 0 
3.85 -5.00971e-20 -2.51548e-18 0.02 1 0.0001 0.00015 0.32 392 32 1 2.48206e-314 0 0 0 
3.87 -9.2694e-20 -4.72517e-18 0.02 1 0.0001 0.00015 0.32 393 32 1 2.48206e-314 0 0 0 
3.89 -1.40613e-19 -7.19512e-18 0.02 1 0.0001 0.00015 0.32 394 32 1 2.48206e-314 0 0 0 
3.91 -1.88093e-19 -9.60768e-18 0.02 1 0.0001 0.00015 0.32 395 32 1 2.48206e-314 0 0 0 
3.93 -2.31987e-19 -1.18674e-17 0.02 1 0.0001 0.00015 0.32 396 32 1 2.48206e-314 0 0 0 
3.95 -2.66369e-19 -1.36722e-17 0.02 1 0.0001 0.00015 0.32 397 32 1 2.48206e-314 0 0 0 
3.97 -2.90087e-19 -1.48699e-17 0.02 1 0.0001 0.00015 0.32 398 32 1 2.48206e-314 0 0 0 
3.99 -2.97664e-19 -1.53116e-17 0.02 1 0.0001 0.00015 0.32 399 32 1 2.48206e-314 0 0 0 
4.01 -2.88303e-19 -1.47947e-17 0.02 1 0.0001 0.00015 0.32 400 32 1 2.48206e-314 0 0 0 
4.03 -2.64287e-19 -1.35525e-17 0.02 1 0.0001 0.00015 0.32 401 32 1 2.48206e-314 0 0 0 
4.05 -2.26305e-19 -1.16065e-17 0.02 1 0.0001 0.00015 0.32 402 32 1 2.48206e-314 0 0 0 
4.07 -1.83976e-19 -9.41964e-18 0.02 1 0.0001 0.00015 0.32 403 32 1 2.48206e-314 0 0 0 
4.09 -1.36887e-19 -7.01364e-18 0.02 1 0.0001 0.00015 0.32 404 32 1 2.48206e-314 0 0 0 
4.11 -8.89555e-20 -4.56127e-18 0.02 1 0.0001 0.00015 0.32 405 32 1 2.48206e-314 0 0 0 
4.13 -4.81228e-20 -2.46021e-18 0.02 1 0.0001 0.00015 0.32 406 32 1 2.48206e-314 0 0 0 
4.15 -9.14132e-21 -4.62692e-19 0.02 1 0.0001 0.00015 0.32 407 32 1 2.48206e-314 0 0 0 
4.17 1.79175e-20 9.24536e-19 0.02 1 0.0001 0.00015 0.32 408 32 1 2.48206e-314 0 0 0 
4.19 3.09088e-20 1.58543e-18 0.02 1 0.0001 0.00015 0.32 409 32 1 2.48206e-314 0 0 0 
4.21 4.19299e-20 2.14829e-18 0.02 1 0.0001 0.00015 0.32 410 32 1 2.48206e-314 0 0 0 
4.23 4.36969e-20 2.23532e-18 0.02 1 0.0001 0.00015 0.32 411 31 1 2.48206e-314 0 0 0 
4.25 4.19009e-20 2.14342e-18 0.02 1 0.0001 0.00015 0.32 412 31 1 2.48206e-314 0 0 0 
4.27 3.66354e-20 1.87406e-18 0.02 1 0.0001 0.00015 0.32 413 31 1 2.48206e-314 0 0 0 
4.29 2.89564e-20 1.48125e-18 0.02 1 0.0001 0.00015 0.32 414 31 1 2.48206e-314 0 0 0 
4.31 2.31734e-20 1.18542e-18 0.02 1 0.0001 0.00015 0.32 415 31 1 2.48206e-314 0 0 0 
4.33 1.62024e-20 8.28822e-19 0.02 1 0.0001 0.00015 0.32 416 31 1 2.48206e-314 0 0 0 
4.35 1.20214e-20 6.14946e-19 0.02 1 0.0001 0.00015 0.32 417 31 1 2.48206e-314 0 0 0 
4.37 8.38681e-21 4.29022e-19 0.02 1 0.0001 0.00015 0.32 418 31 1 2.48206e-314 0 0 0 
4.39 5.14965e-21 2.63427e-19 0.02 1 0.0001 0.00015 0.32 419 31 1 2.48206e-314 0 0 0 
4.41 3.2206e-21 1.64748e-19 0.02 1 0.0001 0.00015 0.32 420 31 1 2.48206e-314 0 0 0 
4.43 1.92905e-21 9.86793e-20 0.02 1 0.0001 0.00015 0.32 421 31 1 2.48206e-314 0 0 0 
4.45 8.85872e-22 4.53163e-20 0.02 1 0.0001 0.00015 0.32 422 31 1 2.48206e-314 0 0 0 
4.47 3.0633e-22 1.56701e-20 0.02 1 0.0001 0.00015 0.32 423 31 1 2.48206e-314 0 0 0 
4.49 1.20048e-22 6.14099e-21 0.02 1 0.0001 0.00015 0.32 424 31 1 2.48206e-314 0 0 0 
4.51 3.72563e-23 1.90582e-21 0.02 1 0.0001 0.00015 0.32 425 31 1 2.48206e-314 0 0 0 
4.53 1.50597e-37 7.70372e-36 0.02 1 0.0001 0.00015 0.32 426 31 1 2.48206e-314 0 0 0 
4.55 0 0 0.02 1 0.0001 0.00015 0.32 427 31 1 2.48206e-314 0 0 0 
4.57 0 0 0.02 1 0.0001 0.00015 0.32 428 31 1 2.48206e-314 0 0 0 
4.59 0 0 0.02 1 0.0001 0.00015 0.32 429 31 1 2.48206e-314 0 0 0 
4.61 0 0 0.02 1 0.0001 0.00015 0.32 430 31 1 2.48206e-314 0 0 0 
4.63 0 0 0.02 1 0.0001 0.00015 0.32 431 31 1 2.48206e-314 0 0 0 
4.65 0 0 0.02 1 0.0001 0.00015 0.32 432 31 1 2.48206e-314 0 0 0 
4.67 0 0 0.02 1 0.0001 0.00015 0.32 433 31 1 2.48206e-314 0 0 0 
4.69 0 0 0.02 1 0.0001 0.00015 0.32 434 31 1 2.48206e-314 0 0 0 
4.71 0 0 0.02 1 0.0001 0.00015 0.32 435 31 1 2.48206e-314 0 0 0 
4.73 0 0 0.02 1 0.0001 0.00015 0.32 436 31 1 2.48206e-314 0 0 0 
4.75 0 0 0.02 1 0.0001 0.00015 0.32 437 31 1 2.48206e-314 0 0 0 
4.77 0 0 0.02 1 0.0001 0.00015 0.32 438 31 1 2.48206e-314 0 0 0 
4.79 0 0 0.02 1 0.0001 0.00015 0.32 439 31 1 2.48206e-314 0 0 0 
4.81 0 0 0.02 1 0.0001 0.00015 0.32 440 31 1 2.48206e-314 0 0 0 
4.83 0 0 0.02 1 0.0001 0.00015 0.32 441 31 1 2.48206e-314 0 0 0 
4.85 0 0 0.02 1 0.0001 0.00015 0.32 442 31 1 2.48206e-314 0 0 0 
4.87 0 0 0.02 1 0.0001 0.00015 0.32 443 31 1 2.48206e-314 0 0 0 
4.89 0 0 0.02 1 0.0001 0.00015 0.32 444 31 1 2.48206e-314 0 0 0 
4.91 0 0 0.02 1 0.0001 0.00015 0.32 445 31 1 2.48206e-314 0 0 0 
4.93 0 0 0.02 1 0.0001 0.00015 0.32 446 31 1 2.48206e-314 0 0 0 
4.95 0 0 0.02 1 0.0001 0.00015 0.32 447 31 1 2.48206e-314 0 0 0 
4.97 0 0 0.02 1 0.0001 0.00015 0.32 448 31 1 2.48206e-314 0 0 0 
4.99 0 0 0.02 1 0.0001 0.00015 0.32 449 31 1 2.48206e-314 0 0 0 
5.01 0 0 0.02 1 0.0001 0.00015 0.32 450 31 1 2.48206e-314 0 0 0 
5.03 0 0 0.02 1 0.0001 0.00015 0.32 451 31 1 2.48206e-314 0 0 0 
5.05 0 0 0.02 1 0.0001 0.00015 0.32 452 31 1 2.48206e-314 0 0 0 
5.07 0 0 0.02 1 0.0001 0.00015 0.32 453 31 1 2.48206e-314 0 0 0 
5.09 0 0 0.02 1 0.0001 0.00015 0.32 454 31 1 2.48206e-314 0 0 0 
5.11 0 0 0.02 1 0.0001 0.00015 0.32 455 31 1 2.48206e-314 0 0 0 
5.13 0 0 0.02 1 0.0001 0.00015 0.32 456 31 1 2.48206e-314 0 0 0 
5.15 0 0 0.02 1 0.0001 0.00015 0.32 457 31 1 2.48206e-314 0 0 0 
5.17 0 0 0.02 1 0.0001 0.00015 0.32 458 31 1 2.48206e-314 0 0 0 
5.19 0 0 0.02 1 0.0001 0.00015 0.32 459 31 1 2.48206e-314 0 0 0 
5.21 0 0 0.02 1 0.0001 0.00015 0.32 460 31 1 2.48206e-314 0 0 0 
5.23 0 0 0.02 1 0.0001 0.00015 0.32 461 31 1 2.48206e-314 0 0 0 
5.25 0 0 0.02 1 0.0001 0.00015 0.32 462 31 1 2.48206e-314 0 0 0 
5.27 0 0 0.02 1 0.0001 0.00015 0.32 463 31 1 2.48206e-314 0 0 0 
5.29 0 0 0.02 1 0.0001 0.00015 0.32 464 31 1 2.48206e-314 0 0 0 
5.31 0 0 0.02 1 0.0001 0.00015 0.32 465 31 1 2.48206e-314 0 0 0 
5.33 0 0 0.02 1 0.0001 0.00015 0.32 466 31 1 2.48206e-314 0 0 0 
5.35 0 0 0.02 1 0.0001 0.00015 0.32 467 31 1 2.48206e-314 0 0 0 
5.37 0 0 0.02 1 0.0001 0.00015 0.32 468 31 1 2.48206e-314 0 0 0 
5.39 0 0 0.02 1 0.0001 0.00015 0.32 469 31 1 2.48206e-314 0 0 0 
5.41 0 0 0.02 1 0.0001 0.00015 0.32 470 31 1 2.48206e-314 0 0 0 
5.43 0 0 0.02 1 0.0001 0.00015 0.32 471 31 1 2.48206e-314 0 0 0 
5.45 0 0 0.02 1 0.0001 0.00015 0.32 472 31 1 2.48206e-314 0 0 0 
5.47 0 0 0.02 1 0.0001 0.00015 0.32 473 31 1 2.48206e-314 0 0 0 
5.49 0 0 0.02 1 0.0001 0.00015 0.32 474 31 1 2.48206e-314 0 0 0 
5.51 0 0 0.02 1 0.0001 0.00015 0.32 475 31 1 2.48206e-314 0 0 0 
5.53 0 0 0.02 1 0.0001 0.00015 0.32 476 31 1 2.48206e-314 0 0 0 
5.55 0 0 0.02 1 0.0001 0.00015 0.32 477 31 1 2.48206e-314 0 0 0 
5.57 0 0 0.02 1 0.0001 0.00015 0.32 478 31 1 2.48206e-314 0 0 0 
5.59 0 0 0.02 1 0.0001 0.00015 0.32 479 31 1 2.48206e-314 0 0 0 
5.61 0 0 0.02 1 0.0001 0.00015 0.32 480 31 1 2.48206e-314 0 0 0 
5.63 0 0 0.02 1 0.0001 0.00015 0.32 481 31 1 2.48206e-314 0 0 0 
5.65 0 0 0.02 1 0.0001 0.00015 0.32 482 31 1 2.48206e-314 0 0 0 
5.67 0 0 0.02 1 0.0001 0.00015 0.32 483 31 1 2.48206e-314 0 0 0 
5.69 0 0 0.02 1 0.0001 0.00015 0.32 484 31 1 2.48206e-314 0 0 0 
5.71 0 0 0.02 1 0.0001 0.00015 0.32 485 31 1 2.48206e-314 0 0 0 
5.73 0 0 0.02 1 0.0001 0.00015 0.32 486 31 1 2.48206e-314 0 0 0 
5.75 0 0 0.02 1 0.0001 0.00015 0.32 487 31 1 2.48206e-314 0 0 0 
5.77 0 0 0.02 1 0.0001 0.00015 0.32 488 31 1 2.48206e-314 0 0 0 
5.79 0 0 0.02 1 0.0001 0.00015 0.32 489 31 1 2.48206e-314 0 0 0 
5.81 0 0 0.02 1 0.0001 0.00015 0.32 490 31 1 2.48206e-314 0 0 0 
5.83 0 0 0.02 1 0.0001 0.00015 0.32 491 31 1 2.48206e-314 0 0 0 
5.85 0 0 0.02 1 0.0001 0.00015 0.32 492 31 1 2.48206e-314 0 0 0 
5.87 0 0 0.02 1 0.0001 0.00015 0.32 493 31 1 2.48206e-314 0 0 0 
5.89 0 0 0.02 1 0.0001 0.00015 0.32 494 31 1 2.48206e-314 0 0 0 
5.91 0 0 0.02 1 0.0001 0.00015 0.32 495 31 1 2.48206e-314 0 0 0 
5.93 0 0 0.02 1 0.0001 0.00015 0.32 496 31 1 2.48206e-314 0 0 0 
5.95 0 0 0.02 1 0.0001 0.00015 0.32 497 31 1 2.48206e-314 0 0 0 
5.97 0 0 0.02 1 0.0001 0.00015 0.32 498 31 1 2.48206e-314 0 0 0 
5.99 0 0 0.02 1 0.0001 0.00015 0.32 499 31 1 2.48206e-314 0 0 0 
6.01 0 0 0.02 1 0.0001 0.00015 0.32 500 31 1 2.48206e-314 0 0 0 
6.03 0 0 0.02 1 0.0001 0.00015 0.32 501 31 1 2.48206e-314 0 0 0 
6.05 0 0 0.02 1 0.0001 0.00015 0.32 502 31 1 2.48206e-314 0 0 0 
6.07 0 0 0.02 1 0.0001 0.00015 0.32 503 31 1 2.48206e-314 0 0 0 
6.09 0 0 0.02 1 0.0001 0.00015 0.32 504 31 1 2.48206e-314 0 0 0 
6.11 0 0 0.02 1 0.0001 0.00015 0.32 505 31 1 2.48206e-314 0 0 0 
6.13 0 0 0.02 1 0.0001 0.00015 0.32 506 31 1 2.48206e-314 0 0 0 
6.15 0 0 0.02 1 0.0001 0.00015 0.32 507 31 1 2.48206e-314 0 0 0 
6.17 0 0 0.02 1 0.0001 0.00015 0.32 508 31 1 2.48206e-314 0 0 0 
6.19 0 0 0.02 1 0.0001 0.00015 0.32 509 31 1 2.48206e-314 0 0 0 
6.21 0 0 0.02 1 0.0001 0.00015 0.32 510 31 1 2.48206e-314 0 0 0 
6.23 0 0 0.02 1 0.0001 0.00015 0.32 511 31 1 2.48206e-314 0 0 0 
6.25 0 0 0.02 1 0.0001 0.00015 0.32 512 31 1 2.48206e-314 0 0 0 
6.27 0 0 0.02 1 0.0001 0.00015 0.32 513 31 1 2.48206e-314 0 0 0 
6.29 0 0 0.02 1 0.0001 0.00015 0.32 514 31 1 2.48206e-314 0 0 0 
6.31 0 0 0.02 1 0.0001 0.00015 0.32 515 31 1 2.48206e-314 0 0 0 
6.33 0 0 0.02 1 0.0001 0.00015 0.32 516 31 1 2.48206e-314 0 0 0 
6.35 0 0 0.02 1 0.0001 0.00015 0.32 517 31 1 2.48206e-314 0 0 0 
6.37 0 0 0.02 1 0.0001 0.00015 0.32 518 31 1 2.48206e-314 0 0 0 
6.39 0 0 0.02 1 0.0001 0.00015 0.32 519 31 1 2.48206e-314 0 0 0 
6.41 0 0 0.02 1 0.0001 0.00015 0.32 520 31 1 2.48206e-314 0 0 0 
6.43 0 0 0.02 1 0.0001 0.00015 0.32 521 31 1 2.48206e-314 0 0 0 
6.45 0 0 0.02 1 0.0001 0.00015 0.32 522 31 1 2.48206e-314 0 0 0 
6.47 0 0 0.02 1 0.0001 0.00015 0.32 523 31 1 2.48206e-314 0 0 0 
6.49 0 0 0.02 1 0.0001 0.00015 0.32 524 31 1 2.48206e-314 0 0 0 
6.51 0 0 0.02 1 0.0001 0.00015 0.32 525 31 1 2.48206e-314 0 0 0 
6.53 0 0 0.02 1 0.0001 0.00015 0.32 526 31 1 2.48206e-314 0 0 0 
6.55 0 0 0.02 1 0.0001 0.00015 0.32 527 31 1 2.48206e-314 0 0 0 
6.57 0 0 0.02 1 0.0001 0.00015 0.32 528 31 1 2.48206e-314 0 0 0 
6.59 0 0 0.02 1 0.0001 0.00015 0.32 529 31 1 2.48206e-314 0 0 0 
6.61 0 0 0.02 1 0.0001 0.00015 0.32 530 31 1 2.48206e-314 0 0 0 
6.63 0 0 0.02 1 0.0001 0.00015 0.32 531 31 1 2.48206e-314 0 0 0 
6.65 0 0 0.02 1 0.0001 0.00015 0.32 532 31 1 2.48206e-314 0 0 0 
6.67 0 0 0.02 1 0.0001 0.00015 0.32 533 31 1 2.48206e-314 0 0 0 
6.69 0 0 0.02 1 0.0001 0.00015 0.32 534 31 1 2.48206e-314 0 0 0 
6.71 0 0 0.02 1 0.0001 0.00015 0.32 535 31 1 2.48206e-314 0 0 0 
6.73 0 0 0.02 1 0.0001 0.00015 0.32 536 31 1 2.48206e-314 0 0 0 
6.75 0 0 0.02 1 0.0001 0.00015 0.32 537 31 1 2.48206e-314 0 0 0 
6.77 0 0 0.02 1 0.0001 0.00015 0.32 538 31 1 2.48206e-314 0 0 0 
6.79 0 0 0.02 1 0.0001 0.00015 0.32 539 31 1 2.48206e-314 0 0 0 
6.81 0 0 0.02 1 0.0001 0.00015 0.32 540 31 1 2.48206e-314 0 0 0 
6.83 0 0 0.02 1 0.0001 0.00015 0.32 541 31 1 2.48206e-314 0 0 0 
6.85 0 0 0.02 1 0.0001 0.00015 0.32 542 31 1 2.48206e-314 0 0 0 
6.87 0 0 0.02 1 0.0001 0.00015 0.32 543 31 1 2.48206e-314 0 0 0 
6.89 0 0 0.02 1 0.0001 0.00015 0.32 544 31 1 2.48206e-314 0 0 0 
6.91 0 0 0.02 1 0.0001 0.00015 0.32 545 31 1 2.48206e-314 0 0 0 
6.93 0 0 0.02 1 0.0001 0.00015 0.32 546 31 1 2.48206e-314 0 0 0 
6.95 0 0 0.02 1 0.0001 0.00015 0.32 547 31 1 2.48206e-314 0 0 0 
6.97 0 0 0.02 1 0.0001 0.00015 0.32 548 31 1 2.48206e-314 0 0 0 
6.99 0 0 0.02 1 0.0001 0.00015 0.32 549 31 1 2.48206e-314 0 0 0 
7.01 0 0 0.02 1 0.0001 0.00015 0.32 550 31 1 2.48206e-314 0 0 0 
7.03 0 0 0.02 1 0.0001 0.00015 0.32 551 31 1 2.48206e-314 0 0 0 
7.05 0 0 0.02 1 0.0001 0.00015 0.32 552 31 1 2.48206e-314 0 0 0 
7.07 0 0 0.02 1 0.0001 0.00015 0.32 553 31 1 2.48206e-314 0 0 0 
7.09 0 0 0.02 1 0.0001 0.00015 0.32 554 31 1 2.48206e-314 0 0 0 
7.11 0 0 0.02 1 0.0001 0.00015 0.32 555 31 1 2.48206e-314 0 0 0 
7.13 0 0 0.02 1 0.0001 0.00015 0.32 556 31 1 2.48206e-314 0 0 0 
7.15 0 0 0.02 1 0.0001 0.00015 0.32 557 31 1 2.48206e-314 0 0 0 
7.17 0 0 0.02 1 0.0001 0.00015 0.32 558 31 1 2.48206e-314 0 0 0 
7.19 0 0 0.02 1 0.0001 0.00015 0.32 559 31 1 2.48206e-314 0 0 0 
7.21 0 0 0.02 1 0.0001 0.00015 0.32 560 31 1 2.48206e-314 0 0 0 
7.23 0 0 0.02 1 0.0001 0.00015 0.32 561 31 1 2.48206e-314 0 0 0 
7.25 0 0 0.02 1 0.0001 0.00015 0.32 562 31 1 2.48206e-314 0 0 0 
7.27 0 0 0.02 1 0.0001 0.00015 0.32 563 31 1 2.48206e-314 0 0 0 
7.29 0 0 0.02 1 0.0001 0.00015 0.32 564 31 1 2.48206e-314 0 0 0 
7.31 0 0 0.02 1 0.0001 0.00015 0.32 565 31 1 2.48206e-314 0 0 0 
7.33 0 0 0.02 1 0.0001 0.00015 0.32 566 31 1 2.48206e-314 0 0 0 
7.35 -4.04711e-25 -2.11758e-22 0.02 1 0.0001 0.00015 0.32 567 31 1 2.48206e-314 0 0 0 
7.37 -2.6884e-24 -1.05879e-21 0.02 1 0.0001 0.00015 0.32 568 31 1 2.48206e-314 0 0 0 
7.39 -9.05235e-24 -2.75286e-21 0.02 1 0.0001 0.00015 0.32 569 31 1 2.48206e-314 0 0 0 
7.41 -1.78482e-22 -1.3976e-20 0.02 1 0.0001 0.00015 0.32 570 31 1 2.48206e-314 0 0 0 
7.43 -1.1766e-21 -6.98802e-20 0.02 1 0.0001 0.00015 0.32 571 31 1 2.48206e-314 0 0 0 
7.45 -4.39349e-21 -2.38016e-19 0.02 1 0.0001 0.00015 0.32 572 31 1 2.48206e-314 0 0 0 
7.47 -1.21555e-20 -6.43322e-19 0.02 1 0.0001 0.00015 0.32 573 31 1 2.48206e-314 0 0 0 
7.49 -2.73318e-20 -1.42429e-18 0.02 1 0.0001 0.00015 0.32 574 31 1 2.48206e-314 0 0 0 
7.51 -5.51312e-20 -2.84942e-18 0.02 1 0.0001 0.00015 0.32 575 31 1 2.48206e-314 0 0 0 
7.53 -1.00362e-19 -5.17495e-18 0.02 1 0.0001 0.00015 0.32 576 31 1 2.48206e-314 0 0 0 
7.55 -1.68909e-19 -8.6859e-18 0.02 1 0.0001 0.00015 0.32 577 31 1 2.48206e-314 0 0 0 
7.57 -2.68155e-19 -1.37634e-17 0.02 1 0.0001 0.00015 0.32 578 31 1 2.48206e-314 0 0 0 
7.59 -3.99307e-19 -2.04791e-17 0.02 1 0.0001 0.00015 0.32 579 31 1 2.48206e-314 0 0 0 
7.61 -5.63816e-19 -2.8761e-17 0.02 1 0.0001 0.00015 0.32 580 31 1 2.48206e-314 0 0 0 
7.63 -7.55211e-19 -3.8566e-17 0.02 1 0.0001 0.00015 0.32 581 31 1 2.48206e-314 0 0 0 
7.65 -9.65183e-19 -4.91514e-17 0.02 1 0.0001 0.00015 0.32 582 31 1 2.48206e-314 0 0 0 
7.67 -1.17655e-18 -5.99909e-17 0.02 1 0.0001 0.00015 0.32 583 31 1 2.48206e-314 0 0 0 
7.69 -1.36702e-18 -6.97489e-17 0.02 1 0.0001 0.00015 0.32 584 31 1 2.48206e-314 0 0 0 
7.71 -1.32213e-18 -6.74611e-17 0.02 1 0.0001 0.00015 0.32 585 32 1 2.48206e-314 0 0 0 
7.73 -1.01073e-18 -5.15566e-17 0.02 1 0.0001 0.00015 0.32 586 32 1 2.48206e-314 0 0 0 
7.75 -4.08009e-19 -2.06541e-17 0.02 1 0.0001 0.00015 0.32 587 32 1 2.48206e-314 0 0 0 
7.77 4.93306e-19 2.536e-17 0.02 1 0.0001 0.00015 0.32 588 32 1 2.48206e-314 0 0 0 
7.79 1.69097e-18 8.64802e-17 0.02 1 0.0001 0.00015 0.32 589 32 1 2.48206e-314 0 0 0 
7.81 3.174e-18 1.62366e-16 0.02 1 0.0001 0.00015 0.32 590 32 1 2.48206e-314 0 0 0 
7.83 4.91535e-18 2.51304e-16 0.02 1 0.0001 0.00015 0.32 591 32 1 2.48206e-314 0 0 0 
7.85 6.88137e-18 3.51769e-16 0.02 1 0.0001 0.00015 0.32 592 32 1 2.48206e-314 0 0 0 
7.87 8.24497e-18 4.21465e-16 0.02 1 0.0001 0.00015 0.32 593 32 1 2.48206e-314 0 0 0 
7.89 8.96091e-18 4.58046e-16 0.02 1 0.0001 0.00015 0.32 594 32 1 2.48206e-314 0 0 0 
7.91 8.98422e-18 4.59253e-16 0.02 1 0.0001 0.00015 0.32 595 32 1 2.48206e-314 0 0 0 
7.93 8.29582e-18 4.24064e-16 0.02 1 0.0001 0.00015 0.32 596 32 1 2.48206e-314 0 0 0 
7.95 6.89436e-18 3.52414e-16 0.02 1 0.0001 0.00015 0.32 597 33 1 2.48206e-314 0 0 0 
7.97 4.79765e-18 2.45265e-16 0.02 1 0.0001 0.00015 0.32 598 33 1 2.48206e-314 0 0 0 
7.99 2.01689e-18 1.03277e-16 0.02 1 0.0001 0.00015 0.32 599 33 1 2.48206e-314 0 0 0 
-4.01 0 108.276 0.02 0.999583 9995.83 15000 0.320133 600 32 1 3.03136e-314 0 0 0 
-4.03 0 106.959 0.02 0.99964 9996.4 15000 0.320115 601 32 1 3.03136e-314 0 0 0 
-4.05 0 124.839 0.02 0.999696 9996.96 15000 0.320097 602 32 1 3.03136e-314 0 0 0 
-4.07 0 179.399 0.02 0.99975 9997.5 15000 0.32008 603 32 1 3.03136e-314 0 0 0 
-4.09 0 290.886 0.02 0.9998 9998 15000 0.320064 604 32 1 3.03136e-314 0 0 0 
-4.11 0 492.938 0.02 0.999846 9998.46 15000 0.320049 605 32 1 3.03136e-314 0 0 0 
-4.13 0 829.432 0.02 0.999887 9998.87 15000 0.320036 606 32 1 3.03136e-314 0 0 0 
-4.15 0 1376.41 0.02 0.999921 9999.21 15000 0.320025 607 32 1 3.03136e-314 0 0 0 
-4.17 0 2310.07 0.02 0.999947 9999.47 15000 0.320017 608 32 1 3.03136e-314 0 0 0 
-4.19 0 3626.77 0.02 0.999967 9999.67 15000 0.320011 609 32 1 3.03136e-314 0 0 0 
-4.21 0 5198.41 0.02 0.999981 9999.81 15000 0.320006 610 32 1 3.03136e-314 0 0 0 
-4.23 0 6892.48 0.02 0.99999 9999.9 15000 0.320003 611 32 1 3.03136e-314 0 0 0 
-4.25 0 8569.63 0.02 0.999995 9999.95 15000 0.320002 612 32 1 3.03136e-314 0 0 0 
-4.27 0 10080.9 0.02 0.999998 9999.98 15000 0.320001 613 32 1 3.03136e-314 0 0 0 
-4.29 0 11264.2 0.02 1 10000 15000 0.32 614 32 1 3.03136e-314 0 0 0 
-4.31 0 11939.2 0.02 1 10000 15000 0.32 615 31 1 3.03136e-314 0 0 0 
-4.33 0 11892.9 0.02 1 10000 15000 0.32 616 31 1 3.03136e-314 0 0 0 
-4.35 0 10563.9 0.02 0.999959 9999.59 15000 0.320013 617 31 1 3.03136e-314 0 0 0 
-4.37 0 7248.87 0.02 0.999631 9996.31 15000 0.320118 618 30 1 3.03136e-314 0 0 0 
-4.39 0 2130.36 0.02 0.998503 9985.03 15000 0.32048 619 29 1 3.03136e-314 0 0 0 
-4.41 0 -4513.72 0.02 0.995748 9957.48 15000 0.321366 620 28 1 3.03136e-314 0 0 0 
-4.43 0 -12401.6 0.02 0.990126 9901.26 15000 0.323191 621 27 1 3.03136e-314 0 0 0 
-4.45 0 -21257.9 0.02 0.979822 9798.22 15000 0.32659 622 26 1 3.03136e-314 0 0 0 
-4.47 0 -30832.8 0.02 0.962228 9622.28 15000 0.332561 623 25 1 3.03136e-314 0 0 0 
-4.49 0 -40888.2 0.02 0.933731 9337.31 15000 0.342711 624 25 1 3.03136e-314 0 0 0 
-4.51 0 -50859.8 0.02 0.890771 8907.71 15000 0.359239 625 24 1 3.03136e-314 0 0 0 
-4.53 0 -59973.6 0.02 0.832895 8328.95 15000 0.384202 626 25 1 3.03136e-314 0 0 0 
-4.55 0 -67510.9 0.02 0.764751 7647.51 15000 0.418437 627 25 1 3.03136e-314 0 0 0 
-4.57 0 -73025.8 0.02 0.6944 6944 15000 0.460829 628 27 1 3.03136e-314 0 0 0 
-4.59 0 -76508.8 0.02 0.62873 6287.3 15000 0.508962 629 28 1 3.03136e-314 0 0 0 
-4.61 0 -78250 0.02 0.571028 5710.28 15000 0.560393 630 30 1 3.03136e-314 0 0 0 
-4.63 0 -78627.4 0.02 0.521739 5217.39 15000 0.613333 631 31 1 3.03136e-314 0 0 0 
8.01 0 -7.13413e-17 0.02 1 0.0001 0.00015 0.32 632 33 1 3.03136e-314 0 0 0 
8.03 0 -5.06339e-08 0.02 1 0.0001 0.00015 0.32 633 33 1 3.03136e-314 0 0 0 
8.05 0 -3.17263e-07 0.02 1 0.0001 0.00015 0.32 634 33 1 3.03136e-314 0 0 0 
8.07 0 -9.68767e-07 0.02 1 0.0001 0.00015 0.32 635 33 1 3.03136e-314 0 0 0 
8.09 0 -2.20229e-06 0.02 1 0.0001 0.00015 0.32 636 32 1 3.03136e-314 0 0 0 
8.11 0 -4.34936e-06 0.02 1 0.0001 0.00015 0.32 637 32 1 3.03136e-314 0 0 0 
8.13 0 -7.84431e-06 0.02 1 0.0001 0.00015 0.32 638 32 1 3.03136e-314 0 0 0 
8.15 0 -1.34436e-05 0.02 1 0.0001 0.00015 0.32 639 32 1 3.03136e-314 0 0 0 
8.17 0 -2.29056e-05 0.02 1 0.0001 0.00015 0.32 640 32 1 3.03136e-314 0 0 0 
8.19 0 -3.61693e-05 0.02 1 0.0001 0.00015 0.32 641 32 1 3.03136e-314 0 0 0 
8.21 0 -5.19572e-05 0.02 1 0.0001 0.00015 0.32 642 32 1 3.03136e-314 0 0 0 
8.23 0 -6.89475e-05 0.02 1 0.0001 0.00015 0.32 643 32 1 3.03136e-314 0 0 0 
8.25 0 -8.57501e-05 0.02 1 0.0001 0.00015 0.32 644 32 1 3.03136e-314 0 0 0 
8.27 0 -0.000100878 0.02 1 0.0001 0.00015 0.32 645 32 1 3.03136e-314 0 0 0 
8.29 0 -0.000112715 0.02 1 0.0001 0.00015 0.32 646 31 1 3.03136e-314 0 0 0 
8.31 0 -0.000119459 0.02 1 0.0001 0.00015 0.32 647 31 1 3.03136e-314 0 0 0 
8.33 0 -0.000118983 0.02 1 0.0001 0.00015 0.32 648 31 1 3.03136e-314 0 0 0 
8.35 0 -0.000105681 0.02 0.999959 9.99959e-05 0.00015 0.320013 649 31 1 3.03136e-314 0 0 0 
8.37 0 -7.25203e-05 0.02 0.999631 9.99631e-05 0.00015 0.320118 650 30 1 3.03136e-314 0 0 0 
8.39 0 -2.13263e-05 0.02 0.998503 9.98503e-05 0.00015 0.32048 651 29 1 3.03136e-314 0 0 0 
8.41 0 4.51216e-05 0.02 0.995748 9.95748e-05 0.00015 0.321366 652 28 1 3.03136e-314 0 0 0 
8.43 0 0.000124006 0.02 0.990126 9.90126e-05 0.00015 0.323191 653 27 1 3.03136e-314 0 0 0 
8.45 0 0.000212573 0.02 0.979822 9.79822e-05 0.00015 0.32659 654 26 1 3.03136e-314 0 0 0 
8.47 0 0.000308325 0.02 0.962228 9.62228e-05 0.00015 0.332561 655 25 1 3.03136e-314 0 0 0 
8.49 0 0.00040888 0.02 0.933731 9.33731e-05 0.00015 0.342711 656 25 1 3.03136e-314 0 0 0 
8.51 0 0.000508598 0.02 0.890771 8.90771e-05 0.00015 0.359239 657 24 1 3.03136e-314 0 0 0 
8.53 0 0.000599735 0.02 0.832895 8.32895e-05 0.00015 0.384202 658 25 1 3.03136e-314 0 0 0 
8.55 0 0.000675109 0.02 0.764751 7.64751e-05 0.00015 0.418437 659 25 1 3.03136e-314 0 0 0 
8.57 0 0.000730258 0.02 0.6944 6.944e-05 0.00015 0.460829 660 27 1 3.03136e-314 0 0 0 
8.59 0 0.000765089 0.02 0.62873 6.2873e-05 0.00015 0.508962 661 28 1 3.03136e-314 0 0 0 
8.61 0 0.0007825 0.02 0.571028 5.71028e-05 0.00015 0.560393 662 30 1 3.03136e-314 0 0 0 
8.63 0 0.000786275 0.02 0.521739 5.21739e-05 0.00015 0.613333 663 31 1 3.03136e-314 0 0 0 
