# Time [s]: 0.0220325
# Columns: pos [m], vel [m/s], acc [m/s^2], mass [kg], dens [kg/m^3], pres [Pa], ene [J/kg], sml [m], id, neighbor, alpha, gradh, ...additional?
# Additional arrays: grad_velocity_0(vector) grad_pressure(vector) grad_density(vector) 
-3.98951 0.372051 229.656 0.02 0.9965 9942.92 14966.5 0.321124 0 32 1 2.48207e-314 0 0 0 
-3.96949 0.375329 223.207 0.02 0.996213 9937.97 14963.4 0.321216 1 32 1 2.48207e-314 0 0 0 
-3.94946 0.389228 224.238 0.02 0.995955 9933.08 14959.9 0.3213 2 32 1 2.48207e-314 0 0 0 
-3.92941 0.41289 231.786 0.02 0.995716 9928.16 14956.1 0.321377 3 32 1 2.48207e-314 0 0 0 
-3.90936 0.445821 245.23 0.02 0.995486 9923.15 14951.9 0.321451 4 32 1 2.48207e-314 0 0 0 
-3.88929 0.487826 264.233 0.02 0.995256 9917.98 14947.6 0.321525 5 32 1 2.48207e-314 0 0 0 
-3.86921 0.539001 288.728 0.02 0.995016 9912.56 14943 0.321603 6 32 1 2.48207e-314 0 0 0 
-3.84911 0.59977 318.947 0.02 0.994755 9906.8 14938.2 0.321687 7 32 1 2.48207e-314 0 0 0 
-3.829 0.670918 355.42 0.02 0.994458 9900.58 14933.3 0.321783 8 32 1 2.48207e-314 0 0 0 
-3.80888 0.741433 389.248 0.02 0.99412 9893.88 14928.2 0.321893 9 32 1 2.48207e-314 0 0 0 
-3.78876 0.812622 421.543 0.02 0.993748 9886.71 14923 0.322013 10 32 1 2.48207e-314 0 0 0 
-3.76864 0.885446 453.092 0.02 0.993342 9879.1 14917.6 0.322145 11 32 1 2.48207e-314 0 0 0 
-3.7485 0.960572 484.39 0.02 0.992903 9871.01 14911.9 0.322287 12 32 1 2.48207e-314 0 0 0 
-3.72836 1.03844 515.713 0.02 0.992432 9862.45 14906.1 0.32244 13 32 1 2.48207e-314 0 0 0 
-3.70821 1.11931 547.152 0.02 0.99193 9853.38 14899.9 0.322604 14 32 1 2.48207e-314 0 0 0 
-3.68805 1.20323 578.617 0.02 0.991394 9843.78 14893.4 0.322778 15 32 1 2.48207e-314 0 0 0 
-3.66788 1.2901 609.876 0.02 0.990827 9833.65 14886.6 0.322962 16 32 1 2.48207e-314 0 0 0 
-3.6477 1.38246 642.735 0.02 0.990228 9822.95 14879.4 0.323158 17 32 1 2.48207e-314 0 0 0 
-3.62751 1.48004 676.788 0.02 0.989593 9811.65 14871.8 0.323365 18 32 1 2.48207e-314 0 0 0 
-3.6073 1.58263 711.697 0.02 0.98892 9799.72 14863.8 0.323585 19 32 1 2.48207e-314 0 0 0 
-3.58707 1.69016 747.233 0.02 0.988209 9787.15 14855.4 0.323818 20 32 1 2.48207e-314 0 0 0 
-3.56684 1.80261 783.238 0.02 0.987459 9773.93 14846.6 0.324064 21 32 1 2.48207e-314 0 0 0 
-3.54658 1.92003 819.608 0.02 0.986668 9760.04 14837.4 0.324324 22 32 1 2.48207e-314 0 0 0 
-3.52631 2.04253 856.287 0.02 0.985837 9745.47 14827.8 0.324597 23 32 1 2.48207e-314 0 0 0 
-3.50602 2.17026 893.273 0.02 0.984965 9730.22 14817.7 0.324885 24 32 1 2.48207e-314 0 0 0 
-3.48572 2.30345 930.629 0.02 0.984051 9714.28 14807.1 0.325186 25 32 1 2.48207e-314 0 0 0 
-3.46539 2.44228 968.371 0.02 0.983096 9697.64 14796.1 0.325502 26 32 1 2.48207e-314 0 0 0 
-3.44505 2.58693 1006.49 0.02 0.982097 9680.28 14784.7 0.325833 27 32 1 2.48207e-314 0 0 0 
-3.42468 2.7375 1044.95 0.02 0.981055 9662.21 14772.7 0.326179 28 32 1 2.48207e-314 0 0 0 
-3.4043 2.89413 1083.73 0.02 0.979968 9643.4 14760.3 0.326541 29 32 1 2.48207e-314 0 0 0 
-3.38389 3.05692 1122.76 0.02 0.978836 9623.85 14747.4 0.326919 30 32 1 2.48207e-314 0 0 0 
-3.36345 3.22598 1162.02 0.02 0.977659 9603.55 14734.1 0.327313 31 32 1 2.48207e-314 0 0 0 
-3.34299 3.40139 1201.44 0.02 0.976434 9582.5 14720.2 0.327723 32 32 1 2.48207e-314 0 0 0 
-3.32251 3.58323 1240.97 0.02 0.975163 9560.69 14705.9 0.32815 33 32 1 2.48207e-314 0 0 0 
-3.30199 3.77159 1280.58 0.02 0.973844 9538.11 14691 0.328595 34 32 1 2.48207e-314 0 0 0 
-3.28145 3.96653 1320.21 0.02 0.972477 9514.76 14675.6 0.329057 35 32 1 2.48207e-314 0 0 0 
-3.26088 4.16814 1359.82 0.02 0.971061 9490.63 14659.8 0.329536 36 32 1 2.48207e-314 0 0 0 
-3.24028 4.37647 1399.38 0.02 0.969596 9465.73 14643.4 0.330034 37 32 1 2.48207e-314 0 0 0 
-3.21965 4.5916 1438.84 0.02 0.968082 9440.06 14626.5 0.33055 38 32 1 2.48207e-314 0 0 0 
-3.19898 4.81358 1478.16 0.02 0.966519 9413.6 14609.2 0.331085 39 32 1 2.48207e-314 0 0 0 
-3.17828 5.04245 1517.31 0.02 0.964905 9386.37 14591.3 0.331639 40 32 1 2.48207e-314 0 0 0 
-3.15755 5.27826 1556.23 0.02 0.963242 9358.35 14572.8 0.332212 41 32 1 2.48207e-314 0 0 0 
-3.13678 5.52104 1594.89 0.02 0.961528 9329.56 14553.9 0.332804 42 32 1 2.48207e-314 0 0 0 
-3.11597 5.77083 1633.25 0.02 0.959763 9300 14534.5 0.333416 43 32 1 2.48207e-314 0 0 0 
-3.09512 6.02764 1671.27 0.02 0.957948 9269.66 14514.5 0.334047 44 32 1 2.48207e-314 0 0 0 
-3.07424 6.29149 1708.9 0.02 0.956083 9238.56 14494.1 0.334699 45 32 1 2.48207e-314 0 0 0 
-3.05331 6.5624 1746.12 0.02 0.954166 9206.69 14473.1 0.335371 46 32 1 2.48207e-314 0 0 0 
-3.03234 6.84036 1782.89 0.02 0.952199 9174.07 14451.6 0.336064 47 32 1 2.48207e-314 0 0 0 
-3.01132 7.12539 1819.18 0.02 0.950182 9140.69 14429.6 0.336778 48 32 1 2.48207e-314 0 0 0 
-2.99026 7.41747 1854.94 0.02 0.948114 9106.58 14407.1 0.337512 49 32 1 2.48207e-314 0 0 0 
-2.96915 7.71661 1890.16 0.02 0.945997 9071.72 14384.1 0.338268 50 32 1 2.48207e-314 0 0 0 
-2.948 8.02278 1924.79 0.02 0.943829 9036.14 14360.6 0.339045 51 32 1 2.48207e-314 0 0 0 
-2.92679 8.33596 1958.82 0.02 0.941611 8999.85 14336.6 0.339843 52 32 1 2.48207e-314 0 0 0 
-2.90554 8.65614 1992.22 0.02 0.939345 8962.84 14312.1 0.340663 53 32 1 2.48207e-314 0 0 0 
-2.88423 8.98329 2024.95 0.02 0.937029 8925.14 14287.2 0.341505 54 32 1 2.48207e-314 0 0 0 
-2.86287 9.31737 2057 0.02 0.934664 8886.75 14261.7 0.342369 55 32 1 2.48207e-314 0 0 0 
-2.84146 9.65835 2088.34 0.02 0.932252 8847.69 14235.8 0.343255 56 32 1 2.48207e-314 0 0 0 
-2.81998 10.0062 2118.94 0.02 0.929791 8807.96 14209.4 0.344163 57 32 1 2.48207e-314 0 0 0 
-2.79846 10.3608 2148.8 0.02 0.927283 8767.59 14182.5 0.345094 58 32 1 2.48207e-314 0 0 0 
-2.77687 10.7222 2177.89 0.02 0.924729 8726.58 14155.2 0.346047 59 32 1 2.48207e-314 0 0 0 
-2.75522 11.0904 2206.19 0.02 0.922128 8684.95 14127.4 0.347023 60 32 1 2.48207e-314 0 0 0 
-2.73351 11.4652 2233.69 0.02 0.919482 8642.71 14099.2 0.348022 61 32 1 2.48207e-314 0 0 0 
-2.71173 11.8466 2260.36 0.02 0.916791 8599.88 14070.5 0.349044 62 32 1 2.48207e-314 0 0 0 
-2.6899 12.2345 2286.2 0.02 0.914055 8556.47 14041.4 0.350088 63 32 1 2.48207e-314 0 0 0 
-2.66799 12.6289 2311.19 0.02 0.911276 8512.5 14011.8 0.351156 64 32 1 2.48207e-314 0 0 0 
-2.64602 13.0297 2335.32 0.02 0.908454 8467.98 13981.9 0.352247 65 32 1 2.48207e-314 0 0 0 
-2.62398 13.4369 2358.57 0.02 0.90559 8422.93 13951.5 0.353361 66 32 1 2.48207e-314 0 0 0 
-2.60186 13.8503 2380.94 0.02 0.902684 8377.37 13920.7 0.354498 67 32 1 2.48207e-314 0 0 0 
-2.57968 14.2699 2402.41 0.02 0.899738 8331.31 13889.5 0.355659 68 32 1 2.48207e-314 0 0 0 
-2.55742 14.6956 2422.97 0.02 0.896752 8284.77 13857.9 0.356843 69 32 1 2.48207e-314 0 0 0 
-2.53509 15.1274 2442.62 0.02 0.893727 8237.77 13826 0.358051 70 32 1 2.48207e-314 0 0 0 
-2.51268 15.565 2461.34 0.02 0.890663 8190.32 13793.6 0.359283 71 32 1 2.48207e-314 0 0 0 
-2.49019 16.0086 2479.13 0.02 0.887563 8142.44 13760.9 0.360538 72 32 1 2.48207e-314 0 0 0 
-2.46763 16.4578 2495.97 0.02 0.884426 8094.16 13727.9 0.361817 73 32 1 2.48207e-314 0 0 0 
-2.44498 16.9128 2511.86 0.02 0.881253 8045.49 13694.4 0.363119 74 32 1 2.48207e-314 0 0 0 
-2.42225 17.3733 2526.8 0.02 0.878046 7996.44 13660.7 0.364446 75 32 1 2.48207e-314 0 0 0 
-2.39944 17.8392 2540.76 0.02 0.874806 7947.04 13626.6 0.365796 76 32 1 2.48207e-314 0 0 0 
-2.37654 18.3105 2553.76 0.02 0.871532 7897.31 13592.2 0.367169 77 32 1 2.48207e-314 0 0 0 
-2.35355 18.7871 2565.76 0.02 0.868228 7847.26 13557.5 0.368567 78 32 1 2.48207e-314 0 0 0 
-2.33047 19.2688 2576.78 0.02 0.864892 7796.92 13522.4 0.369988 79 32 1 2.48207e-314 0 0 0 
-2.30731 19.7555 2586.8 0.02 0.861528 7746.3 13487.1 0.371433 80 32 1 2.48207e-314 0 0 0 
-2.28405 20.2471 2595.82 0.02 0.858135 7695.42 13451.5 0.372902 81 32 1 2.48207e-314 0 0 0 
-2.2607 20.7435 2603.82 0.02 0.854714 7644.3 13415.7 0.374394 82 32 1 2.48207e-314 0 0 0 
-2.23726 21.2445 2610.79 0.02 0.851267 7592.97 13379.6 0.37591 83 32 1 2.48207e-314 0 0 0 
-2.21372 21.7501 2616.73 0.02 0.847795 7541.44 13343.2 0.37745 84 32 1 2.48207e-314 0 0 0 
-2.19009 22.26 2621.63 0.02 0.844299 7489.74 13306.6 0.379012 85 32 1 2.48207e-314 0 0 0 
-2.16635 22.7742 2625.48 0.02 0.840781 7437.88 13269.8 0.380599 86 32 1 2.48207e-314 0 0 0 
-2.14251 23.2924 2628.26 0.02 0.837241 7385.88 13232.7 0.382208 87 32 1 2.48207e-314 0 0 0 
-2.11858 23.8147 2629.98 0.02 0.83368 7333.77 13195.5 0.38384 88 32 1 2.48207e-314 0 0 0 
-2.09454 24.3407 2630.61 0.02 0.830101 7281.57 13158.1 0.385495 89 32 1 2.48207e-314 0 0 0 
-2.07039 24.8703 2630.14 0.02 0.826504 7229.3 13120.5 0.387173 90 32 1 2.48207e-314 0 0 0 
-2.04614 25.4033 2628.56 0.02 0.82289 7176.97 13082.7 0.388873 91 32 1 2.48207e-314 0 0 0 
-2.02178 25.9397 2625.87 0.02 0.819261 7124.62 13044.8 0.390596 92 32 1 2.48207e-314 0 0 0 
-1.99731 26.4791 2622.04 0.02 0.815619 7072.26 13006.8 0.39234 93 32 1 2.48207e-314 0 0 0 
-1.97274 27.0215 2617.07 0.02 0.811964 7019.92 12968.7 0.394106 94 32 1 2.48207e-314 0 0 0 
-1.94805 27.5665 2610.94 0.02 0.808298 6967.62 12930.4 0.395894 95 32 1 2.48207e-314 0 0 0 
-1.92324 28.1141 2603.63 0.02 0.804623 6915.37 12892.1 0.397702 96 32 1 2.48207e-314 0 0 0 
-1.89833 28.6639 2595.13 0.02 0.80094 6863.22 12853.7 0.399531 97 32 1 2.48207e-314 0 0 0 
-1.87329 29.2158 2585.43 0.02 0.797251 6811.17 12815.3 0.401379 98 32 1 2.48207e-314 0 0 0 
-1.84815 29.7696 2574.51 0.02 0.793557 6759.25 12776.8 0.403248 99 32 1 2.48207e-314 0 0 0 
-1.82288 30.3249 2562.36 0.02 0.78986 6707.49 12738.3 0.405135 100 32 1 2.48207e-314 0 0 0 
-1.79749 30.8816 2548.96 0.02 0.786161 6655.91 12699.8 0.407041 101 32 1 2.48207e-314 0 0 0 
-1.77199 31.4395 2534.3 0.02 0.782463 6604.53 12661.4 0.408965 102 32 1 2.48207e-314 0 0 0 
-1.74636 31.9981 2518.37 0.02 0.778766 6553.38 12622.9 0.410906 103 32 1 2.48207e-314 0 0 0 
-1.72061 32.5573 2501.15 0.02 0.775074 6502.49 12584.6 0.412864 104 32 1 2.48207e-314 0 0 0 
-1.69473 33.1167 2482.62 0.02 0.771387 6451.87 12546.3 0.414837 105 32 1 2.48207e-314 0 0 0 
-1.66874 33.6761 2462.79 0.02 0.767708 6401.56 12508.1 0.416825 106 32 1 2.48207e-314 0 0 0 
-1.64261 34.2351 2441.62 0.02 0.764038 6351.57 12470.1 0.418827 107 32 1 2.48207e-314 0 0 0 
-1.61636 34.7935 2419.13 0.02 0.760379 6301.95 12432.2 0.420843 108 32 1 2.48207e-314 0 0 0 
-1.58998 35.3509 2395.29 0.02 0.756734 6252.7 12394.5 0.42287 109 32 1 2.48207e-314 0 0 0 
-1.56348 35.9069 2370.11 0.02 0.753105 6203.87 12356.9 0.424908 110 32 1 2.48207e-314 0 0 0 
-1.53684 36.4613 2343.58 0.02 0.749493 6155.46 12319.6 0.426955 111 32 1 2.48207e-314 0 0 0 
-1.51008 37.0136 2315.72 0.02 0.7459 6107.52 12282.5 0.429012 112 32 1 2.48207e-314 0 0 0 
-1.48319 37.5635 2286.51 0.02 0.74233 6060.07 12245.7 0.431075 113 32 1 2.48207e-314 0 0 0 
-1.45616 38.1106 2255.98 0.02 0.738783 6013.13 12209.2 0.433145 114 32 1 2.48207e-314 0 0 0 
-1.42901 38.6546 2224.13 0.02 0.735263 5966.72 12173 0.435218 115 32 1 2.48207e-314 0 0 0 
-1.40172 39.1949 2190.98 0.02 0.731771 5920.89 12137.1 0.437295 116 32 1 2.48207e-314 0 0 0 
-1.37431 39.7313 2156.55 0.02 0.72831 5875.64 12101.6 0.439373 117 32 1 2.48207e-314 0 0 0 
-1.34676 40.2632 2120.86 0.02 0.724882 5831.01 12066.5 0.441451 118 32 1 2.48207e-314 0 0 0 
-1.31909 40.7903 2083.93 0.02 0.721489 5787.02 12031.8 0.443527 119 32 1 2.48207e-314 0 0 0 
-1.29128 41.3122 2045.82 0.02 0.718134 5743.7 11997.5 0.445599 120 32 1 2.48207e-314 0 0 0 
-1.26334 41.8285 2006.56 0.02 0.714819 5701.06 11963.7 0.447666 121 32 1 2.48207e-314 0 0 0 
-1.23527 42.3388 1966.2 0.02 0.711546 5659.14 11930.4 0.449725 122 32 1 2.48207e-314 0 0 0 
-1.20707 42.8426 1924.83 0.02 0.708317 5617.96 11897.5 0.451775 123 32 1 2.48207e-314 0 0 0 
-1.17875 43.3397 1882.5 0.02 0.705135 5577.53 11865.2 0.453814 124 32 1 2.48207e-314 0 0 0 
-1.15029 43.8295 1839.3 0.02 0.702001 5537.87 11833.4 0.45584 125 32 1 2.48207e-314 0 0 0 
-1.12171 44.3116 1795.32 0.02 0.698917 5499.01 11802.2 0.457851 126 32 1 2.48207e-314 0 0 0 
-1.093 44.7857 1750.64 0.02 0.695887 5460.95 11771.6 0.459845 127 32 1 2.48207e-314 0 0 0 
-1.06417 45.2513 1705.35 0.02 0.69291 5423.72 11741.5 0.46182 128 32 1 2.48207e-314 0 0 0 
-1.03522 45.7081 1659.54 0.02 0.68999 5387.32 11712.1 0.463775 129 32 1 2.48207e-314 0 0 0 
-1.00614 46.1557 1613.31 0.02 0.687128 5351.77 11683.3 0.465707 130 32 1 2.48207e-314 0 0 0 
-0.97694 46.5938 1566.76 0.02 0.684325 5317.08 11655.1 0.467614 131 32 1 2.48207e-314 0 0 0 
-0.947621 47.0223 1520.01 0.02 0.681583 5283.25 11627.5 0.469495 132 32 1 2.48207e-314 0 0 0 
-0.918185 47.4409 1473.17 0.02 0.678903 5250.29 11600.6 0.471349 133 32 1 2.48207e-314 0 0 0 
-0.888633 47.8496 1426.41 0.02 0.676286 5218.2 11574.3 0.473173 134 32 1 2.48207e-314 0 0 0 
-0.858967 48.2481 1379.87 0.02 0.673732 5186.99 11548.7 0.474967 135 32 1 2.48207e-314 0 0 0 
-0.82919 48.6363 1333.71 0.02 0.671241 5156.64 11523.7 0.476729 136 32 1 2.48207e-314 0 0 0 
-0.799305 49.0141 1288.08 0.02 0.668813 5127.15 11499.4 0.47846 137 32 1 2.48207e-314 0 0 0 
-0.769313 49.3812 1243.14 0.02 0.666448 5098.51 11475.7 0.480158 138 32 1 2.48207e-314 0 0 0 
-0.739218 49.7374 1198.98 0.02 0.664145 5070.7 11452.7 0.481822 139 32 1 2.48207e-314 0 0 0 
-0.709021 50.0827 1155.71 0.02 0.661904 5043.71 11430.3 0.483454 140 32 1 2.48207e-314 0 0 0 
-0.678724 50.4169 1113.38 0.02 0.659723 5017.52 11408.5 0.485052 141 32 1 2.48207e-314 0 0 0 
-0.648328 50.7402 1072.04 0.02 0.657602 4992.13 11387.4 0.486617 142 32 1 2.48207e-314 0 0 0 
-0.617836 51.0529 1031.74 0.02 0.655538 4967.52 11366.9 0.488149 143 32 1 2.48207e-314 0 0 0 
-0.587248 51.3554 992.529 0.02 0.653529 4943.66 11347.1 0.489649 144 32 1 2.48207e-314 0 0 0 
-0.556566 51.6483 954.48 0.02 0.651572 4920.54 11327.9 0.49112 145 32 1 2.48207e-314 0 0 0 
-0.525793 51.9321 917.689 0.02 0.649665 4898.15 11309.5 0.492562 146 32 1 2.48207e-314 0 0 0 
-0.494932 52.2071 882.269 0.02 0.647801 4876.45 11291.8 0.493979 147 32 1 2.48207e-314 0 0 0 
-0.463987 52.4736 848.327 0.02 0.645977 4855.44 11274.8 0.495373 148 32 1 2.48207e-314 0 0 0 
-0.432961 52.7315 815.948 0.02 0.644188 4835.08 11258.7 0.496749 149 32 1 2.48207e-314 0 0 0 
-0.401856 52.9809 785.168 0.02 0.642429 4815.37 11243.5 0.498109 150 32 1 2.48207e-314 0 0 0 
-0.370675 53.2215 755.955 0.02 0.640695 4796.27 11229.2 0.499457 151 32 1 2.48207e-314 0 0 0 
-0.339417 53.4533 728.204 0.02 0.638982 4777.8 11216 0.500797 152 32 1 2.48207e-314 0 0 0 
-0.308078 53.6768 701.741 0.02 0.637285 4759.96 11203.8 0.50213 153 32 1 2.48207e-314 0 0 0 
-0.276654 53.8924 676.354 0.02 0.635601 4742.75 11192.9 0.50346 154 32 1 2.48207e-314 0 0 0 
-0.245143 54.1013 651.829 0.02 0.633925 4726.21 11183.4 0.504792 155 32 1 2.48207e-314 0 0 0 
-0.213542 54.3047 627.992 0.02 0.632251 4710.37 11175.4 0.506128 156 32 1 2.48207e-314 0 0 0 
-0.18185 54.5037 604.745 0.02 0.630576 4695.28 11169.2 0.507473 157 32 1 2.48207e-314 0 0 0 
-0.150072 54.6992 582.068 0.02 0.628895 4680.98 11164.9 0.508829 158 32 1 2.48207e-314 0 0 0 
-0.118213 54.8916 560.004 0.02 0.627203 4667.54 11162.9 0.510202 159 32 1 2.48207e-314 0 0 0 
-0.086282 55.0805 538.636 0.02 0.625499 4655.01 11163.3 0.511592 160 32 1 2.48207e-314 0 0 0 
-0.0542822 55.2651 518.065 0.02 0.623781 4643.48 11166.2 0.513 161 32 1 2.48207e-314 0 0 0 
-0.0222127 55.4445 498.356 0.02 0.622053 4633 11172 0.514426 162 32 1 2.48207e-314 0 0 0 
0.009935 55.618 479.5 0.02 0.620317 4623.67 11180.7 0.515865 163 32 1 2.48207e-314 0 0 0 
0.0421763 55.7856 461.565 0.02 0.61858 4615.58 11192.5 0.517314 164 32 1 2.48207e-314 0 0 0 
0.0745313 55.9481 444.216 0.02 0.616851 4608.85 11207.5 0.518764 165 32 1 2.48207e-314 0 0 0 
0.107017 56.1064 426.935 0.02 0.61514 4603.59 11225.8 0.520207 166 32 1 2.48207e-314 0 0 0 
0.139635 56.2605 409.222 0.02 0.613464 4599.95 11247.6 0.521628 167 32 1 2.48207e-314 0 0 0 
0.172369 56.4106 390.803 0.02 0.611843 4598.06 11272.7 0.52301 168 32 1 2.48207e-314 0 0 0 
0.205195 56.557 371.578 0.02 0.610303 4598.06 11301.2 0.52433 169 32 1 2.48207e-314 0 0 0 
0.238088 56.7 351.579 0.02 0.60887 4600.05 11332.7 0.525564 170 32 1 2.48207e-314 0 0 0 
0.271029 56.8393 331.024 0.02 0.607575 4604.08 11366.8 0.526684 171 32 1 2.48207e-314 0 0 0 
0.304011 56.9745 310.985 0.02 0.606453 4610.19 11402.9 0.527659 172 33 1 2.48207e-314 0 0 0 
0.337045 57.1044 290.943 0.02 0.605543 4618.38 11440.3 0.528451 173 33 1 2.48207e-314 0 0 0 
0.370148 57.2241 271.22 0.02 0.604899 4628.6 11477.9 0.529014 174 33 1 2.48207e-314 0 0 0 
0.403355 57.3343 252.755 0.02 0.60458 4640.79 11514.1 0.529293 175 33 1 2.48207e-314 0 0 0 
0.4367 57.4366 235.591 0.02 0.604652 4654.76 11547.4 0.52923 176 33 1 2.48207e-314 0 0 0 
0.470144 57.5281 219.521 0.02 0.605185 4670.3 11575.8 0.528764 177 33 1 2.48207e-314 0 0 0 
0.503624 57.611 204.615 0.02 0.606255 4687.07 11596.8 0.52783 178 34 1 2.48207e-314 0 0 0 
0.537091 57.6791 188.031 0.02 0.607949 4704.73 11608.1 0.52636 179 33 1 2.48207e-314 0 0 0 
0.570401 57.7193 169.928 0.02 0.61036 4722.79 11606.6 0.524281 180 33 1 2.48207e-314 0 0 0 
0.603381 57.7294 151.536 0.02 0.613583 4740.63 11589.2 0.521527 181 34 1 2.48207e-314 0 0 0 
0.635924 57.7247 136.961 0.02 0.617716 4757.45 11552.6 0.518038 182 34 1 2.48207e-314 0 0 0 
0.668442 57.75 123.061 0.02 0.622908 4772.89 11493.5 0.513719 183 34 1 2.48207e-314 0 0 0 
0.701187 57.7854 108.899 0.02 0.629346 4786.27 11407.8 0.508465 184 35 1 2.48207e-314 0 0 0 
0.73398 57.8124 95.3216 0.02 0.637195 4796.42 11291.2 0.502201 185 36 1 2.48207e-314 0 0 0 
0.76656 57.8174 82.8719 0.02 0.64661 4802.06 11139.8 0.494889 186 35 1 2.48207e-314 0 0 0 
0.798682 57.7694 71.5586 0.02 0.657739 4801.62 10950.4 0.486515 187 36 1 2.48207e-314 0 0 0 
0.829393 57.6262 65.1498 0.02 0.670365 4793.07 10725 0.477352 188 37 1 2.48207e-314 0 0 0 
0.859045 57.5026 63.8915 0.02 0.684678 4777.3 10466.3 0.467373 189 37 1 2.48207e-314 0 0 0 
0.888373 57.4139 60.7368 0.02 0.701193 4754.51 10171 0.456365 190 38 1 2.48207e-314 0 0 0 
0.917663 57.3802 56.0039 0.02 0.720344 4724.5 9838.14 0.444232 191 38 1 2.48207e-314 0 0 0 
0.946403 57.3284 50.8473 0.02 0.742103 4685.19 9470.23 0.431207 192 39 1 2.48207e-314 0 0 0 
0.975241 57.3199 46.8696 0.02 0.767514 4636.91 9062.34 0.416931 193 40 1 2.48207e-314 0 0 0 
1.00405 57.265 36.8363 0.02 0.797191 4577.3 8612.8 0.40141 194 41 1 2.48207e-314 0 0 0 
1.03005 57.0879 37.3799 0.02 0.828334 4505.63 8159.2 0.386317 195 41 1 2.48207e-314 0 0 0 
1.05432 56.9576 41.3224 0.02 0.861751 4428.79 7709.03 0.371337 196 41 1 2.48207e-314 0 0 0 
1.07727 56.9102 45.33 0.02 0.897814 4350.99 7269.38 0.356421 197 42 1 2.48207e-314 0 0 0 
1.09852 56.9138 48.592 0.02 0.935657 4275.38 6854.12 0.342006 198 42 1 2.48207e-314 0 0 0 
1.11698 56.9111 52.5346 0.02 0.972593 4205.62 6486.23 0.329017 199 42 1 2.48207e-314 0 0 0 
1.15134 56.7113 59.7117 0.02 1.05396 4045.95 5758.19 0.303618 200 42 1 2.48206e-314 0 0 0 
1.16786 56.7241 60.1312 0.02 1.10019 3976.56 5421.59 0.290859 201 42 1 2.48206e-314 0 0 0 
1.18477 56.7713 56.9257 0.02 1.15317 3903.77 5077.81 0.277496 202 41 1 2.48206e-314 0 0 0 
1.2016 56.7975 53.4734 0.02 1.2125 3827.93 4735.53 0.263919 203 41 1 2.48206e-314 0 0 0 
1.21805 56.7826 49.9383 0.02 1.27809 3750.88 4402.06 0.250374 204 41 1 2.48206e-314 0 0 0 
1.23467 56.7645 43.1966 0.02 1.3536 3675.64 4073.11 0.236407 205 40 1 2.48206e-314 0 0 0 
1.25243 56.8998 29.7333 0.02 1.4457 3611.36 3746.95 0.221347 206 39 1 2.48206e-314 0 0 0 
1.26761 56.9928 25.0912 0.02 1.53443 3557.1 3477.23 0.208547 207 38 1 2.48206e-314 0 0 0 
1.28094 57.0515 20.3499 0.02 1.62188 3510.7 3246.83 0.197302 208 38 1 2.48206e-314 0 0 0 
1.29348 57.1283 15.5966 0.02 1.71384 3471.79 3038.56 0.186715 209 37 1 2.48206e-314 0 0 0 
1.30495 57.1915 11.1302 0.02 1.80749 3438.83 2853.77 0.177041 210 36 1 2.48206e-314 0 0 0 
1.31586 57.2398 3.2752 0.02 1.90661 3410.81 2683.37 0.167837 211 37 1 2.48206e-314 0 0 0 
1.32683 57.352 -3.60019 0.02 2.01678 3391.88 2522.72 0.158669 212 35 1 2.48206e-314 0 0 0 
1.33738 57.4744 -8.5218 0.02 2.13236 3380.14 2377.72 0.150069 213 35 1 2.48206e-314 0 0 0 
1.34726 57.5812 -13.2611 0.02 2.24954 3374.39 2250.03 0.142251 214 34 1 2.48206e-314 0 0 0 
1.35646 57.6701 -16.6039 0.02 2.36679 3374.15 2138.42 0.135204 215 33 1 2.48206e-314 0 0 0 
1.36499 57.7415 -19.6422 0.02 2.4833 3379.07 2041.06 0.128861 216 33 1 2.48206e-314 0 0 0 
1.37287 57.7999 -23.8136 0.02 2.59806 3388.94 1956.61 0.123169 217 33 1 2.48206e-314 0 0 0 
1.38035 57.8675 -26.9901 0.02 2.71306 3404.38 1882.22 0.117948 218 33 1 2.48206e-314 0 0 0 
1.38753 57.9413 -29.2459 0.02 2.8284 3425.04 1816.42 0.113138 219 32 1 2.48206e-314 0 0 0 
1.39449 58.0144 -30.7893 0.02 2.94333 3450.35 1758.4 0.10872 220 32 1 2.48206e-314 0 0 0 
1.40124 58.0806 -32.974 0.02 3.05673 3479.96 1707.7 0.104687 221 31 1 2.48206e-314 0 0 0 
1.40779 58.1374 -33.9984 0.02 3.16687 3513.48 1664.18 0.101046 222 31 1 2.48206e-314 0 0 0 
1.41408 58.1802 -35.3953 0.02 3.2717 3550.34 1627.76 0.0978084 223 30 1 2.48206e-314 0 0 0 
1.42008 58.212 -37.0603 0.02 3.36993 3590.08 1598 0.0949576 224 31 1 2.48206e-314 0 0 0 
1.42583 58.2385 -37.2584 0.02 3.46113 3632.33 1574.21 0.0924554 225 31 1 2.48206e-314 0 0 0 
1.43136 58.2622 -36.2871 0.02 3.54529 3676.81 1555.65 0.0902606 226 30 1 2.48206e-314 0 0 0 
1.43674 58.2834 -32.7474 0.02 3.62247 3723.27 1541.75 0.0883374 227 30 1 2.48206e-314 0 0 0 
1.44203 58.3009 -27.4039 0.02 3.69269 3771.65 1532.08 0.0866577 228 31 1 2.48206e-314 0 0 0 
1.44726 58.315 -20.2695 0.02 3.75559 3821.66 1526.39 0.0852063 229 30 1 2.48206e-314 0 0 0 
1.45246 58.3235 -11.0508 0.02 3.81061 3872.78 1524.48 0.083976 230 30 1 2.48206e-314 0 0 0 
1.4576 58.324 0.372357 0.02 3.8573 3924.36 1526.09 0.0829596 231 30 1 2.48206e-314 0 0 0 
1.46267 58.3143 12.3616 0.02 3.89562 3975.76 1530.87 0.0821435 232 30 1 2.48206e-314 0 0 0 
1.46768 58.2941 22.8473 0.02 3.92597 4026.44 1538.4 0.0815086 233 31 1 2.48206e-314 0 0 0 
1.47263 58.2657 31.2594 0.02 3.94896 4075.83 1548.21 0.0810339 234 31 1 2.48206e-314 0 0 0 
1.47755 58.2322 36.1357 0.02 3.96542 4123.51 1559.83 0.0806977 235 30 1 2.48206e-314 0 0 0 
1.48248 58.1968 36.5891 0.02 3.9761 4169.05 1572.82 0.080481 236 30 1 2.48206e-314 0 0 0 
1.48742 58.1618 32.0339 0.02 3.98168 4212 1586.8 0.0803681 237 31 1 2.48206e-314 0 0 0 
1.4924 58.1291 23.4252 0.02 3.98282 4251.91 1601.38 0.080345 238 31 1 2.48206e-314 0 0 0 
1.49741 58.0989 12.3291 0.02 3.98018 4288.36 1616.18 0.0803985 239 31 1 2.48206e-314 0 0 0 
1.50244 58.0706 1.29948 0.02 3.97439 4320.98 1630.83 0.0805155 240 31 1 2.48206e-314 0 0 0 
1.50748 58.0428 -6.59458 0.02 3.9661 4349.51 1645.03 0.0806839 241 31 1 2.48206e-314 0 0 0 
1.51251 58.0148 -8.27609 0.02 3.95585 4373.79 1658.47 0.0808928 242 31 1 2.48206e-314 0 0 0 
1.51756 57.9859 -0.903386 0.02 3.94414 4393.67 1670.94 0.0811331 243 32 1 2.48206e-314 0 0 0 
1.52262 57.9556 18.1578 0.02 3.93132 4409.06 1682.24 0.0813976 244 32 1 2.48206e-314 0 0 0 
1.52769 57.9208 49.129 0.02 3.91773 4419.94 1692.22 0.08168 245 32 1 2.48206e-314 0 0 0 
1.53279 57.8795 90.9444 0.02 3.90362 4426.35 1700.79 0.0819751 246 32 1 2.48206e-314 0 0 0 
1.53792 57.8281 140.152 0.02 3.88926 4428.43 1707.86 0.0822778 247 32 1 2.48206e-314 0 0 0 
1.54308 57.7652 190.936 0.02 3.87489 4426.43 1713.42 0.0825831 248 32 1 2.48206e-314 0 0 0 
1.54826 57.6913 236.581 0.02 3.86071 4420.69 1717.5 0.0828862 249 32 1 2.48206e-314 0 0 0 
1.55346 57.6088 269.582 0.02 3.84694 4411.71 1720.16 0.083183 250 32 1 2.48206e-314 0 0 0 
1.55869 57.5219 284.039 0.02 3.8337 4399.99 1721.55 0.0834703 251 32 1 2.48206e-314 0 0 0 
1.56393 57.4358 276.256 0.02 3.82103 4386.09 1721.82 0.083747 252 32 1 2.48206e-314 0 0 0 
1.56919 57.3563 246.531 0.02 3.80888 4370.44 1721.18 0.0840141 253 32 1 2.48206e-314 0 0 0 
1.57447 57.2886 199.719 0.02 3.79706 4353.37 1719.8 0.0842757 254 32 1 2.48206e-314 0 0 0 
1.57977 57.2357 145.45 0.02 3.78525 4334.95 1717.87 0.0845387 255 32 1 2.48206e-314 0 0 0 
1.58507 57.1978 96.9336 0.02 3.773 4315.03 1715.51 0.0848133 256 32 1 2.48206e-314 0 0 0 
1.59038 57.1712 69.5253 0.02 3.75976 4293.17 1712.78 0.0851119 257 32 1 2.48206e-314 0 0 0 
1.59569 57.148 79.7268 0.02 3.74492 4268.69 1709.69 0.085449 258 32 1 2.48206e-314 0 0 0 
1.601 57.1163 141.097 0.02 3.72787 4240.74 1706.19 0.0858398 259 31 1 2.48206e-314 0 0 0 
1.60632 57.0614 262.147 0.02 3.70805 4208.43 1702.16 0.0862988 260 31 1 2.48206e-314 0 0 0 
1.61165 56.9678 442.352 0.02 3.68499 4170.9 1697.46 0.0868388 261 31 1 2.48206e-314 0 0 0 
1.617 56.8218 668.508 0.02 3.65839 4127.49 1691.94 0.0874703 262 31 1 2.48206e-314 0 0 0 
1.62239 56.6151 911.388 0.02 3.62809 4077.78 1685.48 0.0882006 263 31 1 2.48206e-314 0 0 0 
1.62783 56.3475 1141.87 0.02 3.59415 4021.69 1677.96 0.0890335 264 31 1 2.48206e-314 0 0 0 
1.63335 56.0247 1339.33 0.02 3.55676 3959.43 1669.35 0.0899696 265 31 1 2.48206e-314 0 0 0 
1.63895 55.6576 1487.17 0.02 3.51624 3891.48 1659.63 0.0910063 266 32 1 2.48206e-314 0 0 0 
1.64464 55.2603 1573.21 0.02 3.47299 3818.55 1648.85 0.0921396 267 32 1 2.48206e-314 0 0 0 
1.65044 54.8494 1591.13 0.02 3.42739 3741.48 1637.13 0.0933656 268 32 1 2.48206e-314 0 0 0 
1.65633 54.4422 1543.12 0.02 3.37968 3661.04 1624.58 0.0946834 269 31 1 2.48206e-314 0 0 0 
1.66233 54.0533 1446.59 0.02 3.32997 3577.76 1611.35 0.0960971 270 31 1 2.48206e-314 0 0 0 
1.66841 53.6914 1330.19 0.02 3.27807 3491.8 1597.48 0.0976184 271 31 1 2.48206e-314 0 0 0 
1.67458 53.3567 1230.63 0.02 3.22359 3402.74 1582.94 0.0992683 272 31 1 2.48206e-314 0 0 0 
1.68084 53.0394 1189.3 0.02 3.16586 3309.6 1567.5 0.101078 273 31 1 2.48206e-314 0 0 0 
1.68717 52.7187 1250.49 0.02 3.10408 3210.87 1550.75 0.10309 274 31 1 2.48206e-314 0 0 0 
1.69358 52.3624 1458 0.02 3.0374 3104.76 1532.1 0.105353 275 31 1 2.48206e-314 0 0 0 
1.70009 51.9287 1840.88 0.02 2.96506 2989.39 1510.81 0.107924 276 31 1 2.48206e-314 0 0 0 
1.70672 51.3702 2414.91 0.02 2.8864 2863.05 1486.01 0.110865 277 30 1 2.48206e-314 0 0 0 
1.71352 50.636 3193.01 0.02 2.80104 2724.51 1456.82 0.114243 278 31 1 2.48206e-314 0 0 0 
1.72053 49.6749 4161.51 0.02 2.7089 2573.17 1422.34 0.118129 279 31 1 2.48206e-314 0 0 0 
1.72783 48.4418 5289.84 0.02 2.61017 2409.19 1381.73 0.122597 280 32 1 2.48206e-314 0 0 0 
1.73548 46.9011 6535.39 0.02 2.50539 2233.48 1334.23 0.127725 281 31 1 2.48206e-314 0 0 0 
1.74357 45.0295 7845.37 0.02 2.39547 2047.88 1279.25 0.133586 282 32 1 2.48206e-314 0 0 0 
1.75219 42.8194 9150.53 0.02 2.28171 1855 1216.39 0.140246 283 32 1 2.48206e-314 0 0 0 
1.76142 40.2825 10372.5 0.02 2.16575 1658.18 1145.53 0.147755 284 33 1 2.48206e-314 0 0 0 
1.77135 37.4508 11432.1 0.02 2.04947 1461.32 1066.94 0.156138 285 34 1 2.48206e-314 0 0 0 
1.78205 34.3742 12270 0.02 1.93487 1268.48 981.304 0.165386 286 35 1 2.48206e-314 0 0 0 
1.79357 31.1167 12836.5 0.02 1.82388 1083.57 889.747 0.17545 287 35 1 2.48206e-314 0 0 0 
1.80595 27.7523 13102.4 0.02 1.71824 910.048 793.862 0.186237 288 37 1 2.48206e-314 0 0 0 
1.81921 24.3597 13062 0.02 1.61936 750.62 695.611 0.197609 289 38 1 2.48206e-314 0 0 0 
1.83334 21.0177 12718.2 0.02 1.52826 607.202 597.254 0.209389 290 38 1 2.48206e-314 0 0 0 
1.84833 17.802 12093.5 0.02 1.44556 480.912 501.244 0.221368 291 39 1 2.48206e-314 0 0 0 
1.86413 14.7806 11223.2 0.02 1.37154 372.115 410.055 0.233315 292 40 1 2.48206e-314 0 0 0 
1.88068 12.0117 10148.7 0.02 1.30618 280.605 326.029 0.24499 293 40 1 2.48206e-314 0 0 0 
1.8979 9.54079 8926 0.02 1.24923 205.654 251.171 0.256158 294 41 1 2.48206e-314 0 0 0 
1.91573 7.39774 7621.13 0.02 1.20029 146.077 186.933 0.266603 295 41 1 2.48206e-314 0 0 0 
1.93407 5.59444 6305.97 0.02 1.15882 100.29 134.032 0.276144 296 41 1 2.48206e-314 0 0 0 
1.95283 4.12463 5048.9 0.02 1.1242 66.4086 92.3837 0.284646 297 41 1 2.48206e-314 0 0 0 
1.97193 2.9656 3908.33 0.02 1.09577 42.3663 61.1415 0.292032 298 40 1 2.48206e-314 0 0 0 
1.99129 2.08167 2926 0.02 1.07281 26.0598 38.8687 0.298281 299 39 1 2.48206e-314 0 0 0 
2.01085 1.42891 2123.33 0.02 1.05459 15.4935 23.7834 0.303435 300 38 1 2.48206e-314 0 0 0 
2.03055 0.960848 1498.81 0.02 1.04038 8.93272 14.0522 0.307581 301 37 1 2.48206e-314 0 0 0 
2.05035 0.633828 1032.8 0.02 1.02946 5.00905 8.04423 0.310841 302 36 1 2.48206e-314 0 0 0 
2.07022 0.410527 696.474 0.02 1.02122 2.73716 4.47352 0.313352 303 35 1 2.48206e-314 0 0 0 
2.09013 0.261182 460.517 0.02 1.01507 1.45823 2.42047 0.315249 304 34 1 2.48206e-314 0 0 0 
2.11008 0.163192 298.882 0.02 1.01056 0.756937 1.27436 0.316656 305 34 1 2.48206e-314 0 0 0 
2.13005 0.100089 190.279 0.02 1.0073 0.381989 0.652283 0.317682 306 33 1 2.48206e-314 0 0 0 
2.15003 0.0602511 118.657 0.02 1.00497 0.187766 0.324576 0.318417 307 33 1 2.48206e-314 0 0 0 
2.17002 0.0355865 72.6754 0.02 1.00334 0.0895343 0.156921 0.318935 308 32 1 2.48206e-314 0 0 0 
2.19001 0.0206032 43.5977 0.02 1.00221 0.0413557 0.073528 0.319294 309 32 1 2.48206e-314 0 0 0 
2.21 0.0116932 25.5734 0.02 1.00144 0.018555 0.0334215 0.319539 310 32 1 2.48206e-314 0 0 0 
2.23 0.00650898 14.6958 0.02 1.00093 0.00811616 0.0147905 0.319703 311 32 1 2.48206e-314 0 0 0 
2.25 0.003552 8.28187 0.02 1.00059 0.00347223 0.00639781 0.319812 312 32 1 2.48206e-314 0 0 0 
2.27 0.00189899 4.56868 0.02 1.00037 0.00147265 0.00273176 0.319882 313 32 1 2.48206e-314 0 0 0 
2.29 0.00099475 2.46414 0.02 1.00023 0.000642013 0.00118373 0.319927 314 32 1 2.48206e-314 0 0 0 
2.31 0.000510858 1.30147 0.02 1.00014 0.000308098 0.000552051 0.319956 315 32 1 2.48206e-314 0 0 0 
2.33 0.000257094 0.674105 0.02 1.00008 0.000177412 0.00030181 0.319974 316 32 1 2.48206e-314 0 0 0 
2.35 0.000126655 0.341836 0.02 1.00005 0.000127832 0.000205483 0.319984 317 32 1 2.48206e-314 0 0 0 
2.37 6.10377e-05 0.169503 0.02 1.00003 0.000109656 0.000169588 0.319991 318 32 1 2.48206e-314 0 0 0 
2.39 2.87658e-05 0.0821225 0.02 1.00002 0.00010323 0.000156673 0.319995 319 32 1 2.48206e-314 0 0 0 
2.41 1.32581e-05 0.0388625 0.02 1.00001 0.000101042 0.000152192 0.319997 320 32 1 2.48206e-314 0 0 0 
2.43 5.97844e-06 0.0179655 0.02 1 0.000100324 0.000150695 0.319998 321 32 1 2.48206e-314 0 0 0 
2.45 2.63932e-06 0.00811703 0.02 1 0.000100098 0.000150213 0.319999 322 32 1 2.48206e-314 0 0 0 
2.47 1.14183e-06 0.00358746 0.02 1 0.000100029 0.000150063 0.32 323 32 1 2.48206e-314 0 0 0 
2.49 4.84502e-07 0.00155329 0.02 1 0.000100008 0.000150018 0.32 324 32 1 2.48206e-314 0 0 0 
2.51 2.01692e-07 0.000659723 0.02 1 0.000100002 0.000150005 0.32 325 32 1 2.48206e-314 0 0 0 
2.53 8.23076e-08 0.000274966 0.02 1 0.000100001 0.000150002 0.32 326 32 1 2.48206e-314 0 0 0 
2.55 3.28607e-08 0.000112373 0.02 1 0.0001 0.00015 0.32 327 32 1 2.48206e-314 0 0 0 
2.57 1.2792e-08 4.49241e-05 0.02 1 0.0001 0.00015 0.32 328 32 1 2.48206e-314 0 0 0 
2.59 4.83463e-09 1.7488e-05 0.02 1 0.0001 0.00015 0.32 329 32 1 2.48206e-314 0 0 0 
2.61 1.76759e-09 6.58931e-06 0.02 1 0.0001 0.00015 0.32 330 32 1 2.48206e-314 0 0 0 
2.63 6.24693e-10 2.39298e-06 0.02 1 0.0001 0.00015 0.32 331 32 1 2.48206e-314 0 0 0 
2.65 2.14068e-10 8.38179e-07 0.02 1 0.0001 0.00015 0.32 332 32 1 2.48206e-314 0 0 0 
2.67 7.15381e-11 2.84625e-07 0.02 1 0.0001 0.00015 0.32 333 32 1 2.48206e-314 0 0 0 
2.69 2.34734e-11 9.43532e-08 0.02 1 0.0001 0.00015 0.32 334 32 1 2.48206e-314 0 0 0 
2.71 7.61658e-12 3.07553e-08 0.02 1 0.0001 0.00015 0.32 335 32 1 2.48206e-314 0 0 0 
2.73 2.46155e-12 9.93331e-09 0.02 1 0.0001 0.00015 0.32 336 32 1 2.48206e-314 0 0 0 
2.75 7.9725e-13 3.20443e-09 0.02 1 0.0001 0.00015 0.32 337 32 1 2.48206e-314 0 0 0 
2.77 2.59531e-13 1.0395e-09 0.02 1 0.0001 0.00015 0.32 338 32 1 2.48206e-314 0 0 0 
2.79 8.46814e-14 3.39986e-10 0.02 1 0.0001 0.00015 0.32 339 32 1 2.48206e-314 0 0 0 
2.81 2.74138e-14 1.11659e-10 0.02 1 0.0001 0.00015 0.32 340 32 1 2.48206e-314 0 0 0 
2.83 8.64081e-15 3.63764e-11 0.02 1 0.0001 0.00015 0.32 341 32 1 2.48206e-314 0 0 0 
2.85 2.57096e-15 1.15074e-11 0.02 1 0.0001 0.00015 0.32 342 32 1 2.48206e-314 0 0 0 
2.87 6.81597e-16 3.41699e-12 0.02 1 0.0001 0.00015 0.32 343 32 1 2.48206e-314 0 0 0 
2.89 1.37351e-16 8.94421e-13 0.02 1 0.0001 0.00015 0.32 344 32 1 2.48206e-314 0 0 0 
2.91 3.57542e-18 1.72229e-13 0.02 1 0.0001 0.00015 0.32 345 32 1 2.48206e-314 0 0 0 
2.93 -1.732e-17 -1.46064e-15 0.02 1 0.0001 0.00015 0.32 346 32 1 2.48206e-314 0 0 0 
2.95 -1.34725e-17 -2.61176e-14 0.02 1 0.0001 0.00015 0.32 347 32 1 2.48206e-314 0 0 0 
2.97 -7.56368e-18 -1.92925e-14 0.02 1 0.0001 0.00015 0.32 348 32 1 2.48206e-314 0 0 0 
2.99 -3.7075e-18 -1.06323e-14 0.02 1 0.0001 0.00015 0.32 349 33 1 2.48206e-314 0 0 0 
3.01 -1.68086e-18 -5.15908e-15 0.02 1 0.0001 0.00015 0.32 350 33 1 2.48206e-314 0 0 0 
3.03 -7.22792e-19 -2.32344e-15 0.02 1 0.0001 0.00015 0.32 351 33 1 2.48206e-314 0 0 0 
3.05 -2.98609e-19 -9.9432e-16 0.02 1 0.0001 0.00015 0.32 352 33 1 2.48206e-314 0 0 0 
3.07 -1.19365e-19 -4.09291e-16 0.02 1 0.0001 0.00015 0.32 353 33 1 2.48206e-314 0 0 0 
3.09 -4.63576e-20 -1.63072e-16 0.02 1 0.0001 0.00015 0.32 354 33 1 2.48206e-314 0 0 0 
3.11 -1.75351e-20 -6.31181e-17 0.02 1 0.0001 0.00015 0.32 355 33 1 2.48206e-314 0 0 0 
3.13 -6.46783e-21 -2.38186e-17 0.02 1 0.0001 0.00015 0.32 356 33 1 2.48206e-314 0 0 0 
3.15 -2.32906e-21 -8.73884e-18 0.02 1 0.0001 0.00015 0.32 357 33 1 2.48206e-314 0 0 0 
3.17 -8.22237e-22 -3.13529e-18 0.02 1 0.0001 0.00015 0.32 358 33 1 2.48206e-314 0 0 0 
3.19 -2.81857e-22 -1.113e-18 0.02 1 0.0001 0.00015 0.32 359 33 1 2.48206e-314 0 0 0 
3.21 -9.45596e-23 -3.71212e-19 0.02 1 0.0001 0.00015 0.32 360 33 1 2.48206e-314 0 0 0 
3.23 -3.01674e-23 -1.25996e-19 0.02 1 0.0001 0.00015 0.32 361 33 1 2.48206e-314 0 0 0 
3.25 -9.93583e-24 -4.57398e-20 0.02 1 0.0001 0.00015 0.32 362 33 1 2.48206e-314 0 0 0 
3.27 -2.78255e-24 -1.60936e-20 0.02 1 0.0001 0.00015 0.32 363 33 1 2.48206e-314 0 0 0 
3.29 -4.79504e-25 -4.23516e-21 0.02 1 0.0001 0.00015 0.32 364 33 1 2.48206e-314 0 0 0 
3.31 -1.09027e-39 -9.62965e-36 0.02 1 0.0001 0.00015 0.32 365 33 1 2.48206e-314 0 0 0 
3.33 0 0 0.02 1 0.0001 0.00015 0.32 366 33 1 2.48206e-314 0 0 0 
3.35 0 0 0.02 1 0.0001 0.00015 0.32 367 33 1 2.48206e-314 0 0 0 
3.37 0 0 0.02 1 0.0001 0.00015 0.32 368 33 1 2.48206e-314 0 0 0 
3.39 0 0 0.02 1 0.0001 0.00015 0.32 369 33 1 2.48206e-314 0 0 0 
3.41 0 0 0.02 1 0.0001 0.00015 0.32 370 33 1 2.48206e-314 0 0 0 
3.43 0 0 0.02 1 0.0001 0.00015 0.32 371 33 1 2.48206e-314 0 0 0 
3.45 2.12165e-37 9.62965e-36 0.02 1 0.0001 0.00015 0.32 372 33 1 2.48206e-314 0 0 0 
3.47 8.86456e-23 4.02341e-21 0.02 1 0.0001 0.00015 0.32 373 33 1 2.48206e-314 0 0 0 
3.49 2.42609e-22 1.10114e-20 0.02 1 0.0001 0.00015 0.32 374 33 1 2.48206e-314 0 0 0 
3.51 5.17877e-22 2.35052e-20 0.02 1 0.0001 0.00015 0.32 375 33 1 2.48206e-314 0 0 0 
3.53 9.14449e-22 4.15046e-20 0.02 1 0.0001 0.00015 0.32 376 33 1 2.48206e-314 0 0 0 
3.55 1.9502e-21 8.85149e-20 0.02 1 0.0001 0.00015 0.32 377 33 1 2.48206e-314 0 0 0 
3.57 3.72311e-21 1.68983e-19 0.02 1 0.0001 0.00015 0.32 378 33 1 2.48206e-314 0 0 0 
3.59 6.33583e-21 2.87568e-19 0.02 1 0.0001 0.00015 0.32 379 33 1 2.48206e-314 0 0 0 
3.61 9.96147e-21 4.45116e-19 0.02 1 0.0001 0.00015 0.32 380 33 1 2.48206e-314 0 0 0 
3.63 1.47356e-20 6.54333e-19 0.02 1 0.0001 0.00015 0.32 381 33 1 2.48206e-314 0 0 0 
3.65 2.09639e-20 9.32372e-19 0.02 1 0.0001 0.00015 0.32 382 33 1 2.48206e-314 0 0 0 
3.67 2.83093e-20 1.26441e-18 0.02 1 0.0001 0.00015 0.32 383 33 1 2.48206e-314 0 0 0 
3.69 3.57903e-20 1.60936e-18 0.02 1 0.0001 0.00015 0.32 384 33 1 2.48206e-314 0 0 0 
3.71 4.34943e-20 1.95495e-18 0.02 1 0.0001 0.00015 0.32 385 33 1 2.48206e-314 0 0 0 
3.73 4.81306e-20 2.16544e-18 0.02 1 0.0001 0.00015 0.32 386 33 1 2.48206e-314 0 0 0 
3.75 4.88753e-20 2.20186e-18 0.02 1 0.0001 0.00015 0.32 387 33 1 2.48206e-314 0 0 0 
3.77 4.73789e-20 2.17476e-18 0.02 1 0.0001 0.00015 0.32 388 33 1 2.48206e-314 0 0 0 
3.79 3.48218e-20 1.62397e-18 0.02 1 0.0001 0.00015 0.32 389 33 1 2.48206e-314 0 0 0 
3.81 1.45386e-20 6.79109e-19 0.02 1 0.0001 0.00015 0.32 390 32 1 2.48206e-314 0 0 0 
3.83 -1.3027e-20 -5.50571e-19 0.02 1 0.0001 0.00015 0.32 391 32 1 2.48206e-314 0 0 0 
3.85 -5.64493e-20 -2.51548e-18 0.02 1 0.0001 0.00015 0.32 392 32 1 2.48206e-314 0 0 0 
3.87 -1.04467e-19 -4.72517e-18 0.02 1 0.0001 0.00015 0.32 393 32 1 2.48206e-314 0 0 0 
3.89 -1.58473e-19 -7.14091e-18 0.02 1 0.0001 0.00015 0.32 394 32 1 2.48206e-314 0 0 0 
3.91 -2.11977e-19 -9.51747e-18 0.02 1 0.0001 0.00015 0.32 395 32 1 2.48206e-314 0 0 0 
3.93 -2.61468e-19 -1.1908e-17 0.02 1 0.0001 0.00015 0.32 396 32 1 2.48206e-314 0 0 0 
3.95 -3.00219e-19 -1.36315e-17 0.02 1 0.0001 0.00015 0.32 397 32 1 2.48206e-314 0 0 0 
3.97 -3.26956e-19 -1.4897e-17 0.02 1 0.0001 0.00015 0.32 398 32 1 2.48206e-314 0 0 0 
3.99 -3.35501e-19 -1.52709e-17 0.02 1 0.0001 0.00015 0.32 399 32 1 2.48206e-314 0 0 0 
4.01 -3.24945e-19 -1.47811e-17 0.02 1 0.0001 0.00015 0.32 400 32 1 2.48206e-314 0 0 0 
4.03 -2.97876e-19 -1.35525e-17 0.02 1 0.0001 0.00015 0.32 401 32 1 2.48206e-314 0 0 0 
4.05 -2.55066e-19 -1.16065e-17 0.02 1 0.0001 0.00015 0.32 402 32 1 2.48206e-314 0 0 0 
4.07 -2.07356e-19 -9.43319e-18 0.02 1 0.0001 0.00015 0.32 403 32 1 2.48206e-314 0 0 0 
4.09 -1.54283e-19 -7.01364e-18 0.02 1 0.0001 0.00015 0.32 404 32 1 2.48206e-314 0 0 0 
4.11 -1.00259e-19 -4.54772e-18 0.02 1 0.0001 0.00015 0.32 405 32 1 2.48206e-314 0 0 0 
4.13 -5.42351e-20 -2.44665e-18 0.02 1 0.0001 0.00015 0.32 406 32 1 2.48206e-314 0 0 0 
4.15 -1.03005e-20 -4.55915e-19 0.02 1 0.0001 0.00015 0.32 407 32 1 2.48206e-314 0 0 0 
4.17 2.01966e-20 9.27925e-19 0.02 1 0.0001 0.00015 0.32 408 32 1 2.48206e-314 0 0 0 
4.19 3.48386e-20 1.59475e-18 0.02 1 0.0001 0.00015 0.32 409 32 1 2.48206e-314 0 0 0 
4.21 4.7259e-20 2.15273e-18 0.02 1 0.0001 0.00015 0.32 410 32 1 2.48206e-314 0 0 0 
4.23 4.9249e-20 2.23532e-18 0.02 1 0.0001 0.00015 0.32 411 31 1 2.48206e-314 0 0 0 
4.25 4.72248e-20 2.14342e-18 0.02 1 0.0001 0.00015 0.32 412 31 1 2.48206e-314 0 0 0 
4.27 4.12902e-20 1.87406e-18 0.02 1 0.0001 0.00015 0.32 413 31 1 2.48206e-314 0 0 0 
4.29 3.26356e-20 1.48125e-18 0.02 1 0.0001 0.00015 0.32 414 31 1 2.48206e-314 0 0 0 
4.31 2.61178e-20 1.18542e-18 0.02 1 0.0001 0.00015 0.32 415 31 1 2.48206e-314 0 0 0 
4.33 1.8261e-20 8.28822e-19 0.02 1 0.0001 0.00015 0.32 416 31 1 2.48206e-314 0 0 0 
4.35 1.35488e-20 6.14946e-19 0.02 1 0.0001 0.00015 0.32 417 31 1 2.48206e-314 0 0 0 
4.37 9.45242e-21 4.29022e-19 0.02 1 0.0001 0.00015 0.32 418 31 1 2.48206e-314 0 0 0 
4.39 5.80395e-21 2.63427e-19 0.02 1 0.0001 0.00015 0.32 419 31 1 2.48206e-314 0 0 0 
4.41 3.6298e-21 1.64748e-19 0.02 1 0.0001 0.00015 0.32 420 31 1 2.48206e-314 0 0 0 
4.43 2.17415e-21 9.86793e-20 0.02 1 0.0001 0.00015 0.32 421 31 1 2.48206e-314 0 0 0 
4.45 9.98429e-22 4.53163e-20 0.02 1 0.0001 0.00015 0.32 422 31 1 2.48206e-314 0 0 0 
4.47 3.45251e-22 1.56701e-20 0.02 1 0.0001 0.00015 0.32 423 31 1 2.48206e-314 0 0 0 
4.49 1.35301e-22 6.14099e-21 0.02 1 0.0001 0.00015 0.32 424 31 1 2.48206e-314 0 0 0 
4.51 4.199e-23 1.90582e-21 0.02 1 0.0001 0.00015 0.32 425 31 1 2.48206e-314 0 0 0 
4.53 1.69732e-37 7.70372e-36 0.02 1 0.0001 0.00015 0.32 426 31 1 2.48206e-314 0 0 0 
4.55 0 0 0.02 1 0.0001 0.00015 0.32 427 31 1 2.48206e-314 0 0 0 
4.57 0 0 0.02 1 0.0001 0.00015 0.32 428 31 1 2.48206e-314 0 0 0 
4.59 0 0 0.02 1 0.0001 0.00015 0.32 429 31 1 2.48206e-314 0 0 0 
4.61 0 0 0.02 1 0.0001 0.00015 0.32 430 31 1 2.48206e-314 0 0 0 
4.63 0 0 0.02 1 0.0001 0.00015 0.32 431 31 1 2.48206e-314 0 0 0 
4.65 0 0 0.02 1 0.0001 0.00015 0.32 432 31 1 2.48206e-314 0 0 0 
4.67 0 0 0.02 1 0.0001 0.00015 0.32 433 31 1 2.48206e-314 0 0 0 
4.69 0 0 0.02 1 0.0001 0.00015 0.32 434 31 1 2.48206e-314 0 0 0 
4.71 0 0 0.02 1 0.0001 0.00015 0.32 435 31 1 2.48206e-314 0 0 0 
4.73 0 0 0.02 1 0.0001 0.00015 0.32 436 31 1 2.48206e-314 0 0 0 
4.75 0 0 0.02 1 0.0001 0.00015 0.32 437 31 1 2.48206e-314 0 0 0 
4.77 0 0 0.02 1 0.0001 0.00015 0.32 438 31 1 2.48206e-314 0 0 0 
4.79 0 0 0.02 1 0.0001 0.00015 0.32 439 31 1 2.48206e-314 0 0 0 
4.81 0 0 0.02 1 0.0001 0.00015 0.32 440 31 1 2.48206e-314 0 0 0 
4.83 0 0 0.02 1 0.0001 0.00015 0.32 441 31 1 2.48206e-314 0 0 0 
4.85 0 0 0.02 1 0.0001 0.00015 0.32 442 31 1 2.48206e-314 0 0 0 
4.87 0 0 0.02 1 0.0001 0.00015 0.32 443 31 1 2.48206e-314 0 0 0 
4.89 0 0 0.02 1 0.0001 0.00015 0.32 444 31 1 2.48206e-314 0 0 0 
4.91 0 0 0.02 1 0.0001 0.00015 0.32 445 31 1 2.48206e-314 0 0 0 
4.93 0 0 0.02 1 0.0001 0.00015 0.32 446 31 1 2.48206e-314 0 0 0 
4.95 0 0 0.02 1 0.0001 0.00015 0.32 447 31 1 2.48206e-314 0 0 0 
4.97 0 0 0.02 1 0.0001 0.00015 0.32 448 31 1 2.48206e-314 0 0 0 
4.99 0 0 0.02 1 0.0001 0.00015 0.32 449 31 1 2.48206e-314 0 0 0 
5.01 0 0 0.02 1 0.0001 0.00015 0.32 450 31 1 2.48206e-314 0 0 0 
5.03 0 0 0.02 1 0.0001 0.00015 0.32 451 31 1 2.48206e-314 0 0 0 
5.05 0 0 0.02 1 0.0001 0.00015 0.32 452 31 1 2.48206e-314 0 0 0 
5.07 0 0 0.02 1 0.0001 0.00015 0.32 453 31 1 2.48206e-314 0 0 0 
5.09 0 0 0.02 1 0.0001 0.00015 0.32 454 31 1 2.48206e-314 0 0 0 
5.11 0 0 0.02 1 0.0001 0.00015 0.32 455 31 1 2.48206e-314 0 0 0 
5.13 0 0 0.02 1 0.0001 0.00015 0.32 456 31 1 2.48206e-314 0 0 0 
5.15 0 0 0.02 1 0.0001 0.00015 0.32 457 31 1 2.48206e-314 0 0 0 
5.17 0 0 0.02 1 0.0001 0.00015 0.32 458 31 1 2.48206e-314 0 0 0 
5.19 0 0 0.02 1 0.0001 0.00015 0.32 459 31 1 2.48206e-314 0 0 0 
5.21 0 0 0.02 1 0.0001 0.00015 0.32 460 31 1 2.48206e-314 0 0 0 
5.23 0 0 0.02 1 0.0001 0.00015 0.32 461 31 1 2.48206e-314 0 0 0 
5.25 0 0 0.02 1 0.0001 0.00015 0.32 462 31 1 2.48206e-314 0 0 0 
5.27 0 0 0.02 1 0.0001 0.00015 0.32 463 31 1 2.48206e-314 0 0 0 
5.29 0 0 0.02 1 0.0001 0.00015 0.32 464 31 1 2.48206e-314 0 0 0 
5.31 0 0 0.02 1 0.0001 0.00015 0.32 465 31 1 2.48206e-314 0 0 0 
5.33 0 0 0.02 1 0.0001 0.00015 0.32 466 31 1 2.48206e-314 0 0 0 
5.35 0 0 0.02 1 0.0001 0.00015 0.32 467 31 1 2.48206e-314 0 0 0 
5.37 0 0 0.02 1 0.0001 0.00015 0.32 468 31 1 2.48206e-314 0 0 0 
5.39 0 0 0.02 1 0.0001 0.00015 0.32 469 31 1 2.48206e-314 0 0 0 
5.41 0 0 0.02 1 0.0001 0.00015 0.32 470 31 1 2.48206e-314 0 0 0 
5.43 0 0 0.02 1 0.0001 0.00015 0.32 471 31 1 2.48206e-314 0 0 0 
5.45 0 0 0.02 1 0.0001 0.00015 0.32 472 31 1 2.48206e-314 0 0 0 
5.47 0 0 0.02 1 0.0001 0.00015 0.32 473 31 1 2.48206e-314 0 0 0 
5.49 0 0 0.02 1 0.0001 0.00015 0.32 474 31 1 2.48206e-314 0 0 0 
5.51 0 0 0.02 1 0.0001 0.00015 0.32 475 31 1 2.48206e-314 0 0 0 
5.53 0 0 0.02 1 0.0001 0.00015 0.32 476 31 1 2.48206e-314 0 0 0 
5.55 0 0 0.02 1 0.0001 0.00015 0.32 477 31 1 2.48206e-314 0 0 0 
5.57 0 0 0.02 1 0.0001 0.00015 0.32 478 31 1 2.48206e-314 0 0 0 
5.59 0 0 0.02 1 0.0001 0.00015 0.32 479 31 1 2.48206e-314 0 0 0 
5.61 0 0 0.02 1 0.0001 0.00015 0.32 480 31 1 2.48206e-314 0 0 0 
5.63 0 0 0.02 1 0.0001 0.00015 0.32 481 31 1 2.48206e-314 0 0 0 
5.65 0 0 0.02 1 0.0001 0.00015 0.32 482 31 1 2.48206e-314 0 0 0 
5.67 0 0 0.02 1 0.0001 0.00015 0.32 483 31 1 2.48206e-314 0 0 0 
5.69 0 0 0.02 1 0.0001 0.00015 0.32 484 31 1 2.48206e-314 0 0 0 
5.71 0 0 0.02 1 0.0001 0.00015 0.32 485 31 1 2.48206e-314 0 0 0 
5.73 0 0 0.02 1 0.0001 0.00015 0.32 486 31 1 2.48206e-314 0 0 0 
5.75 0 0 0.02 1 0.0001 0.00015 0.32 487 31 1 2.48206e-314 0 0 0 
5.77 0 0 0.02 1 0.0001 0.00015 0.32 488 31 1 2.48206e-314 0 0 0 
5.79 0 0 0.02 1 0.0001 0.00015 0.32 489 31 1 2.48206e-314 0 0 0 
5.81 0 0 0.02 1 0.0001 0.00015 0.32 490 31 1 2.48206e-314 0 0 0 
5.83 0 0 0.02 1 0.0001 0.00015 0.32 491 31 1 2.48206e-314 0 0 0 
5.85 0 0 0.02 1 0.0001 0.00015 0.32 492 31 1 2.48206e-314 0 0 0 
5.87 0 0 0.02 1 0.0001 0.00015 0.32 493 31 1 2.48206e-314 0 0 0 
5.89 0 0 0.02 1 0.0001 0.00015 0.32 494 31 1 2.48206e-314 0 0 0 
5.91 0 0 0.02 1 0.0001 0.00015 0.32 495 31 1 2.48206e-314 0 0 0 
5.93 0 0 0.02 1 0.0001 0.00015 0.32 496 31 1 2.48206e-314 0 0 0 
5.95 0 0 0.02 1 0.0001 0.00015 0.32 497 31 1 2.48206e-314 0 0 0 
5.97 0 0 0.02 1 0.0001 0.00015 0.32 498 31 1 2.48206e-314 0 0 0 
5.99 0 0 0.02 1 0.0001 0.00015 0.32 499 31 1 2.48206e-314 0 0 0 
6.01 0 0 0.02 1 0.0001 0.00015 0.32 500 31 1 2.48206e-314 0 0 0 
6.03 0 0 0.02 1 0.0001 0.00015 0.32 501 31 1 2.48206e-314 0 0 0 
6.05 0 0 0.02 1 0.0001 0.00015 0.32 502 31 1 2.48206e-314 0 0 0 
6.07 0 0 0.02 1 0.0001 0.00015 0.32 503 31 1 2.48206e-314 0 0 0 
6.09 0 0 0.02 1 0.0001 0.00015 0.32 504 31 1 2.48206e-314 0 0 0 
6.11 0 0 0.02 1 0.0001 0.00015 0.32 505 31 1 2.48206e-314 0 0 0 
6.13 0 0 0.02 1 0.0001 0.00015 0.32 506 31 1 2.48206e-314 0 0 0 
6.15 0 0 0.02 1 0.0001 0.00015 0.32 507 31 1 2.48206e-314 0 0 0 
6.17 0 0 0.02 1 0.0001 0.00015 0.32 508 31 1 2.48206e-314 0 0 0 
6.19 0 0 0.02 1 0.0001 0.00015 0.32 509 31 1 2.48206e-314 0 0 0 
6.21 0 0 0.02 1 0.0001 0.00015 0.32 510 31 1 2.48206e-314 0 0 0 
6.23 0 0 0.02 1 0.0001 0.00015 0.32 511 31 1 2.48206e-314 0 0 0 
6.25 0 0 0.02 1 0.0001 0.00015 0.32 512 31 1 2.48206e-314 0 0 0 
6.27 0 0 0.02 1 0.0001 0.00015 0.32 513 31 1 2.48206e-314 0 0 0 
6.29 0 0 0.02 1 0.0001 0.00015 0.32 514 31 1 2.48206e-314 0 0 0 
6.31 0 0 0.02 1 0.0001 0.00015 0.32 515 31 1 2.48206e-314 0 0 0 
6.33 0 0 0.02 1 0.0001 0.00015 0.32 516 31 1 2.48206e-314 0 0 0 
6.35 0 0 0.02 1 0.0001 0.00015 0.32 517 31 1 2.48206e-314 0 0 0 
6.37 0 0 0.02 1 0.0001 0.00015 0.32 518 31 1 2.48206e-314 0 0 0 
6.39 0 0 0.02 1 0.0001 0.00015 0.32 519 31 1 2.48206e-314 0 0 0 
6.41 0 0 0.02 1 0.0001 0.00015 0.32 520 31 1 2.48206e-314 0 0 0 
6.43 0 0 0.02 1 0.0001 0.00015 0.32 521 31 1 2.48206e-314 0 0 0 
6.45 0 0 0.02 1 0.0001 0.00015 0.32 522 31 1 2.48206e-314 0 0 0 
6.47 0 0 0.02 1 0.0001 0.00015 0.32 523 31 1 2.48206e-314 0 0 0 
6.49 0 0 0.02 1 0.0001 0.00015 0.32 524 31 1 2.48206e-314 0 0 0 
6.51 0 0 0.02 1 0.0001 0.00015 0.32 525 31 1 2.48206e-314 0 0 0 
6.53 0 0 0.02 1 0.0001 0.00015 0.32 526 31 1 2.48206e-314 0 0 0 
6.55 0 0 0.02 1 0.0001 0.00015 0.32 527 31 1 2.48206e-314 0 0 0 
6.57 0 0 0.02 1 0.0001 0.00015 0.32 528 31 1 2.48206e-314 0 0 0 
6.59 0 0 0.02 1 0.0001 0.00015 0.32 529 31 1 2.48206e-314 0 0 0 
6.61 0 0 0.02 1 0.0001 0.00015 0.32 530 31 1 2.48206e-314 0 0 0 
6.63 0 0 0.02 1 0.0001 0.00015 0.32 531 31 1 2.48206e-314 0 0 0 
6.65 0 0 0.02 1 0.0001 0.00015 0.32 532 31 1 2.48206e-314 0 0 0 
6.67 0 0 0.02 1 0.0001 0.00015 0.32 533 31 1 2.48206e-314 0 0 0 
6.69 0 0 0.02 1 0.0001 0.00015 0.32 534 31 1 2.48206e-314 0 0 0 
6.71 0 0 0.02 1 0.0001 0.00015 0.32 535 31 1 2.48206e-314 0 0 0 
6.73 0 0 0.02 1 0.0001 0.00015 0.32 536 31 1 2.48206e-314 0 0 0 
6.75 0 0 0.02 1 0.0001 0.00015 0.32 537 31 1 2.48206e-314 0 0 0 
6.77 0 0 0.02 1 0.0001 0.00015 0.32 538 31 1 2.48206e-314 0 0 0 
6.79 0 0 0.02 1 0.0001 0.00015 0.32 539 31 1 2.48206e-314 0 0 0 
6.81 0 0 0.02 1 0.0001 0.00015 0.32 540 31 1 2.48206e-314 0 0 0 
6.83 0 0 0.02 1 0.0001 0.00015 0.32 541 31 1 2.48206e-314 0 0 0 
6.85 0 0 0.02 1 0.0001 0.00015 0.32 542 31 1 2.48206e-314 0 0 0 
6.87 0 0 0.02 1 0.0001 0.00015 0.32 543 31 1 2.48206e-314 0 0 0 
6.89 0 0 0.02 1 0.0001 0.00015 0.32 544 31 1 2.48206e-314 0 0 0 
6.91 0 0 0.02 1 0.0001 0.00015 0.32 545 31 1 2.48206e-314 0 0 0 
6.93 0 0 0.02 1 0.0001 0.00015 0.32 546 31 1 2.48206e-314 0 0 0 
6.95 0 0 0.02 1 0.0001 0.00015 0.32 547 31 1 2.48206e-314 0 0 0 
6.97 0 0 0.02 1 0.0001 0.00015 0.32 548 31 1 2.48206e-314 0 0 0 
6.99 0 0 0.02 1 0.0001 0.00015 0.32 549 31 1 2.48206e-314 0 0 0 
7.01 0 0 0.02 1 0.0001 0.00015 0.32 550 31 1 2.48206e-314 0 0 0 
7.03 0 0 0.02 1 0.0001 0.00015 0.32 551 31 1 2.48206e-314 0 0 0 
7.05 0 0 0.02 1 0.0001 0.00015 0.32 552 31 1 2.48206e-314 0 0 0 
7.07 0 0 0.02 1 0.0001 0.00015 0.32 553 31 1 2.48206e-314 0 0 0 
7.09 0 0 0.02 1 0.0001 0.00015 0.32 554 31 1 2.48206e-314 0 0 0 
7.11 0 0 0.02 1 0.0001 0.00015 0.32 555 31 1 2.48206e-314 0 0 0 
7.13 0 0 0.02 1 0.0001 0.00015 0.32 556 31 1 2.48206e-314 0 0 0 
7.15 0 0 0.02 1 0.0001 0.00015 0.32 557 31 1 2.48206e-314 0 0 0 
7.17 0 0 0.02 1 0.0001 0.00015 0.32 558 31 1 2.48206e-314 0 0 0 
7.19 0 0 0.02 1 0.0001 0.00015 0.32 559 31 1 2.48206e-314 0 0 0 
7.21 0 0 0.02 1 0.0001 0.00015 0.32 560 31 1 2.48206e-314 0 0 0 
7.23 0 0 0.02 1 0.0001 0.00015 0.32 561 31 1 2.48206e-314 0 0 0 
7.25 0 0 0.02 1 0.0001 0.00015 0.32 562 31 1 2.48206e-314 0 0 0 
7.27 0 0 0.02 1 0.0001 0.00015 0.32 563 31 1 2.48206e-314 0 0 0 
7.29 0 0 0.02 1 0.0001 0.00015 0.32 564 31 1 2.48206e-314 0 0 0 
7.31 0 0 0.02 1 0.0001 0.00015 0.32 565 31 1 2.48206e-314 0 0 0 
7.33 0 0 0.02 1 0.0001 0.00015 0.32 566 31 1 2.48206e-314 0 0 0 
7.35 -9.3068e-25 -2.11758e-22 0.02 1 0.0001 0.00015 0.32 567 31 1 2.48206e-314 0 0 0 
7.37 -5.31824e-24 -1.05879e-21 0.02 1 0.0001 0.00015 0.32 568 31 1 2.48206e-314 0 0 0 
7.39 -1.58899e-23 -2.75286e-21 0.02 1 0.0001 0.00015 0.32 569 31 1 2.48206e-314 0 0 0 
7.41 -2.13196e-22 -1.3976e-20 0.02 1 0.0001 0.00015 0.32 570 31 1 2.48206e-314 0 0 0 
7.43 -1.35017e-21 -6.98802e-20 0.02 1 0.0001 0.00015 0.32 571 31 1 2.48206e-314 0 0 0 
7.45 -4.98468e-21 -2.38016e-19 0.02 1 0.0001 0.00015 0.32 572 31 1 2.48206e-314 0 0 0 
7.47 -1.37529e-20 -6.42898e-19 0.02 1 0.0001 0.00015 0.32 573 31 1 2.48206e-314 0 0 0 
7.49 -3.08695e-20 -1.42429e-18 0.02 1 0.0001 0.00015 0.32 574 31 1 2.48206e-314 0 0 0 
7.51 -6.22065e-20 -2.84772e-18 0.02 1 0.0001 0.00015 0.32 575 31 1 2.48206e-314 0 0 0 
7.53 -1.13211e-19 -5.17156e-18 0.02 1 0.0001 0.00015 0.32 576 31 1 2.48206e-314 0 0 0 
7.55 -1.90483e-19 -8.6859e-18 0.02 1 0.0001 0.00015 0.32 577 31 1 2.48206e-314 0 0 0 
7.57 -3.02332e-19 -1.37567e-17 0.02 1 0.0001 0.00015 0.32 578 31 1 2.48206e-314 0 0 0 
7.59 -4.5022e-19 -2.04927e-17 0.02 1 0.0001 0.00015 0.32 579 31 1 2.48206e-314 0 0 0 
7.61 -6.35253e-19 -2.87606e-17 0.02 1 0.0001 0.00015 0.32 580 31 1 2.48206e-314 0 0 0 
7.63 -8.50999e-19 -3.8561e-17 0.02 1 0.0001 0.00015 0.32 581 31 1 2.48206e-314 0 0 0 
7.65 -1.08726e-18 -4.91413e-17 0.02 1 0.0001 0.00015 0.32 582 31 1 2.48206e-314 0 0 0 
7.67 -1.32555e-18 -5.99807e-17 0.02 1 0.0001 0.00015 0.32 583 31 1 2.48206e-314 0 0 0 
7.69 -1.54025e-18 -6.97218e-17 0.02 1 0.0001 0.00015 0.32 584 31 1 2.48206e-314 0 0 0 
7.71 -1.48963e-18 -6.7434e-17 0.02 1 0.0001 0.00015 0.32 585 32 1 2.48206e-314 0 0 0 
7.73 -1.13875e-18 -5.15119e-17 0.02 1 0.0001 0.00015 0.32 586 32 1 2.48206e-314 0 0 0 
7.75 -4.5931e-19 -2.06549e-17 0.02 1 0.0001 0.00015 0.32 587 32 1 2.48206e-314 0 0 0 
7.77 5.56138e-19 2.52443e-17 0.02 1 0.0001 0.00015 0.32 588 32 1 2.48206e-314 0 0 0 
7.79 1.9058e-18 8.65242e-17 0.02 1 0.0001 0.00015 0.32 589 32 1 2.48206e-314 0 0 0 
7.81 3.57735e-18 1.62423e-16 0.02 1 0.0001 0.00015 0.32 590 32 1 2.48206e-314 0 0 0 
7.83 5.53952e-18 2.5129e-16 0.02 1 0.0001 0.00015 0.32 591 32 1 2.48206e-314 0 0 0 
7.85 7.75508e-18 3.51755e-16 0.02 1 0.0001 0.00015 0.32 592 32 1 2.48206e-314 0 0 0 
7.87 9.29173e-18 4.21374e-16 0.02 1 0.0001 0.00015 0.32 593 32 1 2.48206e-314 0 0 0 
7.89 1.00985e-17 4.57954e-16 0.02 1 0.0001 0.00015 0.32 594 32 1 2.48206e-314 0 0 0 
7.91 1.01248e-17 4.59084e-16 0.02 1 0.0001 0.00015 0.32 595 32 1 2.48206e-314 0 0 0 
7.93 9.34899e-18 4.23948e-16 0.02 1 0.0001 0.00015 0.32 596 32 1 2.48206e-314 0 0 0 
7.95 7.76958e-18 3.52346e-16 0.02 1 0.0001 0.00015 0.32 597 33 1 2.48206e-314 0 0 0 
7.97 5.40682e-18 2.45244e-16 0.02 1 0.0001 0.00015 0.32 598 33 1 2.48206e-314 0 0 0 
7.99 2.27337e-18 1.03267e-16 0.02 1 0.0001 0.00015 0.32 599 33 1 2.48206e-314 0 0 0 
-4.01 0 649.846 0.02 0.996836 9968.36 15000 0.321016 600 32 1 3.03136e-314 0 0 0 
-4.03 0 651.304 0.02 0.997202 9972.02 15000 0.320898 601 32 1 3.03136e-314 0 0 0 
-4.05 0 651.075 0.02 0.997588 9975.88 15000 0.320774 602 32 1 3.03136e-314 0 0 0 
-4.07 0 670.043 0.02 0.997979 9979.79 15000 0.320648 603 32 1 3.03136e-314 0 0 0 
-4.09 0 731.511 0.02 0.99836 9983.6 15000 0.320526 604 32 1 3.03136e-314 0 0 0 
-4.11 0 871.912 0.02 0.998718 9987.18 15000 0.320411 605 32 1 3.03136e-314 0 0 0 
-4.13 0 1137.7 0.02 0.999043 9990.43 15000 0.320306 606 32 1 3.03136e-314 0 0 0 
-4.15 0 1607.22 0.02 0.999323 9993.23 15000 0.320217 607 32 1 3.03136e-314 0 0 0 
-4.17 0 2458.69 0.02 0.999545 9995.45 15000 0.320146 608 32 1 3.03136e-314 0 0 0 
-4.19 0 3709.51 0.02 0.99971 9997.1 15000 0.320093 609 32 1 3.03136e-314 0 0 0 
-4.21 0 5230.4 0.02 0.999828 9998.28 15000 0.320055 610 32 1 3.03136e-314 0 0 0 
-4.23 0 6887.4 0.02 0.999908 9999.08 15000 0.32003 611 32 1 3.03136e-314 0 0 0 
-4.25 0 8539.68 0.02 0.999958 9999.58 15000 0.320014 612 32 1 3.03136e-314 0 0 0 
-4.27 0 10036.7 0.02 0.999985 9999.85 15000 0.320005 613 32 1 3.03136e-314 0 0 0 
-4.29 0 11214.8 0.02 0.999997 9999.97 15000 0.320001 614 32 1 3.03136e-314 0 0 0 
-4.31 0 11892.1 0.02 1 10000 15000 0.32 615 31 1 3.03136e-314 0 0 0 
-4.33 0 11854 0.02 1 10000 15000 0.32 616 31 1 3.03136e-314 0 0 0 
-4.35 0 10533.1 0.02 0.999959 9999.59 15000 0.320013 617 31 1 3.03136e-314 0 0 0 
-4.37 0 7225.42 0.02 0.999631 9996.31 15000 0.320118 618 30 1 3.03136e-314 0 0 0 
-4.39 0 2113.3 0.02 0.998503 9985.03 15000 0.32048 619 29 1 3.03136e-314 0 0 0 
-4.41 0 -4525.52 0.02 0.995748 9957.48 15000 0.321366 620 28 1 3.03136e-314 0 0 0 
-4.43 0 -12409.4 0.02 0.990126 9901.26 15000 0.323191 621 27 1 3.03136e-314 0 0 0 
-4.45 0 -21262.7 0.02 0.979822 9798.22 15000 0.32659 622 26 1 3.03136e-314 0 0 0 
-4.47 0 -30835.6 0.02 0.962228 9622.28 15000 0.332561 623 25 1 3.03136e-314 0 0 0 
-4.49 0 -40889.6 0.02 0.933731 9337.31 15000 0.342711 624 25 1 3.03136e-314 0 0 0 
-4.51 0 -50860.5 0.02 0.890771 8907.71 15000 0.359239 625 24 1 3.03136e-314 0 0 0 
-4.53 0 -59973.8 0.02 0.832895 8328.95 15000 0.384202 626 25 1 3.03136e-314 0 0 0 
-4.55 0 -67510.9 0.02 0.764751 7647.51 15000 0.418437 627 25 1 3.03136e-314 0 0 0 
-4.57 0 -73025.6 0.02 0.6944 6944 15000 0.460829 628 27 1 3.03136e-314 0 0 0 
-4.59 0 -76508.5 0.02 0.62873 6287.3 15000 0.508962 629 28 1 3.03136e-314 0 0 0 
-4.61 0 -78249.4 0.02 0.571028 5710.28 15000 0.560393 630 30 1 3.03136e-314 0 0 0 
-4.63 0 -78626.6 0.02 0.521739 5217.39 15000 0.613333 631 31 1 3.03136e-314 0 0 0 
8.01 0 -7.13007e-17 0.02 1 0.0001 0.00015 0.32 632 33 1 3.03136e-314 0 0 0 
8.03 0 -5.06339e-08 0.02 1 0.0001 0.00015 0.32 633 33 1 3.03136e-314 0 0 0 
8.05 0 -3.17263e-07 0.02 1 0.0001 0.00015 0.32 634 33 1 3.03136e-314 0 0 0 
8.07 0 -9.68767e-07 0.02 1 0.0001 0.00015 0.32 635 33 1 3.03136e-314 0 0 0 
8.09 0 -2.20229e-06 0.02 1 0.0001 0.00015 0.32 636 32 1 3.03136e-314 0 0 0 
8.11 0 -4.34936e-06 0.02 1 0.0001 0.00015 0.32 637 32 1 3.03136e-314 0 0 0 
8.13 0 -7.84431e-06 0.02 1 0.0001 0.00015 0.32 638 32 1 3.03136e-314 0 0 0 
8.15 0 -1.34436e-05 0.02 1 0.0001 0.00015 0.32 639 32 1 3.03136e-314 0 0 0 
8.17 0 -2.29056e-05 0.02 1 0.0001 0.00015 0.32 640 32 1 3.03136e-314 0 0 0 
8.19 0 -3.61693e-05 0.02 1 0.0001 0.00015 0.32 641 32 1 3.03136e-314 0 0 0 
8.21 0 -5.19572e-05 0.02 1 0.0001 0.00015 0.32 642 32 1 3.03136e-314 0 0 0 
8.23 0 -6.89475e-05 0.02 1 0.0001 0.00015 0.32 643 32 1 3.03136e-314 0 0 0 
8.25 0 -8.57501e-05 0.02 1 0.0001 0.00015 0.32 644 32 1 3.03136e-314 0 0 0 
8.27 0 -0.000100878 0.02 1 0.0001 0.00015 0.32 645 32 1 3.03136e-314 0 0 0 
8.29 0 -0.000112715 0.02 1 0.0001 0.00015 0.32 646 31 1 3.03136e-314 0 0 0 
8.31 0 -0.000119459 0.02 1 0.0001 0.00015 0.32 647 31 1 3.03136e-314 0 0 0 
8.33 0 -0.000118983 0.02 1 0.0001 0.00015 0.32 648 31 1 3.03136e-314 0 0 0 
8.35 0 -0.000105681 0.02 0.999959 9.99959e-05 0.00015 0.320013 649 31 1 3.03136e-314 0 0 0 
8.37 0 -7.25203e-05 0.02 0.999631 9.99631e-05 0.00015 0.320118 650 30 1 3.03136e-314 0 0 0 
8.39 0 -2.13263e-05 0.02 0.998503 9.98503e-05 0.00015 0.32048 651 29 1 3.03136e-314 0 0 0 
8.41 0 4.51216e-05 0.02 0.995748 9.95748e-05 0.00015 0.321366 652 28 1 3.03136e-314 0 0 0 
8.43 0 0.000124006 0.02 0.990126 9.90126e-05 0.00015 0.323191 653 27 1 3.03136e-314 0 0 0 
8.45 0 0.000212573 0.02 0.979822 9.79822e-05 0.00015 0.32659 654 26 1 3.03136e-314 0 0 0 
8.47 0 0.000308325 0.02 0.962228 9.62228e-05 0.00015 0.332561 655 25 1 3.03136e-314 0 0 0 
8.49 0 0.00040888 0.02 0.933731 9.33731e-05 0.00015 0.342711 656 25 1 3.03136e-314 0 0 0 
8.51 0 0.000508598 0.02 0.890771 8.90771e-05 0.00015 0.359239 657 24 1 3.03136e-314 0 0 0 
8.53 0 0.000599735 0.02 0.832895 8.32895e-05 0.00015 0.384202 658 25 1 3.03136e-314 0 0 0 
8.55 0 0.000675109 0.02 0.764751 7.64751e-05 0.00015 0.418437 659 25 1 3.03136e-314 0 0 0 
8.57 0 0.000730258 0.02 0.6944 6.944e-05 0.00015 0.460829 660 27 1 3.03136e-314 0 0 0 
8.59 0 0.000765089 0.02 0.62873 6.2873e-05 0.00015 0.508962 661 28 1 3.03136e-314 0 0 0 
8.61 0 0.0007825 0.02 0.571028 5.71028e-05 0.00015 0.560393 662 30 1 3.03136e-314 0 0 0 
8.63 0 0.000786275 0.02 0.521739 5.21739e-05 0.00015 0.613333 663 31 1 3.03136e-314 0 0 0 
