# Time [s]: 0.0269934
# Columns: pos [m], vel [m/s], acc [m/s^2], mass [kg], dens [kg/m^3], pres [Pa], ene [J/kg], sml [m], id, neighbor, alpha, gradh, ...additional?
# Additional arrays: grad_velocity_0(vector) grad_pressure(vector) grad_density(vector) 
-3.98241 2.96337 769.952 0.02 0.961351 9452.38 14748.5 0.332865 0 33 1 2.48207e-314 0 0 0 
-3.96282 2.69034 650.9 0.02 0.959742 9424.7 14729.9 0.333423 1 33 1 2.48207e-314 0 0 0 
-3.94292 2.55952 580.446 0.02 0.958563 9398.71 14707.3 0.333833 2 32 1 2.48207e-314 0 0 0 
-3.92277 2.54406 548.482 0.02 0.957711 9374.1 14681.8 0.33413 3 32 1 2.48207e-314 0 0 0 
-3.9024 2.62634 548.107 0.02 0.957099 9350.66 14654.4 0.334344 4 32 1 2.48207e-314 0 0 0 
-3.88182 2.7972 575.874 0.02 0.956644 9328.19 14626.2 0.334503 5 32 1 2.48207e-314 0 0 0 
-3.86103 3.05575 632.081 0.02 0.956252 9306.39 14597.9 0.33464 6 32 1 2.48207e-314 0 0 0 
-3.84003 3.41036 721.47 0.02 0.955809 9284.71 14570.6 0.334795 7 32 1 2.48207e-314 0 0 0 
-3.81879 3.8701 846.128 0.02 0.955161 9262.25 14545.2 0.335022 8 32 1 2.48207e-314 0 0 0 
-3.79768 4.24217 930.664 0.02 0.954292 9239.37 14522.5 0.335327 9 32 1 2.48207e-314 0 0 0 
-3.77665 4.55868 988.221 0.02 0.953308 9216.74 14501.8 0.335673 10 32 1 2.48207e-314 0 0 0 
-3.75566 4.84804 1033.59 0.02 0.95226 9194.51 14482.8 0.336043 11 32 1 2.48207e-314 0 0 0 
-3.73467 5.12683 1074.79 0.02 0.951166 9172.59 14464.9 0.336429 12 32 1 2.48207e-314 0 0 0 
-3.71367 5.4035 1115.59 0.02 0.950026 9150.74 14447.7 0.336833 13 32 1 2.48207e-314 0 0 0 
-3.69265 5.68043 1156.73 0.02 0.948836 9128.71 14431 0.337255 14 31 1 2.48207e-314 0 0 0 
-3.67162 5.95454 1196.39 0.02 0.947593 9106.3 14414.5 0.337698 15 31 1 2.48207e-314 0 0 0 
-3.65058 6.22051 1232.27 0.02 0.946306 9083.43 14397.9 0.338157 16 32 1 2.48207e-314 0 0 0 
-3.62947 6.51256 1276.49 0.02 0.94497 9059.88 14380.8 0.338635 17 32 1 2.48207e-314 0 0 0 
-3.60829 6.82015 1324.53 0.02 0.943557 9035.43 14363.5 0.339142 18 32 1 2.48207e-314 0 0 0 
-3.58708 7.13438 1372.22 0.02 0.942059 9010 14345.9 0.339681 19 32 1 2.48207e-314 0 0 0 
-3.56582 7.45032 1417.58 0.02 0.940477 8983.63 14328 0.340253 20 32 1 2.48207e-314 0 0 0 
-3.54453 7.76544 1459.77 0.02 0.938817 8956.37 14309.7 0.340855 21 32 1 2.48207e-314 0 0 0 
-3.52321 8.07872 1498.59 0.02 0.937089 8928.29 14291.2 0.341483 22 32 1 2.48207e-314 0 0 0 
-3.50186 8.39036 1534.3 0.02 0.935303 8899.46 14272.3 0.342135 23 32 1 2.48207e-314 0 0 0 
-3.48048 8.70195 1567.79 0.02 0.933467 8869.94 14252.9 0.342808 24 32 1 2.48207e-314 0 0 0 
-3.45905 9.01683 1600.66 0.02 0.931584 8839.75 14233.1 0.343501 25 32 1 2.48207e-314 0 0 0 
-3.43757 9.33644 1633.5 0.02 0.929656 8808.87 14212.8 0.344213 26 32 1 2.48207e-314 0 0 0 
-3.41605 9.66101 1666.23 0.02 0.927681 8777.29 14192.1 0.344946 27 32 1 2.48207e-314 0 0 0 
-3.39448 9.99024 1698.55 0.02 0.925658 8745.02 14170.8 0.3457 28 32 1 2.48207e-314 0 0 0 
-3.37286 10.3237 1730.14 0.02 0.923588 8712.07 14149 0.346475 29 32 1 2.48207e-314 0 0 0 
-3.35119 10.6609 1760.73 0.02 0.921471 8678.44 14126.8 0.347271 30 32 1 2.48207e-314 0 0 0 
-3.32947 11.0018 1790.21 0.02 0.919309 8644.18 14104.2 0.348088 31 32 1 2.48207e-314 0 0 0 
-3.30769 11.346 1818.5 0.02 0.917102 8609.31 14081.1 0.348925 32 32 1 2.48207e-314 0 0 0 
-3.28587 11.6935 1845.55 0.02 0.914854 8573.85 14057.6 0.349783 33 32 1 2.48207e-314 0 0 0 
-3.26399 12.0442 1871.45 0.02 0.912566 8537.83 14033.6 0.35066 34 32 1 2.48207e-314 0 0 0 
-3.24205 12.3983 1896.28 0.02 0.910239 8501.28 14009.3 0.351556 35 32 1 2.48207e-314 0 0 0 
-3.22006 12.756 1920.16 0.02 0.907875 8464.22 13984.5 0.352472 36 32 1 2.48207e-314 0 0 0 
-3.19801 13.1173 1943.15 0.02 0.905474 8426.67 13959.4 0.353406 37 32 1 2.48207e-314 0 0 0 
-3.1759 13.4825 1965.29 0.02 0.903038 8388.65 13933.9 0.354359 38 32 1 2.48207e-314 0 0 0 
-3.15373 13.8515 1986.58 0.02 0.900568 8350.16 13908.1 0.355331 39 32 1 2.48207e-314 0 0 0 
-3.1315 14.2243 2007.02 0.02 0.898063 8311.23 13881.8 0.356322 40 32 1 2.48207e-314 0 0 0 
-3.1092 14.6008 2026.58 0.02 0.895526 8271.87 13855.3 0.357332 41 32 1 2.48207e-314 0 0 0 
-3.08684 14.981 2045.23 0.02 0.892956 8232.1 13828.3 0.35836 42 32 1 2.48207e-314 0 0 0 
-3.06442 15.3648 2062.98 0.02 0.890355 8191.95 13801.1 0.359407 43 32 1 2.48207e-314 0 0 0 
-3.04193 15.7522 2079.82 0.02 0.887723 8151.42 13773.6 0.360473 44 32 1 2.48207e-314 0 0 0 
-3.01937 16.1432 2095.79 0.02 0.885061 8110.54 13745.7 0.361557 45 32 1 2.48207e-314 0 0 0 
-2.99674 16.5378 2110.89 0.02 0.882371 8069.31 13717.5 0.362659 46 32 1 2.48207e-314 0 0 0 
-2.97405 16.9359 2125.15 0.02 0.879654 8027.77 13689.1 0.36378 47 32 1 2.48207e-314 0 0 0 
-2.95128 17.3375 2138.59 0.02 0.876909 7985.92 13660.3 0.364918 48 32 1 2.48207e-314 0 0 0 
-2.92844 17.7426 2151.21 0.02 0.874138 7943.78 13631.3 0.366075 49 32 1 2.48207e-314 0 0 0 
-2.90553 18.1511 2163.03 0.02 0.871342 7901.36 13602.1 0.36725 50 32 1 2.48207e-314 0 0 0 
-2.88255 18.5631 2174.06 0.02 0.868522 7858.68 13572.6 0.368442 51 32 1 2.48207e-314 0 0 0 
-2.85948 18.9785 2184.3 0.02 0.865677 7815.76 13542.8 0.369653 52 32 1 2.48207e-314 0 0 0 
-2.83635 19.3972 2193.76 0.02 0.86281 7772.61 13512.8 0.370881 53 32 1 2.48207e-314 0 0 0 
-2.81313 19.8192 2202.45 0.02 0.859921 7729.24 13482.5 0.372127 54 32 1 2.48207e-314 0 0 0 
-2.78984 20.2444 2210.38 0.02 0.857011 7685.68 13452.1 0.373391 55 32 1 2.48207e-314 0 0 0 
-2.76646 20.6728 2217.54 0.02 0.85408 7641.92 13421.4 0.374672 56 32 1 2.48207e-314 0 0 0 
-2.74301 21.1043 2223.96 0.02 0.851129 7598 13390.5 0.375971 57 32 1 2.48207e-314 0 0 0 
-2.71947 21.5389 2229.63 0.02 0.84816 7553.92 13359.5 0.377287 58 32 1 2.48207e-314 0 0 0 
-2.69585 21.9764 2234.56 0.02 0.845173 7509.69 13328.2 0.378621 59 32 1 2.48207e-314 0 0 0 
-2.67215 22.4169 2238.76 0.02 0.842169 7465.34 13296.7 0.379971 60 32 1 2.48207e-314 0 0 0 
-2.64836 22.8601 2242.22 0.02 0.839148 7420.87 13265.1 0.381339 61 32 1 2.48207e-314 0 0 0 
-2.62448 23.3062 2244.97 0.02 0.836112 7376.3 13233.4 0.382724 62 32 1 2.48207e-314 0 0 0 
-2.60052 23.755 2246.99 0.02 0.833061 7331.65 13201.4 0.384126 63 32 1 2.48207e-314 0 0 0 
-2.57647 24.2063 2248.28 0.02 0.829996 7286.92 13169.3 0.385544 64 32 1 2.48207e-314 0 0 0 
-2.55233 24.6602 2248.86 0.02 0.826918 7242.14 13137.1 0.386979 65 32 1 2.48207e-314 0 0 0 
-2.5281 25.1165 2248.73 0.02 0.823828 7197.31 13104.8 0.38843 66 32 1 2.48207e-314 0 0 0 
-2.50377 25.5752 2247.87 0.02 0.820727 7152.45 13072.3 0.389898 67 32 1 2.48207e-314 0 0 0 
-2.47936 26.0361 2246.29 0.02 0.817615 7107.57 13039.7 0.391382 68 32 1 2.48207e-314 0 0 0 
-2.45485 26.4992 2243.99 0.02 0.814494 7062.69 13007.1 0.392882 69 32 1 2.48207e-314 0 0 0 
-2.43024 26.9642 2240.98 0.02 0.811364 7017.83 12974.3 0.394397 70 32 1 2.48207e-314 0 0 0 
-2.40555 27.4312 2237.23 0.02 0.808227 6972.99 12941.4 0.395929 71 32 1 2.48207e-314 0 0 0 
-2.38075 27.9 2232.76 0.02 0.805082 6928.18 12908.5 0.397475 72 32 1 2.48207e-314 0 0 0 
-2.35586 28.3706 2227.57 0.02 0.801931 6883.43 12875.5 0.399037 73 32 1 2.48207e-314 0 0 0 
-2.33086 28.8426 2221.63 0.02 0.798776 6838.75 12842.5 0.400613 74 32 1 2.48207e-314 0 0 0 
-2.30577 29.3161 2214.96 0.02 0.795616 6794.15 12809.4 0.402204 75 32 1 2.48207e-314 0 0 0 
-2.28058 29.791 2207.55 0.02 0.792454 6749.65 12776.3 0.403809 76 32 1 2.48207e-314 0 0 0 
-2.25529 30.267 2199.39 0.02 0.789289 6705.26 12743.2 0.405428 77 32 1 2.48207e-314 0 0 0 
-2.2299 30.744 2190.47 0.02 0.786123 6661 12710 0.407061 78 32 1 2.48207e-314 0 0 0 
-2.2044 31.2219 2180.8 0.02 0.782957 6616.87 12676.9 0.408707 79 32 1 2.48207e-314 0 0 0 
-2.1788 31.7006 2170.37 0.02 0.779792 6572.9 12643.8 0.410366 80 32 1 2.48207e-314 0 0 0 
-2.15309 32.1798 2159.16 0.02 0.776629 6529.1 12610.7 0.412037 81 32 1 2.48207e-314 0 0 0 
-2.12728 32.6594 2147.18 0.02 0.77347 6485.48 12577.6 0.41372 82 32 1 2.48207e-314 0 0 0 
-2.10136 33.1393 2134.42 0.02 0.770314 6442.06 12544.6 0.415415 83 32 1 2.48207e-314 0 0 0 
-2.07534 33.6192 2120.88 0.02 0.767164 6398.86 12511.6 0.417121 84 32 1 2.48207e-314 0 0 0 
-2.04921 34.099 2106.54 0.02 0.76402 6355.89 12478.8 0.418837 85 32 1 2.48207e-314 0 0 0 
-2.02297 34.5785 2091.41 0.02 0.760884 6313.17 12446 0.420564 86 32 1 2.48207e-314 0 0 0 
-1.99662 35.0575 2075.48 0.02 0.757756 6270.7 12413.3 0.422299 87 32 1 2.48207e-314 0 0 0 
-1.97017 35.5359 2058.75 0.02 0.754639 6228.51 12380.7 0.424044 88 32 1 2.48207e-314 0 0 0 
-1.9436 36.0133 2041.21 0.02 0.751533 6186.62 12348.3 0.425797 89 32 1 2.48207e-314 0 0 0 
-1.91692 36.4897 2022.86 0.02 0.748439 6145.03 12316 0.427557 90 32 1 2.48207e-314 0 0 0 
-1.89014 36.9647 2003.71 0.02 0.745359 6103.77 12283.8 0.429323 91 32 1 2.48207e-314 0 0 0 
-1.86324 37.4383 1983.74 0.02 0.742294 6062.85 12251.8 0.431096 92 32 1 2.48207e-314 0 0 0 
-1.83623 37.91 1962.98 0.02 0.739245 6022.28 12220.1 0.432874 93 32 1 2.48207e-314 0 0 0 
-1.8091 38.3798 1941.41 0.02 0.736214 5982.08 12188.5 0.434656 94 32 1 2.48207e-314 0 0 0 
-1.78187 38.8474 1919.04 0.02 0.733201 5942.27 12157.1 0.436442 95 32 1 2.48207e-314 0 0 0 
-1.75452 39.3125 1895.89 0.02 0.730209 5902.87 12126 0.438231 96 32 1 2.48207e-314 0 0 0 
-1.72706 39.775 1871.95 0.02 0.727238 5863.88 12095.1 0.440021 97 32 1 2.48207e-314 0 0 0 
-1.69949 40.2345 1847.24 0.02 0.724291 5825.33 12064.5 0.441812 98 32 1 2.48207e-314 0 0 0 
-1.67181 40.6909 1821.77 0.02 0.721367 5787.22 12034.1 0.443602 99 32 1 2.48207e-314 0 0 0 
-1.64401 41.1438 1795.56 0.02 0.718469 5749.58 12004.1 0.445391 100 32 1 2.48207e-314 0 0 0 
-1.6161 41.593 1768.63 0.02 0.715599 5712.43 11974.4 0.447178 101 32 1 2.48207e-314 0 0 0 
-1.58808 42.0384 1741 0.02 0.712756 5675.76 11945 0.448962 102 32 1 2.48207e-314 0 0 0 
-1.55995 42.4796 1712.69 0.02 0.709943 5639.61 11915.9 0.45074 103 32 1 2.48207e-314 0 0 0 
-1.5317 42.9163 1683.73 0.02 0.707161 5603.98 11887.2 0.452514 104 32 1 2.48207e-314 0 0 0 
-1.50335 43.3484 1654.15 0.02 0.704411 5568.89 11858.9 0.45428 105 32 1 2.48207e-314 0 0 0 
-1.47488 43.7755 1623.98 0.02 0.701695 5534.34 11830.9 0.456038 106 32 1 2.48207e-314 0 0 0 
-1.4463 44.1975 1593.27 0.02 0.699014 5500.36 11803.4 0.457788 107 32 1 2.48207e-314 0 0 0 
-1.41762 44.6141 1562.04 0.02 0.696369 5466.96 11776.3 0.459527 108 32 1 2.48207e-314 0 0 0 
-1.38882 45.0251 1530.35 0.02 0.693761 5434.14 11749.6 0.461254 109 32 1 2.48207e-314 0 0 0 
-1.35992 45.4301 1498.23 0.02 0.691192 5401.92 11723.3 0.462969 110 32 1 2.48207e-314 0 0 0 
-1.33091 45.8292 1465.73 0.02 0.688662 5370.3 11697.5 0.464669 111 32 1 2.48207e-314 0 0 0 
-1.30179 46.2219 1432.91 0.02 0.686173 5339.3 11672.2 0.466355 112 32 1 2.48207e-314 0 0 0 
-1.27257 46.6082 1399.81 0.02 0.683726 5308.93 11647.3 0.468024 113 32 1 2.48207e-314 0 0 0 
-1.24324 46.9878 1366.51 0.02 0.681321 5279.19 11622.9 0.469676 114 32 1 2.48207e-314 0 0 0 
-1.21381 47.3606 1333.06 0.02 0.67896 5250.09 11599.1 0.471309 115 32 1 2.48207e-314 0 0 0 
-1.18428 47.7264 1299.52 0.02 0.676644 5221.63 11575.7 0.472922 116 32 1 2.48207e-314 0 0 0 
-1.15464 48.085 1265.96 0.02 0.674373 5193.82 11552.8 0.474515 117 32 1 2.48207e-314 0 0 0 
-1.12491 48.4363 1232.43 0.02 0.672148 5166.66 11530.4 0.476086 118 32 1 2.48207e-314 0 0 0 
-1.09508 48.7802 1198.99 0.02 0.669969 5140.15 11508.6 0.477634 119 32 1 2.48207e-314 0 0 0 
-1.06516 49.1166 1165.7 0.02 0.667837 5114.3 11487.2 0.479158 120 32 1 2.48207e-314 0 0 0 
-1.03514 49.4453 1132.62 0.02 0.665754 5089.1 11466.4 0.480658 121 32 1 2.48207e-314 0 0 0 
-1.00502 49.7664 1099.8 0.02 0.663718 5064.54 11446.1 0.482133 122 32 1 2.48207e-314 0 0 0 
-0.974816 50.0797 1067.3 0.02 0.66173 5040.64 11426.3 0.483581 123 32 1 2.48207e-314 0 0 0 
-0.944521 50.3854 1035.17 0.02 0.659791 5017.38 11407 0.485002 124 32 1 2.48207e-314 0 0 0 
-0.914137 50.6833 1003.48 0.02 0.657901 4994.76 11388.2 0.486396 125 32 1 2.48207e-314 0 0 0 
-0.883668 50.9736 972.274 0.02 0.656058 4972.77 11369.8 0.487761 126 32 1 2.48207e-314 0 0 0 
-0.853113 51.2563 941.614 0.02 0.654264 4951.4 11352 0.489099 127 32 1 2.48207e-314 0 0 0 
-0.822477 51.5312 911.543 0.02 0.652518 4930.64 11334.7 0.490408 128 32 1 2.48207e-314 0 0 0 
-0.791761 51.7985 882.097 0.02 0.650819 4910.47 11317.8 0.491688 129 32 1 2.48207e-314 0 0 0 
-0.760966 52.0582 853.299 0.02 0.649167 4890.9 11301.3 0.492939 130 32 1 2.48207e-314 0 0 0 
-0.730094 52.3102 825.159 0.02 0.647561 4871.89 11285.3 0.494162 131 32 1 2.48207e-314 0 0 0 
-0.699147 52.5547 797.68 0.02 0.646002 4853.45 11269.8 0.495355 132 32 1 2.48207e-314 0 0 0 
-0.668127 52.7918 770.856 0.02 0.644486 4835.54 11254.6 0.496519 133 32 1 2.48207e-314 0 0 0 
-0.637034 53.0217 744.681 0.02 0.643015 4818.17 11239.8 0.497655 134 32 1 2.48207e-314 0 0 0 
-0.605871 53.2446 719.153 0.02 0.641587 4801.31 11225.4 0.498763 135 32 1 2.48207e-314 0 0 0 
-0.57464 53.4608 694.276 0.02 0.6402 4784.94 11211.3 0.499844 136 32 1 2.48207e-314 0 0 0 
-0.543342 53.6705 670.059 0.02 0.638852 4769.05 11197.7 0.500899 137 32 1 2.48207e-314 0 0 0 
-0.51198 53.8738 646.514 0.02 0.637541 4753.62 11184.4 0.501928 138 32 1 2.48207e-314 0 0 0 
-0.480557 54.0708 623.647 0.02 0.636266 4738.63 11171.5 0.502934 139 32 1 2.48207e-314 0 0 0 
-0.449075 54.2614 601.456 0.02 0.635024 4724.06 11158.9 0.503918 140 32 1 2.48207e-314 0 0 0 
-0.417534 54.4457 579.919 0.02 0.633813 4709.89 11146.7 0.504881 141 32 1 2.48207e-314 0 0 0 
-0.385937 54.6237 558.999 0.02 0.632629 4696.11 11134.9 0.505826 142 32 1 2.48207e-314 0 0 0 
-0.354284 54.7954 538.642 0.02 0.631471 4682.7 11123.4 0.506753 143 32 1 2.48207e-314 0 0 0 
-0.322574 54.9612 518.781 0.02 0.630337 4669.65 11112.4 0.507665 144 32 1 2.48207e-314 0 0 0 
-0.290806 55.1212 499.35 0.02 0.629221 4656.96 11101.8 0.508565 145 32 1 2.48207e-314 0 0 0 
-0.258981 55.2761 480.293 0.02 0.628123 4644.62 11091.8 0.509455 146 32 1 2.48207e-314 0 0 0 
-0.227099 55.4262 461.574 0.02 0.627036 4632.63 11082.3 0.510338 147 32 1 2.48207e-314 0 0 0 
-0.195162 55.5718 443.185 0.02 0.625957 4620.99 11073.5 0.511217 148 32 1 2.48207e-314 0 0 0 
-0.163174 55.7132 425.144 0.02 0.624882 4609.71 11065.5 0.512097 149 32 1 2.48207e-314 0 0 0 
-0.131137 55.8503 407.489 0.02 0.623806 4598.79 11058.3 0.51298 150 32 1 2.48207e-314 0 0 0 
-0.0990529 55.9831 390.261 0.02 0.622725 4588.26 11052.2 0.51387 151 32 1 2.48207e-314 0 0 0 
-0.066922 56.1113 373.487 0.02 0.621635 4578.13 11047.1 0.514772 152 32 1 2.48207e-314 0 0 0 
-0.0347416 56.235 357.17 0.02 0.620531 4568.43 11043.3 0.515687 153 32 1 2.48207e-314 0 0 0 
-0.00250645 56.3539 341.286 0.02 0.619411 4559.19 11040.9 0.51662 154 32 1 2.48207e-314 0 0 0 
0.02979 56.4686 325.786 0.02 0.618272 4550.46 11040 0.517572 155 32 1 2.48207e-314 0 0 0 
0.0621543 56.5794 310.604 0.02 0.61711 4542.28 11040.9 0.518546 156 32 1 2.48207e-314 0 0 0 
0.0945908 56.6871 295.666 0.02 0.615925 4534.74 11043.8 0.519544 157 32 1 2.48207e-314 0 0 0 
0.1271 56.7923 280.894 0.02 0.614714 4527.89 11048.9 0.520567 158 32 1 2.48207e-314 0 0 0 
0.159675 56.895 266.218 0.02 0.613477 4521.82 11056.3 0.521617 159 32 1 2.48207e-314 0 0 0 
0.19231 56.995 251.613 0.02 0.612217 4516.62 11066.3 0.52269 160 32 1 2.48207e-314 0 0 0 
0.224997 57.0921 237.135 0.02 0.610937 4512.39 11079.1 0.523786 161 32 1 2.48207e-314 0 0 0 
0.257733 57.1862 223.024 0.02 0.609642 4509.19 11094.8 0.524899 162 32 1 2.48207e-314 0 0 0 
0.290527 57.2775 209.414 0.02 0.60834 4507.14 11113.5 0.526022 163 32 1 2.48207e-314 0 0 0 
0.323394 57.3663 196.376 0.02 0.60704 4506.31 11135.2 0.527148 164 32 1 2.48207e-314 0 0 0 
0.356357 57.4527 183.867 0.02 0.605755 4506.79 11160 0.528267 165 32 1 2.48207e-314 0 0 0 
0.389432 57.5361 171.741 0.02 0.604499 4508.66 11187.8 0.529364 166 32 1 2.48207e-314 0 0 0 
0.422616 57.6154 159.875 0.02 0.603294 4512.03 11218.5 0.530421 167 32 1 2.48207e-314 0 0 0 
0.455894 57.6897 148.204 0.02 0.602165 4516.97 11251.9 0.531416 168 32 1 2.48207e-314 0 0 0 
0.489239 57.7591 136.678 0.02 0.601142 4523.53 11287.4 0.53232 169 33 1 2.48207e-314 0 0 0 
0.522629 57.8236 125.148 0.02 0.600258 4531.76 11324.6 0.533104 170 33 1 2.48207e-314 0 0 0 
0.556045 57.884 114.037 0.02 0.599546 4541.64 11362.7 0.533738 171 33 1 2.48207e-314 0 0 0 
0.589487 57.9415 102.89 0.02 0.599044 4553.14 11401 0.534184 172 33 1 2.48207e-314 0 0 0 
0.622951 57.9927 91.5087 0.02 0.598802 4566.2 11438.4 0.534401 173 33 1 2.48207e-314 0 0 0 
0.656439 58.0356 80.6443 0.02 0.598874 4580.71 11473.3 0.534336 174 33 1 2.48207e-314 0 0 0 
0.689998 58.0752 70.9994 0.02 0.599323 4596.51 11504.3 0.533935 175 33 1 2.48207e-314 0 0 0 
0.723672 58.1126 62.3701 0.02 0.600213 4613.37 11529.3 0.533144 176 33 1 2.48207e-314 0 0 0 
0.757405 58.1451 54.7764 0.02 0.601612 4630.97 11546.4 0.531904 177 33 1 2.48207e-314 0 0 0 
0.791142 58.1718 47.0732 0.02 0.603593 4648.95 11553.2 0.530158 178 33 1 2.48207e-314 0 0 0 
0.824775 58.1778 38.7196 0.02 0.606236 4666.87 11547.2 0.527847 179 33 1 2.48207e-314 0 0 0 
0.858103 58.1534 30.3881 0.02 0.609624 4684.16 11525.5 0.524913 180 34 1 2.48207e-314 0 0 0 
0.890955 58.1006 22.7747 0.02 0.613833 4700.14 11485.6 0.521315 181 34 1 2.48207e-314 0 0 0 
0.923344 58.0515 18.2812 0.02 0.618953 4714.24 11424.7 0.517002 182 34 1 2.48207e-314 0 0 0 
0.955863 58.0338 13.7689 0.02 0.625169 4726.32 11340.1 0.511861 183 35 1 2.48207e-314 0 0 0 
0.988655 58.0255 9.10692 0.02 0.632669 4735.69 11227.9 0.505794 184 35 1 2.48207e-314 0 0 0 
1.02146 58.0114 4.74102 0.02 0.641592 4741.36 11085 0.498759 185 35 1 2.48207e-314 0 0 0 
1.05395 57.9781 0.300863 0.02 0.652055 4742.32 10909.4 0.490756 186 35 1 2.48207e-314 0 0 0 
1.08574 57.8963 -3.27312 0.02 0.664108 4737.31 10700.1 0.481849 187 36 1 2.48207e-314 0 0 0 
1.1157 57.744 -2.1556 0.02 0.677359 4725.07 10463.6 0.472423 188 36 1 2.48207e-314 0 0 0 
1.14475 57.6284 1.11858 0.02 0.692196 4707.13 10200.5 0.462297 189 37 1 2.48207e-314 0 0 0 
1.17363 57.5396 3.03409 0.02 0.709158 4683.26 9906.02 0.451239 190 38 1 2.48207e-314 0 0 0 
1.20272 57.4981 3.57479 0.02 0.728763 4653.43 9578.14 0.4391 191 37 1 2.48207e-314 0 0 0 
1.23117 57.4385 4.5424 0.02 0.750731 4616.17 9223.41 0.426251 192 38 1 2.48207e-314 0 0 0 
1.25994 57.4243 5.4197 0.02 0.776337 4571.97 8833.8 0.412192 193 39 1 2.48207e-314 0 0 0 
1.28839 57.3389 2.24471 0.02 0.80566 4517.85 8411.52 0.39719 194 39 1 2.48207e-314 0 0 0 
1.31354 57.1774 6.83629 0.02 0.835491 4456.57 8001.17 0.383008 195 40 1 2.48207e-314 0 0 0 
1.33721 57.0664 11.2001 0.02 0.867423 4392.76 7596.27 0.368909 196 40 1 2.48207e-314 0 0 0 
1.35997 57.032 13.1092 0.02 0.902151 4328.8 7197.5 0.354708 197 41 1 2.48207e-314 0 0 0 
1.38125 57.045 14.3312 0.02 0.938735 4266.78 6817.88 0.340884 198 41 1 2.48207e-314 0 0 0 
1.39974 57.0551 16.2644 0.02 0.974197 4210.08 6482.39 0.328476 199 41 1 2.48207e-314 0 0 0 
1.4332 56.8901 22.3874 0.02 1.04927 4089.32 5845.92 0.304974 200 41 1 2.48206e-314 0 0 0 
1.44978 56.9039 22.3162 0.02 1.09275 4031.59 5534.07 0.29284 201 41 1 2.48206e-314 0 0 0 
1.4669 56.9395 20.5931 0.02 1.1427 3970.49 5211.95 0.280038 202 41 1 2.48206e-314 0 0 0 
1.48383 56.9552 19.033 0.02 1.19802 3906.95 4891.7 0.267106 203 40 1 2.48206e-314 0 0 0 
1.50018 56.9334 18.678 0.02 1.25807 3842.35 4581.21 0.254359 204 40 1 2.48206e-314 0 0 0 
1.51667 56.9001 17.4644 0.02 1.32648 3777.42 4271.49 0.241239 205 40 1 2.48206e-314 0 0 0 
1.53497 56.9866 10.2312 0.02 1.41291 3717.58 3946.69 0.226484 206 39 1 2.48206e-314 0 0 0 
1.55057 57.0677 8.60042 0.02 1.49589 3667.78 3677.81 0.213919 207 39 1 2.48206e-314 0 0 0 
1.56415 57.1127 6.85635 0.02 1.57675 3624.17 3447.71 0.202949 208 38 1 2.48206e-314 0 0 0 
1.57703 57.174 4.58565 0.02 1.66232 3586.18 3235.95 0.192502 209 37 1 2.48206e-314 0 0 0 
1.58877 57.2215 2.12883 0.02 1.74905 3553.1 3047.12 0.182956 210 37 1 2.48206e-314 0 0 0 
1.59984 57.2414 -1.8686 0.02 1.83985 3522.9 2872.14 0.173928 211 37 1 2.48206e-314 0 0 0 
1.61129 57.3222 -7.65181 0.02 1.94383 3499.83 2700.7 0.164624 212 36 1 2.48206e-314 0 0 0 
1.62239 57.425 -11.014 0.02 2.05443 3483.27 2543.22 0.155761 213 36 1 2.48206e-314 0 0 0 
1.63276 57.5148 -13.3139 0.02 2.16681 3471.96 2403.49 0.147683 214 34 1 2.48206e-314 0 0 0 
1.64236 57.5909 -15.0741 0.02 2.2795 3465.55 2280.45 0.140382 215 34 1 2.48206e-314 0 0 0 
1.65121 57.6508 -16.7059 0.02 2.3916 3463.54 2172.3 0.133802 216 33 1 2.48206e-314 0 0 0 
1.65934 57.6956 -18.5531 0.02 2.50229 3465.57 2077.43 0.127883 217 34 1 2.48206e-314 0 0 0 
1.66712 57.7485 -20.8662 0.02 2.6152 3472.71 1991.84 0.122362 218 33 1 2.48206e-314 0 0 0 
1.67465 57.8131 -22.7797 0.02 2.73066 3484.9 1914.31 0.117188 219 33 1 2.48206e-314 0 0 0 
1.68196 57.881 -24.0978 0.02 2.84749 3501.6 1844.57 0.11238 220 32 1 2.48206e-314 0 0 0 
1.68903 57.945 -24.3766 0.02 2.96409 3522.35 1782.51 0.107959 221 32 1 2.48206e-314 0 0 0 
1.69586 58.0003 -24.6326 0.02 3.07865 3546.87 1728.13 0.103942 222 31 1 2.48206e-314 0 0 0 
1.70236 58.0449 -24.9081 0.02 3.18879 3574.57 1681.47 0.100351 223 31 1 2.48206e-314 0 0 0 
1.70852 58.0754 -24.5641 0.02 3.29317 3604.97 1642.03 0.0971708 224 31 1 2.48206e-314 0 0 0 
1.71439 58.1005 -25.3497 0.02 3.39199 3638.18 1608.88 0.0943399 225 31 1 2.48206e-314 0 0 0 
1.72004 58.126 -25.3826 0.02 3.48531 3674.04 1581.23 0.0918138 226 31 1 2.48206e-314 0 0 0 
1.72553 58.15 -25.0351 0.02 3.57304 3712.32 1558.48 0.0895595 227 30 1 2.48206e-314 0 0 0 
1.73091 58.1725 -24.6896 0.02 3.65498 3752.84 1540.17 0.0875517 228 30 1 2.48206e-314 0 0 0 
1.73623 58.1921 -23.9362 0.02 3.73056 3795.39 1526.08 0.085778 229 31 1 2.48206e-314 0 0 0 
1.74149 58.2091 -22.6861 0.02 3.79891 3839.64 1516.09 0.0842347 230 31 1 2.48206e-314 0 0 0 
1.74667 58.2211 -21.4444 0.02 3.85923 3885.11 1510.07 0.0829181 231 30 1 2.48206e-314 0 0 0 
1.75175 58.2269 -19.5862 0.02 3.91111 3931.21 1507.72 0.0818183 232 30 1 2.48206e-314 0 0 0 
1.75673 58.2254 -16.7599 0.02 3.95465 3977.46 1508.66 0.0809175 233 30 1 2.48206e-314 0 0 0 
1.76161 58.2168 -13.3992 0.02 3.99029 4023.44 1512.48 0.0801947 234 31 1 2.48206e-314 0 0 0 
1.76644 58.2047 -9.90833 0.02 4.01871 4068.96 1518.77 0.0796276 235 31 1 2.48206e-314 0 0 0 
1.77126 58.1905 -6.22804 0.02 4.04052 4113.77 1527.21 0.0791977 236 31 1 2.48206e-314 0 0 0 
1.77609 58.1747 -2.89403 0.02 4.0562 4157.49 1537.47 0.0788916 237 30 1 2.48206e-314 0 0 0 
1.78095 58.157 -0.313701 0.02 4.06622 4199.66 1549.24 0.0786972 238 31 1 2.48206e-314 0 0 0 
1.78585 58.1386 1.00275 0.02 4.07112 4239.77 1562.15 0.0786025 239 31 1 2.48206e-314 0 0 0 
1.79075 58.1192 1.30178 0.02 4.07155 4277.31 1575.82 0.0785942 240 31 1 2.48206e-314 0 0 0 
1.79565 58.0975 0.579556 0.02 4.06826 4311.97 1589.87 0.0786577 241 31 1 2.48206e-314 0 0 0 
1.80054 58.0736 -1.04832 0.02 4.06202 4343.58 1603.99 0.0787786 242 31 1 2.48206e-314 0 0 0 
1.80543 58.049 -3.28813 0.02 4.0535 4372.09 1617.91 0.0789442 243 31 1 2.48206e-314 0 0 0 
1.81033 58.0251 -5.241 0.02 4.04329 4397.47 1631.4 0.0791434 244 31 1 2.48206e-314 0 0 0 
1.81527 58.0033 -6.71929 0.02 4.03191 4419.73 1644.29 0.0793668 245 32 1 2.48206e-314 0 0 0 
1.82023 57.9832 -6.53057 0.02 4.01979 4438.88 1656.39 0.0796062 246 32 1 2.48206e-314 0 0 0 
1.82522 57.9644 -4.49481 0.02 4.00732 4454.96 1667.55 0.0798539 247 32 1 2.48206e-314 0 0 0 
1.83024 57.946 0.191066 0.02 3.99484 4468.05 1677.67 0.0801033 248 32 1 2.48206e-314 0 0 0 
1.83527 57.9265 7.25227 0.02 3.98265 4478.28 1686.65 0.0803485 249 32 1 2.48206e-314 0 0 0 
1.84032 57.9055 16.0719 0.02 3.97099 4485.81 1694.45 0.0805844 250 32 1 2.48206e-314 0 0 0 
1.84538 57.8832 25.7115 0.02 3.96006 4490.85 1701.04 0.0808069 251 32 1 2.48206e-314 0 0 0 
1.85045 57.86 34.9056 0.02 3.94999 4493.67 1706.44 0.0810129 252 32 1 2.48206e-314 0 0 0 
1.85553 57.8361 42.2411 0.02 3.94088 4494.53 1710.72 0.0812 253 32 1 2.48206e-314 0 0 0 
1.86062 57.8121 46.1366 0.02 3.93281 4493.73 1713.93 0.0813668 254 32 1 2.48206e-314 0 0 0 
1.86572 57.7891 45.515 0.02 3.92578 4491.55 1716.17 0.0815124 255 32 1 2.48206e-314 0 0 0 
1.87083 57.7684 39.9401 0.02 3.9198 4488.26 1717.54 0.0816368 256 32 1 2.48206e-314 0 0 0 
1.87596 57.751 29.8853 0.02 3.91481 4484.1 1718.14 0.081741 257 32 1 2.48206e-314 0 0 0 
1.88109 57.738 16.8715 0.02 3.91071 4479.25 1718.08 0.0818266 258 32 1 2.48206e-314 0 0 0 
1.88623 57.7294 3.39117 0.02 3.90737 4473.83 1717.47 0.0818965 259 32 1 2.48206e-314 0 0 0 
1.89136 57.725 -7.36679 0.02 3.90463 4467.89 1716.38 0.0819541 260 32 1 2.48206e-314 0 0 0 
1.89649 57.7233 -11.9677 0.02 3.90228 4461.39 1714.91 0.0820034 261 32 1 2.48206e-314 0 0 0 
1.90162 57.7222 -7.28872 0.02 3.90012 4454.25 1713.09 0.0820488 262 32 1 2.48206e-314 0 0 0 
1.90674 57.7192 8.85776 0.02 3.89794 4446.32 1710.98 0.0820946 263 32 1 2.48206e-314 0 0 0 
1.91186 57.7112 37.1518 0.02 3.89556 4437.46 1708.6 0.0821448 264 32 1 2.48206e-314 0 0 0 
1.91699 57.6951 76.364 0.02 3.89283 4427.55 1705.97 0.0822024 265 32 1 2.48206e-314 0 0 0 
1.92211 57.6685 123.214 0.02 3.88964 4416.5 1703.1 0.0822698 266 32 1 2.48206e-314 0 0 0 
1.92724 57.6299 172.601 0.02 3.88593 4404.33 1700.03 0.0823484 267 32 1 2.48206e-314 0 0 0 
1.93237 57.5793 218.084 0.02 3.88168 4391.11 1696.79 0.0824384 268 32 1 2.48206e-314 0 0 0 
1.93752 57.5186 252.262 0.02 3.87691 4376.99 1693.44 0.08254 269 32 1 2.48206e-314 0 0 0 
1.94267 57.4514 269.163 0.02 3.87162 4362.19 1690.05 0.0826528 270 32 1 2.48206e-314 0 0 0 
1.94784 57.3826 265.102 0.02 3.86579 4346.92 1686.7 0.0827773 271 32 1 2.48206e-314 0 0 0 
1.95302 57.3178 239.887 0.02 3.85935 4331.31 1683.47 0.0829154 272 32 1 2.48206e-314 0 0 0 
1.95821 57.2618 197.672 0.02 3.85214 4315.41 1680.45 0.0830707 273 32 1 2.48206e-314 0 0 0 
1.96342 57.2179 147.154 0.02 3.84388 4299.08 1677.68 0.0832492 274 32 1 2.48206e-314 0 0 0 
1.96862 57.1867 100.274 0.02 3.8342 4281.93 1675.18 0.0834593 275 32 1 2.48206e-314 0 0 0 
1.97383 57.1653 72.1368 0.02 3.82264 4263.37 1672.92 0.0837118 276 32 1 2.48206e-314 0 0 0 
1.97904 57.1467 79.1114 0.02 3.80867 4242.57 1670.81 0.0840189 277 32 1 2.48206e-314 0 0 0 
1.98426 57.1199 134.34 0.02 3.79175 4218.58 1668.7 0.0843937 278 31 1 2.48206e-314 0 0 0 
1.98948 57.0712 247.75 0.02 3.77141 4190.37 1666.39 0.0848488 279 31 1 2.48206e-314 0 0 0 
1.99471 56.9853 419.772 0.02 3.74727 4156.97 1663.68 0.0853954 280 31 1 2.48206e-314 0 0 0 
1.99997 56.8485 638.939 0.02 3.71908 4117.61 1660.35 0.0860427 281 31 1 2.48206e-314 0 0 0 
2.00527 56.6521 878.038 0.02 3.68676 4071.76 1656.2 0.086797 282 31 1 2.48206e-314 0 0 0 
2.01062 56.3947 1109.18 0.02 3.65042 4019.2 1651.07 0.0876612 283 31 1 2.48206e-314 0 0 0 
2.01605 56.0809 1312.11 0.02 3.6103 3960.05 1644.83 0.0886352 284 31 1 2.48206e-314 0 0 0 
2.02157 55.7203 1470.17 0.02 3.56682 3894.72 1637.43 0.0897158 285 32 1 2.48206e-314 0 0 0 
2.02718 55.3262 1570.43 0.02 3.52042 3823.86 1628.86 0.0908981 286 32 1 2.48206e-314 0 0 0 
2.0329 54.9146 1604.82 0.02 3.47157 3748.3 1619.19 0.0921773 287 31 1 2.48206e-314 0 0 0 
2.03872 54.5025 1574.3 0.02 3.42061 3668.85 1608.53 0.0935507 288 31 1 2.48206e-314 0 0 0 
2.04465 54.105 1492.73 0.02 3.36769 3586.14 1596.98 0.0950206 289 31 1 2.48206e-314 0 0 0 
2.05067 53.7318 1386.67 0.02 3.31276 3500.44 1584.64 0.0965962 290 31 1 2.48206e-314 0 0 0 
2.05679 53.3849 1290.17 0.02 3.25547 3411.5 1571.46 0.0982962 291 31 1 2.48206e-314 0 0 0 
2.063 53.0565 1244.2 0.02 3.19523 3318.51 1557.27 0.100149 292 31 1 2.48206e-314 0 0 0 
2.06929 52.7278 1292.74 0.02 3.13127 3220.1 1541.71 0.102195 293 31 1 2.48206e-314 0 0 0 
2.07566 52.3686 1479.8 0.02 3.06278 3114.58 1524.24 0.10448 294 31 1 2.48206e-314 0 0 0 
2.08214 51.939 1835.33 0.02 2.98897 3000.14 1504.15 0.10706 295 31 1 2.48206e-314 0 0 0 
2.08873 51.3929 2377.64 0.02 2.90918 2875.08 1480.62 0.109996 296 31 1 2.48206e-314 0 0 0 
2.09549 50.68 3121.28 0.02 2.82297 2738.1 1452.77 0.113356 297 31 1 2.48206e-314 0 0 0 
2.10246 49.7494 4056.01 0.02 2.73021 2588.55 1419.73 0.117207 298 31 1 2.48206e-314 0 0 0 
2.1097 48.5551 5153.46 0.02 2.63103 2426.44 1380.65 0.121625 299 32 1 2.48206e-314 0 0 0 
2.11729 47.06 6374.1 0.02 2.5259 2252.59 1334.78 0.126688 300 31 1 2.48206e-314 0 0 0 
2.12531 45.2388 7667.42 0.02 2.41566 2068.68 1281.5 0.132469 301 32 1 2.48206e-314 0 0 0 
2.13384 43.0814 8966.18 0.02 2.30155 1877.2 1220.37 0.139036 302 32 1 2.48206e-314 0 0 0 
2.14298 40.5961 10194.3 0.02 2.18515 1681.37 1151.26 0.146443 303 33 1 2.48206e-314 0 0 0 
2.1528 37.8116 11272.8 0.02 2.06828 1484.96 1074.34 0.154718 304 34 1 2.48206e-314 0 0 0 
2.16338 34.7747 12140.3 0.02 1.9529 1291.99 990.228 0.163859 305 35 1 2.48206e-314 0 0 0 
2.17477 31.5468 12744.7 0.02 1.84095 1106.37 899.986 0.173823 306 35 1 2.48206e-314 0 0 0 
2.18702 28.2007 13053.1 0.02 1.73419 931.636 805.125 0.184524 307 37 1 2.48206e-314 0 0 0 
2.20015 24.8141 13057.4 0.02 1.63405 770.566 707.548 0.195832 308 38 1 2.48206e-314 0 0 0 
2.21415 21.466 12757.4 0.02 1.54161 625.195 609.471 0.207575 309 38 1 2.48206e-314 0 0 0 
2.22902 18.2327 12173 0.02 1.45754 496.76 513.327 0.219549 310 39 1 2.48206e-314 0 0 0 
2.2447 15.1837 11338 0.02 1.38214 385.736 421.601 0.231525 311 40 1 2.48206e-314 0 0 0 
2.26114 12.3787 10291.8 0.02 1.31545 292.004 336.669 0.243263 312 40 1 2.48206e-314 0 0 0 
2.27827 9.86572 9088.77 0.02 1.25723 214.923 260.608 0.254528 313 41 1 2.48206e-314 0 0 0 
2.29602 7.67687 7793.76 0.02 1.2071 153.375 194.964 0.265099 314 41 1 2.48206e-314 0 0 0 
2.31428 5.82679 6478.23 0.02 1.16453 105.834 140.57 0.274788 315 40 1 2.48206e-314 0 0 0 
2.33299 4.31176 5211.51 0.02 1.12893 70.455 97.4555 0.283454 316 41 1 2.48206e-314 0 0 0 
2.35204 3.1113 4053.81 0.02 1.09962 45.1916 64.8808 0.29101 317 40 1 2.48206e-314 0 0 0 
2.37137 2.19133 3049.29 0.02 1.07589 27.9416 41.483 0.297427 318 39 1 2.48206e-314 0 0 0 
2.3909 1.5089 2222.27 0.02 1.05701 16.692 25.5203 0.302739 319 39 1 2.48206e-314 0 0 0 
2.41058 1.01759 1574.63 0.02 1.04225 9.6656 15.1531 0.307028 320 37 1 2.48206e-314 0 0 0 
2.43037 0.673087 1088.65 0.02 1.03089 5.44143 8.71313 0.310411 321 36 1 2.48206e-314 0 0 0 
2.45023 0.437095 736.377 0.02 1.02228 2.98423 4.8653 0.313024 322 35 1 2.48206e-314 0 0 0 
2.47014 0.2788 488.19 0.02 1.01586 1.59572 2.64269 0.315004 323 34 1 2.48206e-314 0 0 0 
2.49009 0.174661 317.662 0.02 1.01114 0.831604 1.39686 0.316476 324 34 1 2.48206e-314 0 0 0 
2.51005 0.107413 202.841 0.02 1.00771 0.421316 0.717937 0.317552 325 33 1 2.48206e-314 0 0 0 
2.53003 0.0648357 126.842 0.02 1.00526 0.207915 0.358684 0.318325 326 33 1 2.48206e-314 0 0 0 
2.55002 0.0384032 77.898 0.02 1.00354 0.0995999 0.174164 0.31887 327 32 1 2.48206e-314 0 0 0 
2.57001 0.0222995 46.8773 0.02 1.00235 0.0462197 0.0819825 0.31925 328 32 1 2.48206e-314 0 0 0 
2.59001 0.0126925 27.5894 0.02 1.00154 0.020818 0.0374238 0.319509 329 32 1 2.48206e-314 0 0 0 
2.61 0.0070852 15.8971 0.02 1.00099 0.00913981 0.0166221 0.319683 330 32 1 2.48206e-314 0 0 0 
2.63 0.00387793 8.98559 0.02 1.00063 0.00392123 0.00721192 0.319798 331 32 1 2.48206e-314 0 0 0 
2.65 0.00207951 4.97285 0.02 1.00039 0.00166295 0.00308203 0.319874 332 32 1 2.48206e-314 0 0 0 
2.67 0.00109254 2.69111 0.02 1.00024 0.000719697 0.00132926 0.319922 333 32 1 2.48206e-314 0 0 0 
2.69 0.000562699 1.42533 0.02 1.00015 0.000338967 0.000610554 0.319953 334 32 1 2.48206e-314 0 0 0 
2.71 0.000284045 0.740449 0.02 1.00009 0.000189326 0.00032469 0.319972 335 32 1 2.48206e-314 0 0 0 
2.73 0.000140377 0.37667 0.02 1.00005 0.00013228 0.000214159 0.319983 336 32 1 2.48206e-314 0 0 0 
2.75 6.78705e-05 0.187397 0.02 1.00003 0.000111258 0.000172768 0.31999 337 32 1 2.48206e-314 0 0 0 
2.77 3.20909e-05 0.0911024 0.02 1.00002 0.000103786 0.000157796 0.319994 338 32 1 2.48206e-314 0 0 0 
2.79 1.4839e-05 0.0432603 0.02 1.00001 0.000101228 0.000152575 0.319997 339 32 1 2.48206e-314 0 0 0 
2.81 6.71274e-06 0.0200667 0.02 1.00001 0.000100384 0.00015082 0.319998 340 32 1 2.48206e-314 0 0 0 
2.83 2.97269e-06 0.00909661 0.02 1 0.000100116 0.000150252 0.319999 341 32 1 2.48206e-314 0 0 0 
2.85 1.28986e-06 0.00403319 0.02 1 0.000100034 0.000150075 0.319999 342 32 1 2.48206e-314 0 0 0 
2.87 5.48885e-07 0.00175145 0.02 1 0.00010001 0.000150022 0.32 343 32 1 2.48206e-314 0 0 0 
2.89 2.29153e-07 0.000745986 0.02 1 0.000100003 0.000150006 0.32 344 32 1 2.48206e-314 0 0 0 
2.91 9.38005e-08 0.000311805 0.02 1 0.000100001 0.000150002 0.32 345 32 1 2.48206e-314 0 0 0 
2.93 3.75776e-08 0.000127815 0.02 1 0.0001 0.000150001 0.32 346 32 1 2.48206e-314 0 0 0 
2.95 1.46866e-08 5.12762e-05 0.02 1 0.0001 0.00015 0.32 347 32 1 2.48206e-314 0 0 0 
2.97 5.57632e-09 2.00464e-05 0.02 1 0.0001 0.00015 0.32 348 32 1 2.48206e-314 0 0 0 
2.99 2.04899e-09 7.59217e-06 0.02 1 0.0001 0.00015 0.32 349 32 1 2.48206e-314 0 0 0 
3.01 7.27691e-10 2.77233e-06 0.02 1 0.0001 0.00015 0.32 350 32 1 2.48206e-314 0 0 0 
3.03 2.50428e-10 9.75991e-07 0.02 1 0.0001 0.00015 0.32 351 32 1 2.48206e-314 0 0 0 
3.05 8.39719e-11 3.32811e-07 0.02 1 0.0001 0.00015 0.32 352 32 1 2.48206e-314 0 0 0 
3.07 2.76197e-11 1.10679e-07 0.02 1 0.0001 0.00015 0.32 353 32 1 2.48206e-314 0 0 0 
3.09 8.97458e-12 3.6155e-08 0.02 1 0.0001 0.00015 0.32 354 32 1 2.48206e-314 0 0 0 
3.11 2.90168e-12 1.16897e-08 0.02 1 0.0001 0.00015 0.32 355 32 1 2.48206e-314 0 0 0 
3.13 9.39505e-13 3.77083e-09 0.02 1 0.0001 0.00015 0.32 356 32 1 2.48206e-314 0 0 0 
3.15 3.05702e-13 1.22221e-09 0.02 1 0.0001 0.00015 0.32 357 32 1 2.48206e-314 0 0 0 
3.17 9.97799e-14 3.99394e-10 0.02 1 0.0001 0.00015 0.32 358 32 1 2.48206e-314 0 0 0 
3.19 3.23746e-14 1.31192e-10 0.02 1 0.0001 0.00015 0.32 359 32 1 2.48206e-314 0 0 0 
3.21 1.0261e-14 4.28431e-11 0.02 1 0.0001 0.00015 0.32 360 32 1 2.48206e-314 0 0 0 
3.23 3.08677e-15 1.36359e-11 0.02 1 0.0001 0.00015 0.32 361 32 1 2.48206e-314 0 0 0 
3.25 8.36769e-16 4.09816e-12 0.02 1 0.0001 0.00015 0.32 362 32 1 2.48206e-314 0 0 0 
3.27 1.79069e-16 1.09929e-12 0.02 1 0.0001 0.00015 0.32 363 32 1 2.48206e-314 0 0 0 
3.29 1.22321e-17 2.2679e-13 0.02 1 0.0001 0.00015 0.32 364 32 1 2.48206e-314 0 0 0 
3.31 -1.69265e-17 9.48811e-15 0.02 1 0.0001 0.00015 0.32 365 32 1 2.48206e-314 0 0 0 
3.33 -1.44397e-17 -2.5886e-14 0.02 1 0.0001 0.00015 0.32 366 32 1 2.48206e-314 0 0 0 
3.35 -8.34406e-18 -2.07103e-14 0.02 1 0.0001 0.00015 0.32 367 32 1 2.48206e-314 0 0 0 
3.37 -4.15078e-18 -1.17241e-14 0.02 1 0.0001 0.00015 0.32 368 33 1 2.48206e-314 0 0 0 
3.39 -1.89951e-18 -5.76935e-15 0.02 1 0.0001 0.00015 0.32 369 33 1 2.48206e-314 0 0 0 
3.41 -8.22339e-19 -2.62179e-15 0.02 1 0.0001 0.00015 0.32 370 33 1 2.48206e-314 0 0 0 
3.43 -3.41585e-19 -1.12933e-15 0.02 1 0.0001 0.00015 0.32 371 33 1 2.48206e-314 0 0 0 
3.45 -1.3719e-19 -4.67252e-16 0.02 1 0.0001 0.00015 0.32 372 33 1 2.48206e-314 0 0 0 
3.47 -5.33813e-20 -1.86935e-16 0.02 1 0.0001 0.00015 0.32 373 33 1 2.48206e-314 0 0 0 
3.49 -2.00152e-20 -7.25967e-17 0.02 1 0.0001 0.00015 0.32 374 33 1 2.48206e-314 0 0 0 
3.51 -6.88414e-21 -2.74534e-17 0.02 1 0.0001 0.00015 0.32 375 33 1 2.48206e-314 0 0 0 
3.53 -1.59753e-21 -1.0056e-17 0.02 1 0.0001 0.00015 0.32 376 33 1 2.48206e-314 0 0 0 
3.55 1.42368e-21 -3.52832e-18 0.02 1 0.0001 0.00015 0.32 377 33 1 2.48206e-314 0 0 0 
3.57 4.2266e-21 -1.09987e-18 0.02 1 0.0001 0.00015 0.32 378 33 1 2.48206e-314 0 0 0 
3.59 7.64932e-21 -1.36584e-19 0.02 1 0.0001 0.00015 0.32 379 33 1 2.48206e-314 0 0 0 
3.61 1.21678e-20 3.13402e-19 0.02 1 0.0001 0.00015 0.32 380 33 1 2.48206e-314 0 0 0 
3.63 1.80439e-20 6.3231e-19 0.02 1 0.0001 0.00015 0.32 381 33 1 2.48206e-314 0 0 0 
3.65 2.56819e-20 9.50159e-19 0.02 1 0.0001 0.00015 0.32 382 33 1 2.48206e-314 0 0 0 
3.67 3.46842e-20 1.29067e-18 0.02 1 0.0001 0.00015 0.32 383 33 1 2.48206e-314 0 0 0 
3.69 4.3848e-20 1.61953e-18 0.02 1 0.0001 0.00015 0.32 384 33 1 2.48206e-314 0 0 0 
3.71 5.32859e-20 1.9685e-18 0.02 1 0.0001 0.00015 0.32 385 33 1 2.48206e-314 0 0 0 
3.73 5.89641e-20 2.15866e-18 0.02 1 0.0001 0.00015 0.32 386 33 1 2.48206e-314 0 0 0 
3.75 5.98719e-20 2.17476e-18 0.02 1 0.0001 0.00015 0.32 387 33 1 2.48206e-314 0 0 0 
3.77 5.80363e-20 2.12055e-18 0.02 1 0.0001 0.00015 0.32 388 33 1 2.48206e-314 0 0 0 
3.79 4.26505e-20 1.4749e-18 0.02 1 0.0001 0.00015 0.32 389 33 1 2.48206e-314 0 0 0 
3.81 1.78022e-20 5.84241e-19 0.02 1 0.0001 0.00015 0.32 390 32 1 2.48206e-314 0 0 0 
3.83 -1.59754e-20 -6.58992e-19 0.02 1 0.0001 0.00015 0.32 391 32 1 2.48206e-314 0 0 0 
3.85 -6.91668e-20 -2.6239e-18 0.02 1 0.0001 0.00015 0.32 392 32 1 2.48206e-314 0 0 0 
3.87 -1.27994e-19 -4.77938e-18 0.02 1 0.0001 0.00015 0.32 393 32 1 2.48206e-314 0 0 0 
3.89 -1.94155e-19 -7.22223e-18 0.02 1 0.0001 0.00015 0.32 394 32 1 2.48206e-314 0 0 0 
3.91 -2.59711e-19 -9.53039e-18 0.02 1 0.0001 0.00015 0.32 395 32 1 2.48206e-314 0 0 0 
3.93 -3.20341e-19 -1.18267e-17 0.02 1 0.0001 0.00015 0.32 396 32 1 2.48206e-314 0 0 0 
3.95 -3.67806e-19 -1.35909e-17 0.02 1 0.0001 0.00015 0.32 397 32 1 2.48206e-314 0 0 0 
3.97 -4.00569e-19 -1.47886e-17 0.02 1 0.0001 0.00015 0.32 398 32 1 2.48206e-314 0 0 0 
3.99 -4.11026e-19 -1.5149e-17 0.02 1 0.0001 0.00015 0.32 399 32 1 2.48206e-314 0 0 0 
4.01 -3.98093e-19 -1.46727e-17 0.02 1 0.0001 0.00015 0.32 400 32 1 2.48206e-314 0 0 0 
4.03 -3.64935e-19 -1.34712e-17 0.02 1 0.0001 0.00015 0.32 401 32 1 2.48206e-314 0 0 0 
4.05 -3.12486e-19 -1.15523e-17 0.02 1 0.0001 0.00015 0.32 402 32 1 2.48206e-314 0 0 0 
4.07 -2.54043e-19 -9.37898e-18 0.02 1 0.0001 0.00015 0.32 403 32 1 2.48206e-314 0 0 0 
4.09 -1.89025e-19 -6.97976e-18 0.02 1 0.0001 0.00015 0.32 404 32 1 2.48206e-314 0 0 0 
4.11 -1.22832e-19 -4.54772e-18 0.02 1 0.0001 0.00015 0.32 405 32 1 2.48206e-314 0 0 0 
4.13 -6.64492e-20 -2.47376e-18 0.02 1 0.0001 0.00015 0.32 406 32 1 2.48206e-314 0 0 0 
4.15 -1.26211e-20 -4.76244e-19 0.02 1 0.0001 0.00015 0.32 407 32 1 2.48206e-314 0 0 0 
4.17 2.47417e-20 9.02514e-19 0.02 1 0.0001 0.00015 0.32 408 32 1 2.48206e-314 0 0 0 
4.19 4.26821e-20 1.57103e-18 0.02 1 0.0001 0.00015 0.32 409 32 1 2.48206e-314 0 0 0 
4.21 5.78993e-20 2.13685e-18 0.02 1 0.0001 0.00015 0.32 410 32 1 2.48206e-314 0 0 0 
4.23 6.03383e-20 2.23532e-18 0.02 1 0.0001 0.00015 0.32 411 31 1 2.48206e-314 0 0 0 
4.25 5.78581e-20 2.14342e-18 0.02 1 0.0001 0.00015 0.32 412 31 1 2.48206e-314 0 0 0 
4.27 5.05873e-20 1.87406e-18 0.02 1 0.0001 0.00015 0.32 413 31 1 2.48206e-314 0 0 0 
4.29 3.9984e-20 1.48125e-18 0.02 1 0.0001 0.00015 0.32 414 31 1 2.48206e-314 0 0 0 
4.31 3.19986e-20 1.18542e-18 0.02 1 0.0001 0.00015 0.32 415 31 1 2.48206e-314 0 0 0 
4.33 2.23727e-20 8.28822e-19 0.02 1 0.0001 0.00015 0.32 416 31 1 2.48206e-314 0 0 0 
4.35 1.65995e-20 6.14946e-19 0.02 1 0.0001 0.00015 0.32 417 31 1 2.48206e-314 0 0 0 
4.37 1.15808e-20 4.29022e-19 0.02 1 0.0001 0.00015 0.32 418 31 1 2.48206e-314 0 0 0 
4.39 7.1108e-21 2.63427e-19 0.02 1 0.0001 0.00015 0.32 419 31 1 2.48206e-314 0 0 0 
4.41 4.44711e-21 1.64748e-19 0.02 1 0.0001 0.00015 0.32 420 31 1 2.48206e-314 0 0 0 
4.43 2.66369e-21 9.86793e-20 0.02 1 0.0001 0.00015 0.32 421 31 1 2.48206e-314 0 0 0 
4.45 1.22324e-21 4.53163e-20 0.02 1 0.0001 0.00015 0.32 422 31 1 2.48206e-314 0 0 0 
4.47 4.2299e-22 1.56701e-20 0.02 1 0.0001 0.00015 0.32 423 31 1 2.48206e-314 0 0 0 
4.49 1.65766e-22 6.14099e-21 0.02 1 0.0001 0.00015 0.32 424 31 1 2.48206e-314 0 0 0 
4.51 5.14447e-23 1.90582e-21 0.02 1 0.0001 0.00015 0.32 425 31 1 2.48206e-314 0 0 0 
4.53 2.0795e-37 7.70372e-36 0.02 1 0.0001 0.00015 0.32 426 31 1 2.48206e-314 0 0 0 
4.55 0 0 0.02 1 0.0001 0.00015 0.32 427 31 1 2.48206e-314 0 0 0 
4.57 0 0 0.02 1 0.0001 0.00015 0.32 428 31 1 2.48206e-314 0 0 0 
4.59 0 0 0.02 1 0.0001 0.00015 0.32 429 31 1 2.48206e-314 0 0 0 
4.61 0 0 0.02 1 0.0001 0.00015 0.32 430 31 1 2.48206e-314 0 0 0 
4.63 0 0 0.02 1 0.0001 0.00015 0.32 431 31 1 2.48206e-314 0 0 0 
4.65 0 0 0.02 1 0.0001 0.00015 0.32 432 31 1 2.48206e-314 0 0 0 
4.67 0 0 0.02 1 0.0001 0.00015 0.32 433 31 1 2.48206e-314 0 0 0 
4.69 0 0 0.02 1 0.0001 0.00015 0.32 434 31 1 2.48206e-314 0 0 0 
4.71 0 0 0.02 1 0.0001 0.00015 0.32 435 31 1 2.48206e-314 0 0 0 
4.73 0 0 0.02 1 0.0001 0.00015 0.32 436 31 1 2.48206e-314 0 0 0 
4.75 0 0 0.02 1 0.0001 0.00015 0.32 437 31 1 2.48206e-314 0 0 0 
4.77 0 0 0.02 1 0.0001 0.00015 0.32 438 31 1 2.48206e-314 0 0 0 
4.79 0 0 0.02 1 0.0001 0.00015 0.32 439 31 1 2.48206e-314 0 0 0 
4.81 0 0 0.02 1 0.0001 0.00015 0.32 440 31 1 2.48206e-314 0 0 0 
4.83 0 0 0.02 1 0.0001 0.00015 0.32 441 31 1 2.48206e-314 0 0 0 
4.85 0 0 0.02 1 0.0001 0.00015 0.32 442 31 1 2.48206e-314 0 0 0 
4.87 0 0 0.02 1 0.0001 0.00015 0.32 443 31 1 2.48206e-314 0 0 0 
4.89 0 0 0.02 1 0.0001 0.00015 0.32 444 31 1 2.48206e-314 0 0 0 
4.91 0 0 0.02 1 0.0001 0.00015 0.32 445 31 1 2.48206e-314 0 0 0 
4.93 0 0 0.02 1 0.0001 0.00015 0.32 446 31 1 2.48206e-314 0 0 0 
4.95 0 0 0.02 1 0.0001 0.00015 0.32 447 31 1 2.48206e-314 0 0 0 
4.97 0 0 0.02 1 0.0001 0.00015 0.32 448 31 1 2.48206e-314 0 0 0 
4.99 0 0 0.02 1 0.0001 0.00015 0.32 449 31 1 2.48206e-314 0 0 0 
5.01 0 0 0.02 1 0.0001 0.00015 0.32 450 31 1 2.48206e-314 0 0 0 
5.03 0 0 0.02 1 0.0001 0.00015 0.32 451 31 1 2.48206e-314 0 0 0 
5.05 0 0 0.02 1 0.0001 0.00015 0.32 452 31 1 2.48206e-314 0 0 0 
5.07 0 0 0.02 1 0.0001 0.00015 0.32 453 31 1 2.48206e-314 0 0 0 
5.09 0 0 0.02 1 0.0001 0.00015 0.32 454 31 1 2.48206e-314 0 0 0 
5.11 0 0 0.02 1 0.0001 0.00015 0.32 455 31 1 2.48206e-314 0 0 0 
5.13 0 0 0.02 1 0.0001 0.00015 0.32 456 31 1 2.48206e-314 0 0 0 
5.15 0 0 0.02 1 0.0001 0.00015 0.32 457 31 1 2.48206e-314 0 0 0 
5.17 0 0 0.02 1 0.0001 0.00015 0.32 458 31 1 2.48206e-314 0 0 0 
5.19 0 0 0.02 1 0.0001 0.00015 0.32 459 31 1 2.48206e-314 0 0 0 
5.21 0 0 0.02 1 0.0001 0.00015 0.32 460 31 1 2.48206e-314 0 0 0 
5.23 0 0 0.02 1 0.0001 0.00015 0.32 461 31 1 2.48206e-314 0 0 0 
5.25 0 0 0.02 1 0.0001 0.00015 0.32 462 31 1 2.48206e-314 0 0 0 
5.27 0 0 0.02 1 0.0001 0.00015 0.32 463 31 1 2.48206e-314 0 0 0 
5.29 0 0 0.02 1 0.0001 0.00015 0.32 464 31 1 2.48206e-314 0 0 0 
5.31 0 0 0.02 1 0.0001 0.00015 0.32 465 31 1 2.48206e-314 0 0 0 
5.33 0 0 0.02 1 0.0001 0.00015 0.32 466 31 1 2.48206e-314 0 0 0 
5.35 0 0 0.02 1 0.0001 0.00015 0.32 467 31 1 2.48206e-314 0 0 0 
5.37 0 0 0.02 1 0.0001 0.00015 0.32 468 31 1 2.48206e-314 0 0 0 
5.39 0 0 0.02 1 0.0001 0.00015 0.32 469 31 1 2.48206e-314 0 0 0 
5.41 0 0 0.02 1 0.0001 0.00015 0.32 470 31 1 2.48206e-314 0 0 0 
5.43 0 0 0.02 1 0.0001 0.00015 0.32 471 31 1 2.48206e-314 0 0 0 
5.45 0 0 0.02 1 0.0001 0.00015 0.32 472 31 1 2.48206e-314 0 0 0 
5.47 0 0 0.02 1 0.0001 0.00015 0.32 473 31 1 2.48206e-314 0 0 0 
5.49 0 0 0.02 1 0.0001 0.00015 0.32 474 31 1 2.48206e-314 0 0 0 
5.51 0 0 0.02 1 0.0001 0.00015 0.32 475 31 1 2.48206e-314 0 0 0 
5.53 0 0 0.02 1 0.0001 0.00015 0.32 476 31 1 2.48206e-314 0 0 0 
5.55 0 0 0.02 1 0.0001 0.00015 0.32 477 31 1 2.48206e-314 0 0 0 
5.57 0 0 0.02 1 0.0001 0.00015 0.32 478 31 1 2.48206e-314 0 0 0 
5.59 0 0 0.02 1 0.0001 0.00015 0.32 479 31 1 2.48206e-314 0 0 0 
5.61 0 0 0.02 1 0.0001 0.00015 0.32 480 31 1 2.48206e-314 0 0 0 
5.63 0 0 0.02 1 0.0001 0.00015 0.32 481 31 1 2.48206e-314 0 0 0 
5.65 0 0 0.02 1 0.0001 0.00015 0.32 482 31 1 2.48206e-314 0 0 0 
5.67 0 0 0.02 1 0.0001 0.00015 0.32 483 31 1 2.48206e-314 0 0 0 
5.69 0 0 0.02 1 0.0001 0.00015 0.32 484 31 1 2.48206e-314 0 0 0 
5.71 0 0 0.02 1 0.0001 0.00015 0.32 485 31 1 2.48206e-314 0 0 0 
5.73 0 0 0.02 1 0.0001 0.00015 0.32 486 31 1 2.48206e-314 0 0 0 
5.75 0 0 0.02 1 0.0001 0.00015 0.32 487 31 1 2.48206e-314 0 0 0 
5.77 0 0 0.02 1 0.0001 0.00015 0.32 488 31 1 2.48206e-314 0 0 0 
5.79 0 0 0.02 1 0.0001 0.00015 0.32 489 31 1 2.48206e-314 0 0 0 
5.81 0 0 0.02 1 0.0001 0.00015 0.32 490 31 1 2.48206e-314 0 0 0 
5.83 0 0 0.02 1 0.0001 0.00015 0.32 491 31 1 2.48206e-314 0 0 0 
5.85 0 0 0.02 1 0.0001 0.00015 0.32 492 31 1 2.48206e-314 0 0 0 
5.87 0 0 0.02 1 0.0001 0.00015 0.32 493 31 1 2.48206e-314 0 0 0 
5.89 0 0 0.02 1 0.0001 0.00015 0.32 494 31 1 2.48206e-314 0 0 0 
5.91 0 0 0.02 1 0.0001 0.00015 0.32 495 31 1 2.48206e-314 0 0 0 
5.93 0 0 0.02 1 0.0001 0.00015 0.32 496 31 1 2.48206e-314 0 0 0 
5.95 0 0 0.02 1 0.0001 0.00015 0.32 497 31 1 2.48206e-314 0 0 0 
5.97 0 0 0.02 1 0.0001 0.00015 0.32 498 31 1 2.48206e-314 0 0 0 
5.99 0 0 0.02 1 0.0001 0.00015 0.32 499 31 1 2.48206e-314 0 0 0 
6.01 0 0 0.02 1 0.0001 0.00015 0.32 500 31 1 2.48206e-314 0 0 0 
6.03 0 0 0.02 1 0.0001 0.00015 0.32 501 31 1 2.48206e-314 0 0 0 
6.05 0 0 0.02 1 0.0001 0.00015 0.32 502 31 1 2.48206e-314 0 0 0 
6.07 0 0 0.02 1 0.0001 0.00015 0.32 503 31 1 2.48206e-314 0 0 0 
6.09 0 0 0.02 1 0.0001 0.00015 0.32 504 31 1 2.48206e-314 0 0 0 
6.11 0 0 0.02 1 0.0001 0.00015 0.32 505 31 1 2.48206e-314 0 0 0 
6.13 0 0 0.02 1 0.0001 0.00015 0.32 506 31 1 2.48206e-314 0 0 0 
6.15 0 0 0.02 1 0.0001 0.00015 0.32 507 31 1 2.48206e-314 0 0 0 
6.17 0 0 0.02 1 0.0001 0.00015 0.32 508 31 1 2.48206e-314 0 0 0 
6.19 0 0 0.02 1 0.0001 0.00015 0.32 509 31 1 2.48206e-314 0 0 0 
6.21 0 0 0.02 1 0.0001 0.00015 0.32 510 31 1 2.48206e-314 0 0 0 
6.23 0 0 0.02 1 0.0001 0.00015 0.32 511 31 1 2.48206e-314 0 0 0 
6.25 0 0 0.02 1 0.0001 0.00015 0.32 512 31 1 2.48206e-314 0 0 0 
6.27 0 0 0.02 1 0.0001 0.00015 0.32 513 31 1 2.48206e-314 0 0 0 
6.29 0 0 0.02 1 0.0001 0.00015 0.32 514 31 1 2.48206e-314 0 0 0 
6.31 0 0 0.02 1 0.0001 0.00015 0.32 515 31 1 2.48206e-314 0 0 0 
6.33 0 0 0.02 1 0.0001 0.00015 0.32 516 31 1 2.48206e-314 0 0 0 
6.35 0 0 0.02 1 0.0001 0.00015 0.32 517 31 1 2.48206e-314 0 0 0 
6.37 0 0 0.02 1 0.0001 0.00015 0.32 518 31 1 2.48206e-314 0 0 0 
6.39 0 0 0.02 1 0.0001 0.00015 0.32 519 31 1 2.48206e-314 0 0 0 
6.41 0 0 0.02 1 0.0001 0.00015 0.32 520 31 1 2.48206e-314 0 0 0 
6.43 0 0 0.02 1 0.0001 0.00015 0.32 521 31 1 2.48206e-314 0 0 0 
6.45 0 0 0.02 1 0.0001 0.00015 0.32 522 31 1 2.48206e-314 0 0 0 
6.47 0 0 0.02 1 0.0001 0.00015 0.32 523 31 1 2.48206e-314 0 0 0 
6.49 0 0 0.02 1 0.0001 0.00015 0.32 524 31 1 2.48206e-314 0 0 0 
6.51 0 0 0.02 1 0.0001 0.00015 0.32 525 31 1 2.48206e-314 0 0 0 
6.53 0 0 0.02 1 0.0001 0.00015 0.32 526 31 1 2.48206e-314 0 0 0 
6.55 0 0 0.02 1 0.0001 0.00015 0.32 527 31 1 2.48206e-314 0 0 0 
6.57 0 0 0.02 1 0.0001 0.00015 0.32 528 31 1 2.48206e-314 0 0 0 
6.59 0 0 0.02 1 0.0001 0.00015 0.32 529 31 1 2.48206e-314 0 0 0 
6.61 0 0 0.02 1 0.0001 0.00015 0.32 530 31 1 2.48206e-314 0 0 0 
6.63 0 0 0.02 1 0.0001 0.00015 0.32 531 31 1 2.48206e-314 0 0 0 
6.65 0 0 0.02 1 0.0001 0.00015 0.32 532 31 1 2.48206e-314 0 0 0 
6.67 0 0 0.02 1 0.0001 0.00015 0.32 533 31 1 2.48206e-314 0 0 0 
6.69 0 0 0.02 1 0.0001 0.00015 0.32 534 31 1 2.48206e-314 0 0 0 
6.71 0 0 0.02 1 0.0001 0.00015 0.32 535 31 1 2.48206e-314 0 0 0 
6.73 0 0 0.02 1 0.0001 0.00015 0.32 536 31 1 2.48206e-314 0 0 0 
6.75 0 0 0.02 1 0.0001 0.00015 0.32 537 31 1 2.48206e-314 0 0 0 
6.77 0 0 0.02 1 0.0001 0.00015 0.32 538 31 1 2.48206e-314 0 0 0 
6.79 0 0 0.02 1 0.0001 0.00015 0.32 539 31 1 2.48206e-314 0 0 0 
6.81 0 0 0.02 1 0.0001 0.00015 0.32 540 31 1 2.48206e-314 0 0 0 
6.83 0 0 0.02 1 0.0001 0.00015 0.32 541 31 1 2.48206e-314 0 0 0 
6.85 0 0 0.02 1 0.0001 0.00015 0.32 542 31 1 2.48206e-314 0 0 0 
6.87 0 0 0.02 1 0.0001 0.00015 0.32 543 31 1 2.48206e-314 0 0 0 
6.89 0 0 0.02 1 0.0001 0.00015 0.32 544 31 1 2.48206e-314 0 0 0 
6.91 0 0 0.02 1 0.0001 0.00015 0.32 545 31 1 2.48206e-314 0 0 0 
6.93 0 0 0.02 1 0.0001 0.00015 0.32 546 31 1 2.48206e-314 0 0 0 
6.95 0 0 0.02 1 0.0001 0.00015 0.32 547 31 1 2.48206e-314 0 0 0 
6.97 0 0 0.02 1 0.0001 0.00015 0.32 548 31 1 2.48206e-314 0 0 0 
6.99 0 0 0.02 1 0.0001 0.00015 0.32 549 31 1 2.48206e-314 0 0 0 
7.01 0 0 0.02 1 0.0001 0.00015 0.32 550 31 1 2.48206e-314 0 0 0 
7.03 0 0 0.02 1 0.0001 0.00015 0.32 551 31 1 2.48206e-314 0 0 0 
7.05 0 0 0.02 1 0.0001 0.00015 0.32 552 31 1 2.48206e-314 0 0 0 
7.07 0 0 0.02 1 0.0001 0.00015 0.32 553 31 1 2.48206e-314 0 0 0 
7.09 0 0 0.02 1 0.0001 0.00015 0.32 554 31 1 2.48206e-314 0 0 0 
7.11 0 0 0.02 1 0.0001 0.00015 0.32 555 31 1 2.48206e-314 0 0 0 
7.13 0 0 0.02 1 0.0001 0.00015 0.32 556 31 1 2.48206e-314 0 0 0 
7.15 0 0 0.02 1 0.0001 0.00015 0.32 557 31 1 2.48206e-314 0 0 0 
7.17 0 0 0.02 1 0.0001 0.00015 0.32 558 31 1 2.48206e-314 0 0 0 
7.19 0 0 0.02 1 0.0001 0.00015 0.32 559 31 1 2.48206e-314 0 0 0 
7.21 0 0 0.02 1 0.0001 0.00015 0.32 560 31 1 2.48206e-314 0 0 0 
7.23 0 0 0.02 1 0.0001 0.00015 0.32 561 31 1 2.48206e-314 0 0 0 
7.25 0 0 0.02 1 0.0001 0.00015 0.32 562 31 1 2.48206e-314 0 0 0 
7.27 0 0 0.02 1 0.0001 0.00015 0.32 563 31 1 2.48206e-314 0 0 0 
7.29 0 0 0.02 1 0.0001 0.00015 0.32 564 31 1 2.48206e-314 0 0 0 
7.31 0 0 0.02 1 0.0001 0.00015 0.32 565 31 1 2.48206e-314 0 0 0 
7.33 -9.78873e-25 -2.11758e-22 0.02 1 0.0001 0.00015 0.32 566 31 1 2.48206e-314 0 0 0 
7.35 -5.89669e-24 -1.05879e-21 0.02 1 0.0001 0.00015 0.32 567 31 1 2.48206e-314 0 0 0 
7.37 -1.87379e-23 -3.17637e-21 0.02 1 0.0001 0.00015 0.32 568 31 1 2.48206e-314 0 0 0 
7.39 -4.75062e-23 -7.83505e-21 0.02 1 0.0001 0.00015 0.32 569 31 1 2.48206e-314 0 0 0 
7.41 -3.21144e-22 -2.43522e-20 0.02 1 0.0001 0.00015 0.32 570 31 1 2.48206e-314 0 0 0 
7.43 -1.74748e-21 -8.51268e-20 0.02 1 0.0001 0.00015 0.32 571 31 1 2.48206e-314 0 0 0 
7.45 -6.25505e-21 -2.60039e-19 0.02 1 0.0001 0.00015 0.32 572 31 1 2.48206e-314 0 0 0 
7.47 -1.70546e-20 -6.76779e-19 0.02 1 0.0001 0.00015 0.32 573 31 1 2.48206e-314 0 0 0 
7.49 -3.80583e-20 -1.45817e-18 0.02 1 0.0001 0.00015 0.32 574 31 1 2.48206e-314 0 0 0 
7.51 -7.65225e-20 -2.90829e-18 0.02 1 0.0001 0.00015 0.32 575 31 1 2.48206e-314 0 0 0 
7.53 -1.3906e-19 -5.21052e-18 0.02 1 0.0001 0.00015 0.32 576 31 1 2.48206e-314 0 0 0 
7.55 -2.3374e-19 -8.72317e-18 0.02 1 0.0001 0.00015 0.32 577 31 1 2.48206e-314 0 0 0 
7.57 -3.70688e-19 -1.37802e-17 0.02 1 0.0001 0.00015 0.32 578 31 1 2.48206e-314 0 0 0 
7.59 -5.5176e-19 -2.03745e-17 0.02 1 0.0001 0.00015 0.32 579 31 1 2.48206e-314 0 0 0 
7.61 -7.77899e-19 -2.87555e-17 0.02 1 0.0001 0.00015 0.32 580 31 1 2.48206e-314 0 0 0 
7.63 -1.0413e-18 -3.83475e-17 0.02 1 0.0001 0.00015 0.32 581 31 1 2.48206e-314 0 0 0 
7.65 -1.33086e-18 -4.91112e-17 0.02 1 0.0001 0.00015 0.32 582 31 1 2.48206e-314 0 0 0 
7.67 -1.62278e-18 -5.9853e-17 0.02 1 0.0001 0.00015 0.32 583 31 1 2.48206e-314 0 0 0 
7.69 -1.88562e-18 -6.96424e-17 0.02 1 0.0001 0.00015 0.32 584 31 1 2.48206e-314 0 0 0 
7.71 -1.82361e-18 -6.72508e-17 0.02 1 0.0001 0.00015 0.32 585 32 1 2.48206e-314 0 0 0 
7.73 -1.39408e-18 -5.14306e-17 0.02 1 0.0001 0.00015 0.32 586 32 1 2.48206e-314 0 0 0 
7.75 -5.61568e-19 -2.05024e-17 0.02 1 0.0001 0.00015 0.32 587 32 1 2.48206e-314 0 0 0 
7.77 6.81741e-19 2.53934e-17 0.02 1 0.0001 0.00015 0.32 588 32 1 2.48206e-314 0 0 0 
7.79 2.33518e-18 8.65649e-17 0.02 1 0.0001 0.00015 0.32 589 32 1 2.48206e-314 0 0 0 
7.81 4.38247e-18 1.62337e-16 0.02 1 0.0001 0.00015 0.32 590 32 1 2.48206e-314 0 0 0 
7.83 6.78579e-18 2.51211e-16 0.02 1 0.0001 0.00015 0.32 591 32 1 2.48206e-314 0 0 0 
7.85 9.49953e-18 3.51567e-16 0.02 1 0.0001 0.00015 0.32 592 32 1 2.48206e-314 0 0 0 
7.87 1.13816e-17 4.21043e-16 0.02 1 0.0001 0.00015 0.32 593 32 1 2.48206e-314 0 0 0 
7.89 1.237e-17 4.57696e-16 0.02 1 0.0001 0.00015 0.32 594 32 1 2.48206e-314 0 0 0 
7.91 1.24022e-17 4.58945e-16 0.02 1 0.0001 0.00015 0.32 595 32 1 2.48206e-314 0 0 0 
7.93 1.14518e-17 4.23792e-16 0.02 1 0.0001 0.00015 0.32 596 32 1 2.48206e-314 0 0 0 
7.95 9.5172e-18 3.52206e-16 0.02 1 0.0001 0.00015 0.32 597 33 1 2.48206e-314 0 0 0 
7.97 6.62341e-18 2.45243e-16 0.02 1 0.0001 0.00015 0.32 598 33 1 2.48206e-314 0 0 0 
7.99 2.78577e-18 1.03272e-16 0.02 1 0.0001 0.00015 0.32 599 33 1 2.48206e-314 0 0 0 
-4.01 0 4844.01 0.02 0.964687 9646.87 15000 0.331714 600 32 1 3.03136e-314 0 0 0 
-4.03 0 5266.34 0.02 0.967899 9678.99 15000 0.330613 601 32 1 3.03136e-314 0 0 0 
-4.05 0 5458 0.02 0.971579 9715.79 15000 0.329361 602 32 1 3.03136e-314 0 0 0 
-4.07 0 5460.3 0.02 0.975565 9755.65 15000 0.328015 603 32 1 3.03136e-314 0 0 0 
-4.09 0 5311.37 0.02 0.979697 9796.97 15000 0.326632 604 32 1 3.03136e-314 0 0 0 
-4.11 0 5057.82 0.02 0.983812 9838.12 15000 0.325265 605 32 1 3.03136e-314 0 0 0 
-4.13 0 4751.62 0.02 0.987726 9877.26 15000 0.323976 606 32 1 3.03136e-314 0 0 0 
-4.15 0 4470.46 0.02 0.991226 9912.26 15000 0.322833 607 32 1 3.03136e-314 0 0 0 
-4.17 0 4416.56 0.02 0.994061 9940.61 15000 0.321912 608 32 1 3.03136e-314 0 0 0 
-4.19 0 4890.07 0.02 0.996196 9961.96 15000 0.321222 609 32 1 3.03136e-314 0 0 0 
-4.21 0 5780.78 0.02 0.997739 9977.39 15000 0.320725 610 32 1 3.03136e-314 0 0 0 
-4.23 0 6949.87 0.02 0.998793 9987.93 15000 0.320387 611 32 1 3.03136e-314 0 0 0 
-4.25 0 8249.89 0.02 0.999455 9994.55 15000 0.320174 612 32 1 3.03136e-314 0 0 0 
-4.27 0 9521.72 0.02 0.999817 9998.17 15000 0.320059 613 32 1 3.03136e-314 0 0 0 
-4.29 0 10591.5 0.02 0.999969 9999.69 15000 0.32001 614 32 1 3.03136e-314 0 0 0 
-4.31 0 11266.6 0.02 1 10000 15000 0.32 615 31 1 3.03136e-314 0 0 0 
-4.33 0 11313.1 0.02 1 10000 15000 0.32 616 31 1 3.03136e-314 0 0 0 
-4.35 0 10097.7 0.02 0.999959 9999.59 15000 0.320013 617 31 1 3.03136e-314 0 0 0 
-4.37 0 6890.44 0.02 0.999631 9996.31 15000 0.320118 618 30 1 3.03136e-314 0 0 0 
-4.39 0 1867.9 0.02 0.998503 9985.03 15000 0.32048 619 29 1 3.03136e-314 0 0 0 
-4.41 0 -4695.91 0.02 0.995748 9957.48 15000 0.321366 620 28 1 3.03136e-314 0 0 0 
-4.43 0 -12520.9 0.02 0.990126 9901.26 15000 0.323191 621 27 1 3.03136e-314 0 0 0 
-4.45 0 -21331 0.02 0.979822 9798.22 15000 0.32659 622 26 1 3.03136e-314 0 0 0 
-4.47 0 -30874.4 0.02 0.962228 9622.28 15000 0.332561 623 25 1 3.03136e-314 0 0 0 
-4.49 0 -40909.7 0.02 0.933731 9337.31 15000 0.342711 624 25 1 3.03136e-314 0 0 0 
-4.51 0 -50869.3 0.02 0.890771 8907.71 15000 0.359239 625 24 1 3.03136e-314 0 0 0 
-4.53 0 -59976.5 0.02 0.832895 8328.95 15000 0.384202 626 25 1 3.03136e-314 0 0 0 
-4.55 0 -67510.4 0.02 0.764751 7647.51 15000 0.418437 627 25 1 3.03136e-314 0 0 0 
-4.57 0 -73023.1 0.02 0.6944 6944 15000 0.460829 628 27 1 3.03136e-314 0 0 0 
-4.59 0 -76504.1 0.02 0.62873 6287.3 15000 0.508962 629 28 1 3.03136e-314 0 0 0 
-4.61 0 -78242.6 0.02 0.571028 5710.28 15000 0.560393 630 30 1 3.03136e-314 0 0 0 
-4.63 0 -78616.6 0.02 0.521739 5217.39 15000 0.613333 631 31 1 3.03136e-314 0 0 0 
8.01 0 -7.12194e-17 0.02 1 0.0001 0.00015 0.32 632 33 1 3.03136e-314 0 0 0 
8.03 0 -5.06339e-08 0.02 1 0.0001 0.00015 0.32 633 33 1 3.03136e-314 0 0 0 
8.05 0 -3.17263e-07 0.02 1 0.0001 0.00015 0.32 634 33 1 3.03136e-314 0 0 0 
8.07 0 -9.68767e-07 0.02 1 0.0001 0.00015 0.32 635 33 1 3.03136e-314 0 0 0 
8.09 0 -2.20229e-06 0.02 1 0.0001 0.00015 0.32 636 32 1 3.03136e-314 0 0 0 
8.11 0 -4.34936e-06 0.02 1 0.0001 0.00015 0.32 637 32 1 3.03136e-314 0 0 0 
8.13 0 -7.84431e-06 0.02 1 0.0001 0.00015 0.32 638 32 1 3.03136e-314 0 0 0 
8.15 0 -1.34436e-05 0.02 1 0.0001 0.00015 0.32 639 32 1 3.03136e-314 0 0 0 
8.17 0 -2.29056e-05 0.02 1 0.0001 0.00015 0.32 640 32 1 3.03136e-314 0 0 0 
8.19 0 -3.61693e-05 0.02 1 0.0001 0.00015 0.32 641 32 1 3.03136e-314 0 0 0 
8.21 0 -5.19572e-05 0.02 1 0.0001 0.00015 0.32 642 32 1 3.03136e-314 0 0 0 
8.23 0 -6.89475e-05 0.02 1 0.0001 0.00015 0.32 643 32 1 3.03136e-314 0 0 0 
8.25 0 -8.57501e-05 0.02 1 0.0001 0.00015 0.32 644 32 1 3.03136e-314 0 0 0 
8.27 0 -0.000100878 0.02 1 0.0001 0.00015 0.32 645 32 1 3.03136e-314 0 0 0 
8.29 0 -0.000112715 0.02 1 0.0001 0.00015 0.32 646 31 1 3.03136e-314 0 0 0 
8.31 0 -0.000119459 0.02 1 0.0001 0.00015 0.32 647 31 1 3.03136e-314 0 0 0 
8.33 0 -0.000118983 0.02 1 0.0001 0.00015 0.32 648 31 1 3.03136e-314 0 0 0 
8.35 0 -0.000105681 0.02 0.999959 9.99959e-05 0.00015 0.320013 649 31 1 3.03136e-314 0 0 0 
8.37 0 -7.25203e-05 0.02 0.999631 9.99631e-05 0.00015 0.320118 650 30 1 3.03136e-314 0 0 0 
8.39 0 -2.13263e-05 0.02 0.998503 9.98503e-05 0.00015 0.32048 651 29 1 3.03136e-314 0 0 0 
8.41 0 4.51216e-05 0.02 0.995748 9.95748e-05 0.00015 0.321366 652 28 1 3.03136e-314 0 0 0 
8.43 0 0.000124006 0.02 0.990126 9.90126e-05 0.00015 0.323191 653 27 1 3.03136e-314 0 0 0 
8.45 0 0.000212573 0.02 0.979822 9.79822e-05 0.00015 0.32659 654 26 1 3.03136e-314 0 0 0 
8.47 0 0.000308325 0.02 0.962228 9.62228e-05 0.00015 0.332561 655 25 1 3.03136e-314 0 0 0 
8.49 0 0.00040888 0.02 0.933731 9.33731e-05 0.00015 0.342711 656 25 1 3.03136e-314 0 0 0 
8.51 0 0.000508598 0.02 0.890771 8.90771e-05 0.00015 0.359239 657 24 1 3.03136e-314 0 0 0 
8.53 0 0.000599735 0.02 0.832895 8.32895e-05 0.00015 0.384202 658 25 1 3.03136e-314 0 0 0 
8.55 0 0.000675109 0.02 0.764751 7.64751e-05 0.00015 0.418437 659 25 1 3.03136e-314 0 0 0 
8.57 0 0.000730258 0.02 0.6944 6.944e-05 0.00015 0.460829 660 27 1 3.03136e-314 0 0 0 
8.59 0 0.000765089 0.02 0.62873 6.2873e-05 0.00015 0.508962 661 28 1 3.03136e-314 0 0 0 
8.61 0 0.0007825 0.02 0.571028 5.71028e-05 0.00015 0.560393 662 30 1 3.03136e-314 0 0 0 
8.63 0 0.000786275 0.02 0.521739 5.21739e-05 0.00015 0.613333 663 31 1 3.03136e-314 0 0 0 
