# Time [s]: 0.0272193
# Columns: pos [m], vel [m/s], acc [m/s^2], mass [kg], dens [kg/m^3], pres [Pa], ene [J/kg], sml [m], id, neighbor, alpha, gradh, ...additional?
# Additional arrays: grad_velocity_0(vector) grad_pressure(vector) grad_density(vector) 
-3.98172 3.1385 780.7 0.02 0.958371 9413.78 14733.9 0.3339 0 33 1 2.48207e-314 0 0 0 
-3.96219 2.83803 656.795 0.02 0.956697 9384.84 14714.3 0.334484 1 33 1 2.48207e-314 0 0 0 
-3.94233 2.6909 582.812 0.02 0.95548 9357.63 14690.3 0.33491 2 32 1 2.48207e-314 0 0 0 
-3.92218 2.66795 548.536 0.02 0.95461 9331.84 14663.2 0.335215 3 32 1 2.48207e-314 0 0 0 
-3.90179 2.75001 546.888 0.02 0.953998 9307.31 14634 0.335431 4 32 1 2.48207e-314 0 0 0 
-3.88117 2.92711 574.366 0.02 0.953556 9283.85 14603.8 0.335586 5 32 1 2.48207e-314 0 0 0 
-3.86033 3.19846 631.456 0.02 0.953185 9261.16 14573.7 0.335717 6 32 1 2.48207e-314 0 0 0 
-3.83924 3.57355 723.444 0.02 0.952762 9238.66 14544.7 0.335865 7 32 1 2.48207e-314 0 0 0 
-3.81789 4.06191 852.223 0.02 0.952122 9215.4 14517.8 0.336091 8 32 1 2.48207e-314 0 0 0 
-3.7967 4.45327 938.383 0.02 0.951248 9191.8 14494 0.3364 9 32 1 2.48207e-314 0 0 0 
-3.7756 4.78274 995.551 0.02 0.950257 9168.58 14472.4 0.336751 10 32 1 2.48207e-314 0 0 0 
-3.75454 5.08223 1039.93 0.02 0.949202 9145.9 14452.6 0.337125 11 32 1 2.48207e-314 0 0 0 
-3.73348 5.37022 1080.21 0.02 0.948104 9123.62 14434.1 0.337516 12 32 1 2.48207e-314 0 0 0 
-3.71242 5.65604 1120.39 0.02 0.946963 9101.5 14416.5 0.337922 13 32 1 2.48207e-314 0 0 0 
-3.69134 5.94222 1161.2 0.02 0.945771 9079.25 14399.4 0.338348 14 31 1 2.48207e-314 0 0 0 
-3.67024 6.22526 1200.62 0.02 0.944526 9056.65 14382.5 0.338794 15 31 1 2.48207e-314 0 0 0 
-3.64914 6.49931 1236.26 0.02 0.943237 9033.64 14365.5 0.339257 16 32 1 2.48207e-314 0 0 0 
-3.62796 6.80137 1280.67 0.02 0.941898 9009.94 14348.2 0.33974 17 32 1 2.48207e-314 0 0 0 
-3.60672 7.11986 1329.11 0.02 0.940479 8985.33 14330.6 0.340252 18 32 1 2.48207e-314 0 0 0 
-3.58543 7.44489 1377.11 0.02 0.938972 8959.74 14312.8 0.340798 19 32 1 2.48207e-314 0 0 0 
-3.5641 7.77109 1422.57 0.02 0.937377 8933.19 14294.6 0.341378 20 32 1 2.48207e-314 0 0 0 
-3.54274 8.09573 1464.66 0.02 0.935702 8905.75 14276.2 0.341989 21 32 1 2.48207e-314 0 0 0 
-3.52135 8.41775 1503.18 0.02 0.933959 8877.5 14257.5 0.342628 22 32 1 2.48207e-314 0 0 0 
-3.49993 8.7374 1538.47 0.02 0.932156 8848.52 14238.5 0.34329 23 32 1 2.48207e-314 0 0 0 
-3.47847 9.05651 1571.46 0.02 0.930303 8818.85 14219 0.343974 24 32 1 2.48207e-314 0 0 0 
-3.45697 9.37876 1603.92 0.02 0.928405 8788.51 14199.1 0.344677 25 32 1 2.48207e-314 0 0 0 
-3.43542 9.70576 1636.45 0.02 0.92646 8757.49 14178.7 0.345401 26 32 1 2.48207e-314 0 0 0 
-3.41383 10.0377 1668.94 0.02 0.924469 8725.78 14157.8 0.346145 27 32 1 2.48207e-314 0 0 0 
-3.39218 10.3742 1701.04 0.02 0.92243 8693.37 14136.4 0.34691 28 32 1 2.48207e-314 0 0 0 
-3.37048 10.7147 1732.4 0.02 0.920343 8660.28 14114.5 0.347696 29 32 1 2.48207e-314 0 0 0 
-3.34874 11.0589 1762.74 0.02 0.91821 8626.52 14092.2 0.348504 30 32 1 2.48207e-314 0 0 0 
-3.32694 11.4064 1791.91 0.02 0.91603 8592.13 14069.4 0.349333 31 32 1 2.48207e-314 0 0 0 
-3.30508 11.7569 1819.85 0.02 0.913807 8557.12 14046.2 0.350183 32 32 1 2.48207e-314 0 0 0 
-3.28318 12.1104 1846.53 0.02 0.911543 8521.54 14022.6 0.351053 33 32 1 2.48207e-314 0 0 0 
-3.26122 12.467 1872.01 0.02 0.909238 8485.41 13998.5 0.351943 34 32 1 2.48207e-314 0 0 0 
-3.2392 12.8266 1896.43 0.02 0.906895 8448.76 13974.1 0.352852 35 32 1 2.48207e-314 0 0 0 
-3.21713 13.1897 1919.87 0.02 0.904516 8411.61 13949.2 0.35378 36 32 1 2.48207e-314 0 0 0 
-3.195 13.5562 1942.43 0.02 0.902101 8373.97 13924 0.354728 37 32 1 2.48207e-314 0 0 0 
-3.1728 13.9263 1964.14 0.02 0.899651 8335.86 13898.4 0.355694 38 32 1 2.48207e-314 0 0 0 
-3.15055 14.3001 1985 0.02 0.897167 8297.31 13872.4 0.356678 39 32 1 2.48207e-314 0 0 0 
-3.12823 14.6774 2004.99 0.02 0.894649 8258.32 13846.1 0.357682 40 32 1 2.48207e-314 0 0 0 
-3.10585 15.0583 2024.09 0.02 0.892099 8218.92 13819.4 0.358704 41 32 1 2.48207e-314 0 0 0 
-3.08341 15.4427 2042.27 0.02 0.889518 8179.11 13792.4 0.359745 42 32 1 2.48207e-314 0 0 0 
-3.0609 15.8304 2059.53 0.02 0.886905 8138.93 13765.1 0.360805 43 32 1 2.48207e-314 0 0 0 
-3.03832 16.2216 2075.88 0.02 0.884263 8098.39 13737.5 0.361883 44 32 1 2.48207e-314 0 0 0 
-3.01567 16.6161 2091.33 0.02 0.881592 8057.5 13709.6 0.36298 45 32 1 2.48207e-314 0 0 0 
-2.99296 17.014 2105.9 0.02 0.878893 8016.28 13681.3 0.364094 46 32 1 2.48207e-314 0 0 0 
-2.97017 17.4153 2119.63 0.02 0.876167 7974.76 13652.8 0.365227 47 32 1 2.48207e-314 0 0 0 
-2.94731 17.8199 2132.52 0.02 0.873415 7932.94 13624 0.366378 48 32 1 2.48207e-314 0 0 0 
-2.92438 18.2277 2144.59 0.02 0.870637 7890.85 13595 0.367547 49 32 1 2.48207e-314 0 0 0 
-2.90138 18.6389 2155.85 0.02 0.867835 7848.49 13565.7 0.368734 50 32 1 2.48207e-314 0 0 0 
-2.8783 19.0534 2166.31 0.02 0.86501 7805.89 13536.1 0.369938 51 32 1 2.48207e-314 0 0 0 
-2.85514 19.471 2175.98 0.02 0.862161 7763.05 13506.3 0.37116 52 32 1 2.48207e-314 0 0 0 
-2.83191 19.8918 2184.87 0.02 0.859291 7720 13476.3 0.3724 53 32 1 2.48207e-314 0 0 0 
-2.8086 20.3157 2192.97 0.02 0.856399 7676.74 13446 0.373658 54 32 1 2.48207e-314 0 0 0 
-2.78521 20.7426 2200.31 0.02 0.853487 7633.3 13415.6 0.374933 55 32 1 2.48207e-314 0 0 0 
-2.76174 21.1725 2206.87 0.02 0.850555 7589.68 13384.9 0.376225 56 32 1 2.48207e-314 0 0 0 
-2.73818 21.6054 2212.69 0.02 0.847605 7545.91 13354 0.377534 57 32 1 2.48207e-314 0 0 0 
-2.71455 22.0412 2217.75 0.02 0.844637 7501.99 13323 0.378861 58 32 1 2.48207e-314 0 0 0 
-2.69083 22.4797 2222.07 0.02 0.841651 7457.95 13291.7 0.380205 59 32 1 2.48207e-314 0 0 0 
-2.66703 22.9211 2225.66 0.02 0.83865 7413.79 13260.3 0.381566 60 32 1 2.48207e-314 0 0 0 
-2.64314 23.3651 2228.51 0.02 0.835633 7369.53 13228.8 0.382943 61 32 1 2.48207e-314 0 0 0 
-2.61916 23.8117 2230.64 0.02 0.832602 7325.18 13197 0.384337 62 32 1 2.48207e-314 0 0 0 
-2.5951 24.2608 2232.04 0.02 0.829556 7280.76 13165.2 0.385748 63 32 1 2.48207e-314 0 0 0 
-2.57094 24.7124 2232.73 0.02 0.826498 7236.28 13133.2 0.387176 64 32 1 2.48207e-314 0 0 0 
-2.5467 25.1664 2232.69 0.02 0.823428 7191.75 13101 0.388619 65 32 1 2.48207e-314 0 0 0 
-2.52236 25.6226 2231.93 0.02 0.820347 7147.2 13068.8 0.390079 66 32 1 2.48207e-314 0 0 0 
-2.49794 26.081 2230.46 0.02 0.817255 7102.63 13036.4 0.391555 67 32 1 2.48207e-314 0 0 0 
-2.47342 26.5415 2228.26 0.02 0.814154 7058.05 13003.9 0.393046 68 32 1 2.48207e-314 0 0 0 
-2.4488 27.0039 2225.35 0.02 0.811044 7013.49 12971.4 0.394553 69 32 1 2.48207e-314 0 0 0 
-2.4241 27.4683 2221.72 0.02 0.807927 6968.95 12938.7 0.396075 70 32 1 2.48207e-314 0 0 0 
-2.39929 27.9343 2217.36 0.02 0.804803 6924.45 12906 0.397613 71 32 1 2.48207e-314 0 0 0 
-2.37439 28.4021 2212.28 0.02 0.801673 6880 12873.3 0.399165 72 32 1 2.48207e-314 0 0 0 
-2.34939 28.8713 2206.48 0.02 0.798538 6835.62 12840.4 0.400732 73 32 1 2.48207e-314 0 0 0 
-2.32429 29.342 2199.94 0.02 0.795399 6791.31 12807.6 0.402314 74 32 1 2.48207e-314 0 0 0 
-2.2991 29.8139 2192.67 0.02 0.792257 6747.11 12774.7 0.403909 75 32 1 2.48207e-314 0 0 0 
-2.2738 30.287 2184.66 0.02 0.789113 6703.01 12741.7 0.405519 76 32 1 2.48207e-314 0 0 0 
-2.2484 30.7611 2175.91 0.02 0.785968 6659.04 12708.8 0.407141 77 32 1 2.48207e-314 0 0 0 
-2.2229 31.2361 2166.41 0.02 0.782823 6615.2 12675.9 0.408777 78 32 1 2.48207e-314 0 0 0 
-2.19729 31.7117 2156.16 0.02 0.779678 6571.52 12643 0.410426 79 32 1 2.48207e-314 0 0 0 
-2.17158 32.188 2145.15 0.02 0.776536 6528 12610.1 0.412087 80 32 1 2.48207e-314 0 0 0 
-2.14577 32.6646 2133.38 0.02 0.773397 6484.67 12577.2 0.413759 81 32 1 2.48207e-314 0 0 0 
-2.11985 33.1414 2120.85 0.02 0.770262 6441.53 12544.4 0.415443 82 32 1 2.48207e-314 0 0 0 
-2.09382 33.6183 2107.54 0.02 0.767132 6398.61 12511.7 0.417138 83 32 1 2.48207e-314 0 0 0 
-2.06769 34.0952 2093.45 0.02 0.764008 6355.91 12479 0.418844 84 32 1 2.48207e-314 0 0 0 
-2.04145 34.5717 2078.58 0.02 0.760892 6313.45 12446.4 0.420559 85 32 1 2.48207e-314 0 0 0 
-2.01511 35.0477 2062.93 0.02 0.757785 6271.25 12413.9 0.422284 86 32 1 2.48207e-314 0 0 0 
-1.98865 35.5231 2046.49 0.02 0.754687 6229.32 12381.5 0.424017 87 32 1 2.48207e-314 0 0 0 
-1.96209 35.9976 2029.26 0.02 0.7516 6187.68 12349.3 0.425758 88 32 1 2.48207e-314 0 0 0 
-1.93541 36.471 2011.24 0.02 0.748526 6146.34 12317.2 0.427507 89 32 1 2.48207e-314 0 0 0 
-1.90863 36.9432 1992.42 0.02 0.745465 6105.32 12285.2 0.429262 90 32 1 2.48207e-314 0 0 0 
-1.88173 37.4138 1972.82 0.02 0.742418 6064.64 12253.4 0.431024 91 32 1 2.48207e-314 0 0 0 
-1.85473 37.8828 1952.42 0.02 0.739388 6024.3 12221.8 0.43279 92 32 1 2.48207e-314 0 0 0 
-1.82761 38.3498 1931.24 0.02 0.736375 5984.33 12190.4 0.434561 93 32 1 2.48207e-314 0 0 0 
-1.80038 38.8147 1909.27 0.02 0.73338 5944.74 12159.2 0.436336 94 32 1 2.48207e-314 0 0 0 
-1.77305 39.2772 1886.53 0.02 0.730405 5905.55 12128.2 0.438113 95 32 1 2.48207e-314 0 0 0 
-1.74559 39.7371 1863.03 0.02 0.727452 5866.76 12097.5 0.439892 96 32 1 2.48207e-314 0 0 0 
-1.71803 40.1941 1838.76 0.02 0.72452 5828.41 12067 0.441671 97 32 1 2.48207e-314 0 0 0 
-1.69036 40.648 1813.75 0.02 0.721613 5790.49 12036.8 0.443451 98 32 1 2.48207e-314 0 0 0 
-1.66257 41.0986 1788.01 0.02 0.718731 5753.03 12006.9 0.445229 99 32 1 2.48207e-314 0 0 0 
-1.63467 41.5455 1761.56 0.02 0.715875 5716.05 11977.3 0.447006 100 32 1 2.48207e-314 0 0 0 
-1.60666 41.9887 1734.42 0.02 0.713046 5679.55 11948.1 0.448779 101 32 1 2.48207e-314 0 0 0 
-1.57854 42.4278 1706.61 0.02 0.710247 5643.55 11919.1 0.450547 102 32 1 2.48207e-314 0 0 0 
-1.55031 42.8625 1678.15 0.02 0.707478 5608.06 11890.5 0.452311 103 32 1 2.48207e-314 0 0 0 
-1.52197 43.2927 1649.09 0.02 0.704741 5573.1 11862.3 0.454068 104 32 1 2.48207e-314 0 0 0 
-1.49351 43.7181 1619.44 0.02 0.702037 5538.68 11834.4 0.455817 105 32 1 2.48207e-314 0 0 0 
-1.46495 44.1384 1589.25 0.02 0.699366 5504.82 11807 0.457557 106 32 1 2.48207e-314 0 0 0 
-1.43628 44.5535 1558.55 0.02 0.696732 5471.52 11780 0.459287 107 32 1 2.48207e-314 0 0 0 
-1.4075 44.963 1527.39 0.02 0.694133 5438.79 11753.3 0.461006 108 32 1 2.48207e-314 0 0 0 
-1.37861 45.3668 1495.79 0.02 0.691573 5406.66 11727.1 0.462713 109 32 1 2.48207e-314 0 0 0 
-1.34962 45.7647 1463.82 0.02 0.689051 5375.12 11701.4 0.464407 110 32 1 2.48207e-314 0 0 0 
-1.32052 46.1564 1431.51 0.02 0.68657 5344.19 11676.1 0.466085 111 32 1 2.48207e-314 0 0 0 
-1.29131 46.5417 1398.93 0.02 0.684129 5313.87 11651.3 0.467748 112 32 1 2.48207e-314 0 0 0 
-1.262 46.9206 1366.12 0.02 0.68173 5284.17 11626.9 0.469394 113 32 1 2.48207e-314 0 0 0 
-1.23259 47.2927 1333.15 0.02 0.679375 5255.11 11603.1 0.471021 114 32 1 2.48207e-314 0 0 0 
-1.20308 47.658 1300.07 0.02 0.677062 5226.67 11579.7 0.47263 115 32 1 2.48207e-314 0 0 0 
-1.17346 48.0162 1266.95 0.02 0.674795 5198.88 11556.8 0.474218 116 32 1 2.48207e-314 0 0 0 
-1.14375 48.3674 1233.85 0.02 0.672572 5171.73 11534.5 0.475786 117 32 1 2.48207e-314 0 0 0 
-1.11394 48.7112 1200.82 0.02 0.670395 5145.22 11512.6 0.477331 118 32 1 2.48207e-314 0 0 0 
-1.08403 49.0476 1167.93 0.02 0.668264 5119.36 11491.2 0.478852 119 32 1 2.48207e-314 0 0 0 
-1.05403 49.3765 1135.22 0.02 0.666181 5094.14 11470.4 0.48035 120 32 1 2.48207e-314 0 0 0 
-1.02394 49.6978 1102.75 0.02 0.664144 5069.56 11450.1 0.481823 121 32 1 2.48207e-314 0 0 0 
-0.993752 50.0115 1070.58 0.02 0.662155 5045.63 11430.2 0.48327 122 32 1 2.48207e-314 0 0 0 
-0.963477 50.3176 1038.75 0.02 0.660214 5022.33 11410.9 0.484691 123 32 1 2.48207e-314 0 0 0 
-0.933113 50.6161 1007.32 0.02 0.658321 4999.67 11392.1 0.486085 124 32 1 2.48207e-314 0 0 0 
-0.902663 50.9069 976.342 0.02 0.656476 4977.63 11373.7 0.487451 125 32 1 2.48207e-314 0 0 0 
-0.872129 51.1903 945.868 0.02 0.654678 4956.21 11355.9 0.48879 126 32 1 2.48207e-314 0 0 0 
-0.841511 51.4661 915.947 0.02 0.652928 4935.39 11338.5 0.4901 127 32 1 2.48207e-314 0 0 0 
-0.810814 51.7343 886.621 0.02 0.651224 4915.18 11321.6 0.491382 128 32 1 2.48207e-314 0 0 0 
-0.780038 51.9951 857.921 0.02 0.649568 4895.54 11305.1 0.492635 129 32 1 2.48207e-314 0 0 0 
-0.749185 52.2483 829.867 0.02 0.647957 4876.48 11289.1 0.49386 130 32 1 2.48207e-314 0 0 0 
-0.718257 52.494 802.466 0.02 0.646392 4857.98 11273.5 0.495056 131 32 1 2.48207e-314 0 0 0 
-0.687256 52.7324 775.715 0.02 0.644871 4840.02 11258.3 0.496223 132 32 1 2.48207e-314 0 0 0 
-0.656182 52.9635 749.605 0.02 0.643395 4822.6 11243.5 0.497362 133 32 1 2.48207e-314 0 0 0 
-0.625038 53.1876 724.127 0.02 0.641961 4805.68 11229.1 0.498473 134 32 1 2.48207e-314 0 0 0 
-0.593826 53.4048 699.273 0.02 0.640569 4789.26 11215 0.499556 135 32 1 2.48207e-314 0 0 0 
-0.562546 53.6155 675.043 0.02 0.639217 4773.33 11201.3 0.500612 136 32 1 2.48207e-314 0 0 0 
-0.531202 53.8198 651.444 0.02 0.637904 4757.86 11188 0.501643 137 32 1 2.48207e-314 0 0 0 
-0.499795 54.0178 628.483 0.02 0.636627 4742.83 11175 0.502649 138 32 1 2.48207e-314 0 0 0 
-0.468327 54.2097 606.167 0.02 0.635384 4728.23 11162.4 0.503632 139 32 1 2.48207e-314 0 0 0 
-0.436802 54.3953 584.493 0.02 0.634174 4714.05 11150.2 0.504594 140 32 1 2.48207e-314 0 0 0 
-0.405221 54.5748 563.442 0.02 0.632993 4700.25 11138.3 0.505535 141 32 1 2.48207e-314 0 0 0 
-0.373585 54.7481 542.979 0.02 0.631839 4686.83 11126.7 0.506458 142 32 1 2.48207e-314 0 0 0 
-0.341893 54.9153 523.052 0.02 0.63071 4673.76 11115.6 0.507365 143 32 1 2.48207e-314 0 0 0 
-0.310146 55.0766 503.599 0.02 0.629602 4661.06 11104.9 0.508257 144 32 1 2.48207e-314 0 0 0 
-0.278342 55.2324 484.556 0.02 0.628514 4648.69 11094.6 0.509138 145 32 1 2.48207e-314 0 0 0 
-0.246483 55.383 465.868 0.02 0.62744 4636.67 11084.8 0.510009 146 32 1 2.48207e-314 0 0 0 
-0.214567 55.5289 447.5 0.02 0.626378 4624.99 11075.7 0.510874 147 32 1 2.48207e-314 0 0 0 
-0.182598 55.6704 429.442 0.02 0.625323 4613.65 11067.2 0.511735 148 32 1 2.48207e-314 0 0 0 
-0.150578 55.8077 411.715 0.02 0.624271 4602.67 11059.4 0.512598 149 32 1 2.48207e-314 0 0 0 
-0.118511 55.9409 394.356 0.02 0.623217 4592.05 11052.6 0.513465 150 32 1 2.48207e-314 0 0 0 
-0.0863972 56.0698 377.407 0.02 0.622157 4581.81 11046.7 0.51434 151 32 1 2.48207e-314 0 0 0 
-0.0542378 56.1943 360.899 0.02 0.621086 4571.96 11042 0.515226 152 32 1 2.48207e-314 0 0 0 
-0.0220299 56.3142 344.84 0.02 0.620002 4562.54 11038.5 0.516127 153 32 1 2.48207e-314 0 0 0 
0.0102317 56.4297 329.214 0.02 0.618901 4553.58 11036.4 0.517046 154 32 1 2.48207e-314 0 0 0 
0.0425537 56.5408 313.978 0.02 0.617779 4545.13 11035.9 0.517984 155 32 1 2.48207e-314 0 0 0 
0.0749426 56.6483 299.071 0.02 0.616635 4537.24 11037.2 0.518946 156 32 1 2.48207e-314 0 0 0 
0.107403 56.7526 284.424 0.02 0.615466 4529.97 11040.4 0.519931 157 32 1 2.48207e-314 0 0 0 
0.139935 56.8545 269.96 0.02 0.614271 4523.39 11045.8 0.520943 158 32 1 2.48207e-314 0 0 0 
0.172534 56.9539 255.602 0.02 0.61305 4517.6 11053.7 0.52198 159 32 1 2.48207e-314 0 0 0 
0.205191 57.0507 241.324 0.02 0.611805 4512.67 11064.1 0.523042 160 32 1 2.48207e-314 0 0 0 
0.237899 57.1446 227.184 0.02 0.61054 4508.7 11077.2 0.524126 161 32 1 2.48207e-314 0 0 0 
0.270656 57.2355 213.417 0.02 0.60926 4505.78 11093.3 0.525227 162 32 1 2.48207e-314 0 0 0 
0.30347 57.3237 200.145 0.02 0.607973 4503.99 11112.4 0.526339 163 32 1 2.48207e-314 0 0 0 
0.336358 57.4096 187.441 0.02 0.606689 4503.42 11134.5 0.527453 164 32 1 2.48207e-314 0 0 0 
0.369339 57.4932 175.262 0.02 0.60542 4504.16 11159.6 0.528559 165 32 1 2.48207e-314 0 0 0 
0.402432 57.574 163.466 0.02 0.604181 4506.28 11187.8 0.529642 166 32 1 2.48207e-314 0 0 0 
0.435635 57.6506 151.938 0.02 0.602993 4509.89 11218.8 0.530686 167 32 1 2.48207e-314 0 0 0 
0.468929 57.7224 140.622 0.02 0.601883 4515.07 11252.4 0.531664 168 32 1 2.48207e-314 0 0 0 
0.502289 57.7891 129.467 0.02 0.60088 4521.86 11288.1 0.532552 169 33 1 2.48207e-314 0 0 0 
0.535693 57.8511 118.315 0.02 0.600017 4530.29 11325.4 0.533318 170 33 1 2.48207e-314 0 0 0 
0.569123 57.909 107.608 0.02 0.599327 4540.35 11363.7 0.533932 171 33 1 2.48207e-314 0 0 0 
0.602577 57.9641 96.833 0.02 0.59885 4552.01 11401.9 0.534358 172 33 1 2.48207e-314 0 0 0 
0.636053 58.0127 85.8285 0.02 0.598633 4565.22 11439.1 0.534551 173 33 1 2.48207e-314 0 0 0 
0.66955 58.0533 75.3443 0.02 0.598733 4579.84 11473.8 0.534462 174 33 1 2.48207e-314 0 0 0 
0.703118 58.0907 66.0811 0.02 0.599212 4595.73 11504.4 0.534034 175 33 1 2.48207e-314 0 0 0 
0.7368 58.1262 57.81 0.02 0.600134 4612.64 11529 0.533214 176 33 1 2.48207e-314 0 0 0 
0.770541 58.157 50.5476 0.02 0.601567 4630.25 11545.5 0.531944 177 33 1 2.48207e-314 0 0 0 
0.804283 58.182 43.1461 0.02 0.603583 4648.22 11551.6 0.530167 178 33 1 2.48207e-314 0 0 0 
0.837918 58.1861 35.1291 0.02 0.606263 4666.08 11544.7 0.527824 179 33 1 2.48207e-314 0 0 0 
0.87124 58.1599 27.1492 0.02 0.609688 4683.28 11522.2 0.524858 180 34 1 2.48207e-314 0 0 0 
0.90408 58.1055 19.9194 0.02 0.613934 4699.13 11481.2 0.521229 181 34 1 2.48207e-314 0 0 0 
0.936458 58.0553 15.7317 0.02 0.619091 4713.07 11419.4 0.516887 182 34 1 2.48207e-314 0 0 0 
0.968972 58.0366 11.5054 0.02 0.625346 4724.98 11333.7 0.511717 183 35 1 2.48207e-314 0 0 0 
1.00176 58.0273 7.1238 0.02 0.632885 4734.16 11220.4 0.505621 184 35 1 2.48207e-314 0 0 0 
1.03457 58.0123 3.00387 0.02 0.641848 4739.63 11076.6 0.49856 185 35 1 2.48207e-314 0 0 0 
1.06705 57.978 -1.2357 0.02 0.65235 4740.39 10900 0.490535 186 35 1 2.48207e-314 0 0 0 
1.09882 57.8954 -4.62531 0.02 0.664436 4735.2 10690 0.481612 187 36 1 2.48207e-314 0 0 0 
1.12874 57.7434 -3.36064 0.02 0.677706 4722.81 10453.3 0.472181 188 36 1 2.48207e-314 0 0 0 
1.15777 57.6285 -0.0360652 0.02 0.69256 4704.8 10190.1 0.462054 189 37 1 2.48207e-314 0 0 0 
1.18663 57.5401 1.95043 0.02 0.709536 4680.91 9895.77 0.450999 190 38 1 2.48207e-314 0 0 0 
1.21571 57.4988 2.58996 0.02 0.729156 4651.11 9568.2 0.438864 191 37 1 2.48207e-314 0 0 0 
1.24415 57.4395 3.68243 0.02 0.751128 4613.94 9214.09 0.426026 192 38 1 2.48207e-314 0 0 0 
1.27291 57.4254 4.65616 0.02 0.776738 4569.91 8825.26 0.411979 193 39 1 2.48207e-314 0 0 0 
1.30134 57.3393 1.66076 0.02 0.806039 4516.02 8404.16 0.397003 194 39 1 2.48207e-314 0 0 0 
1.32646 57.1789 6.27528 0.02 0.835813 4455.16 7995.55 0.382861 195 40 1 2.48207e-314 0 0 0 
1.3501 57.0688 10.673 0.02 0.867683 4391.84 7592.4 0.368798 196 40 1 2.48207e-314 0 0 0 
1.37285 57.0349 12.5581 0.02 0.902355 4328.37 7195.15 0.354628 197 40 1 2.48207e-314 0 0 0 
1.39414 57.0482 13.7806 0.02 0.93889 4266.82 6816.82 0.340828 198 41 1 2.48207e-314 0 0 0 
1.41263 57.0587 15.6998 0.02 0.974294 4210.57 6482.5 0.328443 199 41 1 2.48207e-314 0 0 0 
1.44605 56.8951 21.7473 0.02 1.04912 4091.06 5849.24 0.305017 200 41 1 2.48206e-314 0 0 0 
1.46264 56.9089 21.6705 0.02 1.09249 4033.76 5538.34 0.292908 201 41 1 2.48206e-314 0 0 0 
1.47977 56.944 20.0048 0.02 1.14233 3973.08 5217.05 0.28013 202 41 1 2.48206e-314 0 0 0 
1.4967 56.9594 18.5072 0.02 1.1975 3910 4897.67 0.267224 203 40 1 2.48206e-314 0 0 0 
1.51304 56.9376 18.2044 0.02 1.25732 3845.87 4588.12 0.254509 204 40 1 2.48206e-314 0 0 0 
1.52952 56.904 17.0865 0.02 1.32546 3781.36 4279.24 0.241425 205 40 1 2.48206e-314 0 0 0 
1.54784 56.9888 10.039 0.02 1.41165 3721.72 3954.61 0.226685 206 39 1 2.48206e-314 0 0 0 
1.56346 57.0696 8.45454 0.02 1.49441 3672.11 3685.8 0.214131 207 39 1 2.48206e-314 0 0 0 
1.57705 57.1143 6.73826 0.02 1.57501 3628.65 3455.78 0.203173 208 38 1 2.48206e-314 0 0 0 
1.58995 57.1751 4.51127 0.02 1.66033 3590.72 3243.94 0.192733 209 37 1 2.48206e-314 0 0 0 
1.6017 57.2219 2.08816 0.02 1.74678 3557.66 3055.01 0.183194 210 37 1 2.48206e-314 0 0 0 
1.61277 57.241 -1.7931 0.02 1.83722 3527.42 2879.93 0.174176 211 37 1 2.48206e-314 0 0 0 
1.62424 57.3205 -7.5428 0.02 1.94093 3504.21 2708.11 0.164869 212 36 1 2.48206e-314 0 0 0 
1.63536 57.4226 -10.8932 0.02 2.05131 3487.48 2550.16 0.155998 213 36 1 2.48206e-314 0 0 0 
1.64575 57.5118 -13.1664 0.02 2.16348 3475.98 2409.97 0.14791 214 34 1 2.48206e-314 0 0 0 
1.65536 57.5875 -14.8969 0.02 2.27597 3469.35 2286.49 0.1406 215 34 1 2.48206e-314 0 0 0 
1.66423 57.6471 -16.5266 0.02 2.38786 3467.08 2177.93 0.134011 216 33 1 2.48206e-314 0 0 0 
1.67238 57.6915 -18.3693 0.02 2.49834 3468.84 2082.67 0.128085 217 34 1 2.48206e-314 0 0 0 
1.68016 57.7438 -20.6292 0.02 2.61111 3475.66 1996.65 0.122553 218 33 1 2.48206e-314 0 0 0 
1.68771 57.808 -22.534 0.02 2.72652 3487.51 1918.65 0.117366 219 33 1 2.48206e-314 0 0 0 
1.69503 57.8756 -23.8327 0.02 2.84338 3503.87 1848.43 0.112542 220 32 1 2.48206e-314 0 0 0 
1.70212 57.9395 -24.0686 0.02 2.96007 3524.28 1785.91 0.108106 221 32 1 2.48206e-314 0 0 0 
1.70896 57.9948 -24.1769 0.02 3.07475 3548.43 1731.08 0.104073 222 31 1 2.48206e-314 0 0 0 
1.71547 58.0393 -24.4158 0.02 3.18506 3575.77 1684.01 0.100469 223 31 1 2.48206e-314 0 0 0 
1.72163 58.0699 -23.9495 0.02 3.28963 3605.79 1644.17 0.0972755 224 31 1 2.48206e-314 0 0 0 
1.72751 58.0949 -24.6067 0.02 3.3887 3638.61 1610.63 0.0944316 225 31 1 2.48206e-314 0 0 0 
1.73317 58.1203 -24.6371 0.02 3.48234 3674.11 1582.61 0.0918922 226 31 1 2.48206e-314 0 0 0 
1.73866 58.1444 -24.2945 0.02 3.57046 3712.04 1559.49 0.0896244 227 30 1 2.48206e-314 0 0 0 
1.74405 58.167 -24.0969 0.02 3.65283 3752.22 1540.82 0.0876032 228 30 1 2.48206e-314 0 0 0 
1.74938 58.1867 -23.5321 0.02 3.72889 3794.45 1526.38 0.0858163 229 31 1 2.48206e-314 0 0 0 
1.75464 58.204 -22.6083 0.02 3.79776 3838.39 1516.06 0.0842602 230 31 1 2.48206e-314 0 0 0 
1.75982 58.2162 -21.7521 0.02 3.85862 3883.57 1509.71 0.0829313 231 30 1 2.48206e-314 0 0 0 
1.76491 58.2224 -20.3676 0.02 3.91103 3929.42 1507.06 0.0818198 232 30 1 2.48206e-314 0 0 0 
1.76988 58.2215 -17.9796 0.02 3.95511 3975.43 1507.72 0.0809081 233 30 1 2.48206e-314 0 0 0 
1.77476 58.2136 -14.9059 0.02 3.99126 4021.22 1511.27 0.0801751 234 31 1 2.48206e-314 0 0 0 
1.77959 58.2023 -11.5926 0.02 4.02018 4066.57 1517.32 0.0795984 235 31 1 2.48206e-314 0 0 0 
1.7844 58.1889 -7.84981 0.02 4.04246 4111.26 1525.54 0.0791597 236 31 1 2.48206e-314 0 0 0 
1.78923 58.1739 -4.20143 0.02 4.05857 4154.9 1535.62 0.0788456 237 30 1 2.48206e-314 0 0 0 
1.79409 58.1568 -1.00712 0.02 4.06896 4197.04 1547.23 0.0786442 238 31 1 2.48206e-314 0 0 0 
1.79898 58.1389 1.10262 0.02 4.07418 4237.16 1560.02 0.0785435 239 31 1 2.48206e-314 0 0 0 
1.80388 58.1196 2.32788 0.02 4.07486 4274.75 1573.6 0.0785304 240 31 1 2.48206e-314 0 0 0 
1.80877 58.0979 2.50148 0.02 4.07176 4309.49 1587.59 0.0785901 241 31 1 2.48206e-314 0 0 0 
1.81365 58.0737 1.56798 0.02 4.06565 4341.21 1601.68 0.0787082 242 31 1 2.48206e-314 0 0 0 
1.81854 58.0485 -0.324498 0.02 4.05722 4369.87 1615.6 0.0788717 243 31 1 2.48206e-314 0 0 0 
1.82344 58.0243 -2.46693 0.02 4.04707 4395.45 1629.13 0.0790695 244 31 1 2.48206e-314 0 0 0 
1.82837 58.002 -4.76616 0.02 4.03571 4417.95 1642.08 0.0792921 245 32 1 2.48206e-314 0 0 0 
1.83333 57.9818 -5.99534 0.02 4.02359 4437.39 1654.27 0.079531 246 32 1 2.48206e-314 0 0 0 
1.83831 57.9632 -5.90066 0.02 4.0111 4453.82 1665.56 0.0797787 247 32 1 2.48206e-314 0 0 0 
1.84333 57.9456 -3.46686 0.02 3.99858 4467.29 1675.82 0.0800283 248 32 1 2.48206e-314 0 0 0 
1.84836 57.9274 1.44177 0.02 3.98634 4477.94 1684.97 0.080274 249 32 1 2.48206e-314 0 0 0 
1.8534 57.9083 8.58447 0.02 3.97462 4485.91 1692.94 0.0805109 250 32 1 2.48206e-314 0 0 0 
1.85845 57.8881 17.4244 0.02 3.96359 4491.4 1699.73 0.0807348 251 32 1 2.48206e-314 0 0 0 
1.86352 57.867 27.0029 0.02 3.95341 4494.64 1705.33 0.0809428 252 32 1 2.48206e-314 0 0 0 
1.86859 57.8449 36.0675 0.02 3.94417 4495.87 1709.8 0.0811324 253 32 1 2.48206e-314 0 0 0 
1.87368 57.8222 42.9582 0.02 3.93594 4495.38 1713.19 0.0813021 254 32 1 2.48206e-314 0 0 0 
1.87877 57.7995 46.2576 0.02 3.92874 4493.44 1715.59 0.081451 255 32 1 2.48206e-314 0 0 0 
1.88388 57.778 44.9378 0.02 3.92259 4490.33 1717.1 0.0815787 256 32 1 2.48206e-314 0 0 0 
1.88901 57.7588 38.6759 0.02 3.91745 4486.28 1717.81 0.0816858 257 32 1 2.48206e-314 0 0 0 
1.89414 57.743 28.1024 0.02 3.91325 4481.54 1717.84 0.0817735 258 32 1 2.48206e-314 0 0 0 
1.89927 57.7315 14.8784 0.02 3.90989 4476.25 1717.29 0.0818438 259 32 1 2.48206e-314 0 0 0 
1.9044 57.7243 1.59082 0.02 3.90721 4470.53 1716.27 0.0818999 260 32 1 2.48206e-314 0 0 0 
1.90953 57.7209 -8.53491 0.02 3.90504 4464.37 1714.85 0.0819454 261 32 1 2.48206e-314 0 0 0 
1.91466 57.72 -12.0811 0.02 3.90318 4457.74 1713.11 0.0819844 262 32 1 2.48206e-314 0 0 0 
1.91978 57.7195 -6.01473 0.02 3.90142 4450.52 1711.09 0.0820214 263 32 1 2.48206e-314 0 0 0 
1.9249 57.7167 11.6897 0.02 3.89956 4442.56 1708.83 0.0820606 264 32 1 2.48206e-314 0 0 0 
1.93002 57.7084 41.489 0.02 3.89741 4433.69 1706.34 0.0821059 265 32 1 2.48206e-314 0 0 0 
1.93514 57.6917 81.8842 0.02 3.89483 4423.8 1703.65 0.0821601 266 32 1 2.48206e-314 0 0 0 
1.94026 57.664 129.336 0.02 3.89173 4412.79 1700.76 0.0822256 267 32 1 2.48206e-314 0 0 0 
1.94538 57.6241 178.578 0.02 3.88806 4400.68 1697.69 0.0823032 268 32 1 2.48206e-314 0 0 0 
1.95052 57.5723 222.94 0.02 3.88381 4387.55 1694.49 0.0823934 269 32 1 2.48206e-314 0 0 0 
1.95566 57.5106 255.152 0.02 3.87899 4373.55 1691.21 0.0824957 270 32 1 2.48206e-314 0 0 0 
1.96081 57.443 269.499 0.02 3.87362 4358.89 1687.9 0.08261 271 32 1 2.48206e-314 0 0 0 
1.96597 57.3745 262.69 0.02 3.86768 4343.77 1684.66 0.0827369 272 32 1 2.48206e-314 0 0 0 
1.97115 57.3106 235.039 0.02 3.86109 4328.32 1681.55 0.0828782 273 32 1 2.48206e-314 0 0 0 
1.97634 57.2561 191.297 0.02 3.85367 4312.55 1678.67 0.0830378 274 32 1 2.48206e-314 0 0 0 
1.98154 57.2139 140.61 0.02 3.84514 4296.3 1676.04 0.0832219 275 32 1 2.48206e-314 0 0 0 
1.98675 57.1843 95.3692 0.02 3.83513 4279.15 1673.69 0.0834393 276 32 1 2.48206e-314 0 0 0 
1.99195 57.1636 70.9332 0.02 3.82315 4260.47 1671.56 0.0837007 277 32 1 2.48206e-314 0 0 0 
1.99716 57.1445 83.5661 0.02 3.80869 4239.43 1669.56 0.0840185 278 31 1 2.48206e-314 0 0 0 
2.00238 57.1156 145.914 0.02 3.79121 4215.04 1667.52 0.0844057 279 31 1 2.48206e-314 0 0 0 
2.00759 57.0629 267.02 0.02 3.77026 4186.29 1665.27 0.0848747 280 31 1 2.48206e-314 0 0 0 
2.01283 56.9711 446.057 0.02 3.74547 4152.23 1662.58 0.0854366 281 31 1 2.48206e-314 0 0 0 
2.01809 56.8269 669.418 0.02 3.71661 4112.1 1659.23 0.0861 282 31 1 2.48206e-314 0 0 0 
2.02339 56.6226 908.668 0.02 3.68363 4065.43 1655.03 0.0868709 283 31 1 2.48206e-314 0 0 0 
2.02875 56.3575 1137.05 0.02 3.64664 4012.04 1649.83 0.0877519 284 31 1 2.48206e-314 0 0 0 
2.03419 56.0371 1334.92 0.02 3.60595 3952.08 1643.51 0.0887423 285 31 1 2.48206e-314 0 0 0 
2.03972 55.6714 1486.09 0.02 3.56194 3886 1636.01 0.0898387 286 32 1 2.48206e-314 0 0 0 
2.04534 55.2741 1578.14 0.02 3.51509 3814.49 1627.34 0.091036 287 32 1 2.48206e-314 0 0 0 
2.05107 54.8615 1603.89 0.02 3.46585 3738.38 1617.58 0.0923294 288 31 1 2.48206e-314 0 0 0 
2.05691 54.4504 1565.72 0.02 3.41453 3658.47 1606.83 0.093717 289 31 1 2.48206e-314 0 0 0 
2.06285 54.0555 1479.53 0.02 3.36128 3575.35 1595.22 0.0952017 290 31 1 2.48206e-314 0 0 0 
2.06888 53.6857 1372.73 0.02 3.30599 3489.24 1582.8 0.0967939 291 31 1 2.48206e-314 0 0 0 
2.07501 53.3417 1280.71 0.02 3.24829 3399.82 1569.52 0.0985134 292 31 1 2.48206e-314 0 0 0 
2.08123 53.0144 1244.4 0.02 3.18755 3306.19 1555.2 0.100391 293 31 1 2.48206e-314 0 0 0 
2.08753 52.6836 1308.91 0.02 3.123 3206.95 1539.45 0.102466 294 31 1 2.48206e-314 0 0 0 
2.09391 52.3176 1516.32 0.02 3.05382 3100.37 1521.7 0.104787 295 31 1 2.48206e-314 0 0 0 
2.1004 51.8755 1895.46 0.02 2.97924 2984.63 1501.22 0.10741 296 31 1 2.48206e-314 0 0 0 
2.10702 51.3107 2462.84 0.02 2.8986 2858.08 1477.2 0.110398 297 31 1 2.48206e-314 0 0 0 
2.1138 50.5726 3232.65 0.02 2.81152 2719.49 1448.74 0.113817 298 31 1 2.48206e-314 0 0 0 
2.1208 49.6103 4189.84 0.02 2.71789 2568.3 1414.97 0.117738 299 31 1 2.48206e-314 0 0 0 
2.12808 48.3792 5305.76 0.02 2.61789 2404.61 1375.07 0.122236 300 32 1 2.48206e-314 0 0 0 
2.13572 46.8433 6538.52 0.02 2.51203 2229.35 1328.28 0.127387 301 31 1 2.48206e-314 0 0 0 
2.1438 44.9791 7836.63 0.02 2.4012 2044.31 1274.02 0.133267 302 32 1 2.48206e-314 0 0 0 
2.15241 42.7786 9130.12 0.02 2.2867 1852.08 1211.87 0.13994 303 33 1 2.48206e-314 0 0 0 
2.16163 40.2529 10343.2 0.02 2.17012 1655.96 1141.74 0.147457 304 33 1 2.48206e-314 0 0 0 
2.17154 37.433 11397.3 0.02 2.05332 1459.78 1063.86 0.155845 305 34 1 2.48206e-314 0 0 0 
2.18222 34.3679 12233.4 0.02 1.93827 1267.56 978.896 0.165096 306 35 1 2.48206e-314 0 0 0 
2.19373 31.1207 12800.7 0.02 1.8269 1083.17 887.971 0.17516 307 35 1 2.48206e-314 0 0 0 
2.20609 27.765 13070.2 0.02 1.72091 910.06 792.651 0.185948 308 37 1 2.48206e-314 0 0 0 
2.21933 24.3791 13034.9 0.02 1.62171 750.924 694.883 0.197323 309 38 1 2.48206e-314 0 0 0 
2.23345 21.0416 12696.8 0.02 1.53031 607.69 596.918 0.209108 310 38 1 2.48206e-314 0 0 0 
2.24842 17.8283 12078.1 0.02 1.44734 481.492 501.208 0.221095 311 39 1 2.48206e-314 0 0 0 
2.2642 14.8076 11213.5 0.02 1.37307 372.717 410.23 0.233054 312 40 1 2.48206e-314 0 0 0 
2.28073 12.0379 10143.9 0.02 1.30749 281.181 326.335 0.244745 313 40 1 2.48206e-314 0 0 0 
2.29795 9.56516 8925.28 0.02 1.25033 206.173 251.543 0.255932 314 41 1 2.48206e-314 0 0 0 
2.31577 7.41949 7623.66 0.02 1.20121 146.522 187.317 0.266399 315 41 1 2.48206e-314 0 0 0 
2.3341 5.61312 6310.81 0.02 1.15958 100.654 134.39 0.275963 316 41 1 2.48206e-314 0 0 0 
2.35285 4.14008 5055.12 0.02 1.12482 66.6926 92.6905 0.28449 317 41 1 2.48206e-314 0 0 0 
2.37194 2.9779 3915.11 0.02 1.09627 42.5764 61.3857 0.291899 318 40 1 2.48206e-314 0 0 0 
2.3913 2.0911 2932.58 0.02 1.07321 26.2066 39.0498 0.298172 319 39 1 2.48206e-314 0 0 0 
2.41085 1.4359 2129.13 0.02 1.0549 15.5909 23.9097 0.303347 320 38 1 2.48206e-314 0 0 0 
2.43055 0.965858 1503.58 0.02 1.04061 8.99413 14.1351 0.307512 321 37 1 2.48206e-314 0 0 0 
2.45035 0.637325 1036.48 0.02 1.02964 5.04607 8.09584 0.310788 322 36 1 2.48206e-314 0 0 0 
2.47022 0.412908 699.209 0.02 1.02135 2.7586 4.50423 0.313312 323 35 1 2.48206e-314 0 0 0 
2.49013 0.262769 462.459 0.02 1.01517 1.47029 2.43807 0.315219 324 34 1 2.48206e-314 0 0 0 
2.51008 0.164231 300.227 0.02 1.01063 0.763564 1.28415 0.316635 325 34 1 2.48206e-314 0 0 0 
2.53005 0.100756 191.202 0.02 1.00735 0.385512 0.657578 0.317667 326 33 1 2.48206e-314 0 0 0 
2.55003 0.0606718 119.271 0.02 1.00501 0.189592 0.327351 0.318406 327 33 1 2.48206e-314 0 0 0 
2.57002 0.0358472 73.0749 0.02 1.00336 0.0904601 0.158341 0.318927 328 32 1 2.48206e-314 0 0 0 
2.59001 0.0207615 43.8547 0.02 1.00223 0.0418102 0.0742335 0.319289 329 32 1 2.48206e-314 0 0 0 
2.61 0.0117872 25.7352 0.02 1.00145 0.0187692 0.0337598 0.319535 330 32 1 2.48206e-314 0 0 0 
2.63 0.00656363 14.7939 0.02 1.00094 0.00821457 0.0149473 0.319701 331 32 1 2.48206e-314 0 0 0 
2.65 0.00358315 8.34052 0.02 1.00059 0.00351604 0.00646847 0.31981 332 32 1 2.48206e-314 0 0 0 
2.67 0.00191635 4.603 0.02 1.00037 0.00149146 0.00276253 0.319881 333 32 1 2.48206e-314 0 0 0 
2.69 0.0010042 2.48374 0.02 1.00023 0.000649755 0.00119663 0.319927 334 32 1 2.48206e-314 0 0 0 
2.71 0.000515886 1.31229 0.02 1.00014 0.000311198 0.000557273 0.319956 335 32 1 2.48206e-314 0 0 0 
2.73 0.000259716 0.679971 0.02 1.00008 0.000178616 0.000303864 0.319973 336 32 1 2.48206e-314 0 0 0 
2.75 0.000127995 0.34495 0.02 1.00005 0.000128284 0.000206266 0.319984 337 32 1 2.48206e-314 0 0 0 
2.77 6.17069e-05 0.17112 0.02 1.00003 0.000109819 0.000169876 0.319991 338 32 1 2.48206e-314 0 0 0 
2.79 2.90927e-05 0.0829431 0.02 1.00002 0.000103287 0.000156775 0.319995 339 32 1 2.48206e-314 0 0 0 
2.81 1.34142e-05 0.0392689 0.02 1.00001 0.000101061 0.000152227 0.319997 340 32 1 2.48206e-314 0 0 0 
2.83 6.05134e-06 0.0181621 0.02 1.00001 0.00010033 0.000150706 0.319998 341 32 1 2.48206e-314 0 0 0 
2.85 2.67261e-06 0.00820978 0.02 1 0.0001001 0.000150216 0.319999 342 32 1 2.48206e-314 0 0 0 
2.87 1.1567e-06 0.00363019 0.02 1 0.000100029 0.000150064 0.32 343 32 1 2.48206e-314 0 0 0 
2.89 4.9101e-07 0.00157252 0.02 1 0.000100008 0.000150019 0.32 344 32 1 2.48206e-314 0 0 0 
2.91 2.04483e-07 0.000668191 0.02 1 0.000100002 0.000150005 0.32 345 32 1 2.48206e-314 0 0 0 
2.93 8.34814e-08 0.000278622 0.02 1 0.000100001 0.000150002 0.32 346 32 1 2.48206e-314 0 0 0 
2.95 3.33441e-08 0.00011392 0.02 1 0.0001 0.00015 0.32 347 32 1 2.48206e-314 0 0 0 
2.97 1.29866e-08 4.55652e-05 0.02 1 0.0001 0.00015 0.32 348 32 1 2.48206e-314 0 0 0 
2.99 4.91094e-09 1.77478e-05 0.02 1 0.0001 0.00015 0.32 349 32 1 2.48206e-314 0 0 0 
3.01 1.79658e-09 6.6917e-06 0.02 1 0.0001 0.00015 0.32 350 32 1 2.48206e-314 0 0 0 
3.03 6.35321e-10 2.43189e-06 0.02 1 0.0001 0.00015 0.32 351 32 1 2.48206e-314 0 0 0 
3.05 2.1783e-10 8.52382e-07 0.02 1 0.0001 0.00015 0.32 352 32 1 2.48206e-314 0 0 0 
3.07 7.28301e-11 2.89619e-07 0.02 1 0.0001 0.00015 0.32 353 32 1 2.48206e-314 0 0 0 
3.09 2.39068e-11 9.60564e-08 0.02 1 0.0001 0.00015 0.32 354 32 1 2.48206e-314 0 0 0 
3.11 7.75963e-12 3.13231e-08 0.02 1 0.0001 0.00015 0.32 355 32 1 2.48206e-314 0 0 0 
3.13 2.50833e-12 1.01197e-08 0.02 1 0.0001 0.00015 0.32 356 32 1 2.48206e-314 0 0 0 
3.15 8.12508e-13 3.26511e-09 0.02 1 0.0001 0.00015 0.32 357 32 1 2.48206e-314 0 0 0 
3.17 2.64524e-13 1.05926e-09 0.02 1 0.0001 0.00015 0.32 358 32 1 2.48206e-314 0 0 0 
3.19 8.63229e-14 3.46472e-10 0.02 1 0.0001 0.00015 0.32 359 32 1 2.48206e-314 0 0 0 
3.21 2.79536e-14 1.13809e-10 0.02 1 0.0001 0.00015 0.32 360 32 1 2.48206e-314 0 0 0 
3.23 8.81618e-15 3.70928e-11 0.02 1 0.0001 0.00015 0.32 361 32 1 2.48206e-314 0 0 0 
3.25 2.62605e-15 1.17443e-11 0.02 1 0.0001 0.00015 0.32 362 32 1 2.48206e-314 0 0 0 
3.27 6.97741e-16 3.49309e-12 0.02 1 0.0001 0.00015 0.32 363 32 1 2.48206e-314 0 0 0 
3.29 1.41457e-16 9.17383e-13 0.02 1 0.0001 0.00015 0.32 364 32 1 2.48206e-314 0 0 0 
3.31 4.2904e-18 1.78369e-13 0.02 1 0.0001 0.00015 0.32 365 32 1 2.48206e-314 0 0 0 
3.33 -1.73878e-17 -2.17503e-16 0.02 1 0.0001 0.00015 0.32 366 32 1 2.48206e-314 0 0 0 
3.35 -1.36291e-17 -2.60841e-14 0.02 1 0.0001 0.00015 0.32 367 32 1 2.48206e-314 0 0 0 
3.37 -7.67148e-18 -1.94485e-14 0.02 1 0.0001 0.00015 0.32 368 32 1 2.48206e-314 0 0 0 
3.39 -3.76564e-18 -1.07536e-14 0.02 1 0.0001 0.00015 0.32 369 33 1 2.48206e-314 0 0 0 
3.41 -1.70881e-18 -5.2271e-15 0.02 1 0.0001 0.00015 0.32 370 33 1 2.48206e-314 0 0 0 
3.43 -7.35311e-19 -2.35676e-15 0.02 1 0.0001 0.00015 0.32 371 33 1 2.48206e-314 0 0 0 
3.45 -3.03961e-19 -1.00936e-15 0.02 1 0.0001 0.00015 0.32 372 33 1 2.48206e-314 0 0 0 
3.47 -1.21441e-19 -4.15676e-16 0.02 1 0.0001 0.00015 0.32 373 33 1 2.48206e-314 0 0 0 
3.49 -4.69264e-20 -1.65678e-16 0.02 1 0.0001 0.00015 0.32 374 33 1 2.48206e-314 0 0 0 
3.51 -1.72297e-20 -6.41473e-17 0.02 1 0.0001 0.00015 0.32 375 33 1 2.48206e-314 0 0 0 
3.53 -5.46285e-21 -2.4168e-17 0.02 1 0.0001 0.00015 0.32 376 33 1 2.48206e-314 0 0 0 
3.55 3.22236e-23 -8.79178e-18 0.02 1 0.0001 0.00015 0.32 377 33 1 2.48206e-314 0 0 0 
3.57 3.76174e-21 -3.01607e-18 0.02 1 0.0001 0.00015 0.32 378 33 1 2.48206e-314 0 0 0 
3.59 7.53837e-21 -8.45762e-19 0.02 1 0.0001 0.00015 0.32 379 33 1 2.48206e-314 0 0 0 
3.61 1.22108e-20 6.73391e-20 0.02 1 0.0001 0.00015 0.32 380 33 1 2.48206e-314 0 0 0 
3.63 1.81764e-20 5.40407e-19 0.02 1 0.0001 0.00015 0.32 381 33 1 2.48206e-314 0 0 0 
3.65 2.5892e-20 9.10349e-19 0.02 1 0.0001 0.00015 0.32 382 33 1 2.48206e-314 0 0 0 
3.67 3.49736e-20 1.27203e-18 0.02 1 0.0001 0.00015 0.32 383 33 1 2.48206e-314 0 0 0 
3.69 4.42149e-20 1.62884e-18 0.02 1 0.0001 0.00015 0.32 384 33 1 2.48206e-314 0 0 0 
3.71 5.37328e-20 1.98883e-18 0.02 1 0.0001 0.00015 0.32 385 33 1 2.48206e-314 0 0 0 
3.73 5.94578e-20 2.21287e-18 0.02 1 0.0001 0.00015 0.32 386 33 1 2.48206e-314 0 0 0 
3.75 6.03738e-20 2.26962e-18 0.02 1 0.0001 0.00015 0.32 387 33 1 2.48206e-314 0 0 0 
3.77 5.85199e-20 2.1612e-18 0.02 1 0.0001 0.00015 0.32 388 33 1 2.48206e-314 0 0 0 
3.79 4.30005e-20 1.62397e-18 0.02 1 0.0001 0.00015 0.32 389 33 1 2.48206e-314 0 0 0 
3.81 1.79449e-20 6.79109e-19 0.02 1 0.0001 0.00015 0.32 390 32 1 2.48206e-314 0 0 0 
3.83 -1.61151e-20 -5.77676e-19 0.02 1 0.0001 0.00015 0.32 391 32 1 2.48206e-314 0 0 0 
3.85 -6.97518e-20 -2.55613e-18 0.02 1 0.0001 0.00015 0.32 392 32 1 2.48206e-314 0 0 0 
3.87 -1.29068e-19 -4.72517e-18 0.02 1 0.0001 0.00015 0.32 393 32 1 2.48206e-314 0 0 0 
3.89 -1.95783e-19 -7.19512e-18 0.02 1 0.0001 0.00015 0.32 394 32 1 2.48206e-314 0 0 0 
3.91 -2.61884e-19 -9.71208e-18 0.02 1 0.0001 0.00015 0.32 395 32 1 2.48206e-314 0 0 0 
3.93 -3.23017e-19 -1.18674e-17 0.02 1 0.0001 0.00015 0.32 396 32 1 2.48206e-314 0 0 0 
3.95 -3.70882e-19 -1.36451e-17 0.02 1 0.0001 0.00015 0.32 397 32 1 2.48206e-314 0 0 0 
3.97 -4.03916e-19 -1.48428e-17 0.02 1 0.0001 0.00015 0.32 398 32 1 2.48206e-314 0 0 0 
3.99 -4.14458e-19 -1.52438e-17 0.02 1 0.0001 0.00015 0.32 399 32 1 2.48206e-314 0 0 0 
4.01 -4.01422e-19 -1.48083e-17 0.02 1 0.0001 0.00015 0.32 400 32 1 2.48206e-314 0 0 0 
4.03 -3.67987e-19 -1.35525e-17 0.02 1 0.0001 0.00015 0.32 401 32 1 2.48206e-314 0 0 0 
4.05 -3.151e-19 -1.15929e-17 0.02 1 0.0001 0.00015 0.32 402 32 1 2.48206e-314 0 0 0 
4.07 -2.56167e-19 -9.41964e-18 0.02 1 0.0001 0.00015 0.32 403 32 1 2.48206e-314 0 0 0 
4.09 -1.90603e-19 -6.99332e-18 0.02 1 0.0001 0.00015 0.32 404 32 1 2.48206e-314 0 0 0 
4.11 -1.23859e-19 -4.54772e-18 0.02 1 0.0001 0.00015 0.32 405 32 1 2.48206e-314 0 0 0 
4.13 -6.70057e-20 -2.45343e-18 0.02 1 0.0001 0.00015 0.32 406 32 1 2.48206e-314 0 0 0 
4.15 -1.27275e-20 -4.6608e-19 0.02 1 0.0001 0.00015 0.32 407 32 1 2.48206e-314 0 0 0 
4.17 2.49479e-20 9.22842e-19 0.02 1 0.0001 0.00015 0.32 408 32 1 2.48206e-314 0 0 0 
4.19 4.30383e-20 1.58289e-18 0.02 1 0.0001 0.00015 0.32 409 32 1 2.48206e-314 0 0 0 
4.21 5.83831e-20 2.14659e-18 0.02 1 0.0001 0.00015 0.32 410 32 1 2.48206e-314 0 0 0 
4.23 6.08432e-20 2.23532e-18 0.02 1 0.0001 0.00015 0.32 411 31 1 2.48206e-314 0 0 0 
4.25 5.83423e-20 2.14342e-18 0.02 1 0.0001 0.00015 0.32 412 31 1 2.48206e-314 0 0 0 
4.27 5.10106e-20 1.87406e-18 0.02 1 0.0001 0.00015 0.32 413 31 1 2.48206e-314 0 0 0 
4.29 4.03186e-20 1.48125e-18 0.02 1 0.0001 0.00015 0.32 414 31 1 2.48206e-314 0 0 0 
4.31 3.22664e-20 1.18542e-18 0.02 1 0.0001 0.00015 0.32 415 31 1 2.48206e-314 0 0 0 
4.33 2.25599e-20 8.28822e-19 0.02 1 0.0001 0.00015 0.32 416 31 1 2.48206e-314 0 0 0 
4.35 1.67384e-20 6.14946e-19 0.02 1 0.0001 0.00015 0.32 417 31 1 2.48206e-314 0 0 0 
4.37 1.16777e-20 4.29022e-19 0.02 1 0.0001 0.00015 0.32 418 31 1 2.48206e-314 0 0 0 
4.39 7.17031e-21 2.63427e-19 0.02 1 0.0001 0.00015 0.32 419 31 1 2.48206e-314 0 0 0 
4.41 4.48432e-21 1.64748e-19 0.02 1 0.0001 0.00015 0.32 420 31 1 2.48206e-314 0 0 0 
4.43 2.68598e-21 9.86793e-20 0.02 1 0.0001 0.00015 0.32 421 31 1 2.48206e-314 0 0 0 
4.45 1.23348e-21 4.53163e-20 0.02 1 0.0001 0.00015 0.32 422 31 1 2.48206e-314 0 0 0 
4.47 4.26529e-22 1.56701e-20 0.02 1 0.0001 0.00015 0.32 423 31 1 2.48206e-314 0 0 0 
4.49 1.67153e-22 6.14099e-21 0.02 1 0.0001 0.00015 0.32 424 31 1 2.48206e-314 0 0 0 
4.51 5.18752e-23 1.90582e-21 0.02 1 0.0001 0.00015 0.32 425 31 1 2.48206e-314 0 0 0 
4.53 2.0969e-37 7.70372e-36 0.02 1 0.0001 0.00015 0.32 426 31 1 2.48206e-314 0 0 0 
4.55 0 0 0.02 1 0.0001 0.00015 0.32 427 31 1 2.48206e-314 0 0 0 
4.57 0 0 0.02 1 0.0001 0.00015 0.32 428 31 1 2.48206e-314 0 0 0 
4.59 0 0 0.02 1 0.0001 0.00015 0.32 429 31 1 2.48206e-314 0 0 0 
4.61 0 0 0.02 1 0.0001 0.00015 0.32 430 31 1 2.48206e-314 0 0 0 
4.63 0 0 0.02 1 0.0001 0.00015 0.32 431 31 1 2.48206e-314 0 0 0 
4.65 0 0 0.02 1 0.0001 0.00015 0.32 432 31 1 2.48206e-314 0 0 0 
4.67 0 0 0.02 1 0.0001 0.00015 0.32 433 31 1 2.48206e-314 0 0 0 
4.69 0 0 0.02 1 0.0001 0.00015 0.32 434 31 1 2.48206e-314 0 0 0 
4.71 0 0 0.02 1 0.0001 0.00015 0.32 435 31 1 2.48206e-314 0 0 0 
4.73 0 0 0.02 1 0.0001 0.00015 0.32 436 31 1 2.48206e-314 0 0 0 
4.75 0 0 0.02 1 0.0001 0.00015 0.32 437 31 1 2.48206e-314 0 0 0 
4.77 0 0 0.02 1 0.0001 0.00015 0.32 438 31 1 2.48206e-314 0 0 0 
4.79 0 0 0.02 1 0.0001 0.00015 0.32 439 31 1 2.48206e-314 0 0 0 
4.81 0 0 0.02 1 0.0001 0.00015 0.32 440 31 1 2.48206e-314 0 0 0 
4.83 0 0 0.02 1 0.0001 0.00015 0.32 441 31 1 2.48206e-314 0 0 0 
4.85 0 0 0.02 1 0.0001 0.00015 0.32 442 31 1 2.48206e-314 0 0 0 
4.87 0 0 0.02 1 0.0001 0.00015 0.32 443 31 1 2.48206e-314 0 0 0 
4.89 0 0 0.02 1 0.0001 0.00015 0.32 444 31 1 2.48206e-314 0 0 0 
4.91 0 0 0.02 1 0.0001 0.00015 0.32 445 31 1 2.48206e-314 0 0 0 
4.93 0 0 0.02 1 0.0001 0.00015 0.32 446 31 1 2.48206e-314 0 0 0 
4.95 0 0 0.02 1 0.0001 0.00015 0.32 447 31 1 2.48206e-314 0 0 0 
4.97 0 0 0.02 1 0.0001 0.00015 0.32 448 31 1 2.48206e-314 0 0 0 
4.99 0 0 0.02 1 0.0001 0.00015 0.32 449 31 1 2.48206e-314 0 0 0 
5.01 0 0 0.02 1 0.0001 0.00015 0.32 450 31 1 2.48206e-314 0 0 0 
5.03 0 0 0.02 1 0.0001 0.00015 0.32 451 31 1 2.48206e-314 0 0 0 
5.05 0 0 0.02 1 0.0001 0.00015 0.32 452 31 1 2.48206e-314 0 0 0 
5.07 0 0 0.02 1 0.0001 0.00015 0.32 453 31 1 2.48206e-314 0 0 0 
5.09 0 0 0.02 1 0.0001 0.00015 0.32 454 31 1 2.48206e-314 0 0 0 
5.11 0 0 0.02 1 0.0001 0.00015 0.32 455 31 1 2.48206e-314 0 0 0 
5.13 0 0 0.02 1 0.0001 0.00015 0.32 456 31 1 2.48206e-314 0 0 0 
5.15 0 0 0.02 1 0.0001 0.00015 0.32 457 31 1 2.48206e-314 0 0 0 
5.17 0 0 0.02 1 0.0001 0.00015 0.32 458 31 1 2.48206e-314 0 0 0 
5.19 0 0 0.02 1 0.0001 0.00015 0.32 459 31 1 2.48206e-314 0 0 0 
5.21 0 0 0.02 1 0.0001 0.00015 0.32 460 31 1 2.48206e-314 0 0 0 
5.23 0 0 0.02 1 0.0001 0.00015 0.32 461 31 1 2.48206e-314 0 0 0 
5.25 0 0 0.02 1 0.0001 0.00015 0.32 462 31 1 2.48206e-314 0 0 0 
5.27 0 0 0.02 1 0.0001 0.00015 0.32 463 31 1 2.48206e-314 0 0 0 
5.29 0 0 0.02 1 0.0001 0.00015 0.32 464 31 1 2.48206e-314 0 0 0 
5.31 0 0 0.02 1 0.0001 0.00015 0.32 465 31 1 2.48206e-314 0 0 0 
5.33 0 0 0.02 1 0.0001 0.00015 0.32 466 31 1 2.48206e-314 0 0 0 
5.35 0 0 0.02 1 0.0001 0.00015 0.32 467 31 1 2.48206e-314 0 0 0 
5.37 0 0 0.02 1 0.0001 0.00015 0.32 468 31 1 2.48206e-314 0 0 0 
5.39 0 0 0.02 1 0.0001 0.00015 0.32 469 31 1 2.48206e-314 0 0 0 
5.41 0 0 0.02 1 0.0001 0.00015 0.32 470 31 1 2.48206e-314 0 0 0 
5.43 0 0 0.02 1 0.0001 0.00015 0.32 471 31 1 2.48206e-314 0 0 0 
5.45 0 0 0.02 1 0.0001 0.00015 0.32 472 31 1 2.48206e-314 0 0 0 
5.47 0 0 0.02 1 0.0001 0.00015 0.32 473 31 1 2.48206e-314 0 0 0 
5.49 0 0 0.02 1 0.0001 0.00015 0.32 474 31 1 2.48206e-314 0 0 0 
5.51 0 0 0.02 1 0.0001 0.00015 0.32 475 31 1 2.48206e-314 0 0 0 
5.53 0 0 0.02 1 0.0001 0.00015 0.32 476 31 1 2.48206e-314 0 0 0 
5.55 0 0 0.02 1 0.0001 0.00015 0.32 477 31 1 2.48206e-314 0 0 0 
5.57 0 0 0.02 1 0.0001 0.00015 0.32 478 31 1 2.48206e-314 0 0 0 
5.59 0 0 0.02 1 0.0001 0.00015 0.32 479 31 1 2.48206e-314 0 0 0 
5.61 0 0 0.02 1 0.0001 0.00015 0.32 480 31 1 2.48206e-314 0 0 0 
5.63 0 0 0.02 1 0.0001 0.00015 0.32 481 31 1 2.48206e-314 0 0 0 
5.65 0 0 0.02 1 0.0001 0.00015 0.32 482 31 1 2.48206e-314 0 0 0 
5.67 0 0 0.02 1 0.0001 0.00015 0.32 483 31 1 2.48206e-314 0 0 0 
5.69 0 0 0.02 1 0.0001 0.00015 0.32 484 31 1 2.48206e-314 0 0 0 
5.71 0 0 0.02 1 0.0001 0.00015 0.32 485 31 1 2.48206e-314 0 0 0 
5.73 0 0 0.02 1 0.0001 0.00015 0.32 486 31 1 2.48206e-314 0 0 0 
5.75 0 0 0.02 1 0.0001 0.00015 0.32 487 31 1 2.48206e-314 0 0 0 
5.77 0 0 0.02 1 0.0001 0.00015 0.32 488 31 1 2.48206e-314 0 0 0 
5.79 0 0 0.02 1 0.0001 0.00015 0.32 489 31 1 2.48206e-314 0 0 0 
5.81 0 0 0.02 1 0.0001 0.00015 0.32 490 31 1 2.48206e-314 0 0 0 
5.83 0 0 0.02 1 0.0001 0.00015 0.32 491 31 1 2.48206e-314 0 0 0 
5.85 0 0 0.02 1 0.0001 0.00015 0.32 492 31 1 2.48206e-314 0 0 0 
5.87 0 0 0.02 1 0.0001 0.00015 0.32 493 31 1 2.48206e-314 0 0 0 
5.89 0 0 0.02 1 0.0001 0.00015 0.32 494 31 1 2.48206e-314 0 0 0 
5.91 0 0 0.02 1 0.0001 0.00015 0.32 495 31 1 2.48206e-314 0 0 0 
5.93 0 0 0.02 1 0.0001 0.00015 0.32 496 31 1 2.48206e-314 0 0 0 
5.95 0 0 0.02 1 0.0001 0.00015 0.32 497 31 1 2.48206e-314 0 0 0 
5.97 0 0 0.02 1 0.0001 0.00015 0.32 498 31 1 2.48206e-314 0 0 0 
5.99 0 0 0.02 1 0.0001 0.00015 0.32 499 31 1 2.48206e-314 0 0 0 
6.01 0 0 0.02 1 0.0001 0.00015 0.32 500 31 1 2.48206e-314 0 0 0 
6.03 0 0 0.02 1 0.0001 0.00015 0.32 501 31 1 2.48206e-314 0 0 0 
6.05 0 0 0.02 1 0.0001 0.00015 0.32 502 31 1 2.48206e-314 0 0 0 
6.07 0 0 0.02 1 0.0001 0.00015 0.32 503 31 1 2.48206e-314 0 0 0 
6.09 0 0 0.02 1 0.0001 0.00015 0.32 504 31 1 2.48206e-314 0 0 0 
6.11 0 0 0.02 1 0.0001 0.00015 0.32 505 31 1 2.48206e-314 0 0 0 
6.13 0 0 0.02 1 0.0001 0.00015 0.32 506 31 1 2.48206e-314 0 0 0 
6.15 0 0 0.02 1 0.0001 0.00015 0.32 507 31 1 2.48206e-314 0 0 0 
6.17 0 0 0.02 1 0.0001 0.00015 0.32 508 31 1 2.48206e-314 0 0 0 
6.19 0 0 0.02 1 0.0001 0.00015 0.32 509 31 1 2.48206e-314 0 0 0 
6.21 0 0 0.02 1 0.0001 0.00015 0.32 510 31 1 2.48206e-314 0 0 0 
6.23 0 0 0.02 1 0.0001 0.00015 0.32 511 31 1 2.48206e-314 0 0 0 
6.25 0 0 0.02 1 0.0001 0.00015 0.32 512 31 1 2.48206e-314 0 0 0 
6.27 0 0 0.02 1 0.0001 0.00015 0.32 513 31 1 2.48206e-314 0 0 0 
6.29 0 0 0.02 1 0.0001 0.00015 0.32 514 31 1 2.48206e-314 0 0 0 
6.31 0 0 0.02 1 0.0001 0.00015 0.32 515 31 1 2.48206e-314 0 0 0 
6.33 0 0 0.02 1 0.0001 0.00015 0.32 516 31 1 2.48206e-314 0 0 0 
6.35 0 0 0.02 1 0.0001 0.00015 0.32 517 31 1 2.48206e-314 0 0 0 
6.37 0 0 0.02 1 0.0001 0.00015 0.32 518 31 1 2.48206e-314 0 0 0 
6.39 0 0 0.02 1 0.0001 0.00015 0.32 519 31 1 2.48206e-314 0 0 0 
6.41 0 0 0.02 1 0.0001 0.00015 0.32 520 31 1 2.48206e-314 0 0 0 
6.43 0 0 0.02 1 0.0001 0.00015 0.32 521 31 1 2.48206e-314 0 0 0 
6.45 0 0 0.02 1 0.0001 0.00015 0.32 522 31 1 2.48206e-314 0 0 0 
6.47 0 0 0.02 1 0.0001 0.00015 0.32 523 31 1 2.48206e-314 0 0 0 
6.49 0 0 0.02 1 0.0001 0.00015 0.32 524 31 1 2.48206e-314 0 0 0 
6.51 0 0 0.02 1 0.0001 0.00015 0.32 525 31 1 2.48206e-314 0 0 0 
6.53 0 0 0.02 1 0.0001 0.00015 0.32 526 31 1 2.48206e-314 0 0 0 
6.55 0 0 0.02 1 0.0001 0.00015 0.32 527 31 1 2.48206e-314 0 0 0 
6.57 0 0 0.02 1 0.0001 0.00015 0.32 528 31 1 2.48206e-314 0 0 0 
6.59 0 0 0.02 1 0.0001 0.00015 0.32 529 31 1 2.48206e-314 0 0 0 
6.61 0 0 0.02 1 0.0001 0.00015 0.32 530 31 1 2.48206e-314 0 0 0 
6.63 0 0 0.02 1 0.0001 0.00015 0.32 531 31 1 2.48206e-314 0 0 0 
6.65 0 0 0.02 1 0.0001 0.00015 0.32 532 31 1 2.48206e-314 0 0 0 
6.67 0 0 0.02 1 0.0001 0.00015 0.32 533 31 1 2.48206e-314 0 0 0 
6.69 0 0 0.02 1 0.0001 0.00015 0.32 534 31 1 2.48206e-314 0 0 0 
6.71 0 0 0.02 1 0.0001 0.00015 0.32 535 31 1 2.48206e-314 0 0 0 
6.73 0 0 0.02 1 0.0001 0.00015 0.32 536 31 1 2.48206e-314 0 0 0 
6.75 0 0 0.02 1 0.0001 0.00015 0.32 537 31 1 2.48206e-314 0 0 0 
6.77 0 0 0.02 1 0.0001 0.00015 0.32 538 31 1 2.48206e-314 0 0 0 
6.79 0 0 0.02 1 0.0001 0.00015 0.32 539 31 1 2.48206e-314 0 0 0 
6.81 0 0 0.02 1 0.0001 0.00015 0.32 540 31 1 2.48206e-314 0 0 0 
6.83 0 0 0.02 1 0.0001 0.00015 0.32 541 31 1 2.48206e-314 0 0 0 
6.85 0 0 0.02 1 0.0001 0.00015 0.32 542 31 1 2.48206e-314 0 0 0 
6.87 0 0 0.02 1 0.0001 0.00015 0.32 543 31 1 2.48206e-314 0 0 0 
6.89 0 0 0.02 1 0.0001 0.00015 0.32 544 31 1 2.48206e-314 0 0 0 
6.91 0 0 0.02 1 0.0001 0.00015 0.32 545 31 1 2.48206e-314 0 0 0 
6.93 0 0 0.02 1 0.0001 0.00015 0.32 546 31 1 2.48206e-314 0 0 0 
6.95 0 0 0.02 1 0.0001 0.00015 0.32 547 31 1 2.48206e-314 0 0 0 
6.97 0 0 0.02 1 0.0001 0.00015 0.32 548 31 1 2.48206e-314 0 0 0 
6.99 0 0 0.02 1 0.0001 0.00015 0.32 549 31 1 2.48206e-314 0 0 0 
7.01 0 0 0.02 1 0.0001 0.00015 0.32 550 31 1 2.48206e-314 0 0 0 
7.03 0 0 0.02 1 0.0001 0.00015 0.32 551 31 1 2.48206e-314 0 0 0 
7.05 0 0 0.02 1 0.0001 0.00015 0.32 552 31 1 2.48206e-314 0 0 0 
7.07 0 0 0.02 1 0.0001 0.00015 0.32 553 31 1 2.48206e-314 0 0 0 
7.09 0 0 0.02 1 0.0001 0.00015 0.32 554 31 1 2.48206e-314 0 0 0 
7.11 0 0 0.02 1 0.0001 0.00015 0.32 555 31 1 2.48206e-314 0 0 0 
7.13 0 0 0.02 1 0.0001 0.00015 0.32 556 31 1 2.48206e-314 0 0 0 
7.15 0 0 0.02 1 0.0001 0.00015 0.32 557 31 1 2.48206e-314 0 0 0 
7.17 0 0 0.02 1 0.0001 0.00015 0.32 558 31 1 2.48206e-314 0 0 0 
7.19 0 0 0.02 1 0.0001 0.00015 0.32 559 31 1 2.48206e-314 0 0 0 
7.21 0 0 0.02 1 0.0001 0.00015 0.32 560 31 1 2.48206e-314 0 0 0 
7.23 0 0 0.02 1 0.0001 0.00015 0.32 561 31 1 2.48206e-314 0 0 0 
7.25 0 0 0.02 1 0.0001 0.00015 0.32 562 31 1 2.48206e-314 0 0 0 
7.27 0 0 0.02 1 0.0001 0.00015 0.32 563 31 1 2.48206e-314 0 0 0 
7.29 0 0 0.02 1 0.0001 0.00015 0.32 564 31 1 2.48206e-314 0 0 0 
7.31 0 0 0.02 1 0.0001 0.00015 0.32 565 31 1 2.48206e-314 0 0 0 
7.33 -1.02671e-24 -2.11758e-22 0.02 1 0.0001 0.00015 0.32 566 31 1 2.48206e-314 0 0 0 
7.35 -6.13586e-24 -1.05879e-21 0.02 1 0.0001 0.00015 0.32 567 31 1 2.48206e-314 0 0 0 
7.37 -1.94554e-23 -3.17637e-21 0.02 1 0.0001 0.00015 0.32 568 31 1 2.48206e-314 0 0 0 
7.39 -4.9276e-23 -7.83505e-21 0.02 1 0.0001 0.00015 0.32 569 31 1 2.48206e-314 0 0 0 
7.41 -3.26645e-22 -2.43522e-20 0.02 1 0.0001 0.00015 0.32 570 31 1 2.48206e-314 0 0 0 
7.43 -1.76671e-21 -8.51268e-20 0.02 1 0.0001 0.00015 0.32 571 31 1 2.48206e-314 0 0 0 
7.45 -6.31379e-21 -2.60039e-19 0.02 1 0.0001 0.00015 0.32 572 31 1 2.48206e-314 0 0 0 
7.47 -1.72075e-20 -6.76779e-19 0.02 1 0.0001 0.00015 0.32 573 31 1 2.48206e-314 0 0 0 
7.49 -3.83877e-20 -1.45817e-18 0.02 1 0.0001 0.00015 0.32 574 31 1 2.48206e-314 0 0 0 
7.51 -7.71794e-20 -2.90829e-18 0.02 1 0.0001 0.00015 0.32 575 31 1 2.48206e-314 0 0 0 
7.53 -1.40237e-19 -5.21031e-18 0.02 1 0.0001 0.00015 0.32 576 31 1 2.48206e-314 0 0 0 
7.55 -2.3571e-19 -8.72147e-18 0.02 1 0.0001 0.00015 0.32 577 31 1 2.48206e-314 0 0 0 
7.57 -3.73801e-19 -1.37785e-17 0.02 1 0.0001 0.00015 0.32 578 31 1 2.48206e-314 0 0 0 
7.59 -5.56362e-19 -2.03745e-17 0.02 1 0.0001 0.00015 0.32 579 31 1 2.48206e-314 0 0 0 
7.61 -7.84395e-19 -2.87555e-17 0.02 1 0.0001 0.00015 0.32 580 31 1 2.48206e-314 0 0 0 
7.63 -1.04996e-18 -3.83475e-17 0.02 1 0.0001 0.00015 0.32 581 31 1 2.48206e-314 0 0 0 
7.65 -1.34196e-18 -4.91112e-17 0.02 1 0.0001 0.00015 0.32 582 31 1 2.48206e-314 0 0 0 
7.67 -1.6363e-18 -5.9853e-17 0.02 1 0.0001 0.00015 0.32 583 31 1 2.48206e-314 0 0 0 
7.69 -1.90135e-18 -6.96424e-17 0.02 1 0.0001 0.00015 0.32 584 31 1 2.48206e-314 0 0 0 
7.71 -1.8388e-18 -6.72237e-17 0.02 1 0.0001 0.00015 0.32 585 32 1 2.48206e-314 0 0 0 
7.73 -1.40569e-18 -5.14075e-17 0.02 1 0.0001 0.00015 0.32 586 32 1 2.48206e-314 0 0 0 
7.75 -5.662e-19 -2.05041e-17 0.02 1 0.0001 0.00015 0.32 587 32 1 2.48206e-314 0 0 0 
7.77 6.87476e-19 2.53866e-17 0.02 1 0.0001 0.00015 0.32 588 32 1 2.48206e-314 0 0 0 
7.79 2.35473e-18 8.65615e-17 0.02 1 0.0001 0.00015 0.32 589 32 1 2.48206e-314 0 0 0 
7.81 4.41915e-18 1.62361e-16 0.02 1 0.0001 0.00015 0.32 590 32 1 2.48206e-314 0 0 0 
7.83 6.84252e-18 2.51087e-16 0.02 1 0.0001 0.00015 0.32 591 32 1 2.48206e-314 0 0 0 
7.85 9.57895e-18 3.51637e-16 0.02 1 0.0001 0.00015 0.32 592 32 1 2.48206e-314 0 0 0 
7.87 1.14767e-17 4.21125e-16 0.02 1 0.0001 0.00015 0.32 593 32 1 2.48206e-314 0 0 0 
7.89 1.24734e-17 4.5775e-16 0.02 1 0.0001 0.00015 0.32 594 32 1 2.48206e-314 0 0 0 
7.91 1.25058e-17 4.58972e-16 0.02 1 0.0001 0.00015 0.32 595 32 1 2.48206e-314 0 0 0 
7.93 1.15475e-17 4.23873e-16 0.02 1 0.0001 0.00015 0.32 596 32 1 2.48206e-314 0 0 0 
7.95 9.59676e-18 3.52227e-16 0.02 1 0.0001 0.00015 0.32 597 33 1 2.48206e-314 0 0 0 
7.97 6.67881e-18 2.45284e-16 0.02 1 0.0001 0.00015 0.32 598 33 1 2.48206e-314 0 0 0 
7.99 2.80909e-18 1.03272e-16 0.02 1 0.0001 0.00015 0.32 599 33 1 2.48206e-314 0 0 0 
-4.01 0 5140 0.02 0.96199 9619.9 15000 0.332644 600 32 1 3.03136e-314 0 0 0 
-4.03 0 5603.28 0.02 0.965418 9654.18 15000 0.331463 601 32 1 3.03136e-314 0 0 0 
-4.05 0 5819.3 0.02 0.969355 9693.55 15000 0.330116 602 32 1 3.03136e-314 0 0 0 
-4.07 0 5830.25 0.02 0.973629 9736.29 15000 0.328667 603 32 1 3.03136e-314 0 0 0 
-4.09 0 5674.48 0.02 0.97807 9780.7 15000 0.327175 604 32 1 3.03136e-314 0 0 0 
-4.11 0 5398.29 0.02 0.982504 9825.04 15000 0.325698 605 32 1 3.03136e-314 0 0 0 
-4.13 0 5052.68 0.02 0.98673 9867.3 15000 0.324303 606 32 1 3.03136e-314 0 0 0 
-4.15 0 4713.49 0.02 0.990515 9905.15 15000 0.323064 607 32 1 3.03136e-314 0 0 0 
-4.17 0 4586.87 0.02 0.993581 9935.81 15000 0.322067 608 32 1 3.03136e-314 0 0 0 
-4.19 0 4995.1 0.02 0.995891 9958.91 15000 0.32132 609 32 1 3.03136e-314 0 0 0 
-4.21 0 5831.71 0.02 0.99756 9975.6 15000 0.320783 610 32 1 3.03136e-314 0 0 0 
-4.23 0 6957.92 0.02 0.9987 9987 15000 0.320417 611 32 1 3.03136e-314 0 0 0 
-4.25 0 8226.16 0.02 0.999414 9994.14 15000 0.320187 612 32 1 3.03136e-314 0 0 0 
-4.27 0 9476.96 0.02 0.999805 9998.05 15000 0.320063 613 32 1 3.03136e-314 0 0 0 
-4.29 0 10536 0.02 0.999967 9999.67 15000 0.32001 614 32 1 3.03136e-314 0 0 0 
-4.31 0 11210 0.02 1 10000 15000 0.32 615 31 1 3.03136e-314 0 0 0 
-4.33 0 11262.7 0.02 1 10000 15000 0.32 616 31 1 3.03136e-314 0 0 0 
-4.35 0 10056.9 0.02 0.999959 9999.59 15000 0.320013 617 31 1 3.03136e-314 0 0 0 
-4.37 0 6859.06 0.02 0.999631 9996.31 15000 0.320118 618 30 1 3.03136e-314 0 0 0 
-4.39 0 1844.95 0.02 0.998503 9985.03 15000 0.32048 619 29 1 3.03136e-314 0 0 0 
-4.41 0 -4711.76 0.02 0.995748 9957.48 15000 0.321366 620 28 1 3.03136e-314 0 0 0 
-4.43 0 -12531.1 0.02 0.990126 9901.26 15000 0.323191 621 27 1 3.03136e-314 0 0 0 
-4.45 0 -21337.2 0.02 0.979822 9798.22 15000 0.32659 622 26 1 3.03136e-314 0 0 0 
-4.47 0 -30877.9 0.02 0.962228 9622.28 15000 0.332561 623 25 1 3.03136e-314 0 0 0 
-4.49 0 -40911.4 0.02 0.933731 9337.31 15000 0.342711 624 25 1 3.03136e-314 0 0 0 
-4.51 0 -50870.1 0.02 0.890771 8907.71 15000 0.359239 625 24 1 3.03136e-314 0 0 0 
-4.53 0 -59976.7 0.02 0.832895 8328.95 15000 0.384202 626 25 1 3.03136e-314 0 0 0 
-4.55 0 -67510.3 0.02 0.764751 7647.51 15000 0.418437 627 25 1 3.03136e-314 0 0 0 
-4.57 0 -73022.9 0.02 0.6944 6944 15000 0.460829 628 27 1 3.03136e-314 0 0 0 
-4.59 0 -76503.7 0.02 0.62873 6287.3 15000 0.508962 629 28 1 3.03136e-314 0 0 0 
-4.61 0 -78242 0.02 0.571028 5710.28 15000 0.560393 630 30 1 3.03136e-314 0 0 0 
-4.63 0 -78615.7 0.02 0.521739 5217.39 15000 0.613333 631 31 1 3.03136e-314 0 0 0 
8.01 0 -7.12397e-17 0.02 1 0.0001 0.00015 0.32 632 33 1 3.03136e-314 0 0 0 
8.03 0 -5.06339e-08 0.02 1 0.0001 0.00015 0.32 633 33 1 3.03136e-314 0 0 0 
8.05 0 -3.17263e-07 0.02 1 0.0001 0.00015 0.32 634 33 1 3.03136e-314 0 0 0 
8.07 0 -9.68767e-07 0.02 1 0.0001 0.00015 0.32 635 33 1 3.03136e-314 0 0 0 
8.09 0 -2.20229e-06 0.02 1 0.0001 0.00015 0.32 636 32 1 3.03136e-314 0 0 0 
8.11 0 -4.34936e-06 0.02 1 0.0001 0.00015 0.32 637 32 1 3.03136e-314 0 0 0 
8.13 0 -7.84431e-06 0.02 1 0.0001 0.00015 0.32 638 32 1 3.03136e-314 0 0 0 
8.15 0 -1.34436e-05 0.02 1 0.0001 0.00015 0.32 639 32 1 3.03136e-314 0 0 0 
8.17 0 -2.29056e-05 0.02 1 0.0001 0.00015 0.32 640 32 1 3.03136e-314 0 0 0 
8.19 0 -3.61693e-05 0.02 1 0.0001 0.00015 0.32 641 32 1 3.03136e-314 0 0 0 
8.21 0 -5.19572e-05 0.02 1 0.0001 0.00015 0.32 642 32 1 3.03136e-314 0 0 0 
8.23 0 -6.89475e-05 0.02 1 0.0001 0.00015 0.32 643 32 1 3.03136e-314 0 0 0 
8.25 0 -8.57501e-05 0.02 1 0.0001 0.00015 0.32 644 32 1 3.03136e-314 0 0 0 
8.27 0 -0.000100878 0.02 1 0.0001 0.00015 0.32 645 32 1 3.03136e-314 0 0 0 
8.29 0 -0.000112715 0.02 1 0.0001 0.00015 0.32 646 31 1 3.03136e-314 0 0 0 
8.31 0 -0.000119459 0.02 1 0.0001 0.00015 0.32 647 31 1 3.03136e-314 0 0 0 
8.33 0 -0.000118983 0.02 1 0.0001 0.00015 0.32 648 31 1 3.03136e-314 0 0 0 
8.35 0 -0.000105681 0.02 0.999959 9.99959e-05 0.00015 0.320013 649 31 1 3.03136e-314 0 0 0 
8.37 0 -7.25203e-05 0.02 0.999631 9.99631e-05 0.00015 0.320118 650 30 1 3.03136e-314 0 0 0 
8.39 0 -2.13263e-05 0.02 0.998503 9.98503e-05 0.00015 0.32048 651 29 1 3.03136e-314 0 0 0 
8.41 0 4.51216e-05 0.02 0.995748 9.95748e-05 0.00015 0.321366 652 28 1 3.03136e-314 0 0 0 
8.43 0 0.000124006 0.02 0.990126 9.90126e-05 0.00015 0.323191 653 27 1 3.03136e-314 0 0 0 
8.45 0 0.000212573 0.02 0.979822 9.79822e-05 0.00015 0.32659 654 26 1 3.03136e-314 0 0 0 
8.47 0 0.000308325 0.02 0.962228 9.62228e-05 0.00015 0.332561 655 25 1 3.03136e-314 0 0 0 
8.49 0 0.00040888 0.02 0.933731 9.33731e-05 0.00015 0.342711 656 25 1 3.03136e-314 0 0 0 
8.51 0 0.000508598 0.02 0.890771 8.90771e-05 0.00015 0.359239 657 24 1 3.03136e-314 0 0 0 
8.53 0 0.000599735 0.02 0.832895 8.32895e-05 0.00015 0.384202 658 25 1 3.03136e-314 0 0 0 
8.55 0 0.000675109 0.02 0.764751 7.64751e-05 0.00015 0.418437 659 25 1 3.03136e-314 0 0 0 
8.57 0 0.000730258 0.02 0.6944 6.944e-05 0.00015 0.460829 660 27 1 3.03136e-314 0 0 0 
8.59 0 0.000765089 0.02 0.62873 6.2873e-05 0.00015 0.508962 661 28 1 3.03136e-314 0 0 0 
8.61 0 0.0007825 0.02 0.571028 5.71028e-05 0.00015 0.560393 662 30 1 3.03136e-314 0 0 0 
8.63 0 0.000786275 0.02 0.521739 5.21739e-05 0.00015 0.613333 663 31 1 3.03136e-314 0 0 0 
