# Time [s]: 0.0283444
# Columns: pos [m], vel [m/s], acc [m/s^2], mass [kg], dens [kg/m^3], pres [Pa], ene [J/kg], sml [m], id, neighbor, alpha, gradh, ...additional?
# Additional arrays: grad_velocity_0(vector) grad_pressure(vector) grad_density(vector) 
-3.97769 4.03374 802.138 0.02 0.941701 9203.21 14659.4 0.339811 0 33 1 2.48207e-314 0 0 0 
-3.95858 3.58348 662.121 0.02 0.939744 9168.23 14634.1 0.340518 1 33 1 2.48207e-314 0 0 0 
-3.93893 3.34478 574.453 0.02 0.938359 9134.82 14602.3 0.341021 2 32 1 2.48207e-314 0 0 0 
-3.91883 3.27738 530.132 0.02 0.937425 9102.96 14565.8 0.341361 3 32 1 2.48207e-314 0 0 0 
-3.89835 3.35404 522.218 0.02 0.936839 9072.71 14526.4 0.341574 4 32 1 2.48207e-314 0 0 0 
-3.87752 3.56092 547.435 0.02 0.936496 9044.04 14485.8 0.341699 5 32 1 2.48207e-314 0 0 0 
-3.85633 3.89846 607.672 0.02 0.93627 9016.71 14445.5 0.341782 6 32 1 2.48207e-314 0 0 0 
-3.83476 4.38396 711.672 0.02 0.935994 8990.04 14407 0.341883 7 32 1 2.48207e-314 0 0 0 
-3.81278 5.02813 859.386 0.02 0.935433 8962.75 14371.8 0.342088 8 32 1 2.48207e-314 0 0 0 
-3.79109 5.52053 952.588 0.02 0.934567 8935.68 14341.7 0.342405 9 32 1 2.48207e-314 0 0 0 
-3.76958 5.91232 1005.66 0.02 0.933574 8909.77 14315.3 0.342769 10 32 1 2.48207e-314 0 0 0 
-3.74816 6.2582 1043.24 0.02 0.932533 8885.17 14291.7 0.343151 11 32 1 2.48207e-314 0 0 0 
-3.72676 6.58835 1077.6 0.02 0.931466 8861.61 14270.1 0.343544 12 32 1 2.48207e-314 0 0 0 
-3.70534 6.9173 1113.9 0.02 0.930368 8838.66 14249.9 0.34395 13 31 1 2.48207e-314 0 0 0 
-3.68392 7.24827 1152.62 0.02 0.929222 8815.9 14230.8 0.344374 14 31 1 2.48207e-314 0 0 0 
-3.66248 7.5749 1190.62 0.02 0.92802 8793 14212.2 0.34482 15 31 1 2.48207e-314 0 0 0 
-3.64105 7.88848 1225.34 0.02 0.926773 8769.85 14193.8 0.345284 16 32 1 2.48207e-314 0 0 0 
-3.6195 8.2409 1270.39 0.02 0.92547 8746.03 14175.2 0.34577 17 32 1 2.48207e-314 0 0 0 
-3.59787 8.61492 1320.56 0.02 0.924071 8721.26 14156.5 0.346294 18 32 1 2.48207e-314 0 0 0 
-3.57618 8.99469 1369.78 0.02 0.922563 8695.48 14137.7 0.34686 19 32 1 2.48207e-314 0 0 0 
-3.55446 9.37217 1415.34 0.02 0.920951 8668.73 14118.9 0.347467 20 32 1 2.48207e-314 0 0 0 
-3.5327 9.74368 1456.45 0.02 0.919247 8641.09 14100 0.348111 21 32 1 2.48207e-314 0 0 0 
-3.51093 10.1081 1493.13 0.02 0.917467 8612.69 14080.9 0.348787 22 32 1 2.48207e-314 0 0 0 
-3.48912 10.4661 1525.99 0.02 0.915625 8583.6 14061.6 0.349488 23 32 1 2.48207e-314 0 0 0 
-3.46729 10.8209 1556.41 0.02 0.913735 8553.88 14041.9 0.350211 24 32 1 2.48207e-314 0 0 0 
-3.4454 11.1785 1586.85 0.02 0.9118 8523.53 14021.8 0.350954 25 32 1 2.48207e-314 0 0 0 
-3.42347 11.5413 1618.03 0.02 0.90982 8492.52 14001.2 0.351718 26 32 1 2.48207e-314 0 0 0 
-3.40148 11.9093 1649.62 0.02 0.907792 8460.81 13980.1 0.352504 27 32 1 2.48207e-314 0 0 0 
-3.37943 12.2815 1681.01 0.02 0.905714 8428.39 13958.5 0.353313 28 32 1 2.48207e-314 0 0 0 
-3.35733 12.6568 1711.59 0.02 0.903585 8395.28 13936.4 0.354145 29 32 1 2.48207e-314 0 0 0 
-3.33518 13.0345 1740.97 0.02 0.901408 8361.51 13913.9 0.355 30 32 1 2.48207e-314 0 0 0 
-3.31297 13.4141 1768.98 0.02 0.899184 8327.1 13890.9 0.355878 31 32 1 2.48207e-314 0 0 0 
-3.29071 13.7953 1795.56 0.02 0.896917 8292.1 13867.5 0.356778 32 32 1 2.48207e-314 0 0 0 
-3.26839 14.1779 1820.73 0.02 0.894608 8256.55 13843.7 0.357698 33 32 1 2.48207e-314 0 0 0 
-3.24601 14.5621 1844.62 0.02 0.892261 8220.47 13819.5 0.358639 34 32 1 2.48207e-314 0 0 0 
-3.22357 14.9483 1867.42 0.02 0.889878 8183.91 13794.9 0.3596 35 32 1 2.48207e-314 0 0 0 
-3.20108 15.3368 1889.29 0.02 0.88746 8146.88 13769.9 0.36058 36 32 1 2.48207e-314 0 0 0 
-3.17852 15.7277 1910.31 0.02 0.885009 8109.39 13744.5 0.361578 37 32 1 2.48207e-314 0 0 0 
-3.1559 16.1213 1930.5 0.02 0.882525 8071.47 13718.8 0.362596 38 32 1 2.48207e-314 0 0 0 
-3.13321 16.5176 1949.86 0.02 0.880009 8033.14 13692.6 0.363633 39 32 1 2.48207e-314 0 0 0 
-3.11045 16.9165 1968.32 0.02 0.877461 7994.4 13666.2 0.364688 40 32 1 2.48207e-314 0 0 0 
-3.08763 17.3179 1985.84 0.02 0.874883 7955.29 13639.4 0.365763 41 32 1 2.48207e-314 0 0 0 
-3.06475 17.7217 2002.36 0.02 0.872276 7915.81 13612.3 0.366856 42 32 1 2.48207e-314 0 0 0 
-3.04179 18.1278 2017.89 0.02 0.86964 7876 13584.9 0.367968 43 32 1 2.48207e-314 0 0 0 
-3.01876 18.5362 2032.44 0.02 0.866978 7835.87 13557.2 0.369098 44 32 1 2.48207e-314 0 0 0 
-2.99566 18.947 2046.03 0.02 0.864289 7795.44 13529.2 0.370246 45 32 1 2.48207e-314 0 0 0 
-2.97249 19.3601 2058.71 0.02 0.861575 7754.73 13501 0.371413 46 32 1 2.48207e-314 0 0 0 
-2.94924 19.7756 2070.49 0.02 0.858838 7713.75 13472.4 0.372596 47 32 1 2.48207e-314 0 0 0 
-2.92592 20.1935 2081.41 0.02 0.856077 7672.54 13443.7 0.373798 48 32 1 2.48207e-314 0 0 0 
-2.90252 20.6137 2091.46 0.02 0.853295 7631.09 13414.7 0.375017 49 32 1 2.48207e-314 0 0 0 
-2.87905 21.0363 2100.67 0.02 0.850491 7589.43 13385.4 0.376253 50 32 1 2.48207e-314 0 0 0 
-2.8555 21.4612 2109.04 0.02 0.847667 7547.58 13356 0.377507 51 32 1 2.48207e-314 0 0 0 
-2.83187 21.8884 2116.57 0.02 0.844823 7505.54 13326.3 0.378777 52 32 1 2.48207e-314 0 0 0 
-2.80816 22.3179 2123.27 0.02 0.841961 7463.34 13296.4 0.380065 53 32 1 2.48207e-314 0 0 0 
-2.78436 22.7495 2129.15 0.02 0.839081 7420.99 13266.4 0.381369 54 32 1 2.48207e-314 0 0 0 
-2.76049 23.1833 2134.21 0.02 0.836185 7378.5 13236.1 0.38269 55 32 1 2.48207e-314 0 0 0 
-2.73653 23.6193 2138.47 0.02 0.833273 7335.9 13205.7 0.384028 56 32 1 2.48207e-314 0 0 0 
-2.71249 24.0573 2141.94 0.02 0.830345 7293.19 13175.1 0.385382 57 32 1 2.48207e-314 0 0 0 
-2.68836 24.4973 2144.63 0.02 0.827404 7250.4 13144.4 0.386752 58 32 1 2.48207e-314 0 0 0 
-2.66415 24.9393 2146.54 0.02 0.82445 7207.53 13113.5 0.388138 59 32 1 2.48207e-314 0 0 0 
-2.63984 25.3832 2147.69 0.02 0.821483 7164.61 13082.4 0.389539 60 32 1 2.48207e-314 0 0 0 
-2.61545 25.8289 2148.08 0.02 0.818505 7121.64 13051.3 0.390956 61 32 1 2.48207e-314 0 0 0 
-2.59097 26.2765 2147.72 0.02 0.815517 7078.63 13020 0.392389 62 32 1 2.48207e-314 0 0 0 
-2.5664 26.7257 2146.62 0.02 0.812519 7035.62 12988.7 0.393837 63 32 1 2.48207e-314 0 0 0 
-2.54174 27.1765 2144.77 0.02 0.809513 6992.6 12957.2 0.3953 64 32 1 2.48207e-314 0 0 0 
-2.51699 27.6289 2142.19 0.02 0.806498 6949.59 12925.7 0.396777 65 32 1 2.48207e-314 0 0 0 
-2.49214 28.0828 2138.87 0.02 0.803477 6906.61 12894 0.398269 66 32 1 2.48207e-314 0 0 0 
-2.4672 28.538 2134.82 0.02 0.800449 6863.67 12862.3 0.399775 67 32 1 2.48207e-314 0 0 0 
-2.44217 28.9945 2130.04 0.02 0.797417 6820.78 12830.6 0.401296 68 32 1 2.48207e-314 0 0 0 
-2.41703 29.4521 2124.54 0.02 0.79438 6777.96 12798.8 0.40283 69 32 1 2.48207e-314 0 0 0 
-2.39181 29.9108 2118.31 0.02 0.79134 6735.23 12766.9 0.404377 70 32 1 2.48207e-314 0 0 0 
-2.36648 30.3705 2111.36 0.02 0.788298 6692.59 12735.1 0.405938 71 32 1 2.48207e-314 0 0 0 
-2.34106 30.831 2103.69 0.02 0.785255 6650.05 12703.2 0.407511 72 32 1 2.48207e-314 0 0 0 
-2.31553 31.2922 2095.29 0.02 0.782211 6607.64 12671.3 0.409097 73 32 1 2.48207e-314 0 0 0 
-2.28991 31.754 2086.17 0.02 0.779168 6565.37 12639.4 0.410695 74 32 1 2.48207e-314 0 0 0 
-2.26419 32.2163 2076.32 0.02 0.776126 6523.25 12607.5 0.412304 75 32 1 2.48207e-314 0 0 0 
-2.23836 32.6788 2065.75 0.02 0.773087 6481.29 12575.7 0.413925 76 32 1 2.48207e-314 0 0 0 
-2.21243 33.1416 2054.46 0.02 0.770051 6439.51 12543.9 0.415557 77 32 1 2.48207e-314 0 0 0 
-2.1864 33.6044 2042.43 0.02 0.76702 6397.93 12512.1 0.417199 78 32 1 2.48207e-314 0 0 0 
-2.16027 34.067 2029.68 0.02 0.763994 6356.55 12480.4 0.418851 79 32 1 2.48207e-314 0 0 0 
-2.13403 34.5294 2016.2 0.02 0.760976 6315.39 12448.8 0.420513 80 32 1 2.48207e-314 0 0 0 
-2.10769 34.9914 2001.98 0.02 0.757965 6274.46 12417.3 0.422183 81 32 1 2.48207e-314 0 0 0 
-2.08125 35.4527 1987.04 0.02 0.754962 6233.79 12385.9 0.423862 82 32 1 2.48207e-314 0 0 0 
-2.05469 35.9133 1971.36 0.02 0.75197 6193.37 12354.5 0.425549 83 32 1 2.48207e-314 0 0 0 
-2.02804 36.3728 1954.95 0.02 0.748988 6153.24 12323.3 0.427243 84 32 1 2.48207e-314 0 0 0 
-2.00127 36.8313 1937.81 0.02 0.746019 6113.39 12292.3 0.428944 85 32 1 2.48207e-314 0 0 0 
-1.9744 37.2884 1919.94 0.02 0.743063 6073.85 12261.4 0.43065 86 32 1 2.48207e-314 0 0 0 
-1.94742 37.744 1901.34 0.02 0.740121 6034.64 12230.6 0.432362 87 32 1 2.48207e-314 0 0 0 
-1.92033 38.1979 1882.01 0.02 0.737195 5995.75 12200 0.434078 88 32 1 2.48207e-314 0 0 0 
-1.89314 38.6499 1861.97 0.02 0.734286 5957.21 12169.7 0.435798 89 32 1 2.48207e-314 0 0 0 
-1.86583 39.0997 1841.22 0.02 0.731394 5919.04 12139.5 0.437521 90 32 1 2.48207e-314 0 0 0 
-1.83842 39.5472 1819.75 0.02 0.728522 5881.24 12109.5 0.439246 91 32 1 2.48207e-314 0 0 0 
-1.8109 39.9922 1797.59 0.02 0.725669 5843.83 12079.8 0.440972 92 32 1 2.48207e-314 0 0 0 
-1.78327 40.4344 1774.74 0.02 0.722839 5806.82 12050.3 0.442699 93 32 1 2.48207e-314 0 0 0 
-1.75554 40.8736 1751.22 0.02 0.720031 5770.24 12021.1 0.444425 94 32 1 2.48207e-314 0 0 0 
-1.72769 41.3097 1727.04 0.02 0.717247 5734.08 11992.1 0.446151 95 32 1 2.48207e-314 0 0 0 
-1.69974 41.7423 1702.21 0.02 0.714487 5698.37 11963.5 0.447873 96 32 1 2.48207e-314 0 0 0 
-1.67168 42.1712 1676.75 0.02 0.711755 5663.11 11935.1 0.449593 97 32 1 2.48207e-314 0 0 0 
-1.64351 42.5963 1650.69 0.02 0.709049 5628.33 11907 0.451308 98 32 1 2.48207e-314 0 0 0 
-1.61523 43.0174 1624.05 0.02 0.706373 5594.03 11879.3 0.453019 99 32 1 2.48207e-314 0 0 0 
-1.58685 43.4341 1596.84 0.02 0.703726 5560.23 11851.9 0.454723 100 32 1 2.48207e-314 0 0 0 
-1.55836 43.8463 1569.11 0.02 0.70111 5526.93 11824.9 0.456419 101 32 1 2.48207e-314 0 0 0 
-1.52976 44.2538 1540.88 0.02 0.698526 5494.15 11798.3 0.458107 102 32 1 2.48207e-314 0 0 0 
-1.50105 44.6563 1512.18 0.02 0.695976 5461.9 11772 0.459786 103 32 1 2.48207e-314 0 0 0 
-1.47225 45.0537 1483.06 0.02 0.693459 5430.19 11746.1 0.461455 104 32 1 2.48207e-314 0 0 0 
-1.44333 45.4458 1453.55 0.02 0.690978 5399.03 11720.7 0.463112 105 32 1 2.48207e-314 0 0 0 
-1.41432 45.8323 1423.68 0.02 0.688533 5368.43 11695.6 0.464756 106 32 1 2.48207e-314 0 0 0 
-1.3852 46.213 1393.51 0.02 0.686126 5338.39 11671 0.466387 107 32 1 2.48207e-314 0 0 0 
-1.35598 46.5878 1363.07 0.02 0.683756 5308.93 11646.8 0.468003 108 32 1 2.48207e-314 0 0 0 
-1.32665 46.9565 1332.42 0.02 0.681426 5280.06 11623 0.469603 109 32 1 2.48207e-314 0 0 0 
-1.29723 47.319 1301.59 0.02 0.679136 5251.77 11599.8 0.471187 110 32 1 2.48207e-314 0 0 0 
-1.26771 47.675 1270.64 0.02 0.676886 5224.07 11576.9 0.472753 111 32 1 2.48207e-314 0 0 0 
-1.23809 48.0246 1239.62 0.02 0.674678 5196.97 11554.6 0.4743 112 32 1 2.48207e-314 0 0 0 
-1.20838 48.3674 1208.58 0.02 0.672512 5170.48 11532.7 0.475828 113 32 1 2.48207e-314 0 0 0 
-1.17857 48.7035 1177.57 0.02 0.670389 5144.58 11511.3 0.477335 114 32 1 2.48207e-314 0 0 0 
-1.14866 49.0328 1146.65 0.02 0.668308 5119.3 11490.4 0.478821 115 32 1 2.48207e-314 0 0 0 
-1.11867 49.3551 1115.87 0.02 0.666272 5094.62 11469.9 0.480285 116 32 1 2.48207e-314 0 0 0 
-1.08858 49.6703 1085.28 0.02 0.664279 5070.55 11450 0.481725 117 32 1 2.48207e-314 0 0 0 
-1.0584 49.9785 1054.94 0.02 0.662331 5047.08 11430.5 0.483142 118 32 1 2.48207e-314 0 0 0 
-1.02814 50.2794 1024.89 0.02 0.660427 5024.21 11411.5 0.484535 119 32 1 2.48207e-314 0 0 0 
-0.997788 50.5732 995.163 0.02 0.658568 5001.95 11393 0.485903 120 32 1 2.48207e-314 0 0 0 
-0.967353 50.8597 965.803 0.02 0.656753 4980.27 11375 0.487245 121 32 1 2.48207e-314 0 0 0 
-0.936834 51.1391 936.842 0.02 0.654984 4959.19 11357.4 0.488562 122 32 1 2.48207e-314 0 0 0 
-0.906234 51.4112 908.314 0.02 0.65326 4938.69 11340.3 0.489851 123 32 1 2.48207e-314 0 0 0 
-0.875553 51.6762 880.25 0.02 0.65158 4918.76 11323.6 0.491114 124 32 1 2.48207e-314 0 0 0 
-0.844795 51.9342 852.682 0.02 0.649944 4899.4 11307.4 0.49235 125 32 1 2.48207e-314 0 0 0 
-0.81396 52.1852 825.642 0.02 0.648353 4880.6 11291.7 0.493558 126 32 1 2.48207e-314 0 0 0 
-0.783051 52.4293 799.158 0.02 0.646806 4862.34 11276.4 0.494739 127 32 1 2.48207e-314 0 0 0 
-0.752069 52.6666 773.253 0.02 0.645301 4844.61 11261.4 0.495892 128 32 1 2.48207e-314 0 0 0 
-0.721017 52.897 747.942 0.02 0.643839 4827.41 11246.9 0.497019 129 32 1 2.48207e-314 0 0 0 
-0.689896 53.1206 723.23 0.02 0.642419 4810.71 11232.8 0.498117 130 32 1 2.48207e-314 0 0 0 
-0.658709 53.3374 699.111 0.02 0.64104 4794.51 11219.1 0.499189 131 32 1 2.48207e-314 0 0 0 
-0.627455 53.5475 675.568 0.02 0.639701 4778.78 11205.7 0.500234 132 32 1 2.48207e-314 0 0 0 
-0.596138 53.7511 652.578 0.02 0.638401 4763.52 11192.6 0.501252 133 32 1 2.48207e-314 0 0 0 
-0.564758 53.9482 630.119 0.02 0.63714 4748.71 11179.9 0.502245 134 32 1 2.48207e-314 0 0 0 
-0.533316 54.1392 608.167 0.02 0.635915 4734.33 11167.5 0.503212 135 32 1 2.48207e-314 0 0 0 
-0.501814 54.3243 586.711 0.02 0.634727 4720.37 11155.4 0.504154 136 32 1 2.48207e-314 0 0 0 
-0.470254 54.5035 565.743 0.02 0.633572 4706.82 11143.6 0.505073 137 32 1 2.48207e-314 0 0 0 
-0.438638 54.6772 545.266 0.02 0.63245 4693.65 11132.2 0.505969 138 32 1 2.48207e-314 0 0 0 
-0.406968 54.8453 525.284 0.02 0.631357 4680.86 11121.1 0.506845 139 32 1 2.48207e-314 0 0 0 
-0.375248 55.0079 505.797 0.02 0.630291 4668.42 11110.3 0.507702 140 32 1 2.48207e-314 0 0 0 
-0.343477 55.1649 486.8 0.02 0.629251 4656.33 11099.8 0.508541 141 32 1 2.48207e-314 0 0 0 
-0.311658 55.3163 468.271 0.02 0.628234 4644.56 11089.7 0.509365 142 32 1 2.48207e-314 0 0 0 
-0.279791 55.4621 450.179 0.02 0.627236 4633.11 11079.9 0.510175 143 32 1 2.48207e-314 0 0 0 
-0.247874 55.6026 432.48 0.02 0.626256 4621.97 11070.6 0.510973 144 32 1 2.48207e-314 0 0 0 
-0.215907 55.7379 415.124 0.02 0.62529 4611.13 11061.7 0.511762 145 32 1 2.48207e-314 0 0 0 
-0.183889 55.8684 398.069 0.02 0.624335 4600.6 11053.3 0.512545 146 32 1 2.48207e-314 0 0 0 
-0.151821 55.9945 381.282 0.02 0.623387 4590.38 11045.5 0.513325 147 32 1 2.48207e-314 0 0 0 
-0.119704 56.1166 364.758 0.02 0.622441 4580.47 11038.4 0.514105 148 32 1 2.48207e-314 0 0 0 
-0.0875407 56.2348 348.514 0.02 0.621495 4570.88 11032.1 0.514888 149 32 1 2.48207e-314 0 0 0 
-0.0553339 56.3493 332.588 0.02 0.620542 4561.64 11026.7 0.515678 150 32 1 2.48207e-314 0 0 0 
-0.0230858 56.4599 317.026 0.02 0.619579 4552.75 11022.3 0.516479 151 32 1 2.48207e-314 0 0 0 
0.00920351 56.5666 301.868 0.02 0.618603 4544.25 11019.1 0.517295 152 32 1 2.48207e-314 0 0 0 
0.0415365 56.6692 287.141 0.02 0.617608 4536.16 11017.2 0.518128 153 32 1 2.48207e-314 0 0 0 
0.0739184 56.7678 272.855 0.02 0.616593 4528.52 11016.7 0.518981 154 32 1 2.48207e-314 0 0 0 
0.106356 56.8626 258.995 0.02 0.615554 4521.38 11017.9 0.519857 155 32 1 2.48207e-314 0 0 0 
0.138857 56.954 245.523 0.02 0.614489 4514.79 11020.9 0.520758 156 32 1 2.48207e-314 0 0 0 
0.171426 57.0428 232.381 0.02 0.613397 4508.81 11025.9 0.521685 157 32 1 2.48207e-314 0 0 0 
0.204063 57.1292 219.489 0.02 0.612275 4503.53 11033.2 0.522641 158 32 1 2.48207e-314 0 0 0 
0.236765 57.2134 206.761 0.02 0.611126 4499.01 11042.8 0.523624 159 32 1 2.48207e-314 0 0 0 
0.269522 57.295 194.158 0.02 0.609951 4495.35 11055.1 0.524632 160 32 1 2.48207e-314 0 0 0 
0.302327 57.374 181.759 0.02 0.608756 4492.65 11070.1 0.525662 161 32 1 2.48207e-314 0 0 0 
0.335179 57.4504 169.746 0.02 0.607546 4490.97 11088 0.526709 162 32 1 2.48207e-314 0 0 0 
0.368084 57.5247 158.201 0.02 0.60633 4490.42 11108.9 0.527765 163 32 1 2.48207e-314 0 0 0 
0.40106 57.5972 147.195 0.02 0.605119 4491.07 11132.8 0.528822 164 32 1 2.48207e-314 0 0 0 
0.434129 57.6681 136.683 0.02 0.603924 4493 11159.6 0.529868 165 32 1 2.48207e-314 0 0 0 
0.467306 57.7365 126.549 0.02 0.602763 4496.29 11189.2 0.530888 166 32 1 2.48207e-314 0 0 0 
0.500587 57.8011 116.705 0.02 0.601658 4501.02 11221.6 0.531864 167 32 1 2.48207e-314 0 0 0 
0.533955 57.8611 107.13 0.02 0.600635 4507.27 11256.3 0.53277 168 32 1 2.48207e-314 0 0 0 
0.567384 57.9163 97.7419 0.02 0.599725 4515.07 11292.9 0.533578 169 33 1 2.48207e-314 0 0 0 
0.600851 57.9668 88.4227 0.02 0.59896 4524.43 11330.7 0.534259 170 33 1 2.48207e-314 0 0 0 
0.63434 58.0137 79.5718 0.02 0.598377 4535.32 11369.1 0.53478 171 33 1 2.48207e-314 0 0 0 
0.667849 58.0577 70.5191 0.02 0.598014 4547.71 11407.1 0.535105 172 33 1 2.48207e-314 0 0 0 
0.701373 58.0949 61.2477 0.02 0.59792 4561.51 11443.5 0.535188 173 33 1 2.48207e-314 0 0 0 
0.734909 58.1247 52.5322 0.02 0.598154 4576.61 11476.9 0.53498 174 33 1 2.48207e-314 0 0 0 
0.768514 58.1527 44.9924 0.02 0.598775 4592.81 11505.5 0.534424 175 33 1 2.48207e-314 0 0 0 
0.802231 58.1799 38.3531 0.02 0.599849 4609.89 11527.6 0.533468 176 33 1 2.48207e-314 0 0 0 
0.836002 58.2033 32.5414 0.02 0.601443 4627.52 11541 0.532054 177 33 1 2.48207e-314 0 0 0 
0.869768 58.2208 26.5204 0.02 0.603628 4645.33 11543.5 0.530128 178 33 1 2.48207e-314 0 0 0 
0.903403 58.2167 20.0171 0.02 0.606484 4662.87 11532.5 0.527632 179 33 1 2.48207e-314 0 0 0 
0.936691 58.1824 13.6028 0.02 0.610087 4679.56 11505.5 0.524515 180 34 1 2.48207e-314 0 0 0 
0.969466 58.1209 8.09546 0.02 0.614509 4694.73 11459.7 0.520741 181 34 1 2.48207e-314 0 0 0 
1.00178 58.0668 5.26525 0.02 0.619841 4707.89 11393 0.516261 182 34 1 2.48207e-314 0 0 0 
1.03428 58.0441 2.29855 0.02 0.62628 4718.93 11302.3 0.510953 183 35 1 2.48207e-314 0 0 0 
1.06705 58.0306 -0.838102 0.02 0.63401 4727.16 11184 0.504724 184 35 1 2.48207e-314 0 0 0 
1.09984 58.0115 -3.89078 0.02 0.643163 4731.64 11035.3 0.497541 185 35 1 2.48207e-314 0 0 0 
1.13228 57.973 -7.22416 0.02 0.653845 4731.42 10854.5 0.489413 186 35 1 2.48207e-314 0 0 0 
1.16395 57.8871 -9.81429 0.02 0.666082 4725.32 10641.3 0.480421 187 36 1 2.48207e-314 0 0 0 
1.19371 57.7368 -7.93629 0.02 0.679442 4712.3 10403.4 0.470975 188 36 1 2.48207e-314 0 0 0 
1.22261 57.6258 -4.45335 0.02 0.694374 4693.97 10140.1 0.460847 189 37 1 2.48207e-314 0 0 0 
1.25136 57.5398 -2.21596 0.02 0.711412 4669.97 9846.62 0.44981 190 38 1 2.48207e-314 0 0 0 
1.2804 57.4994 -1.16363 0.02 0.731098 4640.3 9520.61 0.437698 191 37 1 2.48207e-314 0 0 0 
1.30877 57.4416 0.392684 0.02 0.753087 4603.63 9169.58 0.424918 192 38 1 2.48207e-314 0 0 0 
1.33753 57.4289 1.71077 0.02 0.778718 4560.43 8784.56 0.410932 193 39 1 2.48207e-314 0 0 0 
1.36585 57.3398 -0.539445 0.02 0.807905 4507.67 8369.23 0.396086 194 39 1 2.48207e-314 0 0 0 
1.39079 57.1846 4.10446 0.02 0.837395 4448.81 7969.06 0.382137 195 39 1 2.48207e-314 0 0 0 
1.41432 57.0795 8.49249 0.02 0.86896 4387.81 7574.27 0.368256 196 40 1 2.48207e-314 0 0 0 
1.43703 57.0478 10.3942 0.02 0.903367 4326.66 7184.25 0.35423 197 40 1 2.48207e-314 0 0 0 
1.45833 57.0623 11.5355 0.02 0.939661 4267.33 6812.05 0.340548 198 41 1 2.48207e-314 0 0 0 
1.47684 57.075 13.4055 0.02 0.974794 4213.21 6483.23 0.328274 199 41 1 2.48207e-314 0 0 0 
1.51008 56.918 19.0848 0.02 1.04843 4099.45 5865.08 0.305217 200 41 1 2.48206e-314 0 0 0 
1.52668 56.9317 19.0125 0.02 1.0913 4044.17 5558.72 0.293229 201 40 1 2.48206e-314 0 0 0 
1.54385 56.9651 17.6387 0.02 1.14057 3985.5 5241.44 0.280562 202 40 1 2.48206e-314 0 0 0 
1.5608 56.979 16.4729 0.02 1.19499 3924.56 4926.23 0.267785 203 40 1 2.48206e-314 0 0 0 
1.57711 56.957 16.3989 0.02 1.25378 3862.69 4621.2 0.255227 204 40 1 2.48206e-314 0 0 0 
1.59356 56.9224 15.7183 0.02 1.32059 3800.24 4316.49 0.242316 205 40 1 2.48206e-314 0 0 0 
1.61197 56.9998 9.54894 0.02 1.40563 3741.57 3992.73 0.227656 206 39 1 2.48206e-314 0 0 0 
1.62768 57.0789 8.24907 0.02 1.48733 3692.92 3724.35 0.215151 207 39 1 2.48206e-314 0 0 0 
1.64132 57.1217 6.61368 0.02 1.56667 3650.15 3494.76 0.204254 208 38 1 2.48206e-314 0 0 0 
1.65428 57.1801 4.60786 0.02 1.65076 3612.55 3282.6 0.193851 209 37 1 2.48206e-314 0 0 0 
1.66608 57.2244 2.36302 0.02 1.73586 3579.63 3093.22 0.184347 210 37 1 2.48206e-314 0 0 0 
1.67718 57.2394 -0.942422 0.02 1.82459 3549.23 2917.79 0.175382 211 37 1 2.48206e-314 0 0 0 
1.68873 57.3126 -6.45197 0.02 1.92695 3525.35 2744.22 0.166066 212 37 1 2.48206e-314 0 0 0 
1.69996 57.4109 -9.6922 0.02 2.03626 3507.83 2584 0.157151 213 36 1 2.48206e-314 0 0 0 
1.71045 57.4977 -11.8612 0.02 2.14738 3495.42 2441.62 0.149019 214 34 1 2.48206e-314 0 0 0 
1.72015 57.5715 -13.4489 0.02 2.25884 3487.76 2316.06 0.141666 215 34 1 2.48206e-314 0 0 0 
1.72908 57.6292 -15.0613 0.02 2.36969 3484.32 2205.54 0.135039 216 33 1 2.48206e-314 0 0 0 
1.73727 57.6715 -16.9436 0.02 2.47913 3484.73 2108.43 0.129078 217 34 1 2.48206e-314 0 0 0 
1.74512 57.7214 -19.0917 0.02 2.59117 3490.04 2020.34 0.123496 218 33 1 2.48206e-314 0 0 0 
1.75274 57.7834 -21.1253 0.02 2.7063 3500.32 1940.09 0.118243 219 33 1 2.48206e-314 0 0 0 
1.76013 57.8495 -22.6006 0.02 2.82324 3515.05 1867.56 0.113345 220 32 1 2.48206e-314 0 0 0 
1.7673 57.9131 -22.975 0.02 2.94028 3533.81 1802.79 0.108833 221 32 1 2.48206e-314 0 0 0 
1.7742 57.9685 -22.7885 0.02 3.05553 3556.24 1745.8 0.104728 222 31 1 2.48206e-314 0 0 0 
1.78076 58.0127 -23.0134 0.02 3.16659 3581.82 1696.69 0.101055 223 31 1 2.48206e-314 0 0 0 
1.78696 58.0441 -22.3343 0.02 3.27204 3610.03 1654.95 0.0977983 224 31 1 2.48206e-314 0 0 0 
1.79286 58.0687 -22.2863 0.02 3.37225 3641.02 1619.56 0.0948922 225 31 1 2.48206e-314 0 0 0 
1.79855 58.0944 -21.9079 0.02 3.46739 3674.75 1589.71 0.0922883 226 31 1 2.48206e-314 0 0 0 
1.80407 58.1191 -21.052 0.02 3.55731 3710.96 1564.8 0.0899557 227 31 1 2.48206e-314 0 0 0 
1.80948 58.1419 -20.533 0.02 3.64174 3749.48 1544.39 0.08787 228 30 1 2.48206e-314 0 0 0 
1.81483 58.1624 -19.7156 0.02 3.72008 3790.09 1528.24 0.0860198 229 31 1 2.48206e-314 0 0 0 
1.82011 58.1803 -19.1186 0.02 3.79139 3832.48 1516.27 0.0844018 230 31 1 2.48206e-314 0 0 0 
1.82531 58.1928 -18.9372 0.02 3.85478 3876.18 1508.34 0.0830137 231 30 1 2.48206e-314 0 0 0 
1.8304 58.1996 -18.9348 0.02 3.90978 3920.66 1504.19 0.081846 232 30 1 2.48206e-314 0 0 0 
1.83537 58.2002 -18.3433 0.02 3.95642 3965.45 1503.44 0.0808812 233 30 1 2.48206e-314 0 0 0 
1.84025 58.1948 -17.0911 0.02 3.9951 4010.18 1505.68 0.0800982 234 30 1 2.48206e-314 0 0 0 
1.84506 58.186 -15.8601 0.02 4.02646 4054.67 1510.53 0.0794743 235 31 1 2.48206e-314 0 0 0 
1.84987 58.1759 -13.9418 0.02 4.05108 4098.72 1517.66 0.0789913 236 31 1 2.48206e-314 0 0 0 
1.85468 58.1646 -11.5638 0.02 4.06936 4141.97 1526.78 0.0786365 237 30 1 2.48206e-314 0 0 0 
1.85952 58.1514 -8.71826 0.02 4.08171 4183.95 1537.59 0.0783986 238 30 1 2.48206e-314 0 0 0 
1.86439 58.1367 -5.91401 0.02 4.0886 4224.17 1549.75 0.0782664 239 31 1 2.48206e-314 0 0 0 
1.86927 58.1204 -2.82506 0.02 4.09065 4262.07 1562.87 0.0782272 240 31 1 2.48206e-314 0 0 0 
1.87414 58.101 0.301789 0.02 4.0886 4297.28 1576.57 0.0782664 241 31 1 2.48206e-314 0 0 0 
1.879 58.0781 3.08291 0.02 4.08323 4329.61 1590.52 0.0783692 242 31 1 2.48206e-314 0 0 0 
1.88385 58.0531 5.33438 0.02 4.07528 4359 1604.44 0.0785223 243 31 1 2.48206e-314 0 0 0 
1.88873 58.0281 6.7372 0.02 4.06535 4385.43 1618.11 0.0787141 244 31 1 2.48206e-314 0 0 0 
1.89363 58.0039 6.83043 0.02 4.05399 4408.9 1631.32 0.0789345 245 32 1 2.48206e-314 0 0 0 
1.89856 57.9815 5.93584 0.02 4.04171 4429.44 1643.9 0.0791743 246 32 1 2.48206e-314 0 0 0 
1.90353 57.9607 3.82294 0.02 4.02894 4447.11 1655.69 0.0794254 247 32 1 2.48206e-314 0 0 0 
1.90852 57.9417 1.01394 0.02 4.01606 4461.98 1666.55 0.07968 248 32 1 2.48206e-314 0 0 0 
1.91353 57.9238 -1.71465 0.02 4.00342 4474.19 1676.39 0.0799317 249 32 1 2.48206e-314 0 0 0 
1.91855 57.9069 -3.9357 0.02 3.99126 4483.89 1685.14 0.0801752 250 32 1 2.48206e-314 0 0 0 
1.92359 57.8913 -4.84722 0.02 3.97978 4491.24 1692.76 0.0804064 251 32 1 2.48206e-314 0 0 0 
1.92863 57.8771 -3.73032 0.02 3.96913 4496.41 1699.26 0.0806222 252 32 1 2.48206e-314 0 0 0 
1.93369 57.8638 -0.0484554 0.02 3.95938 4499.59 1704.64 0.0808207 253 32 1 2.48206e-314 0 0 0 
1.93875 57.8505 6.13212 0.02 3.95059 4500.97 1708.95 0.0810005 254 32 1 2.48206e-314 0 0 0 
1.94383 57.8368 14.3628 0.02 3.94278 4500.72 1712.25 0.0811611 255 32 1 2.48206e-314 0 0 0 
1.94892 57.822 23.7538 0.02 3.93594 4499.04 1714.58 0.0813021 256 32 1 2.48206e-314 0 0 0 
1.95402 57.8062 33.0104 0.02 3.93008 4496.13 1716.03 0.0814233 257 32 1 2.48206e-314 0 0 0 
1.95913 57.7894 40.6316 0.02 3.92518 4492.21 1716.67 0.081525 258 32 1 2.48206e-314 0 0 0 
1.96424 57.7721 45.1393 0.02 3.9212 4487.5 1716.62 0.0816076 259 32 1 2.48206e-314 0 0 0 
1.96936 57.7551 45.3613 0.02 3.9181 4482.22 1715.97 0.0816722 260 32 1 2.48206e-314 0 0 0 
1.97448 57.7395 40.7237 0.02 3.91581 4476.58 1714.82 0.0817201 261 32 1 2.48206e-314 0 0 0 
1.9796 57.7263 31.5109 0.02 3.91423 4470.73 1713.27 0.0817531 262 32 1 2.48206e-314 0 0 0 
1.98472 57.7168 19.0012 0.02 3.91324 4464.79 1711.43 0.0817737 263 32 1 2.48206e-314 0 0 0 
1.98984 57.7113 5.45669 0.02 3.91269 4458.82 1709.38 0.0817851 264 32 1 2.48206e-314 0 0 0 
1.99495 57.7099 -6.095 0.02 3.91241 4452.78 1707.18 0.0817909 265 32 1 2.48206e-314 0 0 0 
2.00007 57.7114 -12.2546 0.02 3.91221 4446.6 1704.89 0.0817952 266 32 1 2.48206e-314 0 0 0 
2.00518 57.7139 -9.79439 0.02 3.91188 4440.12 1702.53 0.0818021 267 32 1 2.48206e-314 0 0 0 
2.01029 57.7146 3.72671 0.02 3.91122 4433.14 1700.12 0.0818158 268 32 1 2.48206e-314 0 0 0 
2.01539 57.7104 29.3715 0.02 3.91007 4425.45 1697.66 0.0818399 269 32 1 2.48206e-314 0 0 0 
2.02049 57.6982 66.3464 0.02 3.90829 4416.88 1695.13 0.0818773 270 32 1 2.48206e-314 0 0 0 
2.02559 57.6754 111.839 0.02 3.90578 4407.28 1692.52 0.0819298 271 32 1 2.48206e-314 0 0 0 
2.03069 57.6404 161.155 0.02 3.90252 4396.59 1689.83 0.0819983 272 32 1 2.48206e-314 0 0 0 
2.0358 57.593 208.117 0.02 3.89849 4384.84 1687.07 0.082083 273 32 1 2.48206e-314 0 0 0 
2.04091 57.5349 245.346 0.02 3.89373 4372.13 1684.25 0.0821833 274 32 1 2.48206e-314 0 0 0 
2.04604 57.4693 266.562 0.02 3.88828 4358.64 1681.43 0.0822985 275 32 1 2.48206e-314 0 0 0 
2.05119 57.401 267.452 0.02 3.88216 4344.56 1678.67 0.0824284 276 32 1 2.48206e-314 0 0 0 
2.05635 57.3352 246.931 0.02 3.87531 4330.04 1676.04 0.0825739 277 32 1 2.48206e-314 0 0 0 
2.06152 57.277 208.105 0.02 3.86764 4315.13 1673.6 0.0827378 278 32 1 2.48206e-314 0 0 0 
2.0667 57.2303 158.718 0.02 3.85891 4299.74 1671.4 0.0829249 279 32 1 2.48206e-314 0 0 0 
2.07189 57.1961 109.924 0.02 3.8488 4283.53 1669.46 0.0831429 280 32 1 2.48206e-314 0 0 0 
2.07708 57.1726 76.3574 0.02 3.83687 4265.96 1667.74 0.0834014 281 32 1 2.48206e-314 0 0 0 
2.08228 57.1535 74.2858 0.02 3.82262 4246.25 1666.16 0.0837121 282 32 1 2.48206e-314 0 0 0 
2.08748 57.1289 117.918 0.02 3.80555 4223.47 1664.59 0.0840877 283 31 1 2.48206e-314 0 0 0 
2.09268 57.0855 218.224 0.02 3.78516 4196.6 1662.83 0.0845408 284 31 1 2.48206e-314 0 0 0 
2.0979 57.0082 377.816 0.02 3.76104 4164.67 1660.68 0.0850828 285 31 1 2.48206e-314 0 0 0 
2.10314 56.8828 588.382 0.02 3.73294 4126.86 1657.91 0.0857233 286 31 1 2.48206e-314 0 0 0 
2.10842 56.6991 825.515 0.02 3.70074 4082.57 1654.33 0.0864691 287 31 1 2.48206e-314 0 0 0 
2.11376 56.4542 1059.97 0.02 3.66452 4031.55 1649.77 0.0873239 288 31 1 2.48206e-314 0 0 0 
2.11916 56.1516 1270.4 0.02 3.62449 3973.83 1644.09 0.0882882 289 31 1 2.48206e-314 0 0 0 
2.12465 55.7999 1439.55 0.02 3.58105 3909.77 1637.21 0.0893593 290 32 1 2.48206e-314 0 0 0 
2.13023 55.4115 1553.58 0.02 3.53464 3839.99 1629.14 0.0905325 291 32 1 2.48206e-314 0 0 0 
2.13592 55.002 1602.96 0.02 3.48573 3765.3 1619.91 0.0918029 292 31 1 2.48206e-314 0 0 0 
2.14172 54.5884 1586.44 0.02 3.43469 3686.53 1609.64 0.0931671 293 31 1 2.48206e-314 0 0 0 
2.14762 54.1865 1514.51 0.02 3.38173 3604.37 1598.43 0.0946261 294 31 1 2.48206e-314 0 0 0 
2.15362 53.8073 1411.79 0.02 3.32684 3519.2 1586.39 0.0961875 295 31 1 2.48206e-314 0 0 0 
2.15972 53.4548 1310.29 0.02 3.26972 3430.88 1573.52 0.0978678 296 31 1 2.48206e-314 0 0 0 
2.1659 53.1233 1250.67 0.02 3.20984 3338.74 1559.66 0.0996935 297 32 1 2.48206e-314 0 0 0 
2.17217 52.7964 1275.05 0.02 3.14645 3241.51 1544.52 0.101702 298 31 1 2.48206e-314 0 0 0 
2.17853 52.4462 1429.87 0.02 3.07873 3137.55 1527.57 0.103939 299 31 1 2.48206e-314 0 0 0 
2.18498 52.0348 1747.16 0.02 3.0059 3025.07 1508.16 0.106457 300 31 1 2.48206e-314 0 0 0 
2.19155 51.517 2248.49 0.02 2.92724 2902.31 1485.47 0.109318 301 31 1 2.48206e-314 0 0 0 
2.19827 50.8433 2948.41 0.02 2.84225 2767.87 1458.66 0.112587 302 31 1 2.48206e-314 0 0 0 
2.20519 49.9625 3844.65 0.02 2.75075 2620.96 1426.82 0.116332 303 31 1 2.48206e-314 0 0 0 
2.21237 48.8271 4909.59 0.02 2.65279 2461.44 1389.11 0.120628 304 32 1 2.48206e-314 0 0 0 
2.21988 47.3981 6107.99 0.02 2.54878 2289.95 1344.76 0.12555 305 31 1 2.48206e-314 0 0 0 
2.2278 45.6472 7390.36 0.02 2.43946 2107.98 1293.12 0.131177 306 32 1 2.48206e-314 0 0 0 
2.23621 43.5608 8694.37 0.02 2.326 1917.86 1233.7 0.137575 307 32 1 2.48206e-314 0 0 0 
2.24521 41.1431 9943.8 0.02 2.2099 1722.65 1166.29 0.144803 308 33 1 2.48206e-314 0 0 0 
2.25488 38.4186 11060 0.02 2.09294 1526.05 1091 0.152895 309 34 1 2.48206e-314 0 0 0 
2.2653 35.4305 11976.9 0.02 1.97706 1332.04 1008.36 0.161856 310 34 1 2.48206e-314 0 0 0 
2.27652 32.2374 12640.9 0.02 1.86423 1144.57 919.315 0.171653 311 35 1 2.48206e-314 0 0 0 
2.28858 28.9101 13013.2 0.02 1.75623 967.29 825.299 0.182209 312 36 1 2.48206e-314 0 0 0 
2.30153 25.5256 13082.3 0.02 1.65458 803.151 728.134 0.193402 313 38 1 2.48206e-314 0 0 0 
2.31535 22.163 12845.5 0.02 1.56044 654.347 629.978 0.20507 314 38 1 2.48206e-314 0 0 0 
2.33003 18.8997 12318.6 0.02 1.47456 522.285 533.231 0.217014 315 39 1 2.48206e-314 0 0 0 
2.34554 15.8066 11533.2 0.02 1.39732 407.589 440.38 0.22901 316 40 1 2.48206e-314 0 0 0 
2.36183 12.9459 10527.4 0.02 1.3288 310.255 353.838 0.240819 317 40 1 2.48206e-314 0 0 0 
2.37882 10.3683 9352.13 0.02 1.26882 229.751 275.766 0.252202 318 41 1 2.48206e-314 0 0 0 
2.39645 8.10944 8070.52 0.02 1.21702 165.054 207.84 0.262937 319 41 1 2.48206e-314 0 0 0 
2.41461 6.1879 6753.11 0.02 1.17291 114.72 151.056 0.272826 320 40 1 2.48206e-314 0 0 0 
2.43323 4.60365 5470.63 0.02 1.13589 76.957 105.611 0.281717 321 41 1 2.48206e-314 0 0 0 
2.45222 3.33949 4285.69 0.02 1.10531 49.7485 70.9183 0.289511 322 40 1 2.48206e-314 0 0 0 
2.47149 2.36384 3246.2 0.02 1.08047 30.9913 45.7268 0.296168 323 39 1 2.48206e-314 0 0 0 
2.49099 1.6352 2380.85 0.02 1.06063 18.6414 28.3527 0.301708 324 39 1 2.48206e-314 0 0 0 
2.51064 1.10747 1696.36 0.02 1.04506 10.8617 16.9559 0.306203 325 38 1 2.48206e-314 0 0 0 
2.53041 0.735505 1178.56 0.02 1.03304 6.1501 9.81406 0.309766 326 36 1 2.48206e-314 0 0 0 
2.55026 0.479482 800.745 0.02 1.0239 3.39103 5.51335 0.31253 327 35 1 2.48206e-314 0 0 0 
2.57016 0.307012 532.948 0.02 1.01706 1.82336 3.01225 0.314633 328 34 1 2.48206e-314 0 0 0 
2.5901 0.193088 348.136 0.02 1.01201 0.955697 1.60163 0.316202 329 34 1 2.48206e-314 0 0 0 
2.61006 0.119223 223.232 0.02 1.00834 0.487084 0.828205 0.317353 330 33 1 2.48206e-314 0 0 0 
2.63003 0.0722519 140.179 0.02 1.00571 0.241744 0.416265 0.318183 331 33 1 2.48206e-314 0 0 0 
2.65002 0.0429732 86.4124 0.02 1.00386 0.11659 0.203401 0.318771 332 32 1 2.48206e-314 0 0 0 
2.67001 0.0250613 52.233 0.02 1.00257 0.0544777 0.0963958 0.319181 333 32 1 2.48206e-314 0 0 0 
2.69001 0.0143255 30.8885 0.02 1.00168 0.024686 0.0442869 0.319462 334 32 1 2.48206e-314 0 0 0 
2.71 0.00803016 17.8703 0.02 1.00109 0.0108984 0.0197801 0.319652 335 32 1 2.48206e-314 0 0 0 
2.73 0.00441417 10.1434 0.02 1.00069 0.00469689 0.00862244 0.319778 336 32 1 2.48206e-314 0 0 0 
2.75 0.00237756 5.63936 0.02 1.00044 0.00199361 0.0036921 0.31986 337 32 1 2.48206e-314 0 0 0 
2.77 0.00125459 3.06652 0.02 1.00027 0.000855534 0.00158414 0.319914 338 32 1 2.48206e-314 0 0 0 
2.79 0.000648934 1.63106 0.02 1.00017 0.000393198 0.000713558 0.319947 339 32 1 2.48206e-314 0 0 0 
2.81 0.000329041 0.850962 0.02 1.0001 0.000210374 0.000365179 0.319968 340 32 1 2.48206e-314 0 0 0 
2.83 0.000163378 0.434901 0.02 1.00006 0.000140189 0.000229601 0.319981 341 32 1 2.48206e-314 0 0 0 
2.85 7.93725e-05 0.217428 0.02 1.00003 0.000114127 0.000178463 0.319989 342 32 1 2.48206e-314 0 0 0 
2.87 3.77127e-05 0.106235 0.02 1.00002 0.000104789 0.000159823 0.319994 343 32 1 2.48206e-314 0 0 0 
2.89 1.75234e-05 0.0507029 0.02 1.00001 0.000101565 0.00015327 0.319996 344 32 1 2.48206e-314 0 0 0 
2.91 7.96501e-06 0.0236381 0.02 1.00001 0.000100493 0.00015105 0.319998 345 32 1 2.48206e-314 0 0 0 
2.93 3.54361e-06 0.0107688 0.02 1 0.00010015 0.000150325 0.319999 346 32 1 2.48206e-314 0 0 0 
2.95 1.54442e-06 0.00479731 0.02 1 0.000100044 0.000150098 0.319999 347 32 1 2.48206e-314 0 0 0 
2.97 6.60017e-07 0.00209252 0.02 1 0.000100013 0.000150029 0.32 348 32 1 2.48206e-314 0 0 0 
2.99 2.76724e-07 0.000894995 0.02 1 0.000100004 0.000150008 0.32 349 32 1 2.48206e-314 0 0 0 
3.01 1.13781e-07 0.000375647 0.02 1 0.000100001 0.000150002 0.32 350 32 1 2.48206e-314 0 0 0 
3.03 4.58096e-08 0.000154662 0.02 1 0.0001 0.000150001 0.32 351 32 1 2.48206e-314 0 0 0 
3.05 1.80078e-08 6.23581e-05 0.02 1 0.0001 0.00015 0.32 352 32 1 2.48206e-314 0 0 0 
3.07 6.88353e-09 2.45286e-05 0.02 1 0.0001 0.00015 0.32 353 32 1 2.48206e-314 0 0 0 
3.09 2.54815e-09 9.35894e-06 0.02 1 0.0001 0.00015 0.32 354 32 1 2.48206e-314 0 0 0 
3.11 9.11668e-10 3.44535e-06 0.02 1 0.0001 0.00015 0.32 355 32 1 2.48206e-314 0 0 0 
3.13 3.15795e-10 1.2223e-06 0.02 1 0.0001 0.00015 0.32 356 32 1 2.48206e-314 0 0 0 
3.15 1.0644e-10 4.19497e-07 0.02 1 0.0001 0.00015 0.32 357 32 1 2.48206e-314 0 0 0 
3.17 3.51397e-11 1.40201e-07 0.02 1 0.0001 0.00015 0.32 358 32 1 2.48206e-314 0 0 0 
3.19 1.14428e-11 4.59574e-08 0.02 1 0.0001 0.00015 0.32 359 32 1 2.48206e-314 0 0 0 
3.21 3.702e-12 1.48859e-08 0.02 1 0.0001 0.00015 0.32 360 32 1 2.48206e-314 0 0 0 
3.23 1.19791e-12 4.80249e-09 0.02 1 0.0001 0.00015 0.32 361 32 1 2.48206e-314 0 0 0 
3.25 3.89401e-13 1.55475e-09 0.02 1 0.0001 0.00015 0.32 362 32 1 2.48206e-314 0 0 0 
3.27 1.27101e-13 5.07324e-10 0.02 1 0.0001 0.00015 0.32 363 32 1 2.48206e-314 0 0 0 
3.29 4.13516e-14 1.66615e-10 0.02 1 0.0001 0.00015 0.32 364 32 1 2.48206e-314 0 0 0 
3.31 1.32045e-14 5.45707e-11 0.02 1 0.0001 0.00015 0.32 365 32 1 2.48206e-314 0 0 0 
3.33 4.0336e-15 1.75098e-11 0.02 1 0.0001 0.00015 0.32 366 32 1 2.48206e-314 0 0 0 
3.35 1.12747e-15 5.3494e-12 0.02 1 0.0001 0.00015 0.32 367 32 1 2.48206e-314 0 0 0 
3.37 2.60459e-16 1.48251e-12 0.02 1 0.0001 0.00015 0.32 368 32 1 2.48206e-314 0 0 0 
3.39 3.09689e-17 3.32576e-13 0.02 1 0.0001 0.00015 0.32 369 32 1 2.48206e-314 0 0 0 
3.41 -1.47528e-17 3.28289e-14 0.02 1 0.0001 0.00015 0.32 370 32 1 2.48206e-314 0 0 0 
3.43 -1.55365e-17 -2.38457e-14 0.02 1 0.0001 0.00015 0.32 371 32 1 2.48206e-314 0 0 0 
3.45 -9.4772e-18 -2.25741e-14 0.02 1 0.0001 0.00015 0.32 372 32 1 2.48206e-314 0 0 0 
3.47 -4.83769e-18 -1.34089e-14 0.02 1 0.0001 0.00015 0.32 373 33 1 2.48206e-314 0 0 0 
3.49 -2.24856e-18 -6.757e-15 0.02 1 0.0001 0.00015 0.32 374 33 1 2.48206e-314 0 0 0 
3.51 -9.83645e-19 -3.11612e-15 0.02 1 0.0001 0.00015 0.32 375 33 1 2.48206e-314 0 0 0 
3.53 -4.11194e-19 -1.3565e-15 0.02 1 0.0001 0.00015 0.32 376 33 1 2.48206e-314 0 0 0 
3.55 -1.64313e-19 -5.65832e-16 0.02 1 0.0001 0.00015 0.32 377 33 1 2.48206e-314 0 0 0 
3.57 -6.07033e-20 -2.27941e-16 0.02 1 0.0001 0.00015 0.32 378 33 1 2.48206e-314 0 0 0 
3.59 -1.68754e-20 -8.89285e-17 0.02 1 0.0001 0.00015 0.32 379 33 1 2.48206e-314 0 0 0 
3.61 3.49639e-21 -3.35084e-17 0.02 1 0.0001 0.00015 0.32 380 33 1 2.48206e-314 0 0 0 
3.63 1.557e-20 -1.19055e-17 0.02 1 0.0001 0.00015 0.32 381 33 1 2.48206e-314 0 0 0 
3.65 2.57656e-20 -3.57956e-18 0.02 1 0.0001 0.00015 0.32 382 33 1 2.48206e-314 0 0 0 
3.67 3.59994e-20 -3.15308e-19 0.02 1 0.0001 0.00015 0.32 383 33 1 2.48206e-314 0 0 0 
3.69 4.58964e-20 1.07404e-18 0.02 1 0.0001 0.00015 0.32 384 33 1 2.48206e-314 0 0 0 
3.71 5.59044e-20 1.80185e-18 0.02 1 0.0001 0.00015 0.32 385 33 1 2.48206e-314 0 0 0 
3.73 6.19e-20 2.1485e-18 0.02 1 0.0001 0.00015 0.32 386 33 1 2.48206e-314 0 0 0 
3.75 6.28651e-20 2.2493e-18 0.02 1 0.0001 0.00015 0.32 387 33 1 2.48206e-314 0 0 0 
3.77 6.09385e-20 2.1557e-18 0.02 1 0.0001 0.00015 0.32 388 33 1 2.48206e-314 0 0 0 
3.79 4.47789e-20 1.62397e-18 0.02 1 0.0001 0.00015 0.32 389 33 1 2.48206e-314 0 0 0 
3.81 1.86876e-20 6.79109e-19 0.02 1 0.0001 0.00015 0.32 390 32 1 2.48206e-314 0 0 0 
3.83 -1.67803e-20 -5.77676e-19 0.02 1 0.0001 0.00015 0.32 391 32 1 2.48206e-314 0 0 0 
3.85 -7.26339e-20 -2.55613e-18 0.02 1 0.0001 0.00015 0.32 392 32 1 2.48206e-314 0 0 0 
3.87 -1.34402e-19 -4.72517e-18 0.02 1 0.0001 0.00015 0.32 393 32 1 2.48206e-314 0 0 0 
3.89 -2.03876e-19 -7.19512e-18 0.02 1 0.0001 0.00015 0.32 394 32 1 2.48206e-314 0 0 0 
3.91 -2.72709e-19 -9.71208e-18 0.02 1 0.0001 0.00015 0.32 395 32 1 2.48206e-314 0 0 0 
3.93 -3.3637e-19 -1.18674e-17 0.02 1 0.0001 0.00015 0.32 396 32 1 2.48206e-314 0 0 0 
3.95 -3.86213e-19 -1.36451e-17 0.02 1 0.0001 0.00015 0.32 397 32 1 2.48206e-314 0 0 0 
3.97 -4.20613e-19 -1.48428e-17 0.02 1 0.0001 0.00015 0.32 398 32 1 2.48206e-314 0 0 0 
3.99 -4.31591e-19 -1.52438e-17 0.02 1 0.0001 0.00015 0.32 399 32 1 2.48206e-314 0 0 0 
4.01 -4.18016e-19 -1.48083e-17 0.02 1 0.0001 0.00015 0.32 400 32 1 2.48206e-314 0 0 0 
4.03 -3.83198e-19 -1.35525e-17 0.02 1 0.0001 0.00015 0.32 401 32 1 2.48206e-314 0 0 0 
4.05 -3.28125e-19 -1.15929e-17 0.02 1 0.0001 0.00015 0.32 402 32 1 2.48206e-314 0 0 0 
4.07 -2.66756e-19 -9.41964e-18 0.02 1 0.0001 0.00015 0.32 403 32 1 2.48206e-314 0 0 0 
4.09 -1.98482e-19 -6.99332e-18 0.02 1 0.0001 0.00015 0.32 404 32 1 2.48206e-314 0 0 0 
4.11 -1.28979e-19 -4.54772e-18 0.02 1 0.0001 0.00015 0.32 405 32 1 2.48206e-314 0 0 0 
4.13 -6.97752e-20 -2.45343e-18 0.02 1 0.0001 0.00015 0.32 406 32 1 2.48206e-314 0 0 0 
4.15 -1.32535e-20 -4.6608e-19 0.02 1 0.0001 0.00015 0.32 407 32 1 2.48206e-314 0 0 0 
4.17 2.59793e-20 9.22842e-19 0.02 1 0.0001 0.00015 0.32 408 32 1 2.48206e-314 0 0 0 
4.19 4.48175e-20 1.58289e-18 0.02 1 0.0001 0.00015 0.32 409 32 1 2.48206e-314 0 0 0 
4.21 6.07965e-20 2.14659e-18 0.02 1 0.0001 0.00015 0.32 410 32 1 2.48206e-314 0 0 0 
4.23 6.33582e-20 2.23532e-18 0.02 1 0.0001 0.00015 0.32 411 31 1 2.48206e-314 0 0 0 
4.25 6.07539e-20 2.14342e-18 0.02 1 0.0001 0.00015 0.32 412 31 1 2.48206e-314 0 0 0 
4.27 5.31192e-20 1.87406e-18 0.02 1 0.0001 0.00015 0.32 413 31 1 2.48206e-314 0 0 0 
4.29 4.19851e-20 1.48125e-18 0.02 1 0.0001 0.00015 0.32 414 31 1 2.48206e-314 0 0 0 
4.31 3.36001e-20 1.18542e-18 0.02 1 0.0001 0.00015 0.32 415 31 1 2.48206e-314 0 0 0 
4.33 2.34925e-20 8.28822e-19 0.02 1 0.0001 0.00015 0.32 416 31 1 2.48206e-314 0 0 0 
4.35 1.74303e-20 6.14946e-19 0.02 1 0.0001 0.00015 0.32 417 31 1 2.48206e-314 0 0 0 
4.37 1.21604e-20 4.29022e-19 0.02 1 0.0001 0.00015 0.32 418 31 1 2.48206e-314 0 0 0 
4.39 7.46669e-21 2.63427e-19 0.02 1 0.0001 0.00015 0.32 419 31 1 2.48206e-314 0 0 0 
4.41 4.66968e-21 1.64748e-19 0.02 1 0.0001 0.00015 0.32 420 31 1 2.48206e-314 0 0 0 
4.43 2.79701e-21 9.86793e-20 0.02 1 0.0001 0.00015 0.32 421 31 1 2.48206e-314 0 0 0 
4.45 1.28446e-21 4.53163e-20 0.02 1 0.0001 0.00015 0.32 422 31 1 2.48206e-314 0 0 0 
4.47 4.4416e-22 1.56701e-20 0.02 1 0.0001 0.00015 0.32 423 31 1 2.48206e-314 0 0 0 
4.49 1.74063e-22 6.14099e-21 0.02 1 0.0001 0.00015 0.32 424 31 1 2.48206e-314 0 0 0 
4.51 5.40195e-23 1.90582e-21 0.02 1 0.0001 0.00015 0.32 425 31 1 2.48206e-314 0 0 0 
4.53 2.18357e-37 7.70372e-36 0.02 1 0.0001 0.00015 0.32 426 31 1 2.48206e-314 0 0 0 
4.55 0 0 0.02 1 0.0001 0.00015 0.32 427 31 1 2.48206e-314 0 0 0 
4.57 0 0 0.02 1 0.0001 0.00015 0.32 428 31 1 2.48206e-314 0 0 0 
4.59 0 0 0.02 1 0.0001 0.00015 0.32 429 31 1 2.48206e-314 0 0 0 
4.61 0 0 0.02 1 0.0001 0.00015 0.32 430 31 1 2.48206e-314 0 0 0 
4.63 0 0 0.02 1 0.0001 0.00015 0.32 431 31 1 2.48206e-314 0 0 0 
4.65 0 0 0.02 1 0.0001 0.00015 0.32 432 31 1 2.48206e-314 0 0 0 
4.67 0 0 0.02 1 0.0001 0.00015 0.32 433 31 1 2.48206e-314 0 0 0 
4.69 0 0 0.02 1 0.0001 0.00015 0.32 434 31 1 2.48206e-314 0 0 0 
4.71 0 0 0.02 1 0.0001 0.00015 0.32 435 31 1 2.48206e-314 0 0 0 
4.73 0 0 0.02 1 0.0001 0.00015 0.32 436 31 1 2.48206e-314 0 0 0 
4.75 0 0 0.02 1 0.0001 0.00015 0.32 437 31 1 2.48206e-314 0 0 0 
4.77 0 0 0.02 1 0.0001 0.00015 0.32 438 31 1 2.48206e-314 0 0 0 
4.79 0 0 0.02 1 0.0001 0.00015 0.32 439 31 1 2.48206e-314 0 0 0 
4.81 0 0 0.02 1 0.0001 0.00015 0.32 440 31 1 2.48206e-314 0 0 0 
4.83 0 0 0.02 1 0.0001 0.00015 0.32 441 31 1 2.48206e-314 0 0 0 
4.85 0 0 0.02 1 0.0001 0.00015 0.32 442 31 1 2.48206e-314 0 0 0 
4.87 0 0 0.02 1 0.0001 0.00015 0.32 443 31 1 2.48206e-314 0 0 0 
4.89 0 0 0.02 1 0.0001 0.00015 0.32 444 31 1 2.48206e-314 0 0 0 
4.91 0 0 0.02 1 0.0001 0.00015 0.32 445 31 1 2.48206e-314 0 0 0 
4.93 0 0 0.02 1 0.0001 0.00015 0.32 446 31 1 2.48206e-314 0 0 0 
4.95 0 0 0.02 1 0.0001 0.00015 0.32 447 31 1 2.48206e-314 0 0 0 
4.97 0 0 0.02 1 0.0001 0.00015 0.32 448 31 1 2.48206e-314 0 0 0 
4.99 0 0 0.02 1 0.0001 0.00015 0.32 449 31 1 2.48206e-314 0 0 0 
5.01 0 0 0.02 1 0.0001 0.00015 0.32 450 31 1 2.48206e-314 0 0 0 
5.03 0 0 0.02 1 0.0001 0.00015 0.32 451 31 1 2.48206e-314 0 0 0 
5.05 0 0 0.02 1 0.0001 0.00015 0.32 452 31 1 2.48206e-314 0 0 0 
5.07 0 0 0.02 1 0.0001 0.00015 0.32 453 31 1 2.48206e-314 0 0 0 
5.09 0 0 0.02 1 0.0001 0.00015 0.32 454 31 1 2.48206e-314 0 0 0 
5.11 0 0 0.02 1 0.0001 0.00015 0.32 455 31 1 2.48206e-314 0 0 0 
5.13 0 0 0.02 1 0.0001 0.00015 0.32 456 31 1 2.48206e-314 0 0 0 
5.15 0 0 0.02 1 0.0001 0.00015 0.32 457 31 1 2.48206e-314 0 0 0 
5.17 0 0 0.02 1 0.0001 0.00015 0.32 458 31 1 2.48206e-314 0 0 0 
5.19 0 0 0.02 1 0.0001 0.00015 0.32 459 31 1 2.48206e-314 0 0 0 
5.21 0 0 0.02 1 0.0001 0.00015 0.32 460 31 1 2.48206e-314 0 0 0 
5.23 0 0 0.02 1 0.0001 0.00015 0.32 461 31 1 2.48206e-314 0 0 0 
5.25 0 0 0.02 1 0.0001 0.00015 0.32 462 31 1 2.48206e-314 0 0 0 
5.27 0 0 0.02 1 0.0001 0.00015 0.32 463 31 1 2.48206e-314 0 0 0 
5.29 0 0 0.02 1 0.0001 0.00015 0.32 464 31 1 2.48206e-314 0 0 0 
5.31 0 0 0.02 1 0.0001 0.00015 0.32 465 31 1 2.48206e-314 0 0 0 
5.33 0 0 0.02 1 0.0001 0.00015 0.32 466 31 1 2.48206e-314 0 0 0 
5.35 0 0 0.02 1 0.0001 0.00015 0.32 467 31 1 2.48206e-314 0 0 0 
5.37 0 0 0.02 1 0.0001 0.00015 0.32 468 31 1 2.48206e-314 0 0 0 
5.39 0 0 0.02 1 0.0001 0.00015 0.32 469 31 1 2.48206e-314 0 0 0 
5.41 0 0 0.02 1 0.0001 0.00015 0.32 470 31 1 2.48206e-314 0 0 0 
5.43 0 0 0.02 1 0.0001 0.00015 0.32 471 31 1 2.48206e-314 0 0 0 
5.45 0 0 0.02 1 0.0001 0.00015 0.32 472 31 1 2.48206e-314 0 0 0 
5.47 0 0 0.02 1 0.0001 0.00015 0.32 473 31 1 2.48206e-314 0 0 0 
5.49 0 0 0.02 1 0.0001 0.00015 0.32 474 31 1 2.48206e-314 0 0 0 
5.51 0 0 0.02 1 0.0001 0.00015 0.32 475 31 1 2.48206e-314 0 0 0 
5.53 0 0 0.02 1 0.0001 0.00015 0.32 476 31 1 2.48206e-314 0 0 0 
5.55 0 0 0.02 1 0.0001 0.00015 0.32 477 31 1 2.48206e-314 0 0 0 
5.57 0 0 0.02 1 0.0001 0.00015 0.32 478 31 1 2.48206e-314 0 0 0 
5.59 0 0 0.02 1 0.0001 0.00015 0.32 479 31 1 2.48206e-314 0 0 0 
5.61 0 0 0.02 1 0.0001 0.00015 0.32 480 31 1 2.48206e-314 0 0 0 
5.63 0 0 0.02 1 0.0001 0.00015 0.32 481 31 1 2.48206e-314 0 0 0 
5.65 0 0 0.02 1 0.0001 0.00015 0.32 482 31 1 2.48206e-314 0 0 0 
5.67 0 0 0.02 1 0.0001 0.00015 0.32 483 31 1 2.48206e-314 0 0 0 
5.69 0 0 0.02 1 0.0001 0.00015 0.32 484 31 1 2.48206e-314 0 0 0 
5.71 0 0 0.02 1 0.0001 0.00015 0.32 485 31 1 2.48206e-314 0 0 0 
5.73 0 0 0.02 1 0.0001 0.00015 0.32 486 31 1 2.48206e-314 0 0 0 
5.75 0 0 0.02 1 0.0001 0.00015 0.32 487 31 1 2.48206e-314 0 0 0 
5.77 0 0 0.02 1 0.0001 0.00015 0.32 488 31 1 2.48206e-314 0 0 0 
5.79 0 0 0.02 1 0.0001 0.00015 0.32 489 31 1 2.48206e-314 0 0 0 
5.81 0 0 0.02 1 0.0001 0.00015 0.32 490 31 1 2.48206e-314 0 0 0 
5.83 0 0 0.02 1 0.0001 0.00015 0.32 491 31 1 2.48206e-314 0 0 0 
5.85 0 0 0.02 1 0.0001 0.00015 0.32 492 31 1 2.48206e-314 0 0 0 
5.87 0 0 0.02 1 0.0001 0.00015 0.32 493 31 1 2.48206e-314 0 0 0 
5.89 0 0 0.02 1 0.0001 0.00015 0.32 494 31 1 2.48206e-314 0 0 0 
5.91 0 0 0.02 1 0.0001 0.00015 0.32 495 31 1 2.48206e-314 0 0 0 
5.93 0 0 0.02 1 0.0001 0.00015 0.32 496 31 1 2.48206e-314 0 0 0 
5.95 0 0 0.02 1 0.0001 0.00015 0.32 497 31 1 2.48206e-314 0 0 0 
5.97 0 0 0.02 1 0.0001 0.00015 0.32 498 31 1 2.48206e-314 0 0 0 
5.99 0 0 0.02 1 0.0001 0.00015 0.32 499 31 1 2.48206e-314 0 0 0 
6.01 0 0 0.02 1 0.0001 0.00015 0.32 500 31 1 2.48206e-314 0 0 0 
6.03 0 0 0.02 1 0.0001 0.00015 0.32 501 31 1 2.48206e-314 0 0 0 
6.05 0 0 0.02 1 0.0001 0.00015 0.32 502 31 1 2.48206e-314 0 0 0 
6.07 0 0 0.02 1 0.0001 0.00015 0.32 503 31 1 2.48206e-314 0 0 0 
6.09 0 0 0.02 1 0.0001 0.00015 0.32 504 31 1 2.48206e-314 0 0 0 
6.11 0 0 0.02 1 0.0001 0.00015 0.32 505 31 1 2.48206e-314 0 0 0 
6.13 0 0 0.02 1 0.0001 0.00015 0.32 506 31 1 2.48206e-314 0 0 0 
6.15 0 0 0.02 1 0.0001 0.00015 0.32 507 31 1 2.48206e-314 0 0 0 
6.17 0 0 0.02 1 0.0001 0.00015 0.32 508 31 1 2.48206e-314 0 0 0 
6.19 0 0 0.02 1 0.0001 0.00015 0.32 509 31 1 2.48206e-314 0 0 0 
6.21 0 0 0.02 1 0.0001 0.00015 0.32 510 31 1 2.48206e-314 0 0 0 
6.23 0 0 0.02 1 0.0001 0.00015 0.32 511 31 1 2.48206e-314 0 0 0 
6.25 0 0 0.02 1 0.0001 0.00015 0.32 512 31 1 2.48206e-314 0 0 0 
6.27 0 0 0.02 1 0.0001 0.00015 0.32 513 31 1 2.48206e-314 0 0 0 
6.29 0 0 0.02 1 0.0001 0.00015 0.32 514 31 1 2.48206e-314 0 0 0 
6.31 0 0 0.02 1 0.0001 0.00015 0.32 515 31 1 2.48206e-314 0 0 0 
6.33 0 0 0.02 1 0.0001 0.00015 0.32 516 31 1 2.48206e-314 0 0 0 
6.35 0 0 0.02 1 0.0001 0.00015 0.32 517 31 1 2.48206e-314 0 0 0 
6.37 0 0 0.02 1 0.0001 0.00015 0.32 518 31 1 2.48206e-314 0 0 0 
6.39 0 0 0.02 1 0.0001 0.00015 0.32 519 31 1 2.48206e-314 0 0 0 
6.41 0 0 0.02 1 0.0001 0.00015 0.32 520 31 1 2.48206e-314 0 0 0 
6.43 0 0 0.02 1 0.0001 0.00015 0.32 521 31 1 2.48206e-314 0 0 0 
6.45 0 0 0.02 1 0.0001 0.00015 0.32 522 31 1 2.48206e-314 0 0 0 
6.47 0 0 0.02 1 0.0001 0.00015 0.32 523 31 1 2.48206e-314 0 0 0 
6.49 0 0 0.02 1 0.0001 0.00015 0.32 524 31 1 2.48206e-314 0 0 0 
6.51 0 0 0.02 1 0.0001 0.00015 0.32 525 31 1 2.48206e-314 0 0 0 
6.53 0 0 0.02 1 0.0001 0.00015 0.32 526 31 1 2.48206e-314 0 0 0 
6.55 0 0 0.02 1 0.0001 0.00015 0.32 527 31 1 2.48206e-314 0 0 0 
6.57 0 0 0.02 1 0.0001 0.00015 0.32 528 31 1 2.48206e-314 0 0 0 
6.59 0 0 0.02 1 0.0001 0.00015 0.32 529 31 1 2.48206e-314 0 0 0 
6.61 0 0 0.02 1 0.0001 0.00015 0.32 530 31 1 2.48206e-314 0 0 0 
6.63 0 0 0.02 1 0.0001 0.00015 0.32 531 31 1 2.48206e-314 0 0 0 
6.65 0 0 0.02 1 0.0001 0.00015 0.32 532 31 1 2.48206e-314 0 0 0 
6.67 0 0 0.02 1 0.0001 0.00015 0.32 533 31 1 2.48206e-314 0 0 0 
6.69 0 0 0.02 1 0.0001 0.00015 0.32 534 31 1 2.48206e-314 0 0 0 
6.71 0 0 0.02 1 0.0001 0.00015 0.32 535 31 1 2.48206e-314 0 0 0 
6.73 0 0 0.02 1 0.0001 0.00015 0.32 536 31 1 2.48206e-314 0 0 0 
6.75 0 0 0.02 1 0.0001 0.00015 0.32 537 31 1 2.48206e-314 0 0 0 
6.77 0 0 0.02 1 0.0001 0.00015 0.32 538 31 1 2.48206e-314 0 0 0 
6.79 0 0 0.02 1 0.0001 0.00015 0.32 539 31 1 2.48206e-314 0 0 0 
6.81 0 0 0.02 1 0.0001 0.00015 0.32 540 31 1 2.48206e-314 0 0 0 
6.83 0 0 0.02 1 0.0001 0.00015 0.32 541 31 1 2.48206e-314 0 0 0 
6.85 0 0 0.02 1 0.0001 0.00015 0.32 542 31 1 2.48206e-314 0 0 0 
6.87 0 0 0.02 1 0.0001 0.00015 0.32 543 31 1 2.48206e-314 0 0 0 
6.89 0 0 0.02 1 0.0001 0.00015 0.32 544 31 1 2.48206e-314 0 0 0 
6.91 0 0 0.02 1 0.0001 0.00015 0.32 545 31 1 2.48206e-314 0 0 0 
6.93 0 0 0.02 1 0.0001 0.00015 0.32 546 31 1 2.48206e-314 0 0 0 
6.95 0 0 0.02 1 0.0001 0.00015 0.32 547 31 1 2.48206e-314 0 0 0 
6.97 0 0 0.02 1 0.0001 0.00015 0.32 548 31 1 2.48206e-314 0 0 0 
6.99 0 0 0.02 1 0.0001 0.00015 0.32 549 31 1 2.48206e-314 0 0 0 
7.01 0 0 0.02 1 0.0001 0.00015 0.32 550 31 1 2.48206e-314 0 0 0 
7.03 0 0 0.02 1 0.0001 0.00015 0.32 551 31 1 2.48206e-314 0 0 0 
7.05 0 0 0.02 1 0.0001 0.00015 0.32 552 31 1 2.48206e-314 0 0 0 
7.07 0 0 0.02 1 0.0001 0.00015 0.32 553 31 1 2.48206e-314 0 0 0 
7.09 0 0 0.02 1 0.0001 0.00015 0.32 554 31 1 2.48206e-314 0 0 0 
7.11 0 0 0.02 1 0.0001 0.00015 0.32 555 31 1 2.48206e-314 0 0 0 
7.13 0 0 0.02 1 0.0001 0.00015 0.32 556 31 1 2.48206e-314 0 0 0 
7.15 0 0 0.02 1 0.0001 0.00015 0.32 557 31 1 2.48206e-314 0 0 0 
7.17 0 0 0.02 1 0.0001 0.00015 0.32 558 31 1 2.48206e-314 0 0 0 
7.19 0 0 0.02 1 0.0001 0.00015 0.32 559 31 1 2.48206e-314 0 0 0 
7.21 0 0 0.02 1 0.0001 0.00015 0.32 560 31 1 2.48206e-314 0 0 0 
7.23 0 0 0.02 1 0.0001 0.00015 0.32 561 31 1 2.48206e-314 0 0 0 
7.25 0 0 0.02 1 0.0001 0.00015 0.32 562 31 1 2.48206e-314 0 0 0 
7.27 0 0 0.02 1 0.0001 0.00015 0.32 563 31 1 2.48206e-314 0 0 0 
7.29 0 0 0.02 1 0.0001 0.00015 0.32 564 31 1 2.48206e-314 0 0 0 
7.31 0 0 0.02 1 0.0001 0.00015 0.32 565 31 1 2.48206e-314 0 0 0 
7.33 -1.26496e-24 -2.11758e-22 0.02 1 0.0001 0.00015 0.32 566 31 1 2.48206e-314 0 0 0 
7.35 -7.32712e-24 -1.05879e-21 0.02 1 0.0001 0.00015 0.32 567 31 1 2.48206e-314 0 0 0 
7.37 -2.30292e-23 -3.17637e-21 0.02 1 0.0001 0.00015 0.32 568 31 1 2.48206e-314 0 0 0 
7.39 -5.80913e-23 -7.83505e-21 0.02 1 0.0001 0.00015 0.32 569 31 1 2.48206e-314 0 0 0 
7.41 -3.54044e-22 -2.43522e-20 0.02 1 0.0001 0.00015 0.32 570 31 1 2.48206e-314 0 0 0 
7.43 -1.86249e-21 -8.51268e-20 0.02 1 0.0001 0.00015 0.32 571 31 1 2.48206e-314 0 0 0 
7.45 -6.60636e-21 -2.60039e-19 0.02 1 0.0001 0.00015 0.32 572 31 1 2.48206e-314 0 0 0 
7.47 -1.79689e-20 -6.76779e-19 0.02 1 0.0001 0.00015 0.32 573 31 1 2.48206e-314 0 0 0 
7.49 -4.00268e-20 -1.44461e-18 0.02 1 0.0001 0.00015 0.32 574 31 1 2.48206e-314 0 0 0 
7.51 -8.04302e-20 -2.88118e-18 0.02 1 0.0001 0.00015 0.32 575 31 1 2.48206e-314 0 0 0 
7.53 -1.46099e-19 -5.21031e-18 0.02 1 0.0001 0.00015 0.32 576 31 1 2.48206e-314 0 0 0 
7.55 -2.45523e-19 -8.72105e-18 0.02 1 0.0001 0.00015 0.32 577 31 1 2.48206e-314 0 0 0 
7.57 -3.89303e-19 -1.37751e-17 0.02 1 0.0001 0.00015 0.32 578 31 1 2.48206e-314 0 0 0 
7.59 -5.79286e-19 -2.03745e-17 0.02 1 0.0001 0.00015 0.32 579 31 1 2.48206e-314 0 0 0 
7.61 -8.16748e-19 -2.87555e-17 0.02 1 0.0001 0.00015 0.32 580 31 1 2.48206e-314 0 0 0 
7.63 -1.0931e-18 -3.83475e-17 0.02 1 0.0001 0.00015 0.32 581 31 1 2.48206e-314 0 0 0 
7.65 -1.39721e-18 -4.91112e-17 0.02 1 0.0001 0.00015 0.32 582 31 1 2.48206e-314 0 0 0 
7.67 -1.70366e-18 -5.98937e-17 0.02 1 0.0001 0.00015 0.32 583 31 1 2.48206e-314 0 0 0 
7.69 -1.97971e-18 -6.96424e-17 0.02 1 0.0001 0.00015 0.32 584 31 1 2.48206e-314 0 0 0 
7.71 -1.91443e-18 -6.72237e-17 0.02 1 0.0001 0.00015 0.32 585 32 1 2.48206e-314 0 0 0 
7.73 -1.46352e-18 -5.13425e-17 0.02 1 0.0001 0.00015 0.32 586 32 1 2.48206e-314 0 0 0 
7.75 -5.89264e-19 -2.04686e-17 0.02 1 0.0001 0.00015 0.32 587 32 1 2.48206e-314 0 0 0 
7.77 7.16043e-19 2.53934e-17 0.02 1 0.0001 0.00015 0.32 588 32 1 2.48206e-314 0 0 0 
7.79 2.45211e-18 8.65513e-17 0.02 1 0.0001 0.00015 0.32 589 32 1 2.48206e-314 0 0 0 
7.81 4.60181e-18 1.62351e-16 0.02 1 0.0001 0.00015 0.32 590 32 1 2.48206e-314 0 0 0 
7.83 7.12503e-18 2.511e-16 0.02 1 0.0001 0.00015 0.32 591 32 1 2.48206e-314 0 0 0 
7.85 9.97455e-18 3.51497e-16 0.02 1 0.0001 0.00015 0.32 592 32 1 2.48206e-314 0 0 0 
7.87 1.19505e-17 4.21111e-16 0.02 1 0.0001 0.00015 0.32 593 32 1 2.48206e-314 0 0 0 
7.89 1.29884e-17 4.57709e-16 0.02 1 0.0001 0.00015 0.32 594 32 1 2.48206e-314 0 0 0 
7.91 1.30222e-17 4.58904e-16 0.02 1 0.0001 0.00015 0.32 595 32 1 2.48206e-314 0 0 0 
7.93 1.20244e-17 4.23806e-16 0.02 1 0.0001 0.00015 0.32 596 32 1 2.48206e-314 0 0 0 
7.95 9.99301e-18 3.5212e-16 0.02 1 0.0001 0.00015 0.32 597 33 1 2.48206e-314 0 0 0 
7.97 6.9547e-18 2.45121e-16 0.02 1 0.0001 0.00015 0.32 598 33 1 2.48206e-314 0 0 0 
7.99 2.92531e-18 1.03285e-16 0.02 1 0.0001 0.00015 0.32 599 33 1 2.48206e-314 0 0 0 
-4.01 0 6720.51 0.02 0.947015 9470.15 15000 0.337904 600 32 1 3.03136e-314 0 0 0 
-4.03 0 7410.21 0.02 0.951615 9516.15 15000 0.336271 601 32 1 3.03136e-314 0 0 0 
-4.05 0 7767.31 0.02 0.956946 9569.46 15000 0.334397 602 32 1 3.03136e-314 0 0 0 
-4.07 0 7837.44 0.02 0.962793 9627.93 15000 0.332366 603 32 1 3.03136e-314 0 0 0 
-4.09 0 7658.25 0.02 0.968941 9689.41 15000 0.330258 604 32 1 3.03136e-314 0 0 0 
-4.11 0 7271.55 0.02 0.975152 9751.52 15000 0.328154 605 32 1 3.03136e-314 0 0 0 
-4.13 0 6719.53 0.02 0.981137 9811.37 15000 0.326152 606 32 1 3.03136e-314 0 0 0 
-4.15 0 6063.28 0.02 0.986531 9865.31 15000 0.324369 607 32 1 3.03136e-314 0 0 0 
-4.17 0 5539.98 0.02 0.990901 9909.01 15000 0.322938 608 32 1 3.03136e-314 0 0 0 
-4.19 0 5585.46 0.02 0.994197 9941.97 15000 0.321868 609 32 1 3.03136e-314 0 0 0 
-4.21 0 6119.29 0.02 0.996576 9965.76 15000 0.321099 610 32 1 3.03136e-314 0 0 0 
-4.23 0 7003.8 0.02 0.998194 9981.94 15000 0.320579 611 32 1 3.03136e-314 0 0 0 
-4.25 0 8091.53 0.02 0.999202 9992.02 15000 0.320255 612 32 1 3.03136e-314 0 0 0 
-4.27 0 9221.93 0.02 0.999744 9997.44 15000 0.320082 613 32 1 3.03136e-314 0 0 0 
-4.29 0 10218.5 0.02 0.999962 9999.62 15000 0.320012 614 32 1 3.03136e-314 0 0 0 
-4.31 0 10885.7 0.02 1 10000 15000 0.32 615 31 1 3.03136e-314 0 0 0 
-4.33 0 10970.6 0.02 1 10000 15000 0.32 616 31 1 3.03136e-314 0 0 0 
-4.35 0 9820.7 0.02 0.999959 9999.59 15000 0.320013 617 31 1 3.03136e-314 0 0 0 
-4.37 0 6677.19 0.02 0.999631 9996.31 15000 0.320118 618 30 1 3.03136e-314 0 0 0 
-4.39 0 1712.22 0.02 0.998503 9985.03 15000 0.32048 619 29 1 3.03136e-314 0 0 0 
-4.41 0 -4803.09 0.02 0.995748 9957.48 15000 0.321366 620 28 1 3.03136e-314 0 0 0 
-4.43 0 -12590 0.02 0.990126 9901.26 15000 0.323191 621 27 1 3.03136e-314 0 0 0 
-4.45 0 -21372.5 0.02 0.979822 9798.22 15000 0.32659 622 26 1 3.03136e-314 0 0 0 
-4.47 0 -30897.4 0.02 0.962228 9622.28 15000 0.332561 623 25 1 3.03136e-314 0 0 0 
-4.49 0 -40921.2 0.02 0.933731 9337.31 15000 0.342711 624 25 1 3.03136e-314 0 0 0 
-4.51 0 -50874.2 0.02 0.890771 8907.71 15000 0.359239 625 24 1 3.03136e-314 0 0 0 
-4.53 0 -59977.8 0.02 0.832895 8328.95 15000 0.384202 626 25 1 3.03136e-314 0 0 0 
-4.55 0 -67510 0.02 0.764751 7647.51 15000 0.418437 627 25 1 3.03136e-314 0 0 0 
-4.57 0 -73021.7 0.02 0.6944 6944 15000 0.460829 628 27 1 3.03136e-314 0 0 0 
-4.59 0 -76501.6 0.02 0.62873 6287.3 15000 0.508962 629 28 1 3.03136e-314 0 0 0 
-4.61 0 -78238.7 0.02 0.571028 5710.28 15000 0.560393 630 30 1 3.03136e-314 0 0 0 
-4.63 0 -78610.8 0.02 0.521739 5217.39 15000 0.613333 631 31 1 3.03136e-314 0 0 0 
8.01 0 -7.11855e-17 0.02 1 0.0001 0.00015 0.32 632 33 1 3.03136e-314 0 0 0 
8.03 0 -5.06339e-08 0.02 1 0.0001 0.00015 0.32 633 33 1 3.03136e-314 0 0 0 
8.05 0 -3.17263e-07 0.02 1 0.0001 0.00015 0.32 634 33 1 3.03136e-314 0 0 0 
8.07 0 -9.68767e-07 0.02 1 0.0001 0.00015 0.32 635 33 1 3.03136e-314 0 0 0 
8.09 0 -2.20229e-06 0.02 1 0.0001 0.00015 0.32 636 32 1 3.03136e-314 0 0 0 
8.11 0 -4.34936e-06 0.02 1 0.0001 0.00015 0.32 637 32 1 3.03136e-314 0 0 0 
8.13 0 -7.84431e-06 0.02 1 0.0001 0.00015 0.32 638 32 1 3.03136e-314 0 0 0 
8.15 0 -1.34436e-05 0.02 1 0.0001 0.00015 0.32 639 32 1 3.03136e-314 0 0 0 
8.17 0 -2.29056e-05 0.02 1 0.0001 0.00015 0.32 640 32 1 3.03136e-314 0 0 0 
8.19 0 -3.61693e-05 0.02 1 0.0001 0.00015 0.32 641 32 1 3.03136e-314 0 0 0 
8.21 0 -5.19572e-05 0.02 1 0.0001 0.00015 0.32 642 32 1 3.03136e-314 0 0 0 
8.23 0 -6.89475e-05 0.02 1 0.0001 0.00015 0.32 643 32 1 3.03136e-314 0 0 0 
8.25 0 -8.57501e-05 0.02 1 0.0001 0.00015 0.32 644 32 1 3.03136e-314 0 0 0 
8.27 0 -0.000100878 0.02 1 0.0001 0.00015 0.32 645 32 1 3.03136e-314 0 0 0 
8.29 0 -0.000112715 0.02 1 0.0001 0.00015 0.32 646 31 1 3.03136e-314 0 0 0 
8.31 0 -0.000119459 0.02 1 0.0001 0.00015 0.32 647 31 1 3.03136e-314 0 0 0 
8.33 0 -0.000118983 0.02 1 0.0001 0.00015 0.32 648 31 1 3.03136e-314 0 0 0 
8.35 0 -0.000105681 0.02 0.999959 9.99959e-05 0.00015 0.320013 649 31 1 3.03136e-314 0 0 0 
8.37 0 -7.25203e-05 0.02 0.999631 9.99631e-05 0.00015 0.320118 650 30 1 3.03136e-314 0 0 0 
8.39 0 -2.13263e-05 0.02 0.998503 9.98503e-05 0.00015 0.32048 651 29 1 3.03136e-314 0 0 0 
8.41 0 4.51216e-05 0.02 0.995748 9.95748e-05 0.00015 0.321366 652 28 1 3.03136e-314 0 0 0 
8.43 0 0.000124006 0.02 0.990126 9.90126e-05 0.00015 0.323191 653 27 1 3.03136e-314 0 0 0 
8.45 0 0.000212573 0.02 0.979822 9.79822e-05 0.00015 0.32659 654 26 1 3.03136e-314 0 0 0 
8.47 0 0.000308325 0.02 0.962228 9.62228e-05 0.00015 0.332561 655 25 1 3.03136e-314 0 0 0 
8.49 0 0.00040888 0.02 0.933731 9.33731e-05 0.00015 0.342711 656 25 1 3.03136e-314 0 0 0 
8.51 0 0.000508598 0.02 0.890771 8.90771e-05 0.00015 0.359239 657 24 1 3.03136e-314 0 0 0 
8.53 0 0.000599735 0.02 0.832895 8.32895e-05 0.00015 0.384202 658 25 1 3.03136e-314 0 0 0 
8.55 0 0.000675109 0.02 0.764751 7.64751e-05 0.00015 0.418437 659 25 1 3.03136e-314 0 0 0 
8.57 0 0.000730258 0.02 0.6944 6.944e-05 0.00015 0.460829 660 27 1 3.03136e-314 0 0 0 
8.59 0 0.000765089 0.02 0.62873 6.2873e-05 0.00015 0.508962 661 28 1 3.03136e-314 0 0 0 
8.61 0 0.0007825 0.02 0.571028 5.71028e-05 0.00015 0.560393 662 30 1 3.03136e-314 0 0 0 
8.63 0 0.000786275 0.02 0.521739 5.21739e-05 0.00015 0.613333 663 31 1 3.03136e-314 0 0 0 
