# Time [s]: 0.0317258
# Columns: pos [m], vel [m/s], acc [m/s^2], mass [kg], dens [kg/m^3], pres [Pa], ene [J/kg], sml [m], id, neighbor, alpha, gradh, ...additional?
# Additional arrays: grad_velocity_0(vector) grad_pressure(vector) grad_density(vector) 
-3.95969 6.49954 606.992 0.02 0.876927 8445.88 14447 0.364911 0 33 1 2.48207e-314 0 0 0 
-3.94287 5.62193 515.344 0.02 0.874675 8397.25 14400.8 0.36585 1 33 1 2.48207e-314 0 0 0 
-3.92455 5.0786 435.401 0.02 0.873065 8345.94 14339.2 0.366525 2 34 1 2.48207e-314 0 0 0 
-3.90497 4.83451 380.341 0.02 0.872085 8294.15 14266.2 0.366937 3 34 1 2.48207e-314 0 0 0 
-3.88431 4.85365 354.085 0.02 0.87169 8243.8 14186 0.367103 4 33 1 2.48207e-314 0 0 0 
-3.86266 5.1214 362.032 0.02 0.871795 8196.31 14102.6 0.367059 5 32 1 2.48207e-314 0 0 0 
-3.83998 5.65874 415.61 0.02 0.872244 8152.32 14019.6 0.36687 6 32 1 2.48207e-314 0 0 0 
-3.81613 6.53962 541.274 0.02 0.872737 8111.18 13940.9 0.366663 7 32 1 2.48207e-314 0 0 0 
-3.79104 7.74998 721.621 0.02 0.872752 8070.83 13871.3 0.366656 8 32 1 2.48207e-314 0 0 0 
-3.76712 8.58388 829.45 0.02 0.8722 8034.18 13817.1 0.366888 9 32 1 2.48207e-314 0 0 0 
-3.74403 9.11357 856.025 0.02 0.871531 8002.42 13773 0.36717 10 32 1 2.48207e-314 0 0 0 
-3.72128 9.53588 862.598 0.02 0.870925 7975.1 13735.5 0.367426 11 31 1 2.48207e-314 0 0 0 
-3.69861 9.94298 873.508 0.02 0.870394 7951.17 13702.6 0.367649 12 31 1 2.48207e-314 0 0 0 
-3.6759 10.3708 895.684 0.02 0.869891 7929.52 13673.2 0.367862 13 31 1 2.48207e-314 0 0 0 
-3.65314 10.8202 927.027 0.02 0.869355 7909.16 13646.5 0.368089 14 31 1 2.48207e-314 0 0 0 
-3.63039 11.2661 959.232 0.02 0.868744 7889.41 13622 0.368348 15 31 1 2.48207e-314 0 0 0 
-3.60771 11.6975 995.189 0.02 0.86807 7869.97 13599 0.368634 16 32 1 2.48207e-314 0 0 0 
-3.58471 12.1998 1037.36 0.02 0.867305 7850.01 13576.4 0.368959 17 32 1 2.48207e-314 0 0 0 
-3.56152 12.7468 1088.1 0.02 0.866368 7829.12 13554.9 0.369358 18 32 1 2.48207e-314 0 0 0 
-3.53827 13.2923 1135.36 0.02 0.865241 7807.26 13534.7 0.369839 19 32 1 2.48207e-314 0 0 0 
-3.51501 13.8172 1175.55 0.02 0.863945 7784.61 13515.7 0.370394 20 32 1 2.48207e-314 0 0 0 
-3.49178 14.3161 1208.52 0.02 0.862516 7761.35 13497.6 0.371008 21 32 1 2.48207e-314 0 0 0 
-3.46858 14.7899 1235.59 0.02 0.860993 7737.62 13480.2 0.371664 22 32 1 2.48207e-314 0 0 0 
-3.4454 15.2431 1258.39 0.02 0.859407 7713.52 13463 0.37235 23 32 1 2.48207e-314 0 0 0 
-3.4222 15.6859 1279.65 0.02 0.857779 7689.04 13445.7 0.373056 24 32 1 2.48207e-314 0 0 0 
-3.39895 16.1361 1303.77 0.02 0.856113 7664.04 13428.1 0.373783 25 32 1 2.48207e-314 0 0 0 
-3.37561 16.5986 1331.46 0.02 0.854396 7638.35 13410 0.374534 26 32 1 2.48207e-314 0 0 0 
-3.3522 17.0705 1361.21 0.02 0.852618 7611.87 13391.4 0.375315 27 32 1 2.48207e-314 0 0 0 
-3.32872 17.5467 1391.13 0.02 0.850772 7584.57 13372.3 0.376129 28 32 1 2.48207e-314 0 0 0 
-3.30518 18.0227 1419.78 0.02 0.848859 7556.5 13352.8 0.376977 29 32 1 2.48207e-314 0 0 0 
-3.28158 18.496 1446.48 0.02 0.846885 7527.71 13333 0.377855 30 32 1 2.48207e-314 0 0 0 
-3.25794 18.9653 1471.16 0.02 0.844857 7498.29 13312.7 0.378762 31 32 1 2.48207e-314 0 0 0 
-3.23424 19.4308 1494.11 0.02 0.842783 7468.29 13292.1 0.379694 32 32 1 2.48207e-314 0 0 0 
-3.21049 19.8927 1515.67 0.02 0.840668 7437.78 13271.1 0.38065 33 32 1 2.48207e-314 0 0 0 
-3.18668 20.3523 1536.33 0.02 0.838518 7406.78 13249.7 0.381626 34 32 1 2.48207e-314 0 0 0 
-3.16281 20.8109 1556.46 0.02 0.836335 7375.33 13227.9 0.382622 35 32 1 2.48207e-314 0 0 0 
-3.13888 21.2694 1576.26 0.02 0.83412 7343.42 13205.6 0.383638 36 32 1 2.48207e-314 0 0 0 
-3.11489 21.7284 1595.73 0.02 0.831874 7311.07 13183 0.384673 37 32 1 2.48207e-314 0 0 0 
-3.09082 22.1877 1614.74 0.02 0.829597 7278.29 13159.9 0.385729 38 32 1 2.48207e-314 0 0 0 
-3.06668 22.6471 1633.12 0.02 0.827289 7245.1 13136.4 0.386806 39 32 1 2.48207e-314 0 0 0 
-3.04248 23.1062 1650.67 0.02 0.82495 7211.51 13112.6 0.387903 40 32 1 2.48207e-314 0 0 0 
-3.0182 23.5645 1667.23 0.02 0.822581 7177.56 13088.5 0.389019 41 32 1 2.48207e-314 0 0 0 
-2.99386 24.0216 1682.72 0.02 0.820185 7143.27 13064 0.390156 42 32 1 2.48207e-314 0 0 0 
-2.96944 24.4775 1697.14 0.02 0.817763 7108.67 13039.2 0.391312 43 32 1 2.48207e-314 0 0 0 
-2.94495 24.9322 1710.58 0.02 0.815316 7073.78 13014.2 0.392486 44 32 1 2.48207e-314 0 0 0 
-2.92039 25.386 1723.11 0.02 0.812848 7038.64 12988.9 0.393678 45 32 1 2.48207e-314 0 0 0 
-2.89575 25.8391 1734.78 0.02 0.810358 7003.25 12963.3 0.394887 46 32 1 2.48207e-314 0 0 0 
-2.87104 26.2915 1745.62 0.02 0.807847 6967.63 12937.4 0.396115 47 32 1 2.48207e-314 0 0 0 
-2.84625 26.7433 1755.63 0.02 0.805317 6931.81 12911.4 0.397359 48 32 1 2.48207e-314 0 0 0 
-2.82138 27.1945 1764.78 0.02 0.802769 6895.79 12885 0.39862 49 32 1 2.48207e-314 0 0 0 
-2.79643 27.6451 1773.05 0.02 0.800203 6859.6 12858.5 0.399899 50 32 1 2.48207e-314 0 0 0 
-2.7714 28.095 1780.4 0.02 0.79762 6823.25 12831.8 0.401193 51 32 1 2.48207e-314 0 0 0 
-2.74628 28.5441 1786.81 0.02 0.795023 6786.76 12804.9 0.402504 52 32 1 2.48207e-314 0 0 0 
-2.72109 28.9925 1792.29 0.02 0.79241 6750.16 12777.8 0.403831 53 32 1 2.48207e-314 0 0 0 
-2.69581 29.44 1796.82 0.02 0.789785 6713.45 12750.6 0.405174 54 32 1 2.48207e-314 0 0 0 
-2.67044 29.8867 1800.41 0.02 0.787148 6676.66 12723.2 0.406531 55 32 1 2.48207e-314 0 0 0 
-2.64499 30.3325 1803.08 0.02 0.784499 6639.81 12695.7 0.407903 56 32 1 2.48207e-314 0 0 0 
-2.61945 30.7775 1804.84 0.02 0.781842 6602.91 12668.1 0.40929 57 32 1 2.48207e-314 0 0 0 
-2.59383 31.2217 1805.7 0.02 0.779175 6565.98 12640.4 0.410691 58 32 1 2.48207e-314 0 0 0 
-2.56812 31.6649 1805.66 0.02 0.776502 6529.04 12612.5 0.412105 59 32 1 2.48207e-314 0 0 0 
-2.54231 32.1073 1804.72 0.02 0.773822 6492.1 12584.6 0.413532 60 32 1 2.48207e-314 0 0 0 
-2.51642 32.5487 1802.9 0.02 0.771137 6455.19 12556.6 0.414972 61 32 1 2.48207e-314 0 0 0 
-2.49044 32.9891 1800.19 0.02 0.768448 6418.31 12528.6 0.416424 62 32 1 2.48207e-314 0 0 0 
-2.46436 33.4285 1796.59 0.02 0.765756 6381.48 12500.5 0.417887 63 32 1 2.48207e-314 0 0 0 
-2.4382 33.8667 1792.12 0.02 0.763063 6344.73 12472.4 0.419363 64 32 1 2.48207e-314 0 0 0 
-2.41194 34.3038 1786.78 0.02 0.760369 6308.06 12444.2 0.420849 65 32 1 2.48207e-314 0 0 0 
-2.38558 34.7397 1780.58 0.02 0.757675 6271.49 12416.1 0.422345 66 32 1 2.48207e-314 0 0 0 
-2.35913 35.1743 1773.54 0.02 0.754983 6235.05 12387.9 0.423851 67 32 1 2.48207e-314 0 0 0 
-2.33259 35.6075 1765.65 0.02 0.752294 6198.74 12359.8 0.425366 68 32 1 2.48207e-314 0 0 0 
-2.30595 36.0392 1756.93 0.02 0.749609 6162.57 12331.7 0.426889 69 32 1 2.48207e-314 0 0 0 
-2.27922 36.4694 1747.4 0.02 0.746929 6126.58 12303.7 0.428421 70 32 1 2.48207e-314 0 0 0 
-2.25239 36.898 1737.05 0.02 0.744255 6090.76 12275.7 0.42996 71 32 1 2.48207e-314 0 0 0 
-2.22546 37.3249 1725.92 0.02 0.741588 6055.14 12247.8 0.431506 72 32 1 2.48207e-314 0 0 0 
-2.19844 37.75 1714 0.02 0.73893 6019.73 12220 0.433059 73 32 1 2.48207e-314 0 0 0 
-2.17131 38.1731 1701.31 0.02 0.736281 5984.54 12192.3 0.434617 74 32 1 2.48207e-314 0 0 0 
-2.14409 38.5943 1687.87 0.02 0.733643 5949.6 12164.7 0.436179 75 32 1 2.48207e-314 0 0 0 
-2.11677 39.0132 1673.68 0.02 0.731017 5914.9 12137.2 0.437746 76 32 1 2.48207e-314 0 0 0 
-2.08936 39.4299 1658.76 0.02 0.728404 5880.48 12109.8 0.439317 77 32 1 2.48207e-314 0 0 0 
-2.06184 39.8442 1643.13 0.02 0.725804 5846.33 12082.6 0.44089 78 32 1 2.48207e-314 0 0 0 
-2.03423 40.256 1626.8 0.02 0.72322 5812.48 12055.6 0.442466 79 32 1 2.48207e-314 0 0 0 
-2.00651 40.6652 1609.8 0.02 0.720652 5778.93 12028.8 0.444042 80 32 1 2.48207e-314 0 0 0 
-1.9787 41.0715 1592.12 0.02 0.718101 5745.71 12002.1 0.44562 81 32 1 2.48207e-314 0 0 0 
-1.95079 41.4749 1573.81 0.02 0.715568 5712.82 11975.6 0.447197 82 32 1 2.48207e-314 0 0 0 
-1.92278 41.8753 1554.86 0.02 0.713054 5680.27 11949.4 0.448774 83 32 1 2.48207e-314 0 0 0 
-1.89467 42.2724 1535.32 0.02 0.710561 5648.08 11923.3 0.450348 84 32 1 2.48207e-314 0 0 0 
-1.86646 42.6662 1515.19 0.02 0.70809 5616.26 11897.5 0.45192 85 32 1 2.48207e-314 0 0 0 
-1.83815 43.0564 1494.49 0.02 0.70564 5584.81 11872 0.453489 86 32 1 2.48207e-314 0 0 0 
-1.80974 43.4431 1473.26 0.02 0.703214 5553.76 11846.7 0.455053 87 32 1 2.48207e-314 0 0 0 
-1.78124 43.8259 1451.52 0.02 0.700812 5523.11 11821.7 0.456613 88 32 1 2.48207e-314 0 0 0 
-1.75264 44.2047 1429.28 0.02 0.698436 5492.87 11797 0.458167 89 32 1 2.48207e-314 0 0 0 
-1.72394 44.5794 1406.59 0.02 0.696086 5463.06 11772.6 0.459713 90 32 1 2.48207e-314 0 0 0 
-1.69514 44.9499 1383.46 0.02 0.693763 5433.67 11748.5 0.461253 91 32 1 2.48207e-314 0 0 0 
-1.66625 45.316 1359.93 0.02 0.691468 5404.72 11724.7 0.462784 92 32 1 2.48207e-314 0 0 0 
-1.63726 45.6775 1336.03 0.02 0.689202 5376.23 11701.2 0.464305 93 32 1 2.48207e-314 0 0 0 
-1.60818 46.0344 1311.78 0.02 0.686965 5348.19 11678.1 0.465817 94 32 1 2.48207e-314 0 0 0 
-1.579 46.3864 1287.23 0.02 0.684759 5320.61 11655.3 0.467318 95 32 1 2.48207e-314 0 0 0 
-1.54973 46.7335 1262.4 0.02 0.682584 5293.5 11632.8 0.468807 96 32 1 2.48207e-314 0 0 0 
-1.52036 47.0755 1237.32 0.02 0.680442 5266.87 11610.8 0.470283 97 32 1 2.48207e-314 0 0 0 
-1.49091 47.4123 1212.04 0.02 0.678331 5240.73 11589.1 0.471746 98 32 1 2.48207e-314 0 0 0 
-1.46136 47.7438 1186.59 0.02 0.676255 5215.07 11567.7 0.473195 99 32 1 2.48207e-314 0 0 0 
-1.43172 48.0699 1161 0.02 0.674212 5189.9 11546.8 0.474628 100 32 1 2.48207e-314 0 0 0 
-1.40199 48.3904 1135.31 0.02 0.672203 5165.24 11526.3 0.476047 101 32 1 2.48207e-314 0 0 0 
-1.37218 48.7053 1109.56 0.02 0.670229 5141.07 11506.1 0.477448 102 32 1 2.48207e-314 0 0 0 
-1.34227 49.0144 1083.78 0.02 0.668291 5117.4 11486.4 0.478833 103 32 1 2.48207e-314 0 0 0 
-1.31228 49.3178 1058.01 0.02 0.666389 5094.25 11467 0.4802 104 32 1 2.48207e-314 0 0 0 
-1.28221 49.6154 1032.29 0.02 0.664523 5071.59 11448.1 0.481549 105 32 1 2.48207e-314 0 0 0 
-1.25205 49.907 1006.65 0.02 0.662693 5049.45 11429.6 0.482878 106 32 1 2.48207e-314 0 0 0 
-1.22181 50.1927 981.13 0.02 0.6609 5027.81 11411.5 0.484188 107 32 1 2.48207e-314 0 0 0 
-1.19149 50.4724 955.757 0.02 0.659144 5006.69 11393.8 0.485478 108 32 1 2.48207e-314 0 0 0 
-1.16108 50.746 930.564 0.02 0.657425 4986.06 11376.5 0.486747 109 32 1 2.48207e-314 0 0 0 
-1.1306 51.0135 905.58 0.02 0.655744 4965.95 11359.7 0.487995 110 32 1 2.48207e-314 0 0 0 
-1.10004 51.2749 880.83 0.02 0.6541 4946.33 11343.2 0.489222 111 32 1 2.48207e-314 0 0 0 
-1.06941 51.5303 856.34 0.02 0.652493 4927.21 11327.2 0.490427 112 32 1 2.48207e-314 0 0 0 
-1.0387 51.7795 832.132 0.02 0.650924 4908.59 11311.6 0.491609 113 32 1 2.48207e-314 0 0 0 
-1.00792 52.0227 808.227 0.02 0.649392 4890.47 11296.4 0.492769 114 32 1 2.48207e-314 0 0 0 
-0.977061 52.2599 784.648 0.02 0.647897 4872.83 11281.6 0.493905 115 32 1 2.48207e-314 0 0 0 
-0.946136 52.4911 761.412 0.02 0.64644 4855.67 11267.2 0.495019 116 32 1 2.48207e-314 0 0 0 
-0.915142 52.7163 738.538 0.02 0.64502 4838.98 11253.3 0.496109 117 32 1 2.48207e-314 0 0 0 
-0.884082 52.9355 716.039 0.02 0.643636 4822.77 11239.7 0.497176 118 32 1 2.48207e-314 0 0 0 
-0.852955 53.1489 693.925 0.02 0.642289 4807.02 11226.5 0.498218 119 32 1 2.48207e-314 0 0 0 
-0.821765 53.3564 672.2 0.02 0.640978 4791.73 11213.6 0.499237 120 32 1 2.48207e-314 0 0 0 
-0.790512 53.5581 650.866 0.02 0.639703 4776.88 11201.2 0.500232 121 32 1 2.48207e-314 0 0 0 
-0.759197 53.7539 629.919 0.02 0.638463 4762.47 11189 0.501204 122 32 1 2.48207e-314 0 0 0 
-0.727823 53.9441 609.352 0.02 0.637259 4748.5 11177.3 0.50215 123 32 1 2.48207e-314 0 0 0 
-0.69639 54.1286 589.16 0.02 0.63609 4734.95 11165.9 0.503073 124 32 1 2.48207e-314 0 0 0 
-0.6649 54.3076 569.337 0.02 0.634956 4721.81 11154.8 0.503972 125 32 1 2.48207e-314 0 0 0 
-0.633355 54.4812 549.879 0.02 0.633856 4709.08 11144 0.504847 126 32 1 2.48207e-314 0 0 0 
-0.601756 54.6494 530.786 0.02 0.632789 4696.74 11133.5 0.505698 127 32 1 2.48207e-314 0 0 0 
-0.570104 54.8124 512.058 0.02 0.631755 4684.78 11123.4 0.506525 128 32 1 2.48207e-314 0 0 0 
-0.538402 54.9701 493.695 0.02 0.630754 4673.2 11113.5 0.507329 129 32 1 2.48207e-314 0 0 0 
-0.506652 55.1227 475.697 0.02 0.629784 4661.98 11103.9 0.508111 130 32 1 2.48207e-314 0 0 0 
-0.474855 55.2701 458.057 0.02 0.628845 4651.1 11094.5 0.508869 131 32 1 2.48207e-314 0 0 0 
-0.443012 55.4123 440.765 0.02 0.627936 4640.57 11085.4 0.509606 132 32 1 2.48207e-314 0 0 0 
-0.411124 55.5494 423.804 0.02 0.627056 4630.36 11076.5 0.510322 133 32 1 2.48207e-314 0 0 0 
-0.379192 55.6815 407.158 0.02 0.626204 4620.46 11067.9 0.511016 134 32 1 2.48207e-314 0 0 0 
-0.347218 55.8086 390.811 0.02 0.625378 4610.87 11059.5 0.51169 135 32 1 2.48207e-314 0 0 0 
-0.315201 55.9311 374.752 0.02 0.624579 4601.56 11051.3 0.512345 136 32 1 2.48207e-314 0 0 0 
-0.283144 56.0489 358.975 0.02 0.623803 4592.54 11043.3 0.512982 137 32 1 2.48207e-314 0 0 0 
-0.251047 56.1624 343.488 0.02 0.623049 4583.78 11035.6 0.513603 138 32 1 2.48207e-314 0 0 0 
-0.218914 56.2716 328.301 0.02 0.622315 4575.28 11028.1 0.514209 139 32 1 2.48207e-314 0 0 0 
-0.186745 56.3765 313.434 0.02 0.621599 4567.03 11020.9 0.514801 140 32 1 2.48207e-314 0 0 0 
-0.154543 56.4772 298.907 0.02 0.620898 4559.02 11014 0.515383 141 32 1 2.48207e-314 0 0 0 
-0.122309 56.5735 284.738 0.02 0.620209 4551.24 11007.4 0.515955 142 32 1 2.48207e-314 0 0 0 
-0.0900437 56.6656 270.936 0.02 0.619529 4543.68 11001.2 0.516522 143 32 1 2.48207e-314 0 0 0 
-0.057745 56.7535 257.504 0.02 0.618855 4536.35 10995.4 0.517084 144 32 1 2.48207e-314 0 0 0 
-0.0254115 56.8375 244.431 0.02 0.618185 4529.23 10990.1 0.517644 145 32 1 2.48207e-314 0 0 0 
0.00695833 56.9176 231.702 0.02 0.617514 4522.33 10985.2 0.518207 146 32 1 2.48207e-314 0 0 0 
0.0393653 56.9944 219.301 0.02 0.616839 4515.67 10981.1 0.518774 147 32 1 2.48207e-314 0 0 0 
0.071809 57.068 207.221 0.02 0.616155 4509.25 10977.6 0.51935 148 32 1 2.48207e-314 0 0 0 
0.104288 57.1388 195.47 0.02 0.615458 4503.09 10975 0.519938 149 32 1 2.48207e-314 0 0 0 
0.136799 57.2069 184.066 0.02 0.614745 4497.22 10973.4 0.520541 150 32 1 2.48207e-314 0 0 0 
0.16934 57.2725 173.034 0.02 0.61401 4491.65 10973 0.521164 151 32 1 2.48207e-314 0 0 0 
0.201912 57.3354 162.402 0.02 0.61325 4486.42 10973.8 0.52181 152 32 1 2.48207e-314 0 0 0 
0.234516 57.3957 152.202 0.02 0.612462 4481.58 10976 0.522481 153 32 1 2.48207e-314 0 0 0 
0.267158 57.4536 142.456 0.02 0.611644 4477.15 10979.9 0.52318 154 32 1 2.48207e-314 0 0 0 
0.299846 57.5092 133.17 0.02 0.610791 4473.19 10985.5 0.52391 155 32 1 2.48207e-314 0 0 0 
0.332587 57.5629 124.332 0.02 0.609904 4469.76 10993 0.524673 156 32 1 2.48207e-314 0 0 0 
0.36539 57.6152 115.901 0.02 0.608981 4466.93 11002.7 0.525468 157 32 1 2.48207e-314 0 0 0 
0.398256 57.6662 107.796 0.02 0.608023 4464.75 11014.6 0.526296 158 32 1 2.48207e-314 0 0 0 
0.431179 57.7157 99.9185 0.02 0.607031 4463.31 11029.1 0.527156 159 32 1 2.48207e-314 0 0 0 
0.46415 57.7633 92.24 0.02 0.606011 4462.7 11046.1 0.528043 160 32 1 2.48207e-314 0 0 0 
0.497161 57.809 84.8236 0.02 0.604969 4462.99 11065.9 0.528952 161 32 1 2.48207e-314 0 0 0 
0.530212 57.8534 77.6861 0.02 0.603915 4464.27 11088.4 0.529876 162 32 1 2.48207e-314 0 0 0 
0.563312 57.897 70.911 0.02 0.602859 4466.61 11113.6 0.530804 163 32 1 2.48207e-314 0 0 0 
0.59648 57.9405 64.5306 0.02 0.601813 4470.08 11141.6 0.531727 164 32 1 2.48207e-314 0 0 0 
0.629737 57.9838 58.4892 0.02 0.600792 4474.76 11172.2 0.53263 165 32 1 2.48207e-314 0 0 0 
0.663096 58.0257 52.6978 0.02 0.599815 4480.69 11205.2 0.533498 166 32 1 2.48207e-314 0 0 0 
0.696549 58.0647 47.1582 0.02 0.598908 4487.94 11240.3 0.534306 167 33 1 2.48207e-314 0 0 0 
0.730074 58.1001 41.83 0.02 0.598099 4496.54 11277.1 0.535028 168 33 1 2.48207e-314 0 0 0 
0.763644 58.1312 36.6697 0.02 0.597422 4506.49 11314.9 0.535635 169 33 1 2.48207e-314 0 0 0 
0.797238 58.1581 31.7652 0.02 0.596909 4517.77 11352.9 0.536096 170 33 1 2.48207e-314 0 0 0 
0.830844 58.1826 26.9944 0.02 0.596597 4530.31 11390.4 0.536375 171 33 1 2.48207e-314 0 0 0 
0.864458 58.2031 21.8203 0.02 0.596529 4544.04 11426.2 0.536436 172 33 1 2.48207e-314 0 0 0 
0.898063 58.216 16.415 0.02 0.596757 4558.84 11459 0.536232 173 33 1 2.48207e-314 0 0 0 
0.931659 58.2235 11.6275 0.02 0.597339 4574.56 11487.3 0.535709 174 33 1 2.48207e-314 0 0 0 
0.965323 58.2328 7.75684 0.02 0.598336 4591 11509.4 0.534817 175 33 1 2.48207e-314 0 0 0 
0.999102 58.2438 4.46309 0.02 0.599812 4607.9 11523.4 0.5335 176 33 1 2.48207e-314 0 0 0 
1.03293 58.2529 1.50452 0.02 0.601833 4624.95 11527.2 0.531709 177 33 1 2.48207e-314 0 0 0 
1.06672 58.2553 -1.66732 0.02 0.604469 4641.78 11518.7 0.52939 178 33 1 2.48207e-314 0 0 0 
1.10031 58.2349 -5.15643 0.02 0.607789 4657.91 11495.5 0.526498 179 33 1 2.48207e-314 0 0 0 
1.13345 58.1848 -8.48381 0.02 0.61186 4672.75 11455.4 0.522995 180 34 1 2.48207e-314 0 0 0 
1.166 58.1111 -10.5482 0.02 0.61674 4685.7 11396.3 0.518857 181 34 1 2.48207e-314 0 0 0 
1.19812 58.0523 -10.8204 0.02 0.62253 4696.45 11316.2 0.514031 182 34 1 2.48207e-314 0 0 0 
1.23053 58.0242 -11.3488 0.02 0.62945 4704.93 11212 0.508381 183 35 1 2.48207e-314 0 0 0 
1.26324 58.0047 -12.0202 0.02 0.637674 4710.46 11080.4 0.501824 184 35 1 2.48207e-314 0 0 0 
1.29595 57.9791 -13.074 0.02 0.647319 4712.18 10919.3 0.494347 185 35 1 2.48207e-314 0 0 0 
1.32825 57.9329 -14.4802 0.02 0.658461 4709.3 10728 0.485981 186 35 1 2.48207e-314 0 0 0 
1.35962 57.8412 -15.4643 0.02 0.671066 4700.84 10507.6 0.476853 187 36 1 2.48207e-314 0 0 0 
1.38888 57.6994 -12.4696 0.02 0.684623 4686.29 10267.6 0.467411 188 36 1 2.48207e-314 0 0 0 
1.41742 57.6004 -8.91976 0.02 0.699729 4667.26 10005.2 0.45732 189 37 1 2.48207e-314 0 0 0 
1.44591 57.5227 -6.31779 0.02 0.716902 4643.16 9715.11 0.446365 190 36 1 2.48207e-314 0 0 0 
1.47481 57.4873 -4.51776 0.02 0.736738 4614 9394.16 0.434347 191 37 1 2.48207e-314 0 0 0 
1.503 57.4359 -2.38384 0.02 0.758739 4578.82 9052.21 0.421753 192 38 1 2.48207e-314 0 0 0 
1.53172 57.4284 -0.710741 0.02 0.784403 4537.91 8677.8 0.407953 193 38 1 2.48207e-314 0 0 0 
1.55973 57.3343 -1.55611 0.02 0.813207 4488.29 8278.9 0.393504 194 38 1 2.48207e-314 0 0 0 
1.58418 57.1945 2.7622 0.02 0.841885 4434.8 7901.58 0.380099 195 39 1 2.48207e-314 0 0 0 
1.60737 57.1029 6.32944 0.02 0.872602 4379.81 7528.9 0.366719 196 39 1 2.48207e-314 0 0 0 
1.62998 57.0772 7.81512 0.02 0.906273 4324.54 7157.69 0.353094 197 39 1 2.48207e-314 0 0 0 
1.65134 57.0958 9.14234 0.02 0.941918 4270.8 6801.23 0.339732 198 40 1 2.48207e-314 0 0 0 
1.6699 57.1143 10.772 0.02 0.976335 4221.97 6486.47 0.327756 199 40 1 2.48207e-314 0 0 0 
1.70264 56.9746 15.2726 0.02 1.04677 4122.04 5906.76 0.305701 200 40 1 2.48206e-314 0 0 0 
1.71929 56.9883 15.2506 0.02 1.08828 4071.91 5612.38 0.294042 201 40 1 2.48206e-314 0 0 0 
1.73656 57.0179 14.2342 0.02 1.13604 4018.39 5305.77 0.281681 202 40 1 2.48206e-314 0 0 0 
1.75355 57.0291 13.6532 0.02 1.18846 3962.97 5001.77 0.269255 203 40 1 2.48206e-314 0 0 0 
1.7698 57.0076 14.017 0.02 1.24451 3906.98 4709.04 0.25713 204 39 1 2.48206e-314 0 0 0 
1.78612 56.9724 14.247 0.02 1.30773 3850.08 4416.1 0.244698 205 39 1 2.48206e-314 0 0 0 
1.80476 57.0326 10.0277 0.02 1.3896 3794.24 4095.66 0.230283 206 39 1 2.48206e-314 0 0 0 
1.82073 57.1087 9.48971 0.02 1.46846 3748.26 3828.72 0.217915 207 39 1 2.48206e-314 0 0 0 
1.83451 57.1468 8.40503 0.02 1.54444 3707.53 3600.83 0.207195 208 38 1 2.48206e-314 0 0 0 
1.84766 57.1989 6.59053 0.02 1.62518 3671.04 3388.25 0.196902 209 38 1 2.48206e-314 0 0 0 
1.8596 57.2364 4.80308 0.02 1.70658 3638.7 3198.2 0.187509 210 37 1 2.48206e-314 0 0 0 
1.87073 57.2429 3.00337 0.02 1.79058 3608.31 3022.71 0.178713 211 37 1 2.48206e-314 0 0 0 
1.8825 57.2989 -1.6011 0.02 1.88898 3582.86 2845.06 0.169404 212 37 1 2.48206e-314 0 0 0 
1.89405 57.3872 -4.36738 0.02 1.99518 3563.43 2679 0.160386 213 36 1 2.48206e-314 0 0 0 
1.90481 57.467 -6.2551 0.02 2.10327 3548.78 2530.89 0.152144 214 36 1 2.48206e-314 0 0 0 
1.91475 57.5363 -7.41122 0.02 2.21176 3538.6 2399.84 0.144681 215 34 1 2.48206e-314 0 0 0 
1.92387 57.5893 -8.5889 0.02 2.31951 3532.21 2284.22 0.13796 216 35 1 2.48206e-314 0 0 0 
1.9322 57.6254 -10.3939 0.02 2.42571 3529.23 2182.38 0.13192 217 34 1 2.48206e-314 0 0 0 
1.9402 57.6688 -12.1451 0.02 2.53528 3530.64 2088.9 0.126219 218 34 1 2.48206e-314 0 0 0 
1.94802 57.7239 -14.0302 0.02 2.6491 3536.73 2002.6 0.120796 219 33 1 2.48206e-314 0 0 0 
1.95563 57.785 -15.4296 0.02 2.76574 3547.12 1923.78 0.115701 220 33 1 2.48206e-314 0 0 0 
1.963 57.8458 -16.4058 0.02 2.88332 3561.44 1852.78 0.110983 221 32 1 2.48206e-314 0 0 0 
1.97009 57.901 -16.5585 0.02 2.99972 3579.32 1789.83 0.106677 222 32 1 2.48206e-314 0 0 0 
1.9768 57.944 -16.7812 0.02 3.11233 3600.19 1735.13 0.102817 223 31 1 2.48206e-314 0 0 0 
1.9831 57.9753 -17.1816 0.02 3.21974 3623.59 1688.15 0.099387 224 31 1 2.48206e-314 0 0 0 
1.98909 58 -17.1618 0.02 3.32257 3649.66 1647.67 0.0963111 225 32 1 2.48206e-314 0 0 0 
1.99487 58.0256 -17.5346 0.02 3.4214 3678.59 1612.76 0.093529 226 31 1 2.48206e-314 0 0 0 
2.00047 58.0524 -17.339 0.02 3.51594 3710.15 1582.86 0.091014 227 31 1 2.48206e-314 0 0 0 
2.00597 58.0777 -16.7147 0.02 3.60576 3744.14 1557.57 0.0887469 228 31 1 2.48206e-314 0 0 0 
2.0114 58.1016 -16.1297 0.02 3.69015 3780.39 1536.69 0.0867174 229 30 1 2.48206e-314 0 0 0 
2.01674 58.1225 -15.5964 0.02 3.76802 3818.54 1520.12 0.0849252 230 31 1 2.48206e-314 0 0 0 
2.02199 58.1374 -15.2109 0.02 3.83824 3858.08 1507.76 0.0833716 231 31 1 2.48206e-314 0 0 0 
2.0271 58.1458 -14.8775 0.02 3.90019 3898.57 1499.39 0.0820473 232 30 1 2.48206e-314 0 0 0 
2.03208 58.1492 -14.4076 0.02 3.95382 3939.66 1494.64 0.0809345 233 30 1 2.48206e-314 0 0 0 
2.03695 58.1483 -13.23 0.02 3.99941 3981.02 1493.11 0.0800118 234 30 1 2.48206e-314 0 0 0 
2.04174 58.1438 -11.7178 0.02 4.03757 4022.54 1494.43 0.0792555 235 31 1 2.48206e-314 0 0 0 
2.04651 58.1383 -10.2391 0.02 4.06881 4064.12 1498.28 0.0786471 236 31 1 2.48206e-314 0 0 0 
2.0513 58.132 -8.45691 0.02 4.09337 4105.44 1504.43 0.0781752 237 31 1 2.48206e-314 0 0 0 
2.0561 58.1238 -6.68277 0.02 4.11151 4146.1 1512.63 0.0778304 238 30 1 2.48206e-314 0 0 0 
2.06093 58.1133 -5.05022 0.02 4.12357 4185.68 1522.61 0.0776027 239 30 1 2.48206e-314 0 0 0 
2.06576 58.1006 -3.95486 0.02 4.13006 4223.64 1534 0.0774807 240 31 1 2.48206e-314 0 0 0 
2.07058 58.0853 -2.96801 0.02 4.13167 4259.53 1546.43 0.0774505 241 31 1 2.48206e-314 0 0 0 
2.07537 58.0669 -2.14703 0.02 4.12919 4293.11 1559.56 0.0774969 242 31 1 2.48206e-314 0 0 0 
2.08015 58.0468 -1.62405 0.02 4.12338 4324.28 1573.09 0.0776063 243 31 1 2.48206e-314 0 0 0 
2.08495 58.0265 -1.35977 0.02 4.11487 4352.96 1586.8 0.0777668 244 31 1 2.48206e-314 0 0 0 
2.08978 58.0072 -1.12135 0.02 4.10423 4379.07 1600.46 0.0779684 245 31 1 2.48206e-314 0 0 0 
2.09465 57.9889 -1.31145 0.02 4.09199 4402.56 1613.85 0.0782016 246 32 1 2.48206e-314 0 0 0 
2.09955 57.9716 -1.30922 0.02 4.07864 4423.39 1626.79 0.0784575 247 32 1 2.48206e-314 0 0 0 
2.10447 57.9546 -1.39559 0.02 4.06466 4441.55 1639.09 0.0787274 248 32 1 2.48206e-314 0 0 0 
2.10942 57.9381 -1.23323 0.02 4.05045 4457.09 1650.59 0.0790035 249 32 1 2.48206e-314 0 0 0 
2.11438 57.9213 -0.558885 0.02 4.03639 4470.12 1661.18 0.0792788 250 32 1 2.48206e-314 0 0 0 
2.11936 57.9046 0.481088 0.02 4.02275 4480.77 1670.78 0.0795476 251 32 1 2.48206e-314 0 0 0 
2.12435 57.8886 1.9048 0.02 4.00976 4489.2 1679.35 0.0798053 252 32 1 2.48206e-314 0 0 0 
2.12935 57.8737 3.62265 0.02 3.99759 4495.59 1686.86 0.0800481 253 32 1 2.48206e-314 0 0 0 
2.13437 57.8597 5.51929 0.02 3.98638 4500.14 1693.31 0.0802732 254 32 1 2.48206e-314 0 0 0 
2.13941 57.8465 7.17154 0.02 3.97621 4503.04 1698.74 0.0804786 255 32 1 2.48206e-314 0 0 0 
2.14446 57.8341 8.24059 0.02 3.96714 4504.49 1703.17 0.0806626 256 32 1 2.48206e-314 0 0 0 
2.14953 57.8227 8.42646 0.02 3.9592 4504.67 1706.66 0.0808244 257 32 1 2.48206e-314 0 0 0 
2.1546 57.8124 7.52066 0.02 3.9524 4503.8 1709.26 0.0809635 258 32 1 2.48206e-314 0 0 0 
2.15969 57.8035 5.50214 0.02 3.94671 4502.05 1711.06 0.0810802 259 32 1 2.48206e-314 0 0 0 
2.16478 57.7963 2.56651 0.02 3.94209 4499.61 1712.14 0.0811752 260 32 1 2.48206e-314 0 0 0 
2.16987 57.7906 -0.882765 0.02 3.93848 4496.62 1712.57 0.0812496 261 32 1 2.48206e-314 0 0 0 
2.17496 57.7866 -4.26764 0.02 3.9358 4493.21 1712.44 0.081305 262 32 1 2.48206e-314 0 0 0 
2.18005 57.7841 -6.88756 0.02 3.93394 4489.48 1711.82 0.0813433 263 33 1 2.48206e-314 0 0 0 
2.18514 57.783 -8.01458 0.02 3.93282 4485.51 1710.8 0.0813667 264 33 1 2.48206e-314 0 0 0 
2.19024 57.7827 -7.01502 0.02 3.93231 4481.35 1709.42 0.0813771 265 33 1 2.48206e-314 0 0 0 
2.19533 57.7826 -3.48879 0.02 3.93232 4477.03 1707.77 0.0813769 266 33 1 2.48206e-314 0 0 0 
2.20042 57.7818 2.59699 0.02 3.93275 4472.59 1705.89 0.081368 267 33 1 2.48206e-314 0 0 0 
2.20551 57.7795 10.8089 0.02 3.93351 4468.05 1703.82 0.0813523 268 33 1 2.48206e-314 0 0 0 
2.2106 57.7753 20.264 0.02 3.93452 4463.44 1701.63 0.0813313 269 33 1 2.48206e-314 0 0 0 
2.21568 57.7687 29.7022 0.02 3.93574 4458.81 1699.34 0.0813063 270 33 1 2.48206e-314 0 0 0 
2.22076 57.7602 37.6417 0.02 3.93709 4454.2 1697 0.0812782 271 32 1 2.48206e-314 0 0 0 
2.22584 57.7501 42.6049 0.02 3.93856 4449.69 1694.66 0.081248 272 32 1 2.48206e-314 0 0 0 
2.23091 57.7395 43.398 0.02 3.94009 4445.34 1692.36 0.0812165 273 32 1 2.48206e-314 0 0 0 
2.23599 57.7295 39.4049 0.02 3.94164 4441.21 1690.12 0.0811845 274 32 1 2.48206e-314 0 0 0 
2.24106 57.7213 30.8411 0.02 3.94315 4437.33 1688 0.0811534 275 31 1 2.48206e-314 0 0 0 
2.24614 57.7158 18.9125 0.02 3.94455 4433.7 1686.03 0.0811246 276 31 1 2.48206e-314 0 0 0 
2.25121 57.7135 5.79029 0.02 3.94574 4430.27 1684.21 0.0811001 277 31 1 2.48206e-314 0 0 0 
2.25628 57.7144 -5.56912 0.02 3.9466 4426.93 1682.57 0.0810824 278 31 1 2.48206e-314 0 0 0 
2.26134 57.7174 -11.8026 0.02 3.947 4423.52 1681.09 0.0810742 279 31 1 2.48206e-314 0 0 0 
2.2664 57.7209 -9.66751 0.02 3.9468 4419.81 1679.75 0.0810783 280 31 1 2.48206e-314 0 0 0 
2.27145 57.7223 3.34057 0.02 3.94586 4415.56 1678.52 0.0810976 281 31 1 2.48206e-314 0 0 0 
2.27651 57.7186 28.3643 0.02 3.94407 4410.51 1677.35 0.0811344 282 31 1 2.48206e-314 0 0 0 
2.28156 57.707 64.7444 0.02 3.94135 4404.44 1676.18 0.0811905 283 32 1 2.48206e-314 0 0 0 
2.28661 57.6847 109.831 0.02 3.93765 4397.17 1674.98 0.0812668 284 32 1 2.48206e-314 0 0 0 
2.29167 57.65 159.13 0.02 3.93297 4388.63 1673.71 0.0813634 285 32 1 2.48206e-314 0 0 0 
2.29674 57.6028 206.291 0.02 3.92738 4378.81 1672.35 0.0814792 286 32 1 2.48206e-314 0 0 0 
2.30182 57.5445 244.118 0.02 3.92094 4367.81 1670.91 0.0816131 287 32 1 2.48206e-314 0 0 0 
2.30691 57.4783 266.309 0.02 3.91373 4355.8 1669.41 0.0817635 288 32 1 2.48206e-314 0 0 0 
2.31203 57.409 268.422 0.02 3.9058 4342.97 1667.9 0.0819295 289 32 1 2.48206e-314 0 0 0 
2.31715 57.3417 249.179 0.02 3.89715 4329.49 1666.44 0.0821112 290 32 1 2.48206e-314 0 0 0 
2.3223 57.2819 211.438 0.02 3.8877 4315.44 1665.08 0.0823109 291 32 1 2.48206e-314 0 0 0 
2.32745 57.2332 162.583 0.02 3.87725 4300.73 1663.88 0.0825327 292 32 1 2.48206e-314 0 0 0 
2.33262 57.1972 113.564 0.02 3.86549 4285.06 1662.85 0.0827838 293 32 1 2.48206e-314 0 0 0 
2.3378 57.172 78.9318 0.02 3.85201 4267.93 1661.95 0.0830734 294 32 1 2.48206e-314 0 0 0 
2.34298 57.1518 74.896 0.02 3.83633 4248.58 1661.13 0.083413 295 31 1 2.48206e-314 0 0 0 
2.34816 57.1266 116.026 0.02 3.81793 4226.1 1660.23 0.083815 296 31 1 2.48206e-314 0 0 0 
2.35335 57.0835 213.393 0.02 3.79633 4199.51 1659.08 0.0842919 297 31 1 2.48206e-314 0 0 0 
2.35856 57.0072 370.019 0.02 3.77113 4167.82 1657.49 0.0848553 298 31 1 2.48206e-314 0 0 0 
2.36379 56.8835 578.182 0.02 3.74205 4130.22 1655.23 0.0855147 299 31 1 2.48206e-314 0 0 0 
2.36906 56.702 814.133 0.02 3.70897 4086.13 1652.1 0.0862774 300 31 1 2.48206e-314 0 0 0 
2.37438 56.4595 1048.57 0.02 3.67195 4035.26 1647.94 0.0871472 301 31 1 2.48206e-314 0 0 0 
2.37978 56.1591 1259.89 0.02 3.63121 3977.66 1642.62 0.0881248 302 32 1 2.48206e-314 0 0 0 
2.38526 55.8092 1430.95 0.02 3.58713 3913.67 1636.07 0.0892078 303 32 1 2.48206e-314 0 0 0 
2.39084 55.4221 1547.59 0.02 3.54015 3843.93 1628.27 0.0903917 304 32 1 2.48206e-314 0 0 0 
2.39652 55.0131 1599.91 0.02 3.49073 3769.23 1619.28 0.0916714 305 31 1 2.48206e-314 0 0 0 
2.4023 54.5993 1586.34 0.02 3.43924 3690.41 1609.2 0.0930438 306 31 1 2.48206e-314 0 0 0 
2.4082 54.1965 1516.65 0.02 3.3859 3608.2 1598.16 0.0945096 307 31 1 2.48206e-314 0 0 0 
2.4142 53.8161 1415.02 0.02 3.3307 3522.97 1586.25 0.096076 308 31 1 2.48206e-314 0 0 0 
2.42029 53.4623 1313.05 0.02 3.27335 3434.63 1573.49 0.0977592 309 31 1 2.48206e-314 0 0 0 
2.42647 53.1299 1251.34 0.02 3.21332 3342.53 1559.75 0.0995855 310 32 1 2.48206e-314 0 0 0 
2.43273 52.803 1271.5 0.02 3.14986 3245.42 1544.71 0.101592 311 31 1 2.48206e-314 0 0 0 
2.43908 52.4542 1420.35 0.02 3.08216 3141.68 1527.89 0.103823 312 31 1 2.48206e-314 0 0 0 
2.44553 52.0459 1730.36 0.02 3.0094 3029.5 1508.62 0.106333 313 31 1 2.48206e-314 0 0 0 
2.4521 51.5334 2223.71 0.02 2.93087 2907.14 1486.11 0.109182 314 31 1 2.48206e-314 0 0 0 
2.45881 50.8672 2915.01 0.02 2.84606 2773.17 1459.5 0.112436 315 31 1 2.48206e-314 0 0 0 
2.46572 49.996 3803.37 0.02 2.75476 2626.76 1427.9 0.116163 316 31 1 2.48206e-314 0 0 0 
2.47289 48.8722 4861.51 0.02 2.65702 2467.75 1390.47 0.120436 317 32 1 2.48206e-314 0 0 0 
2.48038 47.4562 6055.01 0.02 2.5532 2296.74 1346.42 0.125333 318 32 1 2.48206e-314 0 0 0 
2.48828 45.7194 7334.57 0.02 2.44406 2115.19 1295.1 0.13093 319 32 1 2.48206e-314 0 0 0 
2.49668 43.6472 8638.83 0.02 2.33073 1925.38 1236.02 0.137296 320 32 1 2.48206e-314 0 0 0 
2.50565 41.2434 9891.69 0.02 2.2147 1730.35 1168.96 0.144489 321 33 1 2.48206e-314 0 0 0 
2.51529 38.5313 11014.7 0.02 2.09773 1533.77 1094.01 0.152546 322 34 1 2.48206e-314 0 0 0 
2.52568 35.5534 11940.9 0.02 1.98177 1339.62 1011.67 0.161472 323 34 1 2.48206e-314 0 0 0 
2.53686 32.3679 12616.3 0.02 1.86877 1151.84 922.883 0.171236 324 35 1 2.48206e-314 0 0 0 
2.54889 29.045 13001 0.02 1.76054 974.117 829.056 0.181762 325 36 1 2.48206e-314 0 0 0 
2.5618 25.6617 13082.8 0.02 1.65861 809.422 731.999 0.192933 326 38 1 2.48206e-314 0 0 0 
2.57558 22.297 12858.5 0.02 1.56414 659.984 633.857 0.204585 327 38 1 2.48206e-314 0 0 0 
2.59023 19.0285 12343.1 0.02 1.47791 527.242 537.021 0.216522 328 39 1 2.48206e-314 0 0 0 
2.60571 15.9274 11567.8 0.02 1.40032 411.852 443.98 0.22852 329 40 1 2.48206e-314 0 0 0 
2.62197 13.0564 10570.3 0.02 1.33144 313.833 357.153 0.240342 330 40 1 2.48206e-314 0 0 0 
2.63893 10.4666 9400.91 0.02 1.27112 232.673 278.713 0.251747 331 41 1 2.48206e-314 0 0 0 
2.65653 8.19452 8122.55 0.02 1.21899 167.368 210.361 0.262512 332 41 1 2.48206e-314 0 0 0 
2.67468 6.25925 6805.4 0.02 1.17457 116.49 153.124 0.272439 333 41 1 2.48206e-314 0 0 0 
2.69328 4.6616 5520.46 0.02 1.13728 78.2604 107.232 0.281374 334 41 1 2.48206e-314 0 0 0 
2.71225 3.385 4330.7 0.02 1.10645 50.6682 72.1276 0.289214 335 40 1 2.48206e-314 0 0 0 
2.73152 2.39841 3284.77 0.02 1.08138 31.611 46.5835 0.295917 336 39 1 2.48206e-314 0 0 0 
2.751 1.66062 2412.18 0.02 1.06135 19.04 28.9288 0.301502 337 39 1 2.48206e-314 0 0 0 
2.77065 1.12562 1720.58 0.02 1.04562 11.1072 17.3246 0.306038 338 38 1 2.48206e-314 0 0 0 
2.79042 0.748132 1196.53 0.02 1.03347 6.29603 10.0401 0.309637 339 36 1 2.48206e-314 0 0 0 
2.81026 0.488076 813.661 0.02 1.02423 3.47507 5.64697 0.312431 340 35 1 2.48206e-314 0 0 0 
2.83016 0.312744 541.962 0.02 1.0173 1.87051 3.08871 0.314558 341 34 1 2.48206e-314 0 0 0 
2.8501 0.196839 354.298 0.02 1.01219 0.981439 1.64414 0.316147 342 34 1 2.48206e-314 0 0 0 
2.87006 0.121631 227.362 0.02 1.00847 0.50077 0.851163 0.317313 343 33 1 2.48206e-314 0 0 0 
2.89003 0.0737671 142.893 0.02 1.0058 0.248793 0.428291 0.318154 344 33 1 2.48206e-314 0 0 0 
2.91002 0.0439085 88.1473 0.02 1.00392 0.12014 0.209524 0.318751 345 32 1 2.48206e-314 0 0 0 
2.93001 0.0256277 53.3272 0.02 1.00261 0.0562085 0.0994251 0.319167 346 32 1 2.48206e-314 0 0 0 
2.95001 0.0146611 31.5644 0.02 1.00171 0.0254993 0.0457348 0.319453 347 32 1 2.48206e-314 0 0 0 
2.97 0.00822476 18.2759 0.02 1.00111 0.011269 0.0204487 0.319646 348 32 1 2.48206e-314 0 0 0 
2.99 0.0045248 10.3819 0.02 1.00071 0.00486084 0.00892206 0.319774 349 32 1 2.48206e-314 0 0 0 
3.01 0.00243918 5.77696 0.02 1.00044 0.00206373 0.00382217 0.319858 350 32 1 2.48206e-314 0 0 0 
3.03 0.00128816 3.1442 0.02 1.00028 0.000884435 0.00163867 0.319912 351 32 1 2.48206e-314 0 0 0 
3.05 0.00066683 1.67374 0.02 1.00017 0.000404758 0.000735663 0.319946 352 32 1 2.48206e-314 0 0 0 
3.07 0.000338394 0.873925 0.02 1.0001 0.000214872 0.00037389 0.319968 353 32 1 2.48206e-314 0 0 0 
3.09 0.000168168 0.447022 0.02 1.00006 0.000141884 0.000232934 0.319981 354 32 1 2.48206e-314 0 0 0 
3.11 8.17725e-05 0.22369 0.02 1.00004 0.000114744 0.000179697 0.319989 355 32 1 2.48206e-314 0 0 0 
3.13 3.88882e-05 0.109397 0.02 1.00002 0.000105005 0.000160264 0.319994 356 32 1 2.48206e-314 0 0 0 
3.15 1.80858e-05 0.0522613 0.02 1.00001 0.000101638 0.000153422 0.319996 357 32 1 2.48206e-314 0 0 0 
3.17 8.22792e-06 0.0243875 0.02 1.00001 0.000100517 0.0001511 0.319998 358 32 1 2.48206e-314 0 0 0 
3.19 3.6637e-06 0.0111203 0.02 1 0.000100158 0.000150341 0.319999 359 32 1 2.48206e-314 0 0 0 
3.21 1.59806e-06 0.00495829 0.02 1 0.000100047 0.000150103 0.319999 360 32 1 2.48206e-314 0 0 0 
3.23 6.83476e-07 0.0021645 0.02 1 0.000100014 0.00015003 0.32 361 32 1 2.48206e-314 0 0 0 
3.25 2.86781e-07 0.000926491 0.02 1 0.000100004 0.000150009 0.32 362 32 1 2.48206e-314 0 0 0 
3.27 1.18011e-07 0.000389159 0.02 1 0.000100001 0.000150002 0.32 363 32 1 2.48206e-314 0 0 0 
3.29 4.7555e-08 0.00016035 0.02 1 0.0001 0.000150001 0.32 364 32 1 2.48206e-314 0 0 0 
3.31 1.87131e-08 6.47093e-05 0.02 1 0.0001 0.00015 0.32 365 32 1 2.48206e-314 0 0 0 
3.33 7.16182e-09 2.54811e-05 0.02 1 0.0001 0.00015 0.32 366 32 1 2.48206e-314 0 0 0 
3.35 2.65476e-09 9.73534e-06 0.02 1 0.0001 0.00015 0.32 367 32 1 2.48206e-314 0 0 0 
3.37 9.51105e-10 3.58925e-06 0.02 1 0.0001 0.00015 0.32 368 32 1 2.48206e-314 0 0 0 
3.39 3.29859e-10 1.27518e-06 0.02 1 0.0001 0.00015 0.32 369 32 1 2.48206e-314 0 0 0 
3.41 1.1129e-10 4.38172e-07 0.02 1 0.0001 0.00015 0.32 370 32 1 2.48206e-314 0 0 0 
3.43 3.67668e-11 1.46578e-07 0.02 1 0.0001 0.00015 0.32 371 32 1 2.48206e-314 0 0 0 
3.45 1.19777e-11 4.80783e-08 0.02 1 0.0001 0.00015 0.32 372 32 1 2.48206e-314 0 0 0 
3.47 3.87559e-12 1.5578e-08 0.02 1 0.0001 0.00015 0.32 373 32 1 2.48206e-314 0 0 0 
3.49 1.25396e-12 5.0258e-09 0.02 1 0.0001 0.00015 0.32 374 32 1 2.48206e-314 0 0 0 
3.51 4.07535e-13 1.62663e-09 0.02 1 0.0001 0.00015 0.32 375 32 1 2.48206e-314 0 0 0 
3.53 1.3301e-13 5.30595e-10 0.02 1 0.0001 0.00015 0.32 376 32 1 2.48206e-314 0 0 0 
3.55 4.32894e-14 1.7423e-10 0.02 1 0.0001 0.00015 0.32 377 32 1 2.48206e-314 0 0 0 
3.57 1.38388e-14 5.7085e-11 0.02 1 0.0001 0.00015 0.32 378 32 1 2.48206e-314 0 0 0 
3.59 4.23743e-15 1.8339e-11 0.02 1 0.0001 0.00015 0.32 379 32 1 2.48206e-314 0 0 0 
3.61 1.19007e-15 5.6173e-12 0.02 1 0.0001 0.00015 0.32 380 32 1 2.48206e-314 0 0 0 
3.63 2.78014e-16 1.56477e-12 0.02 1 0.0001 0.00015 0.32 381 32 1 2.48206e-314 0 0 0 
3.65 3.50407e-17 3.55424e-13 0.02 1 0.0001 0.00015 0.32 382 32 1 2.48206e-314 0 0 0 
3.67 -1.42436e-17 3.79432e-14 0.02 1 0.0001 0.00015 0.32 383 32 1 2.48206e-314 0 0 0 
3.69 -1.57236e-17 -2.33529e-14 0.02 1 0.0001 0.00015 0.32 384 32 1 2.48206e-314 0 0 0 
3.71 -9.66117e-18 -2.2949e-14 0.02 1 0.0001 0.00015 0.32 385 33 1 2.48206e-314 0 0 0 
3.73 -4.9182e-18 -1.37593e-14 0.02 1 0.0001 0.00015 0.32 386 33 1 2.48206e-314 0 0 0 
3.75 -2.2547e-18 -6.96333e-15 0.02 1 0.0001 0.00015 0.32 387 33 1 2.48206e-314 0 0 0 
3.77 -9.51637e-19 -3.21891e-15 0.02 1 0.0001 0.00015 0.32 388 33 1 2.48206e-314 0 0 0 
3.79 -3.77649e-19 -1.40302e-15 0.02 1 0.0001 0.00015 0.32 389 33 1 2.48206e-314 0 0 0 
3.81 -1.52276e-19 -5.85971e-16 0.02 1 0.0001 0.00015 0.32 390 32 1 2.48206e-314 0 0 0 
3.83 -8.68996e-20 -2.37345e-16 0.02 1 0.0001 0.00015 0.32 391 32 1 2.48206e-314 0 0 0 
3.85 -1.07296e-19 -9.51728e-17 0.02 1 0.0001 0.00015 0.32 392 32 1 2.48206e-314 0 0 0 
3.87 -1.60171e-19 -4.00752e-17 0.02 1 0.0001 0.00015 0.32 393 32 1 2.48206e-314 0 0 0 
3.89 -2.31763e-19 -2.02886e-17 0.02 1 0.0001 0.00015 0.32 394 32 1 2.48206e-314 0 0 0 
3.91 -3.06512e-19 -1.43915e-17 0.02 1 0.0001 0.00015 0.32 395 32 1 2.48206e-314 0 0 0 
3.93 -3.76937e-19 -1.35373e-17 0.02 1 0.0001 0.00015 0.32 396 32 1 2.48206e-314 0 0 0 
3.95 -4.32431e-19 -1.41963e-17 0.02 1 0.0001 0.00015 0.32 397 32 1 2.48206e-314 0 0 0 
3.97 -4.7084e-19 -1.50209e-17 0.02 1 0.0001 0.00015 0.32 398 32 1 2.48206e-314 0 0 0 
3.99 -4.83099e-19 -1.53158e-17 0.02 1 0.0001 0.00015 0.32 399 32 1 2.48206e-314 0 0 0 
4.01 -4.67891e-19 -1.48265e-17 0.02 1 0.0001 0.00015 0.32 400 32 1 2.48206e-314 0 0 0 
4.03 -4.28916e-19 -1.35591e-17 0.02 1 0.0001 0.00015 0.32 401 32 1 2.48206e-314 0 0 0 
4.05 -3.67271e-19 -1.15933e-17 0.02 1 0.0001 0.00015 0.32 402 32 1 2.48206e-314 0 0 0 
4.07 -2.9858e-19 -9.41964e-18 0.02 1 0.0001 0.00015 0.32 403 32 1 2.48206e-314 0 0 0 
4.09 -2.22161e-19 -6.99332e-18 0.02 1 0.0001 0.00015 0.32 404 32 1 2.48206e-314 0 0 0 
4.11 -1.44366e-19 -4.54772e-18 0.02 1 0.0001 0.00015 0.32 405 32 1 2.48206e-314 0 0 0 
4.13 -7.80988e-20 -2.45343e-18 0.02 1 0.0001 0.00015 0.32 406 32 1 2.48206e-314 0 0 0 
4.15 -1.48341e-20 -4.6608e-19 0.02 1 0.0001 0.00015 0.32 407 32 1 2.48206e-314 0 0 0 
4.17 2.90792e-20 9.22842e-19 0.02 1 0.0001 0.00015 0.32 408 32 1 2.48206e-314 0 0 0 
4.19 5.01648e-20 1.58289e-18 0.02 1 0.0001 0.00015 0.32 409 32 1 2.48206e-314 0 0 0 
4.21 6.80497e-20 2.14659e-18 0.02 1 0.0001 0.00015 0.32 410 32 1 2.48206e-314 0 0 0 
4.23 7.09167e-20 2.23532e-18 0.02 1 0.0001 0.00015 0.32 411 31 1 2.48206e-314 0 0 0 
4.25 6.80017e-20 2.14342e-18 0.02 1 0.0001 0.00015 0.32 412 31 1 2.48206e-314 0 0 0 
4.27 5.94561e-20 1.87406e-18 0.02 1 0.0001 0.00015 0.32 413 31 1 2.48206e-314 0 0 0 
4.29 4.69938e-20 1.48125e-18 0.02 1 0.0001 0.00015 0.32 414 31 1 2.48206e-314 0 0 0 
4.31 3.76085e-20 1.18542e-18 0.02 1 0.0001 0.00015 0.32 415 31 1 2.48206e-314 0 0 0 
4.33 2.62951e-20 8.28822e-19 0.02 1 0.0001 0.00015 0.32 416 31 1 2.48206e-314 0 0 0 
4.35 1.95097e-20 6.14946e-19 0.02 1 0.0001 0.00015 0.32 417 31 1 2.48206e-314 0 0 0 
4.37 1.36111e-20 4.29022e-19 0.02 1 0.0001 0.00015 0.32 418 31 1 2.48206e-314 0 0 0 
4.39 8.35745e-21 2.63427e-19 0.02 1 0.0001 0.00015 0.32 419 31 1 2.48206e-314 0 0 0 
4.41 5.22676e-21 1.64748e-19 0.02 1 0.0001 0.00015 0.32 420 31 1 2.48206e-314 0 0 0 
4.43 3.13068e-21 9.86793e-20 0.02 1 0.0001 0.00015 0.32 421 31 1 2.48206e-314 0 0 0 
4.45 1.4377e-21 4.53163e-20 0.02 1 0.0001 0.00015 0.32 422 31 1 2.48206e-314 0 0 0 
4.47 4.97147e-22 1.56701e-20 0.02 1 0.0001 0.00015 0.32 423 31 1 2.48206e-314 0 0 0 
4.49 1.94828e-22 6.14099e-21 0.02 1 0.0001 0.00015 0.32 424 31 1 2.48206e-314 0 0 0 
4.51 6.04639e-23 1.90582e-21 0.02 1 0.0001 0.00015 0.32 425 31 1 2.48206e-314 0 0 0 
4.53 2.44407e-37 7.70372e-36 0.02 1 0.0001 0.00015 0.32 426 31 1 2.48206e-314 0 0 0 
4.55 0 0 0.02 1 0.0001 0.00015 0.32 427 31 1 2.48206e-314 0 0 0 
4.57 0 0 0.02 1 0.0001 0.00015 0.32 428 31 1 2.48206e-314 0 0 0 
4.59 0 0 0.02 1 0.0001 0.00015 0.32 429 31 1 2.48206e-314 0 0 0 
4.61 0 0 0.02 1 0.0001 0.00015 0.32 430 31 1 2.48206e-314 0 0 0 
4.63 0 0 0.02 1 0.0001 0.00015 0.32 431 31 1 2.48206e-314 0 0 0 
4.65 0 0 0.02 1 0.0001 0.00015 0.32 432 31 1 2.48206e-314 0 0 0 
4.67 0 0 0.02 1 0.0001 0.00015 0.32 433 31 1 2.48206e-314 0 0 0 
4.69 0 0 0.02 1 0.0001 0.00015 0.32 434 31 1 2.48206e-314 0 0 0 
4.71 0 0 0.02 1 0.0001 0.00015 0.32 435 31 1 2.48206e-314 0 0 0 
4.73 0 0 0.02 1 0.0001 0.00015 0.32 436 31 1 2.48206e-314 0 0 0 
4.75 0 0 0.02 1 0.0001 0.00015 0.32 437 31 1 2.48206e-314 0 0 0 
4.77 0 0 0.02 1 0.0001 0.00015 0.32 438 31 1 2.48206e-314 0 0 0 
4.79 0 0 0.02 1 0.0001 0.00015 0.32 439 31 1 2.48206e-314 0 0 0 
4.81 0 0 0.02 1 0.0001 0.00015 0.32 440 31 1 2.48206e-314 0 0 0 
4.83 0 0 0.02 1 0.0001 0.00015 0.32 441 31 1 2.48206e-314 0 0 0 
4.85 0 0 0.02 1 0.0001 0.00015 0.32 442 31 1 2.48206e-314 0 0 0 
4.87 0 0 0.02 1 0.0001 0.00015 0.32 443 31 1 2.48206e-314 0 0 0 
4.89 0 0 0.02 1 0.0001 0.00015 0.32 444 31 1 2.48206e-314 0 0 0 
4.91 0 0 0.02 1 0.0001 0.00015 0.32 445 31 1 2.48206e-314 0 0 0 
4.93 0 0 0.02 1 0.0001 0.00015 0.32 446 31 1 2.48206e-314 0 0 0 
4.95 0 0 0.02 1 0.0001 0.00015 0.32 447 31 1 2.48206e-314 0 0 0 
4.97 0 0 0.02 1 0.0001 0.00015 0.32 448 31 1 2.48206e-314 0 0 0 
4.99 0 0 0.02 1 0.0001 0.00015 0.32 449 31 1 2.48206e-314 0 0 0 
5.01 0 0 0.02 1 0.0001 0.00015 0.32 450 31 1 2.48206e-314 0 0 0 
5.03 0 0 0.02 1 0.0001 0.00015 0.32 451 31 1 2.48206e-314 0 0 0 
5.05 0 0 0.02 1 0.0001 0.00015 0.32 452 31 1 2.48206e-314 0 0 0 
5.07 0 0 0.02 1 0.0001 0.00015 0.32 453 31 1 2.48206e-314 0 0 0 
5.09 0 0 0.02 1 0.0001 0.00015 0.32 454 31 1 2.48206e-314 0 0 0 
5.11 0 0 0.02 1 0.0001 0.00015 0.32 455 31 1 2.48206e-314 0 0 0 
5.13 0 0 0.02 1 0.0001 0.00015 0.32 456 31 1 2.48206e-314 0 0 0 
5.15 0 0 0.02 1 0.0001 0.00015 0.32 457 31 1 2.48206e-314 0 0 0 
5.17 0 0 0.02 1 0.0001 0.00015 0.32 458 31 1 2.48206e-314 0 0 0 
5.19 0 0 0.02 1 0.0001 0.00015 0.32 459 31 1 2.48206e-314 0 0 0 
5.21 0 0 0.02 1 0.0001 0.00015 0.32 460 31 1 2.48206e-314 0 0 0 
5.23 0 0 0.02 1 0.0001 0.00015 0.32 461 31 1 2.48206e-314 0 0 0 
5.25 0 0 0.02 1 0.0001 0.00015 0.32 462 31 1 2.48206e-314 0 0 0 
5.27 0 0 0.02 1 0.0001 0.00015 0.32 463 31 1 2.48206e-314 0 0 0 
5.29 0 0 0.02 1 0.0001 0.00015 0.32 464 31 1 2.48206e-314 0 0 0 
5.31 0 0 0.02 1 0.0001 0.00015 0.32 465 31 1 2.48206e-314 0 0 0 
5.33 0 0 0.02 1 0.0001 0.00015 0.32 466 31 1 2.48206e-314 0 0 0 
5.35 0 0 0.02 1 0.0001 0.00015 0.32 467 31 1 2.48206e-314 0 0 0 
5.37 0 0 0.02 1 0.0001 0.00015 0.32 468 31 1 2.48206e-314 0 0 0 
5.39 0 0 0.02 1 0.0001 0.00015 0.32 469 31 1 2.48206e-314 0 0 0 
5.41 0 0 0.02 1 0.0001 0.00015 0.32 470 31 1 2.48206e-314 0 0 0 
5.43 0 0 0.02 1 0.0001 0.00015 0.32 471 31 1 2.48206e-314 0 0 0 
5.45 0 0 0.02 1 0.0001 0.00015 0.32 472 31 1 2.48206e-314 0 0 0 
5.47 0 0 0.02 1 0.0001 0.00015 0.32 473 31 1 2.48206e-314 0 0 0 
5.49 0 0 0.02 1 0.0001 0.00015 0.32 474 31 1 2.48206e-314 0 0 0 
5.51 0 0 0.02 1 0.0001 0.00015 0.32 475 31 1 2.48206e-314 0 0 0 
5.53 0 0 0.02 1 0.0001 0.00015 0.32 476 31 1 2.48206e-314 0 0 0 
5.55 0 0 0.02 1 0.0001 0.00015 0.32 477 31 1 2.48206e-314 0 0 0 
5.57 0 0 0.02 1 0.0001 0.00015 0.32 478 31 1 2.48206e-314 0 0 0 
5.59 0 0 0.02 1 0.0001 0.00015 0.32 479 31 1 2.48206e-314 0 0 0 
5.61 0 0 0.02 1 0.0001 0.00015 0.32 480 31 1 2.48206e-314 0 0 0 
5.63 0 0 0.02 1 0.0001 0.00015 0.32 481 31 1 2.48206e-314 0 0 0 
5.65 0 0 0.02 1 0.0001 0.00015 0.32 482 31 1 2.48206e-314 0 0 0 
5.67 0 0 0.02 1 0.0001 0.00015 0.32 483 31 1 2.48206e-314 0 0 0 
5.69 0 0 0.02 1 0.0001 0.00015 0.32 484 31 1 2.48206e-314 0 0 0 
5.71 0 0 0.02 1 0.0001 0.00015 0.32 485 31 1 2.48206e-314 0 0 0 
5.73 0 0 0.02 1 0.0001 0.00015 0.32 486 31 1 2.48206e-314 0 0 0 
5.75 0 0 0.02 1 0.0001 0.00015 0.32 487 31 1 2.48206e-314 0 0 0 
5.77 0 0 0.02 1 0.0001 0.00015 0.32 488 31 1 2.48206e-314 0 0 0 
5.79 0 0 0.02 1 0.0001 0.00015 0.32 489 31 1 2.48206e-314 0 0 0 
5.81 0 0 0.02 1 0.0001 0.00015 0.32 490 31 1 2.48206e-314 0 0 0 
5.83 0 0 0.02 1 0.0001 0.00015 0.32 491 31 1 2.48206e-314 0 0 0 
5.85 0 0 0.02 1 0.0001 0.00015 0.32 492 31 1 2.48206e-314 0 0 0 
5.87 0 0 0.02 1 0.0001 0.00015 0.32 493 31 1 2.48206e-314 0 0 0 
5.89 0 0 0.02 1 0.0001 0.00015 0.32 494 31 1 2.48206e-314 0 0 0 
5.91 0 0 0.02 1 0.0001 0.00015 0.32 495 31 1 2.48206e-314 0 0 0 
5.93 0 0 0.02 1 0.0001 0.00015 0.32 496 31 1 2.48206e-314 0 0 0 
5.95 0 0 0.02 1 0.0001 0.00015 0.32 497 31 1 2.48206e-314 0 0 0 
5.97 0 0 0.02 1 0.0001 0.00015 0.32 498 31 1 2.48206e-314 0 0 0 
5.99 0 0 0.02 1 0.0001 0.00015 0.32 499 31 1 2.48206e-314 0 0 0 
6.01 0 0 0.02 1 0.0001 0.00015 0.32 500 31 1 2.48206e-314 0 0 0 
6.03 0 0 0.02 1 0.0001 0.00015 0.32 501 31 1 2.48206e-314 0 0 0 
6.05 0 0 0.02 1 0.0001 0.00015 0.32 502 31 1 2.48206e-314 0 0 0 
6.07 0 0 0.02 1 0.0001 0.00015 0.32 503 31 1 2.48206e-314 0 0 0 
6.09 0 0 0.02 1 0.0001 0.00015 0.32 504 31 1 2.48206e-314 0 0 0 
6.11 0 0 0.02 1 0.0001 0.00015 0.32 505 31 1 2.48206e-314 0 0 0 
6.13 0 0 0.02 1 0.0001 0.00015 0.32 506 31 1 2.48206e-314 0 0 0 
6.15 0 0 0.02 1 0.0001 0.00015 0.32 507 31 1 2.48206e-314 0 0 0 
6.17 0 0 0.02 1 0.0001 0.00015 0.32 508 31 1 2.48206e-314 0 0 0 
6.19 0 0 0.02 1 0.0001 0.00015 0.32 509 31 1 2.48206e-314 0 0 0 
6.21 0 0 0.02 1 0.0001 0.00015 0.32 510 31 1 2.48206e-314 0 0 0 
6.23 0 0 0.02 1 0.0001 0.00015 0.32 511 31 1 2.48206e-314 0 0 0 
6.25 0 0 0.02 1 0.0001 0.00015 0.32 512 31 1 2.48206e-314 0 0 0 
6.27 0 0 0.02 1 0.0001 0.00015 0.32 513 31 1 2.48206e-314 0 0 0 
6.29 0 0 0.02 1 0.0001 0.00015 0.32 514 31 1 2.48206e-314 0 0 0 
6.31 0 0 0.02 1 0.0001 0.00015 0.32 515 31 1 2.48206e-314 0 0 0 
6.33 0 0 0.02 1 0.0001 0.00015 0.32 516 31 1 2.48206e-314 0 0 0 
6.35 0 0 0.02 1 0.0001 0.00015 0.32 517 31 1 2.48206e-314 0 0 0 
6.37 0 0 0.02 1 0.0001 0.00015 0.32 518 31 1 2.48206e-314 0 0 0 
6.39 0 0 0.02 1 0.0001 0.00015 0.32 519 31 1 2.48206e-314 0 0 0 
6.41 0 0 0.02 1 0.0001 0.00015 0.32 520 31 1 2.48206e-314 0 0 0 
6.43 0 0 0.02 1 0.0001 0.00015 0.32 521 31 1 2.48206e-314 0 0 0 
6.45 0 0 0.02 1 0.0001 0.00015 0.32 522 31 1 2.48206e-314 0 0 0 
6.47 0 0 0.02 1 0.0001 0.00015 0.32 523 31 1 2.48206e-314 0 0 0 
6.49 0 0 0.02 1 0.0001 0.00015 0.32 524 31 1 2.48206e-314 0 0 0 
6.51 0 0 0.02 1 0.0001 0.00015 0.32 525 31 1 2.48206e-314 0 0 0 
6.53 0 0 0.02 1 0.0001 0.00015 0.32 526 31 1 2.48206e-314 0 0 0 
6.55 0 0 0.02 1 0.0001 0.00015 0.32 527 31 1 2.48206e-314 0 0 0 
6.57 0 0 0.02 1 0.0001 0.00015 0.32 528 31 1 2.48206e-314 0 0 0 
6.59 0 0 0.02 1 0.0001 0.00015 0.32 529 31 1 2.48206e-314 0 0 0 
6.61 0 0 0.02 1 0.0001 0.00015 0.32 530 31 1 2.48206e-314 0 0 0 
6.63 0 0 0.02 1 0.0001 0.00015 0.32 531 31 1 2.48206e-314 0 0 0 
6.65 0 0 0.02 1 0.0001 0.00015 0.32 532 31 1 2.48206e-314 0 0 0 
6.67 0 0 0.02 1 0.0001 0.00015 0.32 533 31 1 2.48206e-314 0 0 0 
6.69 0 0 0.02 1 0.0001 0.00015 0.32 534 31 1 2.48206e-314 0 0 0 
6.71 0 0 0.02 1 0.0001 0.00015 0.32 535 31 1 2.48206e-314 0 0 0 
6.73 0 0 0.02 1 0.0001 0.00015 0.32 536 31 1 2.48206e-314 0 0 0 
6.75 0 0 0.02 1 0.0001 0.00015 0.32 537 31 1 2.48206e-314 0 0 0 
6.77 0 0 0.02 1 0.0001 0.00015 0.32 538 31 1 2.48206e-314 0 0 0 
6.79 0 0 0.02 1 0.0001 0.00015 0.32 539 31 1 2.48206e-314 0 0 0 
6.81 0 0 0.02 1 0.0001 0.00015 0.32 540 31 1 2.48206e-314 0 0 0 
6.83 0 0 0.02 1 0.0001 0.00015 0.32 541 31 1 2.48206e-314 0 0 0 
6.85 0 0 0.02 1 0.0001 0.00015 0.32 542 31 1 2.48206e-314 0 0 0 
6.87 0 0 0.02 1 0.0001 0.00015 0.32 543 31 1 2.48206e-314 0 0 0 
6.89 0 0 0.02 1 0.0001 0.00015 0.32 544 31 1 2.48206e-314 0 0 0 
6.91 0 0 0.02 1 0.0001 0.00015 0.32 545 31 1 2.48206e-314 0 0 0 
6.93 0 0 0.02 1 0.0001 0.00015 0.32 546 31 1 2.48206e-314 0 0 0 
6.95 0 0 0.02 1 0.0001 0.00015 0.32 547 31 1 2.48206e-314 0 0 0 
6.97 0 0 0.02 1 0.0001 0.00015 0.32 548 31 1 2.48206e-314 0 0 0 
6.99 0 0 0.02 1 0.0001 0.00015 0.32 549 31 1 2.48206e-314 0 0 0 
7.01 0 0 0.02 1 0.0001 0.00015 0.32 550 31 1 2.48206e-314 0 0 0 
7.03 0 0 0.02 1 0.0001 0.00015 0.32 551 31 1 2.48206e-314 0 0 0 
7.05 0 0 0.02 1 0.0001 0.00015 0.32 552 31 1 2.48206e-314 0 0 0 
7.07 0 0 0.02 1 0.0001 0.00015 0.32 553 31 1 2.48206e-314 0 0 0 
7.09 0 0 0.02 1 0.0001 0.00015 0.32 554 31 1 2.48206e-314 0 0 0 
7.11 0 0 0.02 1 0.0001 0.00015 0.32 555 31 1 2.48206e-314 0 0 0 
7.13 0 0 0.02 1 0.0001 0.00015 0.32 556 31 1 2.48206e-314 0 0 0 
7.15 0 0 0.02 1 0.0001 0.00015 0.32 557 31 1 2.48206e-314 0 0 0 
7.17 0 0 0.02 1 0.0001 0.00015 0.32 558 31 1 2.48206e-314 0 0 0 
7.19 0 0 0.02 1 0.0001 0.00015 0.32 559 31 1 2.48206e-314 0 0 0 
7.21 0 0 0.02 1 0.0001 0.00015 0.32 560 31 1 2.48206e-314 0 0 0 
7.23 0 0 0.02 1 0.0001 0.00015 0.32 561 31 1 2.48206e-314 0 0 0 
7.25 0 0 0.02 1 0.0001 0.00015 0.32 562 31 1 2.48206e-314 0 0 0 
7.27 0 0 0.02 1 0.0001 0.00015 0.32 563 31 1 2.48206e-314 0 0 0 
7.29 0 0 0.02 1 0.0001 0.00015 0.32 564 31 1 2.48206e-314 0 0 0 
7.31 -3.58349e-25 -2.11758e-22 0.02 1 0.0001 0.00015 0.32 565 31 1 2.48206e-314 0 0 0 
7.33 -3.41439e-24 -1.05879e-21 0.02 1 0.0001 0.00015 0.32 566 31 1 2.48206e-314 0 0 0 
7.35 -1.37741e-23 -2.75286e-21 0.02 1 0.0001 0.00015 0.32 567 31 1 2.48206e-314 0 0 0 
7.37 -3.8311e-23 -6.14099e-21 0.02 1 0.0001 0.00015 0.32 568 31 1 2.48206e-314 0 0 0 
7.39 -9.12825e-23 -1.29173e-20 0.02 1 0.0001 0.00015 0.32 569 31 1 2.48206e-314 0 0 0 
7.41 -4.38317e-22 -2.77403e-20 0.02 1 0.0001 0.00015 0.32 570 31 1 2.48206e-314 0 0 0 
7.43 -2.15498e-21 -9.25383e-20 0.02 1 0.0001 0.00015 0.32 571 31 1 2.48206e-314 0 0 0 
7.45 -7.49009e-21 -2.68509e-19 0.02 1 0.0001 0.00015 0.32 572 31 1 2.48206e-314 0 0 0 
7.47 -2.02403e-20 -6.80167e-19 0.02 1 0.0001 0.00015 0.32 573 31 1 2.48206e-314 0 0 0 
7.49 -4.49656e-20 -1.47828e-18 0.02 1 0.0001 0.00015 0.32 574 31 1 2.48206e-314 0 0 0 
7.51 -9.02341e-20 -2.92099e-18 0.02 1 0.0001 0.00015 0.32 575 31 1 2.48206e-314 0 0 0 
7.53 -1.63783e-19 -5.25436e-18 0.02 1 0.0001 0.00015 0.32 576 31 1 2.48206e-314 0 0 0 
7.55 -2.75065e-19 -8.75832e-18 0.02 1 0.0001 0.00015 0.32 577 31 1 2.48206e-314 0 0 0 
7.57 -4.35929e-19 -1.38121e-17 0.02 1 0.0001 0.00015 0.32 578 31 1 2.48206e-314 0 0 0 
7.59 -6.4818e-19 -2.03745e-17 0.02 1 0.0001 0.00015 0.32 579 31 1 2.48206e-314 0 0 0 
7.61 -9.13628e-19 -2.85461e-17 0.02 1 0.0001 0.00015 0.32 580 31 1 2.48206e-314 0 0 0 
7.63 -1.22277e-18 -3.83475e-17 0.02 1 0.0001 0.00015 0.32 581 31 1 2.48206e-314 0 0 0 
7.65 -1.56328e-18 -4.91112e-17 0.02 1 0.0001 0.00015 0.32 582 31 1 2.48206e-314 0 0 0 
7.67 -1.90628e-18 -5.99094e-17 0.02 1 0.0001 0.00015 0.32 583 31 1 2.48206e-314 0 0 0 
7.69 -2.21519e-18 -6.96289e-17 0.02 1 0.0001 0.00015 0.32 584 31 1 2.48206e-314 0 0 0 
7.71 -2.14166e-18 -6.71763e-17 0.02 1 0.0001 0.00015 0.32 585 32 1 2.48206e-314 0 0 0 
7.73 -1.63694e-18 -5.11743e-17 0.02 1 0.0001 0.00015 0.32 586 32 1 2.48206e-314 0 0 0 
7.75 -6.58416e-19 -2.0416e-17 0.02 1 0.0001 0.00015 0.32 587 32 1 2.48206e-314 0 0 0 
7.77 8.01897e-19 2.53866e-17 0.02 1 0.0001 0.00015 0.32 588 32 1 2.48206e-314 0 0 0 
7.79 2.74489e-18 8.6567e-17 0.02 1 0.0001 0.00015 0.32 589 32 1 2.48206e-314 0 0 0 
7.81 5.15072e-18 1.62375e-16 0.02 1 0.0001 0.00015 0.32 590 32 1 2.48206e-314 0 0 0 
7.83 7.97421e-18 2.51046e-16 0.02 1 0.0001 0.00015 0.32 591 32 1 2.48206e-314 0 0 0 
7.85 1.11632e-17 3.51478e-16 0.02 1 0.0001 0.00015 0.32 592 32 1 2.48206e-314 0 0 0 
7.87 1.33743e-17 4.20993e-16 0.02 1 0.0001 0.00015 0.32 593 32 1 2.48206e-314 0 0 0 
7.89 1.45359e-17 4.57605e-16 0.02 1 0.0001 0.00015 0.32 594 32 1 2.48206e-314 0 0 0 
7.91 1.45735e-17 4.58757e-16 0.02 1 0.0001 0.00015 0.32 595 32 1 2.48206e-314 0 0 0 
7.93 1.34571e-17 4.23667e-16 0.02 1 0.0001 0.00015 0.32 596 32 1 2.48206e-314 0 0 0 
7.95 1.11837e-17 3.52132e-16 0.02 1 0.0001 0.00015 0.32 597 33 1 2.48206e-314 0 0 0 
7.97 7.78379e-18 2.45226e-16 0.02 1 0.0001 0.00015 0.32 598 33 1 2.48206e-314 0 0 0 
7.99 3.27473e-18 1.03407e-16 0.02 1 0.0001 0.00015 0.32 599 33 1 2.48206e-314 0 0 0 
-4.01 0 12296.1 0.02 0.890733 8907.33 15000 0.359255 600 33 1 3.03136e-314 0 0 0 
-4.03 0 13740.2 0.02 0.899474 8994.74 15000 0.355764 601 33 1 3.03136e-314 0 0 0 
-4.05 0 14621.3 0.02 0.90971 9097.1 15000 0.351761 602 33 1 3.03136e-314 0 0 0 
-4.07 0 14981.4 0.02 0.921201 9212.01 15000 0.347373 603 32 1 3.03136e-314 0 0 0 
-4.09 0 14834.7 0.02 0.933677 9336.77 15000 0.342731 604 32 1 3.03136e-314 0 0 0 
-4.11 0 14172.8 0.02 0.946742 9467.42 15000 0.338001 605 31 1 3.03136e-314 0 0 0 
-4.13 0 12941 0.02 0.959736 9597.36 15000 0.333425 606 31 1 3.03136e-314 0 0 0 
-4.15 0 11088.2 0.02 0.971537 9715.37 15000 0.329375 607 31 1 3.03136e-314 0 0 0 
-4.17 0 9161.35 0.02 0.981055 9810.55 15000 0.32618 608 31 1 3.03136e-314 0 0 0 
-4.19 0 7832.65 0.02 0.988203 9882.03 15000 0.32382 609 31 1 3.03136e-314 0 0 0 
-4.21 0 7196.27 0.02 0.993292 9932.92 15000 0.322161 610 31 1 3.03136e-314 0 0 0 
-4.23 0 7129.92 0.02 0.99666 9966.6 15000 0.321073 611 31 1 3.03136e-314 0 0 0 
-4.25 0 7497.09 0.02 0.998656 9986.56 15000 0.320431 612 31 1 3.03136e-314 0 0 0 
-4.27 0 8143.8 0.02 0.999636 9996.36 15000 0.320117 613 31 1 3.03136e-314 0 0 0 
-4.29 0 8896.99 0.02 0.999959 9999.59 15000 0.320013 614 31 1 3.03136e-314 0 0 0 
-4.31 0 9534.17 0.02 1 10000 15000 0.32 615 31 1 3.03136e-314 0 0 0 
-4.33 0 9706.95 0.02 1 10000 15000 0.32 616 31 1 3.03136e-314 0 0 0 
-4.35 0 8756.27 0.02 0.999959 9999.59 15000 0.320013 617 31 1 3.03136e-314 0 0 0 
-4.37 0 5864.4 0.02 0.999631 9996.31 15000 0.320118 618 30 1 3.03136e-314 0 0 0 
-4.39 0 1129.15 0.02 0.998503 9985.03 15000 0.32048 619 29 1 3.03136e-314 0 0 0 
-4.41 0 -5192.82 0.02 0.995748 9957.48 15000 0.321366 620 28 1 3.03136e-314 0 0 0 
-4.43 0 -12831.2 0.02 0.990126 9901.26 15000 0.323191 621 27 1 3.03136e-314 0 0 0 
-4.45 0 -21511.1 0.02 0.979822 9798.22 15000 0.32659 622 26 1 3.03136e-314 0 0 0 
-4.47 0 -30970.2 0.02 0.962228 9622.28 15000 0.332561 623 25 1 3.03136e-314 0 0 0 
-4.49 0 -40955.1 0.02 0.933731 9337.31 15000 0.342711 624 25 1 3.03136e-314 0 0 0 
-4.51 0 -50887.2 0.02 0.890771 8907.71 15000 0.359239 625 24 1 3.03136e-314 0 0 0 
-4.53 0 -59980.8 0.02 0.832895 8328.95 15000 0.384202 626 25 1 3.03136e-314 0 0 0 
-4.55 0 -67508.4 0.02 0.764751 7647.51 15000 0.418437 627 25 1 3.03136e-314 0 0 0 
-4.57 0 -73017.4 0.02 0.6944 6944 15000 0.460829 628 27 1 3.03136e-314 0 0 0 
-4.59 0 -76494.2 0.02 0.62873 6287.3 15000 0.508962 629 28 1 3.03136e-314 0 0 0 
-4.61 0 -78226.7 0.02 0.571028 5710.28 15000 0.560393 630 30 1 3.03136e-314 0 0 0 
-4.63 0 -78592.6 0.02 0.521739 5217.39 15000 0.613333 631 31 1 3.03136e-314 0 0 0 
8.01 0 -7.11516e-17 0.02 1 0.0001 0.00015 0.32 632 33 1 3.03136e-314 0 0 0 
8.03 0 -5.06339e-08 0.02 1 0.0001 0.00015 0.32 633 33 1 3.03136e-314 0 0 0 
8.05 0 -3.17263e-07 0.02 1 0.0001 0.00015 0.32 634 33 1 3.03136e-314 0 0 0 
8.07 0 -9.68767e-07 0.02 1 0.0001 0.00015 0.32 635 33 1 3.03136e-314 0 0 0 
8.09 0 -2.20229e-06 0.02 1 0.0001 0.00015 0.32 636 32 1 3.03136e-314 0 0 0 
8.11 0 -4.34936e-06 0.02 1 0.0001 0.00015 0.32 637 32 1 3.03136e-314 0 0 0 
8.13 0 -7.84431e-06 0.02 1 0.0001 0.00015 0.32 638 32 1 3.03136e-314 0 0 0 
8.15 0 -1.34436e-05 0.02 1 0.0001 0.00015 0.32 639 32 1 3.03136e-314 0 0 0 
8.17 0 -2.29056e-05 0.02 1 0.0001 0.00015 0.32 640 32 1 3.03136e-314 0 0 0 
8.19 0 -3.61693e-05 0.02 1 0.0001 0.00015 0.32 641 32 1 3.03136e-314 0 0 0 
8.21 0 -5.19572e-05 0.02 1 0.0001 0.00015 0.32 642 32 1 3.03136e-314 0 0 0 
8.23 0 -6.89475e-05 0.02 1 0.0001 0.00015 0.32 643 32 1 3.03136e-314 0 0 0 
8.25 0 -8.57501e-05 0.02 1 0.0001 0.00015 0.32 644 32 1 3.03136e-314 0 0 0 
8.27 0 -0.000100878 0.02 1 0.0001 0.00015 0.32 645 32 1 3.03136e-314 0 0 0 
8.29 0 -0.000112715 0.02 1 0.0001 0.00015 0.32 646 31 1 3.03136e-314 0 0 0 
8.31 0 -0.000119459 0.02 1 0.0001 0.00015 0.32 647 31 1 3.03136e-314 0 0 0 
8.33 0 -0.000118983 0.02 1 0.0001 0.00015 0.32 648 31 1 3.03136e-314 0 0 0 
8.35 0 -0.000105681 0.02 0.999959 9.99959e-05 0.00015 0.320013 649 31 1 3.03136e-314 0 0 0 
8.37 0 -7.25203e-05 0.02 0.999631 9.99631e-05 0.00015 0.320118 650 30 1 3.03136e-314 0 0 0 
8.39 0 -2.13263e-05 0.02 0.998503 9.98503e-05 0.00015 0.32048 651 29 1 3.03136e-314 0 0 0 
8.41 0 4.51216e-05 0.02 0.995748 9.95748e-05 0.00015 0.321366 652 28 1 3.03136e-314 0 0 0 
8.43 0 0.000124006 0.02 0.990126 9.90126e-05 0.00015 0.323191 653 27 1 3.03136e-314 0 0 0 
8.45 0 0.000212573 0.02 0.979822 9.79822e-05 0.00015 0.32659 654 26 1 3.03136e-314 0 0 0 
8.47 0 0.000308325 0.02 0.962228 9.62228e-05 0.00015 0.332561 655 25 1 3.03136e-314 0 0 0 
8.49 0 0.00040888 0.02 0.933731 9.33731e-05 0.00015 0.342711 656 25 1 3.03136e-314 0 0 0 
8.51 0 0.000508598 0.02 0.890771 8.90771e-05 0.00015 0.359239 657 24 1 3.03136e-314 0 0 0 
8.53 0 0.000599735 0.02 0.832895 8.32895e-05 0.00015 0.384202 658 25 1 3.03136e-314 0 0 0 
8.55 0 0.000675109 0.02 0.764751 7.64751e-05 0.00015 0.418437 659 25 1 3.03136e-314 0 0 0 
8.57 0 0.000730258 0.02 0.6944 6.944e-05 0.00015 0.460829 660 27 1 3.03136e-314 0 0 0 
8.59 0 0.000765089 0.02 0.62873 6.2873e-05 0.00015 0.508962 661 28 1 3.03136e-314 0 0 0 
8.61 0 0.0007825 0.02 0.571028 5.71028e-05 0.00015 0.560393 662 30 1 3.03136e-314 0 0 0 
8.63 0 0.000786275 0.02 0.521739 5.21739e-05 0.00015 0.613333 663 31 1 3.03136e-314 0 0 0 
