# Time [s]: 0.0407487
# Columns: pos [m], vel [m/s], acc [m/s^2], mass [kg], dens [kg/m^3], pres [Pa], ene [J/kg], sml [m], id, neighbor, alpha, gradh, ...additional?
# Additional arrays: grad_velocity_0(vector) grad_pressure(vector) grad_density(vector) 
-3.88536 9.24205 126.884 0.02 0.6811 6465.77 14239.9 0.469828 0 36 1 2.48207e-314 0 0 0 
-3.87708 8.4742 185.889 0.02 0.679951 6417.4 14157.2 0.470622 1 36 1 2.48207e-314 0 0 0 
-3.86545 7.69029 200.412 0.02 0.678638 6348.16 14031.6 0.471533 2 36 1 2.48207e-314 0 0 0 
-3.85 7.07882 185.5 0.02 0.677374 6259.15 13860.7 0.472412 3 36 1 2.48207e-314 0 0 0 
-3.83073 6.71928 143.05 0.02 0.676493 6156.46 13651.1 0.473028 4 35 1 2.48207e-314 0 0 0 
-3.8073 6.75408 94.6994 0.02 0.676365 6047.78 13412.6 0.473117 5 35 1 2.48207e-314 0 0 0 
-3.77864 7.435 77.2206 0.02 0.677425 5941.05 13155.3 0.472377 6 35 1 2.48207e-314 0 0 0 
-3.7419 9.34628 163.763 0.02 0.679941 5842.67 12889.6 0.470629 7 34 1 2.48207e-314 0 0 0 
-3.6987 12.095 313.33 0.02 0.682704 5760.44 12656.7 0.468724 8 33 1 2.48207e-314 0 0 0 
-3.66284 13.8615 392.143 0.02 0.684247 5705.56 12507.9 0.467667 9 33 1 2.48207e-314 0 0 0 
-3.63482 14.3688 380.664 0.02 0.685443 5668.17 12404.2 0.466851 10 32 1 2.48207e-314 0 0 0 
-3.6089 14.5808 341.559 0.02 0.686986 5640.14 12315.2 0.465803 11 32 1 2.48207e-314 0 0 0 
-3.58272 14.9006 317.24 0.02 0.688927 5618.14 12232.6 0.46449 12 31 1 2.48207e-314 0 0 0 
-3.55567 15.3897 307.443 0.02 0.691133 5600.46 12155.2 0.463008 13 31 1 2.48207e-314 0 0 0 
-3.52792 16.0018 313.158 0.02 0.69339 5585.86 12084 0.461501 14 31 1 2.48207e-314 0 0 0 
-3.50002 16.6842 335.985 0.02 0.695512 5573.51 12020.5 0.460093 15 32 1 2.48207e-314 0 0 0 
-3.47189 17.461 372.158 0.02 0.697394 5562.54 11964.4 0.458851 16 33 1 2.48207e-314 0 0 0 
-3.44294 18.2544 398.395 0.02 0.698995 5552.49 11915.5 0.4578 17 33 1 2.48207e-314 0 0 0 
-3.41308 19.1283 415.478 0.02 0.700207 5543.2 11874.9 0.457008 18 33 1 2.48207e-314 0 0 0 
-3.38334 19.9724 431.551 0.02 0.700948 5534.65 11844.1 0.456525 19 32 1 2.48207e-314 0 0 0 
-3.35419 20.6974 435.063 0.02 0.701349 5527.18 11821.3 0.456264 20 32 1 2.48207e-314 0 0 0 
-3.32561 21.3285 432.309 0.02 0.701556 5520.88 11804.4 0.456129 21 32 1 2.48207e-314 0 0 0 
-3.29748 21.8977 427.848 0.02 0.701664 5515.61 11791.3 0.456059 22 31 1 2.48207e-314 0 0 0 
-3.26966 22.4335 425.703 0.02 0.701728 5511.09 11780.6 0.456017 23 31 1 2.48207e-314 0 0 0 
-3.24194 22.9649 427.084 0.02 0.701765 5506.92 11771 0.455993 24 31 1 2.48207e-314 0 0 0 
-3.2139 23.5432 431.434 0.02 0.701746 5502.46 11761.8 0.456006 25 32 1 2.48207e-314 0 0 0 
-3.18548 24.179 439.858 0.02 0.701619 5497.29 11752.9 0.456088 26 32 1 2.48207e-314 0 0 0 
-3.15679 24.8483 451.004 0.02 0.70134 5491.2 11744.5 0.45627 27 32 1 2.48207e-314 0 0 0 
-3.128 25.5182 461.127 0.02 0.700897 5484.23 11737 0.456558 28 32 1 2.48207e-314 0 0 0 
-3.09923 26.1659 467.904 0.02 0.700316 5476.6 11730.4 0.456937 29 32 1 2.48207e-314 0 0 0 
-3.07054 26.7842 471.197 0.02 0.699636 5468.54 11724.5 0.45738 30 32 1 2.48207e-314 0 0 0 
-3.04193 27.3771 472.124 0.02 0.698896 5460.2 11719 0.457865 31 31 1 2.48207e-314 0 0 0 
-3.01337 27.9537 472.198 0.02 0.698122 5451.64 11713.6 0.458373 32 31 1 2.48207e-314 0 0 0 
-2.98482 28.5237 473.114 0.02 0.697329 5442.85 11708.1 0.458894 33 32 1 2.48207e-314 0 0 0 
-2.95624 29.0945 475.438 0.02 0.69652 5433.79 11702.1 0.459427 34 32 1 2.48207e-314 0 0 0 
-2.92759 29.6704 479.25 0.02 0.695693 5424.38 11695.8 0.459973 35 32 1 2.48207e-314 0 0 0 
-2.89886 30.2514 484.079 0.02 0.694842 5414.58 11688.9 0.460537 36 32 1 2.48207e-314 0 0 0 
-2.87006 30.8347 489.224 0.02 0.693962 5404.37 11681.7 0.46112 37 32 1 2.48207e-314 0 0 0 
-2.8412 31.4169 494.139 0.02 0.693054 5393.78 11674 0.461724 38 32 1 2.48207e-314 0 0 0 
-2.81228 31.9948 498.508 0.02 0.692119 5382.86 11666.2 0.462348 39 32 1 2.48207e-314 0 0 0 
-2.78333 32.5658 502.199 0.02 0.691161 5371.68 11658.1 0.462989 40 32 1 2.48207e-314 0 0 0 
-2.75436 33.1282 505.22 0.02 0.690186 5360.29 11649.8 0.463643 41 32 1 2.48207e-314 0 0 0 
-2.72536 33.6821 507.789 0.02 0.689201 5348.75 11641.3 0.464306 42 32 1 2.48207e-314 0 0 0 
-2.69633 34.2289 510.237 0.02 0.688209 5337.07 11632.6 0.464975 43 32 1 2.48207e-314 0 0 0 
-2.66727 34.7705 512.843 0.02 0.687212 5325.26 11623.7 0.46565 44 32 1 2.48207e-314 0 0 0 
-2.63817 35.3084 515.737 0.02 0.68621 5313.33 11614.6 0.466329 45 32 1 2.48207e-314 0 0 0 
-2.60902 35.8431 518.896 0.02 0.685203 5301.26 11605.3 0.467015 46 32 1 2.48207e-314 0 0 0 
-2.57981 36.3742 522.185 0.02 0.684187 5289.05 11595.7 0.467708 47 32 1 2.48207e-314 0 0 0 
-2.55056 36.9011 525.421 0.02 0.683162 5276.71 11586 0.46841 48 32 1 2.48207e-314 0 0 0 
-2.52126 37.4226 528.439 0.02 0.682129 5264.25 11576.2 0.46912 49 32 1 2.48207e-314 0 0 0 
-2.49191 37.938 531.138 0.02 0.681086 5251.69 11566.2 0.469838 50 32 1 2.48207e-314 0 0 0 
-2.46252 38.4467 533.502 0.02 0.680035 5239.04 11556.2 0.470564 51 32 1 2.48207e-314 0 0 0 
-2.43309 38.9486 535.572 0.02 0.678978 5226.31 11546.1 0.471296 52 32 1 2.48207e-314 0 0 0 
-2.40361 39.4437 537.418 0.02 0.677915 5213.53 11535.9 0.472035 53 32 1 2.48207e-314 0 0 0 
-2.37409 39.9324 539.103 0.02 0.676848 5200.69 11525.6 0.47278 54 32 1 2.48207e-314 0 0 0 
-2.34452 40.4146 540.663 0.02 0.675775 5187.8 11515.3 0.47353 55 32 1 2.48207e-314 0 0 0 
-2.3149 40.8905 542.101 0.02 0.674698 5174.87 11504.9 0.474286 56 32 1 2.48207e-314 0 0 0 
-2.28524 41.36 543.4 0.02 0.673616 5161.89 11494.5 0.475048 57 32 1 2.48207e-314 0 0 0 
-2.25553 41.8231 544.523 0.02 0.67253 5148.87 11484 0.475815 58 32 1 2.48207e-314 0 0 0 
-2.22577 42.2795 545.43 0.02 0.671439 5135.82 11473.5 0.476588 59 32 1 2.48207e-314 0 0 0 
-2.19595 42.729 546.088 0.02 0.670345 5122.74 11463 0.477366 60 32 1 2.48207e-314 0 0 0 
-2.16609 43.1714 546.475 0.02 0.669247 5109.63 11452.4 0.478149 61 32 1 2.48207e-314 0 0 0 
-2.13618 43.6066 546.585 0.02 0.668146 5096.52 11441.8 0.478937 62 32 1 2.48207e-314 0 0 0 
-2.10623 44.0344 546.422 0.02 0.667043 5083.4 11431.3 0.47973 63 32 1 2.48207e-314 0 0 0 
-2.07622 44.4549 545.994 0.02 0.665938 5070.28 11420.7 0.480526 64 32 1 2.48207e-314 0 0 0 
-2.04616 44.868 545.312 0.02 0.664832 5057.17 11410.1 0.481325 65 32 1 2.48207e-314 0 0 0 
-2.01605 45.2737 544.38 0.02 0.663725 5044.08 11399.5 0.482127 66 32 1 2.48207e-314 0 0 0 
-1.98589 45.6721 543.199 0.02 0.662619 5031.01 11389 0.482932 67 32 1 2.48207e-314 0 0 0 
-1.95568 46.0629 541.764 0.02 0.661513 5017.96 11378.4 0.48374 68 32 1 2.48207e-314 0 0 0 
-1.92542 46.4463 540.069 0.02 0.660408 5004.95 11367.9 0.484549 69 32 1 2.48207e-314 0 0 0 
-1.89511 46.8221 538.105 0.02 0.659305 4991.98 11357.4 0.485359 70 32 1 2.48207e-314 0 0 0 
-1.86475 47.1904 535.866 0.02 0.658205 4979.06 11347 0.486171 71 32 1 2.48207e-314 0 0 0 
-1.83434 47.551 533.349 0.02 0.657107 4966.19 11336.5 0.486983 72 32 1 2.48207e-314 0 0 0 
-1.80387 47.9041 530.553 0.02 0.656013 4953.38 11326.2 0.487795 73 32 1 2.48207e-314 0 0 0 
-1.77335 48.2494 527.479 0.02 0.654923 4940.65 11315.8 0.488607 74 32 1 2.48207e-314 0 0 0 
-1.74279 48.5872 524.13 0.02 0.653838 4927.99 11305.6 0.489418 75 32 1 2.48207e-314 0 0 0 
-1.71217 48.9173 520.509 0.02 0.652759 4915.41 11295.4 0.490227 76 32 1 2.48207e-314 0 0 0 
-1.6815 49.2398 516.62 0.02 0.651686 4902.93 11285.2 0.491034 77 32 1 2.48207e-314 0 0 0 
-1.65078 49.5548 512.465 0.02 0.650619 4890.54 11275.2 0.491839 78 32 1 2.48207e-314 0 0 0 
-1.62001 49.8622 508.046 0.02 0.64956 4878.26 11265.2 0.492641 79 32 1 2.48207e-314 0 0 0 
-1.58919 50.1621 503.367 0.02 0.648509 4866.08 11255.3 0.49344 80 32 1 2.48207e-314 0 0 0 
-1.55832 50.4546 498.429 0.02 0.647466 4854.03 11245.5 0.494234 81 32 1 2.48207e-314 0 0 0 
-1.5274 50.7396 493.235 0.02 0.646433 4842.09 11235.8 0.495025 82 32 1 2.48207e-314 0 0 0 
-1.49643 51.0173 487.789 0.02 0.645409 4830.29 11226.2 0.49581 83 32 1 2.48207e-314 0 0 0 
-1.46541 51.2877 482.095 0.02 0.644395 4818.62 11216.7 0.49659 84 32 1 2.48207e-314 0 0 0 
-1.43435 51.5508 476.158 0.02 0.643392 4807.09 11207.3 0.497364 85 32 1 2.48207e-314 0 0 0 
-1.40323 51.8068 469.983 0.02 0.642401 4795.71 11198 0.498132 86 32 1 2.48207e-314 0 0 0 
-1.37207 52.0557 463.577 0.02 0.641421 4784.48 11188.8 0.498893 87 32 1 2.48207e-314 0 0 0 
-1.34085 52.2976 456.945 0.02 0.640453 4773.41 11179.8 0.499646 88 32 1 2.48207e-314 0 0 0 
-1.3096 52.5325 450.095 0.02 0.639498 4762.5 11170.9 0.500392 89 32 1 2.48207e-314 0 0 0 
-1.27829 52.7607 443.032 0.02 0.638557 4751.76 11162.2 0.50113 90 32 1 2.48207e-314 0 0 0 
-1.24694 52.9821 435.764 0.02 0.637629 4741.2 11153.5 0.501859 91 32 1 2.48207e-314 0 0 0 
-1.21554 53.1968 428.298 0.02 0.636715 4730.81 11145.1 0.50258 92 32 1 2.48207e-314 0 0 0 
-1.1841 53.405 420.64 0.02 0.635816 4720.6 11136.8 0.503291 93 32 1 2.48207e-314 0 0 0 
-1.15261 53.6068 412.8 0.02 0.634931 4710.58 11128.6 0.503992 94 32 1 2.48207e-314 0 0 0 
-1.12108 53.8022 404.785 0.02 0.634062 4700.75 11120.6 0.504683 95 32 1 2.48207e-314 0 0 0 
-1.08951 53.9914 396.605 0.02 0.633208 4691.11 11112.8 0.505363 96 32 1 2.48207e-314 0 0 0 
-1.0579 54.1744 388.27 0.02 0.63237 4681.67 11105.1 0.506033 97 32 1 2.48207e-314 0 0 0 
-1.02624 54.3515 379.789 0.02 0.631548 4672.43 11097.6 0.506692 98 32 1 2.48207e-314 0 0 0 
-0.99454 54.5226 371.173 0.02 0.630742 4663.39 11090.3 0.507339 99 32 1 2.48207e-314 0 0 0 
-0.962802 54.688 362.431 0.02 0.629953 4654.55 11083.1 0.507975 100 32 1 2.48207e-314 0 0 0 
-0.931025 54.8477 353.575 0.02 0.629181 4645.92 11076.2 0.508598 101 32 1 2.48207e-314 0 0 0 
-0.899208 55.0017 344.615 0.02 0.628425 4637.51 11069.4 0.509209 102 32 1 2.48207e-314 0 0 0 
-0.867354 55.1503 335.562 0.02 0.627688 4629.3 11062.8 0.509808 103 32 1 2.48207e-314 0 0 0 
-0.835463 55.2936 326.427 0.02 0.626967 4621.31 11056.4 0.510394 104 32 1 2.48207e-314 0 0 0 
-0.803535 55.4316 317.223 0.02 0.626264 4613.53 11050.2 0.510967 105 32 1 2.48207e-314 0 0 0 
-0.771572 55.5645 307.961 0.02 0.625579 4605.97 11044.1 0.511526 106 32 1 2.48207e-314 0 0 0 
-0.739574 55.6924 298.656 0.02 0.624912 4598.62 11038.3 0.512072 107 32 1 2.48207e-314 0 0 0 
-0.707543 55.8153 289.322 0.02 0.624262 4591.49 11032.7 0.512605 108 32 1 2.48207e-314 0 0 0 
-0.675478 55.9335 279.972 0.02 0.623631 4584.58 11027.2 0.513124 109 32 1 2.48207e-314 0 0 0 
-0.643382 56.047 270.622 0.02 0.623018 4577.89 11021.9 0.513629 110 32 1 2.48207e-314 0 0 0 
-0.611254 56.1559 261.285 0.02 0.622423 4571.41 11016.9 0.51412 111 32 1 2.48207e-314 0 0 0 
-0.579096 56.2602 251.975 0.02 0.621846 4565.15 11012 0.514597 112 32 1 2.48207e-314 0 0 0 
-0.546909 56.3602 242.704 0.02 0.621287 4559.1 11007.3 0.51506 113 32 1 2.48207e-314 0 0 0 
-0.514694 56.4559 233.485 0.02 0.620747 4553.26 11002.7 0.515508 114 32 1 2.48207e-314 0 0 0 
-0.482451 56.5474 224.33 0.02 0.620225 4547.64 10998.4 0.515942 115 32 1 2.48207e-314 0 0 0 
-0.450181 56.6349 215.252 0.02 0.619721 4542.22 10994.2 0.516361 116 32 1 2.48207e-314 0 0 0 
-0.417885 56.7183 206.266 0.02 0.619236 4537.01 10990.2 0.516766 117 32 1 2.48207e-314 0 0 0 
-0.385564 56.798 197.386 0.02 0.618769 4532 10986.4 0.517156 118 32 1 2.48207e-314 0 0 0 
-0.353219 56.8739 188.625 0.02 0.61832 4527.18 10982.7 0.517532 119 32 1 2.48207e-314 0 0 0 
-0.320851 56.9461 180 0.02 0.617888 4522.57 10979.1 0.517893 120 32 1 2.48207e-314 0 0 0 
-0.288462 57.0148 171.524 0.02 0.617475 4518.14 10975.7 0.51824 121 32 1 2.48207e-314 0 0 0 
-0.256052 57.08 163.209 0.02 0.617079 4513.89 10972.4 0.518572 122 32 1 2.48207e-314 0 0 0 
-0.223622 57.1418 155.065 0.02 0.616701 4509.82 10969.3 0.51889 123 32 1 2.48207e-314 0 0 0 
-0.191172 57.2002 147.103 0.02 0.616339 4505.92 10966.2 0.519194 124 32 1 2.48207e-314 0 0 0 
-0.158705 57.2555 139.328 0.02 0.615995 4502.18 10963.2 0.519485 125 32 1 2.48207e-314 0 0 0 
-0.126219 57.3076 131.747 0.02 0.615667 4498.6 10960.3 0.519762 126 32 1 2.48207e-314 0 0 0 
-0.0937157 57.3568 124.367 0.02 0.615354 4495.16 10957.5 0.520026 127 32 1 2.48207e-314 0 0 0 
-0.0611964 57.4032 117.196 0.02 0.615057 4491.86 10954.8 0.520277 128 32 1 2.48207e-314 0 0 0 
-0.0286618 57.4468 110.239 0.02 0.614774 4488.7 10952.1 0.520517 129 32 1 2.48207e-314 0 0 0 
0.00388668 57.4879 103.508 0.02 0.614504 4485.65 10949.5 0.520745 130 32 1 2.48207e-314 0 0 0 
0.0364479 57.5264 97.0094 0.02 0.614247 4482.71 10946.9 0.520963 131 32 1 2.48207e-314 0 0 0 
0.0690208 57.5624 90.7516 0.02 0.614001 4479.87 10944.3 0.521171 132 32 1 2.48207e-314 0 0 0 
0.101605 57.596 84.7403 0.02 0.613765 4477.12 10941.8 0.521372 133 32 1 2.48207e-314 0 0 0 
0.134199 57.6274 78.9791 0.02 0.613538 4474.45 10939.3 0.521565 134 32 1 2.48207e-314 0 0 0 
0.166805 57.6565 73.469 0.02 0.613317 4471.85 10936.9 0.521753 135 32 1 2.48207e-314 0 0 0 
0.199422 57.6835 68.2078 0.02 0.6131 4469.32 10934.6 0.521938 136 32 1 2.48207e-314 0 0 0 
0.232051 57.7087 63.1908 0.02 0.612886 4466.83 10932.3 0.52212 137 32 1 2.48207e-314 0 0 0 
0.264692 57.7322 58.4119 0.02 0.612672 4464.39 10930.2 0.522302 138 32 1 2.48207e-314 0 0 0 
0.297344 57.7541 53.866 0.02 0.612455 4462 10928.2 0.522487 139 32 1 2.48207e-314 0 0 0 
0.330005 57.7746 49.5508 0.02 0.612233 4459.64 10926.4 0.522677 140 32 1 2.48207e-314 0 0 0 
0.362675 57.7937 45.4675 0.02 0.612001 4457.32 10924.8 0.522875 141 32 1 2.48207e-314 0 0 0 
0.395353 57.8115 41.6202 0.02 0.611757 4455.04 10923.6 0.523084 142 32 1 2.48207e-314 0 0 0 
0.428039 57.8283 38.013 0.02 0.611497 4452.81 10922.7 0.523306 143 32 1 2.48207e-314 0 0 0 
0.460736 57.844 34.6462 0.02 0.611217 4450.63 10922.4 0.523545 144 32 1 2.48207e-314 0 0 0 
0.493446 57.8589 31.5156 0.02 0.610914 4448.51 10922.6 0.523805 145 32 1 2.48207e-314 0 0 0 
0.526174 57.8731 28.6126 0.02 0.610584 4446.47 10923.5 0.524089 146 32 1 2.48207e-314 0 0 0 
0.558922 57.8867 25.9253 0.02 0.610222 4444.53 10925.2 0.524399 147 32 1 2.48207e-314 0 0 0 
0.591692 57.9001 23.4393 0.02 0.609825 4442.71 10927.8 0.524741 148 32 1 2.48207e-314 0 0 0 
0.624485 57.9132 21.1368 0.02 0.609389 4441.05 10931.6 0.525116 149 32 1 2.48207e-314 0 0 0 
0.657299 57.9263 18.9941 0.02 0.608911 4439.58 10936.5 0.525528 150 32 1 2.48207e-314 0 0 0 
0.690133 57.9393 16.9871 0.02 0.608389 4438.34 10942.9 0.525979 151 32 1 2.48207e-314 0 0 0 
0.722987 57.9522 15.1021 0.02 0.60782 4437.38 10950.7 0.526472 152 32 1 2.48207e-314 0 0 0 
0.755865 57.9652 13.342 0.02 0.607204 4436.76 10960.3 0.527006 153 32 1 2.48207e-314 0 0 0 
0.788772 57.9785 11.7221 0.02 0.606539 4436.51 10971.7 0.527584 154 32 1 2.48207e-314 0 0 0 
0.821721 57.9924 10.2631 0.02 0.605827 4436.71 10985.1 0.528204 155 32 1 2.48207e-314 0 0 0 
0.854721 58.0074 8.97017 0.02 0.605068 4437.42 11000.6 0.528866 156 32 1 2.48207e-314 0 0 0 
0.887784 58.0235 7.80969 0.02 0.604265 4438.68 11018.4 0.529569 157 32 1 2.48207e-314 0 0 0 
0.920908 58.0401 6.72678 0.02 0.603422 4440.58 11038.5 0.530308 158 32 1 2.48207e-314 0 0 0 
0.954082 58.0564 5.67053 0.02 0.602548 4443.18 11061 0.531078 159 32 1 2.48207e-314 0 0 0 
0.987293 58.0717 4.60384 0.02 0.601652 4446.54 11085.8 0.531869 160 32 1 2.48207e-314 0 0 0 
1.02053 58.0861 3.53195 0.02 0.600748 4450.73 11113 0.532669 161 32 1 2.48207e-314 0 0 0 
1.05381 58.1003 2.48339 0.02 0.599849 4455.8 11142.3 0.533467 162 32 1 2.48207e-314 0 0 0 
1.08713 58.1153 1.45343 0.02 0.598972 4461.78 11173.6 0.534248 163 32 1 2.48207e-314 0 0 0 
1.12054 58.1316 0.40227 0.02 0.598134 4468.73 11206.7 0.534997 164 32 1 2.48207e-314 0 0 0 
1.15403 58.1486 -0.678425 0.02 0.597356 4476.66 11241.2 0.535694 165 32 1 2.48207e-314 0 0 0 
1.18763 58.1651 -1.80653 0.02 0.596663 4485.6 11276.7 0.536316 166 33 1 2.48207e-314 0 0 0 
1.22129 58.1799 -2.84204 0.02 0.596085 4495.55 11312.7 0.536836 167 33 1 2.48207e-314 0 0 0 
1.255 58.1925 -3.75501 0.02 0.595656 4506.47 11348.3 0.537223 168 33 1 2.48207e-314 0 0 0 
1.28873 58.2021 -4.51697 0.02 0.595408 4518.28 11382.8 0.537447 169 33 1 2.48207e-314 0 0 0 
1.32245 58.2098 -5.17694 0.02 0.595376 4530.9 11415.2 0.537475 170 33 1 2.48207e-314 0 0 0 
1.35616 58.2135 -6.15149 0.02 0.595601 4544.2 11444.4 0.537273 171 33 1 2.48207e-314 0 0 0 
1.38982 58.2092 -7.53081 0.02 0.596126 4558.06 11469.2 0.536799 172 33 1 2.48207e-314 0 0 0 
1.4234 58.1964 -8.89278 0.02 0.597006 4572.31 11488.1 0.536008 173 33 1 2.48207e-314 0 0 0 
1.45695 58.1833 -9.72827 0.02 0.598298 4586.74 11499.5 0.53485 174 32 1 2.48207e-314 0 0 0 
1.49061 58.1778 -10.1578 0.02 0.600066 4601.18 11501.7 0.533274 175 33 1 2.48207e-314 0 0 0 
1.52441 58.1763 -10.4324 0.02 0.602373 4615.4 11493.1 0.531233 176 33 1 2.48207e-314 0 0 0 
1.55825 58.1743 -10.7433 0.02 0.605276 4629.09 11471.8 0.528684 177 33 1 2.48207e-314 0 0 0 
1.59199 58.1627 -11.4363 0.02 0.608835 4641.89 11436.3 0.525594 178 33 1 2.48207e-314 0 0 0 
1.6253 58.126 -12.3923 0.02 0.613094 4653.32 11384.9 0.521943 179 34 1 2.48207e-314 0 0 0 
1.65791 58.0618 -12.9373 0.02 0.618082 4662.91 11316.2 0.517731 180 34 1 2.48207e-314 0 0 0 
1.68976 57.9861 -12.2035 0.02 0.623837 4670.28 11229.6 0.512954 181 34 1 2.48207e-314 0 0 0 
1.72138 57.9359 -10.7003 0.02 0.630512 4675.46 11123 0.507524 182 34 1 2.48207e-314 0 0 0 
1.75355 57.9139 -9.49168 0.02 0.638373 4678.37 10992.9 0.501274 183 35 1 2.48207e-314 0 0 0 
1.7861 57.8985 -8.61082 0.02 0.647564 4678.34 10836.8 0.49416 184 34 1 2.48207e-314 0 0 0 
1.81856 57.8718 -8.29383 0.02 0.65814 4674.74 10654.4 0.486218 185 35 1 2.48207e-314 0 0 0 
1.85042 57.8219 -8.26151 0.02 0.670107 4667.02 10446.9 0.477536 186 35 1 2.48207e-314 0 0 0 
1.88095 57.728 -8.25644 0.02 0.683273 4654.66 10218.5 0.468334 187 35 1 2.48207e-314 0 0 0 
1.90906 57.6151 -5.30265 0.02 0.697043 4638.29 9981.37 0.459082 188 36 1 2.48207e-314 0 0 0 
1.93684 57.5434 -2.95225 0.02 0.712369 4618.85 9725.7 0.449205 189 36 1 2.48207e-314 0 0 0 
1.96473 57.4891 -0.637011 0.02 0.729677 4595.56 9447.13 0.43855 190 36 1 2.48207e-314 0 0 0 
1.99339 57.4706 1.12104 0.02 0.74971 4568.28 9140.13 0.426832 191 36 1 2.48207e-314 0 0 0 
2.02121 57.4393 3.17879 0.02 0.771608 4536.86 8819.65 0.414718 192 37 1 2.48207e-314 0 0 0 
2.04993 57.446 4.30372 0.02 0.797275 4500.92 8468.1 0.401367 193 37 1 2.48207e-314 0 0 0 
2.07708 57.3497 4.35577 0.02 0.824924 4458.37 8106.9 0.387915 194 38 1 2.48207e-314 0 0 0 
2.10041 57.2414 6.99969 0.02 0.851724 4415.47 7776.25 0.375709 195 37 1 2.48207e-314 0 0 0 
2.1229 57.1737 8.92535 0.02 0.880561 4371.63 7446.91 0.363405 196 38 1 2.48207e-314 0 0 0 
2.14532 57.1551 9.18692 0.02 0.91261 4326.89 7111.84 0.350643 197 38 1 2.48207e-314 0 0 0 
2.16689 57.1814 9.53178 0.02 0.946934 4283.1 6784.69 0.337933 198 38 1 2.48207e-314 0 0 0 
2.18569 57.2164 11.2131 0.02 0.980006 4243.71 6495.43 0.326529 199 39 1 2.48207e-314 0 0 0 
2.21731 57.1073 14.1437 0.02 1.0438 4166.75 5987.82 0.306571 200 39 1 2.48206e-314 0 0 0 
2.23408 57.1196 13.8736 0.02 1.08255 4125.98 5717.02 0.295599 201 39 1 2.48206e-314 0 0 0 
2.25158 57.1396 12.7079 0.02 1.12719 4081.87 5431.93 0.283893 202 39 1 2.48206e-314 0 0 0 
2.26865 57.1446 11.8121 0.02 1.17553 4036.58 5150.75 0.272218 203 39 1 2.48206e-314 0 0 0 
2.28472 57.1274 12.1256 0.02 1.22606 3991.63 4883.48 0.260999 204 38 1 2.48206e-314 0 0 0 
2.30074 57.0967 12.7854 0.02 1.28207 3945.76 4616.45 0.249596 205 38 1 2.48206e-314 0 0 0 
2.31979 57.1305 10.8547 0.02 1.35705 3896.77 4307.23 0.235805 206 38 1 2.48206e-314 0 0 0 
2.33644 57.2046 10.8313 0.02 1.43049 3856.6 4043.99 0.2237 207 38 1 2.48206e-314 0 0 0 
2.35053 57.2369 10.4045 0.02 1.49964 3820.79 3821.68 0.213384 208 38 1 2.48206e-314 0 0 0 
2.36408 57.2761 9.24781 0.02 1.57347 3787.4 3610.54 0.203372 209 38 1 2.48206e-314 0 0 0 
2.37629 57.2972 7.62419 0.02 1.64705 3757.19 3421.72 0.194286 210 37 1 2.48206e-314 0 0 0 
2.38743 57.2965 7.21261 0.02 1.72107 3728.9 3249.9 0.185931 211 37 1 2.48206e-314 0 0 0 
2.39955 57.32 4.41274 0.02 1.80996 3701.96 3067.98 0.1768 212 37 1 2.48206e-314 0 0 0 
2.4118 57.388 2.66294 0.02 1.90897 3679.95 2891.56 0.16763 213 36 1 2.48206e-314 0 0 0 
2.42322 57.4557 1.72937 0.02 2.01012 3662.15 2732.77 0.159194 214 36 1 2.48206e-314 0 0 0 
2.43375 57.5166 1.04855 0.02 2.1118 3648.15 2591.25 0.15153 215 36 1 2.48206e-314 0 0 0 
2.44331 57.5619 0.331124 0.02 2.21218 3637.26 2466.28 0.144654 216 35 1 2.48206e-314 0 0 0 
2.4519 57.5852 -0.616754 0.02 2.30989 3628.8 2356.47 0.138535 217 35 1 2.48206e-314 0 0 0 
2.46021 57.6109 -2.56351 0.02 2.41209 3623.52 2253.34 0.132665 218 34 1 2.48206e-314 0 0 0 
2.46846 57.6522 -4.17787 0.02 2.52083 3622.13 2155.32 0.126942 219 34 1 2.48206e-314 0 0 0 
2.47657 57.7025 -4.96517 0.02 2.63454 3624.5 2063.64 0.121463 220 33 1 2.48206e-314 0 0 0 
2.48446 57.7553 -5.68645 0.02 2.751 3630.41 1979.5 0.116321 221 33 1 2.48206e-314 0 0 0 
2.49203 57.8073 -6.14162 0.02 2.86787 3639.67 1903.68 0.111581 222 32 1 2.48206e-314 0 0 0 
2.49912 57.8485 -6.38511 0.02 2.98148 3651.51 1837.09 0.107329 223 32 1 2.48206e-314 0 0 0 
2.50569 57.8758 -6.68147 0.02 3.09025 3665.44 1779.2 0.103552 224 32 1 2.48206e-314 0 0 0 
2.51189 57.8966 -7.26468 0.02 3.19581 3681.75 1728.08 0.100131 225 32 1 2.48206e-314 0 0 0 
2.51788 57.9186 -8.00874 0.02 3.29972 3700.81 1682.33 0.096978 226 32 1 2.48206e-314 0 0 0 
2.52372 57.9446 -8.09848 0.02 3.40188 3722.65 1641.44 0.0940655 227 31 1 2.48206e-314 0 0 0 
2.52947 57.9742 -7.97044 0.02 3.50165 3747.2 1605.19 0.0913855 228 31 1 2.48206e-314 0 0 0 
2.53514 58.0035 -7.59551 0.02 3.59779 3774.16 1573.54 0.0889434 229 31 1 2.48206e-314 0 0 0 
2.54069 58.028 -7.16204 0.02 3.68867 3803.17 1546.57 0.0867522 230 31 1 2.48206e-314 0 0 0 
2.54609 58.0456 -7.0895 0.02 3.77261 3833.73 1524.3 0.0848219 231 30 1 2.48206e-314 0 0 0 
2.55129 58.056 -6.94261 0.02 3.8488 3865.43 1506.49 0.0831428 232 31 1 2.48206e-314 0 0 0 
2.55631 58.0615 -6.83659 0.02 3.91723 3898.07 1492.67 0.0816904 233 31 1 2.48206e-314 0 0 0 
2.56119 58.0652 -6.55375 0.02 3.97817 3931.55 1482.43 0.080439 234 30 1 2.48206e-314 0 0 0 
2.56598 58.0689 -6.13289 0.02 4.03208 3965.86 1475.37 0.0793635 235 30 1 2.48206e-314 0 0 0 
2.57075 58.0719 -5.26732 0.02 4.07921 4000.97 1471.24 0.0784466 236 30 1 2.48206e-314 0 0 0 
2.57552 58.0744 -4.62992 0.02 4.11951 4036.73 1469.86 0.0776792 237 31 1 2.48206e-314 0 0 0 
2.5803 58.076 -3.84573 0.02 4.15273 4072.73 1471.11 0.0770577 238 31 1 2.48206e-314 0 0 0 
2.58508 58.0743 -3.08621 0.02 4.17885 4108.59 1474.79 0.0765761 239 31 1 2.48206e-314 0 0 0 
2.58983 58.0688 -2.47211 0.02 4.19808 4143.89 1480.65 0.0762254 240 30 1 2.48206e-314 0 0 0 
2.59454 58.0595 -1.86892 0.02 4.21092 4178.25 1488.37 0.0759929 241 30 1 2.48206e-314 0 0 0 
2.59919 58.047 -1.34447 0.02 4.21809 4211.41 1497.63 0.0758637 242 31 1 2.48206e-314 0 0 0 
2.60383 58.033 -0.855181 0.02 4.22034 4243.26 1508.15 0.0758232 243 31 1 2.48206e-314 0 0 0 
2.60847 58.019 -0.269681 0.02 4.21831 4273.73 1519.72 0.0758598 244 31 1 2.48206e-314 0 0 0 
2.61316 58.0061 0.376618 0.02 4.21252 4302.66 1532.1 0.075964 245 31 1 2.48206e-314 0 0 0 
2.61789 57.9937 0.937389 0.02 4.20351 4329.82 1545.08 0.0761269 246 31 1 2.48206e-314 0 0 0 
2.62265 57.9807 1.57486 0.02 4.19182 4355.04 1558.41 0.0763391 247 31 1 2.48206e-314 0 0 0 
2.62744 57.9669 1.82347 0.02 4.17803 4378.17 1571.86 0.0765912 248 32 1 2.48206e-314 0 0 0 
2.63224 57.9519 2.16937 0.02 4.16269 4399.13 1585.2 0.0768733 249 32 1 2.48206e-314 0 0 0 
2.63705 57.9357 2.28494 0.02 4.14634 4417.91 1598.25 0.0771764 250 32 1 2.48206e-314 0 0 0 
2.64187 57.9198 2.30496 0.02 4.12942 4434.55 1610.84 0.0774927 251 32 1 2.48206e-314 0 0 0 
2.64672 57.9043 2.46145 0.02 4.11229 4449.11 1622.86 0.0778155 252 32 1 2.48206e-314 0 0 0 
2.65159 57.8896 2.57664 0.02 4.09526 4461.67 1634.21 0.078139 253 32 1 2.48206e-314 0 0 0 
2.65649 57.8761 2.64869 0.02 4.07861 4472.31 1644.79 0.0784581 254 32 1 2.48206e-314 0 0 0 
2.66142 57.8637 2.66249 0.02 4.06255 4481.13 1654.55 0.0787683 255 32 1 2.48206e-314 0 0 0 
2.66637 57.8521 2.69672 0.02 4.04728 4488.23 1663.42 0.0790655 256 32 1 2.48206e-314 0 0 0 
2.67134 57.8409 2.67768 0.02 4.03294 4493.74 1671.39 0.0793465 257 32 1 2.48206e-314 0 0 0 
2.67633 57.8304 2.58264 0.02 4.01966 4497.8 1678.42 0.0796088 258 32 1 2.48206e-314 0 0 0 
2.68134 57.8205 2.42855 0.02 4.0075 4500.54 1684.54 0.0798503 259 32 1 2.48206e-314 0 0 0 
2.68635 57.8113 2.20755 0.02 3.99651 4502.1 1689.76 0.0800698 260 32 1 2.48206e-314 0 0 0 
2.69138 57.803 1.92229 0.02 3.98672 4502.63 1694.11 0.0802665 261 32 1 2.48206e-314 0 0 0 
2.69641 57.7956 1.58248 0.02 3.9781 4502.26 1697.64 0.0804403 262 32 1 2.48206e-314 0 0 0 
2.70146 57.7892 1.19806 0.02 3.97064 4501.14 1700.41 0.0805916 263 32 1 2.48206e-314 0 0 0 
2.70651 57.7838 0.772098 0.02 3.96429 4499.38 1702.46 0.0807207 264 32 1 2.48206e-314 0 0 0 
2.71157 57.7794 0.317925 0.02 3.95899 4497.09 1703.87 0.0808286 265 32 1 2.48206e-314 0 0 0 
2.71664 57.7758 -0.135757 0.02 3.95471 4494.4 1704.7 0.0809162 266 32 1 2.48206e-314 0 0 0 
2.72172 57.7731 -0.552116 0.02 3.95136 4491.39 1705 0.0809848 267 32 1 2.48206e-314 0 0 0 
2.7268 57.771 -0.887494 0.02 3.94888 4488.16 1704.85 0.0810357 268 33 1 2.48206e-314 0 0 0 
2.73188 57.7693 -1.11288 0.02 3.94719 4484.79 1704.3 0.0810704 269 33 1 2.48206e-314 0 0 0 
2.73695 57.768 -1.21114 0.02 3.94622 4481.36 1703.41 0.0810904 270 33 1 2.48206e-314 0 0 0 
2.74203 57.7671 -1.18583 0.02 3.94588 4477.92 1702.25 0.0810971 271 33 1 2.48206e-314 0 0 0 
2.7471 57.7666 -1.05748 0.02 3.94612 4474.52 1700.85 0.0810923 272 33 1 2.48206e-314 0 0 0 
2.75217 57.7665 -0.872871 0.02 3.94685 4471.22 1699.29 0.0810774 273 33 1 2.48206e-314 0 0 0 
2.75724 57.7668 -0.696807 0.02 3.948 4468.06 1697.59 0.0810538 274 33 1 2.48206e-314 0 0 0 
2.76231 57.7674 -0.603862 0.02 3.9495 4465.05 1695.8 0.0810229 275 33 1 2.48206e-314 0 0 0 
2.76738 57.7681 -0.661395 0.02 3.95129 4462.25 1693.97 0.0809862 276 32 1 2.48206e-314 0 0 0 
2.77244 57.769 -0.924011 0.02 3.95332 4459.65 1692.12 0.0809446 277 32 1 2.48206e-314 0 0 0 
2.7775 57.7701 -1.40912 0.02 3.95552 4457.29 1690.28 0.0808995 278 32 1 2.48206e-314 0 0 0 
2.78256 57.7713 -2.08811 0.02 3.95786 4455.17 1688.48 0.0808518 279 32 1 2.48206e-314 0 0 0 
2.78761 57.7727 -2.88802 0.02 3.96028 4453.28 1686.73 0.0808025 280 32 1 2.48206e-314 0 0 0 
2.79266 57.7744 -3.69356 0.02 3.96273 4451.63 1685.06 0.0807524 281 32 1 2.48206e-314 0 0 0 
2.7977 57.7763 -4.36071 0.02 3.96519 4450.21 1683.48 0.0807024 282 32 1 2.48206e-314 0 0 0 
2.80275 57.7783 -4.73701 0.02 3.96761 4449 1682 0.0806531 283 32 1 2.48206e-314 0 0 0 
2.80778 57.7804 -4.6885 0.02 3.96996 4447.97 1680.61 0.0806054 284 32 1 2.48206e-314 0 0 0 
2.81282 57.7823 -4.1163 0.02 3.97222 4447.12 1679.33 0.0805596 285 32 1 2.48206e-314 0 0 0 
2.81785 57.784 -2.99649 0.02 3.97436 4446.41 1678.16 0.0805162 286 32 1 2.48206e-314 0 0 0 
2.82288 57.7852 -1.39741 0.02 3.97636 4445.82 1677.09 0.0804756 287 32 1 2.48206e-314 0 0 0 
2.82791 57.7859 0.514334 0.02 3.97823 4445.34 1676.13 0.0804378 288 32 1 2.48206e-314 0 0 0 
2.83293 57.786 2.48201 0.02 3.97994 4444.95 1675.25 0.0804031 289 32 1 2.48206e-314 0 0 0 
2.83795 57.7854 4.18908 0.02 3.98152 4444.64 1674.48 0.0803714 290 32 1 2.48206e-314 0 0 0 
2.84297 57.7844 5.30608 0.02 3.98294 4444.4 1673.79 0.0803426 291 32 1 2.48206e-314 0 0 0 
2.84799 57.7832 5.54966 0.02 3.98423 4444.24 1673.19 0.0803166 292 32 1 2.48206e-314 0 0 0 
2.85301 57.782 4.74605 0.02 3.98539 4444.15 1672.67 0.0802933 293 32 1 2.48206e-314 0 0 0 
2.85802 57.781 2.88935 0.02 3.98642 4444.14 1672.24 0.0802726 294 32 1 2.48206e-314 0 0 0 
2.86304 57.7805 0.180939 0.02 3.98732 4444.19 1671.88 0.0802545 295 32 1 2.48206e-314 0 0 0 
2.86805 57.7808 -2.96241 0.02 3.98808 4444.29 1671.6 0.0802391 296 31 1 2.48206e-314 0 0 0 
2.87307 57.7817 -5.93679 0.02 3.9887 4444.42 1671.38 0.0802267 297 31 1 2.48206e-314 0 0 0 
2.87808 57.7833 -8.02498 0.02 3.98916 4444.53 1671.23 0.0802173 298 31 1 2.48206e-314 0 0 0 
2.88309 57.7851 -8.50447 0.02 3.98945 4444.59 1671.13 0.0802115 299 31 1 2.48206e-314 0 0 0 
2.8881 57.7866 -6.78042 0.02 3.98955 4444.54 1671.06 0.0802095 300 31 1 2.48206e-314 0 0 0 
2.89311 57.7874 -2.52247 0.02 3.98945 4444.33 1671.02 0.0802116 301 31 1 2.48206e-314 0 0 0 
2.89812 57.7867 4.21686 0.02 3.98914 4443.9 1670.99 0.0802178 302 31 1 2.48206e-314 0 0 0 
2.90313 57.7839 12.9341 0.02 3.98862 4443.23 1670.95 0.0802283 303 31 1 2.48206e-314 0 0 0 
2.90814 57.7788 22.6756 0.02 3.9879 4442.29 1670.9 0.0802427 304 32 1 2.48206e-314 0 0 0 
2.91315 57.7711 32.1244 0.02 3.98701 4441.1 1670.83 0.0802607 305 32 1 2.48206e-314 0 0 0 
2.91816 57.7611 39.7708 0.02 3.98597 4439.67 1670.73 0.0802816 306 32 1 2.48206e-314 0 0 0 
2.92318 57.7496 44.1592 0.02 3.98481 4438.06 1670.62 0.080305 307 32 1 2.48206e-314 0 0 0 
2.9282 57.7374 44.1797 0.02 3.98355 4436.32 1670.5 0.0803304 308 32 1 2.48206e-314 0 0 0 
2.93322 57.7259 39.3584 0.02 3.9822 4434.5 1670.38 0.0803575 309 32 1 2.48206e-314 0 0 0 
2.93825 57.7162 30.0943 0.02 3.98076 4432.65 1670.29 0.0803866 310 32 1 2.48206e-314 0 0 0 
2.94328 57.7093 17.7799 0.02 3.97919 4430.75 1670.24 0.0804183 311 32 1 2.48206e-314 0 0 0 
2.94831 57.7057 4.76518 0.02 3.97743 4428.77 1670.23 0.080454 312 32 1 2.48206e-314 0 0 0 
2.95334 57.7052 -5.87298 0.02 3.97538 4426.59 1670.26 0.0804954 313 32 1 2.48206e-314 0 0 0 
2.95837 57.7067 -10.7424 0.02 3.97294 4424.06 1670.32 0.0805448 314 32 1 2.48206e-314 0 0 0 
2.96339 57.7083 -6.69452 0.02 3.96999 4420.97 1670.38 0.0806048 315 32 1 2.48206e-314 0 0 0 
2.96842 57.7074 8.55313 0.02 3.9664 4417.1 1670.41 0.0806776 316 32 1 2.48206e-314 0 0 0 
2.97345 57.701 35.8343 0.02 3.96209 4412.2 1670.35 0.0807655 317 32 1 2.48206e-314 0 0 0 
2.97849 57.6861 74.1192 0.02 3.95698 4406.08 1670.18 0.0808698 318 32 1 2.48206e-314 0 0 0 
2.98352 57.6603 120.337 0.02 3.95104 4398.6 1669.84 0.0809912 319 32 1 2.48206e-314 0 0 0 
2.98857 57.622 169.659 0.02 3.94431 4389.72 1669.32 0.0811296 320 32 1 2.48206e-314 0 0 0 
2.99363 57.5714 215.278 0.02 3.93682 4379.48 1668.6 0.0812839 321 32 1 2.48206e-314 0 0 0 
2.9987 57.5103 250.205 0.02 3.92865 4368.01 1667.71 0.0814529 322 32 1 2.48206e-314 0 0 0 
3.00379 57.4423 268.419 0.02 3.91988 4355.51 1666.68 0.0816351 323 32 1 2.48206e-314 0 0 0 
3.0089 57.3722 266.035 0.02 3.91055 4342.17 1665.57 0.08183 324 32 1 2.48206e-314 0 0 0 
3.01402 57.3055 242.548 0.02 3.90063 4328.18 1664.45 0.0820381 325 32 1 2.48206e-314 0 0 0 
3.01916 57.2471 201.789 0.02 3.89 4313.58 1663.38 0.0822622 326 32 1 2.48206e-314 0 0 0 
3.02432 57.2005 151.91 0.02 3.87844 4298.28 1662.42 0.0825074 327 32 1 2.48206e-314 0 0 0 
3.02949 57.1666 104.726 0.02 3.86561 4281.95 1661.58 0.0827812 328 32 1 2.48206e-314 0 0 0 
3.03466 57.1427 75.2655 0.02 3.85107 4264.02 1660.83 0.0830937 329 32 1 2.48206e-314 0 0 0 
3.03984 57.122 79.8751 0.02 3.83432 4243.71 1660.08 0.0834568 330 31 1 2.48206e-314 0 0 0 
3.04503 57.0941 132.199 0.02 3.81483 4220.09 1659.2 0.0838831 331 31 1 2.48206e-314 0 0 0 
3.05022 57.045 242.213 0.02 3.79213 4192.16 1658.01 0.0843854 332 31 1 2.48206e-314 0 0 0 
3.05543 56.9599 410.797 0.02 3.76582 4158.99 1656.3 0.0849749 333 31 1 2.48206e-314 0 0 0 
3.06067 56.8247 627.158 0.02 3.73565 4119.79 1653.87 0.0856611 334 31 1 2.48206e-314 0 0 0 
3.06595 56.6305 864.681 0.02 3.70154 4074.04 1650.52 0.0864506 335 31 1 2.48206e-314 0 0 0 
3.07129 56.3755 1095.48 0.02 3.66356 4021.53 1646.1 0.0873467 336 31 1 2.48206e-314 0 0 0 
3.0767 56.064 1299.15 0.02 3.62197 3962.37 1640.49 0.0883496 337 32 1 2.48206e-314 0 0 0 
3.0822 55.7054 1459.35 0.02 3.57716 3896.97 1633.63 0.0894564 338 32 1 2.48206e-314 0 0 0 
3.0878 55.3125 1562.57 0.02 3.52957 3826 1625.54 0.0906625 339 32 1 2.48206e-314 0 0 0 
3.0935 54.9014 1600.32 0.02 3.47966 3750.27 1616.27 0.091963 340 31 1 2.48206e-314 0 0 0 
3.09932 54.489 1573.24 0.02 3.42776 3670.63 1605.95 0.0933555 341 31 1 2.48206e-314 0 0 0 
3.10523 54.0904 1494.34 0.02 3.37404 3587.73 1594.69 0.0948419 342 31 1 2.48206e-314 0 0 0 
3.11125 53.7158 1389.72 0.02 3.31843 3501.86 1582.57 0.0964313 343 31 1 2.48206e-314 0 0 0 
3.11736 53.3676 1292.91 0.02 3.26058 3412.81 1569.6 0.0981419 344 31 1 2.48206e-314 0 0 0 
3.12356 53.0382 1244.96 0.02 3.19992 3319.79 1555.59 0.100002 345 31 1 2.48206e-314 0 0 0 
3.12985 52.7096 1289.01 0.02 3.13567 3221.47 1540.21 0.102052 346 31 1 2.48206e-314 0 0 0 
3.13622 52.3519 1469.71 0.02 3.067 3116.16 1522.93 0.104337 347 31 1 2.48206e-314 0 0 0 
3.14269 51.9258 1817.29 0.02 2.99311 3002.05 1503.04 0.106912 348 31 1 2.48206e-314 0 0 0 
3.14928 51.3854 2350.72 0.02 2.91333 2877.44 1479.74 0.10984 349 31 1 2.48206e-314 0 0 0 
3.15603 50.6807 3084.82 0.02 2.82719 2741 1452.16 0.113187 350 31 1 2.48206e-314 0 0 0 
3.16299 49.7604 4010.64 0.02 2.73454 2592.05 1419.41 0.117022 351 31 1 2.48206e-314 0 0 0 
3.17022 48.5786 5100.18 0.02 2.6355 2430.57 1380.66 0.121419 352 32 1 2.48206e-314 0 0 0 
3.17779 47.0976 6314.82 0.02 2.53051 2257.34 1335.16 0.126457 353 31 1 2.48206e-314 0 0 0 
3.18579 45.2916 7604.43 0.02 2.4204 2073.99 1282.27 0.13221 354 32 1 2.48206e-314 0 0 0 
3.1943 43.1495 8902.6 0.02 2.30638 1882.97 1221.56 0.138745 355 32 1 2.48206e-314 0 0 0 
3.20341 40.6792 10133.6 0.02 2.19001 1687.47 1152.87 0.146118 356 33 1 2.48206e-314 0 0 0 
3.2132 37.9082 11218.4 0.02 2.0731 1491.24 1076.36 0.154358 357 34 1 2.48206e-314 0 0 0 
3.22375 34.8826 12095 0.02 1.95762 1298.28 992.634 0.163464 358 35 1 2.48206e-314 0 0 0 
3.23511 31.6633 12710.7 0.02 1.84548 1112.51 902.727 0.173396 359 35 1 2.48206e-314 0 0 0 
3.24732 28.3225 13031.5 0.02 1.73847 937.464 808.133 0.18407 360 37 1 2.48206e-314 0 0 0 
3.26041 24.938 13048.6 0.02 1.63803 775.97 710.738 0.195356 361 38 1 2.48206e-314 0 0 0 
3.27438 21.5886 12761.3 0.02 1.54525 630.089 612.746 0.207086 362 38 1 2.48206e-314 0 0 0 
3.28921 18.351 12188.6 0.02 1.46083 501.089 516.583 0.219054 363 39 1 2.48206e-314 0 0 0 
3.30486 15.2949 11364 0.02 1.38507 389.474 424.731 0.231035 364 40 1 2.48206e-314 0 0 0 
3.32127 12.4805 10326.6 0.02 1.31802 295.15 339.575 0.242789 365 40 1 2.48206e-314 0 0 0 
3.33838 9.95631 9129.97 0.02 1.25946 217.496 263.205 0.254077 366 41 1 2.48206e-314 0 0 0 
3.3561 7.75513 7838.7 0.02 1.209 155.414 197.192 0.264681 367 41 1 2.48206e-314 0 0 0 
3.37435 5.89229 6524 0.02 1.16614 107.392 142.398 0.27441 368 40 1 2.48206e-314 0 0 0 
3.39303 4.36481 5255.43 0.02 1.13026 71.5993 98.8851 0.28312 369 41 1 2.48206e-314 0 0 0 
3.41208 3.15281 4093.62 0.02 1.10071 45.9954 65.9429 0.290722 370 40 1 2.48206e-314 0 0 0 
3.43139 2.22273 3083.39 0.02 1.07677 28.48 42.2311 0.297186 371 39 1 2.48206e-314 0 0 0 
3.45092 1.5319 2249.87 0.02 1.0577 17.0362 26.0199 0.302542 372 39 1 2.48206e-314 0 0 0 
3.47059 1.03397 1595.89 0.02 1.04278 9.87705 15.4716 0.306871 373 37 1 2.48206e-314 0 0 0 
3.49038 0.684467 1104.38 0.02 1.0313 5.5667 8.90765 0.310288 374 36 1 2.48206e-314 0 0 0 
3.51024 0.444827 747.66 0.02 1.02259 3.05613 4.97982 0.31293 375 35 1 2.48206e-314 0 0 0 
3.53015 0.283949 496.043 0.02 1.01609 1.63593 2.70798 0.314933 376 34 1 2.48206e-314 0 0 0 
3.55009 0.178026 323.011 0.02 1.0113 0.853538 1.43304 0.316424 377 34 1 2.48206e-314 0 0 0 
3.57005 0.109571 206.427 0.02 1.00783 0.432937 0.737425 0.317514 378 33 1 2.48206e-314 0 0 0 
3.59003 0.0661916 129.188 0.02 1.00535 0.213896 0.36886 0.318298 379 33 1 2.48206e-314 0 0 0 
3.61002 0.0392393 79.398 0.02 1.0036 0.102603 0.179332 0.318852 380 32 1 2.48206e-314 0 0 0 
3.63001 0.022805 47.8218 0.02 1.00239 0.0476792 0.0845301 0.319237 381 32 1 2.48206e-314 0 0 0 
3.65001 0.0129914 28.1717 0.02 1.00156 0.021501 0.0386362 0.3195 382 32 1 2.48206e-314 0 0 0 
3.67 0.00725817 16.2453 0.02 1.00101 0.00945027 0.0171795 0.319677 383 32 1 2.48206e-314 0 0 0 
3.69 0.00397609 9.19006 0.02 1.00064 0.00405806 0.00746072 0.319795 384 32 1 2.48206e-314 0 0 0 
3.71 0.00213407 5.09062 0.02 1.0004 0.00172123 0.00318954 0.319871 385 32 1 2.48206e-314 0 0 0 
3.73 0.0011222 2.75747 0.02 1.00025 0.000743623 0.00137413 0.31992 386 32 1 2.48206e-314 0 0 0 
3.75 0.000578487 1.46168 0.02 1.00015 0.000348522 0.000628674 0.319952 387 32 1 2.48206e-314 0 0 0 
3.77 0.000292285 0.75998 0.02 1.00009 0.000193034 0.00033181 0.319971 388 32 1 2.48206e-314 0 0 0 
3.79 0.00014459 0.386963 0.02 1.00005 0.000133674 0.000216872 0.319983 389 32 1 2.48206e-314 0 0 0 
3.81 6.9978e-05 0.192705 0.02 1.00003 0.000111764 0.000173767 0.31999 390 32 1 2.48206e-314 0 0 0 
3.83 3.31214e-05 0.0937773 0.02 1.00002 0.000103963 0.000158152 0.319994 391 32 1 2.48206e-314 0 0 0 
3.85 1.53312e-05 0.0445758 0.02 1.00001 0.000101287 0.000152697 0.319997 392 32 1 2.48206e-314 0 0 0 
3.87 6.94249e-06 0.0206979 0.02 1.00001 0.000100403 0.00015086 0.319998 393 32 1 2.48206e-314 0 0 0 
3.89 3.07748e-06 0.00939212 0.02 1 0.000100122 0.000150265 0.319999 394 32 1 2.48206e-314 0 0 0 
3.91 1.33661e-06 0.00416822 0.02 1 0.000100036 0.000150079 0.319999 395 32 1 2.48206e-314 0 0 0 
3.93 5.69307e-07 0.00181173 0.02 1 0.00010001 0.000150023 0.32 396 32 1 2.48206e-314 0 0 0 
3.95 2.37899e-07 0.000772325 0.02 1 0.000100003 0.000150007 0.32 397 32 1 2.48206e-314 0 0 0 
3.97 9.74759e-08 0.000323095 0.02 1 0.000100001 0.000150002 0.32 398 32 1 2.48206e-314 0 0 0 
3.99 3.90923e-08 0.000132565 0.02 1 0.0001 0.000150001 0.32 399 32 1 2.48206e-314 0 0 0 
4.01 1.52976e-08 5.32385e-05 0.02 1 0.0001 0.00015 0.32 400 32 1 2.48206e-314 0 0 0 
4.03 5.81667e-09 2.08405e-05 0.02 1 0.0001 0.00015 0.32 401 32 1 2.48206e-314 0 0 0 
4.05 2.14065e-09 7.90525e-06 0.02 1 0.0001 0.00015 0.32 402 32 1 2.48206e-314 0 0 0 
4.07 7.61423e-10 2.89155e-06 0.02 1 0.0001 0.00015 0.32 403 32 1 2.48206e-314 0 0 0 
4.09 2.624e-10 1.01961e-06 0.02 1 0.0001 0.00015 0.32 404 32 1 2.48206e-314 0 0 0 
4.11 8.80865e-11 3.48171e-07 0.02 1 0.0001 0.00015 0.32 405 32 1 2.48206e-314 0 0 0 
4.13 2.8998e-11 1.15918e-07 0.02 1 0.0001 0.00015 0.32 406 32 1 2.48206e-314 0 0 0 
4.15 9.42786e-12 3.78989e-08 0.02 1 0.0001 0.00015 0.32 407 32 1 2.48206e-314 0 0 0 
4.17 3.04909e-12 1.22602e-08 0.02 1 0.0001 0.00015 0.32 408 32 1 2.48206e-314 0 0 0 
4.19 9.87294e-13 3.9558e-09 0.02 1 0.0001 0.00015 0.32 409 32 1 2.48206e-314 0 0 0 
4.21 3.21256e-13 1.28215e-09 0.02 1 0.0001 0.00015 0.32 410 32 1 2.48206e-314 0 0 0 
4.23 1.04885e-13 4.18963e-10 0.02 1 0.0001 0.00015 0.32 411 32 1 2.48206e-314 0 0 0 
4.25 3.40606e-14 1.37652e-10 0.02 1 0.0001 0.00015 0.32 412 32 1 2.48206e-314 0 0 0 
4.27 1.08163e-14 4.49928e-11 0.02 1 0.0001 0.00015 0.32 413 32 1 2.48206e-314 0 0 0 
4.29 3.26604e-15 1.43485e-11 0.02 1 0.0001 0.00015 0.32 414 32 1 2.48206e-314 0 0 0 
4.31 8.91951e-16 4.32864e-12 0.02 1 0.0001 0.00015 0.32 415 32 1 2.48206e-314 0 0 0 
4.33 1.94555e-16 1.1698e-12 0.02 1 0.0001 0.00015 0.32 416 32 1 2.48206e-314 0 0 0 
4.35 1.58173e-17 2.46157e-13 0.02 1 0.0001 0.00015 0.32 417 32 1 2.48206e-314 0 0 0 
4.37 -1.64943e-17 1.36993e-14 0.02 1 0.0001 0.00015 0.32 418 32 1 2.48206e-314 0 0 0 
4.39 -1.46356e-17 -2.55615e-14 0.02 1 0.0001 0.00015 0.32 419 32 1 2.48206e-314 0 0 0 
4.41 -8.55145e-18 -2.10802e-14 0.02 1 0.0001 0.00015 0.32 420 32 1 2.48206e-314 0 0 0 
4.43 -4.27663e-18 -1.20477e-14 0.02 1 0.0001 0.00015 0.32 421 32 1 2.48206e-314 0 0 0 
4.45 -1.96355e-18 -5.95726e-15 0.02 1 0.0001 0.00015 0.32 422 32 1 2.48206e-314 0 0 0 
4.47 -8.52097e-19 -2.71553e-15 0.02 1 0.0001 0.00015 0.32 423 32 1 2.48206e-314 0 0 0 
4.49 -3.54488e-19 -1.17232e-15 0.02 1 0.0001 0.00015 0.32 424 31 1 2.48206e-314 0 0 0 
4.51 -1.42538e-19 -4.85819e-16 0.02 1 0.0001 0.00015 0.32 425 31 1 2.48206e-314 0 0 0 
4.53 -5.56675e-20 -1.94666e-16 0.02 1 0.0001 0.00015 0.32 426 31 1 2.48206e-314 0 0 0 
4.55 -2.11507e-20 -7.56947e-17 0.02 1 0.0001 0.00015 0.32 427 31 1 2.48206e-314 0 0 0 
4.57 -7.83048e-21 -2.85969e-17 0.02 1 0.0001 0.00015 0.32 428 31 1 2.48206e-314 0 0 0 
4.59 -2.83592e-21 -1.05735e-17 0.02 1 0.0001 0.00015 0.32 429 31 1 2.48206e-314 0 0 0 
4.61 -1.00359e-21 -3.81461e-18 0.02 1 0.0001 0.00015 0.32 430 31 1 2.48206e-314 0 0 0 
4.63 -3.43402e-22 -1.3345e-18 0.02 1 0.0001 0.00015 0.32 431 31 1 2.48206e-314 0 0 0 
4.65 -1.15794e-22 -4.66927e-19 0.02 1 0.0001 0.00015 0.32 432 31 1 2.48206e-314 0 0 0 
4.67 -3.7149e-23 -1.63054e-19 0.02 1 0.0001 0.00015 0.32 433 31 1 2.48206e-314 0 0 0 
4.69 -1.04458e-23 -5.23043e-20 0.02 1 0.0001 0.00015 0.32 434 31 1 2.48206e-314 0 0 0 
4.71 -2.49816e-24 -1.48231e-20 0.02 1 0.0001 0.00015 0.32 435 31 1 2.48206e-314 0 0 0 
4.73 -4.08285e-25 -3.17637e-21 0.02 1 0.0001 0.00015 0.32 436 31 1 2.48206e-314 0 0 0 
4.75 -2.40126e-26 -2.11758e-22 0.02 1 0.0001 0.00015 0.32 437 31 1 2.48206e-314 0 0 0 
4.77 0 0 0.02 1 0.0001 0.00015 0.32 438 31 1 2.48206e-314 0 0 0 
4.79 0 0 0.02 1 0.0001 0.00015 0.32 439 31 1 2.48206e-314 0 0 0 
4.81 0 0 0.02 1 0.0001 0.00015 0.32 440 31 1 2.48206e-314 0 0 0 
4.83 0 0 0.02 1 0.0001 0.00015 0.32 441 31 1 2.48206e-314 0 0 0 
4.85 0 0 0.02 1 0.0001 0.00015 0.32 442 31 1 2.48206e-314 0 0 0 
4.87 0 0 0.02 1 0.0001 0.00015 0.32 443 31 1 2.48206e-314 0 0 0 
4.89 0 0 0.02 1 0.0001 0.00015 0.32 444 31 1 2.48206e-314 0 0 0 
4.91 0 0 0.02 1 0.0001 0.00015 0.32 445 31 1 2.48206e-314 0 0 0 
4.93 0 0 0.02 1 0.0001 0.00015 0.32 446 31 1 2.48206e-314 0 0 0 
4.95 0 0 0.02 1 0.0001 0.00015 0.32 447 31 1 2.48206e-314 0 0 0 
4.97 0 0 0.02 1 0.0001 0.00015 0.32 448 31 1 2.48206e-314 0 0 0 
4.99 0 0 0.02 1 0.0001 0.00015 0.32 449 31 1 2.48206e-314 0 0 0 
5.01 0 0 0.02 1 0.0001 0.00015 0.32 450 31 1 2.48206e-314 0 0 0 
5.03 0 0 0.02 1 0.0001 0.00015 0.32 451 31 1 2.48206e-314 0 0 0 
5.05 0 0 0.02 1 0.0001 0.00015 0.32 452 31 1 2.48206e-314 0 0 0 
5.07 0 0 0.02 1 0.0001 0.00015 0.32 453 31 1 2.48206e-314 0 0 0 
5.09 0 0 0.02 1 0.0001 0.00015 0.32 454 31 1 2.48206e-314 0 0 0 
5.11 0 0 0.02 1 0.0001 0.00015 0.32 455 31 1 2.48206e-314 0 0 0 
5.13 0 0 0.02 1 0.0001 0.00015 0.32 456 31 1 2.48206e-314 0 0 0 
5.15 0 0 0.02 1 0.0001 0.00015 0.32 457 31 1 2.48206e-314 0 0 0 
5.17 0 0 0.02 1 0.0001 0.00015 0.32 458 31 1 2.48206e-314 0 0 0 
5.19 0 0 0.02 1 0.0001 0.00015 0.32 459 31 1 2.48206e-314 0 0 0 
5.21 0 0 0.02 1 0.0001 0.00015 0.32 460 31 1 2.48206e-314 0 0 0 
5.23 0 0 0.02 1 0.0001 0.00015 0.32 461 31 1 2.48206e-314 0 0 0 
5.25 0 0 0.02 1 0.0001 0.00015 0.32 462 31 1 2.48206e-314 0 0 0 
5.27 0 0 0.02 1 0.0001 0.00015 0.32 463 31 1 2.48206e-314 0 0 0 
5.29 0 0 0.02 1 0.0001 0.00015 0.32 464 31 1 2.48206e-314 0 0 0 
5.31 0 0 0.02 1 0.0001 0.00015 0.32 465 31 1 2.48206e-314 0 0 0 
5.33 0 0 0.02 1 0.0001 0.00015 0.32 466 31 1 2.48206e-314 0 0 0 
5.35 0 0 0.02 1 0.0001 0.00015 0.32 467 31 1 2.48206e-314 0 0 0 
5.37 0 0 0.02 1 0.0001 0.00015 0.32 468 31 1 2.48206e-314 0 0 0 
5.39 0 0 0.02 1 0.0001 0.00015 0.32 469 31 1 2.48206e-314 0 0 0 
5.41 0 0 0.02 1 0.0001 0.00015 0.32 470 31 1 2.48206e-314 0 0 0 
5.43 0 0 0.02 1 0.0001 0.00015 0.32 471 31 1 2.48206e-314 0 0 0 
5.45 0 0 0.02 1 0.0001 0.00015 0.32 472 31 1 2.48206e-314 0 0 0 
5.47 0 0 0.02 1 0.0001 0.00015 0.32 473 31 1 2.48206e-314 0 0 0 
5.49 0 0 0.02 1 0.0001 0.00015 0.32 474 31 1 2.48206e-314 0 0 0 
5.51 0 0 0.02 1 0.0001 0.00015 0.32 475 31 1 2.48206e-314 0 0 0 
5.53 0 0 0.02 1 0.0001 0.00015 0.32 476 31 1 2.48206e-314 0 0 0 
5.55 0 0 0.02 1 0.0001 0.00015 0.32 477 31 1 2.48206e-314 0 0 0 
5.57 0 0 0.02 1 0.0001 0.00015 0.32 478 31 1 2.48206e-314 0 0 0 
5.59 0 0 0.02 1 0.0001 0.00015 0.32 479 31 1 2.48206e-314 0 0 0 
5.61 0 0 0.02 1 0.0001 0.00015 0.32 480 31 1 2.48206e-314 0 0 0 
5.63 0 0 0.02 1 0.0001 0.00015 0.32 481 31 1 2.48206e-314 0 0 0 
5.65 0 0 0.02 1 0.0001 0.00015 0.32 482 31 1 2.48206e-314 0 0 0 
5.67 0 0 0.02 1 0.0001 0.00015 0.32 483 31 1 2.48206e-314 0 0 0 
5.69 0 0 0.02 1 0.0001 0.00015 0.32 484 31 1 2.48206e-314 0 0 0 
5.71 0 0 0.02 1 0.0001 0.00015 0.32 485 31 1 2.48206e-314 0 0 0 
5.73 0 0 0.02 1 0.0001 0.00015 0.32 486 31 1 2.48206e-314 0 0 0 
5.75 0 0 0.02 1 0.0001 0.00015 0.32 487 31 1 2.48206e-314 0 0 0 
5.77 0 0 0.02 1 0.0001 0.00015 0.32 488 31 1 2.48206e-314 0 0 0 
5.79 0 0 0.02 1 0.0001 0.00015 0.32 489 31 1 2.48206e-314 0 0 0 
5.81 0 0 0.02 1 0.0001 0.00015 0.32 490 31 1 2.48206e-314 0 0 0 
5.83 0 0 0.02 1 0.0001 0.00015 0.32 491 31 1 2.48206e-314 0 0 0 
5.85 0 0 0.02 1 0.0001 0.00015 0.32 492 31 1 2.48206e-314 0 0 0 
5.87 0 0 0.02 1 0.0001 0.00015 0.32 493 31 1 2.48206e-314 0 0 0 
5.89 0 0 0.02 1 0.0001 0.00015 0.32 494 31 1 2.48206e-314 0 0 0 
5.91 0 0 0.02 1 0.0001 0.00015 0.32 495 31 1 2.48206e-314 0 0 0 
5.93 0 0 0.02 1 0.0001 0.00015 0.32 496 31 1 2.48206e-314 0 0 0 
5.95 0 0 0.02 1 0.0001 0.00015 0.32 497 31 1 2.48206e-314 0 0 0 
5.97 0 0 0.02 1 0.0001 0.00015 0.32 498 31 1 2.48206e-314 0 0 0 
5.99 0 0 0.02 1 0.0001 0.00015 0.32 499 31 1 2.48206e-314 0 0 0 
6.01 0 0 0.02 1 0.0001 0.00015 0.32 500 31 1 2.48206e-314 0 0 0 
6.03 0 0 0.02 1 0.0001 0.00015 0.32 501 31 1 2.48206e-314 0 0 0 
6.05 0 0 0.02 1 0.0001 0.00015 0.32 502 31 1 2.48206e-314 0 0 0 
6.07 0 0 0.02 1 0.0001 0.00015 0.32 503 31 1 2.48206e-314 0 0 0 
6.09 0 0 0.02 1 0.0001 0.00015 0.32 504 31 1 2.48206e-314 0 0 0 
6.11 0 0 0.02 1 0.0001 0.00015 0.32 505 31 1 2.48206e-314 0 0 0 
6.13 0 0 0.02 1 0.0001 0.00015 0.32 506 31 1 2.48206e-314 0 0 0 
6.15 0 0 0.02 1 0.0001 0.00015 0.32 507 31 1 2.48206e-314 0 0 0 
6.17 0 0 0.02 1 0.0001 0.00015 0.32 508 31 1 2.48206e-314 0 0 0 
6.19 0 0 0.02 1 0.0001 0.00015 0.32 509 31 1 2.48206e-314 0 0 0 
6.21 0 0 0.02 1 0.0001 0.00015 0.32 510 31 1 2.48206e-314 0 0 0 
6.23 0 0 0.02 1 0.0001 0.00015 0.32 511 31 1 2.48206e-314 0 0 0 
6.25 0 0 0.02 1 0.0001 0.00015 0.32 512 31 1 2.48206e-314 0 0 0 
6.27 0 0 0.02 1 0.0001 0.00015 0.32 513 31 1 2.48206e-314 0 0 0 
6.29 0 0 0.02 1 0.0001 0.00015 0.32 514 31 1 2.48206e-314 0 0 0 
6.31 0 0 0.02 1 0.0001 0.00015 0.32 515 31 1 2.48206e-314 0 0 0 
6.33 0 0 0.02 1 0.0001 0.00015 0.32 516 31 1 2.48206e-314 0 0 0 
6.35 0 0 0.02 1 0.0001 0.00015 0.32 517 31 1 2.48206e-314 0 0 0 
6.37 0 0 0.02 1 0.0001 0.00015 0.32 518 31 1 2.48206e-314 0 0 0 
6.39 0 0 0.02 1 0.0001 0.00015 0.32 519 31 1 2.48206e-314 0 0 0 
6.41 0 0 0.02 1 0.0001 0.00015 0.32 520 31 1 2.48206e-314 0 0 0 
6.43 0 0 0.02 1 0.0001 0.00015 0.32 521 31 1 2.48206e-314 0 0 0 
6.45 0 0 0.02 1 0.0001 0.00015 0.32 522 31 1 2.48206e-314 0 0 0 
6.47 0 0 0.02 1 0.0001 0.00015 0.32 523 31 1 2.48206e-314 0 0 0 
6.49 0 0 0.02 1 0.0001 0.00015 0.32 524 31 1 2.48206e-314 0 0 0 
6.51 0 0 0.02 1 0.0001 0.00015 0.32 525 31 1 2.48206e-314 0 0 0 
6.53 0 0 0.02 1 0.0001 0.00015 0.32 526 31 1 2.48206e-314 0 0 0 
6.55 0 0 0.02 1 0.0001 0.00015 0.32 527 31 1 2.48206e-314 0 0 0 
6.57 0 0 0.02 1 0.0001 0.00015 0.32 528 31 1 2.48206e-314 0 0 0 
6.59 0 0 0.02 1 0.0001 0.00015 0.32 529 31 1 2.48206e-314 0 0 0 
6.61 0 0 0.02 1 0.0001 0.00015 0.32 530 31 1 2.48206e-314 0 0 0 
6.63 0 0 0.02 1 0.0001 0.00015 0.32 531 31 1 2.48206e-314 0 0 0 
6.65 0 0 0.02 1 0.0001 0.00015 0.32 532 31 1 2.48206e-314 0 0 0 
6.67 0 0 0.02 1 0.0001 0.00015 0.32 533 31 1 2.48206e-314 0 0 0 
6.69 0 0 0.02 1 0.0001 0.00015 0.32 534 31 1 2.48206e-314 0 0 0 
6.71 0 0 0.02 1 0.0001 0.00015 0.32 535 31 1 2.48206e-314 0 0 0 
6.73 0 0 0.02 1 0.0001 0.00015 0.32 536 31 1 2.48206e-314 0 0 0 
6.75 0 0 0.02 1 0.0001 0.00015 0.32 537 31 1 2.48206e-314 0 0 0 
6.77 0 0 0.02 1 0.0001 0.00015 0.32 538 31 1 2.48206e-314 0 0 0 
6.79 0 0 0.02 1 0.0001 0.00015 0.32 539 31 1 2.48206e-314 0 0 0 
6.81 0 0 0.02 1 0.0001 0.00015 0.32 540 31 1 2.48206e-314 0 0 0 
6.83 0 0 0.02 1 0.0001 0.00015 0.32 541 31 1 2.48206e-314 0 0 0 
6.85 0 0 0.02 1 0.0001 0.00015 0.32 542 31 1 2.48206e-314 0 0 0 
6.87 0 0 0.02 1 0.0001 0.00015 0.32 543 31 1 2.48206e-314 0 0 0 
6.89 0 0 0.02 1 0.0001 0.00015 0.32 544 31 1 2.48206e-314 0 0 0 
6.91 0 0 0.02 1 0.0001 0.00015 0.32 545 31 1 2.48206e-314 0 0 0 
6.93 0 0 0.02 1 0.0001 0.00015 0.32 546 31 1 2.48206e-314 0 0 0 
6.95 0 0 0.02 1 0.0001 0.00015 0.32 547 31 1 2.48206e-314 0 0 0 
6.97 0 0 0.02 1 0.0001 0.00015 0.32 548 31 1 2.48206e-314 0 0 0 
6.99 0 0 0.02 1 0.0001 0.00015 0.32 549 31 1 2.48206e-314 0 0 0 
7.01 0 0 0.02 1 0.0001 0.00015 0.32 550 31 1 2.48206e-314 0 0 0 
7.03 0 0 0.02 1 0.0001 0.00015 0.32 551 31 1 2.48206e-314 0 0 0 
7.05 0 0 0.02 1 0.0001 0.00015 0.32 552 31 1 2.48206e-314 0 0 0 
7.07 0 0 0.02 1 0.0001 0.00015 0.32 553 31 1 2.48206e-314 0 0 0 
7.09 0 0 0.02 1 0.0001 0.00015 0.32 554 31 1 2.48206e-314 0 0 0 
7.11 0 0 0.02 1 0.0001 0.00015 0.32 555 31 1 2.48206e-314 0 0 0 
7.13 0 0 0.02 1 0.0001 0.00015 0.32 556 31 1 2.48206e-314 0 0 0 
7.15 0 0 0.02 1 0.0001 0.00015 0.32 557 31 1 2.48206e-314 0 0 0 
7.17 0 0 0.02 1 0.0001 0.00015 0.32 558 31 1 2.48206e-314 0 0 0 
7.19 0 0 0.02 1 0.0001 0.00015 0.32 559 31 1 2.48206e-314 0 0 0 
7.21 0 0 0.02 1 0.0001 0.00015 0.32 560 31 1 2.48206e-314 0 0 0 
7.23 0 0 0.02 1 0.0001 0.00015 0.32 561 31 1 2.48206e-314 0 0 0 
7.25 0 0 0.02 1 0.0001 0.00015 0.32 562 31 1 2.48206e-314 0 0 0 
7.27 0 0 0.02 1 0.0001 0.00015 0.32 563 31 1 2.48206e-314 0 0 0 
7.29 0 0 0.02 1 0.0001 0.00015 0.32 564 31 1 2.48206e-314 0 0 0 
7.31 -2.26901e-24 -2.11758e-22 0.02 1 0.0001 0.00015 0.32 565 31 1 2.48206e-314 0 0 0 
7.33 -1.29677e-23 -1.05879e-21 0.02 1 0.0001 0.00015 0.32 566 31 1 2.48206e-314 0 0 0 
7.35 -3.99484e-23 -2.75286e-21 0.02 1 0.0001 0.00015 0.32 567 31 1 2.48206e-314 0 0 0 
7.37 -9.90629e-23 -6.14099e-21 0.02 1 0.0001 0.00015 0.32 568 31 1 2.48206e-314 0 0 0 
7.39 -2.17778e-22 -1.27055e-20 0.02 1 0.0001 0.00015 0.32 569 31 1 2.48206e-314 0 0 0 
7.41 -7.07024e-22 -2.68933e-20 0.02 1 0.0001 0.00015 0.32 570 31 1 2.48206e-314 0 0 0 
7.43 -3.00539e-21 -9.08443e-20 0.02 1 0.0001 0.00015 0.32 571 31 1 2.48206e-314 0 0 0 
7.45 -9.94065e-21 -2.65121e-19 0.02 1 0.0001 0.00015 0.32 572 31 1 2.48206e-314 0 0 0 
7.47 -2.63903e-20 -6.73391e-19 0.02 1 0.0001 0.00015 0.32 573 31 1 2.48206e-314 0 0 0 
7.49 -5.83413e-20 -1.47151e-18 0.02 1 0.0001 0.00015 0.32 574 31 1 2.48206e-314 0 0 0 
7.51 -1.16573e-19 -2.90744e-18 0.02 1 0.0001 0.00015 0.32 575 31 1 2.48206e-314 0 0 0 
7.53 -2.11145e-19 -5.2408e-18 0.02 1 0.0001 0.00015 0.32 576 31 1 2.48206e-314 0 0 0 
7.55 -3.54042e-19 -8.74434e-18 0.02 1 0.0001 0.00015 0.32 577 31 1 2.48206e-314 0 0 0 
7.57 -5.60139e-19 -1.36607e-17 0.02 1 0.0001 0.00015 0.32 578 31 1 2.48206e-314 0 0 0 
7.59 -8.31991e-19 -2.03656e-17 0.02 1 0.0001 0.00015 0.32 579 31 1 2.48206e-314 0 0 0 
7.61 -1.17133e-18 -2.8602e-17 0.02 1 0.0001 0.00015 0.32 580 31 1 2.48206e-314 0 0 0 
7.63 -1.56891e-18 -3.84041e-17 0.02 1 0.0001 0.00015 0.32 581 31 1 2.48206e-314 0 0 0 
7.65 -2.00586e-18 -4.90794e-17 0.02 1 0.0001 0.00015 0.32 582 31 1 2.48206e-314 0 0 0 
7.67 -2.44648e-18 -5.98399e-17 0.02 1 0.0001 0.00015 0.32 583 31 1 2.48206e-314 0 0 0 
7.69 -2.8429e-18 -6.95088e-17 0.02 1 0.0001 0.00015 0.32 584 31 1 2.48206e-314 0 0 0 
7.71 -2.74732e-18 -6.69899e-17 0.02 1 0.0001 0.00015 0.32 585 32 1 2.48206e-314 0 0 0 
7.73 -2.0984e-18 -5.11134e-17 0.02 1 0.0001 0.00015 0.32 586 32 1 2.48206e-314 0 0 0 
7.75 -8.42314e-19 -2.03212e-17 0.02 1 0.0001 0.00015 0.32 587 32 1 2.48206e-314 0 0 0 
7.77 1.03204e-18 2.56331e-17 0.02 1 0.0001 0.00015 0.32 588 32 1 2.48206e-314 0 0 0 
7.79 3.5267e-18 8.6689e-17 0.02 1 0.0001 0.00015 0.32 589 32 1 2.48206e-314 0 0 0 
7.81 6.61535e-18 1.62332e-16 0.02 1 0.0001 0.00015 0.32 590 32 1 2.48206e-314 0 0 0 
7.83 1.02396e-17 2.51036e-16 0.02 1 0.0001 0.00015 0.32 591 32 1 2.48206e-314 0 0 0 
7.85 1.43338e-17 3.51246e-16 0.02 1 0.0001 0.00015 0.32 592 32 1 2.48206e-314 0 0 0 
7.87 1.71716e-17 4.20742e-16 0.02 1 0.0001 0.00015 0.32 593 32 1 2.48206e-314 0 0 0 
7.89 1.86629e-17 4.57241e-16 0.02 1 0.0001 0.00015 0.32 594 32 1 2.48206e-314 0 0 0 
7.91 1.87111e-17 4.58394e-16 0.02 1 0.0001 0.00015 0.32 595 32 1 2.48206e-314 0 0 0 
7.93 1.72786e-17 4.23499e-16 0.02 1 0.0001 0.00015 0.32 596 32 1 2.48206e-314 0 0 0 
7.95 1.43605e-17 3.52007e-16 0.02 1 0.0001 0.00015 0.32 597 33 1 2.48206e-314 0 0 0 
7.97 9.99545e-18 2.45027e-16 0.02 1 0.0001 0.00015 0.32 598 33 1 2.48206e-314 0 0 0 
7.99 4.20745e-18 1.03397e-16 0.02 1 0.0001 0.00015 0.32 599 33 1 2.48206e-314 0 0 0 
-4.01 0 28534.3 0.02 0.738344 7383.44 15000 0.433402 600 35 1 3.03136e-314 0 0 0 
-4.03 0 31229.4 0.02 0.757017 7570.17 15000 0.422712 601 35 1 3.03136e-314 0 0 0 
-4.05 0 33243.9 0.02 0.779174 7791.74 15000 0.410692 602 33 1 3.03136e-314 0 0 0 
-4.07 0 34474.4 0.02 0.805532 8055.32 15000 0.397253 603 32 1 3.03136e-314 0 0 0 
-4.09 0 34477.9 0.02 0.836739 8367.39 15000 0.382437 604 32 1 3.03136e-314 0 0 0 
-4.11 0 32612.9 0.02 0.871745 8717.45 15000 0.36708 605 31 1 3.03136e-314 0 0 0 
-4.13 0 28865.3 0.02 0.907255 9072.55 15000 0.352713 606 31 1 3.03136e-314 0 0 0 
-4.15 0 23703.7 0.02 0.93886 9388.6 15000 0.340839 607 30 1 3.03136e-314 0 0 0 
-4.17 0 18225.9 0.02 0.963232 9632.32 15000 0.332215 608 29 1 3.03136e-314 0 0 0 
-4.19 0 13321.7 0.02 0.979891 9798.91 15000 0.326567 609 29 1 3.03136e-314 0 0 0 
-4.21 0 9326.27 0.02 0.990126 9901.26 15000 0.323191 610 27 1 3.03136e-314 0 0 0 
-4.23 0 6547.33 0.02 0.995748 9957.48 15000 0.321366 611 28 1 3.03136e-314 0 0 0 
-4.25 0 4978.45 0.02 0.998503 9985.03 15000 0.32048 612 29 1 3.03136e-314 0 0 0 
-4.27 0 4399.74 0.02 0.999631 9996.31 15000 0.320118 613 30 1 3.03136e-314 0 0 0 
-4.29 0 4524.67 0.02 0.999959 9999.59 15000 0.320013 614 31 1 3.03136e-314 0 0 0 
-4.31 0 4981.57 0.02 1 10000 15000 0.32 615 31 1 3.03136e-314 0 0 0 
-4.33 0 5289.18 0.02 1 10000 15000 0.32 616 31 1 3.03136e-314 0 0 0 
-4.35 0 4691.59 0.02 0.999959 9999.59 15000 0.320013 617 31 1 3.03136e-314 0 0 0 
-4.37 0 2381.48 0.02 0.999631 9996.31 15000 0.320118 618 30 1 3.03136e-314 0 0 0 
-4.39 0 -1574.32 0.02 0.998503 9985.03 15000 0.32048 619 29 1 3.03136e-314 0 0 0 
-4.41 0 -7047.86 0.02 0.995748 9957.48 15000 0.321366 620 28 1 3.03136e-314 0 0 0 
-4.43 0 -13900.4 0.02 0.990126 9901.26 15000 0.323191 621 27 1 3.03136e-314 0 0 0 
-4.45 0 -21990.1 0.02 0.979822 9798.22 15000 0.32659 622 26 1 3.03136e-314 0 0 0 
-4.47 0 -31126.5 0.02 0.962228 9622.28 15000 0.332561 623 25 1 3.03136e-314 0 0 0 
-4.49 0 -41000.2 0.02 0.933731 9337.31 15000 0.342711 624 25 1 3.03136e-314 0 0 0 
-4.51 0 -50898.6 0.02 0.890771 8907.71 15000 0.359239 625 24 1 3.03136e-314 0 0 0 
-4.53 0 -59981.5 0.02 0.832895 8328.95 15000 0.384202 626 25 1 3.03136e-314 0 0 0 
-4.55 0 -67505.4 0.02 0.764751 7647.51 15000 0.418437 627 25 1 3.03136e-314 0 0 0 
-4.57 0 -73011.1 0.02 0.6944 6944 15000 0.460829 628 27 1 3.03136e-314 0 0 0 
-4.59 0 -76481.5 0.02 0.62873 6287.3 15000 0.508962 629 28 1 3.03136e-314 0 0 0 
-4.61 0 -78202.7 0.02 0.571028 5710.28 15000 0.560393 630 30 1 3.03136e-314 0 0 0 
-4.63 0 -78551.8 0.02 0.521739 5217.39 15000 0.613333 631 31 1 3.03136e-314 0 0 0 
8.01 0 -7.1033e-17 0.02 1 0.0001 0.00015 0.32 632 33 1 3.03136e-314 0 0 0 
8.03 0 -5.06339e-08 0.02 1 0.0001 0.00015 0.32 633 33 1 3.03136e-314 0 0 0 
8.05 0 -3.17263e-07 0.02 1 0.0001 0.00015 0.32 634 33 1 3.03136e-314 0 0 0 
8.07 0 -9.68767e-07 0.02 1 0.0001 0.00015 0.32 635 33 1 3.03136e-314 0 0 0 
8.09 0 -2.20229e-06 0.02 1 0.0001 0.00015 0.32 636 32 1 3.03136e-314 0 0 0 
8.11 0 -4.34936e-06 0.02 1 0.0001 0.00015 0.32 637 32 1 3.03136e-314 0 0 0 
8.13 0 -7.84431e-06 0.02 1 0.0001 0.00015 0.32 638 32 1 3.03136e-314 0 0 0 
8.15 0 -1.34436e-05 0.02 1 0.0001 0.00015 0.32 639 32 1 3.03136e-314 0 0 0 
8.17 0 -2.29056e-05 0.02 1 0.0001 0.00015 0.32 640 32 1 3.03136e-314 0 0 0 
8.19 0 -3.61693e-05 0.02 1 0.0001 0.00015 0.32 641 32 1 3.03136e-314 0 0 0 
8.21 0 -5.19572e-05 0.02 1 0.0001 0.00015 0.32 642 32 1 3.03136e-314 0 0 0 
8.23 0 -6.89475e-05 0.02 1 0.0001 0.00015 0.32 643 32 1 3.03136e-314 0 0 0 
8.25 0 -8.57501e-05 0.02 1 0.0001 0.00015 0.32 644 32 1 3.03136e-314 0 0 0 
8.27 0 -0.000100878 0.02 1 0.0001 0.00015 0.32 645 32 1 3.03136e-314 0 0 0 
8.29 0 -0.000112715 0.02 1 0.0001 0.00015 0.32 646 31 1 3.03136e-314 0 0 0 
8.31 0 -0.000119459 0.02 1 0.0001 0.00015 0.32 647 31 1 3.03136e-314 0 0 0 
8.33 0 -0.000118983 0.02 1 0.0001 0.00015 0.32 648 31 1 3.03136e-314 0 0 0 
8.35 0 -0.000105681 0.02 0.999959 9.99959e-05 0.00015 0.320013 649 31 1 3.03136e-314 0 0 0 
8.37 0 -7.25203e-05 0.02 0.999631 9.99631e-05 0.00015 0.320118 650 30 1 3.03136e-314 0 0 0 
8.39 0 -2.13263e-05 0.02 0.998503 9.98503e-05 0.00015 0.32048 651 29 1 3.03136e-314 0 0 0 
8.41 0 4.51216e-05 0.02 0.995748 9.95748e-05 0.00015 0.321366 652 28 1 3.03136e-314 0 0 0 
8.43 0 0.000124006 0.02 0.990126 9.90126e-05 0.00015 0.323191 653 27 1 3.03136e-314 0 0 0 
8.45 0 0.000212573 0.02 0.979822 9.79822e-05 0.00015 0.32659 654 26 1 3.03136e-314 0 0 0 
8.47 0 0.000308325 0.02 0.962228 9.62228e-05 0.00015 0.332561 655 25 1 3.03136e-314 0 0 0 
8.49 0 0.00040888 0.02 0.933731 9.33731e-05 0.00015 0.342711 656 25 1 3.03136e-314 0 0 0 
8.51 0 0.000508598 0.02 0.890771 8.90771e-05 0.00015 0.359239 657 24 1 3.03136e-314 0 0 0 
8.53 0 0.000599735 0.02 0.832895 8.32895e-05 0.00015 0.384202 658 25 1 3.03136e-314 0 0 0 
8.55 0 0.000675109 0.02 0.764751 7.64751e-05 0.00015 0.418437 659 25 1 3.03136e-314 0 0 0 
8.57 0 0.000730258 0.02 0.6944 6.944e-05 0.00015 0.460829 660 27 1 3.03136e-314 0 0 0 
8.59 0 0.000765089 0.02 0.62873 6.2873e-05 0.00015 0.508962 661 28 1 3.03136e-314 0 0 0 
8.61 0 0.0007825 0.02 0.571028 5.71028e-05 0.00015 0.560393 662 30 1 3.03136e-314 0 0 0 
8.63 0 0.000786275 0.02 0.521739 5.21739e-05 0.00015 0.613333 663 31 1 3.03136e-314 0 0 0 
