# Time [s]: 0.0434558
# Columns: pos [m], vel [m/s], acc [m/s^2], mass [kg], dens [kg/m^3], pres [Pa], ene [J/kg], sml [m], id, neighbor, alpha, gradh, ...additional?
# Additional arrays: grad_velocity_0(vector) grad_pressure(vector) grad_density(vector) 
-3.85992 9.52944 85.6017 0.02 0.630339 6002.72 14284.6 0.507663 0 37 1 2.48207e-314 0 0 0 
-3.85353 8.90413 139.253 0.02 0.629478 5960.08 14202.6 0.508358 1 37 1 2.48207e-314 0 0 0 
-3.84392 8.19939 173.339 0.02 0.628365 5895.14 14072.8 0.509258 2 37 1 2.48207e-314 0 0 0 
-3.83018 7.55147 166.444 0.02 0.627113 5805.42 13886.3 0.510275 3 37 1 2.48207e-314 0 0 0 
-3.81203 7.09057 133.196 0.02 0.626032 5695.71 13647.4 0.511156 4 36 1 2.48207e-314 0 0 0 
-3.78868 6.99602 85.7042 0.02 0.625544 5573.23 13364.4 0.511554 5 36 1 2.48207e-314 0 0 0 
-3.75825 7.61993 60.8147 0.02 0.6263 5447.29 13046.6 0.510937 6 35 1 2.48207e-314 0 0 0 
-3.71605 9.73355 123.956 0.02 0.629108 5328.43 12704.9 0.508657 7 35 1 2.48207e-314 0 0 0 
-3.66488 12.868 261.912 0.02 0.632873 5234.39 12406.4 0.505631 8 34 1 2.48207e-314 0 0 0 
-3.62397 14.826 325.211 0.02 0.635281 5177.12 12224.2 0.503714 9 32 1 2.48207e-314 0 0 0 
-3.59462 15.2985 309.223 0.02 0.637066 5140.41 12103.5 0.502302 10 32 1 2.48207e-314 0 0 0 
-3.56827 15.407 270.703 0.02 0.639147 5112.7 11999.1 0.500667 11 31 1 2.48207e-314 0 0 0 
-3.54132 15.6537 241.166 0.02 0.641691 5090.38 11899.3 0.498682 12 31 1 2.48207e-314 0 0 0 
-3.51299 16.104 224.672 0.02 0.64459 5072.07 11803.2 0.496439 13 30 1 2.48207e-314 0 0 0 
-3.48356 16.7304 229.756 0.02 0.647609 5056.91 11713.1 0.494126 14 31 1 2.48207e-314 0 0 0 
-3.45374 17.4714 250.226 0.02 0.650501 5044.31 11631.9 0.491929 15 32 1 2.48207e-314 0 0 0 
-3.42337 18.3412 282.611 0.02 0.65311 5033.41 11560.4 0.489963 16 33 1 2.48207e-314 0 0 0 
-3.39219 19.2013 305.765 0.02 0.65536 5023.96 11499.1 0.488281 17 34 1 2.48207e-314 0 0 0 
-3.35991 20.1129 317.688 0.02 0.65715 5015.92 11449.4 0.486951 18 33 1 2.48207e-314 0 0 0 
-3.32784 20.9854 322.448 0.02 0.658387 5009.34 11412.9 0.486037 19 32 1 2.48207e-314 0 0 0 
-3.29672 21.7071 316.399 0.02 0.659245 5004.44 11386.9 0.485404 20 31 1 2.48207e-314 0 0 0 
-3.26645 22.3199 305.979 0.02 0.65991 5001.22 11368.1 0.484915 21 31 1 2.48207e-314 0 0 0 
-3.23681 22.8687 296.236 0.02 0.660486 4999.37 11354 0.484491 22 32 1 2.48207e-314 0 0 0 
-3.20755 23.3929 290.094 0.02 0.661019 4998.45 11342.8 0.484101 23 32 1 2.48207e-314 0 0 0 
-3.17838 23.9243 288.981 0.02 0.661518 4997.97 11333.1 0.483736 24 31 1 2.48207e-314 0 0 0 
-3.14878 24.508 288.91 0.02 0.661947 4997.31 11324.3 0.483422 25 32 1 2.48207e-314 0 0 0 
-3.11861 25.1578 291.031 0.02 0.662247 4996.02 11316.2 0.483203 26 32 1 2.48207e-314 0 0 0 
-3.08807 25.8485 295.817 0.02 0.662359 4993.85 11309.4 0.483122 27 32 1 2.48207e-314 0 0 0 
-3.05744 26.5368 299.508 0.02 0.662272 4990.87 11304.1 0.483185 28 31 1 2.48207e-314 0 0 0 
-3.0269 27.1934 299.521 0.02 0.662021 4987.34 11300.4 0.483368 29 31 1 2.48207e-314 0 0 0 
-2.99654 27.8112 296.093 0.02 0.661662 4983.52 11297.9 0.48363 30 31 1 2.48207e-314 0 0 0 
-2.96633 28.3976 290.588 0.02 0.661242 4979.54 11296 0.483938 31 31 1 2.48207e-314 0 0 0 
-2.93621 28.9658 284.627 0.02 0.660794 4975.47 11294.4 0.484266 32 31 1 2.48207e-314 0 0 0 
-2.90612 29.5304 279.942 0.02 0.660333 4971.26 11292.8 0.484604 33 31 1 2.48207e-314 0 0 0 
-2.87599 30.1 276.965 0.02 0.65986 4966.82 11290.8 0.484951 34 32 1 2.48207e-314 0 0 0 
-2.84577 30.679 275.53 0.02 0.659372 4962.07 11288.3 0.485311 35 32 1 2.48207e-314 0 0 0 
-2.81546 31.2656 275.011 0.02 0.658859 4956.96 11285.5 0.485688 36 32 1 2.48207e-314 0 0 0 
-2.78507 31.8552 274.6 0.02 0.658318 4951.48 11282.2 0.486087 37 32 1 2.48207e-314 0 0 0 
-2.75462 32.4427 273.74 0.02 0.657749 4945.67 11278.7 0.486508 38 32 1 2.48207e-314 0 0 0 
-2.72413 33.0242 272.216 0.02 0.657157 4939.6 11275.1 0.486946 39 32 1 2.48207e-314 0 0 0 
-2.69363 33.5972 270.096 0.02 0.656548 4933.35 11271.2 0.487398 40 32 1 2.48207e-314 0 0 0 
-2.66313 34.16 267.465 0.02 0.65593 4926.99 11267.3 0.487857 41 32 1 2.48207e-314 0 0 0 
-2.63263 34.7132 264.609 0.02 0.65531 4920.56 11263.2 0.488318 42 32 1 2.48207e-314 0 0 0 
-2.60212 35.2594 261.884 0.02 0.654694 4914.08 11259 0.488778 43 32 1 2.48207e-314 0 0 0 
-2.57159 35.8013 259.552 0.02 0.654083 4907.55 11254.5 0.489235 44 32 1 2.48207e-314 0 0 0 
-2.54103 36.3405 257.697 0.02 0.653476 4900.97 11249.9 0.489689 45 32 1 2.48207e-314 0 0 0 
-2.51042 36.8774 256.247 0.02 0.65287 4894.31 11245 0.490144 46 32 1 2.48207e-314 0 0 0 
-2.47977 37.4113 255.028 0.02 0.652263 4887.59 11240 0.490599 47 32 1 2.48207e-314 0 0 0 
-2.44909 37.9408 253.835 0.02 0.651654 4880.8 11234.9 0.491058 48 32 1 2.48207e-314 0 0 0 
-2.41837 38.4646 252.505 0.02 0.651043 4873.97 11229.7 0.491519 49 32 1 2.48207e-314 0 0 0 
-2.38762 38.9815 250.97 0.02 0.650429 4867.11 11224.5 0.491983 50 32 1 2.48207e-314 0 0 0 
-2.35685 39.4911 249.255 0.02 0.649814 4860.23 11219.2 0.492448 51 32 1 2.48207e-314 0 0 0 
-2.32605 39.9933 247.452 0.02 0.6492 4853.36 11214 0.492914 52 32 1 2.48207e-314 0 0 0 
-2.29523 40.4886 245.664 0.02 0.648587 4846.5 11208.7 0.49338 53 32 1 2.48207e-314 0 0 0 
-2.26439 40.9772 243.968 0.02 0.647976 4839.64 11203.4 0.493845 54 32 1 2.48207e-314 0 0 0 
-2.23351 41.4595 242.398 0.02 0.647366 4832.8 11198.1 0.494311 55 32 1 2.48207e-314 0 0 0 
-2.20261 41.9354 240.947 0.02 0.646757 4825.96 11192.8 0.494776 56 32 1 2.48207e-314 0 0 0 
-2.17167 42.405 239.58 0.02 0.646148 4819.12 11187.4 0.495243 57 32 1 2.48207e-314 0 0 0 
-2.1407 42.8679 238.254 0.02 0.645539 4812.29 11182.1 0.49571 58 32 1 2.48207e-314 0 0 0 
-2.1097 43.3238 236.924 0.02 0.644929 4805.47 11176.8 0.496179 59 32 1 2.48207e-314 0 0 0 
-2.07868 43.7725 235.563 0.02 0.644318 4798.65 11171.5 0.496649 60 32 1 2.48207e-314 0 0 0 
-2.04762 44.2137 234.163 0.02 0.643708 4791.85 11166.3 0.49712 61 32 1 2.48207e-314 0 0 0 
-2.01653 44.6473 232.731 0.02 0.643097 4785.06 11161 0.497592 62 32 1 2.48207e-314 0 0 0 
-1.98542 45.0732 231.284 0.02 0.642486 4778.29 11155.9 0.498065 63 32 1 2.48207e-314 0 0 0 
-1.95427 45.4914 229.842 0.02 0.641876 4771.54 11150.7 0.498539 64 32 1 2.48207e-314 0 0 0 
-1.9231 45.9019 228.42 0.02 0.641266 4764.81 11145.5 0.499013 65 32 1 2.48207e-314 0 0 0 
-1.8919 46.3047 227.023 0.02 0.640657 4758.1 11140.4 0.499487 66 32 1 2.48207e-314 0 0 0 
-1.86066 46.6998 225.65 0.02 0.640049 4751.42 11135.4 0.499962 67 32 1 2.48207e-314 0 0 0 
-1.8294 47.0872 224.29 0.02 0.639441 4744.76 11130.3 0.500437 68 32 1 2.48207e-314 0 0 0 
-1.79811 47.4668 222.933 0.02 0.638834 4738.12 11125.3 0.500912 69 32 1 2.48207e-314 0 0 0 
-1.76679 47.8384 221.568 0.02 0.638229 4731.51 11120.3 0.501388 70 32 1 2.48207e-314 0 0 0 
-1.73543 48.2022 220.186 0.02 0.637624 4724.92 11115.3 0.501863 71 32 1 2.48207e-314 0 0 0 
-1.70405 48.5579 218.785 0.02 0.637021 4718.37 11110.4 0.502338 72 32 1 2.48207e-314 0 0 0 
-1.67264 48.9055 217.361 0.02 0.63642 4711.85 11105.6 0.502812 73 32 1 2.48207e-314 0 0 0 
-1.6412 49.2452 215.915 0.02 0.635821 4705.36 11100.7 0.503286 74 32 1 2.48207e-314 0 0 0 
-1.60972 49.5768 214.449 0.02 0.635224 4698.91 11095.9 0.503759 75 32 1 2.48207e-314 0 0 0 
-1.57822 49.9005 212.959 0.02 0.634629 4692.5 11091.1 0.504232 76 32 1 2.48207e-314 0 0 0 
-1.54669 50.2161 211.445 0.02 0.634037 4686.12 11086.4 0.504702 77 32 1 2.48207e-314 0 0 0 
-1.51513 50.5238 209.902 0.02 0.633448 4679.79 11081.7 0.505172 78 32 1 2.48207e-314 0 0 0 
-1.48354 50.8235 208.324 0.02 0.632862 4673.51 11077.1 0.505639 79 32 1 2.48207e-314 0 0 0 
-1.45192 51.1154 206.704 0.02 0.632279 4667.27 11072.5 0.506105 80 32 1 2.48207e-314 0 0 0 
-1.42027 51.3993 205.036 0.02 0.631701 4661.08 11068 0.506569 81 32 1 2.48207e-314 0 0 0 
-1.3886 51.6754 203.314 0.02 0.631125 4654.94 11063.5 0.507031 82 32 1 2.48207e-314 0 0 0 
-1.35689 51.9438 201.532 0.02 0.630555 4648.86 11059 0.50749 83 32 1 2.48207e-314 0 0 0 
-1.32516 52.2044 199.685 0.02 0.629988 4642.83 11054.6 0.507946 84 32 1 2.48207e-314 0 0 0 
-1.29339 52.4574 197.768 0.02 0.629426 4636.87 11050.2 0.508399 85 32 1 2.48207e-314 0 0 0 
-1.2616 52.7027 195.777 0.02 0.62887 4630.97 11046 0.508849 86 32 1 2.48207e-314 0 0 0 
-1.22978 52.9406 193.707 0.02 0.628318 4625.13 11041.7 0.509296 87 32 1 2.48207e-314 0 0 0 
-1.19793 53.171 191.555 0.02 0.627772 4619.36 11037.5 0.509739 88 32 1 2.48207e-314 0 0 0 
-1.16606 53.394 189.315 0.02 0.627232 4613.66 11033.4 0.510178 89 32 1 2.48207e-314 0 0 0 
-1.13415 53.6098 186.984 0.02 0.626698 4608.04 11029.3 0.510613 90 32 1 2.48207e-314 0 0 0 
-1.10222 53.8184 184.557 0.02 0.62617 4602.49 11025.4 0.511043 91 32 1 2.48207e-314 0 0 0 
-1.07026 54.02 182.031 0.02 0.625649 4597.02 11021.4 0.511469 92 32 1 2.48207e-314 0 0 0 
-1.03828 54.2146 179.402 0.02 0.625135 4591.64 11017.6 0.511889 93 32 1 2.48207e-314 0 0 0 
-1.00627 54.4023 176.668 0.02 0.624628 4586.34 11013.8 0.512305 94 32 1 2.48207e-314 0 0 0 
-0.974234 54.5833 173.828 0.02 0.624129 4581.13 11010.1 0.512715 95 32 1 2.48207e-314 0 0 0 
-0.942172 54.7577 170.88 0.02 0.623637 4576 11006.4 0.513119 96 32 1 2.48207e-314 0 0 0 
-0.910085 54.9256 167.825 0.02 0.623153 4570.98 11002.9 0.513518 97 32 1 2.48207e-314 0 0 0 
-0.877973 55.0871 164.665 0.02 0.622677 4566.05 10999.4 0.51391 98 32 1 2.48207e-314 0 0 0 
-0.845837 55.2423 161.399 0.02 0.622209 4561.22 10996 0.514296 99 32 1 2.48207e-314 0 0 0 
-0.813676 55.3914 158.032 0.02 0.621751 4556.49 10992.7 0.514676 100 32 1 2.48207e-314 0 0 0 
-0.781492 55.5345 154.565 0.02 0.621301 4551.86 10989.5 0.515048 101 32 1 2.48207e-314 0 0 0 
-0.749285 55.6718 151.002 0.02 0.62086 4547.34 10986.4 0.515414 102 32 1 2.48207e-314 0 0 0 
-0.717055 55.8032 147.347 0.02 0.620429 4542.93 10983.4 0.515772 103 32 1 2.48207e-314 0 0 0 
-0.684803 55.9291 143.604 0.02 0.620007 4538.63 10980.5 0.516123 104 32 1 2.48207e-314 0 0 0 
-0.652529 56.0495 139.779 0.02 0.619595 4534.44 10977.6 0.516466 105 32 1 2.48207e-314 0 0 0 
-0.620233 56.1646 135.877 0.02 0.619193 4530.37 10974.9 0.516802 106 32 1 2.48207e-314 0 0 0 
-0.587917 56.2745 131.907 0.02 0.618801 4526.42 10972.2 0.517129 107 32 1 2.48207e-314 0 0 0 
-0.55558 56.3793 127.876 0.02 0.618419 4522.58 10969.7 0.517448 108 32 1 2.48207e-314 0 0 0 
-0.523224 56.4793 123.794 0.02 0.618048 4518.86 10967.3 0.517759 109 32 1 2.48207e-314 0 0 0 
-0.490848 56.5745 119.67 0.02 0.617688 4515.25 10964.9 0.518061 110 32 1 2.48207e-314 0 0 0 
-0.458454 56.665 115.514 0.02 0.617338 4511.77 10962.7 0.518355 111 32 1 2.48207e-314 0 0 0 
-0.426041 56.751 111.333 0.02 0.616999 4508.41 10960.5 0.518639 112 32 1 2.48207e-314 0 0 0 
-0.393612 56.8327 107.138 0.02 0.616671 4505.16 10958.4 0.518915 113 32 1 2.48207e-314 0 0 0 
-0.361165 56.9101 102.937 0.02 0.616355 4502.04 10956.5 0.519182 114 32 1 2.48207e-314 0 0 0 
-0.328702 56.9834 98.7378 0.02 0.616049 4499.03 10954.6 0.519439 115 32 1 2.48207e-314 0 0 0 
-0.296222 57.0528 94.5494 0.02 0.615756 4496.14 10952.7 0.519687 116 32 1 2.48207e-314 0 0 0 
-0.263728 57.1184 90.3806 0.02 0.615473 4493.36 10951 0.519925 117 32 1 2.48207e-314 0 0 0 
-0.231218 57.1803 86.2411 0.02 0.615202 4490.69 10949.3 0.520154 118 32 1 2.48207e-314 0 0 0 
-0.198695 57.2386 82.1411 0.02 0.614942 4488.14 10947.7 0.520374 119 32 1 2.48207e-314 0 0 0 
-0.166158 57.2936 78.0907 0.02 0.614694 4485.69 10946.2 0.520584 120 32 1 2.48207e-314 0 0 0 
-0.133608 57.3453 74.1 0.02 0.614457 4483.34 10944.6 0.520785 121 32 1 2.48207e-314 0 0 0 
-0.101047 57.3939 70.1782 0.02 0.614232 4481.09 10943.2 0.520976 122 32 1 2.48207e-314 0 0 0 
-0.0684741 57.4393 66.3333 0.02 0.614017 4478.93 10941.7 0.521158 123 32 1 2.48207e-314 0 0 0 
-0.0358907 57.4818 62.5716 0.02 0.613813 4476.86 10940.3 0.521331 124 32 1 2.48207e-314 0 0 0 
-0.00329692 57.5215 58.8983 0.02 0.61362 4474.87 10938.9 0.521495 125 32 1 2.48207e-314 0 0 0 
0.0293071 57.5585 55.3175 0.02 0.613437 4472.96 10937.5 0.521651 126 32 1 2.48207e-314 0 0 0 
0.0619209 57.593 51.833 0.02 0.613264 4471.11 10936 0.521798 127 32 1 2.48207e-314 0 0 0 
0.094544 57.625 48.4487 0.02 0.6131 4469.33 10934.6 0.521938 128 32 1 2.48207e-314 0 0 0 
0.127176 57.6548 45.1694 0.02 0.612944 4467.6 10933.1 0.522071 129 32 1 2.48207e-314 0 0 0 
0.159815 57.6824 42.0003 0.02 0.612796 4465.91 10931.7 0.522197 130 32 1 2.48207e-314 0 0 0 
0.192461 57.7079 38.9471 0.02 0.612654 4464.26 10930.2 0.522318 131 32 1 2.48207e-314 0 0 0 
0.225112 57.7315 36.0157 0.02 0.612517 4462.64 10928.6 0.522435 132 32 1 2.48207e-314 0 0 0 
0.257769 57.7532 33.2113 0.02 0.612384 4461.05 10927.1 0.522548 133 32 1 2.48207e-314 0 0 0 
0.290431 57.7732 30.5382 0.02 0.612253 4459.46 10925.6 0.52266 134 32 1 2.48207e-314 0 0 0 
0.323099 57.7914 27.9989 0.02 0.612122 4457.89 10924 0.522771 135 32 1 2.48207e-314 0 0 0 
0.355774 57.8082 25.5932 0.02 0.61199 4456.32 10922.5 0.522884 136 32 1 2.48207e-314 0 0 0 
0.388456 57.8235 23.3178 0.02 0.611854 4454.74 10921.1 0.523 137 32 1 2.48207e-314 0 0 0 
0.421146 57.8376 21.1678 0.02 0.611712 4453.15 10919.7 0.523122 138 32 1 2.48207e-314 0 0 0 
0.453844 57.8507 19.1382 0.02 0.61156 4451.56 10918.5 0.523252 139 32 1 2.48207e-314 0 0 0 
0.486548 57.8628 17.2261 0.02 0.611396 4449.96 10917.5 0.523392 140 32 1 2.48207e-314 0 0 0 
0.519257 57.874 15.4316 0.02 0.611216 4448.36 10916.8 0.523546 141 32 1 2.48207e-314 0 0 0 
0.551972 57.8845 13.7579 0.02 0.611018 4446.76 10916.4 0.523716 142 32 1 2.48207e-314 0 0 0 
0.584693 57.8943 12.2085 0.02 0.610797 4445.17 10916.5 0.523905 143 32 1 2.48207e-314 0 0 0 
0.617422 57.9036 10.7854 0.02 0.610551 4443.6 10917 0.524117 144 32 1 2.48207e-314 0 0 0 
0.650164 57.9126 9.48867 0.02 0.610274 4442.08 10918.2 0.524354 145 32 1 2.48207e-314 0 0 0 
0.682921 57.9213 8.31626 0.02 0.609964 4440.61 10920.2 0.524621 146 32 1 2.48207e-314 0 0 0 
0.715699 57.93 7.26352 0.02 0.609617 4439.24 10923 0.52492 147 32 1 2.48207e-314 0 0 0 
0.748498 57.9388 6.32213 0.02 0.609229 4437.97 10926.9 0.525254 148 32 1 2.48207e-314 0 0 0 
0.781319 57.9478 5.47683 0.02 0.608798 4436.86 10931.9 0.525626 149 32 1 2.48207e-314 0 0 0 
0.814163 57.957 4.70471 0.02 0.608319 4435.94 10938.2 0.52604 150 32 1 2.48207e-314 0 0 0 
0.847026 57.9663 3.98101 0.02 0.607792 4435.25 10946 0.526496 151 32 1 2.48207e-314 0 0 0 
0.87991 57.9759 3.29134 0.02 0.607216 4434.85 10955.4 0.526996 152 32 1 2.48207e-314 0 0 0 
0.912818 57.9857 2.63884 0.02 0.606589 4434.78 10966.5 0.52754 153 32 1 2.48207e-314 0 0 0 
0.945757 57.996 2.03998 0.02 0.605913 4435.11 10979.6 0.528128 154 32 1 2.48207e-314 0 0 0 
0.978739 58.0073 1.51927 0.02 0.605189 4435.89 10994.6 0.52876 155 32 1 2.48207e-314 0 0 0 
1.01178 58.02 1.08559 0.02 0.60442 4437.18 11011.8 0.529434 156 32 1 2.48207e-314 0 0 0 
1.04488 58.0341 0.713117 0.02 0.603607 4439.04 11031.3 0.530146 157 32 1 2.48207e-314 0 0 0 
1.07805 58.0489 0.367689 0.02 0.602758 4441.53 11053 0.530893 158 32 1 2.48207e-314 0 0 0 
1.11126 58.0633 -0.0156958 0.02 0.601882 4444.73 11077.1 0.531666 159 32 1 2.48207e-314 0 0 0 
1.14451 58.0766 -0.445978 0.02 0.60099 4448.68 11103.4 0.532455 160 32 1 2.48207e-314 0 0 0 
1.17779 58.089 -0.909198 0.02 0.600097 4453.43 11131.8 0.533248 161 32 1 2.48207e-314 0 0 0 
1.2111 58.1012 -1.3837 0.02 0.599218 4459.04 11162.2 0.53403 162 32 1 2.48207e-314 0 0 0 
1.24446 58.1142 -1.89701 0.02 0.59837 4465.53 11194.2 0.534786 163 32 1 2.48207e-314 0 0 0 
1.2779 58.1283 -2.48268 0.02 0.597572 4472.93 11227.8 0.535501 164 32 1 2.48207e-314 0 0 0 
1.31144 58.143 -3.15247 0.02 0.596846 4481.26 11262.4 0.536152 165 33 1 2.48207e-314 0 0 0 
1.34508 58.157 -3.89775 0.02 0.596219 4490.53 11297.5 0.536716 166 33 1 2.48207e-314 0 0 0 
1.37878 58.1695 -4.55139 0.02 0.595722 4500.72 11332.6 0.537164 167 33 1 2.48207e-314 0 0 0 
1.41252 58.1801 -5.10752 0.02 0.595388 4511.77 11366.8 0.537465 168 33 1 2.48207e-314 0 0 0 
1.44627 58.1883 -5.49856 0.02 0.59525 4523.61 11399.3 0.537589 169 33 1 2.48207e-314 0 0 0 
1.48001 58.1946 -5.89273 0.02 0.595343 4536.13 11429 0.537505 170 33 1 2.48207e-314 0 0 0 
1.51373 58.1961 -6.60745 0.02 0.595706 4549.2 11455 0.537178 171 33 1 2.48207e-314 0 0 0 
1.54738 58.1884 -7.67698 0.02 0.596385 4562.67 11475.8 0.536566 172 33 1 2.48207e-314 0 0 0 
1.58092 58.1725 -8.66806 0.02 0.597432 4576.38 11490.1 0.535626 173 32 1 2.48207e-314 0 0 0 
1.61442 58.1576 -9.15932 0.02 0.598906 4590.13 11496.3 0.534308 174 32 1 2.48207e-314 0 0 0 
1.64806 58.1513 -9.33683 0.02 0.60087 4603.76 11492.7 0.532562 175 33 1 2.48207e-314 0 0 0 
1.68186 58.1495 -9.36031 0.02 0.603385 4617.02 11477.8 0.530341 176 33 1 2.48207e-314 0 0 0 
1.71569 58.1469 -9.51022 0.02 0.60651 4629.63 11449.8 0.527609 177 33 1 2.48207e-314 0 0 0 
1.7494 58.1337 -10.0575 0.02 0.610298 4641.24 11407.3 0.524334 178 33 1 2.48207e-314 0 0 0 
1.78261 58.0945 -10.8879 0.02 0.614783 4651.38 11348.8 0.520509 179 34 1 2.48207e-314 0 0 0 
1.81504 58.0291 -11.2164 0.02 0.619985 4659.6 11273.5 0.516141 180 34 1 2.48207e-314 0 0 0 
1.84669 57.9557 -10.3409 0.02 0.625941 4665.61 11180.6 0.51123 181 34 1 2.48207e-314 0 0 0 
1.87819 57.9096 -8.81948 0.02 0.632821 4669.51 11068.3 0.505672 182 34 1 2.48207e-314 0 0 0 
1.9103 57.8909 -7.58141 0.02 0.640905 4671.17 10932.6 0.499294 183 35 1 2.48207e-314 0 0 0 
1.94281 57.8779 -6.71373 0.02 0.650323 4669.97 10771.5 0.492063 184 34 1 2.48207e-314 0 0 0 
1.9752 57.8521 -6.34768 0.02 0.661111 4665.29 10585.1 0.484034 185 35 1 2.48207e-314 0 0 0 
2.00692 57.8023 -6.2961 0.02 0.673252 4656.66 10375 0.475305 186 35 1 2.48207e-314 0 0 0 
2.03719 57.7084 -6.31149 0.02 0.686509 4643.66 10146.3 0.466126 187 35 1 2.48207e-314 0 0 0 
2.06501 57.6031 -3.684 0.02 0.700297 4627.18 9911.2 0.456949 188 36 1 2.48207e-314 0 0 0 
2.09261 57.5373 -1.68386 0.02 0.71565 4607.88 9658.11 0.447146 189 36 1 2.48207e-314 0 0 0 
2.12036 57.4889 0.363883 0.02 0.732968 4585.01 9383.12 0.436581 190 36 1 2.48207e-314 0 0 0 
2.14898 57.4751 2.05456 0.02 0.753034 4558.39 9080.06 0.424948 191 36 1 2.48207e-314 0 0 0 
2.17672 57.449 3.89461 0.02 0.774893 4528.02 8765.13 0.41296 192 37 1 2.48207e-314 0 0 0 
2.20546 57.4585 4.75439 0.02 0.800556 4493.32 8419.15 0.399722 193 37 1 2.48207e-314 0 0 0 
2.23235 57.3624 4.86874 0.02 0.827852 4452.6 8067.76 0.386543 194 38 1 2.48207e-314 0 0 0 
2.2554 57.2606 7.11693 0.02 0.854164 4412.11 7748.13 0.374636 195 37 1 2.48207e-314 0 0 0 
2.27771 57.1976 8.59887 0.02 0.882526 4370.73 7428.79 0.362596 196 37 1 2.48207e-314 0 0 0 
2.30008 57.1795 8.77395 0.02 0.914159 4328.26 7102.05 0.350049 197 38 1 2.48207e-314 0 0 0 
2.32172 57.2065 8.97795 0.02 0.948172 4286.62 6781.4 0.337491 198 38 1 2.48207e-314 0 0 0 
2.34062 57.2458 10.4702 0.02 0.980971 4249.27 6497.56 0.326208 199 38 1 2.48207e-314 0 0 0 
2.37196 57.1446 13.331 0.02 1.04317 4177.13 6006.4 0.306758 200 38 1 2.48206e-314 0 0 0 
2.38876 57.156 13.0016 0.02 1.08125 4138.4 5741.11 0.295953 201 38 1 2.48206e-314 0 0 0 
2.40631 57.1727 11.7677 0.02 1.12512 4096.35 5461.21 0.284414 202 38 1 2.48206e-314 0 0 0 
2.42339 57.1752 10.7583 0.02 1.17247 4053.26 5185.53 0.272928 203 38 1 2.48206e-314 0 0 0 
2.43941 57.1587 10.9682 0.02 1.2217 4010.74 4924.35 0.26193 204 38 1 2.48206e-314 0 0 0 
2.45535 57.1298 11.6892 0.02 1.27603 3967.4 4663.75 0.250778 205 39 1 2.48206e-314 0 0 0 
2.47449 57.159 10.1307 0.02 1.3493 3920.23 4358.07 0.237161 206 38 1 2.48206e-314 0 0 0 
2.49134 57.2331 10.1903 0.02 1.42154 3881.48 4095.71 0.225108 207 38 1 2.48206e-314 0 0 0 
2.50551 57.2643 9.79682 0.02 1.48911 3846.95 3875.08 0.214894 208 38 1 2.48206e-314 0 0 0 
2.51917 57.3005 8.73648 0.02 1.56128 3814.47 3664.74 0.20496 209 38 1 2.48206e-314 0 0 0 
2.53142 57.3174 7.26173 0.02 1.63291 3784.93 3476.83 0.195969 210 37 1 2.48206e-314 0 0 0 
2.54257 57.3157 6.87634 0.02 1.70455 3757.44 3306.52 0.187732 211 37 1 2.48206e-314 0 0 0 
2.55474 57.3321 4.46208 0.02 1.79089 3730.55 3124.59 0.178682 212 37 1 2.48206e-314 0 0 0 
2.56717 57.3957 2.98455 0.02 1.88804 3708.24 2946.09 0.169488 213 36 1 2.48206e-314 0 0 0 
2.57877 57.4612 2.23461 0.02 1.98745 3690.01 2784.97 0.161011 214 36 1 2.48206e-314 0 0 0 
2.58946 57.5204 1.70796 0.02 2.08741 3675.4 2641.12 0.1533 215 36 1 2.48206e-314 0 0 0 
2.59914 57.5639 1.05888 0.02 2.18587 3663.75 2514.15 0.146395 216 35 1 2.48206e-314 0 0 0 
2.60779 57.5848 0.213451 0.02 2.28124 3654.37 2402.87 0.140274 217 35 1 2.48206e-314 0 0 0 
2.61617 57.6056 -1.44898 0.02 2.38115 3647.77 2297.9 0.134389 218 34 1 2.48206e-314 0 0 0 
2.62452 57.6423 -3.22025 0.02 2.48817 3644.86 2197.3 0.128608 219 34 1 2.48206e-314 0 0 0 
2.63276 57.6906 -3.94394 0.02 2.60075 3645.6 2102.62 0.123042 220 33 1 2.48206e-314 0 0 0 
2.64079 57.7418 -4.41235 0.02 2.71651 3649.74 2015.31 0.117798 221 33 1 2.48206e-314 0 0 0 
2.6485 57.7927 -4.7343 0.02 2.83308 3657.14 1936.3 0.112951 222 33 1 2.48206e-314 0 0 0 
2.6557 57.833 -5.11288 0.02 2.94649 3667.03 1866.81 0.108604 223 32 1 2.48206e-314 0 0 0 
2.66234 57.8594 -5.50135 0.02 3.05501 3678.9 1806.32 0.104746 224 32 1 2.48206e-314 0 0 0 
2.66859 57.8789 -5.93108 0.02 3.16055 3693.01 1752.7 0.101248 225 31 1 2.48206e-314 0 0 0 
2.67464 57.8989 -6.67692 0.02 3.26501 3709.79 1704.34 0.098009 226 32 1 2.48206e-314 0 0 0 
2.68056 57.9243 -6.96658 0.02 3.36849 3729.38 1660.71 0.094998 227 32 1 2.48206e-314 0 0 0 
2.68639 57.9542 -6.89675 0.02 3.47033 3751.71 1621.63 0.0922103 228 31 1 2.48206e-314 0 0 0 
2.69214 57.9843 -6.61691 0.02 3.56909 3776.48 1587.17 0.0896587 229 31 1 2.48206e-314 0 0 0 
2.69776 58.01 -6.23804 0.02 3.66288 3803.28 1557.5 0.0873628 230 31 1 2.48206e-314 0 0 0 
2.7032 58.0279 -6.09739 0.02 3.74992 3831.61 1532.68 0.0853352 231 30 1 2.48206e-314 0 0 0 
2.70843 58.0386 -5.99416 0.02 3.82935 3861.12 1512.45 0.083565 232 30 1 2.48206e-314 0 0 0 
2.71347 58.0443 -5.9341 0.02 3.90124 3891.64 1496.32 0.0820252 233 31 1 2.48206e-314 0 0 0 
2.71836 58.0488 -5.67406 0.02 3.96593 3923.12 1483.81 0.0806872 234 31 1 2.48206e-314 0 0 0 
2.72316 58.0534 -5.35051 0.02 4.02388 3955.56 1474.54 0.0795253 235 30 1 2.48206e-314 0 0 0 
2.72794 58.0585 -4.70323 0.02 4.07523 3988.92 1468.24 0.0785232 236 30 1 2.48206e-314 0 0 0 
2.73272 58.0628 -4.03228 0.02 4.11984 4023.08 1464.78 0.0776729 237 31 1 2.48206e-314 0 0 0 
2.73751 58.0662 -3.38943 0.02 4.15734 4057.67 1464.05 0.0769723 238 31 1 2.48206e-314 0 0 0 
2.74228 58.0665 -2.74652 0.02 4.18755 4092.29 1465.88 0.076417 239 31 1 2.48206e-314 0 0 0 
2.74702 58.0625 -2.18477 0.02 4.21062 4126.54 1470.05 0.0759983 240 31 1 2.48206e-314 0 0 0 
2.75171 58.0547 -1.70942 0.02 4.22699 4160.04 1476.25 0.0757039 241 30 1 2.48206e-314 0 0 0 
2.75633 58.0436 -1.14274 0.02 4.23737 4192.56 1484.15 0.0755186 242 30 1 2.48206e-314 0 0 0 
2.76093 58.0308 -0.759819 0.02 4.24248 4224.05 1493.49 0.0754277 243 31 1 2.48206e-314 0 0 0 
2.76554 58.0183 -0.201683 0.02 4.24293 4254.44 1504.07 0.0754195 244 31 1 2.48206e-314 0 0 0 
2.77019 58.007 0.336124 0.02 4.23925 4283.55 1515.68 0.075485 245 31 1 2.48206e-314 0 0 0 
2.77489 57.9962 0.929655 0.02 4.23192 4311.15 1528.09 0.0756158 246 31 1 2.48206e-314 0 0 0 
2.77961 57.985 1.53888 0.02 4.22148 4337.01 1541.06 0.0758028 247 31 1 2.48206e-314 0 0 0 
2.78437 57.9721 1.94142 0.02 4.20852 4360.97 1554.34 0.0760363 248 32 1 2.48206e-314 0 0 0 
2.78913 57.9581 2.22964 0.02 4.19362 4382.91 1567.71 0.0763064 249 32 1 2.48206e-314 0 0 0 
2.7939 57.9424 2.49338 0.02 4.17734 4402.8 1580.96 0.0766037 250 32 1 2.48206e-314 0 0 0 
2.79868 57.9265 2.56421 0.02 4.16016 4420.65 1593.93 0.0769201 251 32 1 2.48206e-314 0 0 0 
2.80348 57.9115 2.76422 0.02 4.14247 4436.51 1606.48 0.0772486 252 32 1 2.48206e-314 0 0 0 
2.80832 57.8973 2.97335 0.02 4.12461 4450.44 1618.5 0.0775831 253 32 1 2.48206e-314 0 0 0 
2.81318 57.884 3.11767 0.02 4.10689 4462.48 1629.88 0.0779179 254 32 1 2.48206e-314 0 0 0 
2.81807 57.8715 3.1718 0.02 4.08957 4472.71 1640.53 0.0782479 255 32 1 2.48206e-314 0 0 0 
2.82299 57.8598 3.13082 0.02 4.07287 4481.21 1650.38 0.0785686 256 32 1 2.48206e-314 0 0 0 
2.82793 57.8485 3.0872 0.02 4.057 4488.08 1659.38 0.0788761 257 32 1 2.48206e-314 0 0 0 
2.83289 57.8375 2.94675 0.02 4.04208 4493.44 1667.5 0.0791672 258 32 1 2.48206e-314 0 0 0 
2.83787 57.8272 2.75054 0.02 4.02823 4497.42 1674.71 0.0794393 259 32 1 2.48206e-314 0 0 0 
2.84286 57.8175 2.52871 0.02 4.01553 4500.14 1681.02 0.0796906 260 32 1 2.48206e-314 0 0 0 
2.84787 57.8086 2.28724 0.02 4.004 4501.74 1686.46 0.07992 261 32 1 2.48206e-314 0 0 0 
2.85288 57.8007 2.03789 0.02 3.99367 4502.34 1691.05 0.0801268 262 32 1 2.48206e-314 0 0 0 
2.85791 57.7937 1.80121 0.02 3.98451 4502.08 1694.84 0.080311 263 32 1 2.48206e-314 0 0 0 
2.86294 57.7876 1.58516 0.02 3.97651 4501.07 1697.87 0.0804725 264 32 1 2.48206e-314 0 0 0 
2.86799 57.7824 1.38302 0.02 3.96963 4499.44 1700.19 0.080612 265 32 1 2.48206e-314 0 0 0 
2.87305 57.7781 1.18835 0.02 3.96382 4497.28 1701.87 0.0807302 266 32 1 2.48206e-314 0 0 0 
2.87812 57.7745 0.997083 0.02 3.95903 4494.71 1702.95 0.0808278 267 32 1 2.48206e-314 0 0 0 
2.88319 57.7714 0.803708 0.02 3.9552 4491.81 1703.5 0.0809061 268 32 1 2.48206e-314 0 0 0 
2.88826 57.7688 0.605886 0.02 3.95227 4488.69 1703.59 0.0809662 269 32 1 2.48206e-314 0 0 0 
2.89333 57.7666 0.397575 0.02 3.95015 4485.42 1703.26 0.0810096 270 33 1 2.48206e-314 0 0 0 
2.89841 57.7649 0.165218 0.02 3.94877 4482.06 1702.58 0.0810378 271 33 1 2.48206e-314 0 0 0 
2.90348 57.7637 -0.100293 0.02 3.94807 4478.69 1701.6 0.0810523 272 33 1 2.48206e-314 0 0 0 
2.90855 57.7632 -0.399828 0.02 3.94796 4475.36 1700.38 0.0810545 273 33 1 2.48206e-314 0 0 0 
2.91362 57.7632 -0.72664 0.02 3.94838 4472.1 1698.96 0.081046 274 33 1 2.48206e-314 0 0 0 
2.91869 57.7636 -1.06755 0.02 3.94924 4468.97 1697.4 0.0810282 275 33 1 2.48206e-314 0 0 0 
2.92376 57.7644 -1.39952 0.02 3.95049 4466 1695.74 0.0810027 276 33 1 2.48206e-314 0 0 0 
2.92883 57.7653 -1.69065 0.02 3.95205 4463.2 1694.01 0.0809706 277 33 1 2.48206e-314 0 0 0 
2.93389 57.7664 -1.90352 0.02 3.95388 4460.61 1692.24 0.0809332 278 32 1 2.48206e-314 0 0 0 
2.93895 57.7677 -2.01036 0.02 3.9559 4458.22 1690.47 0.0808918 279 32 1 2.48206e-314 0 0 0 
2.94401 57.769 -1.98776 0.02 3.95808 4456.04 1688.71 0.0808473 280 32 1 2.48206e-314 0 0 0 
2.94906 57.7703 -1.83038 0.02 3.96036 4454.08 1687 0.0808008 281 32 1 2.48206e-314 0 0 0 
2.9541 57.7717 -1.55782 0.02 3.9627 4452.34 1685.34 0.0807531 282 32 1 2.48206e-314 0 0 0 
2.95915 57.7731 -1.21191 0.02 3.96506 4450.8 1683.76 0.080705 283 32 1 2.48206e-314 0 0 0 
2.96419 57.7744 -0.854231 0.02 3.96741 4449.47 1682.26 0.0806571 284 32 1 2.48206e-314 0 0 0 
2.96923 57.7755 -0.55944 0.02 3.96973 4448.34 1680.85 0.08061 285 32 1 2.48206e-314 0 0 0 
2.97427 57.7766 -0.401089 0.02 3.97199 4447.4 1679.54 0.0805642 286 32 1 2.48206e-314 0 0 0 
2.9793 57.7776 -0.434581 0.02 3.97416 4446.63 1678.33 0.0805201 287 32 1 2.48206e-314 0 0 0 
2.98433 57.7785 -0.693577 0.02 3.97625 4446.03 1677.22 0.0804779 288 32 1 2.48206e-314 0 0 0 
2.98936 57.7794 -1.17397 0.02 3.97823 4445.6 1676.22 0.0804378 289 32 1 2.48206e-314 0 0 0 
2.99438 57.7804 -1.82693 0.02 3.98009 4445.3 1675.33 0.0804002 290 32 1 2.48206e-314 0 0 0 
2.9994 57.7815 -2.55825 0.02 3.98183 4445.14 1674.53 0.080365 291 32 1 2.48206e-314 0 0 0 
3.00442 57.7827 -3.23574 0.02 3.98344 4445.09 1673.84 0.0803326 292 32 1 2.48206e-314 0 0 0 
3.00944 57.784 -3.70555 0.02 3.98491 4445.13 1673.24 0.0803029 293 32 1 2.48206e-314 0 0 0 
3.01446 57.7853 -3.8161 0.02 3.98624 4445.23 1672.72 0.0802762 294 32 1 2.48206e-314 0 0 0 
3.01947 57.7865 -3.44728 0.02 3.98742 4445.39 1672.28 0.0802524 295 32 1 2.48206e-314 0 0 0 
3.02448 57.7874 -2.53933 0.02 3.98846 4445.57 1671.91 0.0802316 296 32 1 2.48206e-314 0 0 0 
3.0295 57.788 -1.11686 0.02 3.98935 4445.76 1671.61 0.0802136 297 32 1 2.48206e-314 0 0 0 
3.03451 57.788 0.69751 0.02 3.9901 4445.94 1671.36 0.0801984 298 32 1 2.48206e-314 0 0 0 
3.03952 57.7875 2.68509 0.02 3.99073 4446.1 1671.16 0.0801858 299 32 1 2.48206e-314 0 0 0 
3.04452 57.7864 4.55124 0.02 3.99124 4446.23 1670.99 0.0801756 300 32 1 2.48206e-314 0 0 0 
3.04953 57.7848 5.96481 0.02 3.99165 4446.34 1670.87 0.0801674 301 32 1 2.48206e-314 0 0 0 
3.05454 57.783 6.61328 0.02 3.99196 4446.43 1670.77 0.0801611 302 31 1 2.48206e-314 0 0 0 
3.05955 57.781 6.26703 0.02 3.9922 4446.51 1670.7 0.0801564 303 31 1 2.48206e-314 0 0 0 
3.06456 57.7792 4.8414 0.02 3.99236 4446.59 1670.67 0.0801531 304 31 1 2.48206e-314 0 0 0 
3.06957 57.7779 2.44549 0.02 3.99246 4446.68 1670.66 0.080151 305 31 1 2.48206e-314 0 0 0 
3.07458 57.7773 -0.594876 0.02 3.9925 4446.76 1670.67 0.0801503 306 31 1 2.48206e-314 0 0 0 
3.07959 57.7774 -3.75004 0.02 3.99247 4446.83 1670.71 0.080151 307 31 1 2.48206e-314 0 0 0 
3.0846 57.7783 -6.34031 0.02 3.99235 4446.87 1670.78 0.0801533 308 31 1 2.48206e-314 0 0 0 
3.08961 57.7796 -7.62966 0.02 3.99213 4446.84 1670.85 0.0801577 309 31 1 2.48206e-314 0 0 0 
3.09462 57.781 -6.95071 0.02 3.99179 4446.7 1670.94 0.0801645 310 32 1 2.48206e-314 0 0 0 
3.09962 57.782 -3.84212 0.02 3.99132 4446.39 1671.02 0.080174 311 32 1 2.48206e-314 0 0 0 
3.10463 57.7817 1.82268 0.02 3.99069 4445.88 1671.08 0.0801866 312 32 1 2.48206e-314 0 0 0 
3.10964 57.7797 9.74192 0.02 3.98991 4445.13 1671.13 0.0802023 313 32 1 2.48206e-314 0 0 0 
3.11465 57.7755 19.153 0.02 3.98897 4444.11 1671.13 0.0802211 314 32 1 2.48206e-314 0 0 0 
3.11966 57.7687 28.8803 0.02 3.9879 4442.82 1671.1 0.0802427 315 32 1 2.48206e-314 0 0 0 
3.12467 57.7595 37.4717 0.02 3.98671 4441.29 1671.03 0.0802668 316 32 1 2.48206e-314 0 0 0 
3.12969 57.7485 43.4141 0.02 3.98542 4439.56 1670.92 0.0802928 317 32 1 2.48206e-314 0 0 0 
3.13471 57.7364 45.4113 0.02 3.98405 4437.68 1670.79 0.0803202 318 32 1 2.48206e-314 0 0 0 
3.13973 57.7244 42.6805 0.02 3.98263 4435.72 1670.66 0.0803488 319 32 1 2.48206e-314 0 0 0 
3.14476 57.7137 35.2186 0.02 3.98115 4433.71 1670.53 0.0803787 320 32 1 2.48206e-314 0 0 0 
3.14978 57.7055 23.9809 0.02 3.97958 4431.68 1670.42 0.0804105 321 32 1 2.48206e-314 0 0 0 
3.15481 57.7004 10.9169 0.02 3.97787 4429.59 1670.36 0.0804451 322 32 1 2.48206e-314 0 0 0 
3.15984 57.6986 -1.17288 0.02 3.97593 4427.38 1670.33 0.0804843 323 32 1 2.48206e-314 0 0 0 
3.16487 57.6994 -8.97275 0.02 3.97366 4424.9 1670.34 0.0805303 324 32 1 2.48206e-314 0 0 0 
3.1699 57.7013 -9.15478 0.02 3.97094 4421.97 1670.36 0.0805854 325 32 1 2.48206e-314 0 0 0 
3.17493 57.7018 1.0141 0.02 3.96765 4418.36 1670.37 0.0806522 326 32 1 2.48206e-314 0 0 0 
3.17996 57.6982 23.0589 0.02 3.96368 4413.85 1670.31 0.080733 327 32 1 2.48206e-314 0 0 0 
3.18499 57.6874 56.7916 0.02 3.95894 4408.2 1670.16 0.0808296 328 32 1 2.48206e-314 0 0 0 
3.19003 57.6666 100.03 0.02 3.95339 4401.26 1669.86 0.0809431 329 32 1 2.48206e-314 0 0 0 
3.19507 57.6338 148.66 0.02 3.94703 4392.93 1669.39 0.0810736 330 32 1 2.48206e-314 0 0 0 
3.20012 57.5884 196.742 0.02 3.93989 4383.22 1668.72 0.0812206 331 32 1 2.48206e-314 0 0 0 
3.20519 57.5315 237.085 0.02 3.93204 4372.23 1667.87 0.0813827 332 32 1 2.48206e-314 0 0 0 
3.21027 57.4659 263.155 0.02 3.92356 4360.12 1666.87 0.0815587 333 32 1 2.48206e-314 0 0 0 
3.21537 57.396 269.981 0.02 3.9145 4347.09 1665.76 0.0817474 334 32 1 2.48206e-314 0 0 0 
3.22049 57.3271 255.461 0.02 3.90487 4333.35 1664.62 0.081949 335 32 1 2.48206e-314 0 0 0 
3.22563 57.2646 221.436 0.02 3.8946 4319.01 1663.5 0.0821652 336 32 1 2.48206e-314 0 0 0 
3.23078 57.2126 174.377 0.02 3.8835 4304.03 1662.48 0.0823998 337 32 1 2.48206e-314 0 0 0 
3.23594 57.1733 124.39 0.02 3.8713 4288.19 1661.57 0.0826596 338 32 1 2.48206e-314 0 0 0 
3.24111 57.1456 85.3951 0.02 3.85758 4271.03 1660.77 0.0829535 339 32 1 2.48206e-314 0 0 0 
3.24629 57.1246 73.2815 0.02 3.84187 4251.85 1660.02 0.0832927 340 32 1 2.48206e-314 0 0 0 
3.25147 57.1014 103.526 0.02 3.82365 4229.79 1659.21 0.0836897 341 31 1 2.48206e-314 0 0 0 
3.25666 57.0634 187.825 0.02 3.80241 4203.85 1658.17 0.0841572 342 31 1 2.48206e-314 0 0 0 
3.26186 56.9959 331.415 0.02 3.77772 4173.07 1656.71 0.0847073 343 31 1 2.48206e-314 0 0 0 
3.26709 56.884 529.24 0.02 3.74926 4136.58 1654.62 0.0853503 344 31 1 2.48206e-314 0 0 0 
3.27235 56.7161 761.249 0.02 3.71687 4093.73 1651.69 0.0860941 345 31 1 2.48206e-314 0 0 0 
3.27766 56.4873 997.528 0.02 3.68055 4044.17 1647.75 0.0869435 346 31 1 2.48206e-314 0 0 0 
3.28304 56.1995 1214.91 0.02 3.6405 3987.89 1642.67 0.0879 347 31 1 2.48206e-314 0 0 0 
3.2885 55.8599 1395.54 0.02 3.59704 3925.15 1636.36 0.0889621 348 32 1 2.48206e-314 0 0 0 
3.29405 55.4801 1524.63 0.02 3.55061 3856.53 1628.8 0.0901254 349 32 1 2.48206e-314 0 0 0 
3.29971 55.0748 1591.15 0.02 3.50166 3782.79 1620.03 0.0913852 350 32 1 2.48206e-314 0 0 0 
3.30547 54.6608 1591.39 0.02 3.45059 3704.79 1610.15 0.0927377 351 31 1 2.48206e-314 0 0 0 
3.31135 54.2545 1532.24 0.02 3.39766 3623.27 1599.29 0.0941824 352 31 1 2.48206e-314 0 0 0 
3.31732 53.8686 1435.27 0.02 3.3429 3538.71 1587.54 0.0957252 353 31 1 2.48206e-314 0 0 0 
3.32339 53.5092 1330.34 0.02 3.28609 3451.12 1574.96 0.0973802 354 31 1 2.48206e-314 0 0 0 
3.32956 53.1732 1256.65 0.02 3.22674 3359.99 1561.43 0.0991712 355 32 1 2.48206e-314 0 0 0 
3.3358 52.8473 1254.93 0.02 3.16416 3264.18 1546.71 0.101133 356 31 1 2.48206e-314 0 0 0 
3.34213 52.5066 1372.38 0.02 3.09751 3162.14 1530.33 0.103309 357 31 1 2.48206e-314 0 0 0 
3.34856 52.1157 1644.36 0.02 3.02598 3052.09 1511.67 0.105751 358 31 1 2.48206e-314 0 0 0 
3.35509 51.6311 2096.21 0.02 2.94883 2932.25 1489.97 0.108518 359 31 1 2.48206e-314 0 0 0 
3.36177 51.0043 2741.61 0.02 2.86548 2801.1 1464.37 0.111674 360 31 1 2.48206e-314 0 0 0 
3.36863 50.184 3587.69 0.02 2.77566 2657.65 1433.98 0.115288 361 31 1 2.48206e-314 0 0 0 
3.37574 49.1214 4609.29 0.02 2.67936 2501.6 1397.95 0.119431 362 32 1 2.48206e-314 0 0 0 
3.38315 47.7747 5775.49 0.02 2.57688 2333.36 1355.48 0.124181 363 32 1 2.48206e-314 0 0 0 
3.39095 46.1126 7038.39 0.02 2.46887 2154.2 1305.89 0.129614 364 32 1 2.48206e-314 0 0 0 
3.39923 44.1172 8341.82 0.02 2.35637 1966.21 1248.64 0.135802 365 32 1 2.48206e-314 0 0 0 
3.40807 41.7878 9610.28 0.02 2.24081 1772.28 1183.43 0.142806 366 33 1 2.48206e-314 0 0 0 
3.41755 39.1432 10767.1 0.02 2.12389 1575.94 1110.29 0.150667 367 34 1 2.48206e-314 0 0 0 
3.42776 36.2219 11740 0.02 2.00754 1381.13 1029.63 0.159399 368 34 1 2.48206e-314 0 0 0 
3.43876 33.0789 12474.2 0.02 1.89372 1191.84 942.274 0.16898 369 35 1 2.48206e-314 0 0 0 
3.4506 29.782 12924.7 0.02 1.78428 1011.8 849.531 0.179344 370 36 1 2.48206e-314 0 0 0 
3.46331 26.4072 13074.1 0.02 1.68083 844.184 753.125 0.190382 371 37 1 2.48206e-314 0 0 0 
3.4769 23.0333 12917.9 0.02 1.58461 691.37 655.129 0.201942 372 38 1 2.48206e-314 0 0 0 
3.49136 19.7385 12465.8 0.02 1.49649 554.979 557.89 0.213834 373 39 1 2.48206e-314 0 0 0 
3.50665 16.5958 11746.5 0.02 1.41694 435.833 463.885 0.225838 374 40 1 2.48206e-314 0 0 0 
3.52274 13.6699 10796.5 0.02 1.34612 334.072 375.559 0.23772 375 40 1 2.48206e-314 0 0 0 
3.53956 11.0147 9662.23 0.02 1.28391 249.303 295.157 0.249239 376 40 1 2.48206e-314 0 0 0 
3.55702 8.67029 8404.38 0.02 1.22998 180.626 224.501 0.260166 377 41 1 2.48206e-314 0 0 0 
3.57505 6.65979 7091.61 0.02 1.18389 126.707 164.784 0.270296 378 41 1 2.48206e-314 0 0 0 
3.59356 4.98819 5795.58 0.02 1.14505 85.8394 116.422 0.279463 379 41 1 2.48206e-314 0 0 0 
3.61245 3.64263 4581.38 0.02 1.11283 56.0593 79.0269 0.287555 380 40 1 2.48206e-314 0 0 0 
3.63166 2.59492 3501.41 0.02 1.08654 35.275 51.5042 0.294514 381 39 1 2.48206e-314 0 0 0 
3.6511 1.80571 2589.66 0.02 1.06544 21.417 32.2604 0.300345 382 39 1 2.48206e-314 0 0 0 
3.67072 1.22959 1858.9 0.02 1.04881 12.5831 19.471 0.305107 383 38 1 2.48206e-314 0 0 0 
3.69046 0.82072 1299.81 0.02 1.03592 7.17824 11.363 0.308905 384 37 1 2.48206e-314 0 0 0 
3.71029 0.537621 888.277 0.02 1.02608 3.98596 6.43235 0.311868 385 36 1 2.48206e-314 0 0 0 
3.73018 0.345871 594.389 0.02 1.01868 2.15819 3.54001 0.314132 386 35 1 2.48206e-314 0 0 0 
3.75011 0.218574 390.304 0.02 1.0132 1.13915 1.89603 0.315831 387 34 1 2.48206e-314 0 0 0 
3.77007 0.135624 251.591 0.02 1.0092 0.585072 0.987774 0.317083 388 33 1 2.48206e-314 0 0 0 
3.79004 0.0825974 158.903 0.02 1.00632 0.292392 0.500167 0.317989 389 33 1 2.48206e-314 0 0 0 
3.81002 0.0493736 98.4245 0.02 1.00429 0.142202 0.246265 0.318635 390 32 1 2.48206e-314 0 0 0 
3.83001 0.0289468 59.8379 0.02 1.00286 0.0670206 0.117688 0.319087 391 32 1 2.48206e-314 0 0 0 
3.85001 0.0166339 35.6044 0.02 1.00189 0.0306097 0.0545067 0.319398 392 32 1 2.48206e-314 0 0 0 
3.87 0.00937224 20.7149 0.02 1.00122 0.0136076 0.0245193 0.319609 393 32 1 2.48206e-314 0 0 0 
3.89 0.00517916 11.8214 0.02 1.00078 0.00590064 0.0107546 0.31975 394 32 1 2.48206e-314 0 0 0 
3.91 0.0028048 6.61082 0.02 1.00049 0.00251101 0.00462175 0.319842 395 32 1 2.48206e-314 0 0 0 
3.93 0.001488 3.61691 0.02 1.00031 0.00106989 0.0019757 0.319902 396 32 1 2.48206e-314 0 0 0 
3.95 0.000773681 1.93476 0.02 1.00019 0.00047922 0.000872925 0.31994 397 32 1 2.48206e-314 0 0 0 
3.97 0.000394394 1.01479 0.02 1.00011 0.000243979 0.0004282 0.319964 398 32 1 2.48206e-314 0 0 0 
3.99 0.000196931 0.521628 0.02 1.00007 0.00015291 0.000253807 0.319978 399 32 1 2.48206e-314 0 0 0 
4.01 9.623e-05 0.262376 0.02 1.00004 0.000118779 0.00018746 0.319987 400 32 1 2.48206e-314 0 0 0 
4.03 4.5992e-05 0.129005 0.02 1.00002 0.000106429 0.000163051 0.319993 401 32 1 2.48206e-314 0 0 0 
4.05 2.1496e-05 0.0619635 0.02 1.00001 0.000102122 0.000154386 0.319996 402 32 1 2.48206e-314 0 0 0 
4.07 9.8271e-06 0.0290715 0.02 1.00001 0.000100675 0.000151422 0.319998 403 32 1 2.48206e-314 0 0 0 
4.09 4.39649e-06 0.0133267 0.02 1 0.000100208 0.000150445 0.319999 404 32 1 2.48206e-314 0 0 0 
4.11 1.92638e-06 0.00597256 0.02 1 0.000100062 0.000150135 0.319999 405 32 1 2.48206e-314 0 0 0 
4.13 8.27459e-07 0.00261976 0.02 1 0.000100018 0.00015004 0.32 406 32 1 2.48206e-314 0 0 0 
4.15 3.48679e-07 0.00112639 0.02 1 0.000100005 0.000150011 0.32 407 32 1 2.48206e-314 0 0 0 
4.17 1.4412e-07 0.000475197 0.02 1 0.000100002 0.000150003 0.32 408 32 1 2.48206e-314 0 0 0 
4.19 5.83588e-08 0.000196693 0.02 1 0.0001 0.000150001 0.32 409 32 1 2.48206e-314 0 0 0 
4.21 2.30935e-08 7.97773e-05 0.02 1 0.0001 0.00015 0.32 410 32 1 2.48206e-314 0 0 0 
4.23 8.8965e-09 3.16065e-05 0.02 1 0.0001 0.00015 0.32 411 32 1 2.48206e-314 0 0 0 
4.25 3.32229e-09 1.21663e-05 0.02 1 0.0001 0.00015 0.32 412 32 1 2.48206e-314 0 0 0 
4.27 1.19934e-09 4.52379e-06 0.02 1 0.0001 0.00015 0.32 413 32 1 2.48206e-314 0 0 0 
4.29 4.18839e-10 1.62066e-06 0.02 1 0.0001 0.00015 0.32 414 32 1 2.48206e-314 0 0 0 
4.31 1.42107e-10 5.60878e-07 0.02 1 0.0001 0.00015 0.32 415 32 1 2.48206e-314 0 0 0 
4.33 4.71394e-11 1.88667e-07 0.02 1 0.0001 0.00015 0.32 416 32 1 2.48206e-314 0 0 0 
4.35 1.53947e-11 6.21234e-08 0.02 1 0.0001 0.00015 0.32 417 32 1 2.48206e-314 0 0 0 
4.37 4.98538e-12 2.0171e-08 0.02 1 0.0001 0.00015 0.32 418 32 1 2.48206e-314 0 0 0 
4.39 1.61209e-12 6.5091e-09 0.02 1 0.0001 0.00015 0.32 419 32 1 2.48206e-314 0 0 0 
4.41 5.23249e-13 2.10386e-09 0.02 1 0.0001 0.00015 0.32 420 32 1 2.48206e-314 0 0 0 
4.43 1.7065e-13 6.84902e-10 0.02 1 0.0001 0.00015 0.32 421 32 1 2.48206e-314 0 0 0 
4.45 5.56211e-14 2.2466e-10 0.02 1 0.0001 0.00015 0.32 422 32 1 2.48206e-314 0 0 0 
4.47 1.78801e-14 7.3738e-11 0.02 1 0.0001 0.00015 0.32 423 32 1 2.48206e-314 0 0 0 
4.49 5.54216e-15 2.38481e-11 0.02 1 0.0001 0.00015 0.32 424 32 1 2.48206e-314 0 0 0 
4.51 1.59483e-15 7.4115e-12 0.02 1 0.0001 0.00015 0.32 425 32 1 2.48206e-314 0 0 0 
4.53 3.93812e-16 2.12456e-12 0.02 1 0.0001 0.00015 0.32 426 32 1 2.48206e-314 0 0 0 
4.55 6.30521e-17 5.15746e-13 0.02 1 0.0001 0.00015 0.32 427 32 1 2.48206e-314 0 0 0 
4.57 -1.01614e-17 7.65421e-14 0.02 1 0.0001 0.00015 0.32 428 32 1 2.48206e-314 0 0 0 
4.59 -1.67733e-17 -1.78281e-14 0.02 1 0.0001 0.00015 0.32 429 32 1 2.48206e-314 0 0 0 
4.61 -1.10676e-17 -2.44211e-14 0.02 1 0.0001 0.00015 0.32 430 32 1 2.48206e-314 0 0 0 
4.63 -5.84642e-18 -1.56538e-14 0.02 1 0.0001 0.00015 0.32 431 32 1 2.48206e-314 0 0 0 
4.65 -2.77237e-18 -8.16299e-15 0.02 1 0.0001 0.00015 0.32 432 32 1 2.48206e-314 0 0 0 
4.67 -1.22989e-18 -3.84126e-15 0.02 1 0.0001 0.00015 0.32 433 32 1 2.48206e-314 0 0 0 
4.69 -5.20371e-19 -1.69518e-15 0.02 1 0.0001 0.00015 0.32 434 32 1 2.48206e-314 0 0 0 
4.71 -2.12167e-19 -7.14533e-16 0.02 1 0.0001 0.00015 0.32 435 31 1 2.48206e-314 0 0 0 
4.73 -8.38206e-20 -2.90462e-16 0.02 1 0.0001 0.00015 0.32 436 31 1 2.48206e-314 0 0 0 
4.75 -3.21665e-20 -1.14441e-16 0.02 1 0.0001 0.00015 0.32 437 31 1 2.48206e-314 0 0 0 
4.77 -1.20174e-20 -4.38314e-17 0.02 1 0.0001 0.00015 0.32 438 31 1 2.48206e-314 0 0 0 
4.79 -4.38098e-21 -1.6385e-17 0.02 1 0.0001 0.00015 0.32 439 31 1 2.48206e-314 0 0 0 
4.81 -1.54732e-21 -5.98026e-18 0.02 1 0.0001 0.00015 0.32 440 31 1 2.48206e-314 0 0 0 
4.83 -5.37487e-22 -2.11758e-18 0.02 1 0.0001 0.00015 0.32 441 31 1 2.48206e-314 0 0 0 
4.85 -1.83079e-22 -7.52165e-19 0.02 1 0.0001 0.00015 0.32 442 31 1 2.48206e-314 0 0 0 
4.87 -5.91943e-23 -2.52839e-19 0.02 1 0.0001 0.00015 0.32 443 31 1 2.48206e-314 0 0 0 
4.89 -1.80635e-23 -8.55503e-20 0.02 1 0.0001 0.00015 0.32 444 31 1 2.48206e-314 0 0 0 
4.91 -4.039e-24 -2.4564e-20 0.02 1 0.0001 0.00015 0.32 445 31 1 2.48206e-314 0 0 0 
4.93 -4.27404e-25 -3.38813e-21 0.02 1 0.0001 0.00015 0.32 446 31 1 2.48206e-314 0 0 0 
4.95 -2.37414e-26 -2.11758e-22 0.02 1 0.0001 0.00015 0.32 447 31 1 2.48206e-314 0 0 0 
4.97 0 0 0.02 1 0.0001 0.00015 0.32 448 31 1 2.48206e-314 0 0 0 
4.99 0 0 0.02 1 0.0001 0.00015 0.32 449 31 1 2.48206e-314 0 0 0 
5.01 0 0 0.02 1 0.0001 0.00015 0.32 450 31 1 2.48206e-314 0 0 0 
5.03 0 0 0.02 1 0.0001 0.00015 0.32 451 31 1 2.48206e-314 0 0 0 
5.05 0 0 0.02 1 0.0001 0.00015 0.32 452 31 1 2.48206e-314 0 0 0 
5.07 0 0 0.02 1 0.0001 0.00015 0.32 453 31 1 2.48206e-314 0 0 0 
5.09 0 0 0.02 1 0.0001 0.00015 0.32 454 31 1 2.48206e-314 0 0 0 
5.11 0 0 0.02 1 0.0001 0.00015 0.32 455 31 1 2.48206e-314 0 0 0 
5.13 0 0 0.02 1 0.0001 0.00015 0.32 456 31 1 2.48206e-314 0 0 0 
5.15 0 0 0.02 1 0.0001 0.00015 0.32 457 31 1 2.48206e-314 0 0 0 
5.17 0 0 0.02 1 0.0001 0.00015 0.32 458 31 1 2.48206e-314 0 0 0 
5.19 0 0 0.02 1 0.0001 0.00015 0.32 459 31 1 2.48206e-314 0 0 0 
5.21 0 0 0.02 1 0.0001 0.00015 0.32 460 31 1 2.48206e-314 0 0 0 
5.23 0 0 0.02 1 0.0001 0.00015 0.32 461 31 1 2.48206e-314 0 0 0 
5.25 0 0 0.02 1 0.0001 0.00015 0.32 462 31 1 2.48206e-314 0 0 0 
5.27 0 0 0.02 1 0.0001 0.00015 0.32 463 31 1 2.48206e-314 0 0 0 
5.29 0 0 0.02 1 0.0001 0.00015 0.32 464 31 1 2.48206e-314 0 0 0 
5.31 0 0 0.02 1 0.0001 0.00015 0.32 465 31 1 2.48206e-314 0 0 0 
5.33 0 0 0.02 1 0.0001 0.00015 0.32 466 31 1 2.48206e-314 0 0 0 
5.35 0 0 0.02 1 0.0001 0.00015 0.32 467 31 1 2.48206e-314 0 0 0 
5.37 0 0 0.02 1 0.0001 0.00015 0.32 468 31 1 2.48206e-314 0 0 0 
5.39 0 0 0.02 1 0.0001 0.00015 0.32 469 31 1 2.48206e-314 0 0 0 
5.41 0 0 0.02 1 0.0001 0.00015 0.32 470 31 1 2.48206e-314 0 0 0 
5.43 0 0 0.02 1 0.0001 0.00015 0.32 471 31 1 2.48206e-314 0 0 0 
5.45 0 0 0.02 1 0.0001 0.00015 0.32 472 31 1 2.48206e-314 0 0 0 
5.47 0 0 0.02 1 0.0001 0.00015 0.32 473 31 1 2.48206e-314 0 0 0 
5.49 0 0 0.02 1 0.0001 0.00015 0.32 474 31 1 2.48206e-314 0 0 0 
5.51 0 0 0.02 1 0.0001 0.00015 0.32 475 31 1 2.48206e-314 0 0 0 
5.53 0 0 0.02 1 0.0001 0.00015 0.32 476 31 1 2.48206e-314 0 0 0 
5.55 0 0 0.02 1 0.0001 0.00015 0.32 477 31 1 2.48206e-314 0 0 0 
5.57 0 0 0.02 1 0.0001 0.00015 0.32 478 31 1 2.48206e-314 0 0 0 
5.59 0 0 0.02 1 0.0001 0.00015 0.32 479 31 1 2.48206e-314 0 0 0 
5.61 0 0 0.02 1 0.0001 0.00015 0.32 480 31 1 2.48206e-314 0 0 0 
5.63 0 0 0.02 1 0.0001 0.00015 0.32 481 31 1 2.48206e-314 0 0 0 
5.65 0 0 0.02 1 0.0001 0.00015 0.32 482 31 1 2.48206e-314 0 0 0 
5.67 0 0 0.02 1 0.0001 0.00015 0.32 483 31 1 2.48206e-314 0 0 0 
5.69 0 0 0.02 1 0.0001 0.00015 0.32 484 31 1 2.48206e-314 0 0 0 
5.71 0 0 0.02 1 0.0001 0.00015 0.32 485 31 1 2.48206e-314 0 0 0 
5.73 0 0 0.02 1 0.0001 0.00015 0.32 486 31 1 2.48206e-314 0 0 0 
5.75 0 0 0.02 1 0.0001 0.00015 0.32 487 31 1 2.48206e-314 0 0 0 
5.77 0 0 0.02 1 0.0001 0.00015 0.32 488 31 1 2.48206e-314 0 0 0 
5.79 0 0 0.02 1 0.0001 0.00015 0.32 489 31 1 2.48206e-314 0 0 0 
5.81 0 0 0.02 1 0.0001 0.00015 0.32 490 31 1 2.48206e-314 0 0 0 
5.83 0 0 0.02 1 0.0001 0.00015 0.32 491 31 1 2.48206e-314 0 0 0 
5.85 0 0 0.02 1 0.0001 0.00015 0.32 492 31 1 2.48206e-314 0 0 0 
5.87 0 0 0.02 1 0.0001 0.00015 0.32 493 31 1 2.48206e-314 0 0 0 
5.89 0 0 0.02 1 0.0001 0.00015 0.32 494 31 1 2.48206e-314 0 0 0 
5.91 0 0 0.02 1 0.0001 0.00015 0.32 495 31 1 2.48206e-314 0 0 0 
5.93 0 0 0.02 1 0.0001 0.00015 0.32 496 31 1 2.48206e-314 0 0 0 
5.95 0 0 0.02 1 0.0001 0.00015 0.32 497 31 1 2.48206e-314 0 0 0 
5.97 0 0 0.02 1 0.0001 0.00015 0.32 498 31 1 2.48206e-314 0 0 0 
5.99 0 0 0.02 1 0.0001 0.00015 0.32 499 31 1 2.48206e-314 0 0 0 
6.01 0 0 0.02 1 0.0001 0.00015 0.32 500 31 1 2.48206e-314 0 0 0 
6.03 0 0 0.02 1 0.0001 0.00015 0.32 501 31 1 2.48206e-314 0 0 0 
6.05 0 0 0.02 1 0.0001 0.00015 0.32 502 31 1 2.48206e-314 0 0 0 
6.07 0 0 0.02 1 0.0001 0.00015 0.32 503 31 1 2.48206e-314 0 0 0 
6.09 0 0 0.02 1 0.0001 0.00015 0.32 504 31 1 2.48206e-314 0 0 0 
6.11 0 0 0.02 1 0.0001 0.00015 0.32 505 31 1 2.48206e-314 0 0 0 
6.13 0 0 0.02 1 0.0001 0.00015 0.32 506 31 1 2.48206e-314 0 0 0 
6.15 0 0 0.02 1 0.0001 0.00015 0.32 507 31 1 2.48206e-314 0 0 0 
6.17 0 0 0.02 1 0.0001 0.00015 0.32 508 31 1 2.48206e-314 0 0 0 
6.19 0 0 0.02 1 0.0001 0.00015 0.32 509 31 1 2.48206e-314 0 0 0 
6.21 0 0 0.02 1 0.0001 0.00015 0.32 510 31 1 2.48206e-314 0 0 0 
6.23 0 0 0.02 1 0.0001 0.00015 0.32 511 31 1 2.48206e-314 0 0 0 
6.25 0 0 0.02 1 0.0001 0.00015 0.32 512 31 1 2.48206e-314 0 0 0 
6.27 0 0 0.02 1 0.0001 0.00015 0.32 513 31 1 2.48206e-314 0 0 0 
6.29 0 0 0.02 1 0.0001 0.00015 0.32 514 31 1 2.48206e-314 0 0 0 
6.31 0 0 0.02 1 0.0001 0.00015 0.32 515 31 1 2.48206e-314 0 0 0 
6.33 0 0 0.02 1 0.0001 0.00015 0.32 516 31 1 2.48206e-314 0 0 0 
6.35 0 0 0.02 1 0.0001 0.00015 0.32 517 31 1 2.48206e-314 0 0 0 
6.37 0 0 0.02 1 0.0001 0.00015 0.32 518 31 1 2.48206e-314 0 0 0 
6.39 0 0 0.02 1 0.0001 0.00015 0.32 519 31 1 2.48206e-314 0 0 0 
6.41 0 0 0.02 1 0.0001 0.00015 0.32 520 31 1 2.48206e-314 0 0 0 
6.43 0 0 0.02 1 0.0001 0.00015 0.32 521 31 1 2.48206e-314 0 0 0 
6.45 0 0 0.02 1 0.0001 0.00015 0.32 522 31 1 2.48206e-314 0 0 0 
6.47 0 0 0.02 1 0.0001 0.00015 0.32 523 31 1 2.48206e-314 0 0 0 
6.49 0 0 0.02 1 0.0001 0.00015 0.32 524 31 1 2.48206e-314 0 0 0 
6.51 0 0 0.02 1 0.0001 0.00015 0.32 525 31 1 2.48206e-314 0 0 0 
6.53 0 0 0.02 1 0.0001 0.00015 0.32 526 31 1 2.48206e-314 0 0 0 
6.55 0 0 0.02 1 0.0001 0.00015 0.32 527 31 1 2.48206e-314 0 0 0 
6.57 0 0 0.02 1 0.0001 0.00015 0.32 528 31 1 2.48206e-314 0 0 0 
6.59 0 0 0.02 1 0.0001 0.00015 0.32 529 31 1 2.48206e-314 0 0 0 
6.61 0 0 0.02 1 0.0001 0.00015 0.32 530 31 1 2.48206e-314 0 0 0 
6.63 0 0 0.02 1 0.0001 0.00015 0.32 531 31 1 2.48206e-314 0 0 0 
6.65 0 0 0.02 1 0.0001 0.00015 0.32 532 31 1 2.48206e-314 0 0 0 
6.67 0 0 0.02 1 0.0001 0.00015 0.32 533 31 1 2.48206e-314 0 0 0 
6.69 0 0 0.02 1 0.0001 0.00015 0.32 534 31 1 2.48206e-314 0 0 0 
6.71 0 0 0.02 1 0.0001 0.00015 0.32 535 31 1 2.48206e-314 0 0 0 
6.73 0 0 0.02 1 0.0001 0.00015 0.32 536 31 1 2.48206e-314 0 0 0 
6.75 0 0 0.02 1 0.0001 0.00015 0.32 537 31 1 2.48206e-314 0 0 0 
6.77 0 0 0.02 1 0.0001 0.00015 0.32 538 31 1 2.48206e-314 0 0 0 
6.79 0 0 0.02 1 0.0001 0.00015 0.32 539 31 1 2.48206e-314 0 0 0 
6.81 0 0 0.02 1 0.0001 0.00015 0.32 540 31 1 2.48206e-314 0 0 0 
6.83 0 0 0.02 1 0.0001 0.00015 0.32 541 31 1 2.48206e-314 0 0 0 
6.85 0 0 0.02 1 0.0001 0.00015 0.32 542 31 1 2.48206e-314 0 0 0 
6.87 0 0 0.02 1 0.0001 0.00015 0.32 543 31 1 2.48206e-314 0 0 0 
6.89 0 0 0.02 1 0.0001 0.00015 0.32 544 31 1 2.48206e-314 0 0 0 
6.91 0 0 0.02 1 0.0001 0.00015 0.32 545 31 1 2.48206e-314 0 0 0 
6.93 0 0 0.02 1 0.0001 0.00015 0.32 546 31 1 2.48206e-314 0 0 0 
6.95 0 0 0.02 1 0.0001 0.00015 0.32 547 31 1 2.48206e-314 0 0 0 
6.97 0 0 0.02 1 0.0001 0.00015 0.32 548 31 1 2.48206e-314 0 0 0 
6.99 0 0 0.02 1 0.0001 0.00015 0.32 549 31 1 2.48206e-314 0 0 0 
7.01 0 0 0.02 1 0.0001 0.00015 0.32 550 31 1 2.48206e-314 0 0 0 
7.03 0 0 0.02 1 0.0001 0.00015 0.32 551 31 1 2.48206e-314 0 0 0 
7.05 0 0 0.02 1 0.0001 0.00015 0.32 552 31 1 2.48206e-314 0 0 0 
7.07 0 0 0.02 1 0.0001 0.00015 0.32 553 31 1 2.48206e-314 0 0 0 
7.09 0 0 0.02 1 0.0001 0.00015 0.32 554 31 1 2.48206e-314 0 0 0 
7.11 0 0 0.02 1 0.0001 0.00015 0.32 555 31 1 2.48206e-314 0 0 0 
7.13 0 0 0.02 1 0.0001 0.00015 0.32 556 31 1 2.48206e-314 0 0 0 
7.15 0 0 0.02 1 0.0001 0.00015 0.32 557 31 1 2.48206e-314 0 0 0 
7.17 0 0 0.02 1 0.0001 0.00015 0.32 558 31 1 2.48206e-314 0 0 0 
7.19 0 0 0.02 1 0.0001 0.00015 0.32 559 31 1 2.48206e-314 0 0 0 
7.21 0 0 0.02 1 0.0001 0.00015 0.32 560 31 1 2.48206e-314 0 0 0 
7.23 0 0 0.02 1 0.0001 0.00015 0.32 561 31 1 2.48206e-314 0 0 0 
7.25 0 0 0.02 1 0.0001 0.00015 0.32 562 31 1 2.48206e-314 0 0 0 
7.27 0 0 0.02 1 0.0001 0.00015 0.32 563 31 1 2.48206e-314 0 0 0 
7.29 -2.14668e-25 -2.11758e-22 0.02 1 0.0001 0.00015 0.32 564 31 1 2.48206e-314 0 0 0 
7.31 -3.70093e-24 -1.05879e-21 0.02 1 0.0001 0.00015 0.32 565 31 1 2.48206e-314 0 0 0 
7.33 -1.86499e-23 -3.17637e-21 0.02 1 0.0001 0.00015 0.32 566 31 1 2.48206e-314 0 0 0 
7.35 -5.52299e-23 -7.83505e-21 0.02 1 0.0001 0.00015 0.32 567 31 1 2.48206e-314 0 0 0 
7.37 -1.31322e-22 -1.60936e-20 0.02 1 0.0001 0.00015 0.32 568 31 1 2.48206e-314 0 0 0 
7.39 -2.76526e-22 -2.5411e-20 0.02 1 0.0001 0.00015 0.32 569 31 1 2.48206e-314 0 0 0 
7.41 -8.10954e-22 -4.5528e-20 0.02 1 0.0001 0.00015 0.32 570 31 1 2.48206e-314 0 0 0 
7.43 -3.29983e-21 -1.14561e-19 0.02 1 0.0001 0.00015 0.32 571 31 1 2.48206e-314 0 0 0 
7.45 -1.07068e-20 -2.85662e-19 0.02 1 0.0001 0.00015 0.32 572 31 1 2.48206e-314 0 0 0 
7.47 -2.83115e-20 -7.21672e-19 0.02 1 0.0001 0.00015 0.32 573 31 1 2.48206e-314 0 0 0 
7.49 -6.24231e-20 -1.48845e-18 0.02 1 0.0001 0.00015 0.32 574 31 1 2.48206e-314 0 0 0 
7.51 -1.2449e-19 -2.92438e-18 0.02 1 0.0001 0.00015 0.32 575 31 1 2.48206e-314 0 0 0 
7.53 -2.25378e-19 -5.26791e-18 0.02 1 0.0001 0.00015 0.32 576 31 1 2.48206e-314 0 0 0 
7.55 -3.77735e-19 -8.73757e-18 0.02 1 0.0001 0.00015 0.32 577 31 1 2.48206e-314 0 0 0 
7.57 -5.9711e-19 -1.3654e-17 0.02 1 0.0001 0.00015 0.32 578 31 1 2.48206e-314 0 0 0 
7.59 -8.86962e-19 -2.02307e-17 0.02 1 0.0001 0.00015 0.32 579 31 1 2.48206e-314 0 0 0 
7.61 -1.24874e-18 -2.86155e-17 0.02 1 0.0001 0.00015 0.32 580 31 1 2.48206e-314 0 0 0 
7.63 -1.67249e-18 -3.8285e-17 0.02 1 0.0001 0.00015 0.32 581 31 1 2.48206e-314 0 0 0 
7.65 -2.13872e-18 -4.9076e-17 0.02 1 0.0001 0.00015 0.32 582 31 1 2.48206e-314 0 0 0 
7.67 -2.60847e-18 -5.98664e-17 0.02 1 0.0001 0.00015 0.32 583 31 1 2.48206e-314 0 0 0 
7.69 -3.03111e-18 -6.9502e-17 0.02 1 0.0001 0.00015 0.32 584 31 1 2.48206e-314 0 0 0 
7.71 -2.92864e-18 -6.69696e-17 0.02 1 0.0001 0.00015 0.32 585 32 1 2.48206e-314 0 0 0 
7.73 -2.23675e-18 -5.10998e-17 0.02 1 0.0001 0.00015 0.32 586 32 1 2.48206e-314 0 0 0 
7.75 -8.97272e-19 -2.02456e-17 0.02 1 0.0001 0.00015 0.32 587 32 1 2.48206e-314 0 0 0 
7.77 1.10144e-18 2.56602e-17 0.02 1 0.0001 0.00015 0.32 588 32 1 2.48206e-314 0 0 0 
7.79 3.76137e-18 8.66885e-17 0.02 1 0.0001 0.00015 0.32 589 32 1 2.48206e-314 0 0 0 
7.81 7.05462e-18 1.62227e-16 0.02 1 0.0001 0.00015 0.32 590 32 1 2.48206e-314 0 0 0 
7.83 1.09192e-17 2.51076e-16 0.02 1 0.0001 0.00015 0.32 591 32 1 2.48206e-314 0 0 0 
7.85 1.52846e-17 3.51092e-16 0.02 1 0.0001 0.00015 0.32 592 32 1 2.48206e-314 0 0 0 
7.87 1.83105e-17 4.20695e-16 0.02 1 0.0001 0.00015 0.32 593 32 1 2.48206e-314 0 0 0 
7.89 1.99006e-17 4.57173e-16 0.02 1 0.0001 0.00015 0.32 594 32 1 2.48206e-314 0 0 0 
7.91 1.9952e-17 4.58422e-16 0.02 1 0.0001 0.00015 0.32 595 32 1 2.48206e-314 0 0 0 
7.93 1.84247e-17 4.23288e-16 0.02 1 0.0001 0.00015 0.32 596 32 1 2.48206e-314 0 0 0 
7.95 1.53132e-17 3.51823e-16 0.02 1 0.0001 0.00015 0.32 597 33 1 2.48206e-314 0 0 0 
7.97 1.06588e-17 2.45095e-16 0.02 1 0.0001 0.00015 0.32 598 33 1 2.48206e-314 0 0 0 
7.99 4.4873e-18 1.03392e-16 0.02 1 0.0001 0.00015 0.32 599 33 1 2.48206e-314 0 0 0 
-4.01 0 32894.9 0.02 0.702649 7026.49 15000 0.45542 600 35 1 3.03136e-314 0 0 0 
-4.03 0 35817.1 0.02 0.723422 7234.22 15000 0.442342 601 35 1 3.03136e-314 0 0 0 
-4.05 0 38090.7 0.02 0.74841 7484.1 15000 0.427573 602 34 1 3.03136e-314 0 0 0 
-4.07 0 39471.3 0.02 0.778862 7788.62 15000 0.410856 603 33 1 3.03136e-314 0 0 0 
-4.09 0 39140 0.02 0.815454 8154.54 15000 0.39242 604 32 1 3.03136e-314 0 0 0 
-4.11 0 36732.3 0.02 0.856711 8567.11 15000 0.373522 605 31 1 3.03136e-314 0 0 0 
-4.13 0 32206.6 0.02 0.898587 8985.87 15000 0.356115 606 30 1 3.03136e-314 0 0 0 
-4.15 0 26157.7 0.02 0.935205 9352.05 15000 0.342171 607 30 1 3.03136e-314 0 0 0 
-4.17 0 19825.9 0.02 0.962311 9623.11 15000 0.332533 608 28 1 3.03136e-314 0 0 0 
-4.19 0 14200 0.02 0.979822 9798.22 15000 0.32659 609 26 1 3.03136e-314 0 0 0 
-4.21 0 9679.67 0.02 0.990126 9901.26 15000 0.323191 610 27 1 3.03136e-314 0 0 0 
-4.23 0 6365.76 0.02 0.995748 9957.48 15000 0.321366 611 28 1 3.03136e-314 0 0 0 
-4.25 0 4318.45 0.02 0.998503 9985.03 15000 0.32048 612 29 1 3.03136e-314 0 0 0 
-4.27 0 3393.56 0.02 0.999631 9996.31 15000 0.320118 613 30 1 3.03136e-314 0 0 0 
-4.29 0 3335.16 0.02 0.999959 9999.59 15000 0.320013 614 31 1 3.03136e-314 0 0 0 
-4.31 0 3747.08 0.02 1 10000 15000 0.32 615 31 1 3.03136e-314 0 0 0 
-4.33 0 4101.49 0.02 1 10000 15000 0.32 616 31 1 3.03136e-314 0 0 0 
-4.35 0 3593.77 0.02 0.999959 9999.59 15000 0.320013 617 31 1 3.03136e-314 0 0 0 
-4.37 0 1379.54 0.02 0.999631 9996.31 15000 0.320118 618 30 1 3.03136e-314 0 0 0 
-4.39 0 -2453.67 0.02 0.998503 9985.03 15000 0.32048 619 29 1 3.03136e-314 0 0 0 
-4.41 0 -7761.86 0.02 0.995748 9957.48 15000 0.321366 620 28 1 3.03136e-314 0 0 0 
-4.43 0 -14408.4 0.02 0.990126 9901.26 15000 0.323191 621 27 1 3.03136e-314 0 0 0 
-4.45 0 -22256.4 0.02 0.979822 9798.22 15000 0.32659 622 26 1 3.03136e-314 0 0 0 
-4.47 0 -31187 0.02 0.962228 9622.28 15000 0.332561 623 25 1 3.03136e-314 0 0 0 
-4.49 0 -41001.8 0.02 0.933731 9337.31 15000 0.342711 624 25 1 3.03136e-314 0 0 0 
-4.51 0 -50898.6 0.02 0.890771 8907.71 15000 0.359239 625 24 1 3.03136e-314 0 0 0 
-4.53 0 -59981.4 0.02 0.832895 8328.95 15000 0.384202 626 25 1 3.03136e-314 0 0 0 
-4.55 0 -67505.3 0.02 0.764751 7647.51 15000 0.418437 627 25 1 3.03136e-314 0 0 0 
-4.57 0 -73010.7 0.02 0.6944 6944 15000 0.460829 628 27 1 3.03136e-314 0 0 0 
-4.59 0 -76480.3 0.02 0.62873 6287.3 15000 0.508962 629 28 1 3.03136e-314 0 0 0 
-4.61 0 -78199.5 0.02 0.571028 5710.28 15000 0.560393 630 30 1 3.03136e-314 0 0 0 
-4.63 0 -78545.1 0.02 0.521739 5217.39 15000 0.613333 631 31 1 3.03136e-314 0 0 0 
8.01 0 -7.10059e-17 0.02 1 0.0001 0.00015 0.32 632 33 1 3.03136e-314 0 0 0 
8.03 0 -5.06339e-08 0.02 1 0.0001 0.00015 0.32 633 33 1 3.03136e-314 0 0 0 
8.05 0 -3.17263e-07 0.02 1 0.0001 0.00015 0.32 634 33 1 3.03136e-314 0 0 0 
8.07 0 -9.68767e-07 0.02 1 0.0001 0.00015 0.32 635 33 1 3.03136e-314 0 0 0 
8.09 0 -2.20229e-06 0.02 1 0.0001 0.00015 0.32 636 32 1 3.03136e-314 0 0 0 
8.11 0 -4.34936e-06 0.02 1 0.0001 0.00015 0.32 637 32 1 3.03136e-314 0 0 0 
8.13 0 -7.84431e-06 0.02 1 0.0001 0.00015 0.32 638 32 1 3.03136e-314 0 0 0 
8.15 0 -1.34436e-05 0.02 1 0.0001 0.00015 0.32 639 32 1 3.03136e-314 0 0 0 
8.17 0 -2.29056e-05 0.02 1 0.0001 0.00015 0.32 640 32 1 3.03136e-314 0 0 0 
8.19 0 -3.61693e-05 0.02 1 0.0001 0.00015 0.32 641 32 1 3.03136e-314 0 0 0 
8.21 0 -5.19572e-05 0.02 1 0.0001 0.00015 0.32 642 32 1 3.03136e-314 0 0 0 
8.23 0 -6.89475e-05 0.02 1 0.0001 0.00015 0.32 643 32 1 3.03136e-314 0 0 0 
8.25 0 -8.57501e-05 0.02 1 0.0001 0.00015 0.32 644 32 1 3.03136e-314 0 0 0 
8.27 0 -0.000100878 0.02 1 0.0001 0.00015 0.32 645 32 1 3.03136e-314 0 0 0 
8.29 0 -0.000112715 0.02 1 0.0001 0.00015 0.32 646 31 1 3.03136e-314 0 0 0 
8.31 0 -0.000119459 0.02 1 0.0001 0.00015 0.32 647 31 1 3.03136e-314 0 0 0 
8.33 0 -0.000118983 0.02 1 0.0001 0.00015 0.32 648 31 1 3.03136e-314 0 0 0 
8.35 0 -0.000105681 0.02 0.999959 9.99959e-05 0.00015 0.320013 649 31 1 3.03136e-314 0 0 0 
8.37 0 -7.25203e-05 0.02 0.999631 9.99631e-05 0.00015 0.320118 650 30 1 3.03136e-314 0 0 0 
8.39 0 -2.13263e-05 0.02 0.998503 9.98503e-05 0.00015 0.32048 651 29 1 3.03136e-314 0 0 0 
8.41 0 4.51216e-05 0.02 0.995748 9.95748e-05 0.00015 0.321366 652 28 1 3.03136e-314 0 0 0 
8.43 0 0.000124006 0.02 0.990126 9.90126e-05 0.00015 0.323191 653 27 1 3.03136e-314 0 0 0 
8.45 0 0.000212573 0.02 0.979822 9.79822e-05 0.00015 0.32659 654 26 1 3.03136e-314 0 0 0 
8.47 0 0.000308325 0.02 0.962228 9.62228e-05 0.00015 0.332561 655 25 1 3.03136e-314 0 0 0 
8.49 0 0.00040888 0.02 0.933731 9.33731e-05 0.00015 0.342711 656 25 1 3.03136e-314 0 0 0 
8.51 0 0.000508598 0.02 0.890771 8.90771e-05 0.00015 0.359239 657 24 1 3.03136e-314 0 0 0 
8.53 0 0.000599735 0.02 0.832895 8.32895e-05 0.00015 0.384202 658 25 1 3.03136e-314 0 0 0 
8.55 0 0.000675109 0.02 0.764751 7.64751e-05 0.00015 0.418437 659 25 1 3.03136e-314 0 0 0 
8.57 0 0.000730258 0.02 0.6944 6.944e-05 0.00015 0.460829 660 27 1 3.03136e-314 0 0 0 
8.59 0 0.000765089 0.02 0.62873 6.2873e-05 0.00015 0.508962 661 28 1 3.03136e-314 0 0 0 
8.61 0 0.0007825 0.02 0.571028 5.71028e-05 0.00015 0.560393 662 30 1 3.03136e-314 0 0 0 
8.63 0 0.000786275 0.02 0.521739 5.21739e-05 0.00015 0.613333 663 31 1 3.03136e-314 0 0 0 
