# Time [s]: 0.0468397
# Columns: pos [m], vel [m/s], acc [m/s^2], mass [kg], dens [kg/m^3], pres [Pa], ene [J/kg], sml [m], id, neighbor, alpha, gradh, ...additional?
# Additional arrays: grad_velocity_0(vector) grad_pressure(vector) grad_density(vector) 
-3.82724 9.77383 59.1931 0.02 0.574014 5511.51 14402.7 0.557478 0 38 1 2.48207e-314 0 0 0 
-3.82267 9.31351 100.001 0.02 0.573429 5476.48 14325.8 0.558046 1 38 1 2.48207e-314 0 0 0 
-3.81526 8.72281 136.853 0.02 0.572571 5419.5 14198 0.558883 2 38 1 2.48207e-314 0 0 0 
-3.80371 8.08833 152.631 0.02 0.571441 5334.22 14002.2 0.559988 3 38 1 2.48207e-314 0 0 0 
-3.78728 7.53577 130.765 0.02 0.57025 5222.1 13736.6 0.561157 4 37 1 2.48207e-314 0 0 0 
-3.76451 7.29383 93.4978 0.02 0.569381 5087.91 13404 0.562014 5 37 1 2.48207e-314 0 0 0 
-3.73213 7.82096 61.3003 0.02 0.569643 4939.95 13008.2 0.561756 6 37 1 2.48207e-314 0 0 0 
-3.68247 10.1007 97.7823 0.02 0.572625 4794.4 12559.2 0.55883 7 36 1 2.48207e-314 0 0 0 
-3.61992 13.6868 223.126 0.02 0.577742 4687.37 12170 0.55388 8 34 1 2.48207e-314 0 0 0 
-3.57206 15.8202 264.311 0.02 0.581337 4629.02 11944.2 0.550456 9 33 1 2.48207e-314 0 0 0 
-3.54121 16.2267 240.144 0.02 0.583808 4594.01 11803.7 0.548125 10 32 1 2.48207e-314 0 0 0 
-3.51472 16.2028 201.667 0.02 0.586423 4567.03 11682.1 0.545681 11 31 1 2.48207e-314 0 0 0 
-3.48712 16.3382 168.676 0.02 0.589568 4544.2 11561.7 0.54277 12 30 1 2.48207e-314 0 0 0 
-3.45736 16.7324 152.085 0.02 0.593198 4524.68 11441.6 0.539449 13 30 1 2.48207e-314 0 0 0 
-3.42578 17.3776 157.543 0.02 0.597074 4508.23 11326 0.535947 14 31 1 2.48207e-314 0 0 0 
-3.39334 18.1821 174.519 0.02 0.60087 4494.69 11220.6 0.532562 15 32 1 2.48207e-314 0 0 0 
-3.35986 19.1526 201.692 0.02 0.604356 4483.29 11127.6 0.529489 16 33 1 2.48207e-314 0 0 0 
-3.32563 20.0849 221.203 0.02 0.607369 4473.96 11049.4 0.526863 17 34 1 2.48207e-314 0 0 0 
-3.29021 21.0338 231.7 0.02 0.609813 4466.75 10987.3 0.524751 18 32 1 2.48207e-314 0 0 0 
-3.25518 21.898 221.97 0.02 0.611601 4461.86 10943.2 0.523217 19 31 1 2.48207e-314 0 0 0 
-3.22168 22.5805 205.571 0.02 0.612978 4459.37 10912.5 0.522042 20 31 1 2.48207e-314 0 0 0 
-3.18941 23.1457 188.296 0.02 0.614173 4459.01 10890.4 0.521026 21 31 1 2.48207e-314 0 0 0 
-3.15797 23.658 176.754 0.02 0.615295 4460.31 10873.8 0.520076 22 31 1 2.48207e-314 0 0 0 
-3.12698 24.156 167.942 0.02 0.61637 4462.67 10860.5 0.519169 23 32 1 2.48207e-314 0 0 0 
-3.09603 24.681 165.42 0.02 0.617398 4465.52 10849.4 0.518304 24 32 1 2.48207e-314 0 0 0 
-3.06445 25.2577 161.582 0.02 0.618336 4468.32 10839.7 0.517518 25 32 1 2.48207e-314 0 0 0 
-3.03208 25.9056 159.239 0.02 0.619115 4470.63 10831.6 0.516867 26 32 1 2.48207e-314 0 0 0 
-2.9992 26.6003 156.978 0.02 0.61966 4472.15 10825.8 0.516412 27 32 1 2.48207e-314 0 0 0 
-2.96622 27.2893 153.685 0.02 0.619957 4472.93 10822.5 0.516165 28 31 1 2.48207e-314 0 0 0 
-2.93348 27.9344 147.259 0.02 0.620058 4473.29 10821.6 0.516081 29 31 1 2.48207e-314 0 0 0 
-2.90106 28.5296 137.693 0.02 0.620036 4473.51 10822.5 0.516099 30 31 1 2.48207e-314 0 0 0 
-2.86891 29.087 126.533 0.02 0.619951 4473.71 10824.5 0.51617 31 31 1 2.48207e-314 0 0 0 
-2.83692 29.6257 115.502 0.02 0.619842 4473.91 10826.9 0.516261 32 31 1 2.48207e-314 0 0 0 
-2.80495 30.1655 105.897 0.02 0.619724 4474.04 10829.3 0.516359 33 31 1 2.48207e-314 0 0 0 
-2.77292 30.7163 98.101 0.02 0.619597 4473.99 10831.3 0.516465 34 31 1 2.48207e-314 0 0 0 
-2.74076 31.2814 91.6706 0.02 0.619452 4473.65 10833.1 0.516585 35 32 1 2.48207e-314 0 0 0 
-2.70848 31.857 85.9808 0.02 0.61928 4472.97 10834.4 0.516729 36 32 1 2.48207e-314 0 0 0 
-2.67611 32.4355 80.1404 0.02 0.619076 4471.95 10835.5 0.516899 37 32 1 2.48207e-314 0 0 0 
-2.64369 33.0099 73.6509 0.02 0.618843 4470.66 10836.5 0.517094 38 32 1 2.48207e-314 0 0 0 
-2.61125 33.5761 66.3886 0.02 0.61859 4469.17 10837.3 0.517306 39 32 1 2.48207e-314 0 0 0 
-2.57883 34.1316 58.5298 0.02 0.618325 4467.59 10838.1 0.517527 40 32 1 2.48207e-314 0 0 0 
-2.54645 34.6756 50.4204 0.02 0.618061 4465.97 10838.8 0.517749 41 31 1 2.48207e-314 0 0 0 
-2.51411 35.2098 42.3555 0.02 0.617805 4464.38 10839.4 0.517963 42 31 1 2.48207e-314 0 0 0 
-2.48178 35.7378 34.6318 0.02 0.617564 4462.82 10839.8 0.518165 43 32 1 2.48207e-314 0 0 0 
-2.44944 36.2631 27.4533 0.02 0.617338 4461.27 10840.1 0.518355 44 32 1 2.48207e-314 0 0 0 
-2.41707 36.7875 20.8435 0.02 0.617125 4459.74 10840.1 0.518534 45 32 1 2.48207e-314 0 0 0 
-2.38467 37.3111 14.6779 0.02 0.616921 4458.21 10839.9 0.518705 46 32 1 2.48207e-314 0 0 0 
-2.35223 37.8325 8.75799 0.02 0.616725 4456.68 10839.7 0.51887 47 32 1 2.48207e-314 0 0 0 
-2.31976 38.3497 2.88294 0.02 0.616534 4455.16 10839.3 0.519031 48 32 1 2.48207e-314 0 0 0 
-2.28729 38.8608 -3.08947 0.02 0.616347 4453.68 10839 0.519188 49 32 1 2.48207e-314 0 0 0 
-2.25481 39.3644 -9.18502 0.02 0.616168 4452.25 10838.7 0.519339 50 32 1 2.48207e-314 0 0 0 
-2.22234 39.8604 -15.3243 0.02 0.615996 4450.9 10838.4 0.519484 51 32 1 2.48207e-314 0 0 0 
-2.18986 40.349 -21.3739 0.02 0.615834 4449.64 10838.2 0.51962 52 32 1 2.48207e-314 0 0 0 
-2.15738 40.8311 -27.2073 0.02 0.615682 4448.47 10838 0.519748 53 32 1 2.48207e-314 0 0 0 
-2.1249 41.3073 -32.7478 0.02 0.61554 4447.38 10837.9 0.519868 54 32 1 2.48207e-314 0 0 0 
-2.09241 41.7778 -37.9787 0.02 0.615407 4446.38 10837.7 0.519981 55 32 1 2.48207e-314 0 0 0 
-2.05991 42.2428 -42.9293 0.02 0.615282 4445.45 10837.7 0.520087 56 32 1 2.48207e-314 0 0 0 
-2.0274 42.7019 -47.6508 0.02 0.615163 4444.59 10837.7 0.520187 57 32 1 2.48207e-314 0 0 0 
-1.99488 43.1548 -52.1965 0.02 0.61505 4443.8 10837.7 0.520283 58 32 1 2.48207e-314 0 0 0 
-1.96235 43.601 -56.6052 0.02 0.614942 4443.07 10837.9 0.520374 59 32 1 2.48207e-314 0 0 0 
-1.92982 44.0401 -60.8915 0.02 0.614838 4442.41 10838.1 0.520462 60 32 1 2.48207e-314 0 0 0 
-1.89728 44.4719 -65.0455 0.02 0.614739 4441.82 10838.4 0.520546 61 32 1 2.48207e-314 0 0 0 
-1.86474 44.8964 -69.0414 0.02 0.614645 4441.3 10838.8 0.520626 62 32 1 2.48207e-314 0 0 0 
-1.8322 45.3135 -72.848 0.02 0.614555 4440.85 10839.2 0.520702 63 32 1 2.48207e-314 0 0 0 
-1.79965 45.7233 -76.4384 0.02 0.61447 4440.46 10839.8 0.520774 64 32 1 2.48207e-314 0 0 0 
-1.7671 46.1258 -79.7965 0.02 0.614389 4440.13 10840.4 0.520842 65 32 1 2.48207e-314 0 0 0 
-1.73454 46.5212 -82.9188 0.02 0.614312 4439.85 10841.1 0.520908 66 32 1 2.48207e-314 0 0 0 
-1.70198 46.9094 -85.8127 0.02 0.614238 4439.63 10841.9 0.520971 67 32 1 2.48207e-314 0 0 0 
-1.66942 47.2902 -88.4914 0.02 0.614167 4439.45 10842.7 0.521031 68 32 1 2.48207e-314 0 0 0 
-1.63685 47.6636 -90.9683 0.02 0.614099 4439.31 10843.5 0.521089 69 32 1 2.48207e-314 0 0 0 
-1.60428 48.0295 -93.2527 0.02 0.614032 4439.22 10844.5 0.521145 70 32 1 2.48207e-314 0 0 0 
-1.5717 48.3877 -95.3484 0.02 0.613968 4439.16 10845.5 0.5212 71 32 1 2.48207e-314 0 0 0 
-1.53913 48.7383 -97.2542 0.02 0.613906 4439.14 10846.5 0.521253 72 32 1 2.48207e-314 0 0 0 
-1.50655 49.0812 -98.9661 0.02 0.613845 4439.16 10847.6 0.521304 73 32 1 2.48207e-314 0 0 0 
-1.47396 49.4163 -100.48 0.02 0.613786 4439.2 10848.8 0.521354 74 32 1 2.48207e-314 0 0 0 
-1.44137 49.7438 -101.792 0.02 0.613729 4439.27 10850 0.521403 75 32 1 2.48207e-314 0 0 0 
-1.40878 50.0636 -102.904 0.02 0.613673 4439.37 10851.2 0.52145 76 32 1 2.48207e-314 0 0 0 
-1.37619 50.3757 -103.818 0.02 0.613618 4439.49 10852.4 0.521497 77 32 1 2.48207e-314 0 0 0 
-1.3436 50.6802 -104.539 0.02 0.613564 4439.63 10853.7 0.521543 78 32 1 2.48207e-314 0 0 0 
-1.311 50.977 -105.075 0.02 0.613511 4439.78 10855.1 0.521588 79 32 1 2.48207e-314 0 0 0 
-1.2784 51.2662 -105.434 0.02 0.613458 4439.96 10856.4 0.521633 80 32 1 2.48207e-314 0 0 0 
-1.24579 51.5477 -105.621 0.02 0.613406 4440.14 10857.8 0.521678 81 32 1 2.48207e-314 0 0 0 
-1.21319 51.8216 -105.643 0.02 0.613354 4440.33 10859.2 0.521722 82 32 1 2.48207e-314 0 0 0 
-1.18058 52.0879 -105.505 0.02 0.613302 4440.54 10860.6 0.521766 83 32 1 2.48207e-314 0 0 0 
-1.14797 52.3466 -105.212 0.02 0.613251 4440.74 10862 0.52181 84 32 1 2.48207e-314 0 0 0 
-1.11535 52.5978 -104.77 0.02 0.613199 4440.96 10863.4 0.521853 85 32 1 2.48207e-314 0 0 0 
-1.08274 52.8416 -104.183 0.02 0.613148 4441.18 10864.9 0.521897 86 32 1 2.48207e-314 0 0 0 
-1.05012 53.0779 -103.458 0.02 0.613096 4441.4 10866.3 0.521941 87 32 1 2.48207e-314 0 0 0 
-1.01749 53.3069 -102.599 0.02 0.613045 4441.62 10867.8 0.521985 88 32 1 2.48207e-314 0 0 0 
-0.984868 53.5285 -101.615 0.02 0.612993 4441.85 10869.3 0.522029 89 32 1 2.48207e-314 0 0 0 
-0.95224 53.743 -100.513 0.02 0.612941 4442.07 10870.7 0.522073 90 32 1 2.48207e-314 0 0 0 
-0.919609 53.9503 -99.3004 0.02 0.612888 4442.29 10872.2 0.522118 91 32 1 2.48207e-314 0 0 0 
-0.886975 54.1506 -97.9844 0.02 0.612835 4442.5 10873.6 0.522163 92 32 1 2.48207e-314 0 0 0 
-0.854339 54.3438 -96.5727 0.02 0.612782 4442.71 10875.1 0.522208 93 32 1 2.48207e-314 0 0 0 
-0.8217 54.5302 -95.0725 0.02 0.612729 4442.92 10876.6 0.522254 94 32 1 2.48207e-314 0 0 0 
-0.789058 54.7097 -93.4907 0.02 0.612675 4443.13 10878 0.5223 95 32 1 2.48207e-314 0 0 0 
-0.756413 54.8826 -91.8341 0.02 0.612621 4443.33 10879.5 0.522346 96 32 1 2.48207e-314 0 0 0 
-0.723765 55.0489 -90.1092 0.02 0.612567 4443.52 10880.9 0.522392 97 32 1 2.48207e-314 0 0 0 
-0.691114 55.2087 -88.3222 0.02 0.612512 4443.71 10882.3 0.522439 98 32 1 2.48207e-314 0 0 0 
-0.65846 55.3621 -86.4794 0.02 0.612457 4443.89 10883.7 0.522485 99 32 1 2.48207e-314 0 0 0 
-0.625803 55.5093 -84.5871 0.02 0.612402 4444.07 10885.2 0.522532 100 32 1 2.48207e-314 0 0 0 
-0.593144 55.6504 -82.6516 0.02 0.612347 4444.24 10886.6 0.522579 101 32 1 2.48207e-314 0 0 0 
-0.560481 55.7855 -80.6792 0.02 0.612292 4444.41 10888 0.522626 102 32 1 2.48207e-314 0 0 0 
-0.527816 55.9147 -78.6765 0.02 0.612237 4444.58 10889.3 0.522673 103 32 1 2.48207e-314 0 0 0 
-0.495147 56.0381 -76.6498 0.02 0.612182 4444.74 10890.7 0.52272 104 32 1 2.48207e-314 0 0 0 
-0.462476 56.156 -74.6053 0.02 0.612128 4444.9 10892.1 0.522767 105 32 1 2.48207e-314 0 0 0 
-0.429801 56.2684 -72.5488 0.02 0.612073 4445.05 10893.4 0.522813 106 32 1 2.48207e-314 0 0 0 
-0.397123 56.3755 -70.4856 0.02 0.61202 4445.2 10894.7 0.522859 107 32 1 2.48207e-314 0 0 0 
-0.364443 56.4774 -68.4206 0.02 0.611967 4445.35 10896 0.522904 108 32 1 2.48207e-314 0 0 0 
-0.331759 56.5743 -66.3579 0.02 0.611914 4445.49 10897.3 0.522949 109 32 1 2.48207e-314 0 0 0 
-0.299073 56.6663 -64.3017 0.02 0.611863 4445.63 10898.6 0.522993 110 32 1 2.48207e-314 0 0 0 
-0.266384 56.7536 -62.2558 0.02 0.611812 4445.77 10899.8 0.523036 111 32 1 2.48207e-314 0 0 0 
-0.233692 56.8363 -60.224 0.02 0.611763 4445.91 10901 0.523078 112 32 1 2.48207e-314 0 0 0 
-0.200998 56.9145 -58.2107 0.02 0.611715 4446.05 10902.2 0.523119 113 32 1 2.48207e-314 0 0 0 
-0.168301 56.9885 -56.22 0.02 0.611669 4446.18 10903.4 0.523159 114 32 1 2.48207e-314 0 0 0 
-0.135602 57.0582 -54.2564 0.02 0.611624 4446.31 10904.5 0.523197 115 32 1 2.48207e-314 0 0 0 
-0.1029 57.124 -52.3239 0.02 0.611582 4446.44 10905.6 0.523233 116 32 1 2.48207e-314 0 0 0 
-0.0701951 57.1859 -50.4264 0.02 0.611541 4446.56 10906.6 0.523268 117 32 1 2.48207e-314 0 0 0 
-0.0374881 57.2441 -48.5666 0.02 0.611503 4446.67 10907.5 0.523301 118 32 1 2.48207e-314 0 0 0 
-0.00477884 57.2988 -46.7467 0.02 0.611467 4446.78 10908.4 0.523332 119 32 1 2.48207e-314 0 0 0 
0.0279323 57.3501 -44.9681 0.02 0.611433 4446.87 10909.3 0.523361 120 32 1 2.48207e-314 0 0 0 
0.060645 57.3981 -43.2314 0.02 0.611402 4446.96 10910 0.523387 121 32 1 2.48207e-314 0 0 0 
0.093359 57.443 -41.5369 0.02 0.611373 4447.02 10910.7 0.523412 122 32 1 2.48207e-314 0 0 0 
0.126074 57.4848 -39.8851 0.02 0.611346 4447.07 10911.3 0.523435 123 32 1 2.48207e-314 0 0 0 
0.15879 57.5238 -38.277 0.02 0.611322 4447.1 10911.8 0.523455 124 32 1 2.48207e-314 0 0 0 
0.191507 57.56 -36.7137 0.02 0.6113 4447.1 10912.2 0.523474 125 32 1 2.48207e-314 0 0 0 
0.224226 57.5936 -35.1968 0.02 0.61128 4447.07 10912.5 0.523492 126 32 1 2.48207e-314 0 0 0 
0.256946 57.6246 -33.7278 0.02 0.611261 4447 10912.7 0.523508 127 32 1 2.48207e-314 0 0 0 
0.289667 57.6534 -32.3077 0.02 0.611243 4446.9 10912.7 0.523523 128 32 1 2.48207e-314 0 0 0 
0.322389 57.68 -30.937 0.02 0.611226 4446.75 10912.7 0.523538 129 32 1 2.48207e-314 0 0 0 
0.355112 57.7045 -29.6149 0.02 0.611208 4446.55 10912.5 0.523554 130 32 1 2.48207e-314 0 0 0 
0.387836 57.727 -28.3399 0.02 0.611188 4446.3 10912.3 0.52357 131 32 1 2.48207e-314 0 0 0 
0.420558 57.7478 -27.1091 0.02 0.611166 4445.99 10911.9 0.52359 132 32 1 2.48207e-314 0 0 0 
0.45328 57.7668 -25.9185 0.02 0.611139 4445.62 10911.5 0.523612 133 32 1 2.48207e-314 0 0 0 
0.486001 57.7841 -24.7634 0.02 0.611107 4445.18 10911 0.52364 134 32 1 2.48207e-314 0 0 0 
0.518723 57.7999 -23.6397 0.02 0.611067 4444.67 10910.4 0.523674 135 32 1 2.48207e-314 0 0 0 
0.551448 57.8144 -22.5449 0.02 0.611018 4444.1 10909.9 0.523716 136 32 1 2.48207e-314 0 0 0 
0.584175 57.8277 -21.4794 0.02 0.610957 4443.45 10909.4 0.523768 137 32 1 2.48207e-314 0 0 0 
0.616907 57.84 -20.4454 0.02 0.610882 4442.73 10909 0.523833 138 32 1 2.48207e-314 0 0 0 
0.649643 57.8513 -19.4459 0.02 0.610789 4441.95 10908.7 0.523912 139 32 1 2.48207e-314 0 0 0 
0.682382 57.8617 -18.4823 0.02 0.610677 4441.11 10908.7 0.524009 140 32 1 2.48207e-314 0 0 0 
0.715124 57.8714 -17.5535 0.02 0.610541 4440.22 10908.9 0.524126 141 32 1 2.48207e-314 0 0 0 
0.747869 57.8805 -16.656 0.02 0.610378 4439.3 10909.5 0.524265 142 32 1 2.48207e-314 0 0 0 
0.780619 57.8892 -15.7853 0.02 0.610186 4438.35 10910.6 0.52443 143 32 1 2.48207e-314 0 0 0 
0.813376 57.8975 -14.9368 0.02 0.609961 4437.4 10912.3 0.524624 144 32 1 2.48207e-314 0 0 0 
0.846145 57.9057 -14.1055 0.02 0.609699 4436.47 10914.7 0.524849 145 32 1 2.48207e-314 0 0 0 
0.878929 57.9138 -13.2863 0.02 0.609397 4435.58 10918 0.52511 146 32 1 2.48207e-314 0 0 0 
0.911733 57.922 -12.4751 0.02 0.609051 4434.77 10922.2 0.525408 147 32 1 2.48207e-314 0 0 0 
0.94456 57.9305 -11.6719 0.02 0.608659 4434.07 10927.5 0.525746 148 32 1 2.48207e-314 0 0 0 
0.97741 57.9394 -10.8859 0.02 0.608217 4433.52 10934 0.526128 149 32 1 2.48207e-314 0 0 0 
1.01028 57.9485 -10.137 0.02 0.607725 4433.16 10942 0.526554 150 32 1 2.48207e-314 0 0 0 
1.04318 57.9578 -9.44941 0.02 0.60718 4433.04 10951.5 0.527027 151 32 1 2.48207e-314 0 0 0 
1.07609 57.9672 -8.83564 0.02 0.606583 4433.21 10962.8 0.527545 152 32 1 2.48207e-314 0 0 0 
1.10903 57.9768 -8.28946 0.02 0.605935 4433.74 10975.8 0.52811 153 32 1 2.48207e-314 0 0 0 
1.142 57.9869 -7.78992 0.02 0.605237 4434.67 10990.7 0.528718 154 32 1 2.48207e-314 0 0 0 
1.17502 57.9982 -7.30868 0.02 0.604493 4436.06 11007.7 0.52937 155 32 1 2.48207e-314 0 0 0 
1.2081 58.0109 -6.83398 0.02 0.603704 4437.97 11026.8 0.530061 156 32 1 2.48207e-314 0 0 0 
1.24125 58.0251 -6.36802 0.02 0.602877 4440.45 11048.2 0.530788 157 32 1 2.48207e-314 0 0 0 
1.27447 58.04 -5.96597 0.02 0.602018 4443.57 11071.7 0.531545 158 32 1 2.48207e-314 0 0 0 
1.30773 58.0542 -5.66451 0.02 0.601139 4447.38 11097.4 0.532323 159 32 1 2.48207e-314 0 0 0 
1.34102 58.0672 -5.45192 0.02 0.600252 4451.93 11125.2 0.533109 160 32 1 2.48207e-314 0 0 0 
1.37434 58.079 -5.30515 0.02 0.599374 4457.27 11154.8 0.53389 161 32 1 2.48207e-314 0 0 0 
1.40769 58.0905 -5.21915 0.02 0.598521 4463.41 11186.1 0.534651 162 32 1 2.48207e-314 0 0 0 
1.4411 58.1026 -5.22388 0.02 0.597713 4470.38 11218.7 0.535374 163 32 1 2.48207e-314 0 0 0 
1.47459 58.1155 -5.35582 0.02 0.596967 4478.21 11252.4 0.536043 164 32 1 2.48207e-314 0 0 0 
1.50817 58.1285 -5.64117 0.02 0.596309 4486.88 11286.6 0.536634 165 33 1 2.48207e-314 0 0 0 
1.54185 58.1407 -5.99908 0.02 0.595767 4496.41 11320.9 0.537123 166 33 1 2.48207e-314 0 0 0 
1.57559 58.1516 -6.28214 0.02 0.595372 4506.76 11354.5 0.537479 167 33 1 2.48207e-314 0 0 0 
1.60937 58.1609 -6.50403 0.02 0.595157 4517.85 11386.5 0.537673 168 33 1 2.48207e-314 0 0 0 
1.64314 58.1683 -6.55378 0.02 0.595156 4529.58 11416.1 0.537674 169 33 1 2.48207e-314 0 0 0 
1.6769 58.1737 -6.71571 0.02 0.595402 4541.86 11442.3 0.537452 170 33 1 2.48207e-314 0 0 0 
1.71062 58.1731 -7.20512 0.02 0.595934 4554.54 11464 0.536972 171 33 1 2.48207e-314 0 0 0 
1.74424 58.1623 -7.9841 0.02 0.596798 4567.46 11479.9 0.536195 172 33 1 2.48207e-314 0 0 0 
1.77772 58.1436 -8.63701 0.02 0.598045 4580.45 11488.6 0.535077 173 32 1 2.48207e-314 0 0 0 
1.81117 58.1276 -8.82062 0.02 0.599733 4593.33 11488.4 0.53357 174 33 1 2.48207e-314 0 0 0 
1.84479 58.1211 -8.74004 0.02 0.601928 4605.95 11478 0.531625 175 33 1 2.48207e-314 0 0 0 
1.87858 58.1196 -8.54233 0.02 0.604691 4618.07 11455.6 0.529196 176 33 1 2.48207e-314 0 0 0 
1.9124 58.1167 -8.55405 0.02 0.608074 4629.42 11419.9 0.526252 177 33 1 2.48207e-314 0 0 0 
1.94606 58.1018 -8.98259 0.02 0.612127 4639.66 11369.3 0.522767 178 33 1 2.48207e-314 0 0 0 
1.97914 58.06 -9.70872 0.02 0.61687 4648.33 11303 0.518748 179 34 1 2.48207e-314 0 0 0 
2.01135 57.9938 -9.87193 0.02 0.622312 4655.03 11220.3 0.514212 180 34 1 2.48207e-314 0 0 0 
2.04275 57.9235 -8.89738 0.02 0.62849 4659.57 11120.9 0.509156 181 34 1 2.48207e-314 0 0 0 
2.0741 57.8825 -7.40459 0.02 0.635603 4662.1 11002.4 0.503459 182 34 1 2.48207e-314 0 0 0 
2.10615 57.8681 -6.15396 0.02 0.64394 4662.47 10860.8 0.496941 183 35 1 2.48207e-314 0 0 0 
2.13863 57.8579 -5.30577 0.02 0.653615 4660.06 10694.5 0.489585 184 34 1 2.48207e-314 0 0 0 
2.17093 57.8334 -4.90853 0.02 0.664638 4654.29 10504.1 0.481465 185 35 1 2.48207e-314 0 0 0 
2.20249 57.7838 -4.85897 0.02 0.676964 4644.79 10291.8 0.472699 186 35 1 2.48207e-314 0 0 0 
2.23244 57.6898 -4.89558 0.02 0.690303 4631.25 10063.5 0.463564 187 35 1 2.48207e-314 0 0 0 
2.25992 57.5926 -2.73415 0.02 0.704096 4614.79 9831.31 0.454483 188 36 1 2.48207e-314 0 0 0 
2.2873 57.533 -1.06609 0.02 0.71947 4595.75 9581.56 0.444772 189 36 1 2.48207e-314 0 0 0 
2.3149 57.4911 0.809085 0.02 0.736792 4573.47 9310.92 0.434315 190 36 1 2.48207e-314 0 0 0 
2.34348 57.483 2.47576 0.02 0.756893 4547.67 9012.52 0.422781 191 36 1 2.48207e-314 0 0 0 
2.37114 57.4627 4.07543 0.02 0.778704 4518.54 8703.98 0.410939 192 36 1 2.48207e-314 0 0 0 
2.39992 57.4741 4.3599 0.02 0.804362 4485.27 8364.28 0.397831 193 37 1 2.48207e-314 0 0 0 
2.42649 57.3789 4.80668 0.02 0.831222 4446.66 8024.33 0.384975 194 38 1 2.48207e-314 0 0 0 
2.4492 57.2841 6.66756 0.02 0.856965 4408.83 7717.07 0.373411 195 37 1 2.48207e-314 0 0 0 
2.47131 57.2254 7.81309 0.02 0.884777 4370.12 7408.86 0.361673 196 37 1 2.48207e-314 0 0 0 
2.49362 57.2075 7.75574 0.02 0.915925 4330.15 7091.45 0.349374 197 37 1 2.48207e-314 0 0 0 
2.51535 57.2351 7.86732 0.02 0.94959 4290.85 6777.95 0.336988 198 38 1 2.48207e-314 0 0 0 
2.53439 57.2792 9.27292 0.02 0.982113 4255.71 6499.83 0.325828 199 38 1 2.48207e-314 0 0 0 
2.56541 57.1877 12.1234 0.02 1.04251 4188.79 6026.99 0.306952 200 39 1 2.48206e-314 0 0 0 
2.58225 57.1979 11.7395 0.02 1.07984 4152.29 5767.9 0.29634 201 39 1 2.48206e-314 0 0 0 
2.59984 57.2103 10.3872 0.02 1.12282 4112.49 5493.93 0.284996 202 39 1 2.48206e-314 0 0 0 
2.61692 57.2091 9.27154 0.02 1.16903 4071.8 5224.57 0.273731 203 39 1 2.48206e-314 0 0 0 
2.63289 57.1931 9.41179 0.02 1.2168 4031.91 4970.28 0.262984 204 39 1 2.48206e-314 0 0 0 
2.64874 57.1672 10.3812 0.02 1.26925 3991.37 4717.01 0.252118 205 39 1 2.48206e-314 0 0 0 
2.66797 57.1914 8.98956 0.02 1.34056 3946.33 4415.69 0.238707 206 38 1 2.48206e-314 0 0 0 
2.68507 57.266 9.21455 0.02 1.41151 3909.19 4154.24 0.226707 207 38 1 2.48206e-314 0 0 0 
2.69935 57.296 8.88559 0.02 1.47731 3876.13 3935.63 0.216609 208 38 1 2.48206e-314 0 0 0 
2.71312 57.3287 7.92594 0.02 1.54761 3844.71 3726.42 0.20677 209 38 1 2.48206e-314 0 0 0 
2.72542 57.3409 6.60158 0.02 1.617 3816.01 3539.88 0.197897 210 37 1 2.48206e-314 0 0 0 
2.73656 57.3379 6.22885 0.02 1.68597 3789.52 3371.51 0.189802 211 37 1 2.48206e-314 0 0 0 
2.74877 57.3468 4.19633 0.02 1.7693 3762.86 3190.11 0.180862 212 37 1 2.48206e-314 0 0 0 
2.7614 57.4059 3.00239 0.02 1.86429 3740.36 3009.47 0.171647 213 36 1 2.48206e-314 0 0 0 
2.77323 57.4692 2.46153 0.02 1.96171 3721.77 2845.8 0.163123 214 36 1 2.48206e-314 0 0 0 
2.78411 57.5269 2.0404 0.02 2.05971 3706.62 2699.36 0.155361 215 36 1 2.48206e-314 0 0 0 
2.79394 57.5683 1.51503 0.02 2.15596 3694.25 2570.25 0.148426 216 35 1 2.48206e-314 0 0 0 
2.80265 57.5865 0.750235 0.02 2.24857 3683.99 2457.55 0.142313 217 35 1 2.48206e-314 0 0 0 
2.81109 57.6022 -0.610356 0.02 2.34563 3676.1 2350.81 0.136424 218 34 1 2.48206e-314 0 0 0 
2.81956 57.633 -2.32027 0.02 2.45043 3671.56 2247.5 0.13059 219 34 1 2.48206e-314 0 0 0 
2.82796 57.6786 -3.18508 0.02 2.56153 3670.61 2149.46 0.124925 220 34 1 2.48206e-314 0 0 0 
2.83616 57.7285 -3.4915 0.02 2.67632 3672.9 2058.55 0.119567 221 33 1 2.48206e-314 0 0 0 
2.84404 57.7787 -3.60096 0.02 2.79239 3678.32 1975.9 0.114597 222 33 1 2.48206e-314 0 0 0 
2.85138 57.8178 -3.9649 0.02 2.90534 3686.12 1903.11 0.110142 223 32 1 2.48206e-314 0 0 0 
2.8581 57.8427 -4.42416 0.02 3.01328 3695.75 1839.73 0.106197 224 32 1 2.48206e-314 0 0 0 
2.86442 57.8608 -4.86501 0.02 3.11845 3707.49 1783.33 0.102615 225 32 1 2.48206e-314 0 0 0 
2.87053 57.8785 -5.43526 0.02 3.22311 3721.75 1732.06 0.099283 226 32 1 2.48206e-314 0 0 0 
2.87653 57.9027 -5.85165 0.02 3.32778 3738.85 1685.29 0.0961603 227 32 1 2.48206e-314 0 0 0 
2.88246 57.9326 -5.9429 0.02 3.43174 3758.72 1642.92 0.0932472 228 31 1 2.48206e-314 0 0 0 
2.88831 57.9636 -5.71592 0.02 3.53331 3781.04 1605.17 0.0905667 229 31 1 2.48206e-314 0 0 0 
2.89402 57.9904 -5.42907 0.02 3.63028 3805.36 1572.35 0.0881475 230 31 1 2.48206e-314 0 0 0 
2.89953 58.0089 -5.17394 0.02 3.72063 3831.16 1544.57 0.086007 231 31 1 2.48206e-314 0 0 0 
2.90479 58.0197 -5.20168 0.02 3.80355 3858.16 1521.54 0.0841319 232 30 1 2.48206e-314 0 0 0 
2.90985 58.0257 -5.14565 0.02 3.8792 3886.24 1502.72 0.0824912 233 31 1 2.48206e-314 0 0 0 
2.91476 58.0307 -5.04167 0.02 3.94807 3915.4 1487.59 0.0810522 234 31 1 2.48206e-314 0 0 0 
2.91958 58.0364 -4.72428 0.02 4.0106 3945.67 1475.72 0.0797885 235 30 1 2.48206e-314 0 0 0 
2.92438 58.0433 -4.31186 0.02 4.06688 3977.02 1466.86 0.0786843 236 30 1 2.48206e-314 0 0 0 
2.92918 58.0498 -3.63834 0.02 4.11659 4009.28 1460.9 0.0777343 237 30 1 2.48206e-314 0 0 0 
2.93398 58.0552 -3.13683 0.02 4.15919 4042.16 1457.8 0.076938 238 31 1 2.48206e-314 0 0 0 
2.93876 58.0574 -2.61017 0.02 4.19436 4075.24 1457.41 0.076293 239 31 1 2.48206e-314 0 0 0 
2.94349 58.0552 -2.14897 0.02 4.22212 4108.13 1459.51 0.0757914 240 31 1 2.48206e-314 0 0 0 
2.94815 58.0488 -1.73482 0.02 4.24287 4140.47 1463.8 0.0754206 241 30 1 2.48206e-314 0 0 0 
2.95274 58.0395 -1.29123 0.02 4.25729 4172.07 1469.98 0.0751653 242 30 1 2.48206e-314 0 0 0 
2.95729 58.0283 -0.740582 0.02 4.26608 4202.89 1477.79 0.0750102 243 31 1 2.48206e-314 0 0 0 
2.96186 58.0175 -0.360838 0.02 4.26986 4232.93 1487.03 0.0749439 244 31 1 2.48206e-314 0 0 0 
2.96648 58.0079 0.16671 0.02 4.26907 4262.01 1497.53 0.0749578 245 31 1 2.48206e-314 0 0 0 
2.97114 57.9992 0.770892 0.02 4.26415 4289.87 1509.05 0.0750442 246 31 1 2.48206e-314 0 0 0 
2.97584 57.9898 1.24862 0.02 4.25562 4316.24 1521.37 0.0751946 247 31 1 2.48206e-314 0 0 0 
2.98055 57.9785 1.78002 0.02 4.24407 4340.92 1534.23 0.0753992 248 31 1 2.48206e-314 0 0 0 
2.98526 57.9652 2.00189 0.02 4.23011 4363.77 1547.4 0.0756481 249 32 1 2.48206e-314 0 0 0 
2.98998 57.9506 2.31082 0.02 4.21434 4384.73 1560.65 0.0759313 250 32 1 2.48206e-314 0 0 0 
2.99471 57.9351 2.49965 0.02 4.19724 4403.82 1573.83 0.0762406 251 32 1 2.48206e-314 0 0 0 
2.99947 57.9206 2.59064 0.02 4.17924 4421.04 1586.79 0.0765689 252 32 1 2.48206e-314 0 0 0 
3.00425 57.9071 2.86365 0.02 4.16073 4436.42 1599.39 0.0769096 253 32 1 2.48206e-314 0 0 0 
3.00907 57.8945 3.08451 0.02 4.14204 4450 1611.53 0.0772567 254 32 1 2.48206e-314 0 0 0 
3.01392 57.8824 3.22516 0.02 4.12347 4461.79 1623.07 0.0776044 255 32 1 2.48206e-314 0 0 0 
3.0188 57.8706 3.25542 0.02 4.10531 4471.87 1633.93 0.0779477 256 32 1 2.48206e-314 0 0 0 
3.0237 57.8592 3.22468 0.02 4.08779 4480.3 1644.03 0.0782819 257 32 1 2.48206e-314 0 0 0 
3.02863 57.8481 3.18137 0.02 4.07109 4487.19 1653.31 0.0786031 258 32 1 2.48206e-314 0 0 0 
3.03357 57.8373 3.08174 0.02 4.05535 4492.63 1661.74 0.0789081 259 32 1 2.48206e-314 0 0 0 
3.03853 57.8271 2.96865 0.02 4.04068 4496.75 1669.3 0.0791945 260 32 1 2.48206e-314 0 0 0 
3.0435 57.8177 2.84816 0.02 4.02715 4499.65 1675.99 0.0794606 261 32 1 2.48206e-314 0 0 0 
3.04849 57.8091 2.71435 0.02 4.01479 4501.47 1681.83 0.0797052 262 32 1 2.48206e-314 0 0 0 
3.05349 57.8014 2.5659 0.02 4.00362 4502.32 1686.84 0.0799276 263 32 1 2.48206e-314 0 0 0 
3.0585 57.7946 2.40649 0.02 3.99364 4502.31 1691.05 0.0801275 264 32 1 2.48206e-314 0 0 0 
3.06353 57.7887 2.23955 0.02 3.98482 4501.55 1694.51 0.0803048 265 32 1 2.48206e-314 0 0 0 
3.06858 57.7836 2.05714 0.02 3.97714 4500.16 1697.26 0.0804599 266 32 1 2.48206e-314 0 0 0 
3.07363 57.7791 1.85524 0.02 3.97055 4498.24 1699.35 0.0805933 267 32 1 2.48206e-314 0 0 0 
3.07869 57.7752 1.63304 0.02 3.96502 4495.89 1700.83 0.0807057 268 32 1 2.48206e-314 0 0 0 
3.08375 57.7718 1.39597 0.02 3.96048 4493.2 1701.76 0.0807982 269 32 1 2.48206e-314 0 0 0 
3.08881 57.7688 1.15354 0.02 3.95687 4490.25 1702.2 0.080872 270 32 1 2.48206e-314 0 0 0 
3.09388 57.7664 0.914454 0.02 3.95411 4487.13 1702.2 0.0809284 271 32 1 2.48206e-314 0 0 0 
3.09894 57.7646 0.684003 0.02 3.95214 4483.9 1701.82 0.0809688 272 33 1 2.48206e-314 0 0 0 
3.10401 57.7635 0.462362 0.02 3.95087 4480.61 1701.12 0.0809948 273 33 1 2.48206e-314 0 0 0 
3.10908 57.7629 0.253394 0.02 3.95024 4477.33 1700.15 0.0810078 274 33 1 2.48206e-314 0 0 0 
3.11416 57.7627 0.0614674 0.02 3.95017 4474.11 1698.95 0.0810092 275 33 1 2.48206e-314 0 0 0 
3.11923 57.7629 -0.106334 0.02 3.95059 4470.97 1697.58 0.0810005 276 33 1 2.48206e-314 0 0 0 
3.1243 57.7633 -0.244943 0.02 3.95144 4467.96 1696.07 0.0809831 277 33 1 2.48206e-314 0 0 0 
3.12936 57.7638 -0.348922 0.02 3.95266 4465.11 1694.47 0.0809582 278 33 1 2.48206e-314 0 0 0 
3.13442 57.7645 -0.414542 0.02 3.95417 4462.42 1692.8 0.0809272 279 32 1 2.48206e-314 0 0 0 
3.13948 57.7653 -0.444963 0.02 3.95593 4459.93 1691.11 0.0808912 280 32 1 2.48206e-314 0 0 0 
3.14454 57.7663 -0.452615 0.02 3.95788 4457.64 1689.4 0.0808513 281 32 1 2.48206e-314 0 0 0 
3.14959 57.7674 -0.451506 0.02 3.95998 4455.56 1687.72 0.0808085 282 32 1 2.48206e-314 0 0 0 
3.15464 57.7686 -0.458985 0.02 3.96218 4453.69 1686.08 0.0807637 283 32 1 2.48206e-314 0 0 0 
3.15969 57.7699 -0.493861 0.02 3.96443 4452.03 1684.49 0.0807177 284 32 1 2.48206e-314 0 0 0 
3.16473 57.7712 -0.568847 0.02 3.96671 4450.57 1682.97 0.0806714 285 32 1 2.48206e-314 0 0 0 
3.16977 57.7725 -0.688537 0.02 3.96898 4449.32 1681.53 0.0806252 286 32 1 2.48206e-314 0 0 0 
3.17481 57.7737 -0.848601 0.02 3.97122 4448.26 1680.19 0.0805798 287 32 1 2.48206e-314 0 0 0 
3.17984 57.775 -1.03341 0.02 3.9734 4447.38 1678.93 0.0805356 288 32 1 2.48206e-314 0 0 0 
3.18487 57.7762 -1.21398 0.02 3.9755 4446.68 1677.78 0.0804929 289 32 1 2.48206e-314 0 0 0 
3.1899 57.7774 -1.35916 0.02 3.97752 4446.14 1676.73 0.0804522 290 32 1 2.48206e-314 0 0 0 
3.19492 57.7785 -1.43655 0.02 3.97942 4445.73 1675.77 0.0804136 291 32 1 2.48206e-314 0 0 0 
3.19995 57.7796 -1.41794 0.02 3.98122 4445.46 1674.91 0.0803775 292 32 1 2.48206e-314 0 0 0 
3.20497 57.7807 -1.28551 0.02 3.98288 4445.3 1674.15 0.0803438 293 32 1 2.48206e-314 0 0 0 
3.20999 57.7816 -1.03731 0.02 3.98443 4445.23 1673.48 0.0803127 294 32 1 2.48206e-314 0 0 0 
3.215 57.7824 -0.690948 0.02 3.98584 4445.25 1672.89 0.0802843 295 32 1 2.48206e-314 0 0 0 
3.22002 57.783 -0.284879 0.02 3.98712 4445.34 1672.39 0.0802585 296 32 1 2.48206e-314 0 0 0 
3.22503 57.7834 0.123778 0.02 3.98827 4445.48 1671.96 0.0802352 297 32 1 2.48206e-314 0 0 0 
3.23004 57.7835 0.46586 0.02 3.98931 4445.67 1671.6 0.0802144 298 32 1 2.48206e-314 0 0 0 
3.23506 57.7836 0.670317 0.02 3.99023 4445.9 1671.3 0.0801959 299 32 1 2.48206e-314 0 0 0 
3.24007 57.7835 0.676883 0.02 3.99104 4446.17 1671.06 0.0801796 300 32 1 2.48206e-314 0 0 0 
3.24507 57.7835 0.449954 0.02 3.99175 4446.46 1670.87 0.0801653 301 32 1 2.48206e-314 0 0 0 
3.25008 57.7834 -0.00914219 0.02 3.99237 4446.77 1670.73 0.080153 302 32 1 2.48206e-314 0 0 0 
3.25509 57.7835 -0.654144 0.02 3.99289 4447.1 1670.63 0.0801424 303 32 1 2.48206e-314 0 0 0 
3.2601 57.7837 -1.39242 0.02 3.99334 4447.43 1670.57 0.0801334 304 32 1 2.48206e-314 0 0 0 
3.26511 57.7841 -2.09184 0.02 3.99371 4447.77 1670.54 0.0801261 305 32 1 2.48206e-314 0 0 0 
3.27011 57.7845 -2.59694 0.02 3.994 4448.1 1670.54 0.0801202 306 31 1 2.48206e-314 0 0 0 
3.27512 57.785 -2.75305 0.02 3.99422 4448.4 1670.57 0.0801158 307 31 1 2.48206e-314 0 0 0 
3.28013 57.7855 -2.43536 0.02 3.99436 4448.67 1670.61 0.0801129 308 31 1 2.48206e-314 0 0 0 
3.28513 57.7858 -1.57868 0.02 3.99444 4448.9 1670.66 0.0801113 309 31 1 2.48206e-314 0 0 0 
3.29014 57.7857 -0.202324 0.02 3.99446 4449.07 1670.71 0.080111 310 31 1 2.48206e-314 0 0 0 
3.29514 57.7852 1.57559 0.02 3.99442 4449.18 1670.77 0.0801118 311 31 1 2.48206e-314 0 0 0 
3.30015 57.7843 3.53975 0.02 3.99432 4449.23 1670.83 0.0801137 312 31 1 2.48206e-314 0 0 0 
3.30516 57.7828 5.39755 0.02 3.99419 4449.21 1670.88 0.0801164 313 31 1 2.48206e-314 0 0 0 
3.31016 57.7809 6.81792 0.02 3.99402 4449.14 1670.92 0.0801198 314 32 1 2.48206e-314 0 0 0 
3.31517 57.7787 7.48643 0.02 3.99383 4449.02 1670.96 0.0801236 315 32 1 2.48206e-314 0 0 0 
3.32018 57.7765 7.16888 0.02 3.99362 4448.88 1671 0.0801277 316 32 1 2.48206e-314 0 0 0 
3.32519 57.7744 5.7735 0.02 3.99341 4448.73 1671.03 0.080132 317 32 1 2.48206e-314 0 0 0 
3.3302 57.7729 3.40066 0.02 3.99319 4448.58 1671.06 0.0801364 318 32 1 2.48206e-314 0 0 0 
3.33521 57.772 0.367177 0.02 3.99296 4448.43 1671.1 0.080141 319 32 1 2.48206e-314 0 0 0 
3.34022 57.772 -2.80519 0.02 3.99271 4448.26 1671.15 0.0801461 320 32 1 2.48206e-314 0 0 0 
3.34523 57.7727 -5.44171 0.02 3.99241 4448.08 1671.2 0.080152 321 32 1 2.48206e-314 0 0 0 
3.35023 57.774 -6.80669 0.02 3.99206 4447.83 1671.26 0.0801592 322 32 1 2.48206e-314 0 0 0 
3.35524 57.7753 -6.22699 0.02 3.99161 4447.48 1671.31 0.0801681 323 32 1 2.48206e-314 0 0 0 
3.36025 57.7762 -3.23003 0.02 3.99106 4446.98 1671.35 0.0801791 324 32 1 2.48206e-314 0 0 0 
3.36526 57.776 2.32691 0.02 3.99039 4446.3 1671.37 0.0801927 325 32 1 2.48206e-314 0 0 0 
3.37027 57.7741 10.1614 0.02 3.98958 4445.38 1671.36 0.080209 326 32 1 2.48206e-314 0 0 0 
3.37528 57.7699 19.5298 0.02 3.98863 4444.21 1671.31 0.080228 327 32 1 2.48206e-314 0 0 0 
3.38029 57.7632 29.2721 0.02 3.98756 4442.79 1671.23 0.0802495 328 32 1 2.48206e-314 0 0 0 
3.3853 57.7541 37.9434 0.02 3.98639 4441.14 1671.1 0.0802732 329 32 1 2.48206e-314 0 0 0 
3.39032 57.7431 44.0276 0.02 3.98512 4439.29 1670.95 0.0802987 330 32 1 2.48206e-314 0 0 0 
3.39534 57.731 46.2132 0.02 3.98379 4437.31 1670.76 0.0803255 331 32 1 2.48206e-314 0 0 0 
3.40036 57.719 43.6899 0.02 3.98241 4435.25 1670.58 0.0803534 332 32 1 2.48206e-314 0 0 0 
3.40539 57.7082 36.4173 0.02 3.98096 4433.16 1670.4 0.0803826 333 32 1 2.48206e-314 0 0 0 
3.41041 57.6998 25.3083 0.02 3.97944 4431.05 1670.25 0.0804134 334 32 1 2.48206e-314 0 0 0 
3.41544 57.6946 12.2724 0.02 3.97777 4428.91 1670.14 0.0804471 335 32 1 2.48206e-314 0 0 0 
3.42047 57.6926 0.0786629 0.02 3.97588 4426.65 1670.08 0.0804853 336 32 1 2.48206e-314 0 0 0 
3.42551 57.6933 -7.97015 0.02 3.97367 4424.14 1670.05 0.0805301 337 32 1 2.48206e-314 0 0 0 
3.43054 57.6951 -8.53597 0.02 3.97101 4421.2 1670.04 0.080584 338 32 1 2.48206e-314 0 0 0 
3.43556 57.6958 1.1514 0.02 3.96778 4417.59 1670.02 0.0806496 339 32 1 2.48206e-314 0 0 0 
3.44059 57.6924 22.6784 0.02 3.96387 4413.09 1669.95 0.0807291 340 32 1 2.48206e-314 0 0 0 
3.44563 57.6818 55.9372 0.02 3.9592 4407.47 1669.78 0.0808245 341 32 1 2.48206e-314 0 0 0 
3.45066 57.6614 98.8312 0.02 3.95371 4400.57 1669.47 0.0809367 342 32 1 2.48206e-314 0 0 0 
3.4557 57.6291 147.319 0.02 3.9474 4392.28 1668.98 0.081066 343 32 1 2.48206e-314 0 0 0 
3.46076 57.5842 195.552 0.02 3.94031 4382.62 1668.31 0.0812119 344 32 1 2.48206e-314 0 0 0 
3.46582 57.5276 236.34 0.02 3.9325 4371.67 1667.46 0.0813731 345 32 1 2.48206e-314 0 0 0 
3.4709 57.4623 263.113 0.02 3.92406 4359.59 1666.46 0.0815482 346 32 1 2.48206e-314 0 0 0 
3.476 57.3924 270.808 0.02 3.91503 4346.6 1665.35 0.0817362 347 32 1 2.48206e-314 0 0 0 
3.48112 57.3233 257.18 0.02 3.90544 4332.88 1664.19 0.081937 348 32 1 2.48206e-314 0 0 0 
3.48625 57.2604 223.885 0.02 3.8952 4318.56 1663.07 0.0821524 349 32 1 2.48206e-314 0 0 0 
3.4914 57.2078 177.211 0.02 3.88415 4303.61 1662.04 0.0823861 350 32 1 2.48206e-314 0 0 0 
3.49656 57.1678 127.105 0.02 3.872 4287.81 1661.12 0.0826445 351 32 1 2.48206e-314 0 0 0 
3.50173 57.1396 87.358 0.02 3.85836 4270.72 1660.32 0.0829368 352 32 1 2.48206e-314 0 0 0 
3.50691 57.1185 73.8009 0.02 3.84274 4251.64 1659.57 0.0832738 353 32 1 2.48206e-314 0 0 0 
3.51209 57.0955 102.028 0.02 3.82463 4229.71 1658.76 0.0836682 354 31 1 2.48206e-314 0 0 0 
3.51728 57.0584 183.858 0.02 3.80352 4203.96 1657.73 0.0841325 355 31 1 2.48206e-314 0 0 0 
3.52248 56.9923 324.944 0.02 3.77898 4173.4 1656.29 0.084679 356 31 1 2.48206e-314 0 0 0 
3.52771 56.8825 520.707 0.02 3.75067 4137.16 1654.23 0.085318 357 31 1 2.48206e-314 0 0 0 
3.53296 56.7171 751.827 0.02 3.71844 4094.59 1651.34 0.0860576 358 31 1 2.48206e-314 0 0 0 
3.53827 56.4909 988.353 0.02 3.68228 4045.32 1647.44 0.0869027 359 31 1 2.48206e-314 0 0 0 
3.54365 56.2055 1206.84 0.02 3.64237 3989.32 1642.42 0.087855 360 31 1 2.48206e-314 0 0 0 
3.54911 55.8679 1389.24 0.02 3.59903 3926.85 1636.16 0.0889128 361 32 1 2.48206e-314 0 0 0 
3.55466 55.4895 1520.67 0.02 3.5527 3858.47 1628.66 0.0900723 362 32 1 2.48206e-314 0 0 0 
3.56031 55.0849 1589.9 0.02 3.50384 3784.95 1619.94 0.0913284 363 32 1 2.48206e-314 0 0 0 
3.56607 54.671 1592.8 0.02 3.45285 3707.12 1610.11 0.0926771 364 31 1 2.48206e-314 0 0 0 
3.57194 54.2641 1535.78 0.02 3.39998 3625.75 1599.29 0.0941182 365 31 1 2.48206e-314 0 0 0 
3.57791 53.8772 1439.8 0.02 3.34529 3541.33 1587.59 0.0956569 366 31 1 2.48206e-314 0 0 0 
3.58398 53.5165 1334.45 0.02 3.28856 3453.9 1575.04 0.0973069 367 31 1 2.48206e-314 0 0 0 
3.59013 53.1797 1258.57 0.02 3.22933 3362.95 1561.57 0.0990917 368 32 1 2.48206e-314 0 0 0 
3.59638 52.8538 1252.85 0.02 3.16689 3267.39 1546.91 0.101046 369 31 1 2.48206e-314 0 0 0 
3.60271 52.5144 1364.37 0.02 3.10042 3165.67 1530.61 0.103212 370 31 1 2.48206e-314 0 0 0 
3.60913 52.1264 1629.17 0.02 3.02911 3056.03 1512.07 0.105642 371 31 1 2.48206e-314 0 0 0 
3.61566 51.6466 2073.05 0.02 2.95221 2936.66 1490.52 0.108393 372 31 1 2.48206e-314 0 0 0 
3.62233 51.0268 2709.73 0.02 2.86912 2806.04 1465.1 0.111532 373 31 1 2.48206e-314 0 0 0 
3.62918 50.2158 3547.57 0.02 2.77957 2663.16 1434.94 0.115126 374 31 1 2.48206e-314 0 0 0 
3.63627 49.1642 4562.08 0.02 2.68354 2507.68 1399.18 0.119245 375 32 1 2.48206e-314 0 0 0 
3.64367 47.8303 5722.8 0.02 2.58131 2339.98 1357 0.123968 376 32 1 2.48206e-314 0 0 0 
3.65145 46.1821 6982.3 0.02 2.47351 2161.28 1307.73 0.129371 377 32 1 2.48206e-314 0 0 0 
3.65971 44.2012 8285.17 0.02 2.36117 1973.66 1250.82 0.135526 378 32 1 2.48206e-314 0 0 0 
3.66852 41.8858 9556.23 0.02 2.2457 1779.98 1185.98 0.142494 379 33 1 2.48206e-314 0 0 0 
3.67798 39.2541 10719.1 0.02 2.1288 1583.71 1113.19 0.150319 380 34 1 2.48206e-314 0 0 0 
3.68816 36.3439 11700.6 0.02 2.01239 1388.81 1032.84 0.159015 381 34 1 2.48206e-314 0 0 0 
3.69912 33.2093 12445.6 0.02 1.89842 1199.26 945.774 0.168561 382 35 1 2.48206e-314 0 0 0 
3.71093 29.9178 12908.4 0.02 1.78876 1018.82 853.251 0.178895 383 36 1 2.48206e-314 0 0 0 
3.7236 26.5452 13070.5 0.02 1.68503 850.673 756.987 0.189908 384 37 1 2.48206e-314 0 0 0 
3.73715 23.1702 12927.1 0.02 1.58849 697.243 659.04 0.20145 385 38 1 2.48206e-314 0 0 0 
3.75157 19.871 12487 0.02 1.50001 560.18 561.748 0.213332 386 39 1 2.48206e-314 0 0 0 
3.76684 16.721 11778.4 0.02 1.4201 440.339 467.586 0.225336 387 40 1 2.48206e-314 0 0 0 
3.78289 13.7853 10837.4 0.02 1.34891 337.884 379.002 0.237228 388 40 1 2.48206e-314 0 0 0 
3.79968 11.1183 9709.98 0.02 1.28634 252.443 298.251 0.248767 389 40 1 2.48206e-314 0 0 0 
3.81711 8.76061 8456.31 0.02 1.23208 183.136 227.18 0.259723 390 41 1 2.48206e-314 0 0 0 
3.83512 6.73619 7144.72 0.02 1.18567 128.647 167.008 0.26989 391 41 1 2.48206e-314 0 0 0 
3.85361 5.05077 5846.98 0.02 1.14654 87.2835 118.187 0.2791 392 41 1 2.48206e-314 0 0 0 
3.87249 3.69223 4628.51 0.02 1.11406 57.0903 80.3613 0.287238 393 40 1 2.48206e-314 0 0 0 
3.89169 2.63294 3542.39 0.02 1.08753 35.979 52.4633 0.294245 394 39 1 2.48206e-314 0 0 0 
3.91112 1.83392 2623.44 0.02 1.06623 21.8759 32.9147 0.300122 395 39 1 2.48206e-314 0 0 0 
3.93073 1.24989 1885.36 0.02 1.04943 12.8694 19.8955 0.304928 396 38 1 2.48206e-314 0 0 0 
3.95047 0.834943 1319.65 0.02 1.03639 7.35006 11.6263 0.308764 397 37 1 2.48206e-314 0 0 0 
3.9703 0.547357 902.645 0.02 1.02644 4.08577 6.58937 0.311758 398 36 1 2.48206e-314 0 0 0 
3.99018 0.352398 604.512 0.02 1.01895 2.2145 3.63058 0.31405 399 35 1 2.48206e-314 0 0 0 
4.01011 0.222866 397.26 0.02 1.0134 1.1701 1.94674 0.31577 400 34 1 2.48206e-314 0 0 0 
4.03007 0.138395 256.272 0.02 1.00934 0.601676 1.01538 0.317038 401 33 1 2.48206e-314 0 0 0 
4.05004 0.0843502 162.002 0.02 1.00643 0.30101 0.514752 0.317957 402 33 1 2.48206e-314 0 0 0 
4.07002 0.050461 100.416 0.02 1.00436 0.146574 0.253744 0.318612 403 33 1 2.48206e-314 0 0 0 
4.09001 0.0296089 61.1011 0.02 1.00291 0.0691715 0.121421 0.319071 404 32 1 2.48206e-314 0 0 0 
4.11001 0.0170286 36.3896 0.02 1.00192 0.0316308 0.0563072 0.319387 405 32 1 2.48206e-314 0 0 0 
4.13 0.00960238 21.1903 0.02 1.00125 0.0140763 0.0253581 0.319602 406 32 1 2.48206e-314 0 0 0 
4.15 0.00531072 12.1022 0.02 1.0008 0.00610979 0.0111335 0.319745 407 32 1 2.48206e-314 0 0 0 
4.17 0.00287852 6.77382 0.02 1.0005 0.00260137 0.00478779 0.319839 408 32 1 2.48206e-314 0 0 0 
4.19 0.00152842 3.70953 0.02 1.00031 0.00110754 0.00204601 0.3199 409 32 1 2.48206e-314 0 0 0 
4.21 0.000795351 1.98607 0.02 1.00019 0.000494382 0.000901675 0.319938 410 32 1 2.48206e-314 0 0 0 
4.23 0.000405779 1.04253 0.02 1.00012 0.000249927 0.000439612 0.319963 411 32 1 2.48206e-314 0 0 0 
4.25 0.000202794 0.536345 0.02 1.00007 0.000155172 0.00025821 0.319978 412 32 1 2.48206e-314 0 0 0 
4.27 9.91857e-05 0.270026 0.02 1.00004 0.00011961 0.000189104 0.319987 413 32 1 2.48206e-314 0 0 0 
4.29 4.74486e-05 0.132892 0.02 1.00002 0.000106724 0.000163644 0.319993 414 32 1 2.48206e-314 0 0 0 
4.31 2.21974e-05 0.0638925 0.02 1.00001 0.000102222 0.000154592 0.319996 415 32 1 2.48206e-314 0 0 0 
4.33 1.0157e-05 0.0300055 0.02 1.00001 0.000100708 0.000151491 0.319998 416 32 1 2.48206e-314 0 0 0 
4.35 4.5481e-06 0.0137679 0.02 1 0.000100218 0.000150467 0.319999 417 32 1 2.48206e-314 0 0 0 
4.37 1.99449e-06 0.0061759 0.02 1 0.000100065 0.000150141 0.319999 418 32 1 2.48206e-314 0 0 0 
4.39 8.5741e-07 0.00271126 0.02 1 0.000100019 0.000150042 0.32 419 32 1 2.48206e-314 0 0 0 
4.41 3.61587e-07 0.00116666 0.02 1 0.000100005 0.000150012 0.32 420 32 1 2.48206e-314 0 0 0 
4.43 1.49578e-07 0.000492568 0.02 1 0.000100002 0.000150003 0.32 421 32 1 2.48206e-314 0 0 0 
4.45 6.06233e-08 0.000204046 0.02 1 0.0001 0.000150001 0.32 422 32 1 2.48206e-314 0 0 0 
4.47 2.40141e-08 8.28326e-05 0.02 1 0.0001 0.00015 0.32 423 32 1 2.48206e-314 0 0 0 
4.49 9.26225e-09 3.28515e-05 0.02 1 0.0001 0.00015 0.32 424 32 1 2.48206e-314 0 0 0 
4.51 3.46359e-09 1.26621e-05 0.02 1 0.0001 0.00015 0.32 425 32 1 2.48206e-314 0 0 0 
4.53 1.25213e-09 4.7152e-06 0.02 1 0.0001 0.00015 0.32 426 32 1 2.48206e-314 0 0 0 
4.55 4.37849e-10 1.69179e-06 0.02 1 0.0001 0.00015 0.32 427 32 1 2.48206e-314 0 0 0 
4.57 1.48718e-10 5.86264e-07 0.02 1 0.0001 0.00015 0.32 428 32 1 2.48206e-314 0 0 0 
4.59 4.93729e-11 1.9741e-07 0.02 1 0.0001 0.00015 0.32 429 32 1 2.48206e-314 0 0 0 
4.61 1.61326e-11 6.50502e-08 0.02 1 0.0001 0.00015 0.32 430 32 1 2.48206e-314 0 0 0 
4.63 5.22558e-12 2.11304e-08 0.02 1 0.0001 0.00015 0.32 431 32 1 2.48206e-314 0 0 0 
4.65 1.68972e-12 6.81937e-09 0.02 1 0.0001 0.00015 0.32 432 32 1 2.48206e-314 0 0 0 
4.67 5.48355e-13 2.20372e-09 0.02 1 0.0001 0.00015 0.32 433 32 1 2.48206e-314 0 0 0 
4.69 1.78822e-13 7.17169e-10 0.02 1 0.0001 0.00015 0.32 434 32 1 2.48206e-314 0 0 0 
4.71 5.83e-14 2.35192e-10 0.02 1 0.0001 0.00015 0.32 435 32 1 2.48206e-314 0 0 0 
4.73 1.87593e-14 7.72109e-11 0.02 1 0.0001 0.00015 0.32 436 32 1 2.48206e-314 0 0 0 
4.75 5.82688e-15 2.4996e-11 0.02 1 0.0001 0.00015 0.32 437 32 1 2.48206e-314 0 0 0 
4.77 1.68364e-15 7.78551e-12 0.02 1 0.0001 0.00015 0.32 438 32 1 2.48206e-314 0 0 0 
4.79 4.19474e-16 2.24148e-12 0.02 1 0.0001 0.00015 0.32 439 32 1 2.48206e-314 0 0 0 
4.81 6.93923e-17 5.49361e-13 0.02 1 0.0001 0.00015 0.32 440 32 1 2.48206e-314 0 0 0 
4.83 -9.15566e-18 8.46897e-14 0.02 1 0.0001 0.00015 0.32 441 32 1 2.48206e-314 0 0 0 
4.85 -1.69458e-17 -1.66387e-14 0.02 1 0.0001 0.00015 0.32 442 32 1 2.48206e-314 0 0 0 
4.87 -1.1343e-17 -2.47188e-14 0.02 1 0.0001 0.00015 0.32 443 32 1 2.48206e-314 0 0 0 
4.89 -6.02735e-18 -1.60486e-14 0.02 1 0.0001 0.00015 0.32 444 32 1 2.48206e-314 0 0 0 
4.91 -2.86781e-18 -8.41474e-15 0.02 1 0.0001 0.00015 0.32 445 32 1 2.48206e-314 0 0 0 
4.93 -1.27513e-18 -3.97219e-15 0.02 1 0.0001 0.00015 0.32 446 32 1 2.48206e-314 0 0 0 
4.95 -5.40484e-19 -1.75678e-15 0.02 1 0.0001 0.00015 0.32 447 32 1 2.48206e-314 0 0 0 
4.97 -2.20686e-19 -7.41684e-16 0.02 1 0.0001 0.00015 0.32 448 31 1 2.48206e-314 0 0 0 
4.99 -8.73232e-20 -3.01884e-16 0.02 1 0.0001 0.00015 0.32 449 31 1 2.48206e-314 0 0 0 
5.01 -3.3584e-20 -1.19078e-16 0.02 1 0.0001 0.00015 0.32 450 31 1 2.48206e-314 0 0 0 
5.03 -1.25581e-20 -4.56369e-17 0.02 1 0.0001 0.00015 0.32 451 31 1 2.48206e-314 0 0 0 
5.05 -4.58707e-21 -1.70597e-17 0.02 1 0.0001 0.00015 0.32 452 31 1 2.48206e-314 0 0 0 
5.07 -1.62782e-21 -6.20918e-18 0.02 1 0.0001 0.00015 0.32 453 31 1 2.48206e-314 0 0 0 
5.09 -5.60569e-22 -2.20165e-18 0.02 1 0.0001 0.00015 0.32 454 31 1 2.48206e-314 0 0 0 
5.11 -1.9062e-22 -7.77576e-19 0.02 1 0.0001 0.00015 0.32 455 31 1 2.48206e-314 0 0 0 
5.13 -6.39588e-23 -2.60039e-19 0.02 1 0.0001 0.00015 0.32 456 31 1 2.48206e-314 0 0 0 
5.15 -2.00314e-23 -8.30092e-20 0.02 1 0.0001 0.00015 0.32 457 31 1 2.48206e-314 0 0 0 
5.17 -5.66065e-24 -2.41404e-20 0.02 1 0.0001 0.00015 0.32 458 31 1 2.48206e-314 0 0 0 
5.19 -9.03651e-25 -3.38813e-21 0.02 1 0.0001 0.00015 0.32 459 31 1 2.48206e-314 0 0 0 
5.21 -2.37627e-26 -2.11758e-22 0.02 1 0.0001 0.00015 0.32 460 31 1 2.48206e-314 0 0 0 
5.23 0 0 0.02 1 0.0001 0.00015 0.32 461 31 1 2.48206e-314 0 0 0 
5.25 0 0 0.02 1 0.0001 0.00015 0.32 462 31 1 2.48206e-314 0 0 0 
5.27 0 0 0.02 1 0.0001 0.00015 0.32 463 31 1 2.48206e-314 0 0 0 
5.29 0 0 0.02 1 0.0001 0.00015 0.32 464 31 1 2.48206e-314 0 0 0 
5.31 0 0 0.02 1 0.0001 0.00015 0.32 465 31 1 2.48206e-314 0 0 0 
5.33 0 0 0.02 1 0.0001 0.00015 0.32 466 31 1 2.48206e-314 0 0 0 
5.35 0 0 0.02 1 0.0001 0.00015 0.32 467 31 1 2.48206e-314 0 0 0 
5.37 0 0 0.02 1 0.0001 0.00015 0.32 468 31 1 2.48206e-314 0 0 0 
5.39 0 0 0.02 1 0.0001 0.00015 0.32 469 31 1 2.48206e-314 0 0 0 
5.41 0 0 0.02 1 0.0001 0.00015 0.32 470 31 1 2.48206e-314 0 0 0 
5.43 0 0 0.02 1 0.0001 0.00015 0.32 471 31 1 2.48206e-314 0 0 0 
5.45 0 0 0.02 1 0.0001 0.00015 0.32 472 31 1 2.48206e-314 0 0 0 
5.47 0 0 0.02 1 0.0001 0.00015 0.32 473 31 1 2.48206e-314 0 0 0 
5.49 0 0 0.02 1 0.0001 0.00015 0.32 474 31 1 2.48206e-314 0 0 0 
5.51 0 0 0.02 1 0.0001 0.00015 0.32 475 31 1 2.48206e-314 0 0 0 
5.53 0 0 0.02 1 0.0001 0.00015 0.32 476 31 1 2.48206e-314 0 0 0 
5.55 0 0 0.02 1 0.0001 0.00015 0.32 477 31 1 2.48206e-314 0 0 0 
5.57 0 0 0.02 1 0.0001 0.00015 0.32 478 31 1 2.48206e-314 0 0 0 
5.59 0 0 0.02 1 0.0001 0.00015 0.32 479 31 1 2.48206e-314 0 0 0 
5.61 0 0 0.02 1 0.0001 0.00015 0.32 480 31 1 2.48206e-314 0 0 0 
5.63 0 0 0.02 1 0.0001 0.00015 0.32 481 31 1 2.48206e-314 0 0 0 
5.65 0 0 0.02 1 0.0001 0.00015 0.32 482 31 1 2.48206e-314 0 0 0 
5.67 0 0 0.02 1 0.0001 0.00015 0.32 483 31 1 2.48206e-314 0 0 0 
5.69 0 0 0.02 1 0.0001 0.00015 0.32 484 31 1 2.48206e-314 0 0 0 
5.71 0 0 0.02 1 0.0001 0.00015 0.32 485 31 1 2.48206e-314 0 0 0 
5.73 0 0 0.02 1 0.0001 0.00015 0.32 486 31 1 2.48206e-314 0 0 0 
5.75 0 0 0.02 1 0.0001 0.00015 0.32 487 31 1 2.48206e-314 0 0 0 
5.77 0 0 0.02 1 0.0001 0.00015 0.32 488 31 1 2.48206e-314 0 0 0 
5.79 0 0 0.02 1 0.0001 0.00015 0.32 489 31 1 2.48206e-314 0 0 0 
5.81 0 0 0.02 1 0.0001 0.00015 0.32 490 31 1 2.48206e-314 0 0 0 
5.83 0 0 0.02 1 0.0001 0.00015 0.32 491 31 1 2.48206e-314 0 0 0 
5.85 0 0 0.02 1 0.0001 0.00015 0.32 492 31 1 2.48206e-314 0 0 0 
5.87 0 0 0.02 1 0.0001 0.00015 0.32 493 31 1 2.48206e-314 0 0 0 
5.89 0 0 0.02 1 0.0001 0.00015 0.32 494 31 1 2.48206e-314 0 0 0 
5.91 0 0 0.02 1 0.0001 0.00015 0.32 495 31 1 2.48206e-314 0 0 0 
5.93 0 0 0.02 1 0.0001 0.00015 0.32 496 31 1 2.48206e-314 0 0 0 
5.95 0 0 0.02 1 0.0001 0.00015 0.32 497 31 1 2.48206e-314 0 0 0 
5.97 0 0 0.02 1 0.0001 0.00015 0.32 498 31 1 2.48206e-314 0 0 0 
5.99 0 0 0.02 1 0.0001 0.00015 0.32 499 31 1 2.48206e-314 0 0 0 
6.01 0 0 0.02 1 0.0001 0.00015 0.32 500 31 1 2.48206e-314 0 0 0 
6.03 0 0 0.02 1 0.0001 0.00015 0.32 501 31 1 2.48206e-314 0 0 0 
6.05 0 0 0.02 1 0.0001 0.00015 0.32 502 31 1 2.48206e-314 0 0 0 
6.07 0 0 0.02 1 0.0001 0.00015 0.32 503 31 1 2.48206e-314 0 0 0 
6.09 0 0 0.02 1 0.0001 0.00015 0.32 504 31 1 2.48206e-314 0 0 0 
6.11 0 0 0.02 1 0.0001 0.00015 0.32 505 31 1 2.48206e-314 0 0 0 
6.13 0 0 0.02 1 0.0001 0.00015 0.32 506 31 1 2.48206e-314 0 0 0 
6.15 0 0 0.02 1 0.0001 0.00015 0.32 507 31 1 2.48206e-314 0 0 0 
6.17 0 0 0.02 1 0.0001 0.00015 0.32 508 31 1 2.48206e-314 0 0 0 
6.19 0 0 0.02 1 0.0001 0.00015 0.32 509 31 1 2.48206e-314 0 0 0 
6.21 0 0 0.02 1 0.0001 0.00015 0.32 510 31 1 2.48206e-314 0 0 0 
6.23 0 0 0.02 1 0.0001 0.00015 0.32 511 31 1 2.48206e-314 0 0 0 
6.25 0 0 0.02 1 0.0001 0.00015 0.32 512 31 1 2.48206e-314 0 0 0 
6.27 0 0 0.02 1 0.0001 0.00015 0.32 513 31 1 2.48206e-314 0 0 0 
6.29 0 0 0.02 1 0.0001 0.00015 0.32 514 31 1 2.48206e-314 0 0 0 
6.31 0 0 0.02 1 0.0001 0.00015 0.32 515 31 1 2.48206e-314 0 0 0 
6.33 0 0 0.02 1 0.0001 0.00015 0.32 516 31 1 2.48206e-314 0 0 0 
6.35 0 0 0.02 1 0.0001 0.00015 0.32 517 31 1 2.48206e-314 0 0 0 
6.37 0 0 0.02 1 0.0001 0.00015 0.32 518 31 1 2.48206e-314 0 0 0 
6.39 0 0 0.02 1 0.0001 0.00015 0.32 519 31 1 2.48206e-314 0 0 0 
6.41 0 0 0.02 1 0.0001 0.00015 0.32 520 31 1 2.48206e-314 0 0 0 
6.43 0 0 0.02 1 0.0001 0.00015 0.32 521 31 1 2.48206e-314 0 0 0 
6.45 0 0 0.02 1 0.0001 0.00015 0.32 522 31 1 2.48206e-314 0 0 0 
6.47 0 0 0.02 1 0.0001 0.00015 0.32 523 31 1 2.48206e-314 0 0 0 
6.49 0 0 0.02 1 0.0001 0.00015 0.32 524 31 1 2.48206e-314 0 0 0 
6.51 0 0 0.02 1 0.0001 0.00015 0.32 525 31 1 2.48206e-314 0 0 0 
6.53 0 0 0.02 1 0.0001 0.00015 0.32 526 31 1 2.48206e-314 0 0 0 
6.55 0 0 0.02 1 0.0001 0.00015 0.32 527 31 1 2.48206e-314 0 0 0 
6.57 0 0 0.02 1 0.0001 0.00015 0.32 528 31 1 2.48206e-314 0 0 0 
6.59 0 0 0.02 1 0.0001 0.00015 0.32 529 31 1 2.48206e-314 0 0 0 
6.61 0 0 0.02 1 0.0001 0.00015 0.32 530 31 1 2.48206e-314 0 0 0 
6.63 0 0 0.02 1 0.0001 0.00015 0.32 531 31 1 2.48206e-314 0 0 0 
6.65 0 0 0.02 1 0.0001 0.00015 0.32 532 31 1 2.48206e-314 0 0 0 
6.67 0 0 0.02 1 0.0001 0.00015 0.32 533 31 1 2.48206e-314 0 0 0 
6.69 0 0 0.02 1 0.0001 0.00015 0.32 534 31 1 2.48206e-314 0 0 0 
6.71 0 0 0.02 1 0.0001 0.00015 0.32 535 31 1 2.48206e-314 0 0 0 
6.73 0 0 0.02 1 0.0001 0.00015 0.32 536 31 1 2.48206e-314 0 0 0 
6.75 0 0 0.02 1 0.0001 0.00015 0.32 537 31 1 2.48206e-314 0 0 0 
6.77 0 0 0.02 1 0.0001 0.00015 0.32 538 31 1 2.48206e-314 0 0 0 
6.79 0 0 0.02 1 0.0001 0.00015 0.32 539 31 1 2.48206e-314 0 0 0 
6.81 0 0 0.02 1 0.0001 0.00015 0.32 540 31 1 2.48206e-314 0 0 0 
6.83 0 0 0.02 1 0.0001 0.00015 0.32 541 31 1 2.48206e-314 0 0 0 
6.85 0 0 0.02 1 0.0001 0.00015 0.32 542 31 1 2.48206e-314 0 0 0 
6.87 0 0 0.02 1 0.0001 0.00015 0.32 543 31 1 2.48206e-314 0 0 0 
6.89 0 0 0.02 1 0.0001 0.00015 0.32 544 31 1 2.48206e-314 0 0 0 
6.91 0 0 0.02 1 0.0001 0.00015 0.32 545 31 1 2.48206e-314 0 0 0 
6.93 0 0 0.02 1 0.0001 0.00015 0.32 546 31 1 2.48206e-314 0 0 0 
6.95 0 0 0.02 1 0.0001 0.00015 0.32 547 31 1 2.48206e-314 0 0 0 
6.97 0 0 0.02 1 0.0001 0.00015 0.32 548 31 1 2.48206e-314 0 0 0 
6.99 0 0 0.02 1 0.0001 0.00015 0.32 549 31 1 2.48206e-314 0 0 0 
7.01 0 0 0.02 1 0.0001 0.00015 0.32 550 31 1 2.48206e-314 0 0 0 
7.03 0 0 0.02 1 0.0001 0.00015 0.32 551 31 1 2.48206e-314 0 0 0 
7.05 0 0 0.02 1 0.0001 0.00015 0.32 552 31 1 2.48206e-314 0 0 0 
7.07 0 0 0.02 1 0.0001 0.00015 0.32 553 31 1 2.48206e-314 0 0 0 
7.09 0 0 0.02 1 0.0001 0.00015 0.32 554 31 1 2.48206e-314 0 0 0 
7.11 0 0 0.02 1 0.0001 0.00015 0.32 555 31 1 2.48206e-314 0 0 0 
7.13 0 0 0.02 1 0.0001 0.00015 0.32 556 31 1 2.48206e-314 0 0 0 
7.15 0 0 0.02 1 0.0001 0.00015 0.32 557 31 1 2.48206e-314 0 0 0 
7.17 0 0 0.02 1 0.0001 0.00015 0.32 558 31 1 2.48206e-314 0 0 0 
7.19 0 0 0.02 1 0.0001 0.00015 0.32 559 31 1 2.48206e-314 0 0 0 
7.21 0 0 0.02 1 0.0001 0.00015 0.32 560 31 1 2.48206e-314 0 0 0 
7.23 0 0 0.02 1 0.0001 0.00015 0.32 561 31 1 2.48206e-314 0 0 0 
7.25 0 0 0.02 1 0.0001 0.00015 0.32 562 31 1 2.48206e-314 0 0 0 
7.27 0 0 0.02 1 0.0001 0.00015 0.32 563 31 1 2.48206e-314 0 0 0 
7.29 -9.31237e-25 -2.11758e-22 0.02 1 0.0001 0.00015 0.32 564 31 1 2.48206e-314 0 0 0 
7.31 -7.28378e-24 -1.05879e-21 0.02 1 0.0001 0.00015 0.32 565 31 1 2.48206e-314 0 0 0 
7.33 -2.86822e-23 -2.75286e-21 0.02 1 0.0001 0.00015 0.32 566 31 1 2.48206e-314 0 0 0 
7.35 -7.88779e-23 -6.14099e-21 0.02 1 0.0001 0.00015 0.32 567 31 1 2.48206e-314 0 0 0 
7.37 -1.80051e-22 -1.27055e-20 0.02 1 0.0001 0.00015 0.32 568 31 1 2.48206e-314 0 0 0 
7.39 -3.51054e-22 -1.86347e-20 0.02 1 0.0001 0.00015 0.32 569 31 1 2.48206e-314 0 0 0 
7.41 -9.53556e-22 -3.87518e-20 0.02 1 0.0001 0.00015 0.32 570 31 1 2.48206e-314 0 0 0 
7.43 -3.66153e-21 -1.01009e-19 0.02 1 0.0001 0.00015 0.32 571 31 1 2.48206e-314 0 0 0 
7.45 -1.16445e-20 -2.72109e-19 0.02 1 0.0001 0.00015 0.32 572 31 1 2.48206e-314 0 0 0 
7.47 -3.06833e-20 -6.94567e-19 0.02 1 0.0001 0.00015 0.32 573 31 1 2.48206e-314 0 0 0 
7.49 -6.74599e-20 -1.48845e-18 0.02 1 0.0001 0.00015 0.32 574 31 1 2.48206e-314 0 0 0 
7.51 -1.34386e-19 -2.92438e-18 0.02 1 0.0001 0.00015 0.32 575 31 1 2.48206e-314 0 0 0 
7.53 -2.43204e-19 -5.26791e-18 0.02 1 0.0001 0.00015 0.32 576 31 1 2.48206e-314 0 0 0 
7.55 -4.07302e-19 -8.73757e-18 0.02 1 0.0001 0.00015 0.32 577 31 1 2.48206e-314 0 0 0 
7.57 -6.43304e-19 -1.36506e-17 0.02 1 0.0001 0.00015 0.32 578 31 1 2.48206e-314 0 0 0 
7.59 -9.55411e-19 -2.02274e-17 0.02 1 0.0001 0.00015 0.32 579 31 1 2.48206e-314 0 0 0 
7.61 -1.34555e-18 -2.86075e-17 0.02 1 0.0001 0.00015 0.32 580 31 1 2.48206e-314 0 0 0 
7.63 -1.80216e-18 -3.83412e-17 0.02 1 0.0001 0.00015 0.32 581 31 1 2.48206e-314 0 0 0 
7.65 -2.30473e-18 -4.9054e-17 0.02 1 0.0001 0.00015 0.32 582 31 1 2.48206e-314 0 0 0 
7.67 -2.81097e-18 -5.98355e-17 0.02 1 0.0001 0.00015 0.32 583 31 1 2.48206e-314 0 0 0 
7.69 -3.26624e-18 -6.94808e-17 0.02 1 0.0001 0.00015 0.32 584 31 1 2.48206e-314 0 0 0 
7.71 -3.15523e-18 -6.69289e-17 0.02 1 0.0001 0.00015 0.32 585 32 1 2.48206e-314 0 0 0 
7.73 -2.40954e-18 -5.10284e-17 0.02 1 0.0001 0.00015 0.32 586 32 1 2.48206e-314 0 0 0 
7.75 -9.65718e-19 -2.02142e-17 0.02 1 0.0001 0.00015 0.32 587 32 1 2.48206e-314 0 0 0 
7.77 1.18836e-18 2.57009e-17 0.02 1 0.0001 0.00015 0.32 588 32 1 2.48206e-314 0 0 0 
7.79 4.05477e-18 8.67326e-17 0.02 1 0.0001 0.00015 0.32 589 32 1 2.48206e-314 0 0 0 
7.81 7.60374e-18 1.62325e-16 0.02 1 0.0001 0.00015 0.32 590 32 1 2.48206e-314 0 0 0 
7.83 1.17684e-17 2.50956e-16 0.02 1 0.0001 0.00015 0.32 591 32 1 2.48206e-314 0 0 0 
7.85 1.64727e-17 3.51083e-16 0.02 1 0.0001 0.00015 0.32 592 32 1 2.48206e-314 0 0 0 
7.87 1.97338e-17 4.20485e-16 0.02 1 0.0001 0.00015 0.32 593 32 1 2.48206e-314 0 0 0 
7.89 2.14471e-17 4.57021e-16 0.02 1 0.0001 0.00015 0.32 594 32 1 2.48206e-314 0 0 0 
7.91 2.15028e-17 4.58205e-16 0.02 1 0.0001 0.00015 0.32 595 32 1 2.48206e-314 0 0 0 
7.93 1.98569e-17 4.23154e-16 0.02 1 0.0001 0.00015 0.32 596 32 1 2.48206e-314 0 0 0 
7.95 1.65038e-17 3.51721e-16 0.02 1 0.0001 0.00015 0.32 597 33 1 2.48206e-314 0 0 0 
7.97 1.14881e-17 2.44998e-16 0.02 1 0.0001 0.00015 0.32 598 33 1 2.48206e-314 0 0 0 
7.99 4.8371e-18 1.03326e-16 0.02 1 0.0001 0.00015 0.32 599 33 1 2.48206e-314 0 0 0 
-4.01 0 37914 0.02 0.664608 6646.08 15000 0.481487 600 36 1 3.03136e-314 0 0 0 
-4.03 0 41102 0.02 0.687708 6877.08 15000 0.465314 601 35 1 3.03136e-314 0 0 0 
-4.05 0 43648.2 0.02 0.716166 7161.66 15000 0.446824 602 34 1 3.03136e-314 0 0 0 
-4.07 0 44815.6 0.02 0.751644 7516.44 15000 0.425733 603 33 1 3.03136e-314 0 0 0 
-4.09 0 44011.3 0.02 0.794634 7946.34 15000 0.402701 604 32 1 3.03136e-314 0 0 0 
-4.11 0 40888 0.02 0.843505 8435.05 15000 0.37937 605 31 1 3.03136e-314 0 0 0 
-4.13 0 35359.8 0.02 0.892664 8926.64 15000 0.358478 606 29 1 3.03136e-314 0 0 0 
-4.15 0 28279.3 0.02 0.933791 9337.91 15000 0.342689 607 28 1 3.03136e-314 0 0 0 
-4.17 0 21166.4 0.02 0.962228 9622.28 15000 0.332561 608 25 1 3.03136e-314 0 0 0 
-4.19 0 15080.3 0.02 0.979822 9798.22 15000 0.32659 609 26 1 3.03136e-314 0 0 0 
-4.21 0 10095.1 0.02 0.990126 9901.26 15000 0.323191 610 27 1 3.03136e-314 0 0 0 
-4.23 0 6249.42 0.02 0.995748 9957.48 15000 0.321366 611 28 1 3.03136e-314 0 0 0 
-4.25 0 3635.49 0.02 0.998503 9985.03 15000 0.32048 612 29 1 3.03136e-314 0 0 0 
-4.27 0 2288.88 0.02 0.999631 9996.31 15000 0.320118 613 30 1 3.03136e-314 0 0 0 
-4.29 0 2003.96 0.02 0.999959 9999.59 15000 0.320013 614 31 1 3.03136e-314 0 0 0 
-4.31 0 2372.47 0.02 1 10000 15000 0.32 615 31 1 3.03136e-314 0 0 0 
-4.33 0 2783.18 0.02 1 10000 15000 0.32 616 31 1 3.03136e-314 0 0 0 
-4.35 0 2380.13 0.02 0.999959 9999.59 15000 0.320013 617 31 1 3.03136e-314 0 0 0 
-4.37 0 290.57 0.02 0.999631 9996.31 15000 0.320118 618 30 1 3.03136e-314 0 0 0 
-4.39 0 -3430.74 0.02 0.998503 9985.03 15000 0.32048 619 29 1 3.03136e-314 0 0 0 
-4.41 0 -8599.19 0.02 0.995748 9957.48 15000 0.321366 620 28 1 3.03136e-314 0 0 0 
-4.43 0 -15068.3 0.02 0.990126 9901.26 15000 0.323191 621 27 1 3.03136e-314 0 0 0 
-4.45 0 -22703.2 0.02 0.979822 9798.22 15000 0.32659 622 26 1 3.03136e-314 0 0 0 
-4.47 0 -31388.1 0.02 0.962228 9622.28 15000 0.332561 623 25 1 3.03136e-314 0 0 0 
-4.49 0 -41009.8 0.02 0.933731 9337.31 15000 0.342711 624 25 1 3.03136e-314 0 0 0 
-4.51 0 -50898.6 0.02 0.890771 8907.71 15000 0.359239 625 24 1 3.03136e-314 0 0 0 
-4.53 0 -59981.4 0.02 0.832895 8328.95 15000 0.384202 626 25 1 3.03136e-314 0 0 0 
-4.55 0 -67505.3 0.02 0.764751 7647.51 15000 0.418437 627 25 1 3.03136e-314 0 0 0 
-4.57 0 -73010.6 0.02 0.6944 6944 15000 0.460829 628 27 1 3.03136e-314 0 0 0 
-4.59 0 -76479.6 0.02 0.62873 6287.3 15000 0.508962 629 28 1 3.03136e-314 0 0 0 
-4.61 0 -78197.1 0.02 0.571028 5710.28 15000 0.560393 630 30 1 3.03136e-314 0 0 0 
-4.63 0 -78539.5 0.02 0.521739 5217.39 15000 0.613333 631 31 1 3.03136e-314 0 0 0 
8.01 0 -7.0884e-17 0.02 1 0.0001 0.00015 0.32 632 33 1 3.03136e-314 0 0 0 
8.03 0 -5.06339e-08 0.02 1 0.0001 0.00015 0.32 633 33 1 3.03136e-314 0 0 0 
8.05 0 -3.17263e-07 0.02 1 0.0001 0.00015 0.32 634 33 1 3.03136e-314 0 0 0 
8.07 0 -9.68767e-07 0.02 1 0.0001 0.00015 0.32 635 33 1 3.03136e-314 0 0 0 
8.09 0 -2.20229e-06 0.02 1 0.0001 0.00015 0.32 636 32 1 3.03136e-314 0 0 0 
8.11 0 -4.34936e-06 0.02 1 0.0001 0.00015 0.32 637 32 1 3.03136e-314 0 0 0 
8.13 0 -7.84431e-06 0.02 1 0.0001 0.00015 0.32 638 32 1 3.03136e-314 0 0 0 
8.15 0 -1.34436e-05 0.02 1 0.0001 0.00015 0.32 639 32 1 3.03136e-314 0 0 0 
8.17 0 -2.29056e-05 0.02 1 0.0001 0.00015 0.32 640 32 1 3.03136e-314 0 0 0 
8.19 0 -3.61693e-05 0.02 1 0.0001 0.00015 0.32 641 32 1 3.03136e-314 0 0 0 
8.21 0 -5.19572e-05 0.02 1 0.0001 0.00015 0.32 642 32 1 3.03136e-314 0 0 0 
8.23 0 -6.89475e-05 0.02 1 0.0001 0.00015 0.32 643 32 1 3.03136e-314 0 0 0 
8.25 0 -8.57501e-05 0.02 1 0.0001 0.00015 0.32 644 32 1 3.03136e-314 0 0 0 
8.27 0 -0.000100878 0.02 1 0.0001 0.00015 0.32 645 32 1 3.03136e-314 0 0 0 
8.29 0 -0.000112715 0.02 1 0.0001 0.00015 0.32 646 31 1 3.03136e-314 0 0 0 
8.31 0 -0.000119459 0.02 1 0.0001 0.00015 0.32 647 31 1 3.03136e-314 0 0 0 
8.33 0 -0.000118983 0.02 1 0.0001 0.00015 0.32 648 31 1 3.03136e-314 0 0 0 
8.35 0 -0.000105681 0.02 0.999959 9.99959e-05 0.00015 0.320013 649 31 1 3.03136e-314 0 0 0 
8.37 0 -7.25203e-05 0.02 0.999631 9.99631e-05 0.00015 0.320118 650 30 1 3.03136e-314 0 0 0 
8.39 0 -2.13263e-05 0.02 0.998503 9.98503e-05 0.00015 0.32048 651 29 1 3.03136e-314 0 0 0 
8.41 0 4.51216e-05 0.02 0.995748 9.95748e-05 0.00015 0.321366 652 28 1 3.03136e-314 0 0 0 
8.43 0 0.000124006 0.02 0.990126 9.90126e-05 0.00015 0.323191 653 27 1 3.03136e-314 0 0 0 
8.45 0 0.000212573 0.02 0.979822 9.79822e-05 0.00015 0.32659 654 26 1 3.03136e-314 0 0 0 
8.47 0 0.000308325 0.02 0.962228 9.62228e-05 0.00015 0.332561 655 25 1 3.03136e-314 0 0 0 
8.49 0 0.00040888 0.02 0.933731 9.33731e-05 0.00015 0.342711 656 25 1 3.03136e-314 0 0 0 
8.51 0 0.000508598 0.02 0.890771 8.90771e-05 0.00015 0.359239 657 24 1 3.03136e-314 0 0 0 
8.53 0 0.000599735 0.02 0.832895 8.32895e-05 0.00015 0.384202 658 25 1 3.03136e-314 0 0 0 
8.55 0 0.000675109 0.02 0.764751 7.64751e-05 0.00015 0.418437 659 25 1 3.03136e-314 0 0 0 
8.57 0 0.000730258 0.02 0.6944 6.944e-05 0.00015 0.460829 660 27 1 3.03136e-314 0 0 0 
8.59 0 0.000765089 0.02 0.62873 6.2873e-05 0.00015 0.508962 661 28 1 3.03136e-314 0 0 0 
8.61 0 0.0007825 0.02 0.571028 5.71028e-05 0.00015 0.560393 662 30 1 3.03136e-314 0 0 0 
8.63 0 0.000786275 0.02 0.521739 5.21739e-05 0.00015 0.613333 663 31 1 3.03136e-314 0 0 0 
