# Time [s]: 0.0266421
# Columns: pos [m], vel [m/s], acc [m/s^2], mass [kg], dens [kg/m^3], pres [Pa], ene [J/kg], sml [m], id, neighbor, alpha, gradh, ...additional?
1.48445 -0.675279 -3.09455 0.0025 0.504897 0.425158 2.14174 0.00990301 0 4 1 -0.000132577 
1.48926 -0.670871 -0.50661 0.0025 0.533902 0.422522 1.94575 0.00936502 1 4 1 0.000166622 
1.49382 -0.684274 6.67089 0.0025 0.542081 0.424571 1.95947 0.00922371 2 4 1 -6.19928e-06 
1.49848 -0.682143 -10.1818 0.0025 0.547011 0.431096 1.96605 0.00914058 3 4 1 4.1446e-05 
-0.497034 -0.627818 -11.7793 0.0025 0.568921 0.454416 1.99676 0.00878856 4 4 1 1.12151e-05 
-0.492728 -0.594996 -5.70356 0.0025 0.589008 0.477092 2.02429 0.00848884 5 4 1 2.214e-05 
-0.488543 -0.562682 -11.0463 0.0025 0.610843 0.50265 2.05389 0.00818541 6 4 1 5.90037e-05 
-0.484537 -0.502659 -20.4833 0.0025 0.64556 0.5433 2.09994 0.00774521 7 4 1 8.33066e-05 
-0.480786 -0.420519 -27.4623 0.0025 0.693825 0.600887 2.16151 0.00720643 8 4 1 8.85555e-05 
-0.477316 -0.329391 -31.7785 0.0025 0.750948 0.671007 2.23105 0.00665825 9 4 1 8.02697e-05 
-0.474114 -0.238345 -32.777 0.0025 0.811682 0.747696 2.30152 0.00616005 10 4 1 5.63528e-05 
-0.471145 -0.15925 -26.937 0.0025 0.86935 0.822684 2.3652 0.00575142 11 4 1 4.70926e-05 
-0.468355 -0.0951508 -28.2749 0.0025 0.923202 0.895395 2.42239 0.00541594 12 4 1 7.31241e-05 
-0.465723 -0.0165218 -44.7771 0.0025 0.984331 0.979333 2.48608 0.00507959 13 4 1 3.38192e-05 
-0.463268 0.0639622 -27.7385 0.0025 1.04082 1.0568 2.54237 0.00480392 14 4 1 -3.40789e-05 
-0.460917 0.082598 2.80113 0.0025 1.06154 1.08611 2.56176 0.00471013 15 3 1 -2.53809e-05 
-0.458558 0.0671687 11.117 0.0025 1.05107 1.07222 2.55108 0.00475704 16 4 1 -5.46241e-06 
-0.456159 0.0433437 12.7419 0.0025 1.03272 1.04642 2.53271 0.0048416 17 4 1 7.65742e-06 
-0.453716 0.0220202 9.79691 0.0025 1.01673 1.02384 2.51666 0.00491772 18 4 1 9.93719e-06 
-0.451241 0.00839172 5.41134 0.0025 1.00661 1.0095 2.50651 0.00496718 19 4 1 6.71297e-06 
-0.448749 0.00208204 2.11513 0.0025 1.00182 1.00267 2.50176 0.00499093 20 4 1 3.14303e-06 
-0.44625 7.64015e-05 0.526506 0.0025 1.0002 1.00033 2.50017 0.00499902 21 4 1 1.13892e-06 
-0.44375 -0.000171114 -0.0978224 0.0025 0.999919 0.9999 2.49992 0.0050004 22 5 1 2.48368e-07 
-0.44125 3.11414e-07 -0.0552731 0.0025 0.999983 0.999975 2.49999 0.00500008 23 4 1 -5.3064e-08 
-0.43875 2.63274e-05 0.00502543 0.0025 1.00001 1.00002 2.50001 0.00499993 24 3 1 -2.70844e-08 
-0.43625 1.29912e-05 0.00813479 0.0025 1.00001 1.00001 2.50001 0.00499996 25 4 1 1.13717e-09 
-0.43375 3.50358e-06 0.00358304 0.0025 1 1 2.5 0.00499999 26 4 1 3.30411e-09 
-0.43125 3.32687e-07 0.000837246 0.0025 1 1 2.5 0.005 27 4 1 1.50723e-09 
-0.42875 -1.61351e-07 -3.13751e-05 0.0025 1 1 2.5 0.005 28 5 1 3.49391e-10 
-0.42625 -2.17651e-08 -6.2751e-05 0.0025 1 1 2.5 0.005 29 4 1 -2.42837e-11 
-0.42375 1.23223e-08 1.7483e-06 0.0025 1 1 2.5 0.005 30 3 1 -2.41237e-11 
-0.42125 5.92727e-09 4.76264e-06 0.0025 1 1 2.5 0.005 31 4 1 -1.10534e-13 
-0.41875 1.19196e-09 1.70073e-06 0.0025 1 1 2.5 0.005 32 4 1 1.66901e-12 
-0.41625 -1.40883e-11 2.31625e-07 0.0025 1 1 2.5 0.005 33 4 1 5.9175e-13 
-0.41375 -5.56011e-11 -7.38145e-08 0.0025 1 1 2.5 0.005 34 5 1 7.13303e-14 
-0.41125 1.34874e-12 -1.01481e-08 0.0025 1 1 2.5 0.005 35 4 1 -2.2731e-14 
-0.40875 3.61267e-12 2.28232e-09 0.0025 1 1 2.5 0.005 36 3 1 -3.48024e-15 
-0.40625 9.19657e-13 1.26653e-09 0.0025 1 1 2.5 0.005 37 4 1 6.75726e-16 
-0.40375 4.47133e-14 1.98952e-10 0.0025 1 1 2.5 0.005 38 4 1 3.72324e-16 
-0.40125 -2.00122e-14 -3.00702e-11 0.0025 1 1 2.5 0.005 39 5 1 4.54747e-17 
-0.39875 -8.68441e-16 -3.12639e-12 0.0025 1 1 2.5 0.005 40 5 1 -7.10543e-18 
-0.39625 2.95093e-16 1.13687e-13 0.0025 1 1 2.5 0.005 41 5 1 -2.4869e-18 
-0.39375 4.91562e-17 1.7053e-13 0.0025 1 1 2.5 0.005 42 5 1 -1.42109e-18 
-0.39125 1.29258e-47 4.48416e-44 0.0025 1 1 2.5 0.005 43 5 1 -1.42109e-18 
-0.38875 0 0 0.0025 1 1 2.5 0.005 44 5 1 -1.42109e-18 
-0.38625 0 0 0.0025 1 1 2.5 0.005 45 5 1 -1.42109e-18 
-0.38375 0 0 0.0025 1 1 2.5 0.005 46 5 1 -1.42109e-18 
-0.38125 0 0 0.0025 1 1 2.5 0.005 47 5 1 -1.42109e-18 
-0.37875 0 0 0.0025 1 1 2.5 0.005 48 5 1 -1.42109e-18 
-0.37625 0 0 0.0025 1 1 2.5 0.005 49 5 1 -1.42109e-18 
-0.37375 0 0 0.0025 1 1 2.5 0.005 50 5 1 -1.42109e-18 
-0.37125 0 0 0.0025 1 1 2.5 0.005 51 5 1 -1.42109e-18 
-0.36875 0 0 0.0025 1 1 2.5 0.005 52 5 1 -1.42109e-18 
-0.36625 0 0 0.0025 1 1 2.5 0.005 53 5 1 -1.42109e-18 
-0.36375 0 0 0.0025 1 1 2.5 0.005 54 5 1 -1.42109e-18 
-0.36125 0 0 0.0025 1 1 2.5 0.005 55 5 1 -1.42109e-18 
-0.35875 0 0 0.0025 1 1 2.5 0.005 56 5 1 -1.42109e-18 
-0.35625 0 0 0.0025 1 1 2.5 0.005 57 5 1 -1.42109e-18 
-0.35375 0 0 0.0025 1 1 2.5 0.005 58 5 1 -1.42109e-18 
-0.35125 0 0 0.0025 1 1 2.5 0.005 59 5 1 -1.42109e-18 
-0.34875 0 0 0.0025 1 1 2.5 0.005 60 5 1 -1.42109e-18 
-0.34625 0 0 0.0025 1 1 2.5 0.005 61 5 1 -1.42109e-18 
-0.34375 0 0 0.0025 1 1 2.5 0.005 62 5 1 -1.42109e-18 
-0.34125 0 0 0.0025 1 1 2.5 0.005 63 5 1 -1.42109e-18 
-0.33875 0 0 0.0025 1 1 2.5 0.005 64 5 1 -1.42109e-18 
-0.33625 0 0 0.0025 1 1 2.5 0.005 65 5 1 -1.42109e-18 
-0.33375 0 0 0.0025 1 1 2.5 0.005 66 5 1 -1.42109e-18 
-0.33125 0 0 0.0025 1 1 2.5 0.005 67 5 1 -1.42109e-18 
-0.32875 0 0 0.0025 1 1 2.5 0.005 68 5 1 -1.42109e-18 
-0.32625 0 0 0.0025 1 1 2.5 0.005 69 5 1 -1.42109e-18 
-0.32375 0 0 0.0025 1 1 2.5 0.005 70 5 1 -1.42109e-18 
-0.32125 0 0 0.0025 1 1 2.5 0.005 71 5 1 -1.42109e-18 
-0.31875 0 0 0.0025 1 1 2.5 0.005 72 5 1 -1.42109e-18 
-0.31625 0 0 0.0025 1 1 2.5 0.005 73 5 1 -1.42109e-18 
-0.31375 0 0 0.0025 1 1 2.5 0.005 74 5 1 -1.42109e-18 
-0.31125 0 0 0.0025 1 1 2.5 0.005 75 5 1 -1.42109e-18 
-0.30875 0 0 0.0025 1 1 2.5 0.005 76 5 1 -1.42109e-18 
-0.30625 0 0 0.0025 1 1 2.5 0.005 77 5 1 -1.42109e-18 
-0.30375 0 0 0.0025 1 1 2.5 0.005 78 5 1 -1.42109e-18 
-0.30125 0 0 0.0025 1 1 2.5 0.005 79 5 1 -1.42109e-18 
-0.29875 0 0 0.0025 1 1 2.5 0.005 80 5 1 -1.42109e-18 
-0.29625 0 0 0.0025 1 1 2.5 0.005 81 5 1 -1.42109e-18 
-0.29375 0 0 0.0025 1 1 2.5 0.005 82 5 1 -1.42109e-18 
-0.29125 0 0 0.0025 1 1 2.5 0.005 83 5 1 -1.42109e-18 
-0.28875 0 0 0.0025 1 1 2.5 0.005 84 5 1 -1.42109e-18 
-0.28625 0 0 0.0025 1 1 2.5 0.005 85 5 1 -1.42109e-18 
-0.28375 0 0 0.0025 1 1 2.5 0.005 86 5 1 -1.42109e-18 
-0.28125 0 0 0.0025 1 1 2.5 0.005 87 5 1 -1.42109e-18 
-0.27875 0 0 0.0025 1 1 2.5 0.005 88 5 1 -1.42109e-18 
-0.27625 0 0 0.0025 1 1 2.5 0.005 89 5 1 -1.42109e-18 
-0.27375 0 0 0.0025 1 1 2.5 0.005 90 5 1 -1.42109e-18 
-0.27125 0 0 0.0025 1 1 2.5 0.005 91 5 1 -1.42109e-18 
-0.26875 0 0 0.0025 1 1 2.5 0.005 92 5 1 -1.42109e-18 
-0.26625 0 0 0.0025 1 1 2.5 0.005 93 5 1 -1.42109e-18 
-0.26375 0 0 0.0025 1 1 2.5 0.005 94 5 1 -1.42109e-18 
-0.26125 0 0 0.0025 1 1 2.5 0.005 95 5 1 -1.42109e-18 
-0.25875 0 0 0.0025 1 1 2.5 0.005 96 5 1 -1.42109e-18 
-0.25625 0 0 0.0025 1 1 2.5 0.005 97 5 1 -1.42109e-18 
-0.25375 0 0 0.0025 1 1 2.5 0.005 98 5 1 -1.42109e-18 
-0.25125 0 0 0.0025 1 1 2.5 0.005 99 5 1 -1.42109e-18 
-0.24875 0 0 0.0025 1 1 2.5 0.005 100 5 1 -1.42109e-18 
-0.24625 0 0 0.0025 1 1 2.5 0.005 101 5 1 -1.42109e-18 
-0.24375 0 0 0.0025 1 1 2.5 0.005 102 5 1 -1.42109e-18 
-0.24125 0 0 0.0025 1 1 2.5 0.005 103 5 1 -1.42109e-18 
-0.23875 0 0 0.0025 1 1 2.5 0.005 104 5 1 -1.42109e-18 
-0.23625 0 0 0.0025 1 1 2.5 0.005 105 5 1 -1.42109e-18 
-0.23375 0 0 0.0025 1 1 2.5 0.005 106 5 1 -1.42109e-18 
-0.23125 0 0 0.0025 1 1 2.5 0.005 107 5 1 -1.42109e-18 
-0.22875 0 0 0.0025 1 1 2.5 0.005 108 5 1 -1.42109e-18 
-0.22625 0 0 0.0025 1 1 2.5 0.005 109 5 1 -1.42109e-18 
-0.22375 0 0 0.0025 1 1 2.5 0.005 110 5 1 -1.42109e-18 
-0.22125 0 0 0.0025 1 1 2.5 0.005 111 5 1 -1.42109e-18 
-0.21875 0 0 0.0025 1 1 2.5 0.005 112 5 1 -1.42109e-18 
-0.21625 0 0 0.0025 1 1 2.5 0.005 113 5 1 -1.42109e-18 
-0.21375 0 0 0.0025 1 1 2.5 0.005 114 5 1 -1.42109e-18 
-0.21125 0 0 0.0025 1 1 2.5 0.005 115 5 1 -1.42109e-18 
-0.20875 0 0 0.0025 1 1 2.5 0.005 116 5 1 -1.42109e-18 
-0.20625 0 0 0.0025 1 1 2.5 0.005 117 5 1 -1.42109e-18 
-0.20375 0 0 0.0025 1 1 2.5 0.005 118 5 1 -1.42109e-18 
-0.20125 0 0 0.0025 1 1 2.5 0.005 119 5 1 -1.42109e-18 
-0.19875 0 0 0.0025 1 1 2.5 0.005 120 5 1 -1.42109e-18 
-0.19625 0 0 0.0025 1 1 2.5 0.005 121 5 1 -1.42109e-18 
-0.19375 0 0 0.0025 1 1 2.5 0.005 122 5 1 -1.42109e-18 
-0.19125 0 0 0.0025 1 1 2.5 0.005 123 5 1 -1.42109e-18 
-0.18875 0 0 0.0025 1 1 2.5 0.005 124 5 1 -1.42109e-18 
-0.18625 0 0 0.0025 1 1 2.5 0.005 125 5 1 -1.42109e-18 
-0.18375 0 0 0.0025 1 1 2.5 0.005 126 5 1 -1.42109e-18 
-0.18125 0 0 0.0025 1 1 2.5 0.005 127 5 1 -1.42109e-18 
-0.17875 0 0 0.0025 1 1 2.5 0.005 128 5 1 -1.42109e-18 
-0.17625 0 0 0.0025 1 1 2.5 0.005 129 5 1 -1.42109e-18 
-0.17375 0 0 0.0025 1 1 2.5 0.005 130 5 1 -1.42109e-18 
-0.17125 0 0 0.0025 1 1 2.5 0.005 131 5 1 -1.42109e-18 
-0.16875 0 0 0.0025 1 1 2.5 0.005 132 5 1 -1.42109e-18 
-0.16625 0 0 0.0025 1 1 2.5 0.005 133 5 1 -1.42109e-18 
-0.16375 0 0 0.0025 1 1 2.5 0.005 134 5 1 -1.42109e-18 
-0.16125 0 0 0.0025 1 1 2.5 0.005 135 5 1 -1.42109e-18 
-0.15875 0 0 0.0025 1 1 2.5 0.005 136 5 1 -1.42109e-18 
-0.15625 0 0 0.0025 1 1 2.5 0.005 137 5 1 -1.42109e-18 
-0.15375 0 0 0.0025 1 1 2.5 0.005 138 5 1 -1.42109e-18 
-0.15125 0 0 0.0025 1 1 2.5 0.005 139 5 1 -1.42109e-18 
-0.14875 0 0 0.0025 1 1 2.5 0.005 140 5 1 -1.42109e-18 
-0.14625 0 0 0.0025 1 1 2.5 0.005 141 5 1 -1.42109e-18 
-0.14375 0 0 0.0025 1 1 2.5 0.005 142 5 1 -1.42109e-18 
-0.14125 0 0 0.0025 1 1 2.5 0.005 143 5 1 -1.42109e-18 
-0.13875 0 0 0.0025 1 1 2.5 0.005 144 5 1 -1.42109e-18 
-0.13625 0 0 0.0025 1 1 2.5 0.005 145 5 1 -1.42109e-18 
-0.13375 0 0 0.0025 1 1 2.5 0.005 146 5 1 -1.42109e-18 
-0.13125 0 0 0.0025 1 1 2.5 0.005 147 5 1 -1.42109e-18 
-0.12875 0 0 0.0025 1 1 2.5 0.005 148 5 1 -1.42109e-18 
-0.12625 0 0 0.0025 1 1 2.5 0.005 149 5 1 -1.42109e-18 
-0.12375 0 0 0.0025 1 1 2.5 0.005 150 5 1 -1.42109e-18 
-0.12125 0 0 0.0025 1 1 2.5 0.005 151 5 1 -1.42109e-18 
-0.11875 0 0 0.0025 1 1 2.5 0.005 152 5 1 -1.42109e-18 
-0.11625 0 0 0.0025 1 1 2.5 0.005 153 5 1 -1.42109e-18 
-0.11375 0 0 0.0025 1 1 2.5 0.005 154 5 1 -1.42109e-18 
-0.11125 0 0 0.0025 1 1 2.5 0.005 155 5 1 -1.42109e-18 
-0.10875 0 0 0.0025 1 1 2.5 0.005 156 5 1 -1.42109e-18 
-0.10625 0 0 0.0025 1 1 2.5 0.005 157 5 1 -1.42109e-18 
-0.10375 0 0 0.0025 1 1 2.5 0.005 158 5 1 -1.42109e-18 
-0.10125 0 0 0.0025 1 1 2.5 0.005 159 5 1 -1.42109e-18 
-0.09875 0 0 0.0025 1 1 2.5 0.005 160 5 1 -1.42109e-18 
-0.09625 0 0 0.0025 1 1 2.5 0.005 161 5 1 -1.42109e-18 
-0.09375 0 0 0.0025 1 1 2.5 0.005 162 5 1 -1.42109e-18 
-0.09125 0 0 0.0025 1 1 2.5 0.005 163 5 1 -1.42109e-18 
-0.08875 0 0 0.0025 1 1 2.5 0.005 164 5 1 -1.42109e-18 
-0.08625 0 0 0.0025 1 1 2.5 0.005 165 5 1 -1.42109e-18 
-0.08375 0 0 0.0025 1 1 2.5 0.005 166 5 1 -1.42109e-18 
-0.08125 0 0 0.0025 1 1 2.5 0.005 167 5 1 -1.42109e-18 
-0.07875 0 0 0.0025 1 1 2.5 0.005 168 5 1 -1.42109e-18 
-0.07625 0 0 0.0025 1 1 2.5 0.005 169 5 1 -1.42109e-18 
-0.07375 0 0 0.0025 1 1 2.5 0.005 170 5 1 -1.42109e-18 
-0.07125 0 0 0.0025 1 1 2.5 0.005 171 5 1 -1.42109e-18 
-0.06875 0 0 0.0025 1 1 2.5 0.005 172 5 1 -1.42109e-18 
-0.06625 0 0 0.0025 1 1 2.5 0.005 173 5 1 -1.42109e-18 
-0.06375 0 0 0.0025 1 1 2.5 0.005 174 5 1 -1.42109e-18 
-0.06125 0 0 0.0025 1 1 2.5 0.005 175 5 1 -1.42109e-18 
-0.05875 0 0 0.0025 1 1 2.5 0.005 176 5 1 -1.42109e-18 
-0.05625 -8.72511e-47 -3.36312e-44 0.0025 1 1 2.5 0.005 177 5 1 -1.42109e-18 
-0.05375 -6.53931e-17 -3.36312e-44 0.0025 1 1 2.5 0.005 178 5 1 -1.42109e-18 
-0.05125 -2.28719e-16 -1.13687e-13 0.0025 1 1 2.5 0.005 179 5 1 -1.42109e-18 
-0.04875 -3.58356e-16 1.13687e-13 0.0025 1 1 2.5 0.005 180 5 1 -1.42109e-18 
-0.04625 -6.19214e-16 -1.13687e-13 0.0025 1 1 2.5 0.005 181 5 1 -1.42109e-18 
-0.04375 -9.08921e-16 -2.24208e-44 0.0025 1 1 2.5 0.005 182 5 1 -1.42109e-18 
-0.04125 -1.39611e-15 -1.13687e-13 0.0025 1 1 2.5 0.005 183 5 1 -1.42109e-18 
-0.03875 -1.97458e-15 1.13687e-13 0.0025 1 1 2.5 0.005 184 5 1 -1.42109e-18 
-0.03625 -2.63329e-15 -1.13687e-13 0.0025 1 1 2.5 0.005 185 5 1 -1.42109e-18 
-0.03375 -3.86205e-15 -5.68434e-14 0.0025 1 1 2.5 0.005 186 4 1 -2.4869e-18 
-0.03125 -1.47197e-15 -1.7053e-13 0.0025 1 1 2.5 0.005 187 4 1 3.55271e-18 
-0.02875 -2.51299e-15 -1.13687e-13 0.0025 1 1 2.5 0.005 188 5 1 -4.26326e-18 
-0.02625 3.25661e-16 -8.96831e-44 0.0025 1 1 2.5 0.005 189 5 1 -7.10543e-19 
-0.02375 3.22323e-17 1.12104e-44 0.0025 1 1 2.5 0.005 190 5 1 -1.77636e-18 
-0.02125 6.35691e-16 -5.68434e-14 0.0025 1 1 2.5 0.005 191 5 1 -1.42109e-18 
-0.01875 5.71151e-16 5.68434e-14 0.0025 1 1 2.5 0.005 192 4 1 -1.42109e-18 
-0.01625 2.61452e-15 5.68434e-14 0.0025 1 1 2.5 0.005 193 4 1 6.24001e-33 
-0.01375 1.22284e-15 5.68434e-14 0.0025 1 1 2.5 0.005 194 4 1 3.77482e-33 
-0.01125 7.79094e-16 0 0.0025 1 1 2.5 0.005 195 3 1 0 
-0.00875 5.88325e-16 1.13687e-13 0.0025 1 1 2.5 0.005 196 3 1 0 
-0.00625 3.96476e-16 -3.9443e-29 0.0025 1 1 2.5 0.005 197 4 1 1.2326e-33 
-0.00375 4.03506e-17 -1.77494e-28 0.0025 1 1 2.5 0.005 198 4 1 3.55271e-19 
-0.00125 6.69016e-17 0 0.0025 1 1 2.5 0.005 199 3 1 -1.42109e-18 
0.00125 2.72626e-17 1.38051e-28 0.0025 1 1 2.5 0.005 200 4 1 3.55271e-19 
0.00375 -1.01496e-16 3.9443e-29 0.0025 1 1 2.5 0.005 201 4 1 1.2326e-33 
0.00625 -2.83443e-16 -5.68434e-14 0.0025 1 1 2.5 0.005 202 5 1 -1.42109e-18 
0.00875 -7.81321e-16 0 0.0025 1 1 2.5 0.005 203 3 1 0 
0.01125 -1.00703e-15 -1.13687e-13 0.0025 1 1 2.5 0.005 204 3 1 0 
0.01375 -1.25512e-15 -5.68434e-14 0.0025 1 1 2.5 0.005 205 4 1 3.77482e-33 
0.01625 -2.62981e-15 -2.85962e-28 0.0025 1 1 2.5 0.005 206 4 1 6.24001e-33 
0.01875 -8.4917e-16 -1.13687e-13 0.0025 1 1 2.5 0.005 207 4 1 -7.10543e-19 
0.02125 -3.57786e-16 2.07076e-28 0.0025 1 1 2.5 0.005 208 5 1 -2.13163e-18 
0.02375 -3.90155e-16 5.60519e-44 0.0025 1 1 2.5 0.005 209 5 1 -7.10543e-19 
0.02625 2.21753e-15 1.13687e-13 0.0025 1 1 2.5 0.005 210 5 1 -3.55271e-18 
0.02875 1.39014e-15 1.13687e-13 0.0025 1 1 2.5 0.005 211 4 1 1.42109e-18 
0.03125 4.05628e-15 5.68434e-14 0.0025 1 1 2.5 0.005 212 4 1 -1.06581e-18 
0.03375 2.72963e-15 1.13687e-13 0.0025 1 1 2.5 0.005 213 5 1 -2.13163e-18 
0.03625 1.99306e-15 5.68434e-14 0.0025 1 1 2.5 0.005 214 5 1 -1.42109e-18 
0.03875 1.2506e-15 5.68434e-14 0.0025 1 1 2.5 0.005 215 5 1 -1.42109e-18 
0.04125 7.80288e-16 1.12104e-44 0.0025 1 1 2.5 0.005 216 5 1 -1.42109e-18 
0.04375 4.87909e-16 1.13687e-13 0.0025 1 1 2.5 0.005 217 5 1 -1.42109e-18 
0.04625 3.26436e-16 0 0.0025 1 1 2.5 0.005 218 5 1 -1.42109e-18 
0.04875 1.95695e-16 0 0.0025 1 1 2.5 0.005 219 5 1 -1.42109e-18 
0.05125 6.55991e-17 3.36312e-44 0.0025 1 1 2.5 0.005 220 5 1 -1.42109e-18 
0.05375 4.84915e-47 3.36312e-44 0.0025 1 1 2.5 0.005 221 5 1 -1.42109e-18 
0.05625 0 0 0.0025 1 1 2.5 0.005 222 5 1 -1.42109e-18 
0.05875 0 0 0.0025 1 1 2.5 0.005 223 5 1 -1.42109e-18 
0.06125 0 0 0.0025 1 1 2.5 0.005 224 5 1 -1.42109e-18 
0.06375 0 0 0.0025 1 1 2.5 0.005 225 5 1 -1.42109e-18 
0.06625 0 0 0.0025 1 1 2.5 0.005 226 5 1 -1.42109e-18 
0.06875 0 0 0.0025 1 1 2.5 0.005 227 5 1 -1.42109e-18 
0.07125 0 0 0.0025 1 1 2.5 0.005 228 5 1 -1.42109e-18 
0.07375 0 0 0.0025 1 1 2.5 0.005 229 5 1 -1.42109e-18 
0.07625 0 0 0.0025 1 1 2.5 0.005 230 5 1 -1.42109e-18 
0.07875 0 0 0.0025 1 1 2.5 0.005 231 5 1 -1.42109e-18 
0.08125 0 0 0.0025 1 1 2.5 0.005 232 5 1 -1.42109e-18 
0.08375 0 0 0.0025 1 1 2.5 0.005 233 5 1 -1.42109e-18 
0.08625 0 0 0.0025 1 1 2.5 0.005 234 5 1 -1.42109e-18 
0.08875 0 0 0.0025 1 1 2.5 0.005 235 5 1 -1.42109e-18 
0.09125 0 0 0.0025 1 1 2.5 0.005 236 5 1 -1.42109e-18 
0.09375 -8.72511e-47 -3.36312e-44 0.0025 1 1 2.5 0.005 237 5 1 -1.42109e-18 
0.09625 -1.30944e-16 -3.36312e-44 0.0025 1 1 2.5 0.005 238 5 1 -1.42109e-18 
0.09875 -2.94564e-16 -1.13687e-13 0.0025 1 1 2.5 0.005 239 5 1 -1.42109e-18 
0.10125 -6.2077e-16 -1.13687e-13 0.0025 1 1 2.5 0.005 240 5 1 -1.42109e-18 
0.10375 -1.25753e-15 -1.7053e-13 0.0025 1 1 2.5 0.005 241 5 1 -1.42109e-18 
0.10625 -2.25303e-15 -1.13687e-13 0.0025 1 1 2.5 0.005 242 5 1 -2.4869e-18 
0.10875 -5.2343e-15 -3.97904e-13 0.0025 1 1 2.5 0.005 243 5 1 3.19744e-18 
0.11125 5.65885e-16 9.66338e-13 0.0025 1 1 2.5 0.005 244 5 1 -1.74083e-17 
0.11375 -1.05397e-15 9.09495e-13 0.0025 1 1 2.5 0.005 245 5 1 1.7053e-17 
0.11625 1.60894e-15 -5.68434e-13 0.0025 1 1 2.5 0.005 246 5 1 -1.52767e-17 
0.11875 -1.32001e-15 -5.68434e-13 0.0025 1 1 2.5 0.005 247 5 1 1.81188e-17 
0.12125 4.51484e-16 3.41061e-13 0.0025 1 1 2.5 0.005 248 5 1 -3.05533e-17 
0.12375 -2.06915e-15 5.68434e-13 0.0025 1 1 2.5 0.005 249 3 1 1.66978e-17 
0.12625 2.18023e-15 -6.25278e-13 0.0025 1 1 2.5 0.005 250 3 1 1.77636e-17 
0.12875 -1.60213e-16 -3.41061e-13 0.0025 1 1 2.5 0.005 251 5 1 -3.2685e-17 
0.13125 1.63156e-15 5.11591e-13 0.0025 1 1 2.5 0.005 252 5 1 1.98952e-17 
0.13375 -1.4134e-15 3.41061e-13 0.0025 1 1 2.5 0.005 253 5 1 -1.63425e-17 
0.13625 4.99694e-16 -6.82121e-13 0.0025 1 1 2.5 0.005 254 5 1 1.56319e-17 
0.13875 -9.73256e-16 -6.82121e-13 0.0025 1 1 2.5 0.005 255 5 1 -1.63425e-17 
0.14125 5.33042e-15 -1.7053e-13 0.0025 1 1 2.5 0.005 256 5 1 5.68434e-18 
0.14375 2.40022e-15 1.7053e-13 0.0025 1 1 2.5 0.005 257 5 1 -7.4607e-18 
0.14625 1.66789e-15 5.68434e-13 0.0025 1 1 2.5 0.005 258 5 1 7.10543e-19 
0.14875 4.41419e-16 5.68434e-14 0.0025 1 1 2.5 0.005 259 5 1 -1.42109e-18 
0.15125 1.47457e-16 5.68434e-14 0.0025 1 1 2.5 0.005 260 5 1 -1.42109e-18 
0.15375 6.55508e-17 2.24208e-44 0.0025 1 1 2.5 0.005 261 5 1 -1.42109e-18 
0.15625 1.93914e-47 0 0.0025 1 1 2.5 0.005 262 5 1 -1.42109e-18 
0.15875 0 0 0.0025 1 1 2.5 0.005 263 5 1 -1.42109e-18 
0.16125 0 0 0.0025 1 1 2.5 0.005 264 5 1 -1.42109e-18 
0.16375 0 0 0.0025 1 1 2.5 0.005 265 5 1 -1.42109e-18 
0.16625 0 0 0.0025 1 1 2.5 0.005 266 5 1 -1.42109e-18 
0.16875 0 0 0.0025 1 1 2.5 0.005 267 5 1 -1.42109e-18 
0.17125 0 0 0.0025 1 1 2.5 0.005 268 5 1 -1.42109e-18 
0.17375 0 0 0.0025 1 1 2.5 0.005 269 5 1 -1.42109e-18 
0.17625 0 0 0.0025 1 1 2.5 0.005 270 5 1 -1.42109e-18 
0.17875 0 0 0.0025 1 1 2.5 0.005 271 5 1 -1.42109e-18 
0.18125 0 0 0.0025 1 1 2.5 0.005 272 5 1 -1.42109e-18 
0.18375 0 0 0.0025 1 1 2.5 0.005 273 5 1 -1.42109e-18 
0.18625 0 0 0.0025 1 1 2.5 0.005 274 5 1 -1.42109e-18 
0.18875 0 0 0.0025 1 1 2.5 0.005 275 5 1 -1.42109e-18 
0.19125 0 0 0.0025 1 1 2.5 0.005 276 5 1 -1.42109e-18 
0.19375 0 0 0.0025 1 1 2.5 0.005 277 5 1 -1.42109e-18 
0.19625 0 0 0.0025 1 1 2.5 0.005 278 5 1 -1.42109e-18 
0.19875 0 0 0.0025 1 1 2.5 0.005 279 5 1 -1.42109e-18 
0.20125 0 0 0.0025 1 1 2.5 0.005 280 5 1 -1.42109e-18 
0.20375 0 0 0.0025 1 1 2.5 0.005 281 5 1 -1.42109e-18 
0.20625 0 0 0.0025 1 1 2.5 0.005 282 5 1 -1.42109e-18 
0.20875 0 0 0.0025 1 1 2.5 0.005 283 5 1 -1.42109e-18 
0.21125 0 0 0.0025 1 1 2.5 0.005 284 5 1 -1.42109e-18 
0.21375 0 0 0.0025 1 1 2.5 0.005 285 5 1 -1.42109e-18 
0.21625 -6.79063e-47 -3.36312e-44 0.0025 1 1 2.5 0.005 286 5 1 -1.42109e-18 
0.21875 -1.3115e-16 -3.36312e-44 0.0025 1 1 2.5 0.005 287 5 1 -1.42109e-18 
0.22125 -2.94552e-16 -1.13687e-13 0.0025 1 1 2.5 0.005 288 5 1 -1.42109e-18 
0.22375 -7.03167e-16 -1.7053e-13 0.0025 1 1 2.5 0.005 289 5 1 -1.42109e-18 
0.22625 -1.42278e-15 -2.84217e-13 0.0025 1 1 2.5 0.005 290 5 1 -2.13163e-18 
0.22875 -4.87158e-15 -7.95808e-13 0.0025 1 1 2.5 0.005 291 5 1 6.03961e-18 
0.23125 -3.94756e-15 -2.27374e-13 0.0025 1 1 2.5 0.005 292 5 1 -1.88294e-17 
0.23375 -7.33643e-15 5.68434e-14 0.0025 1 1 2.5 0.005 293 5 1 1.66978e-17 
0.23625 -6.27445e-16 1.42109e-12 0.0025 1 1 2.5 0.005 294 5 1 -3.19744e-17 
0.23875 -2.32168e-15 1.36424e-12 0.0025 1 1 2.5 0.005 295 5 1 3.05533e-17 
0.24125 3.77651e-15 -1.25056e-12 0.0025 1 1 2.5 0.005 296 5 1 -2.66454e-17 
0.24375 -1.29131e-15 -1.02318e-12 0.0025 1 1 2.5 0.005 297 5 1 3.09086e-17 
0.24625 1.29631e-15 1.19371e-12 0.0025 1 1 2.5 0.005 298 5 1 -5.71987e-17 
0.24875 -4.72945e-15 1.3074e-12 0.0025 1 1 2.5 0.005 299 4 1 3.48166e-17 
0.25125 4.73001e-15 -1.3074e-12 0.0025 1 1 2.5 0.005 300 4 1 3.48166e-17 
0.25375 -1.3148e-15 -1.25056e-12 0.0025 1 1 2.5 0.005 301 5 1 -5.71987e-17 
0.25625 1.32668e-15 1.02318e-12 0.0025 1 1 2.5 0.005 302 5 1 3.09086e-17 
0.25875 -3.77789e-15 1.13687e-12 0.0025 1 1 2.5 0.005 303 5 1 -2.62901e-17 
0.26125 2.11245e-15 -1.3074e-12 0.0025 1 1 2.5 0.005 304 5 1 2.98428e-17 
0.26375 4.809e-16 -1.25056e-12 0.0025 1 1 2.5 0.005 305 5 1 -3.16192e-17 
0.26625 7.27042e-15 5.68434e-14 0.0025 1 1 2.5 0.005 306 5 1 1.63425e-17 
0.26875 3.91489e-15 2.27374e-13 0.0025 1 1 2.5 0.005 307 5 1 -1.74083e-17 
0.27125 5.01786e-15 6.25278e-13 0.0025 1 1 2.5 0.005 308 5 1 6.39488e-18 
0.27375 1.66906e-15 2.27374e-13 0.0025 1 1 2.5 0.005 309 5 1 -2.84217e-18 
0.27625 7.53241e-16 3.41061e-13 0.0025 1 1 2.5 0.005 310 5 1 -7.10543e-19 
0.27875 1.80145e-16 5.68434e-14 0.0025 1 1 2.5 0.005 311 5 1 -1.42109e-18 
0.28125 9.04453e-47 4.48416e-44 0.0025 1 1 2.5 0.005 312 5 1 -1.42109e-18 
0.28375 0 0 0.0025 1 1 2.5 0.005 313 5 1 -1.42109e-18 
0.28625 0 0 0.0025 1 1 2.5 0.005 314 5 1 -1.42109e-18 
0.28875 0 0 0.0025 1 1 2.5 0.005 315 5 1 -1.42109e-18 
0.29125 0 0 0.0025 1 1 2.5 0.005 316 5 1 -1.42109e-18 
0.29375 0 0 0.0025 1 1 2.5 0.005 317 5 1 -1.42109e-18 
0.29625 0 0 0.0025 1 1 2.5 0.005 318 5 1 -1.42109e-18 
0.29875 0 0 0.0025 1 1 2.5 0.005 319 5 1 -1.42109e-18 
0.30125 0 0 0.0025 1 1 2.5 0.005 320 5 1 -1.42109e-18 
0.30375 0 0 0.0025 1 1 2.5 0.005 321 5 1 -1.42109e-18 
0.30625 0 0 0.0025 1 1 2.5 0.005 322 5 1 -1.42109e-18 
0.30875 0 0 0.0025 1 1 2.5 0.005 323 5 1 -1.42109e-18 
0.31125 0 0 0.0025 1 1 2.5 0.005 324 5 1 -1.42109e-18 
0.31375 0 0 0.0025 1 1 2.5 0.005 325 5 1 -1.42109e-18 
0.31625 0 0 0.0025 1 1 2.5 0.005 326 5 1 -1.42109e-18 
0.31875 0 0 0.0025 1 1 2.5 0.005 327 5 1 -1.42109e-18 
0.32125 0 0 0.0025 1 1 2.5 0.005 328 5 1 -1.42109e-18 
0.32375 0 0 0.0025 1 1 2.5 0.005 329 5 1 -1.42109e-18 
0.32625 0 0 0.0025 1 1 2.5 0.005 330 5 1 -1.42109e-18 
0.32875 0 0 0.0025 1 1 2.5 0.005 331 5 1 -1.42109e-18 
0.33125 0 0 0.0025 1 1 2.5 0.005 332 5 1 -1.42109e-18 
0.33375 0 0 0.0025 1 1 2.5 0.005 333 5 1 -1.42109e-18 
0.33625 0 0 0.0025 1 1 2.5 0.005 334 5 1 -1.42109e-18 
0.33875 0 0 0.0025 1 1 2.5 0.005 335 5 1 -1.42109e-18 
0.34125 0 0 0.0025 1 1 2.5 0.005 336 5 1 -1.42109e-18 
0.34375 0 0 0.0025 1 1 2.5 0.005 337 5 1 -1.42109e-18 
0.34625 0 0 0.0025 1 1 2.5 0.005 338 5 1 -1.42109e-18 
0.34875 0 0 0.0025 1 1 2.5 0.005 339 5 1 -1.42109e-18 
0.35125 0 0 0.0025 1 1 2.5 0.005 340 5 1 -1.42109e-18 
0.35375 0 0 0.0025 1 1 2.5 0.005 341 5 1 -1.42109e-18 
0.35625 0 0 0.0025 1 1 2.5 0.005 342 5 1 -1.42109e-18 
0.35875 0 0 0.0025 1 1 2.5 0.005 343 5 1 -1.42109e-18 
0.36125 0 0 0.0025 1 1 2.5 0.005 344 5 1 -1.42109e-18 
0.36375 0 0 0.0025 1 1 2.5 0.005 345 5 1 -1.42109e-18 
0.36625 0 0 0.0025 1 1 2.5 0.005 346 5 1 -1.42109e-18 
0.36875 0 0 0.0025 1 1 2.5 0.005 347 5 1 -1.42109e-18 
0.37125 0 0 0.0025 1 1 2.5 0.005 348 5 1 -1.42109e-18 
0.37375 0 0 0.0025 1 1 2.5 0.005 349 5 1 -1.42109e-18 
0.37625 0 0 0.0025 1 1 2.5 0.005 350 5 1 -1.42109e-18 
0.37875 0 0 0.0025 1 1 2.5 0.005 351 5 1 -1.42109e-18 
0.38125 0 0 0.0025 1 1 2.5 0.005 352 5 1 -1.42109e-18 
0.38375 0 0 0.0025 1 1 2.5 0.005 353 5 1 -1.42109e-18 
0.38625 0 0 0.0025 1 1 2.5 0.005 354 5 1 -1.42109e-18 
0.38875 0 0 0.0025 1 1 2.5 0.005 355 5 1 -1.42109e-18 
0.39125 -1.29258e-47 -4.48416e-44 0.0025 1 1 2.5 0.005 356 5 1 -1.42109e-18 
0.39375 -4.91562e-17 -1.7053e-13 0.0025 1 1 2.5 0.005 357 5 1 -1.42109e-18 
0.39625 -2.95093e-16 -1.13687e-13 0.0025 1 1 2.5 0.005 358 5 1 -2.4869e-18 
0.39875 8.19382e-16 3.06954e-12 0.0025 1 1 2.5 0.005 359 5 1 -7.10543e-18 
0.40125 2.0045e-14 3.00702e-11 0.0025 1 1 2.5 0.005 360 5 1 4.54747e-17 
0.40375 -4.47133e-14 -1.98952e-10 0.0025 1 1 2.5 0.005 361 4 1 3.72324e-16 
0.40625 -9.19657e-13 -1.26653e-09 0.0025 1 1 2.5 0.005 362 4 1 6.75726e-16 
0.40875 -3.61267e-12 -2.28232e-09 0.0025 1 1 2.5 0.005 363 3 1 -3.48024e-15 
0.41125 -1.34869e-12 1.0148e-08 0.0025 1 1 2.5 0.005 364 4 1 -2.2731e-14 
0.41375 5.56011e-11 7.38145e-08 0.0025 1 1 2.5 0.005 365 5 1 7.13303e-14 
0.41625 1.40882e-11 -2.31625e-07 0.0025 1 1 2.5 0.005 366 4 1 5.9175e-13 
0.41875 -1.19196e-09 -1.70073e-06 0.0025 1 1 2.5 0.005 367 4 1 1.66901e-12 
0.42125 -5.92727e-09 -4.76264e-06 0.0025 1 1 2.5 0.005 368 4 1 -1.10534e-13 
0.42375 -1.23223e-08 -1.7483e-06 0.0025 1 1 2.5 0.005 369 3 1 -2.41237e-11 
0.42625 2.17651e-08 6.2751e-05 0.0025 1 1 2.5 0.005 370 4 1 -2.42837e-11 
0.42875 1.61351e-07 3.13751e-05 0.0025 1 1 2.5 0.005 371 5 1 3.49391e-10 
0.43125 -3.32687e-07 -0.000837246 0.0025 1 1 2.5 0.005 372 4 1 1.50723e-09 
0.43375 -3.50358e-06 -0.00358304 0.0025 1 1 2.5 0.00499999 373 4 1 3.30411e-09 
0.43625 -1.29912e-05 -0.00813479 0.0025 1.00001 1.00001 2.50001 0.00499996 374 4 1 1.13717e-09 
0.43875 -2.63274e-05 -0.00502543 0.0025 1.00001 1.00002 2.50001 0.00499993 375 3 1 -2.70844e-08 
0.44125 -3.11414e-07 0.0552731 0.0025 0.999983 0.999975 2.49999 0.00500008 376 4 1 -5.3064e-08 
0.44375 0.000171114 0.0978224 0.0025 0.999919 0.9999 2.49992 0.0050004 377 5 1 2.48368e-07 
0.44625 -7.64015e-05 -0.526506 0.0025 1.0002 1.00033 2.50017 0.00499902 378 4 1 1.13892e-06 
0.448749 -0.00208204 -2.11513 0.0025 1.00182 1.00267 2.50176 0.00499093 379 4 1 3.14303e-06 
0.451241 -0.00839172 -5.41134 0.0025 1.00661 1.0095 2.50651 0.00496718 380 4 1 6.71297e-06 
0.453716 -0.0220202 -9.79691 0.0025 1.01673 1.02384 2.51666 0.00491772 381 4 1 9.93719e-06 
0.456159 -0.0433437 -12.7419 0.0025 1.03272 1.04642 2.53271 0.0048416 382 4 1 7.65742e-06 
0.458558 -0.0671687 -11.117 0.0025 1.05107 1.07222 2.55108 0.00475704 383 4 1 -5.46241e-06 
0.460917 -0.082598 -2.80113 0.0025 1.06154 1.08611 2.56176 0.00471013 384 3 1 -2.53809e-05 
0.463268 -0.0639622 27.7385 0.0025 1.04082 1.0568 2.54237 0.00480392 385 4 1 -3.40789e-05 
0.465723 0.0165218 44.7771 0.0025 0.984331 0.979333 2.48608 0.00507959 386 4 1 3.38192e-05 
0.468355 0.0951508 28.2749 0.0025 0.923202 0.895395 2.42239 0.00541594 387 4 1 7.31241e-05 
0.471145 0.15925 26.937 0.0025 0.86935 0.822684 2.3652 0.00575142 388 4 1 4.70926e-05 
0.474114 0.238345 32.777 0.0025 0.811682 0.747696 2.30152 0.00616005 389 4 1 5.63528e-05 
0.477316 0.329391 31.7785 0.0025 0.750948 0.671007 2.23105 0.00665825 390 4 1 8.02697e-05 
0.480786 0.420519 27.4623 0.0025 0.693825 0.600887 2.16151 0.00720643 391 4 1 8.85555e-05 
0.484537 0.502659 20.4833 0.0025 0.64556 0.5433 2.09994 0.00774521 392 4 1 8.33066e-05 
0.488543 0.562682 11.0463 0.0025 0.610843 0.50265 2.05389 0.00818541 393 4 1 5.90037e-05 
0.492728 0.594996 5.70356 0.0025 0.589008 0.477092 2.02429 0.00848884 394 4 1 2.214e-05 
0.497034 0.627818 11.7793 0.0025 0.568921 0.454416 1.99676 0.00878856 395 4 1 1.12151e-05 
0.50152 0.682143 10.1818 0.0025 0.547011 0.431096 1.96605 0.00914058 396 4 1 4.1446e-05 
0.506178 0.684274 -6.67089 0.0025 0.542081 0.424571 1.95947 0.00922371 397 4 1 -6.19928e-06 
0.510745 0.670871 0.50661 0.0025 0.533902 0.422522 1.94575 0.00936502 398 4 1 0.000166622 
0.515549 0.675279 3.09455 0.0025 0.504897 0.425158 2.14174 0.00990301 399 4 1 -0.000132577 
0.520659 0.668624 -1.65373 0.0025 0.472082 0.41094 2.13597 0.0105914 400 4 1 0.000267572 
0.526158 0.648122 5.36209 0.0025 0.434862 0.406061 2.40055 0.0114979 401 4 1 -0.000237893 
0.532188 0.612197 3.65055 0.0025 0.406199 0.372209 2.28924 0.0123092 402 4 1 6.3077e-05 
0.538477 0.523821 22.7043 0.0025 0.366885 0.319048 2.17202 0.0136283 403 4 1 -9.07763e-07 
0.545928 0.281025 42.9116 0.0025 0.30712 0.247093 1.98754 0.0162803 404 4 1 0.000295814 
0.554994 0.0542873 23.8171 0.0025 0.2642 0.196945 1.84238 0.018925 405 4 1 0.000322311 
0.564945 -0.0116516 1.41743 0.0025 0.250016 0.180276 1.79518 0.0199987 406 4 1 8.0959e-05 
0.574997 -0.00324539 -1.47575 0.0025 0.2493 0.178861 1.79299 0.0200562 407 5 1 3.42884e-06 
0.585002 0.000205795 -0.072185 0.0025 0.249954 0.179426 1.79487 0.0200037 408 4 1 -1.43259e-06 
0.595 0.000148321 0.0313913 0.0025 0.25002 0.179516 1.79506 0.0199984 409 3 1 -1.82908e-07 
0.605 2.69065e-05 0.0106876 0.0025 0.250006 0.179506 1.79502 0.0199995 410 4 1 2.20868e-08 
0.615 1.20119e-06 0.00120555 0.0025 0.250001 0.179501 1.795 0.0199999 411 4 1 1.06381e-08 
0.625 -4.82134e-07 -9.87651e-05 0.0025 0.25 0.1795 1.795 0.02 412 5 1 1.58378e-09 
0.635 -5.4012e-08 -3.37268e-05 0.0025 0.25 0.1795 1.795 0.02 413 4 1 1.13515e-11 
0.645 4.38458e-09 -1.00131e-07 0.0025 0.25 0.1795 1.795 0.02 414 4 1 -3.32121e-11 
0.655 1.80879e-09 6.7166e-07 0.0025 0.25 0.1795 1.795 0.02 415 3 1 -2.35371e-12 
0.665 2.26585e-10 1.2549e-07 0.0025 0.25 0.1795 1.795 0.02 416 4 1 2.90627e-13 
0.675 4.73195e-12 7.73024e-09 0.0025 0.25 0.1795 1.795 0.02 417 4 1 9.36096e-14 
0.685 -2.94757e-12 -1.16793e-09 0.0025 0.25 0.1795 1.795 0.02 418 5 1 1.00135e-14 
0.695 -2.37014e-13 -1.83093e-10 0.0025 0.25 0.1795 1.795 0.02 419 4 1 -3.12639e-17 
0.705 1.55637e-14 2.34479e-12 0.0025 0.25 0.1795 1.795 0.02 420 4 1 -1.40332e-16 
0.715 4.06226e-15 2.33058e-12 0.0025 0.25 0.1795 1.795 0.02 421 4 1 -8.88178e-18 
0.725 3.52188e-16 2.84217e-13 0.0025 0.25 0.1795 1.795 0.02 422 5 1 -5.32907e-19 
0.735 2.45975e-17 6.44597e-44 0.0025 0.25 0.1795 1.795 0.02 423 5 1 -1.42109e-18 
0.745 5.65886e-48 2.8026e-45 0.0025 0.25 0.1795 1.795 0.02 424 5 1 -1.42109e-18 
0.755 0 0 0.0025 0.25 0.1795 1.795 0.02 425 5 1 -1.42109e-18 
0.765 0 0 0.0025 0.25 0.1795 1.795 0.02 426 5 1 -1.42109e-18 
0.775 0 0 0.0025 0.25 0.1795 1.795 0.02 427 5 1 -1.42109e-18 
0.785 0 0 0.0025 0.25 0.1795 1.795 0.02 428 5 1 -1.42109e-18 
0.795 0 0 0.0025 0.25 0.1795 1.795 0.02 429 5 1 -1.42109e-18 
0.805 0 0 0.0025 0.25 0.1795 1.795 0.02 430 5 1 -1.42109e-18 
0.815 0 0 0.0025 0.25 0.1795 1.795 0.02 431 5 1 -1.42109e-18 
0.825 0 0 0.0025 0.25 0.1795 1.795 0.02 432 5 1 -1.42109e-18 
0.835 0 0 0.0025 0.25 0.1795 1.795 0.02 433 5 1 -1.42109e-18 
0.845 0 0 0.0025 0.25 0.1795 1.795 0.02 434 5 1 -1.42109e-18 
0.855 0 0 0.0025 0.25 0.1795 1.795 0.02 435 5 1 -1.42109e-18 
0.865 0 0 0.0025 0.25 0.1795 1.795 0.02 436 5 1 -1.42109e-18 
0.875 0 0 0.0025 0.25 0.1795 1.795 0.02 437 5 1 -1.42109e-18 
0.885 0 0 0.0025 0.25 0.1795 1.795 0.02 438 5 1 -1.42109e-18 
0.895 0 0 0.0025 0.25 0.1795 1.795 0.02 439 5 1 -1.42109e-18 
0.905 0 0 0.0025 0.25 0.1795 1.795 0.02 440 5 1 -1.42109e-18 
0.915 0 0 0.0025 0.25 0.1795 1.795 0.02 441 5 1 -1.42109e-18 
0.925 0 0 0.0025 0.25 0.1795 1.795 0.02 442 5 1 -1.42109e-18 
0.935 0 0 0.0025 0.25 0.1795 1.795 0.02 443 5 1 -1.42109e-18 
0.945 -2.41786e-47 -5.60519e-45 0.0025 0.25 0.1795 1.795 0.02 444 5 1 -1.42109e-18 
0.955 -1.02187e-16 -1.42109e-14 0.0025 0.25 0.1795 1.795 0.02 445 5 1 -1.42109e-18 
0.965 -4.1239e-16 -7.10543e-14 0.0025 0.25 0.1795 1.795 0.02 446 5 1 -1.42109e-18 
0.975 -4.46792e-15 -4.26326e-13 0.0025 0.25 0.1795 1.795 0.02 447 5 1 8.70415e-18 
0.985 -3.02249e-15 5.68434e-14 0.0025 0.25 0.1795 1.795 0.02 448 5 1 -3.28626e-17 
0.995 -1.43213e-14 3.12639e-13 0.0025 0.25 0.1795 1.795 0.02 449 4 1 2.14939e-17 
1.005 1.43213e-14 -3.12639e-13 0.0025 0.25 0.1795 1.795 0.02 450 4 1 2.14939e-17 
1.015 2.99801e-15 -5.68434e-14 0.0025 0.25 0.1795 1.795 0.02 451 5 1 -3.28626e-17 
1.025 4.45983e-15 4.26326e-13 0.0025 0.25 0.1795 1.795 0.02 452 5 1 8.70415e-18 
1.035 4.12408e-16 7.10543e-14 0.0025 0.25 0.1795 1.795 0.02 453 5 1 -1.42109e-18 
1.045 1.1031e-16 1.42109e-14 0.0025 0.25 0.1795 1.795 0.02 454 5 1 -1.42109e-18 
1.055 2.41786e-47 5.60519e-45 0.0025 0.25 0.1795 1.795 0.02 455 5 1 -1.42109e-18 
1.065 0 0 0.0025 0.25 0.1795 1.795 0.02 456 5 1 -1.42109e-18 
1.075 0 0 0.0025 0.25 0.1795 1.795 0.02 457 5 1 -1.42109e-18 
1.085 0 0 0.0025 0.25 0.1795 1.795 0.02 458 5 1 -1.42109e-18 
1.095 0 0 0.0025 0.25 0.1795 1.795 0.02 459 5 1 -1.42109e-18 
1.105 0 0 0.0025 0.25 0.1795 1.795 0.02 460 5 1 -1.42109e-18 
1.115 0 0 0.0025 0.25 0.1795 1.795 0.02 461 5 1 -1.42109e-18 
1.125 0 0 0.0025 0.25 0.1795 1.795 0.02 462 5 1 -1.42109e-18 
1.135 0 0 0.0025 0.25 0.1795 1.795 0.02 463 5 1 -1.42109e-18 
1.145 0 0 0.0025 0.25 0.1795 1.795 0.02 464 5 1 -1.42109e-18 
1.155 0 0 0.0025 0.25 0.1795 1.795 0.02 465 5 1 -1.42109e-18 
1.165 0 0 0.0025 0.25 0.1795 1.795 0.02 466 5 1 -1.42109e-18 
1.175 0 0 0.0025 0.25 0.1795 1.795 0.02 467 5 1 -1.42109e-18 
1.185 0 0 0.0025 0.25 0.1795 1.795 0.02 468 5 1 -1.42109e-18 
1.195 0 0 0.0025 0.25 0.1795 1.795 0.02 469 5 1 -1.42109e-18 
1.205 0 0 0.0025 0.25 0.1795 1.795 0.02 470 5 1 -1.42109e-18 
1.215 0 0 0.0025 0.25 0.1795 1.795 0.02 471 5 1 -1.42109e-18 
1.225 0 0 0.0025 0.25 0.1795 1.795 0.02 472 5 1 -1.42109e-18 
1.235 0 0 0.0025 0.25 0.1795 1.795 0.02 473 5 1 -1.42109e-18 
1.245 0 0 0.0025 0.25 0.1795 1.795 0.02 474 5 1 -1.42109e-18 
1.255 -4.04172e-48 -2.8026e-45 0.0025 0.25 0.1795 1.795 0.02 475 5 1 -1.42109e-18 
1.265 -2.04939e-17 -1.42109e-14 0.0025 0.25 0.1795 1.795 0.02 476 5 1 -1.42109e-18 
1.275 -3.39954e-16 -2.41585e-13 0.0025 0.25 0.1795 1.795 0.02 477 5 1 -1.06581e-18 
1.285 -3.84525e-15 -2.06057e-12 0.0025 0.25 0.1795 1.795 0.02 478 5 1 -7.81597e-18 
1.295 -1.69127e-14 -5.42855e-12 0.0025 0.25 0.1795 1.795 0.02 479 4 1 -1.42641e-16 
1.305 2.36342e-13 1.88095e-10 0.0025 0.25 0.1795 1.795 0.02 480 4 1 -2.70006e-17 
1.315 2.95842e-12 1.16574e-09 0.0025 0.25 0.1795 1.795 0.02 481 5 1 1.00064e-14 
1.325 -4.77359e-12 -7.73476e-09 0.0025 0.25 0.1795 1.795 0.02 482 4 1 9.35865e-14 
1.335 -2.26554e-10 -1.25481e-07 0.0025 0.25 0.1795 1.795 0.02 483 4 1 2.90688e-13 
1.345 -1.80873e-09 -6.71666e-07 0.0025 0.25 0.1795 1.795 0.02 484 3 1 -2.35374e-12 
1.355 -4.38465e-09 1.00131e-07 0.0025 0.25 0.1795 1.795 0.02 485 4 1 -3.32122e-11 
1.365 5.4012e-08 3.37268e-05 0.0025 0.25 0.1795 1.795 0.02 486 4 1 1.13516e-11 
1.375 4.82134e-07 9.87651e-05 0.0025 0.25 0.1795 1.795 0.02 487 5 1 1.58378e-09 
1.385 -1.20119e-06 -0.00120555 0.0025 0.250001 0.179501 1.795 0.0199999 488 4 1 1.06381e-08 
1.395 -2.69065e-05 -0.0106876 0.0025 0.250006 0.179506 1.79502 0.0199995 489 4 1 2.20868e-08 
1.405 -0.000148321 -0.0313913 0.0025 0.25002 0.179516 1.79506 0.0199984 490 3 1 -1.82908e-07 
1.415 -0.000205795 0.072185 0.0025 0.249954 0.179426 1.79487 0.0200037 491 4 1 -1.43259e-06 
1.425 0.00324539 1.47575 0.0025 0.2493 0.178861 1.79299 0.0200562 492 5 1 3.42884e-06 
1.43505 0.0116516 -1.41743 0.0025 0.250016 0.180276 1.79518 0.0199987 493 4 1 8.0959e-05 
1.44501 -0.0542873 -23.8171 0.0025 0.2642 0.196945 1.84238 0.018925 494 4 1 0.000322311 
1.45407 -0.281025 -42.9116 0.0025 0.30712 0.247093 1.98754 0.0162803 495 4 1 0.000295814 
1.46152 -0.523821 -22.7043 0.0025 0.366885 0.319048 2.17202 0.0136283 496 4 1 -9.07763e-07 
1.46781 -0.612197 -3.65055 0.0025 0.406199 0.372209 2.28924 0.0123092 497 4 1 6.3077e-05 
1.47384 -0.648122 -5.36209 0.0025 0.434862 0.406061 2.40055 0.0114979 498 4 1 -0.000237893 
1.47934 -0.668624 1.65373 0.0025 0.472082 0.41094 2.13597 0.0105914 499 4 1 0.000267572 
