# Time [s]: 0.0231845
# Columns: pos [m], vel [m/s], acc [m/s^2], mass [kg], dens [kg/m^3], pres [Pa], ene [J/kg], sml [m], id, neighbor, alpha, gradh, ...additional?
1.48676 -0.662044 -3.2335 0.0025 0.504612 0.42443 2.14143 0.0099086 0 4 1 -0.000156275 
1.49158 -0.678763 6.7015 0.0025 0.529168 0.418019 1.93883 0.0094488 1 4 1 0.000197359 
1.49622 -0.692404 -6.18452 0.0025 0.544806 0.427989 1.96342 0.00917757 2 4 1 2.32508e-05 
-0.49924 -0.634122 -14.1038 0.0025 0.564353 0.449678 1.99096 0.0088597 3 4 1 1.58004e-05 
-0.494919 -0.600137 -4.67281 0.0025 0.586118 0.473769 2.02054 0.0085307 4 4 1 1.99759e-05 
-0.490708 -0.570138 -10.8499 0.0025 0.607637 0.499154 2.04963 0.0082286 5 4 1 7.01018e-05 
-0.486684 -0.50527 -22.8049 0.0025 0.645066 0.542995 2.09944 0.00775114 6 4 1 0.000101982 
-0.482942 -0.412786 -31.7742 0.0025 0.6992 0.607696 2.16842 0.00715103 7 4 1 0.000105837 
-0.479514 -0.309649 -36.1653 0.0025 0.763569 0.686956 2.24624 0.0065482 8 4 1 8.52617e-05 
-0.476377 -0.212494 -33.1526 0.0025 0.829665 0.77099 2.3218 0.00602653 9 4 1 6.48836e-05 
-0.473476 -0.13264 -31.0263 0.0025 0.892343 0.853901 2.38995 0.00560323 10 4 1 8.43953e-05 
-0.470765 -0.0477711 -46.5249 0.0025 0.959781 0.945759 2.46117 0.00520952 11 4 1 6.21998e-05 
-0.468257 0.0484845 -39.8597 0.0025 1.02744 1.0383 2.52961 0.00486648 12 4 1 -2.93357e-05 
-0.465894 0.0852903 -1.45986 0.0025 1.06095 1.08496 2.56155 0.00471277 13 3 1 -3.34504e-05 
-0.463544 0.0727407 11.463 0.0025 1.05474 1.07725 2.55479 0.00474052 14 4 1 -1.06362e-05 
-0.461153 0.047468 13.9061 0.0025 1.03559 1.05051 2.53562 0.00482816 15 4 1 7.21032e-06 
-0.458715 0.0238495 11.0224 0.0025 1.01804 1.02573 2.51797 0.00491138 16 4 1 1.13631e-05 
-0.456242 0.00870464 5.99206 0.0025 1.00688 1.00991 2.50677 0.00496584 17 4 1 7.77831e-06 
-0.453749 0.00191154 2.21325 0.0025 1.00173 1.00256 2.50166 0.00499136 18 4 1 3.5219e-06 
-0.45125 -7.27861e-05 0.484694 0.0025 1.00011 1.0002 2.50008 0.00499947 19 4 1 1.18812e-06 
-0.44875 -0.000181126 -0.181054 0.0025 0.999899 0.99987 2.4999 0.0050005 20 5 1 2.00877e-07 
-0.44625 1.31605e-05 -0.0432477 0.0025 0.99999 0.999983 2.49999 0.00500005 21 4 1 -7.78485e-08 
-0.44375 2.68825e-05 0.00778914 0.0025 1.00002 1.00002 2.50002 0.00499992 22 3 1 -2.20648e-08 
-0.44125 1.12567e-05 0.00850951 0.0025 1.00001 1.00001 2.50001 0.00499996 23 4 1 2.78387e-09 
-0.43875 2.44617e-06 0.00301111 0.0025 1 1 2.5 0.00499999 24 4 1 3.3198e-09 
-0.43625 2.79161e-08 0.000554895 0.0025 1 1 2.5 0.005 25 4 1 1.24678e-09 
-0.43375 -1.40686e-07 -0.000144804 0.0025 1 1 2.5 0.005 26 5 1 1.96399e-10 
-0.43125 -6.75854e-10 -3.25991e-05 0.0025 1 1 2.5 0.005 27 4 1 -5.01543e-11 
-0.42875 1.0779e-08 4.69271e-06 0.0025 1 1 2.5 0.005 28 3 1 -1.2786e-11 
-0.42625 3.57511e-09 3.88817e-06 0.0025 1 1 2.5 0.005 29 4 1 1.44747e-12 
-0.42375 4.28123e-10 8.92834e-07 0.0025 1 1 2.5 0.005 30 4 1 1.24873e-12 
-0.42125 -8.70806e-11 8.59717e-09 0.0025 1 1 2.5 0.005 31 4 1 2.95402e-13 
-0.41875 -1.85173e-11 -4.21438e-08 0.0025 1 1 2.5 0.005 32 5 1 -4.07141e-15 
-0.41625 3.92733e-12 1.45121e-10 0.0025 1 1 2.5 0.005 33 4 1 -1.23961e-14 
-0.41375 1.82051e-12 1.98355e-09 0.0025 1 1 2.5 0.005 34 3 1 -1.91136e-16 
-0.41125 2.27203e-13 5.05736e-10 0.0025 1 1 2.5 0.005 35 4 1 5.32552e-16 
-0.40875 -2.32942e-14 -5.68434e-14 0.0025 1 1 2.5 0.005 36 4 1 1.34648e-16 
-0.40625 -4.17481e-15 -9.49285e-12 0.0025 1 1 2.5 0.005 37 5 1 -6.39488e-18 
-0.40375 3.26887e-16 -3.9443e-29 0.0025 1 1 2.5 0.005 38 5 1 -3.19744e-18 
-0.40125 1.14537e-16 1.7053e-13 0.0025 1 1 2.5 0.005 39 5 1 -1.42109e-18 
-0.39875 3.22677e-47 4.48416e-44 0.0025 1 1 2.5 0.005 40 5 1 -1.42109e-18 
-0.39625 0 0 0.0025 1 1 2.5 0.005 41 5 1 -1.42109e-18 
-0.39375 0 0 0.0025 1 1 2.5 0.005 42 5 1 -1.42109e-18 
-0.39125 0 0 0.0025 1 1 2.5 0.005 43 5 1 -1.42109e-18 
-0.38875 0 0 0.0025 1 1 2.5 0.005 44 5 1 -1.42109e-18 
-0.38625 0 0 0.0025 1 1 2.5 0.005 45 5 1 -1.42109e-18 
-0.38375 0 0 0.0025 1 1 2.5 0.005 46 5 1 -1.42109e-18 
-0.38125 0 0 0.0025 1 1 2.5 0.005 47 5 1 -1.42109e-18 
-0.37875 0 0 0.0025 1 1 2.5 0.005 48 5 1 -1.42109e-18 
-0.37625 0 0 0.0025 1 1 2.5 0.005 49 5 1 -1.42109e-18 
-0.37375 0 0 0.0025 1 1 2.5 0.005 50 5 1 -1.42109e-18 
-0.37125 0 0 0.0025 1 1 2.5 0.005 51 5 1 -1.42109e-18 
-0.36875 0 0 0.0025 1 1 2.5 0.005 52 5 1 -1.42109e-18 
-0.36625 0 0 0.0025 1 1 2.5 0.005 53 5 1 -1.42109e-18 
-0.36375 0 0 0.0025 1 1 2.5 0.005 54 5 1 -1.42109e-18 
-0.36125 0 0 0.0025 1 1 2.5 0.005 55 5 1 -1.42109e-18 
-0.35875 0 0 0.0025 1 1 2.5 0.005 56 5 1 -1.42109e-18 
-0.35625 0 0 0.0025 1 1 2.5 0.005 57 5 1 -1.42109e-18 
-0.35375 0 0 0.0025 1 1 2.5 0.005 58 5 1 -1.42109e-18 
-0.35125 0 0 0.0025 1 1 2.5 0.005 59 5 1 -1.42109e-18 
-0.34875 0 0 0.0025 1 1 2.5 0.005 60 5 1 -1.42109e-18 
-0.34625 0 0 0.0025 1 1 2.5 0.005 61 5 1 -1.42109e-18 
-0.34375 0 0 0.0025 1 1 2.5 0.005 62 5 1 -1.42109e-18 
-0.34125 0 0 0.0025 1 1 2.5 0.005 63 5 1 -1.42109e-18 
-0.33875 0 0 0.0025 1 1 2.5 0.005 64 5 1 -1.42109e-18 
-0.33625 0 0 0.0025 1 1 2.5 0.005 65 5 1 -1.42109e-18 
-0.33375 0 0 0.0025 1 1 2.5 0.005 66 5 1 -1.42109e-18 
-0.33125 0 0 0.0025 1 1 2.5 0.005 67 5 1 -1.42109e-18 
-0.32875 0 0 0.0025 1 1 2.5 0.005 68 5 1 -1.42109e-18 
-0.32625 0 0 0.0025 1 1 2.5 0.005 69 5 1 -1.42109e-18 
-0.32375 0 0 0.0025 1 1 2.5 0.005 70 5 1 -1.42109e-18 
-0.32125 0 0 0.0025 1 1 2.5 0.005 71 5 1 -1.42109e-18 
-0.31875 0 0 0.0025 1 1 2.5 0.005 72 5 1 -1.42109e-18 
-0.31625 0 0 0.0025 1 1 2.5 0.005 73 5 1 -1.42109e-18 
-0.31375 0 0 0.0025 1 1 2.5 0.005 74 5 1 -1.42109e-18 
-0.31125 0 0 0.0025 1 1 2.5 0.005 75 5 1 -1.42109e-18 
-0.30875 0 0 0.0025 1 1 2.5 0.005 76 5 1 -1.42109e-18 
-0.30625 0 0 0.0025 1 1 2.5 0.005 77 5 1 -1.42109e-18 
-0.30375 0 0 0.0025 1 1 2.5 0.005 78 5 1 -1.42109e-18 
-0.30125 0 0 0.0025 1 1 2.5 0.005 79 5 1 -1.42109e-18 
-0.29875 0 0 0.0025 1 1 2.5 0.005 80 5 1 -1.42109e-18 
-0.29625 0 0 0.0025 1 1 2.5 0.005 81 5 1 -1.42109e-18 
-0.29375 0 0 0.0025 1 1 2.5 0.005 82 5 1 -1.42109e-18 
-0.29125 0 0 0.0025 1 1 2.5 0.005 83 5 1 -1.42109e-18 
-0.28875 0 0 0.0025 1 1 2.5 0.005 84 5 1 -1.42109e-18 
-0.28625 0 0 0.0025 1 1 2.5 0.005 85 5 1 -1.42109e-18 
-0.28375 0 0 0.0025 1 1 2.5 0.005 86 5 1 -1.42109e-18 
-0.28125 0 0 0.0025 1 1 2.5 0.005 87 5 1 -1.42109e-18 
-0.27875 0 0 0.0025 1 1 2.5 0.005 88 5 1 -1.42109e-18 
-0.27625 0 0 0.0025 1 1 2.5 0.005 89 5 1 -1.42109e-18 
-0.27375 0 0 0.0025 1 1 2.5 0.005 90 5 1 -1.42109e-18 
-0.27125 0 0 0.0025 1 1 2.5 0.005 91 5 1 -1.42109e-18 
-0.26875 0 0 0.0025 1 1 2.5 0.005 92 5 1 -1.42109e-18 
-0.26625 0 0 0.0025 1 1 2.5 0.005 93 5 1 -1.42109e-18 
-0.26375 0 0 0.0025 1 1 2.5 0.005 94 5 1 -1.42109e-18 
-0.26125 0 0 0.0025 1 1 2.5 0.005 95 5 1 -1.42109e-18 
-0.25875 0 0 0.0025 1 1 2.5 0.005 96 5 1 -1.42109e-18 
-0.25625 0 0 0.0025 1 1 2.5 0.005 97 5 1 -1.42109e-18 
-0.25375 0 0 0.0025 1 1 2.5 0.005 98 5 1 -1.42109e-18 
-0.25125 0 0 0.0025 1 1 2.5 0.005 99 5 1 -1.42109e-18 
-0.24875 0 0 0.0025 1 1 2.5 0.005 100 5 1 -1.42109e-18 
-0.24625 0 0 0.0025 1 1 2.5 0.005 101 5 1 -1.42109e-18 
-0.24375 0 0 0.0025 1 1 2.5 0.005 102 5 1 -1.42109e-18 
-0.24125 0 0 0.0025 1 1 2.5 0.005 103 5 1 -1.42109e-18 
-0.23875 0 0 0.0025 1 1 2.5 0.005 104 5 1 -1.42109e-18 
-0.23625 0 0 0.0025 1 1 2.5 0.005 105 5 1 -1.42109e-18 
-0.23375 0 0 0.0025 1 1 2.5 0.005 106 5 1 -1.42109e-18 
-0.23125 0 0 0.0025 1 1 2.5 0.005 107 5 1 -1.42109e-18 
-0.22875 0 0 0.0025 1 1 2.5 0.005 108 5 1 -1.42109e-18 
-0.22625 0 0 0.0025 1 1 2.5 0.005 109 5 1 -1.42109e-18 
-0.22375 0 0 0.0025 1 1 2.5 0.005 110 5 1 -1.42109e-18 
-0.22125 0 0 0.0025 1 1 2.5 0.005 111 5 1 -1.42109e-18 
-0.21875 0 0 0.0025 1 1 2.5 0.005 112 5 1 -1.42109e-18 
-0.21625 0 0 0.0025 1 1 2.5 0.005 113 5 1 -1.42109e-18 
-0.21375 0 0 0.0025 1 1 2.5 0.005 114 5 1 -1.42109e-18 
-0.21125 0 0 0.0025 1 1 2.5 0.005 115 5 1 -1.42109e-18 
-0.20875 0 0 0.0025 1 1 2.5 0.005 116 5 1 -1.42109e-18 
-0.20625 0 0 0.0025 1 1 2.5 0.005 117 5 1 -1.42109e-18 
-0.20375 0 0 0.0025 1 1 2.5 0.005 118 5 1 -1.42109e-18 
-0.20125 0 0 0.0025 1 1 2.5 0.005 119 5 1 -1.42109e-18 
-0.19875 0 0 0.0025 1 1 2.5 0.005 120 5 1 -1.42109e-18 
-0.19625 0 0 0.0025 1 1 2.5 0.005 121 5 1 -1.42109e-18 
-0.19375 0 0 0.0025 1 1 2.5 0.005 122 5 1 -1.42109e-18 
-0.19125 0 0 0.0025 1 1 2.5 0.005 123 5 1 -1.42109e-18 
-0.18875 0 0 0.0025 1 1 2.5 0.005 124 5 1 -1.42109e-18 
-0.18625 0 0 0.0025 1 1 2.5 0.005 125 5 1 -1.42109e-18 
-0.18375 0 0 0.0025 1 1 2.5 0.005 126 5 1 -1.42109e-18 
-0.18125 0 0 0.0025 1 1 2.5 0.005 127 5 1 -1.42109e-18 
-0.17875 0 0 0.0025 1 1 2.5 0.005 128 5 1 -1.42109e-18 
-0.17625 0 0 0.0025 1 1 2.5 0.005 129 5 1 -1.42109e-18 
-0.17375 0 0 0.0025 1 1 2.5 0.005 130 5 1 -1.42109e-18 
-0.17125 0 0 0.0025 1 1 2.5 0.005 131 5 1 -1.42109e-18 
-0.16875 0 0 0.0025 1 1 2.5 0.005 132 5 1 -1.42109e-18 
-0.16625 0 0 0.0025 1 1 2.5 0.005 133 5 1 -1.42109e-18 
-0.16375 0 0 0.0025 1 1 2.5 0.005 134 5 1 -1.42109e-18 
-0.16125 0 0 0.0025 1 1 2.5 0.005 135 5 1 -1.42109e-18 
-0.15875 0 0 0.0025 1 1 2.5 0.005 136 5 1 -1.42109e-18 
-0.15625 0 0 0.0025 1 1 2.5 0.005 137 5 1 -1.42109e-18 
-0.15375 0 0 0.0025 1 1 2.5 0.005 138 5 1 -1.42109e-18 
-0.15125 0 0 0.0025 1 1 2.5 0.005 139 5 1 -1.42109e-18 
-0.14875 0 0 0.0025 1 1 2.5 0.005 140 5 1 -1.42109e-18 
-0.14625 0 0 0.0025 1 1 2.5 0.005 141 5 1 -1.42109e-18 
-0.14375 0 0 0.0025 1 1 2.5 0.005 142 5 1 -1.42109e-18 
-0.14125 0 0 0.0025 1 1 2.5 0.005 143 5 1 -1.42109e-18 
-0.13875 0 0 0.0025 1 1 2.5 0.005 144 5 1 -1.42109e-18 
-0.13625 0 0 0.0025 1 1 2.5 0.005 145 5 1 -1.42109e-18 
-0.13375 0 0 0.0025 1 1 2.5 0.005 146 5 1 -1.42109e-18 
-0.13125 0 0 0.0025 1 1 2.5 0.005 147 5 1 -1.42109e-18 
-0.12875 0 0 0.0025 1 1 2.5 0.005 148 5 1 -1.42109e-18 
-0.12625 0 0 0.0025 1 1 2.5 0.005 149 5 1 -1.42109e-18 
-0.12375 0 0 0.0025 1 1 2.5 0.005 150 5 1 -1.42109e-18 
-0.12125 0 0 0.0025 1 1 2.5 0.005 151 5 1 -1.42109e-18 
-0.11875 0 0 0.0025 1 1 2.5 0.005 152 5 1 -1.42109e-18 
-0.11625 0 0 0.0025 1 1 2.5 0.005 153 5 1 -1.42109e-18 
-0.11375 0 0 0.0025 1 1 2.5 0.005 154 5 1 -1.42109e-18 
-0.11125 0 0 0.0025 1 1 2.5 0.005 155 5 1 -1.42109e-18 
-0.10875 0 0 0.0025 1 1 2.5 0.005 156 5 1 -1.42109e-18 
-0.10625 0 0 0.0025 1 1 2.5 0.005 157 5 1 -1.42109e-18 
-0.10375 0 0 0.0025 1 1 2.5 0.005 158 5 1 -1.42109e-18 
-0.10125 0 0 0.0025 1 1 2.5 0.005 159 5 1 -1.42109e-18 
-0.09875 0 0 0.0025 1 1 2.5 0.005 160 5 1 -1.42109e-18 
-0.09625 0 0 0.0025 1 1 2.5 0.005 161 5 1 -1.42109e-18 
-0.09375 0 0 0.0025 1 1 2.5 0.005 162 5 1 -1.42109e-18 
-0.09125 0 0 0.0025 1 1 2.5 0.005 163 5 1 -1.42109e-18 
-0.08875 0 0 0.0025 1 1 2.5 0.005 164 5 1 -1.42109e-18 
-0.08625 0 0 0.0025 1 1 2.5 0.005 165 5 1 -1.42109e-18 
-0.08375 0 0 0.0025 1 1 2.5 0.005 166 5 1 -1.42109e-18 
-0.08125 0 0 0.0025 1 1 2.5 0.005 167 5 1 -1.42109e-18 
-0.07875 0 0 0.0025 1 1 2.5 0.005 168 5 1 -1.42109e-18 
-0.07625 0 0 0.0025 1 1 2.5 0.005 169 5 1 -1.42109e-18 
-0.07375 0 0 0.0025 1 1 2.5 0.005 170 5 1 -1.42109e-18 
-0.07125 0 0 0.0025 1 1 2.5 0.005 171 5 1 -1.42109e-18 
-0.06875 0 0 0.0025 1 1 2.5 0.005 172 5 1 -1.42109e-18 
-0.06625 0 0 0.0025 1 1 2.5 0.005 173 5 1 -1.42109e-18 
-0.06375 0 0 0.0025 1 1 2.5 0.005 174 5 1 -1.42109e-18 
-0.06125 0 0 0.0025 1 1 2.5 0.005 175 5 1 -1.42109e-18 
-0.05875 0 0 0.0025 1 1 2.5 0.005 176 5 1 -1.42109e-18 
-0.05625 0 0 0.0025 1 1 2.5 0.005 177 5 1 -1.42109e-18 
-0.05375 -1.25378e-46 -3.36312e-44 0.0025 1 1 2.5 0.005 178 5 1 -1.42109e-18 
-0.05125 -1.63199e-16 -1.13687e-13 0.0025 1 1 2.5 0.005 179 5 1 -1.42109e-18 
-0.04875 -2.92726e-16 1.13687e-13 0.0025 1 1 2.5 0.005 180 5 1 -1.42109e-18 
-0.04625 -4.8827e-16 -1.13687e-13 0.0025 1 1 2.5 0.005 181 5 1 -1.42109e-18 
-0.04375 -7.77723e-16 -2.24208e-44 0.0025 1 1 2.5 0.005 182 5 1 -1.42109e-18 
-0.04125 -1.26516e-15 -1.13687e-13 0.0025 1 1 2.5 0.005 183 5 1 -1.42109e-18 
-0.03875 -1.90895e-15 1.13687e-13 0.0025 1 1 2.5 0.005 184 5 1 -1.42109e-18 
-0.03625 -2.50238e-15 -1.13687e-13 0.0025 1 1 2.5 0.005 185 5 1 -1.42109e-18 
-0.03375 -3.66551e-15 -5.68434e-14 0.0025 1 1 2.5 0.005 186 4 1 -2.4869e-18 
-0.03125 -8.82342e-16 -1.7053e-13 0.0025 1 1 2.5 0.005 187 4 1 3.55271e-18 
-0.02875 -1.92336e-15 -1.13687e-13 0.0025 1 1 2.5 0.005 188 5 1 -4.26326e-18 
-0.02625 2.43894e-16 5.68434e-14 0.0025 1 1 2.5 0.005 189 5 1 -7.10543e-19 
-0.02375 1.14e-16 -5.68434e-14 0.0025 1 1 2.5 0.005 190 5 1 -1.77636e-18 
-0.02125 4.71919e-16 5.68434e-14 0.0025 1 1 2.5 0.005 191 5 1 -1.77636e-18 
-0.01875 3.74608e-16 5.68434e-14 0.0025 1 1 2.5 0.005 192 4 1 -7.10543e-19 
-0.01625 2.46724e-15 2.85962e-28 0.0025 1 1 2.5 0.005 193 4 1 6.24001e-33 
-0.01375 1.09174e-15 5.68434e-14 0.0025 1 1 2.5 0.005 194 4 1 3.77482e-33 
-0.01125 7.79094e-16 0 0.0025 1 1 2.5 0.005 195 3 1 0 
-0.00875 4.24577e-16 0 0.0025 1 1 2.5 0.005 196 3 1 0 
-0.00625 6.89484e-17 2.27374e-13 0.0025 1 1 2.5 0.005 197 4 1 1.2326e-33 
-0.00375 1.22241e-16 -1.7053e-13 0.0025 1 1 2.5 0.005 198 4 1 3.55271e-19 
-0.00125 1.32149e-16 1.13687e-13 0.0025 1 1 2.5 0.005 199 5 1 3.55271e-19 
0.00125 -2.01864e-16 -1.13687e-13 0.0025 1 1 2.5 0.005 200 5 1 3.55271e-19 
0.00375 -1.01377e-16 2.27374e-13 0.0025 1 1 2.5 0.005 201 4 1 3.55271e-19 
0.00625 -7.05623e-17 -2.27374e-13 0.0025 1 1 2.5 0.005 202 5 1 -1.42109e-18 
0.00875 -5.51982e-16 -1.13687e-13 0.0025 1 1 2.5 0.005 203 3 1 0 
0.01125 -8.4328e-16 3.9443e-29 0.0025 1 1 2.5 0.005 204 3 1 0 
0.01375 -1.12402e-15 -5.68434e-14 0.0025 1 1 2.5 0.005 205 4 1 3.77482e-33 
0.01625 -2.49892e-15 -2.85962e-28 0.0025 1 1 2.5 0.005 206 4 1 6.24001e-33 
0.01875 -4.56084e-16 -1.13687e-13 0.0025 1 1 2.5 0.005 207 4 1 -7.10543e-19 
0.02125 -3.57786e-16 2.07076e-28 0.0025 1 1 2.5 0.005 208 5 1 -2.13163e-18 
0.02375 -3.90155e-16 5.60519e-44 0.0025 1 1 2.5 0.005 209 5 1 -7.10543e-19 
0.02625 1.82445e-15 1.13687e-13 0.0025 1 1 2.5 0.005 210 5 1 -3.55271e-18 
0.02875 9.80653e-16 1.7053e-13 0.0025 1 1 2.5 0.005 211 4 1 2.13163e-18 
0.03125 3.89233e-15 -5.68434e-14 0.0025 1 1 2.5 0.005 212 4 1 -1.42109e-18 
0.03375 2.59844e-15 1.13687e-13 0.0025 1 1 2.5 0.005 213 5 1 -2.13163e-18 
0.03625 1.79651e-15 5.68434e-14 0.0025 1 1 2.5 0.005 214 5 1 -1.42109e-18 
0.03875 1.05406e-15 5.68434e-14 0.0025 1 1 2.5 0.005 215 5 1 -1.42109e-18 
0.04125 6.49344e-16 1.12104e-44 0.0025 1 1 2.5 0.005 216 5 1 -1.42109e-18 
0.04375 4.22309e-16 1.13687e-13 0.0025 1 1 2.5 0.005 217 5 1 -1.42109e-18 
0.04625 2.6087e-16 0 0.0025 1 1 2.5 0.005 218 5 1 -1.42109e-18 
0.04875 1.30318e-16 3.36312e-44 0.0025 1 1 2.5 0.005 219 5 1 -1.42109e-18 
0.05125 8.69153e-47 3.36312e-44 0.0025 1 1 2.5 0.005 220 5 1 -1.42109e-18 
0.05375 0 0 0.0025 1 1 2.5 0.005 221 5 1 -1.42109e-18 
0.05625 0 0 0.0025 1 1 2.5 0.005 222 5 1 -1.42109e-18 
0.05875 0 0 0.0025 1 1 2.5 0.005 223 5 1 -1.42109e-18 
0.06125 0 0 0.0025 1 1 2.5 0.005 224 5 1 -1.42109e-18 
0.06375 0 0 0.0025 1 1 2.5 0.005 225 5 1 -1.42109e-18 
0.06625 0 0 0.0025 1 1 2.5 0.005 226 5 1 -1.42109e-18 
0.06875 0 0 0.0025 1 1 2.5 0.005 227 5 1 -1.42109e-18 
0.07125 0 0 0.0025 1 1 2.5 0.005 228 5 1 -1.42109e-18 
0.07375 0 0 0.0025 1 1 2.5 0.005 229 5 1 -1.42109e-18 
0.07625 0 0 0.0025 1 1 2.5 0.005 230 5 1 -1.42109e-18 
0.07875 0 0 0.0025 1 1 2.5 0.005 231 5 1 -1.42109e-18 
0.08125 0 0 0.0025 1 1 2.5 0.005 232 5 1 -1.42109e-18 
0.08375 0 0 0.0025 1 1 2.5 0.005 233 5 1 -1.42109e-18 
0.08625 0 0 0.0025 1 1 2.5 0.005 234 5 1 -1.42109e-18 
0.08875 0 0 0.0025 1 1 2.5 0.005 235 5 1 -1.42109e-18 
0.09125 0 0 0.0025 1 1 2.5 0.005 236 5 1 -1.42109e-18 
0.09375 0 0 0.0025 1 1 2.5 0.005 237 5 1 -1.42109e-18 
0.09625 -8.70385e-47 -3.36312e-44 0.0025 1 1 2.5 0.005 238 5 1 -1.42109e-18 
0.09875 -1.63414e-16 -1.13687e-13 0.0025 1 1 2.5 0.005 239 5 1 -1.42109e-18 
0.10125 -3.25857e-16 -4.48416e-44 0.0025 1 1 2.5 0.005 240 5 1 -1.42109e-18 
0.10375 -7.3342e-16 -1.7053e-13 0.0025 1 1 2.5 0.005 241 5 1 -1.42109e-18 
0.10625 -1.31953e-15 -1.7053e-13 0.0025 1 1 2.5 0.005 242 5 1 -2.13163e-18 
0.10875 -3.8422e-15 -5.68434e-13 0.0025 1 1 2.5 0.005 243 5 1 2.84217e-18 
0.11125 -2.43183e-15 4.54747e-13 0.0025 1 1 2.5 0.005 244 5 1 -1.49214e-17 
0.11375 -4.14932e-15 8.52651e-13 0.0025 1 1 2.5 0.005 245 5 1 1.35003e-17 
0.11625 3.06719e-15 -5.68434e-14 0.0025 1 1 2.5 0.005 246 5 1 -1.56319e-17 
0.11875 6.12495e-16 -2.27374e-13 0.0025 1 1 2.5 0.005 247 5 1 1.77636e-17 
0.12125 -2.53206e-16 -5.68434e-14 0.0025 1 1 2.5 0.005 248 5 1 -2.45137e-17 
0.12375 -3.77296e-15 -1.13687e-13 0.0025 1 1 2.5 0.005 249 3 1 1.27898e-17 
0.12625 4.16255e-15 -1.13687e-13 0.0025 1 1 2.5 0.005 250 3 1 1.38556e-17 
0.12875 4.62716e-16 1.13687e-13 0.0025 1 1 2.5 0.005 251 5 1 -2.66454e-17 
0.13125 -3.17498e-16 3.41061e-13 0.0025 1 1 2.5 0.005 252 5 1 1.84741e-17 
0.13375 -2.77316e-15 1.7053e-13 0.0025 1 1 2.5 0.005 253 5 1 -1.59872e-17 
0.13625 3.529e-15 -8.52651e-13 0.0025 1 1 2.5 0.005 254 5 1 1.49214e-17 
0.13875 1.89326e-15 -6.25278e-13 0.0025 1 1 2.5 0.005 255 5 1 -1.74083e-17 
0.14125 4.39752e-15 4.54747e-13 0.0025 1 1 2.5 0.005 256 5 1 3.55271e-18 
0.14375 1.46662e-15 3.41061e-13 0.0025 1 1 2.5 0.005 257 5 1 -2.13163e-18 
0.14625 7.33833e-16 1.7053e-13 0.0025 1 1 2.5 0.005 258 5 1 -1.42109e-18 
0.14875 1.79569e-16 5.68434e-14 0.0025 1 1 2.5 0.005 259 5 1 -1.42109e-18 
0.15125 9.01856e-47 4.48416e-44 0.0025 1 1 2.5 0.005 260 5 1 -1.42109e-18 
0.15375 0 0 0.0025 1 1 2.5 0.005 261 5 1 -1.42109e-18 
0.15625 0 0 0.0025 1 1 2.5 0.005 262 5 1 -1.42109e-18 
0.15875 0 0 0.0025 1 1 2.5 0.005 263 5 1 -1.42109e-18 
0.16125 0 0 0.0025 1 1 2.5 0.005 264 5 1 -1.42109e-18 
0.16375 0 0 0.0025 1 1 2.5 0.005 265 5 1 -1.42109e-18 
0.16625 0 0 0.0025 1 1 2.5 0.005 266 5 1 -1.42109e-18 
0.16875 0 0 0.0025 1 1 2.5 0.005 267 5 1 -1.42109e-18 
0.17125 0 0 0.0025 1 1 2.5 0.005 268 5 1 -1.42109e-18 
0.17375 0 0 0.0025 1 1 2.5 0.005 269 5 1 -1.42109e-18 
0.17625 0 0 0.0025 1 1 2.5 0.005 270 5 1 -1.42109e-18 
0.17875 0 0 0.0025 1 1 2.5 0.005 271 5 1 -1.42109e-18 
0.18125 0 0 0.0025 1 1 2.5 0.005 272 5 1 -1.42109e-18 
0.18375 0 0 0.0025 1 1 2.5 0.005 273 5 1 -1.42109e-18 
0.18625 0 0 0.0025 1 1 2.5 0.005 274 5 1 -1.42109e-18 
0.18875 0 0 0.0025 1 1 2.5 0.005 275 5 1 -1.42109e-18 
0.19125 0 0 0.0025 1 1 2.5 0.005 276 5 1 -1.42109e-18 
0.19375 0 0 0.0025 1 1 2.5 0.005 277 5 1 -1.42109e-18 
0.19625 0 0 0.0025 1 1 2.5 0.005 278 5 1 -1.42109e-18 
0.19875 0 0 0.0025 1 1 2.5 0.005 279 5 1 -1.42109e-18 
0.20125 0 0 0.0025 1 1 2.5 0.005 280 5 1 -1.42109e-18 
0.20375 0 0 0.0025 1 1 2.5 0.005 281 5 1 -1.42109e-18 
0.20625 0 0 0.0025 1 1 2.5 0.005 282 5 1 -1.42109e-18 
0.20875 0 0 0.0025 1 1 2.5 0.005 283 5 1 -1.42109e-18 
0.21125 0 0 0.0025 1 1 2.5 0.005 284 5 1 -1.42109e-18 
0.21375 0 0 0.0025 1 1 2.5 0.005 285 5 1 -1.42109e-18 
0.21625 0 0 0.0025 1 1 2.5 0.005 286 5 1 -1.42109e-18 
0.21875 -4.83877e-47 -3.36312e-44 0.0025 1 1 2.5 0.005 287 5 1 -1.42109e-18 
0.22125 -6.54116e-17 -3.36312e-44 0.0025 1 1 2.5 0.005 288 5 1 -1.42109e-18 
0.22375 -2.28105e-16 -1.13687e-13 0.0025 1 1 2.5 0.005 289 5 1 -1.42109e-18 
0.22625 -5.38246e-16 -1.7053e-13 0.0025 1 1 2.5 0.005 290 5 1 -1.42109e-18 
0.22875 -2.34913e-15 -6.82121e-13 0.0025 1 1 2.5 0.005 291 5 1 2.84217e-18 
0.23125 -2.83392e-15 -2.27374e-13 0.0025 1 1 2.5 0.005 292 5 1 -1.20792e-17 
0.23375 -7.2059e-15 -2.84217e-13 0.0025 1 1 2.5 0.005 293 5 1 1.38556e-17 
0.23625 -3.93613e-15 6.25278e-13 0.0025 1 1 2.5 0.005 294 5 1 -2.8777e-17 
0.23875 -6.85873e-15 9.66338e-13 0.0025 1 1 2.5 0.005 295 5 1 2.70006e-17 
0.24125 5.84109e-15 1.13687e-13 0.0025 1 1 2.5 0.005 296 5 1 -3.2685e-17 
0.24375 8.87285e-16 -5.68434e-14 0.0025 1 1 2.5 0.005 297 5 1 3.83693e-17 
0.24625 -7.0247e-16 5.68434e-14 0.0025 1 1 2.5 0.005 298 5 1 -4.90274e-17 
0.24875 -7.1381e-15 -1.13687e-13 0.0025 1 1 2.5 0.005 299 4 1 2.66454e-17 
0.25125 7.17156e-15 1.13687e-13 0.0025 1 1 2.5 0.005 300 4 1 2.66454e-17 
0.25375 7.65982e-16 -5.68434e-14 0.0025 1 1 2.5 0.005 301 5 1 -4.90274e-17 
0.25625 -8.84961e-16 5.68434e-14 0.0025 1 1 2.5 0.005 302 5 1 3.83693e-17 
0.25875 -5.84252e-15 4.25995e-43 0.0025 1 1 2.5 0.005 303 5 1 -3.2685e-17 
0.26125 6.48575e-15 -1.02318e-12 0.0025 1 1 2.5 0.005 304 5 1 2.70006e-17 
0.26375 3.85511e-15 -6.82121e-13 0.0025 1 1 2.5 0.005 305 5 1 -2.8777e-17 
0.26625 7.0904e-15 2.27374e-13 0.0025 1 1 2.5 0.005 306 5 1 1.49214e-17 
0.26875 2.96506e-15 3.41061e-13 0.0025 1 1 2.5 0.005 307 5 1 -1.35003e-17 
0.27125 2.57764e-15 5.68434e-13 0.0025 1 1 2.5 0.005 308 5 1 3.90799e-18 
0.27375 4.73447e-16 2.84217e-13 0.0025 1 1 2.5 0.005 309 5 1 -2.13163e-18 
0.27625 1.79826e-16 1.7053e-13 0.0025 1 1 2.5 0.005 310 5 1 -1.42109e-18 
0.27875 5.80271e-47 4.48416e-44 0.0025 1 1 2.5 0.005 311 5 1 -1.42109e-18 
0.28125 0 0 0.0025 1 1 2.5 0.005 312 5 1 -1.42109e-18 
0.28375 0 0 0.0025 1 1 2.5 0.005 313 5 1 -1.42109e-18 
0.28625 0 0 0.0025 1 1 2.5 0.005 314 5 1 -1.42109e-18 
0.28875 0 0 0.0025 1 1 2.5 0.005 315 5 1 -1.42109e-18 
0.29125 0 0 0.0025 1 1 2.5 0.005 316 5 1 -1.42109e-18 
0.29375 0 0 0.0025 1 1 2.5 0.005 317 5 1 -1.42109e-18 
0.29625 0 0 0.0025 1 1 2.5 0.005 318 5 1 -1.42109e-18 
0.29875 0 0 0.0025 1 1 2.5 0.005 319 5 1 -1.42109e-18 
0.30125 0 0 0.0025 1 1 2.5 0.005 320 5 1 -1.42109e-18 
0.30375 0 0 0.0025 1 1 2.5 0.005 321 5 1 -1.42109e-18 
0.30625 0 0 0.0025 1 1 2.5 0.005 322 5 1 -1.42109e-18 
0.30875 0 0 0.0025 1 1 2.5 0.005 323 5 1 -1.42109e-18 
0.31125 0 0 0.0025 1 1 2.5 0.005 324 5 1 -1.42109e-18 
0.31375 0 0 0.0025 1 1 2.5 0.005 325 5 1 -1.42109e-18 
0.31625 0 0 0.0025 1 1 2.5 0.005 326 5 1 -1.42109e-18 
0.31875 0 0 0.0025 1 1 2.5 0.005 327 5 1 -1.42109e-18 
0.32125 0 0 0.0025 1 1 2.5 0.005 328 5 1 -1.42109e-18 
0.32375 0 0 0.0025 1 1 2.5 0.005 329 5 1 -1.42109e-18 
0.32625 0 0 0.0025 1 1 2.5 0.005 330 5 1 -1.42109e-18 
0.32875 0 0 0.0025 1 1 2.5 0.005 331 5 1 -1.42109e-18 
0.33125 0 0 0.0025 1 1 2.5 0.005 332 5 1 -1.42109e-18 
0.33375 0 0 0.0025 1 1 2.5 0.005 333 5 1 -1.42109e-18 
0.33625 0 0 0.0025 1 1 2.5 0.005 334 5 1 -1.42109e-18 
0.33875 0 0 0.0025 1 1 2.5 0.005 335 5 1 -1.42109e-18 
0.34125 0 0 0.0025 1 1 2.5 0.005 336 5 1 -1.42109e-18 
0.34375 0 0 0.0025 1 1 2.5 0.005 337 5 1 -1.42109e-18 
0.34625 0 0 0.0025 1 1 2.5 0.005 338 5 1 -1.42109e-18 
0.34875 0 0 0.0025 1 1 2.5 0.005 339 5 1 -1.42109e-18 
0.35125 0 0 0.0025 1 1 2.5 0.005 340 5 1 -1.42109e-18 
0.35375 0 0 0.0025 1 1 2.5 0.005 341 5 1 -1.42109e-18 
0.35625 0 0 0.0025 1 1 2.5 0.005 342 5 1 -1.42109e-18 
0.35875 0 0 0.0025 1 1 2.5 0.005 343 5 1 -1.42109e-18 
0.36125 0 0 0.0025 1 1 2.5 0.005 344 5 1 -1.42109e-18 
0.36375 0 0 0.0025 1 1 2.5 0.005 345 5 1 -1.42109e-18 
0.36625 0 0 0.0025 1 1 2.5 0.005 346 5 1 -1.42109e-18 
0.36875 0 0 0.0025 1 1 2.5 0.005 347 5 1 -1.42109e-18 
0.37125 0 0 0.0025 1 1 2.5 0.005 348 5 1 -1.42109e-18 
0.37375 0 0 0.0025 1 1 2.5 0.005 349 5 1 -1.42109e-18 
0.37625 0 0 0.0025 1 1 2.5 0.005 350 5 1 -1.42109e-18 
0.37875 0 0 0.0025 1 1 2.5 0.005 351 5 1 -1.42109e-18 
0.38125 0 0 0.0025 1 1 2.5 0.005 352 5 1 -1.42109e-18 
0.38375 0 0 0.0025 1 1 2.5 0.005 353 5 1 -1.42109e-18 
0.38625 0 0 0.0025 1 1 2.5 0.005 354 5 1 -1.42109e-18 
0.38875 0 0 0.0025 1 1 2.5 0.005 355 5 1 -1.42109e-18 
0.39125 0 0 0.0025 1 1 2.5 0.005 356 5 1 -1.42109e-18 
0.39375 0 0 0.0025 1 1 2.5 0.005 357 5 1 -1.42109e-18 
0.39625 0 0 0.0025 1 1 2.5 0.005 358 5 1 -1.42109e-18 
0.39875 -3.54979e-47 -5.60519e-44 0.0025 1 1 2.5 0.005 359 5 1 -1.42109e-18 
0.40125 -1.30917e-16 -2.27374e-13 0.0025 1 1 2.5 0.005 360 5 1 -1.42109e-18 
0.40375 -3.59554e-16 3.9443e-29 0.0025 1 1 2.5 0.005 361 5 1 -3.19744e-18 
0.40625 4.25653e-15 9.54969e-12 0.0025 1 1 2.5 0.005 362 5 1 -6.39488e-18 
0.40875 2.33271e-14 5.68434e-14 0.0025 1 1 2.5 0.005 363 4 1 1.34648e-16 
0.41125 -2.27252e-13 -5.05679e-10 0.0025 1 1 2.5 0.005 364 4 1 5.32552e-16 
0.41375 -1.82051e-12 -1.98355e-09 0.0025 1 1 2.5 0.005 365 3 1 -1.91136e-16 
0.41625 -3.9274e-12 -1.45121e-10 0.0025 1 1 2.5 0.005 366 4 1 -1.23961e-14 
0.41875 1.85173e-11 4.21438e-08 0.0025 1 1 2.5 0.005 367 5 1 -4.07141e-15 
0.42125 8.70804e-11 -8.59717e-09 0.0025 1 1 2.5 0.005 368 4 1 2.95402e-13 
0.42375 -4.28123e-10 -8.92834e-07 0.0025 1 1 2.5 0.005 369 4 1 1.24873e-12 
0.42625 -3.57511e-09 -3.88817e-06 0.0025 1 1 2.5 0.005 370 4 1 1.44747e-12 
0.42875 -1.0779e-08 -4.69271e-06 0.0025 1 1 2.5 0.005 371 3 1 -1.2786e-11 
0.43125 6.75854e-10 3.25991e-05 0.0025 1 1 2.5 0.005 372 4 1 -5.01543e-11 
0.43375 1.40686e-07 0.000144804 0.0025 1 1 2.5 0.005 373 5 1 1.96399e-10 
0.43625 -2.79161e-08 -0.000554895 0.0025 1 1 2.5 0.005 374 4 1 1.24678e-09 
0.43875 -2.44617e-06 -0.00301111 0.0025 1 1 2.5 0.00499999 375 4 1 3.3198e-09 
0.44125 -1.12567e-05 -0.00850951 0.0025 1.00001 1.00001 2.50001 0.00499996 376 4 1 2.78387e-09 
0.44375 -2.68825e-05 -0.00778914 0.0025 1.00002 1.00002 2.50002 0.00499992 377 3 1 -2.20648e-08 
0.44625 -1.31605e-05 0.0432477 0.0025 0.99999 0.999983 2.49999 0.00500005 378 4 1 -7.78485e-08 
0.44875 0.000181126 0.181054 0.0025 0.999899 0.99987 2.4999 0.0050005 379 5 1 2.00877e-07 
0.45125 7.27861e-05 -0.484694 0.0025 1.00011 1.0002 2.50008 0.00499947 380 4 1 1.18812e-06 
0.453749 -0.00191154 -2.21325 0.0025 1.00173 1.00256 2.50166 0.00499136 381 4 1 3.5219e-06 
0.456242 -0.00870464 -5.99206 0.0025 1.00688 1.00991 2.50677 0.00496584 382 4 1 7.77831e-06 
0.458715 -0.0238495 -11.0224 0.0025 1.01804 1.02573 2.51797 0.00491138 383 4 1 1.13631e-05 
0.461153 -0.047468 -13.9061 0.0025 1.03559 1.05051 2.53562 0.00482816 384 4 1 7.21032e-06 
0.463544 -0.0727407 -11.463 0.0025 1.05474 1.07725 2.55479 0.00474052 385 4 1 -1.06362e-05 
0.465894 -0.0852903 1.45986 0.0025 1.06095 1.08496 2.56155 0.00471277 386 3 1 -3.34504e-05 
0.468257 -0.0484845 39.8597 0.0025 1.02744 1.0383 2.52961 0.00486648 387 4 1 -2.93357e-05 
0.470765 0.0477711 46.5249 0.0025 0.959781 0.945759 2.46117 0.00520952 388 4 1 6.21998e-05 
0.473476 0.13264 31.0263 0.0025 0.892343 0.853901 2.38995 0.00560323 389 4 1 8.43953e-05 
0.476377 0.212494 33.1526 0.0025 0.829665 0.77099 2.3218 0.00602653 390 4 1 6.48836e-05 
0.479514 0.309649 36.1653 0.0025 0.763569 0.686956 2.24624 0.0065482 391 4 1 8.52617e-05 
0.482942 0.412786 31.7742 0.0025 0.6992 0.607696 2.16842 0.00715103 392 4 1 0.000105837 
0.486684 0.50527 22.8049 0.0025 0.645066 0.542995 2.09944 0.00775114 393 4 1 0.000101982 
0.490708 0.570138 10.8499 0.0025 0.607637 0.499154 2.04963 0.0082286 394 4 1 7.01018e-05 
0.494919 0.600137 4.67281 0.0025 0.586118 0.473769 2.02054 0.0085307 395 4 1 1.99759e-05 
0.49924 0.634122 14.1038 0.0025 0.564353 0.449678 1.99096 0.0088597 396 4 1 1.58004e-05 
0.503784 0.692404 6.18452 0.0025 0.544806 0.427989 1.96342 0.00917757 397 4 1 2.32508e-05 
0.508419 0.678763 -6.7015 0.0025 0.529168 0.418019 1.93883 0.0094488 398 4 1 0.000197359 
0.513237 0.662044 3.2335 0.0025 0.504612 0.42443 2.14143 0.0099086 399 4 1 -0.000156275 
0.518337 0.672556 1.43812 0.0025 0.467934 0.405487 2.12765 0.0106853 400 4 1 0.000263885 
0.523951 0.628638 4.53555 0.0025 0.426398 0.394688 2.38126 0.0117261 401 4 1 -0.000218011 
0.530097 0.594838 8.1181 0.0025 0.38924 0.35024 2.24756 0.0128456 402 4 1 6.36693e-05 
0.536834 0.416115 39.4842 0.0025 0.335754 0.281968 2.08342 0.0148919 403 4 1 0.000122484 
0.54521 0.137136 37.993 0.0025 0.279354 0.214947 1.89612 0.0178985 404 4 1 0.000397205 
0.554919 -0.00186462 9.06266 0.0025 0.253145 0.184193 1.80529 0.0197516 405 4 1 0.000186342 
0.564984 -0.00827653 -2.34358 0.0025 0.248979 0.178722 1.79205 0.020082 406 5 1 1.72651e-05 
0.575002 -0.000235684 -0.376823 0.0025 0.249787 0.179259 1.79439 0.0200171 407 4 1 -1.47425e-06 
0.585001 0.000217019 0.032447 0.0025 0.250019 0.179508 1.79505 0.0199985 408 3 1 -5.61301e-07 
0.595 5.55713e-05 0.0193037 0.0025 0.25001 0.17951 1.79503 0.0199992 409 4 1 3.1408e-09 
0.605 4.99905e-06 0.00302512 0.0025 0.250002 0.179502 1.795 0.0199999 410 4 1 1.64451e-08 
0.615 -4.86533e-07 4.03613e-05 0.0025 0.25 0.1795 1.795 0.02 411 4 1 3.37028e-09 
0.625 -1.34267e-07 -6.69402e-05 0.0025 0.25 0.1795 1.795 0.02 412 5 1 2.1767e-10 
0.635 -7.24182e-10 -3.92684e-06 0.0025 0.25 0.1795 1.795 0.02 413 4 1 -4.37099e-11 
0.645 2.21717e-09 7.1424e-07 0.0025 0.25 0.1795 1.795 0.02 414 3 1 -6.54009e-12 
0.655 3.85881e-10 1.9885e-07 0.0025 0.25 0.1795 1.795 0.02 415 4 1 8.13467e-14 
0.665 2.26149e-11 1.84874e-08 0.0025 0.25 0.1795 1.795 0.02 416 4 1 1.15072e-13 
0.675 -2.47188e-12 -5.16138e-10 0.0025 0.25 0.1795 1.795 0.02 417 4 1 1.66844e-14 
0.685 -4.34293e-13 -2.90697e-10 0.0025 0.25 0.1795 1.795 0.02 418 5 1 7.4305e-16 
0.695 2.69603e-16 -9.49285e-12 0.0025 0.25 0.1795 1.795 0.02 419 4 1 -1.36424e-16 
0.705 3.64191e-15 1.93268e-12 0.0025 0.25 0.1795 1.795 0.02 420 4 1 -1.56319e-17 
0.715 4.24755e-16 3.12639e-13 0.0025 0.25 0.1795 1.795 0.02 421 5 1 -1.42109e-18 
0.725 3.27079e-17 2.84217e-14 0.0025 0.25 0.1795 1.795 0.02 422 5 1 -1.42109e-18 
0.735 6.45049e-48 5.60519e-45 0.0025 0.25 0.1795 1.795 0.02 423 5 1 -1.42109e-18 
0.745 0 0 0.0025 0.25 0.1795 1.795 0.02 424 5 1 -1.42109e-18 
0.755 0 0 0.0025 0.25 0.1795 1.795 0.02 425 5 1 -1.42109e-18 
0.765 0 0 0.0025 0.25 0.1795 1.795 0.02 426 5 1 -1.42109e-18 
0.775 0 0 0.0025 0.25 0.1795 1.795 0.02 427 5 1 -1.42109e-18 
0.785 0 0 0.0025 0.25 0.1795 1.795 0.02 428 5 1 -1.42109e-18 
0.795 0 0 0.0025 0.25 0.1795 1.795 0.02 429 5 1 -1.42109e-18 
0.805 0 0 0.0025 0.25 0.1795 1.795 0.02 430 5 1 -1.42109e-18 
0.815 0 0 0.0025 0.25 0.1795 1.795 0.02 431 5 1 -1.42109e-18 
0.825 0 0 0.0025 0.25 0.1795 1.795 0.02 432 5 1 -1.42109e-18 
0.835 0 0 0.0025 0.25 0.1795 1.795 0.02 433 5 1 -1.42109e-18 
0.845 0 0 0.0025 0.25 0.1795 1.795 0.02 434 5 1 -1.42109e-18 
0.855 0 0 0.0025 0.25 0.1795 1.795 0.02 435 5 1 -1.42109e-18 
0.865 0 0 0.0025 0.25 0.1795 1.795 0.02 436 5 1 -1.42109e-18 
0.875 0 0 0.0025 0.25 0.1795 1.795 0.02 437 5 1 -1.42109e-18 
0.885 0 0 0.0025 0.25 0.1795 1.795 0.02 438 5 1 -1.42109e-18 
0.895 0 0 0.0025 0.25 0.1795 1.795 0.02 439 5 1 -1.42109e-18 
0.905 0 0 0.0025 0.25 0.1795 1.795 0.02 440 5 1 -1.42109e-18 
0.915 0 0 0.0025 0.25 0.1795 1.795 0.02 441 5 1 -1.42109e-18 
0.925 0 0 0.0025 0.25 0.1795 1.795 0.02 442 5 1 -1.42109e-18 
0.935 0 0 0.0025 0.25 0.1795 1.795 0.02 443 5 1 -1.42109e-18 
0.945 -1.20645e-47 -2.8026e-45 0.0025 0.25 0.1795 1.795 0.02 444 5 1 -1.42109e-18 
0.955 -5.30512e-17 -1.42109e-14 0.0025 0.25 0.1795 1.795 0.02 445 5 1 -1.42109e-18 
0.965 -2.07595e-16 -4.26326e-14 0.0025 0.25 0.1795 1.795 0.02 446 5 1 -1.42109e-18 
0.975 -3.1003e-15 -3.41061e-13 0.0025 0.25 0.1795 1.795 0.02 447 5 1 6.75016e-18 
0.985 -3.01438e-15 -8.52651e-14 0.0025 0.25 0.1795 1.795 0.02 448 5 1 -2.62901e-17 
0.995 -1.51526e-14 1.27898e-13 0.0025 0.25 0.1795 1.795 0.02 449 4 1 1.7053e-17 
1.005 1.51526e-14 -1.27898e-13 0.0025 0.25 0.1795 1.795 0.02 450 4 1 1.7053e-17 
1.015 2.99811e-15 8.52651e-14 0.0025 0.25 0.1795 1.795 0.02 451 5 1 -2.62901e-17 
1.025 3.08405e-15 3.41061e-13 0.0025 0.25 0.1795 1.795 0.02 452 5 1 6.75016e-18 
1.035 2.07613e-16 4.26326e-14 0.0025 0.25 0.1795 1.795 0.02 453 5 1 -1.42109e-18 
1.045 6.11741e-17 1.42109e-14 0.0025 0.25 0.1795 1.795 0.02 454 5 1 -1.42109e-18 
1.055 1.20645e-47 2.8026e-45 0.0025 0.25 0.1795 1.795 0.02 455 5 1 -1.42109e-18 
1.065 0 0 0.0025 0.25 0.1795 1.795 0.02 456 5 1 -1.42109e-18 
1.075 0 0 0.0025 0.25 0.1795 1.795 0.02 457 5 1 -1.42109e-18 
1.085 0 0 0.0025 0.25 0.1795 1.795 0.02 458 5 1 -1.42109e-18 
1.095 0 0 0.0025 0.25 0.1795 1.795 0.02 459 5 1 -1.42109e-18 
1.105 0 0 0.0025 0.25 0.1795 1.795 0.02 460 5 1 -1.42109e-18 
1.115 0 0 0.0025 0.25 0.1795 1.795 0.02 461 5 1 -1.42109e-18 
1.125 0 0 0.0025 0.25 0.1795 1.795 0.02 462 5 1 -1.42109e-18 
1.135 0 0 0.0025 0.25 0.1795 1.795 0.02 463 5 1 -1.42109e-18 
1.145 0 0 0.0025 0.25 0.1795 1.795 0.02 464 5 1 -1.42109e-18 
1.155 0 0 0.0025 0.25 0.1795 1.795 0.02 465 5 1 -1.42109e-18 
1.165 0 0 0.0025 0.25 0.1795 1.795 0.02 466 5 1 -1.42109e-18 
1.175 0 0 0.0025 0.25 0.1795 1.795 0.02 467 5 1 -1.42109e-18 
1.185 0 0 0.0025 0.25 0.1795 1.795 0.02 468 5 1 -1.42109e-18 
1.195 0 0 0.0025 0.25 0.1795 1.795 0.02 469 5 1 -1.42109e-18 
1.205 0 0 0.0025 0.25 0.1795 1.795 0.02 470 5 1 -1.42109e-18 
1.215 0 0 0.0025 0.25 0.1795 1.795 0.02 471 5 1 -1.42109e-18 
1.225 0 0 0.0025 0.25 0.1795 1.795 0.02 472 5 1 -1.42109e-18 
1.235 0 0 0.0025 0.25 0.1795 1.795 0.02 473 5 1 -1.42109e-18 
1.245 0 0 0.0025 0.25 0.1795 1.795 0.02 474 5 1 -1.42109e-18 
1.255 0 0 0.0025 0.25 0.1795 1.795 0.02 475 5 1 -1.42109e-18 
1.265 -4.83797e-48 -5.60519e-45 0.0025 0.25 0.1795 1.795 0.02 476 5 1 -1.42109e-18 
1.275 -2.45314e-17 -2.84217e-14 0.0025 0.25 0.1795 1.795 0.02 477 5 1 -1.42109e-18 
1.285 -4.16704e-16 -3.12639e-13 0.0025 0.25 0.1795 1.795 0.02 478 5 1 -1.06581e-18 
1.295 -3.49502e-15 -1.90425e-12 0.0025 0.25 0.1795 1.795 0.02 479 4 1 -1.59872e-17 
1.305 -1.17196e-15 9.4218e-12 0.0025 0.25 0.1795 1.795 0.02 480 4 1 -1.3447e-16 
1.315 4.38481e-13 2.91038e-10 0.0025 0.25 0.1795 1.795 0.02 481 5 1 7.41807e-16 
1.325 2.45293e-12 5.14092e-10 0.0025 0.25 0.1795 1.795 0.02 482 4 1 1.66683e-14 
1.335 -2.26115e-11 -1.84845e-08 0.0025 0.25 0.1795 1.795 0.02 483 4 1 1.15108e-13 
1.345 -3.85824e-10 -1.98848e-07 0.0025 0.25 0.1795 1.795 0.02 484 4 1 8.13397e-14 
1.355 -2.21722e-09 -7.14246e-07 0.0025 0.25 0.1795 1.795 0.02 485 3 1 -6.54013e-12 
1.365 7.24165e-10 3.92684e-06 0.0025 0.25 0.1795 1.795 0.02 486 4 1 -4.37099e-11 
1.375 1.34267e-07 6.69403e-05 0.0025 0.25 0.1795 1.795 0.02 487 5 1 2.1767e-10 
1.385 4.86533e-07 -4.03613e-05 0.0025 0.25 0.1795 1.795 0.02 488 4 1 3.37028e-09 
1.395 -4.99905e-06 -0.00302512 0.0025 0.250002 0.179502 1.795 0.0199999 489 4 1 1.64451e-08 
1.405 -5.55713e-05 -0.0193037 0.0025 0.25001 0.17951 1.79503 0.0199992 490 4 1 3.1408e-09 
1.415 -0.000217019 -0.032447 0.0025 0.250019 0.179508 1.79505 0.0199985 491 3 1 -5.61301e-07 
1.425 0.000235684 0.376823 0.0025 0.249787 0.179259 1.79439 0.0200171 492 4 1 -1.47425e-06 
1.43502 0.00827653 2.34358 0.0025 0.248979 0.178722 1.79205 0.020082 493 5 1 1.72651e-05 
1.44508 0.00186462 -9.06266 0.0025 0.253145 0.184193 1.80529 0.0197516 494 4 1 0.000186342 
1.45479 -0.137136 -37.993 0.0025 0.279354 0.214947 1.89612 0.0178985 495 4 1 0.000397205 
1.46317 -0.416115 -39.4842 0.0025 0.335754 0.281968 2.08342 0.0148919 496 4 1 0.000122484 
1.4699 -0.594838 -8.1181 0.0025 0.38924 0.35024 2.24756 0.0128456 497 4 1 6.36693e-05 
1.47605 -0.628638 -4.53555 0.0025 0.426398 0.394688 2.38126 0.0117261 498 4 1 -0.000218011 
1.48166 -0.672556 -1.43812 0.0025 0.467934 0.405487 2.12765 0.0106853 499 4 1 0.000263885 
