# Time [s]: 0.0272209
# Columns: pos [m], vel [m/s], acc [m/s^2], mass [kg], dens [kg/m^3], pres [Pa], ene [J/kg], sml [m], id, neighbor, alpha, gradh, ...additional?
1.48406 -0.676864 -2.38386 0.0025 0.50496 0.425293 2.14188 0.00990177 0 4 1 -0.000130171 
1.48887 -0.671251 -0.806186 0.0025 0.534133 0.42276 1.94605 0.00936096 1 4 1 0.000166144 
1.49343 -0.680756 5.48343 0.0025 0.542566 0.424976 1.96019 0.00921548 2 4 1 -1.07416e-05 
1.49808 -0.687094 -6.92804 0.0025 0.545174 0.429091 1.96337 0.00917138 3 4 1 4.17755e-05 
-0.497399 -0.634889 -12.6578 0.0025 0.565658 0.450883 1.99217 0.00883926 4 4 1 1.44176e-05 
-0.493073 -0.598424 -6.14228 0.0025 0.586395 0.474041 2.02071 0.00852668 5 4 1 1.74234e-05 
-0.48887 -0.568653 -9.58492 0.0025 0.606993 0.498118 2.04868 0.00823733 6 4 1 5.16715e-05 
-0.484831 -0.514009 -18.7345 0.0025 0.638895 0.535422 2.09119 0.00782601 7 4 1 7.83506e-05 
-0.481034 -0.435982 -25.9724 0.0025 0.684407 0.589485 2.14968 0.0073056 8 4 1 8.58318e-05 
-0.477512 -0.347398 -30.446 0.0025 0.739318 0.656524 2.21712 0.00676299 9 4 1 8.11681e-05 
-0.474257 -0.257279 -32.6486 0.0025 0.798868 0.731326 2.28691 0.00625886 10 4 1 6.10396e-05 
-0.471241 -0.17526 -28.3853 0.0025 0.856969 0.806323 2.35178 0.00583452 11 4 1 4.25772e-05 
-0.468415 -0.110526 -24.8543 0.0025 0.909727 0.876908 2.40816 0.00549615 12 4 1 6.33947e-05 
-0.46574 -0.041029 -39.9086 0.0025 0.96674 0.955156 2.46787 0.00517202 13 4 1 5.60849e-05 
-0.463236 0.045024 -37.7031 0.0025 1.02721 1.03813 2.52909 0.00486754 14 4 1 -2.24308e-05 
-0.460868 0.0825218 -3.06417 0.0025 1.05967 1.08327 2.56019 0.00471844 15 3 1 -3.10552e-05 
-0.458518 0.0731514 9.55629 0.0025 1.05572 1.0786 2.5557 0.00473609 16 4 1 -1.11046e-05 
-0.456132 0.0506841 12.6233 0.0025 1.03837 1.05439 2.53838 0.00481524 17 4 1 4.82273e-06 
-0.453702 0.0280124 10.9095 0.0025 1.0212 1.03015 2.52115 0.0048962 18 4 1 9.89564e-06 
-0.451235 0.0119027 6.72111 0.0025 1.00922 1.01321 2.50913 0.00495431 19 4 1 7.83694e-06 
-0.448747 0.00355831 2.98618 0.0025 1.00295 1.00429 2.50288 0.00498529 20 4 1 4.09504e-06 
-0.44625 0.000485363 0.886678 0.0025 1.00053 1.00082 2.5005 0.00499734 21 4 1 1.62685e-06 
-0.44375 -0.000184128 0.0528516 0.0025 0.999948 0.999949 2.49994 0.00500026 22 5 1 4.62522e-07 
-0.44125 -4.39754e-05 -0.0977617 0.0025 0.999957 0.999942 2.49996 0.00500022 23 4 1 4.10519e-09 
-0.43875 2.65166e-05 -0.0043716 0.0025 1.00001 1.00001 2.50001 0.00499995 24 4 1 -4.68129e-08 
-0.43625 1.78952e-05 0.00881096 0.0025 1.00001 1.00002 2.50001 0.00499994 25 3 1 -3.67623e-09 
-0.43375 6.01111e-06 0.00508186 0.0025 1 1.00001 2.5 0.00499998 26 4 1 3.40008e-09 
-0.43125 1.01961e-06 0.00153645 0.0025 1 1 2.5 0.005 27 4 1 2.12693e-09 
-0.42875 -1.19824e-07 0.000174876 0.0025 1 1 2.5 0.005 28 4 1 6.53168e-10 
-0.42625 -7.00354e-08 -0.000104049 0.0025 1 1 2.5 0.005 29 5 1 5.78796e-11 
-0.42375 9.81091e-09 -1.04266e-05 0.0025 1 1 2.5 0.005 30 4 1 -4.13058e-11 
-0.42125 8.86681e-09 5.39507e-06 0.0025 1 1 2.5 0.005 31 3 1 -4.60995e-12 
-0.41875 2.48393e-09 2.76373e-06 0.0025 1 1 2.5 0.005 32 4 1 1.72123e-12 
-0.41625 2.27194e-10 6.02137e-07 0.0025 1 1 2.5 0.005 33 4 1 9.914e-13 
-0.41375 -8.63754e-11 -3.25276e-08 0.0025 1 1 2.5 0.005 34 5 1 2.06033e-13 
-0.41125 -1.07226e-11 -3.15648e-08 0.0025 1 1 2.5 0.005 35 4 1 -1.50212e-14 
-0.40875 4.65093e-12 1.30541e-09 0.0025 1 1 2.5 0.005 36 3 1 -1.01625e-14 
-0.40625 1.86107e-12 1.98656e-09 0.0025 1 1 2.5 0.005 37 4 1 1.82609e-16 
-0.40375 2.46751e-13 4.99199e-10 0.0025 1 1 2.5 0.005 38 4 1 5.98988e-16 
-0.40125 -2.82043e-14 1.76215e-12 0.0025 1 1 2.5 0.005 39 4 1 1.41398e-16 
-0.39875 -4.63547e-15 -9.89075e-12 0.0025 1 1 2.5 0.005 40 5 1 -2.13163e-18 
-0.39625 2.29293e-16 -3.41061e-13 0.0025 1 1 2.5 0.005 41 5 1 -4.61853e-18 
-0.39375 1.80756e-16 2.84217e-13 0.0025 1 1 2.5 0.005 42 5 1 -1.42109e-18 
-0.39125 4.53676e-47 6.72623e-44 0.0025 1 1 2.5 0.005 43 5 1 -1.42109e-18 
-0.38875 0 0 0.0025 1 1 2.5 0.005 44 5 1 -1.42109e-18 
-0.38625 0 0 0.0025 1 1 2.5 0.005 45 5 1 -1.42109e-18 
-0.38375 0 0 0.0025 1 1 2.5 0.005 46 5 1 -1.42109e-18 
-0.38125 0 0 0.0025 1 1 2.5 0.005 47 5 1 -1.42109e-18 
-0.37875 0 0 0.0025 1 1 2.5 0.005 48 5 1 -1.42109e-18 
-0.37625 0 0 0.0025 1 1 2.5 0.005 49 5 1 -1.42109e-18 
-0.37375 0 0 0.0025 1 1 2.5 0.005 50 5 1 -1.42109e-18 
-0.37125 0 0 0.0025 1 1 2.5 0.005 51 5 1 -1.42109e-18 
-0.36875 0 0 0.0025 1 1 2.5 0.005 52 5 1 -1.42109e-18 
-0.36625 0 0 0.0025 1 1 2.5 0.005 53 5 1 -1.42109e-18 
-0.36375 0 0 0.0025 1 1 2.5 0.005 54 5 1 -1.42109e-18 
-0.36125 0 0 0.0025 1 1 2.5 0.005 55 5 1 -1.42109e-18 
-0.35875 0 0 0.0025 1 1 2.5 0.005 56 5 1 -1.42109e-18 
-0.35625 0 0 0.0025 1 1 2.5 0.005 57 5 1 -1.42109e-18 
-0.35375 0 0 0.0025 1 1 2.5 0.005 58 5 1 -1.42109e-18 
-0.35125 0 0 0.0025 1 1 2.5 0.005 59 5 1 -1.42109e-18 
-0.34875 0 0 0.0025 1 1 2.5 0.005 60 5 1 -1.42109e-18 
-0.34625 0 0 0.0025 1 1 2.5 0.005 61 5 1 -1.42109e-18 
-0.34375 0 0 0.0025 1 1 2.5 0.005 62 5 1 -1.42109e-18 
-0.34125 0 0 0.0025 1 1 2.5 0.005 63 5 1 -1.42109e-18 
-0.33875 0 0 0.0025 1 1 2.5 0.005 64 5 1 -1.42109e-18 
-0.33625 0 0 0.0025 1 1 2.5 0.005 65 5 1 -1.42109e-18 
-0.33375 0 0 0.0025 1 1 2.5 0.005 66 5 1 -1.42109e-18 
-0.33125 0 0 0.0025 1 1 2.5 0.005 67 5 1 -1.42109e-18 
-0.32875 0 0 0.0025 1 1 2.5 0.005 68 5 1 -1.42109e-18 
-0.32625 0 0 0.0025 1 1 2.5 0.005 69 5 1 -1.42109e-18 
-0.32375 0 0 0.0025 1 1 2.5 0.005 70 5 1 -1.42109e-18 
-0.32125 0 0 0.0025 1 1 2.5 0.005 71 5 1 -1.42109e-18 
-0.31875 0 0 0.0025 1 1 2.5 0.005 72 5 1 -1.42109e-18 
-0.31625 0 0 0.0025 1 1 2.5 0.005 73 5 1 -1.42109e-18 
-0.31375 0 0 0.0025 1 1 2.5 0.005 74 5 1 -1.42109e-18 
-0.31125 0 0 0.0025 1 1 2.5 0.005 75 5 1 -1.42109e-18 
-0.30875 0 0 0.0025 1 1 2.5 0.005 76 5 1 -1.42109e-18 
-0.30625 0 0 0.0025 1 1 2.5 0.005 77 5 1 -1.42109e-18 
-0.30375 0 0 0.0025 1 1 2.5 0.005 78 5 1 -1.42109e-18 
-0.30125 0 0 0.0025 1 1 2.5 0.005 79 5 1 -1.42109e-18 
-0.29875 0 0 0.0025 1 1 2.5 0.005 80 5 1 -1.42109e-18 
-0.29625 0 0 0.0025 1 1 2.5 0.005 81 5 1 -1.42109e-18 
-0.29375 0 0 0.0025 1 1 2.5 0.005 82 5 1 -1.42109e-18 
-0.29125 0 0 0.0025 1 1 2.5 0.005 83 5 1 -1.42109e-18 
-0.28875 0 0 0.0025 1 1 2.5 0.005 84 5 1 -1.42109e-18 
-0.28625 0 0 0.0025 1 1 2.5 0.005 85 5 1 -1.42109e-18 
-0.28375 0 0 0.0025 1 1 2.5 0.005 86 5 1 -1.42109e-18 
-0.28125 0 0 0.0025 1 1 2.5 0.005 87 5 1 -1.42109e-18 
-0.27875 0 0 0.0025 1 1 2.5 0.005 88 5 1 -1.42109e-18 
-0.27625 0 0 0.0025 1 1 2.5 0.005 89 5 1 -1.42109e-18 
-0.27375 0 0 0.0025 1 1 2.5 0.005 90 5 1 -1.42109e-18 
-0.27125 0 0 0.0025 1 1 2.5 0.005 91 5 1 -1.42109e-18 
-0.26875 0 0 0.0025 1 1 2.5 0.005 92 5 1 -1.42109e-18 
-0.26625 0 0 0.0025 1 1 2.5 0.005 93 5 1 -1.42109e-18 
-0.26375 0 0 0.0025 1 1 2.5 0.005 94 5 1 -1.42109e-18 
-0.26125 0 0 0.0025 1 1 2.5 0.005 95 5 1 -1.42109e-18 
-0.25875 0 0 0.0025 1 1 2.5 0.005 96 5 1 -1.42109e-18 
-0.25625 0 0 0.0025 1 1 2.5 0.005 97 5 1 -1.42109e-18 
-0.25375 0 0 0.0025 1 1 2.5 0.005 98 5 1 -1.42109e-18 
-0.25125 0 0 0.0025 1 1 2.5 0.005 99 5 1 -1.42109e-18 
-0.24875 0 0 0.0025 1 1 2.5 0.005 100 5 1 -1.42109e-18 
-0.24625 0 0 0.0025 1 1 2.5 0.005 101 5 1 -1.42109e-18 
-0.24375 0 0 0.0025 1 1 2.5 0.005 102 5 1 -1.42109e-18 
-0.24125 0 0 0.0025 1 1 2.5 0.005 103 5 1 -1.42109e-18 
-0.23875 0 0 0.0025 1 1 2.5 0.005 104 5 1 -1.42109e-18 
-0.23625 0 0 0.0025 1 1 2.5 0.005 105 5 1 -1.42109e-18 
-0.23375 0 0 0.0025 1 1 2.5 0.005 106 5 1 -1.42109e-18 
-0.23125 0 0 0.0025 1 1 2.5 0.005 107 5 1 -1.42109e-18 
-0.22875 0 0 0.0025 1 1 2.5 0.005 108 5 1 -1.42109e-18 
-0.22625 0 0 0.0025 1 1 2.5 0.005 109 5 1 -1.42109e-18 
-0.22375 0 0 0.0025 1 1 2.5 0.005 110 5 1 -1.42109e-18 
-0.22125 0 0 0.0025 1 1 2.5 0.005 111 5 1 -1.42109e-18 
-0.21875 0 0 0.0025 1 1 2.5 0.005 112 5 1 -1.42109e-18 
-0.21625 0 0 0.0025 1 1 2.5 0.005 113 5 1 -1.42109e-18 
-0.21375 0 0 0.0025 1 1 2.5 0.005 114 5 1 -1.42109e-18 
-0.21125 0 0 0.0025 1 1 2.5 0.005 115 5 1 -1.42109e-18 
-0.20875 0 0 0.0025 1 1 2.5 0.005 116 5 1 -1.42109e-18 
-0.20625 0 0 0.0025 1 1 2.5 0.005 117 5 1 -1.42109e-18 
-0.20375 0 0 0.0025 1 1 2.5 0.005 118 5 1 -1.42109e-18 
-0.20125 0 0 0.0025 1 1 2.5 0.005 119 5 1 -1.42109e-18 
-0.19875 0 0 0.0025 1 1 2.5 0.005 120 5 1 -1.42109e-18 
-0.19625 0 0 0.0025 1 1 2.5 0.005 121 5 1 -1.42109e-18 
-0.19375 0 0 0.0025 1 1 2.5 0.005 122 5 1 -1.42109e-18 
-0.19125 0 0 0.0025 1 1 2.5 0.005 123 5 1 -1.42109e-18 
-0.18875 0 0 0.0025 1 1 2.5 0.005 124 5 1 -1.42109e-18 
-0.18625 0 0 0.0025 1 1 2.5 0.005 125 5 1 -1.42109e-18 
-0.18375 0 0 0.0025 1 1 2.5 0.005 126 5 1 -1.42109e-18 
-0.18125 0 0 0.0025 1 1 2.5 0.005 127 5 1 -1.42109e-18 
-0.17875 0 0 0.0025 1 1 2.5 0.005 128 5 1 -1.42109e-18 
-0.17625 0 0 0.0025 1 1 2.5 0.005 129 5 1 -1.42109e-18 
-0.17375 0 0 0.0025 1 1 2.5 0.005 130 5 1 -1.42109e-18 
-0.17125 0 0 0.0025 1 1 2.5 0.005 131 5 1 -1.42109e-18 
-0.16875 0 0 0.0025 1 1 2.5 0.005 132 5 1 -1.42109e-18 
-0.16625 0 0 0.0025 1 1 2.5 0.005 133 5 1 -1.42109e-18 
-0.16375 0 0 0.0025 1 1 2.5 0.005 134 5 1 -1.42109e-18 
-0.16125 0 0 0.0025 1 1 2.5 0.005 135 5 1 -1.42109e-18 
-0.15875 0 0 0.0025 1 1 2.5 0.005 136 5 1 -1.42109e-18 
-0.15625 0 0 0.0025 1 1 2.5 0.005 137 5 1 -1.42109e-18 
-0.15375 0 0 0.0025 1 1 2.5 0.005 138 5 1 -1.42109e-18 
-0.15125 0 0 0.0025 1 1 2.5 0.005 139 5 1 -1.42109e-18 
-0.14875 0 0 0.0025 1 1 2.5 0.005 140 5 1 -1.42109e-18 
-0.14625 0 0 0.0025 1 1 2.5 0.005 141 5 1 -1.42109e-18 
-0.14375 0 0 0.0025 1 1 2.5 0.005 142 5 1 -1.42109e-18 
-0.14125 0 0 0.0025 1 1 2.5 0.005 143 5 1 -1.42109e-18 
-0.13875 0 0 0.0025 1 1 2.5 0.005 144 5 1 -1.42109e-18 
-0.13625 0 0 0.0025 1 1 2.5 0.005 145 5 1 -1.42109e-18 
-0.13375 0 0 0.0025 1 1 2.5 0.005 146 5 1 -1.42109e-18 
-0.13125 0 0 0.0025 1 1 2.5 0.005 147 5 1 -1.42109e-18 
-0.12875 0 0 0.0025 1 1 2.5 0.005 148 5 1 -1.42109e-18 
-0.12625 0 0 0.0025 1 1 2.5 0.005 149 5 1 -1.42109e-18 
-0.12375 0 0 0.0025 1 1 2.5 0.005 150 5 1 -1.42109e-18 
-0.12125 0 0 0.0025 1 1 2.5 0.005 151 5 1 -1.42109e-18 
-0.11875 0 0 0.0025 1 1 2.5 0.005 152 5 1 -1.42109e-18 
-0.11625 0 0 0.0025 1 1 2.5 0.005 153 5 1 -1.42109e-18 
-0.11375 0 0 0.0025 1 1 2.5 0.005 154 5 1 -1.42109e-18 
-0.11125 0 0 0.0025 1 1 2.5 0.005 155 5 1 -1.42109e-18 
-0.10875 0 0 0.0025 1 1 2.5 0.005 156 5 1 -1.42109e-18 
-0.10625 0 0 0.0025 1 1 2.5 0.005 157 5 1 -1.42109e-18 
-0.10375 0 0 0.0025 1 1 2.5 0.005 158 5 1 -1.42109e-18 
-0.10125 0 0 0.0025 1 1 2.5 0.005 159 5 1 -1.42109e-18 
-0.09875 0 0 0.0025 1 1 2.5 0.005 160 5 1 -1.42109e-18 
-0.09625 0 0 0.0025 1 1 2.5 0.005 161 5 1 -1.42109e-18 
-0.09375 0 0 0.0025 1 1 2.5 0.005 162 5 1 -1.42109e-18 
-0.09125 0 0 0.0025 1 1 2.5 0.005 163 5 1 -1.42109e-18 
-0.08875 0 0 0.0025 1 1 2.5 0.005 164 5 1 -1.42109e-18 
-0.08625 0 0 0.0025 1 1 2.5 0.005 165 5 1 -1.42109e-18 
-0.08375 0 0 0.0025 1 1 2.5 0.005 166 5 1 -1.42109e-18 
-0.08125 0 0 0.0025 1 1 2.5 0.005 167 5 1 -1.42109e-18 
-0.07875 0 0 0.0025 1 1 2.5 0.005 168 5 1 -1.42109e-18 
-0.07625 0 0 0.0025 1 1 2.5 0.005 169 5 1 -1.42109e-18 
-0.07375 0 0 0.0025 1 1 2.5 0.005 170 5 1 -1.42109e-18 
-0.07125 0 0 0.0025 1 1 2.5 0.005 171 5 1 -1.42109e-18 
-0.06875 0 0 0.0025 1 1 2.5 0.005 172 5 1 -1.42109e-18 
-0.06625 0 0 0.0025 1 1 2.5 0.005 173 5 1 -1.42109e-18 
-0.06375 0 0 0.0025 1 1 2.5 0.005 174 5 1 -1.42109e-18 
-0.06125 0 0 0.0025 1 1 2.5 0.005 175 5 1 -1.42109e-18 
-0.05875 0 0 0.0025 1 1 2.5 0.005 176 5 1 -1.42109e-18 
-0.05625 -1.06716e-46 -3.36312e-44 0.0025 1 1 2.5 0.005 177 5 1 -1.42109e-18 
-0.05375 -9.8293e-17 -1.13687e-13 0.0025 1 1 2.5 0.005 178 5 1 -1.42109e-18 
-0.05125 -2.28719e-16 1.13687e-13 0.0025 1 1 2.5 0.005 179 5 1 -1.42109e-18 
-0.04875 -3.58356e-16 -1.13687e-13 0.0025 1 1 2.5 0.005 180 5 1 -1.42109e-18 
-0.04625 -6.52114e-16 -1.12104e-44 0.0025 1 1 2.5 0.005 181 5 1 -1.42109e-18 
-0.04375 -9.08921e-16 -1.12104e-44 0.0025 1 1 2.5 0.005 182 5 1 -1.42109e-18 
-0.04125 -1.42901e-15 -1.12104e-44 0.0025 1 1 2.5 0.005 183 5 1 -1.42109e-18 
-0.03875 -1.97458e-15 -1.13687e-13 0.0025 1 1 2.5 0.005 184 5 1 -1.42109e-18 
-0.03625 -2.66619e-15 -5.52203e-28 0.0025 1 1 2.5 0.005 185 5 1 -1.42109e-18 
-0.03375 -3.89495e-15 -5.68434e-14 0.0025 1 1 2.5 0.005 186 4 1 -2.4869e-18 
-0.03125 -1.57067e-15 -1.7053e-13 0.0025 1 1 2.5 0.005 187 4 1 3.55271e-18 
-0.02875 -2.61169e-15 -2.27374e-13 0.0025 1 1 2.5 0.005 188 5 1 -4.26326e-18 
-0.02625 3.25661e-16 -8.96831e-44 0.0025 1 1 2.5 0.005 189 5 1 -7.10543e-19 
-0.02375 3.22323e-17 2.24208e-44 0.0025 1 1 2.5 0.005 190 5 1 -1.77636e-18 
-0.02125 6.35691e-16 5.68434e-14 0.0025 1 1 2.5 0.005 191 5 1 -1.77636e-18 
-0.01875 5.87601e-16 -9.86076e-30 0.0025 1 1 2.5 0.005 192 4 1 -7.10543e-19 
-0.01625 2.63097e-15 2.85962e-28 0.0025 1 1 2.5 0.005 193 4 1 6.24001e-33 
-0.01375 1.25574e-15 5.68434e-14 0.0025 1 1 2.5 0.005 194 4 1 3.77482e-33 
-0.01125 8.11994e-16 1.13687e-13 0.0025 1 1 2.5 0.005 195 3 1 0 
-0.00875 5.88325e-16 -1.13687e-13 0.0025 1 1 2.5 0.005 196 3 1 0 
-0.00625 4.29375e-16 1.13687e-13 0.0025 1 1 2.5 0.005 197 4 1 1.2326e-33 
-0.00375 4.03506e-17 -1.77494e-28 0.0025 1 1 2.5 0.005 198 4 1 3.55271e-19 
-0.00125 6.69016e-17 5.60519e-45 0.0025 1 1 2.5 0.005 199 3 1 -1.42109e-18 
0.00125 2.72626e-17 1.38051e-28 0.0025 1 1 2.5 0.005 200 4 1 3.55271e-19 
0.00375 -1.34396e-16 -1.13687e-13 0.0025 1 1 2.5 0.005 201 4 1 1.2326e-33 
0.00625 -2.99893e-16 -1.12104e-44 0.0025 1 1 2.5 0.005 202 5 1 -1.42109e-18 
0.00875 -8.14221e-16 -1.13687e-13 0.0025 1 1 2.5 0.005 203 3 1 0 
0.01125 -1.03993e-15 3.9443e-29 0.0025 1 1 2.5 0.005 204 3 1 0 
0.01375 -1.28802e-15 -5.68434e-14 0.0025 1 1 2.5 0.005 205 4 1 3.77482e-33 
0.01625 -2.62981e-15 -2.85962e-28 0.0025 1 1 2.5 0.005 206 4 1 6.24001e-33 
0.01875 -9.1497e-16 -1.13687e-13 0.0025 1 1 2.5 0.005 207 4 1 -7.10543e-19 
0.02125 -3.57786e-16 2.07076e-28 0.0025 1 1 2.5 0.005 208 5 1 -2.13163e-18 
0.02375 -3.90155e-16 5.60519e-44 0.0025 1 1 2.5 0.005 209 5 1 -7.10543e-19 
0.02625 2.28333e-15 1.13687e-13 0.0025 1 1 2.5 0.005 210 5 1 -3.55271e-18 
0.02875 1.45594e-15 1.13687e-13 0.0025 1 1 2.5 0.005 211 4 1 1.42109e-18 
0.03125 4.10563e-15 1.13687e-13 0.0025 1 1 2.5 0.005 212 4 1 -1.06581e-18 
0.03375 2.76253e-15 5.52203e-28 0.0025 1 1 2.5 0.005 213 5 1 -2.13163e-18 
0.03625 2.02596e-15 5.68434e-14 0.0025 1 1 2.5 0.005 214 5 1 -1.42109e-18 
0.03875 1.2835e-15 5.68434e-14 0.0025 1 1 2.5 0.005 215 5 1 -1.42109e-18 
0.04125 7.80288e-16 1.12104e-44 0.0025 1 1 2.5 0.005 216 5 1 -1.42109e-18 
0.04375 5.20808e-16 1.12104e-44 0.0025 1 1 2.5 0.005 217 5 1 -1.42109e-18 
0.04625 3.59336e-16 1.13687e-13 0.0025 1 1 2.5 0.005 218 5 1 -1.42109e-18 
0.04875 1.95695e-16 0 0.0025 1 1 2.5 0.005 219 5 1 -1.42109e-18 
0.05125 6.55991e-17 3.36312e-44 0.0025 1 1 2.5 0.005 220 5 1 -1.42109e-18 
0.05375 6.79565e-47 3.36312e-44 0.0025 1 1 2.5 0.005 221 5 1 -1.42109e-18 
0.05625 0 0 0.0025 1 1 2.5 0.005 222 5 1 -1.42109e-18 
0.05875 0 0 0.0025 1 1 2.5 0.005 223 5 1 -1.42109e-18 
0.06125 0 0 0.0025 1 1 2.5 0.005 224 5 1 -1.42109e-18 
0.06375 0 0 0.0025 1 1 2.5 0.005 225 5 1 -1.42109e-18 
0.06625 0 0 0.0025 1 1 2.5 0.005 226 5 1 -1.42109e-18 
0.06875 0 0 0.0025 1 1 2.5 0.005 227 5 1 -1.42109e-18 
0.07125 0 0 0.0025 1 1 2.5 0.005 228 5 1 -1.42109e-18 
0.07375 0 0 0.0025 1 1 2.5 0.005 229 5 1 -1.42109e-18 
0.07625 0 0 0.0025 1 1 2.5 0.005 230 5 1 -1.42109e-18 
0.07875 0 0 0.0025 1 1 2.5 0.005 231 5 1 -1.42109e-18 
0.08125 0 0 0.0025 1 1 2.5 0.005 232 5 1 -1.42109e-18 
0.08375 0 0 0.0025 1 1 2.5 0.005 233 5 1 -1.42109e-18 
0.08625 0 0 0.0025 1 1 2.5 0.005 234 5 1 -1.42109e-18 
0.08875 0 0 0.0025 1 1 2.5 0.005 235 5 1 -1.42109e-18 
0.09125 0 0 0.0025 1 1 2.5 0.005 236 5 1 -1.42109e-18 
0.09375 -1.06716e-46 -3.36312e-44 0.0025 1 1 2.5 0.005 237 5 1 -1.42109e-18 
0.09625 -1.63844e-16 -1.13687e-13 0.0025 1 1 2.5 0.005 238 5 1 -1.42109e-18 
0.09875 -3.27464e-16 -2.24208e-44 0.0025 1 1 2.5 0.005 239 5 1 -1.42109e-18 
0.10125 -6.86569e-16 -1.13687e-13 0.0025 1 1 2.5 0.005 240 5 1 -1.42109e-18 
0.10375 -1.37268e-15 -2.27374e-13 0.0025 1 1 2.5 0.005 241 5 1 -7.10543e-19 
0.10625 -2.31883e-15 -1.13687e-13 0.0025 1 1 2.5 0.005 242 5 1 -3.19744e-18 
0.10875 -5.44815e-15 -3.41061e-13 0.0025 1 1 2.5 0.005 243 5 1 3.55271e-18 
0.11125 1.12518e-15 9.66338e-13 0.0025 1 1 2.5 0.005 244 5 1 -1.74083e-17 
0.11375 -5.27576e-16 9.09495e-13 0.0025 1 1 2.5 0.005 245 5 1 1.59872e-17 
0.11625 1.31284e-15 -4.54747e-13 0.0025 1 1 2.5 0.005 246 5 1 -1.52767e-17 
0.11875 -1.649e-15 -5.68434e-13 0.0025 1 1 2.5 0.005 247 5 1 1.81188e-17 
0.12125 6.48883e-16 3.41061e-13 0.0025 1 1 2.5 0.005 248 5 1 -3.01981e-17 
0.12375 -1.7895e-15 3.97904e-13 0.0025 1 1 2.5 0.005 249 3 1 1.59872e-17 
0.12625 1.86768e-15 -4.54747e-13 0.0025 1 1 2.5 0.005 250 3 1 1.7053e-17 
0.12875 -3.41163e-16 -2.84217e-13 0.0025 1 1 2.5 0.005 251 5 1 -3.23297e-17 
0.13125 1.9112e-15 4.54747e-13 0.0025 1 1 2.5 0.005 252 5 1 1.98952e-17 
0.13375 -1.23245e-15 2.84217e-13 0.0025 1 1 2.5 0.005 253 5 1 -1.63425e-17 
0.13625 1.54246e-16 -5.11591e-13 0.0025 1 1 2.5 0.005 254 5 1 1.49214e-17 
0.13875 -1.3516e-15 -6.25278e-13 0.0025 1 1 2.5 0.005 255 5 1 -1.42109e-17 
0.14125 5.18237e-15 -3.41061e-13 0.0025 1 1 2.5 0.005 256 5 1 5.32907e-18 
0.14375 2.51537e-15 2.27374e-13 0.0025 1 1 2.5 0.005 257 5 1 -8.88178e-18 
0.14625 1.93109e-15 3.41061e-13 0.0025 1 1 2.5 0.005 258 5 1 1.06581e-18 
0.14875 5.07219e-16 1.7053e-13 0.0025 1 1 2.5 0.005 259 5 1 -1.42109e-18 
0.15125 1.80357e-16 5.68434e-14 0.0025 1 1 2.5 0.005 260 5 1 -1.42109e-18 
0.15375 6.55508e-17 2.24208e-44 0.0025 1 1 2.5 0.005 261 5 1 -1.42109e-18 
0.15625 1.93914e-47 0 0.0025 1 1 2.5 0.005 262 5 1 -1.42109e-18 
0.15875 0 0 0.0025 1 1 2.5 0.005 263 5 1 -1.42109e-18 
0.16125 0 0 0.0025 1 1 2.5 0.005 264 5 1 -1.42109e-18 
0.16375 0 0 0.0025 1 1 2.5 0.005 265 5 1 -1.42109e-18 
0.16625 0 0 0.0025 1 1 2.5 0.005 266 5 1 -1.42109e-18 
0.16875 0 0 0.0025 1 1 2.5 0.005 267 5 1 -1.42109e-18 
0.17125 0 0 0.0025 1 1 2.5 0.005 268 5 1 -1.42109e-18 
0.17375 0 0 0.0025 1 1 2.5 0.005 269 5 1 -1.42109e-18 
0.17625 0 0 0.0025 1 1 2.5 0.005 270 5 1 -1.42109e-18 
0.17875 0 0 0.0025 1 1 2.5 0.005 271 5 1 -1.42109e-18 
0.18125 0 0 0.0025 1 1 2.5 0.005 272 5 1 -1.42109e-18 
0.18375 0 0 0.0025 1 1 2.5 0.005 273 5 1 -1.42109e-18 
0.18625 0 0 0.0025 1 1 2.5 0.005 274 5 1 -1.42109e-18 
0.18875 0 0 0.0025 1 1 2.5 0.005 275 5 1 -1.42109e-18 
0.19125 0 0 0.0025 1 1 2.5 0.005 276 5 1 -1.42109e-18 
0.19375 0 0 0.0025 1 1 2.5 0.005 277 5 1 -1.42109e-18 
0.19625 0 0 0.0025 1 1 2.5 0.005 278 5 1 -1.42109e-18 
0.19875 0 0 0.0025 1 1 2.5 0.005 279 5 1 -1.42109e-18 
0.20125 0 0 0.0025 1 1 2.5 0.005 280 5 1 -1.42109e-18 
0.20375 0 0 0.0025 1 1 2.5 0.005 281 5 1 -1.42109e-18 
0.20625 0 0 0.0025 1 1 2.5 0.005 282 5 1 -1.42109e-18 
0.20875 0 0 0.0025 1 1 2.5 0.005 283 5 1 -1.42109e-18 
0.21125 0 0 0.0025 1 1 2.5 0.005 284 5 1 -1.42109e-18 
0.21375 0 0 0.0025 1 1 2.5 0.005 285 5 1 -1.42109e-18 
0.21625 -8.73714e-47 -3.36312e-44 0.0025 1 1 2.5 0.005 286 5 1 -1.42109e-18 
0.21875 -1.6405e-16 -1.13687e-13 0.0025 1 1 2.5 0.005 287 5 1 -1.42109e-18 
0.22125 -3.27452e-16 -5.60519e-44 0.0025 1 1 2.5 0.005 288 5 1 -1.42109e-18 
0.22375 -8.18317e-16 -2.27374e-13 0.0025 1 1 2.5 0.005 289 5 1 -7.10543e-19 
0.22625 -1.60373e-15 -3.41061e-13 0.0025 1 1 2.5 0.005 290 5 1 -2.84217e-18 
0.22875 -5.29927e-15 -6.82121e-13 0.0025 1 1 2.5 0.005 291 5 1 6.75016e-18 
0.23125 -4.07916e-15 -2.27374e-13 0.0025 1 1 2.5 0.005 292 5 1 -1.88294e-17 
0.23375 -7.25418e-15 2.27374e-13 0.0025 1 1 2.5 0.005 293 5 1 1.63425e-17 
0.23625 1.78602e-16 1.36424e-12 0.0025 1 1 2.5 0.005 294 5 1 -3.05533e-17 
0.23875 -1.56498e-15 1.25056e-12 0.0025 1 1 2.5 0.005 295 5 1 3.16192e-17 
0.24125 3.05271e-15 -1.25056e-12 0.0025 1 1 2.5 0.005 296 5 1 -2.70006e-17 
0.24375 -1.9493e-15 -1.25056e-12 0.0025 1 1 2.5 0.005 297 5 1 3.19744e-17 
0.24625 2.00366e-15 1.25056e-12 0.0025 1 1 2.5 0.005 298 5 1 -5.79092e-17 
0.24875 -3.92341e-15 1.47793e-12 0.0025 1 1 2.5 0.005 299 4 1 3.55271e-17 
0.25125 3.92397e-15 -1.47793e-12 0.0025 1 1 2.5 0.005 300 4 1 3.55271e-17 
0.25375 -2.0715e-15 -1.36424e-12 0.0025 1 1 2.5 0.005 301 5 1 -5.79092e-17 
0.25625 1.98468e-15 1.25056e-12 0.0025 1 1 2.5 0.005 302 5 1 3.19744e-17 
0.25875 -3.08699e-15 1.25056e-12 0.0025 1 1 2.5 0.005 303 5 1 -2.70006e-17 
0.26125 1.4051e-15 -1.13687e-12 0.0025 1 1 2.5 0.005 304 5 1 3.16192e-17 
0.26375 -3.08696e-16 -1.47793e-12 0.0025 1 1 2.5 0.005 305 5 1 -3.05533e-17 
0.26625 7.25397e-15 -1.13687e-13 0.0025 1 1 2.5 0.005 306 5 1 1.59872e-17 
0.26875 4.04649e-15 2.27374e-13 0.0025 1 1 2.5 0.005 307 5 1 -1.74083e-17 
0.27125 5.31396e-15 3.97904e-13 0.0025 1 1 2.5 0.005 308 5 1 7.10543e-18 
0.27375 1.86646e-15 4.54747e-13 0.0025 1 1 2.5 0.005 309 5 1 -4.26326e-18 
0.27625 9.1774e-16 2.27374e-13 0.0025 1 1 2.5 0.005 310 5 1 2.46519e-33 
0.27875 1.96595e-16 8.96831e-44 0.0025 1 1 2.5 0.005 311 5 1 -1.42109e-18 
0.28125 3.28999e-17 1.13687e-13 0.0025 1 1 2.5 0.005 312 5 1 -1.42109e-18 
0.28375 9.73253e-48 3.36312e-44 0.0025 1 1 2.5 0.005 313 5 1 -1.42109e-18 
0.28625 0 0 0.0025 1 1 2.5 0.005 314 5 1 -1.42109e-18 
0.28875 0 0 0.0025 1 1 2.5 0.005 315 5 1 -1.42109e-18 
0.29125 0 0 0.0025 1 1 2.5 0.005 316 5 1 -1.42109e-18 
0.29375 0 0 0.0025 1 1 2.5 0.005 317 5 1 -1.42109e-18 
0.29625 0 0 0.0025 1 1 2.5 0.005 318 5 1 -1.42109e-18 
0.29875 0 0 0.0025 1 1 2.5 0.005 319 5 1 -1.42109e-18 
0.30125 0 0 0.0025 1 1 2.5 0.005 320 5 1 -1.42109e-18 
0.30375 0 0 0.0025 1 1 2.5 0.005 321 5 1 -1.42109e-18 
0.30625 0 0 0.0025 1 1 2.5 0.005 322 5 1 -1.42109e-18 
0.30875 0 0 0.0025 1 1 2.5 0.005 323 5 1 -1.42109e-18 
0.31125 0 0 0.0025 1 1 2.5 0.005 324 5 1 -1.42109e-18 
0.31375 0 0 0.0025 1 1 2.5 0.005 325 5 1 -1.42109e-18 
0.31625 0 0 0.0025 1 1 2.5 0.005 326 5 1 -1.42109e-18 
0.31875 0 0 0.0025 1 1 2.5 0.005 327 5 1 -1.42109e-18 
0.32125 0 0 0.0025 1 1 2.5 0.005 328 5 1 -1.42109e-18 
0.32375 0 0 0.0025 1 1 2.5 0.005 329 5 1 -1.42109e-18 
0.32625 0 0 0.0025 1 1 2.5 0.005 330 5 1 -1.42109e-18 
0.32875 0 0 0.0025 1 1 2.5 0.005 331 5 1 -1.42109e-18 
0.33125 0 0 0.0025 1 1 2.5 0.005 332 5 1 -1.42109e-18 
0.33375 0 0 0.0025 1 1 2.5 0.005 333 5 1 -1.42109e-18 
0.33625 0 0 0.0025 1 1 2.5 0.005 334 5 1 -1.42109e-18 
0.33875 0 0 0.0025 1 1 2.5 0.005 335 5 1 -1.42109e-18 
0.34125 0 0 0.0025 1 1 2.5 0.005 336 5 1 -1.42109e-18 
0.34375 0 0 0.0025 1 1 2.5 0.005 337 5 1 -1.42109e-18 
0.34625 0 0 0.0025 1 1 2.5 0.005 338 5 1 -1.42109e-18 
0.34875 0 0 0.0025 1 1 2.5 0.005 339 5 1 -1.42109e-18 
0.35125 0 0 0.0025 1 1 2.5 0.005 340 5 1 -1.42109e-18 
0.35375 0 0 0.0025 1 1 2.5 0.005 341 5 1 -1.42109e-18 
0.35625 0 0 0.0025 1 1 2.5 0.005 342 5 1 -1.42109e-18 
0.35875 0 0 0.0025 1 1 2.5 0.005 343 5 1 -1.42109e-18 
0.36125 0 0 0.0025 1 1 2.5 0.005 344 5 1 -1.42109e-18 
0.36375 0 0 0.0025 1 1 2.5 0.005 345 5 1 -1.42109e-18 
0.36625 0 0 0.0025 1 1 2.5 0.005 346 5 1 -1.42109e-18 
0.36875 0 0 0.0025 1 1 2.5 0.005 347 5 1 -1.42109e-18 
0.37125 0 0 0.0025 1 1 2.5 0.005 348 5 1 -1.42109e-18 
0.37375 0 0 0.0025 1 1 2.5 0.005 349 5 1 -1.42109e-18 
0.37625 0 0 0.0025 1 1 2.5 0.005 350 5 1 -1.42109e-18 
0.37875 0 0 0.0025 1 1 2.5 0.005 351 5 1 -1.42109e-18 
0.38125 0 0 0.0025 1 1 2.5 0.005 352 5 1 -1.42109e-18 
0.38375 0 0 0.0025 1 1 2.5 0.005 353 5 1 -1.42109e-18 
0.38625 0 0 0.0025 1 1 2.5 0.005 354 5 1 -1.42109e-18 
0.38875 0 0 0.0025 1 1 2.5 0.005 355 5 1 -1.42109e-18 
0.39125 -4.53676e-47 -6.72623e-44 0.0025 1 1 2.5 0.005 356 5 1 -1.42109e-18 
0.39375 -1.80756e-16 -2.84217e-13 0.0025 1 1 2.5 0.005 357 5 1 -1.42109e-18 
0.39625 -2.29293e-16 3.41061e-13 0.0025 1 1 2.5 0.005 358 5 1 -4.61853e-18 
0.39875 4.56997e-15 9.89075e-12 0.0025 1 1 2.5 0.005 359 5 1 -2.13163e-18 
0.40125 2.82371e-14 -1.76215e-12 0.0025 1 1 2.5 0.005 360 4 1 1.41398e-16 
0.40375 -2.46751e-13 -4.99199e-10 0.0025 1 1 2.5 0.005 361 4 1 5.98988e-16 
0.40625 -1.86107e-12 -1.98656e-09 0.0025 1 1 2.5 0.005 362 4 1 1.82609e-16 
0.40875 -4.65093e-12 -1.30541e-09 0.0025 1 1 2.5 0.005 363 3 1 -1.01625e-14 
0.41125 1.07226e-11 3.15648e-08 0.0025 1 1 2.5 0.005 364 4 1 -1.50212e-14 
0.41375 8.63754e-11 3.25276e-08 0.0025 1 1 2.5 0.005 365 5 1 2.06033e-13 
0.41625 -2.27194e-10 -6.02137e-07 0.0025 1 1 2.5 0.005 366 4 1 9.914e-13 
0.41875 -2.48393e-09 -2.76373e-06 0.0025 1 1 2.5 0.005 367 4 1 1.72123e-12 
0.42125 -8.86681e-09 -5.39507e-06 0.0025 1 1 2.5 0.005 368 3 1 -4.60995e-12 
0.42375 -9.81091e-09 1.04266e-05 0.0025 1 1 2.5 0.005 369 4 1 -4.13058e-11 
0.42625 7.00354e-08 0.000104049 0.0025 1 1 2.5 0.005 370 5 1 5.78796e-11 
0.42875 1.19824e-07 -0.000174876 0.0025 1 1 2.5 0.005 371 4 1 6.53168e-10 
0.43125 -1.01961e-06 -0.00153645 0.0025 1 1 2.5 0.005 372 4 1 2.12693e-09 
0.43375 -6.01111e-06 -0.00508186 0.0025 1 1.00001 2.5 0.00499998 373 4 1 3.40008e-09 
0.43625 -1.78952e-05 -0.00881096 0.0025 1.00001 1.00002 2.50001 0.00499994 374 3 1 -3.67623e-09 
0.43875 -2.65166e-05 0.0043716 0.0025 1.00001 1.00001 2.50001 0.00499995 375 4 1 -4.68129e-08 
0.44125 4.39754e-05 0.0977617 0.0025 0.999957 0.999942 2.49996 0.00500022 376 4 1 4.10519e-09 
0.44375 0.000184128 -0.0528516 0.0025 0.999948 0.999949 2.49994 0.00500026 377 5 1 4.62522e-07 
0.44625 -0.000485363 -0.886678 0.0025 1.00053 1.00082 2.5005 0.00499734 378 4 1 1.62685e-06 
0.448747 -0.00355831 -2.98618 0.0025 1.00295 1.00429 2.50288 0.00498529 379 4 1 4.09504e-06 
0.451235 -0.0119027 -6.72111 0.0025 1.00922 1.01321 2.50913 0.00495431 380 4 1 7.83694e-06 
0.453702 -0.0280124 -10.9095 0.0025 1.0212 1.03015 2.52115 0.0048962 381 4 1 9.89564e-06 
0.456132 -0.0506841 -12.6233 0.0025 1.03837 1.05439 2.53838 0.00481524 382 4 1 4.82273e-06 
0.458518 -0.0731514 -9.55629 0.0025 1.05572 1.0786 2.5557 0.00473609 383 4 1 -1.11046e-05 
0.460868 -0.0825218 3.06417 0.0025 1.05967 1.08327 2.56019 0.00471844 384 3 1 -3.10552e-05 
0.463236 -0.045024 37.7031 0.0025 1.02721 1.03813 2.52909 0.00486754 385 4 1 -2.24308e-05 
0.46574 0.041029 39.9086 0.0025 0.96674 0.955156 2.46787 0.00517202 386 4 1 5.60849e-05 
0.468415 0.110526 24.8543 0.0025 0.909727 0.876908 2.40816 0.00549615 387 4 1 6.33947e-05 
0.471241 0.17526 28.3853 0.0025 0.856969 0.806323 2.35178 0.00583452 388 4 1 4.25772e-05 
0.474257 0.257279 32.6486 0.0025 0.798868 0.731326 2.28691 0.00625886 389 4 1 6.10396e-05 
0.477512 0.347398 30.446 0.0025 0.739318 0.656524 2.21712 0.00676299 390 4 1 8.11681e-05 
0.481034 0.435982 25.9724 0.0025 0.684407 0.589485 2.14968 0.0073056 391 4 1 8.58318e-05 
0.484831 0.514009 18.7345 0.0025 0.638895 0.535422 2.09119 0.00782601 392 4 1 7.83506e-05 
0.48887 0.568653 9.58492 0.0025 0.606993 0.498118 2.04868 0.00823733 393 4 1 5.16715e-05 
0.493073 0.598424 6.14228 0.0025 0.586395 0.474041 2.02071 0.00852668 394 4 1 1.74234e-05 
0.497399 0.634889 12.6578 0.0025 0.565658 0.450883 1.99217 0.00883926 395 4 1 1.44176e-05 
0.501917 0.687094 6.92804 0.0025 0.545174 0.429091 1.96337 0.00917138 396 4 1 4.17755e-05 
0.506573 0.680756 -5.48343 0.0025 0.542566 0.424976 1.96019 0.00921548 397 4 1 -1.07416e-05 
0.511133 0.671251 0.806186 0.0025 0.534133 0.42276 1.94605 0.00936096 398 4 1 0.000166144 
0.51594 0.676864 2.38386 0.0025 0.50496 0.425293 2.14188 0.00990177 399 4 1 -0.000130171 
0.521046 0.667799 -1.19582 0.0025 0.472739 0.41176 2.1372 0.0105767 400 4 1 0.000266217 
0.526534 0.651081 4.86251 0.0025 0.436022 0.407633 2.40319 0.0114673 401 4 1 -0.000238714 
0.532543 0.614336 3.7412 0.0025 0.408439 0.375193 2.29453 0.0122417 402 4 1 6.27835e-05 
0.538784 0.536203 20.084 0.0025 0.371495 0.324633 2.18447 0.0134591 403 4 1 -1.05411e-05 
0.546098 0.305694 42.3329 0.0025 0.31228 0.253095 2.00377 0.0160113 404 4 1 0.0002698 
0.55503 0.0688012 26.3363 0.0025 0.266911 0.200044 1.85157 0.0187328 405 4 1 0.000336406 
0.564939 -0.0104517 2.72886 0.0025 0.250513 0.180895 1.79672 0.0199591 406 4 1 9.84402e-05 
0.574995 -0.00416577 -1.70464 0.0025 0.249218 0.17881 1.79275 0.0200628 407 5 1 5.35489e-06 
0.585002 0.000151091 -0.116844 0.0025 0.249926 0.179397 1.79479 0.0200059 408 4 1 -1.50644e-06 
0.595001 0.00016613 0.0301465 0.0025 0.250021 0.179516 1.79506 0.0199983 409 3 1 -2.50595e-07 
0.605 3.36364e-05 0.0125678 0.0025 0.250007 0.179507 1.79502 0.0199994 410 4 1 2.01706e-08 
0.615 2.01606e-06 0.00161027 0.0025 0.250001 0.179501 1.795 0.0199999 411 4 1 1.23382e-08 
0.625 -5.32446e-07 -7.50911e-05 0.0025 0.25 0.1795 1.795 0.02 412 4 1 2.03906e-09 
0.635 -7.63705e-08 -4.35338e-05 0.0025 0.25 0.1795 1.795 0.02 413 5 1 5.35689e-11 
0.645 4.1081e-09 -8.55274e-07 0.0025 0.25 0.1795 1.795 0.02 414 4 1 -4.00238e-11 
0.655 2.22166e-09 7.55043e-07 0.0025 0.25 0.1795 1.795 0.02 415 3 1 -3.5424e-12 
0.665 3.10087e-10 1.63056e-07 0.0025 0.25 0.1795 1.795 0.02 416 4 1 3.02466e-13 
0.675 1.04233e-11 1.19365e-08 0.0025 0.25 0.1795 1.795 0.02 417 4 1 1.1886e-13 
0.685 -3.64188e-12 -1.2313e-09 0.0025 0.25 0.1795 1.795 0.02 418 4 1 1.41171e-14 
0.695 -3.6497e-13 -2.59064e-10 0.0025 0.25 0.1795 1.795 0.02 419 5 1 1.76392e-16 
0.705 1.58557e-14 -1.33582e-12 0.0025 0.25 0.1795 1.795 0.02 420 4 1 -1.87583e-16 
0.715 5.63734e-15 3.11218e-12 0.0025 0.25 0.1795 1.795 0.02 421 4 1 -1.38556e-17 
0.725 5.49587e-16 3.97904e-13 0.0025 0.25 0.1795 1.795 0.02 422 5 1 -1.77636e-19 
0.735 2.871e-17 1.42109e-14 0.0025 0.25 0.1795 1.795 0.02 423 5 1 -1.42109e-18 
0.745 7.28095e-48 2.8026e-45 0.0025 0.25 0.1795 1.795 0.02 424 5 1 -1.42109e-18 
0.755 0 0 0.0025 0.25 0.1795 1.795 0.02 425 5 1 -1.42109e-18 
0.765 0 0 0.0025 0.25 0.1795 1.795 0.02 426 5 1 -1.42109e-18 
0.775 0 0 0.0025 0.25 0.1795 1.795 0.02 427 5 1 -1.42109e-18 
0.785 0 0 0.0025 0.25 0.1795 1.795 0.02 428 5 1 -1.42109e-18 
0.795 0 0 0.0025 0.25 0.1795 1.795 0.02 429 5 1 -1.42109e-18 
0.805 0 0 0.0025 0.25 0.1795 1.795 0.02 430 5 1 -1.42109e-18 
0.815 0 0 0.0025 0.25 0.1795 1.795 0.02 431 5 1 -1.42109e-18 
0.825 0 0 0.0025 0.25 0.1795 1.795 0.02 432 5 1 -1.42109e-18 
0.835 0 0 0.0025 0.25 0.1795 1.795 0.02 433 5 1 -1.42109e-18 
0.845 0 0 0.0025 0.25 0.1795 1.795 0.02 434 5 1 -1.42109e-18 
0.855 0 0 0.0025 0.25 0.1795 1.795 0.02 435 5 1 -1.42109e-18 
0.865 0 0 0.0025 0.25 0.1795 1.795 0.02 436 5 1 -1.42109e-18 
0.875 0 0 0.0025 0.25 0.1795 1.795 0.02 437 5 1 -1.42109e-18 
0.885 0 0 0.0025 0.25 0.1795 1.795 0.02 438 5 1 -1.42109e-18 
0.895 0 0 0.0025 0.25 0.1795 1.795 0.02 439 5 1 -1.42109e-18 
0.905 0 0 0.0025 0.25 0.1795 1.795 0.02 440 5 1 -1.42109e-18 
0.915 0 0 0.0025 0.25 0.1795 1.795 0.02 441 5 1 -1.42109e-18 
0.925 0 0 0.0025 0.25 0.1795 1.795 0.02 442 5 1 -1.42109e-18 
0.935 0 0 0.0025 0.25 0.1795 1.795 0.02 443 5 1 -1.42109e-18 
0.945 -2.74228e-47 -5.60519e-45 0.0025 0.25 0.1795 1.795 0.02 444 5 1 -1.42109e-18 
0.955 -1.14524e-16 -2.84217e-14 0.0025 0.25 0.1795 1.795 0.02 445 5 1 -1.42109e-18 
0.965 -4.57628e-16 -8.52651e-14 0.0025 0.25 0.1795 1.795 0.02 446 5 1 -1.42109e-18 
0.975 -4.71055e-15 -4.12115e-13 0.0025 0.25 0.1795 1.795 0.02 447 5 1 8.70415e-18 
0.985 -2.98136e-15 8.52651e-14 0.0025 0.25 0.1795 1.795 0.02 448 5 1 -3.32179e-17 
0.995 -1.41403e-14 3.12639e-13 0.0025 0.25 0.1795 1.795 0.02 449 4 1 2.16716e-17 
1.005 1.41403e-14 -3.12639e-13 0.0025 0.25 0.1795 1.795 0.02 450 4 1 2.16716e-17 
1.015 2.95689e-15 -8.52651e-14 0.0025 0.25 0.1795 1.795 0.02 451 5 1 -3.32179e-17 
1.025 4.70247e-15 4.12115e-13 0.0025 0.25 0.1795 1.795 0.02 452 5 1 8.70415e-18 
1.035 4.57645e-16 8.52651e-14 0.0025 0.25 0.1795 1.795 0.02 453 5 1 -1.42109e-18 
1.045 1.18535e-16 1.42109e-14 0.0025 0.25 0.1795 1.795 0.02 454 5 1 -1.42109e-18 
1.055 4.11248e-18 1.42109e-14 0.0025 0.25 0.1795 1.795 0.02 455 5 1 -1.42109e-18 
1.065 8.11044e-49 2.8026e-45 0.0025 0.25 0.1795 1.795 0.02 456 5 1 -1.42109e-18 
1.075 0 0 0.0025 0.25 0.1795 1.795 0.02 457 5 1 -1.42109e-18 
1.085 0 0 0.0025 0.25 0.1795 1.795 0.02 458 5 1 -1.42109e-18 
1.095 0 0 0.0025 0.25 0.1795 1.795 0.02 459 5 1 -1.42109e-18 
1.105 0 0 0.0025 0.25 0.1795 1.795 0.02 460 5 1 -1.42109e-18 
1.115 0 0 0.0025 0.25 0.1795 1.795 0.02 461 5 1 -1.42109e-18 
1.125 0 0 0.0025 0.25 0.1795 1.795 0.02 462 5 1 -1.42109e-18 
1.135 0 0 0.0025 0.25 0.1795 1.795 0.02 463 5 1 -1.42109e-18 
1.145 0 0 0.0025 0.25 0.1795 1.795 0.02 464 5 1 -1.42109e-18 
1.155 0 0 0.0025 0.25 0.1795 1.795 0.02 465 5 1 -1.42109e-18 
1.165 0 0 0.0025 0.25 0.1795 1.795 0.02 466 5 1 -1.42109e-18 
1.175 0 0 0.0025 0.25 0.1795 1.795 0.02 467 5 1 -1.42109e-18 
1.185 0 0 0.0025 0.25 0.1795 1.795 0.02 468 5 1 -1.42109e-18 
1.195 0 0 0.0025 0.25 0.1795 1.795 0.02 469 5 1 -1.42109e-18 
1.205 0 0 0.0025 0.25 0.1795 1.795 0.02 470 5 1 -1.42109e-18 
1.215 0 0 0.0025 0.25 0.1795 1.795 0.02 471 5 1 -1.42109e-18 
1.225 0 0 0.0025 0.25 0.1795 1.795 0.02 472 5 1 -1.42109e-18 
1.235 0 0 0.0025 0.25 0.1795 1.795 0.02 473 5 1 -1.42109e-18 
1.245 0 0 0.0025 0.25 0.1795 1.795 0.02 474 5 1 -1.42109e-18 
1.255 -5.66381e-48 -2.8026e-45 0.0025 0.25 0.1795 1.795 0.02 475 5 1 -1.42109e-18 
1.265 -3.28314e-17 -2.84217e-14 0.0025 0.25 0.1795 1.795 0.02 476 5 1 -1.42109e-18 
1.275 -5.1679e-16 -3.69482e-13 0.0025 0.25 0.1795 1.795 0.02 477 5 1 -5.32907e-19 
1.285 -5.28873e-15 -2.92744e-12 0.0025 0.25 0.1795 1.795 0.02 478 4 1 -1.3145e-17 
1.295 -1.89977e-14 -1.77636e-12 0.0025 0.25 0.1795 1.795 0.02 479 4 1 -1.88649e-16 
1.305 3.67645e-13 2.65629e-10 0.0025 0.25 0.1795 1.795 0.02 480 5 1 1.83498e-16 
1.315 3.65061e-12 1.22617e-09 0.0025 0.25 0.1795 1.795 0.02 481 4 1 1.41075e-14 
1.325 -1.04666e-11 -1.19377e-08 0.0025 0.25 0.1795 1.795 0.02 482 4 1 1.18836e-13 
1.335 -3.10052e-10 -1.63049e-07 0.0025 0.25 0.1795 1.795 0.02 483 4 1 3.02532e-13 
1.345 -2.22161e-09 -7.55047e-07 0.0025 0.25 0.1795 1.795 0.02 484 3 1 -3.54243e-12 
1.355 -4.10816e-09 8.55271e-07 0.0025 0.25 0.1795 1.795 0.02 485 4 1 -4.00239e-11 
1.365 7.63705e-08 4.35338e-05 0.0025 0.25 0.1795 1.795 0.02 486 5 1 5.3569e-11 
1.375 5.32446e-07 7.50911e-05 0.0025 0.25 0.1795 1.795 0.02 487 4 1 2.03906e-09 
1.385 -2.01606e-06 -0.00161027 0.0025 0.250001 0.179501 1.795 0.0199999 488 4 1 1.23382e-08 
1.395 -3.36364e-05 -0.0125678 0.0025 0.250007 0.179507 1.79502 0.0199994 489 4 1 2.01706e-08 
1.405 -0.00016613 -0.0301465 0.0025 0.250021 0.179516 1.79506 0.0199983 490 3 1 -2.50595e-07 
1.415 -0.000151091 0.116844 0.0025 0.249926 0.179397 1.79479 0.0200059 491 4 1 -1.50644e-06 
1.42501 0.00416577 1.70464 0.0025 0.249218 0.17881 1.79275 0.0200628 492 5 1 5.35489e-06 
1.43506 0.0104517 -2.72886 0.0025 0.250513 0.180895 1.79672 0.0199591 493 4 1 9.84402e-05 
1.44497 -0.0688012 -26.3363 0.0025 0.266911 0.200044 1.85157 0.0187328 494 4 1 0.000336406 
1.4539 -0.305694 -42.3329 0.0025 0.31228 0.253095 2.00377 0.0160113 495 4 1 0.0002698 
1.46122 -0.536203 -20.084 0.0025 0.371495 0.324633 2.18447 0.0134591 496 4 1 -1.05411e-05 
1.46746 -0.614336 -3.7412 0.0025 0.408439 0.375193 2.29453 0.0122417 497 4 1 6.27835e-05 
1.47347 -0.651081 -4.86251 0.0025 0.436022 0.407633 2.40319 0.0114673 498 4 1 -0.000238714 
1.47895 -0.667799 1.19582 0.0025 0.472739 0.41176 2.1372 0.0105767 499 4 1 0.000266217 
