# Time [s]: 0.0335911
# Columns: pos [m], vel [m/s], acc [m/s^2], mass [kg], dens [kg/m^3], pres [Pa], ene [J/kg], sml [m], id, neighbor, alpha, gradh, ...additional?
1.47974 -0.674967 0.537724 0.0025 0.507052 0.427942 2.14575 0.00986093 0 4 1 -0.000133468 
1.48456 -0.679327 -0.121708 0.0025 0.5333 0.422202 1.94473 0.00937559 1 4 1 0.000180838 
1.48913 -0.675918 -1.00674 0.0025 0.546023 0.428315 1.96534 0.00915712 2 3 1 -2.15604e-05 
1.49372 -0.675432 1.07301 0.0025 0.543014 0.425952 1.96038 0.00920786 3 4 1 3.70618e-06 
1.49833 -0.687243 1.61175 0.0025 0.542918 0.426134 1.9595 0.00920949 4 5 1 2.25398e-05 
-0.49707 -0.662801 -10.673 0.0025 0.554412 0.438725 1.97587 0.00901856 5 4 1 2.88772e-05 
-0.492644 -0.617361 -9.9803 0.0025 0.575211 0.461376 2.0052 0.00869246 6 4 1 1.14212e-05 
-0.488374 -0.585064 -6.8384 0.0025 0.594533 0.483346 2.03171 0.00840996 7 4 1 2.08805e-05 
-0.484231 -0.55113 -10.7279 0.0025 0.615939 0.508267 2.06058 0.00811768 8 4 1 4.40015e-05 
-0.480252 -0.499033 -17.1887 0.0025 0.646365 0.543883 2.10077 0.00773557 9 4 1 5.9351e-05 
-0.476488 -0.431255 -22.0545 0.0025 0.686319 0.59143 2.15185 0.00728525 10 4 1 6.26684e-05 
-0.472957 -0.35713 -24.6529 0.0025 0.732598 0.647832 2.20874 0.00682502 11 4 1 5.95236e-05 
-0.469653 -0.282967 -26.1787 0.0025 0.782037 0.709706 2.26713 0.00639356 12 4 1 5.53137e-05 
-0.466556 -0.210201 -27.8158 0.0025 0.832851 0.774865 2.32495 0.00600347 13 4 1 4.16769e-05 
-0.463643 -0.142813 -24.3356 0.0025 0.881579 0.838612 2.37832 0.00567164 14 4 1 2.26483e-05 
-0.460879 -0.0919851 -17.6924 0.0025 0.923569 0.895174 2.42252 0.00541378 15 4 1 3.59948e-05 
-0.458226 -0.0432998 -28.6238 0.0025 0.966583 0.954718 2.46712 0.00517286 16 4 1 5.31014e-05 
-0.455702 0.0284632 -37.3061 0.0025 1.01833 1.02604 2.51989 0.00491002 17 4 1 -4.98106e-06 
-0.453312 0.0759574 -8.71738 0.0025 1.05443 1.07595 2.55505 0.00474192 18 4 1 -2.99873e-05 
-0.45096 0.0745633 5.7246 0.0025 1.05761 1.08108 2.55751 0.00472766 19 3 1 -1.3608e-05 
-0.448585 0.0570946 10.5405 0.0025 1.0439 1.06214 2.54385 0.00478971 20 4 1 5.37099e-07 
-0.44617 0.0362231 10.58 0.0025 1.02759 1.03912 2.52755 0.00486576 21 4 1 7.21854e-06 
-0.443719 0.0187435 7.86802 0.0025 1.01433 1.02039 2.51426 0.00492936 22 4 1 7.63616e-06 
-0.441241 0.00763773 4.42614 0.0025 1.00599 1.00858 2.50591 0.00497024 23 4 1 5.0662e-06 
-0.438748 0.00224935 1.87934 0.0025 1.00188 1.00274 2.50183 0.00499062 24 4 1 2.5053e-06 
-0.43625 0.000316269 0.554107 0.0025 1.00034 1.00052 2.50032 0.00499829 25 4 1 9.96623e-07 
-0.43375 -0.000108641 0.037432 0.0025 0.999973 0.999976 2.49997 0.00500014 26 5 1 2.89927e-07 
-0.43125 -2.3615e-05 -0.0616105 0.0025 0.999977 0.999969 2.49998 0.00500012 27 4 1 4.11e-09 
-0.42875 2.07064e-05 -0.00271136 0.0025 1.00001 1.00001 2.50001 0.00499995 28 3 1 -3.01499e-08 
-0.42625 1.41805e-05 0.00622166 0.0025 1.00001 1.00001 2.50001 0.00499995 29 4 1 -2.4068e-09 
-0.42375 5.20526e-06 0.00390879 0.0025 1 1.00001 2.5 0.00499998 30 4 1 2.49766e-09 
-0.42125 1.08356e-06 0.00134714 0.0025 1 1 2.5 0.005 31 4 1 1.69301e-09 
-0.41875 -2.39659e-08 0.000247393 0.0025 1 1 2.5 0.005 32 4 1 6.01883e-10 
-0.41625 -7.59935e-08 -8.55898e-05 0.0025 1 1 2.5 0.005 33 5 1 9.15745e-11 
-0.41375 5.25867e-09 -1.66157e-05 0.0025 1 1 2.5 0.005 34 4 1 -3.31699e-11 
-0.41125 9.46927e-09 3.40639e-06 0.0025 1 1 2.5 0.005 35 3 1 -7.54753e-12 
-0.40875 3.49202e-09 3.10675e-06 0.0025 1 1 2.5 0.005 36 4 1 1.31452e-12 
-0.40625 5.83875e-10 9.13437e-07 0.0025 1 1 2.5 0.005 37 4 1 1.16193e-12 
-0.40375 -5.78361e-11 9.11104e-08 0.0025 1 1 2.5 0.005 38 4 1 3.5211e-13 
-0.40125 -3.32439e-11 -5.23166e-08 0.0025 1 1 2.5 0.005 39 5 1 2.71886e-14 
-0.39875 4.21463e-12 -4.44948e-09 0.0025 1 1 2.5 0.005 40 4 1 -1.89736e-14 
-0.39625 3.58493e-12 2.53914e-09 0.0025 1 1 2.5 0.005 41 3 1 -1.73479e-15 
-0.39375 8.74591e-13 1.1072e-09 0.0025 1 1 2.5 0.005 42 4 1 7.51399e-16 
-0.39125 4.17443e-14 1.94973e-10 0.0025 1 1 2.5 0.005 43 4 1 3.79075e-16 
-0.38875 -2.13821e-14 -3.00702e-11 0.0025 1 1 2.5 0.005 44 5 1 5.11591e-17 
-0.38625 -1.02474e-15 -3.52429e-12 0.0025 1 1 2.5 0.005 45 5 1 -8.88178e-18 
-0.38375 3.46528e-16 1.7053e-13 0.0025 1 1 2.5 0.005 46 5 1 -2.84217e-18 
-0.38125 1.1561e-16 1.7053e-13 0.0025 1 1 2.5 0.005 47 5 1 -1.42109e-18 
-0.37875 3.25719e-47 4.48416e-44 0.0025 1 1 2.5 0.005 48 5 1 -1.42109e-18 
-0.37625 0 0 0.0025 1 1 2.5 0.005 49 5 1 -1.42109e-18 
-0.37375 0 0 0.0025 1 1 2.5 0.005 50 5 1 -1.42109e-18 
-0.37125 0 0 0.0025 1 1 2.5 0.005 51 5 1 -1.42109e-18 
-0.36875 0 0 0.0025 1 1 2.5 0.005 52 5 1 -1.42109e-18 
-0.36625 0 0 0.0025 1 1 2.5 0.005 53 5 1 -1.42109e-18 
-0.36375 0 0 0.0025 1 1 2.5 0.005 54 5 1 -1.42109e-18 
-0.36125 0 0 0.0025 1 1 2.5 0.005 55 5 1 -1.42109e-18 
-0.35875 0 0 0.0025 1 1 2.5 0.005 56 5 1 -1.42109e-18 
-0.35625 0 0 0.0025 1 1 2.5 0.005 57 5 1 -1.42109e-18 
-0.35375 0 0 0.0025 1 1 2.5 0.005 58 5 1 -1.42109e-18 
-0.35125 0 0 0.0025 1 1 2.5 0.005 59 5 1 -1.42109e-18 
-0.34875 0 0 0.0025 1 1 2.5 0.005 60 5 1 -1.42109e-18 
-0.34625 0 0 0.0025 1 1 2.5 0.005 61 5 1 -1.42109e-18 
-0.34375 0 0 0.0025 1 1 2.5 0.005 62 5 1 -1.42109e-18 
-0.34125 0 0 0.0025 1 1 2.5 0.005 63 5 1 -1.42109e-18 
-0.33875 0 0 0.0025 1 1 2.5 0.005 64 5 1 -1.42109e-18 
-0.33625 0 0 0.0025 1 1 2.5 0.005 65 5 1 -1.42109e-18 
-0.33375 0 0 0.0025 1 1 2.5 0.005 66 5 1 -1.42109e-18 
-0.33125 0 0 0.0025 1 1 2.5 0.005 67 5 1 -1.42109e-18 
-0.32875 0 0 0.0025 1 1 2.5 0.005 68 5 1 -1.42109e-18 
-0.32625 0 0 0.0025 1 1 2.5 0.005 69 5 1 -1.42109e-18 
-0.32375 0 0 0.0025 1 1 2.5 0.005 70 5 1 -1.42109e-18 
-0.32125 0 0 0.0025 1 1 2.5 0.005 71 5 1 -1.42109e-18 
-0.31875 0 0 0.0025 1 1 2.5 0.005 72 5 1 -1.42109e-18 
-0.31625 0 0 0.0025 1 1 2.5 0.005 73 5 1 -1.42109e-18 
-0.31375 0 0 0.0025 1 1 2.5 0.005 74 5 1 -1.42109e-18 
-0.31125 0 0 0.0025 1 1 2.5 0.005 75 5 1 -1.42109e-18 
-0.30875 0 0 0.0025 1 1 2.5 0.005 76 5 1 -1.42109e-18 
-0.30625 0 0 0.0025 1 1 2.5 0.005 77 5 1 -1.42109e-18 
-0.30375 0 0 0.0025 1 1 2.5 0.005 78 5 1 -1.42109e-18 
-0.30125 0 0 0.0025 1 1 2.5 0.005 79 5 1 -1.42109e-18 
-0.29875 0 0 0.0025 1 1 2.5 0.005 80 5 1 -1.42109e-18 
-0.29625 0 0 0.0025 1 1 2.5 0.005 81 5 1 -1.42109e-18 
-0.29375 0 0 0.0025 1 1 2.5 0.005 82 5 1 -1.42109e-18 
-0.29125 0 0 0.0025 1 1 2.5 0.005 83 5 1 -1.42109e-18 
-0.28875 0 0 0.0025 1 1 2.5 0.005 84 5 1 -1.42109e-18 
-0.28625 0 0 0.0025 1 1 2.5 0.005 85 5 1 -1.42109e-18 
-0.28375 0 0 0.0025 1 1 2.5 0.005 86 5 1 -1.42109e-18 
-0.28125 0 0 0.0025 1 1 2.5 0.005 87 5 1 -1.42109e-18 
-0.27875 0 0 0.0025 1 1 2.5 0.005 88 5 1 -1.42109e-18 
-0.27625 0 0 0.0025 1 1 2.5 0.005 89 5 1 -1.42109e-18 
-0.27375 0 0 0.0025 1 1 2.5 0.005 90 5 1 -1.42109e-18 
-0.27125 0 0 0.0025 1 1 2.5 0.005 91 5 1 -1.42109e-18 
-0.26875 0 0 0.0025 1 1 2.5 0.005 92 5 1 -1.42109e-18 
-0.26625 0 0 0.0025 1 1 2.5 0.005 93 5 1 -1.42109e-18 
-0.26375 0 0 0.0025 1 1 2.5 0.005 94 5 1 -1.42109e-18 
-0.26125 0 0 0.0025 1 1 2.5 0.005 95 5 1 -1.42109e-18 
-0.25875 0 0 0.0025 1 1 2.5 0.005 96 5 1 -1.42109e-18 
-0.25625 0 0 0.0025 1 1 2.5 0.005 97 5 1 -1.42109e-18 
-0.25375 0 0 0.0025 1 1 2.5 0.005 98 5 1 -1.42109e-18 
-0.25125 0 0 0.0025 1 1 2.5 0.005 99 5 1 -1.42109e-18 
-0.24875 0 0 0.0025 1 1 2.5 0.005 100 5 1 -1.42109e-18 
-0.24625 0 0 0.0025 1 1 2.5 0.005 101 5 1 -1.42109e-18 
-0.24375 0 0 0.0025 1 1 2.5 0.005 102 5 1 -1.42109e-18 
-0.24125 0 0 0.0025 1 1 2.5 0.005 103 5 1 -1.42109e-18 
-0.23875 0 0 0.0025 1 1 2.5 0.005 104 5 1 -1.42109e-18 
-0.23625 0 0 0.0025 1 1 2.5 0.005 105 5 1 -1.42109e-18 
-0.23375 0 0 0.0025 1 1 2.5 0.005 106 5 1 -1.42109e-18 
-0.23125 0 0 0.0025 1 1 2.5 0.005 107 5 1 -1.42109e-18 
-0.22875 0 0 0.0025 1 1 2.5 0.005 108 5 1 -1.42109e-18 
-0.22625 0 0 0.0025 1 1 2.5 0.005 109 5 1 -1.42109e-18 
-0.22375 0 0 0.0025 1 1 2.5 0.005 110 5 1 -1.42109e-18 
-0.22125 0 0 0.0025 1 1 2.5 0.005 111 5 1 -1.42109e-18 
-0.21875 0 0 0.0025 1 1 2.5 0.005 112 5 1 -1.42109e-18 
-0.21625 0 0 0.0025 1 1 2.5 0.005 113 5 1 -1.42109e-18 
-0.21375 0 0 0.0025 1 1 2.5 0.005 114 5 1 -1.42109e-18 
-0.21125 0 0 0.0025 1 1 2.5 0.005 115 5 1 -1.42109e-18 
-0.20875 0 0 0.0025 1 1 2.5 0.005 116 5 1 -1.42109e-18 
-0.20625 0 0 0.0025 1 1 2.5 0.005 117 5 1 -1.42109e-18 
-0.20375 0 0 0.0025 1 1 2.5 0.005 118 5 1 -1.42109e-18 
-0.20125 0 0 0.0025 1 1 2.5 0.005 119 5 1 -1.42109e-18 
-0.19875 0 0 0.0025 1 1 2.5 0.005 120 5 1 -1.42109e-18 
-0.19625 0 0 0.0025 1 1 2.5 0.005 121 5 1 -1.42109e-18 
-0.19375 0 0 0.0025 1 1 2.5 0.005 122 5 1 -1.42109e-18 
-0.19125 0 0 0.0025 1 1 2.5 0.005 123 5 1 -1.42109e-18 
-0.18875 0 0 0.0025 1 1 2.5 0.005 124 5 1 -1.42109e-18 
-0.18625 0 0 0.0025 1 1 2.5 0.005 125 5 1 -1.42109e-18 
-0.18375 0 0 0.0025 1 1 2.5 0.005 126 5 1 -1.42109e-18 
-0.18125 0 0 0.0025 1 1 2.5 0.005 127 5 1 -1.42109e-18 
-0.17875 0 0 0.0025 1 1 2.5 0.005 128 5 1 -1.42109e-18 
-0.17625 0 0 0.0025 1 1 2.5 0.005 129 5 1 -1.42109e-18 
-0.17375 0 0 0.0025 1 1 2.5 0.005 130 5 1 -1.42109e-18 
-0.17125 0 0 0.0025 1 1 2.5 0.005 131 5 1 -1.42109e-18 
-0.16875 0 0 0.0025 1 1 2.5 0.005 132 5 1 -1.42109e-18 
-0.16625 0 0 0.0025 1 1 2.5 0.005 133 5 1 -1.42109e-18 
-0.16375 0 0 0.0025 1 1 2.5 0.005 134 5 1 -1.42109e-18 
-0.16125 0 0 0.0025 1 1 2.5 0.005 135 5 1 -1.42109e-18 
-0.15875 0 0 0.0025 1 1 2.5 0.005 136 5 1 -1.42109e-18 
-0.15625 0 0 0.0025 1 1 2.5 0.005 137 5 1 -1.42109e-18 
-0.15375 0 0 0.0025 1 1 2.5 0.005 138 5 1 -1.42109e-18 
-0.15125 0 0 0.0025 1 1 2.5 0.005 139 5 1 -1.42109e-18 
-0.14875 0 0 0.0025 1 1 2.5 0.005 140 5 1 -1.42109e-18 
-0.14625 0 0 0.0025 1 1 2.5 0.005 141 5 1 -1.42109e-18 
-0.14375 0 0 0.0025 1 1 2.5 0.005 142 5 1 -1.42109e-18 
-0.14125 0 0 0.0025 1 1 2.5 0.005 143 5 1 -1.42109e-18 
-0.13875 0 0 0.0025 1 1 2.5 0.005 144 5 1 -1.42109e-18 
-0.13625 0 0 0.0025 1 1 2.5 0.005 145 5 1 -1.42109e-18 
-0.13375 0 0 0.0025 1 1 2.5 0.005 146 5 1 -1.42109e-18 
-0.13125 0 0 0.0025 1 1 2.5 0.005 147 5 1 -1.42109e-18 
-0.12875 0 0 0.0025 1 1 2.5 0.005 148 5 1 -1.42109e-18 
-0.12625 0 0 0.0025 1 1 2.5 0.005 149 5 1 -1.42109e-18 
-0.12375 0 0 0.0025 1 1 2.5 0.005 150 5 1 -1.42109e-18 
-0.12125 0 0 0.0025 1 1 2.5 0.005 151 5 1 -1.42109e-18 
-0.11875 0 0 0.0025 1 1 2.5 0.005 152 5 1 -1.42109e-18 
-0.11625 0 0 0.0025 1 1 2.5 0.005 153 5 1 -1.42109e-18 
-0.11375 0 0 0.0025 1 1 2.5 0.005 154 5 1 -1.42109e-18 
-0.11125 0 0 0.0025 1 1 2.5 0.005 155 5 1 -1.42109e-18 
-0.10875 0 0 0.0025 1 1 2.5 0.005 156 5 1 -1.42109e-18 
-0.10625 0 0 0.0025 1 1 2.5 0.005 157 5 1 -1.42109e-18 
-0.10375 0 0 0.0025 1 1 2.5 0.005 158 5 1 -1.42109e-18 
-0.10125 0 0 0.0025 1 1 2.5 0.005 159 5 1 -1.42109e-18 
-0.09875 0 0 0.0025 1 1 2.5 0.005 160 5 1 -1.42109e-18 
-0.09625 0 0 0.0025 1 1 2.5 0.005 161 5 1 -1.42109e-18 
-0.09375 0 0 0.0025 1 1 2.5 0.005 162 5 1 -1.42109e-18 
-0.09125 0 0 0.0025 1 1 2.5 0.005 163 5 1 -1.42109e-18 
-0.08875 0 0 0.0025 1 1 2.5 0.005 164 5 1 -1.42109e-18 
-0.08625 0 0 0.0025 1 1 2.5 0.005 165 5 1 -1.42109e-18 
-0.08375 0 0 0.0025 1 1 2.5 0.005 166 5 1 -1.42109e-18 
-0.08125 0 0 0.0025 1 1 2.5 0.005 167 5 1 -1.42109e-18 
-0.07875 0 0 0.0025 1 1 2.5 0.005 168 5 1 -1.42109e-18 
-0.07625 0 0 0.0025 1 1 2.5 0.005 169 5 1 -1.42109e-18 
-0.07375 0 0 0.0025 1 1 2.5 0.005 170 5 1 -1.42109e-18 
-0.07125 0 0 0.0025 1 1 2.5 0.005 171 5 1 -1.42109e-18 
-0.06875 0 0 0.0025 1 1 2.5 0.005 172 5 1 -1.42109e-18 
-0.06625 0 0 0.0025 1 1 2.5 0.005 173 5 1 -1.42109e-18 
-0.06375 0 0 0.0025 1 1 2.5 0.005 174 5 1 -1.42109e-18 
-0.06125 0 0 0.0025 1 1 2.5 0.005 175 5 1 -1.42109e-18 
-0.05875 -1.07242e-46 -3.36312e-44 0.0025 1 1 2.5 0.005 176 5 1 -1.42109e-18 
-0.05625 -9.86322e-17 -1.13687e-13 0.0025 1 1 2.5 0.005 177 5 1 -1.42109e-18 
-0.05375 -2.30172e-16 1.13687e-13 0.0025 1 1 2.5 0.005 178 5 1 -1.42109e-18 
-0.05125 -3.60315e-16 -1.13687e-13 0.0025 1 1 2.5 0.005 179 5 1 -1.42109e-18 
-0.04875 -5.55623e-16 1.13687e-13 0.0025 1 1 2.5 0.005 180 5 1 -1.42109e-18 
-0.04625 -8.16954e-16 -1.13687e-13 0.0025 1 1 2.5 0.005 181 5 1 -1.42109e-18 
-0.04375 -1.10663e-15 -2.24208e-44 0.0025 1 1 2.5 0.005 182 5 1 -1.42109e-18 
-0.04125 -1.59341e-15 -1.13687e-13 0.0025 1 1 2.5 0.005 183 5 1 -1.42109e-18 
-0.03875 -2.23758e-15 3.9443e-29 0.0025 1 1 2.5 0.005 184 5 1 -1.42109e-18 
-0.03625 -2.89695e-15 -2.27374e-13 0.0025 1 1 2.5 0.005 185 5 1 -2.13163e-18 
-0.03375 -5.34593e-15 -3.97904e-13 0.0025 1 1 2.5 0.005 186 4 1 -2.84217e-18 
-0.03125 -1.2544e-15 9.09495e-13 0.0025 1 1 2.5 0.005 187 3 1 6.39488e-18 
-0.02875 -1.14313e-15 -1.7053e-13 0.0025 1 1 2.5 0.005 188 4 1 -2.84217e-18 
-0.02625 -2.29588e-15 -5.11591e-13 0.0025 1 1 2.5 0.005 189 4 1 -3.55271e-19 
-0.02375 -1.71863e-17 -5.68434e-14 0.0025 1 1 2.5 0.005 190 4 1 -7.10543e-19 
-0.02125 7.67193e-16 -5.68434e-14 0.0025 1 1 2.5 0.005 191 4 1 -2.13163e-18 
-0.01875 1.11526e-15 1.02318e-12 0.0025 1 1 2.5 0.005 192 4 1 7.10543e-19 
-0.01625 2.67953e-15 -1.64846e-12 0.0025 1 1 2.5 0.005 193 4 1 -3.55271e-19 
-0.01375 1.22177e-15 7.38964e-13 0.0025 1 1 2.5 0.005 194 3 1 0 
-0.01125 1.40593e-15 1.13687e-13 0.0025 1 1 2.5 0.005 195 4 1 6.24001e-33 
-0.00875 6.86609e-16 1.13687e-13 0.0025 1 1 2.5 0.005 196 4 1 3.77482e-33 
-0.00625 7.25644e-16 -3.9443e-29 0.0025 1 1 2.5 0.005 197 4 1 1.2326e-33 
-0.00375 1.38904e-16 -1.13687e-13 0.0025 1 1 2.5 0.005 198 4 1 3.55271e-19 
-0.00125 9.98347e-17 1.13687e-13 0.0025 1 1 2.5 0.005 199 3 1 -1.42109e-18 
0.00125 9.33334e-17 1.38051e-28 0.0025 1 1 2.5 0.005 200 4 1 3.55271e-19 
0.00375 -1.01026e-16 3.9443e-29 0.0025 1 1 2.5 0.005 201 4 1 1.2326e-33 
0.00625 -3.65552e-16 -2.07076e-28 0.0025 1 1 2.5 0.005 202 5 1 -1.42109e-18 
0.00875 -1.39136e-15 -1.7053e-13 0.0025 1 1 2.5 0.005 203 4 1 6.24001e-33 
0.01125 -1.27005e-15 -3.8457e-28 0.0025 1 1 2.5 0.005 204 3 1 0 
0.01375 -1.36989e-15 3.41061e-13 0.0025 1 1 2.5 0.005 205 4 1 6.24001e-33 
0.01625 -1.85282e-15 1.7053e-13 0.0025 1 1 2.5 0.005 206 5 1 2.59615e-32 
0.01875 -2.72867e-15 -5.68434e-13 0.0025 1 1 2.5 0.005 207 4 1 -3.55271e-19 
0.02125 -2.58735e-16 1.13687e-13 0.0025 1 1 2.5 0.005 208 4 1 -1.06581e-18 
0.02375 -1.13294e-17 -5.68434e-14 0.0025 1 1 2.5 0.005 209 5 1 -1.42109e-18 
0.02625 2.87578e-15 1.13687e-13 0.0025 1 1 2.5 0.005 210 5 1 -2.84217e-18 
0.02875 2.01531e-15 -5.52203e-28 0.0025 1 1 2.5 0.005 211 4 1 1.06581e-18 
0.03125 4.58305e-15 5.68434e-14 0.0025 1 1 2.5 0.005 212 4 1 -1.06581e-18 
0.03375 3.25613e-15 1.13687e-13 0.0025 1 1 2.5 0.005 213 5 1 -2.13163e-18 
0.03625 2.38806e-15 5.68434e-14 0.0025 1 1 2.5 0.005 214 5 1 -1.42109e-18 
0.03875 1.51401e-15 5.68434e-14 0.0025 1 1 2.5 0.005 215 5 1 -1.42109e-18 
0.04125 1.04348e-15 3.36312e-44 0.0025 1 1 2.5 0.005 216 5 1 -1.42109e-18 
0.04375 7.18293e-16 1.12104e-44 0.0025 1 1 2.5 0.005 217 5 1 -1.42109e-18 
0.04625 4.57968e-16 0 0.0025 1 1 2.5 0.005 218 5 1 -1.42109e-18 
0.04875 2.9453e-16 1.13687e-13 0.0025 1 1 2.5 0.005 219 5 1 -1.42109e-18 
0.05125 1.97288e-16 0 0.0025 1 1 2.5 0.005 220 5 1 -1.42109e-18 
0.05375 6.59776e-17 0 0.0025 1 1 2.5 0.005 221 5 1 -1.42109e-18 
0.05625 2.92876e-47 3.36312e-44 0.0025 1 1 2.5 0.005 222 5 1 -1.42109e-18 
0.05875 0 0 0.0025 1 1 2.5 0.005 223 5 1 -1.42109e-18 
0.06125 0 0 0.0025 1 1 2.5 0.005 224 5 1 -1.42109e-18 
0.06375 0 0 0.0025 1 1 2.5 0.005 225 5 1 -1.42109e-18 
0.06625 0 0 0.0025 1 1 2.5 0.005 226 5 1 -1.42109e-18 
0.06875 0 0 0.0025 1 1 2.5 0.005 227 5 1 -1.42109e-18 
0.07125 0 0 0.0025 1 1 2.5 0.005 228 5 1 -1.42109e-18 
0.07375 0 0 0.0025 1 1 2.5 0.005 229 5 1 -1.42109e-18 
0.07625 0 0 0.0025 1 1 2.5 0.005 230 5 1 -1.42109e-18 
0.07875 0 0 0.0025 1 1 2.5 0.005 231 5 1 -1.42109e-18 
0.08125 0 0 0.0025 1 1 2.5 0.005 232 5 1 -1.42109e-18 
0.08375 0 0 0.0025 1 1 2.5 0.005 233 5 1 -1.42109e-18 
0.08625 0 0 0.0025 1 1 2.5 0.005 234 5 1 -1.42109e-18 
0.08875 -2.92876e-47 -3.36312e-44 0.0025 1 1 2.5 0.005 235 5 1 -1.42109e-18 
0.09125 -6.59776e-17 -3.36312e-44 0.0025 1 1 2.5 0.005 236 5 1 -1.42109e-18 
0.09375 -1.97262e-16 -1.12104e-44 0.0025 1 1 2.5 0.005 237 5 1 -1.42109e-18 
0.09625 -4.27676e-16 -1.13687e-13 0.0025 1 1 2.5 0.005 238 5 1 -1.42109e-18 
0.09875 -9.20476e-16 -1.13687e-13 0.0025 1 1 2.5 0.005 239 5 1 -1.42109e-18 
0.10125 -1.44424e-15 -2.27374e-13 0.0025 1 1 2.5 0.005 240 5 1 -2.13163e-18 
0.10375 -3.21515e-15 -2.27374e-13 0.0025 1 1 2.5 0.005 241 5 1 7.10543e-19 
0.10625 -5.70037e-16 9.09495e-13 0.0025 1 1 2.5 0.005 242 5 1 -1.27898e-17 
0.10875 -1.54421e-15 9.66338e-13 0.0025 1 1 2.5 0.005 243 5 1 1.1724e-17 
0.11125 2.05792e-15 -5.68434e-13 0.0025 1 1 2.5 0.005 244 5 1 -9.23706e-18 
0.11375 -3.0244e-16 -5.68434e-13 0.0025 1 1 2.5 0.005 245 5 1 1.1724e-17 
0.11625 -1.34291e-16 -1.13687e-13 0.0025 1 1 2.5 0.005 246 5 1 -2.13163e-17 
0.11875 -3.2265e-15 2.27374e-13 0.0025 1 1 2.5 0.005 247 5 1 2.16716e-17 
0.12125 2.34378e-15 5.68434e-14 0.0025 1 1 2.5 0.005 248 5 1 -2.94875e-17 
0.12375 2.00917e-16 1.13687e-13 0.0025 1 1 2.5 0.005 249 3 1 1.52767e-17 
0.12625 -3.86453e-16 -1.7053e-13 0.0025 1 1 2.5 0.005 250 3 1 1.56319e-17 
0.12875 -2.43123e-15 -2.27374e-13 0.0025 1 1 2.5 0.005 251 5 1 -3.01981e-17 
0.13125 3.6552e-15 1.13687e-13 0.0025 1 1 2.5 0.005 252 5 1 1.98952e-17 
0.13375 2.31626e-16 2.27374e-13 0.0025 1 1 2.5 0.005 253 5 1 -1.74083e-17 
0.13625 1.73304e-16 2.27374e-13 0.0025 1 1 2.5 0.005 254 5 1 1.03029e-17 
0.13875 -1.24894e-15 2.84217e-13 0.0025 1 1 2.5 0.005 255 5 1 -1.13687e-17 
0.14125 8.6857e-16 -6.82121e-13 0.0025 1 1 2.5 0.005 256 5 1 1.06581e-17 
0.14375 -1.54967e-16 -7.95808e-13 0.0025 1 1 2.5 0.005 257 5 1 -1.24345e-17 
0.14625 3.67559e-15 2.27374e-13 0.0025 1 1 2.5 0.005 258 5 1 1.06581e-18 
0.14875 1.80767e-15 2.27374e-13 0.0025 1 1 2.5 0.005 259 5 1 -2.13163e-18 
0.15125 9.04732e-16 1.7053e-13 0.0025 1 1 2.5 0.005 260 5 1 -1.42109e-18 
0.15375 3.12511e-16 -5.68434e-14 0.0025 1 1 2.5 0.005 261 5 1 -1.42109e-18 
0.15625 1.64966e-16 1.13687e-13 0.0025 1 1 2.5 0.005 262 5 1 -1.42109e-18 
0.15875 6.83459e-47 3.36312e-44 0.0025 1 1 2.5 0.005 263 5 1 -1.42109e-18 
0.16125 0 0 0.0025 1 1 2.5 0.005 264 5 1 -1.42109e-18 
0.16375 0 0 0.0025 1 1 2.5 0.005 265 5 1 -1.42109e-18 
0.16625 0 0 0.0025 1 1 2.5 0.005 266 5 1 -1.42109e-18 
0.16875 0 0 0.0025 1 1 2.5 0.005 267 5 1 -1.42109e-18 
0.17125 0 0 0.0025 1 1 2.5 0.005 268 5 1 -1.42109e-18 
0.17375 0 0 0.0025 1 1 2.5 0.005 269 5 1 -1.42109e-18 
0.17625 0 0 0.0025 1 1 2.5 0.005 270 5 1 -1.42109e-18 
0.17875 0 0 0.0025 1 1 2.5 0.005 271 5 1 -1.42109e-18 
0.18125 0 0 0.0025 1 1 2.5 0.005 272 5 1 -1.42109e-18 
0.18375 0 0 0.0025 1 1 2.5 0.005 273 5 1 -1.42109e-18 
0.18625 0 0 0.0025 1 1 2.5 0.005 274 5 1 -1.42109e-18 
0.18875 0 0 0.0025 1 1 2.5 0.005 275 5 1 -1.42109e-18 
0.19125 0 0 0.0025 1 1 2.5 0.005 276 5 1 -1.42109e-18 
0.19375 0 0 0.0025 1 1 2.5 0.005 277 5 1 -1.42109e-18 
0.19625 0 0 0.0025 1 1 2.5 0.005 278 5 1 -1.42109e-18 
0.19875 0 0 0.0025 1 1 2.5 0.005 279 5 1 -1.42109e-18 
0.20125 0 0 0.0025 1 1 2.5 0.005 280 5 1 -1.42109e-18 
0.20375 0 0 0.0025 1 1 2.5 0.005 281 5 1 -1.42109e-18 
0.20625 0 0 0.0025 1 1 2.5 0.005 282 5 1 -1.42109e-18 
0.20875 0 0 0.0025 1 1 2.5 0.005 283 5 1 -1.42109e-18 
0.21125 -6.83218e-47 -3.36312e-44 0.0025 1 1 2.5 0.005 284 5 1 -1.42109e-18 
0.21375 -1.31951e-16 -3.36312e-44 0.0025 1 1 2.5 0.005 285 5 1 -1.42109e-18 
0.21625 -2.96254e-16 -1.13687e-13 0.0025 1 1 2.5 0.005 286 5 1 -1.42109e-18 
0.21875 -6.41952e-16 -1.7053e-13 0.0025 1 1 2.5 0.005 287 5 1 -1.42109e-18 
0.22125 -1.33272e-15 -2.84217e-13 0.0025 1 1 2.5 0.005 288 5 1 -2.13163e-18 
0.22375 -3.91289e-15 -4.54747e-13 0.0025 1 1 2.5 0.005 289 5 1 3.90799e-18 
0.22625 -3.41359e-15 -1.13687e-13 0.0025 1 1 2.5 0.005 290 5 1 -1.42109e-17 
0.22875 -6.18613e-15 -1.13687e-13 0.0025 1 1 2.5 0.005 291 5 1 1.24345e-17 
0.23125 -1.50703e-15 1.13687e-12 0.0025 1 1 2.5 0.005 292 5 1 -2.52243e-17 
0.23375 -2.83951e-15 1.13687e-12 0.0025 1 1 2.5 0.005 293 5 1 2.38032e-17 
0.23625 2.65625e-15 -7.38964e-13 0.0025 1 1 2.5 0.005 294 5 1 -2.02505e-17 
0.23875 -7.83227e-16 -9.09495e-13 0.0025 1 1 2.5 0.005 295 5 1 2.45137e-17 
0.24125 2.12665e-16 6.25278e-13 0.0025 1 1 2.5 0.005 296 5 1 -4.22773e-17 
0.24375 -4.06437e-15 9.66338e-13 0.0025 1 1 2.5 0.005 297 5 1 4.44089e-17 
0.24625 5.58295e-15 -9.09495e-13 0.0025 1 1 2.5 0.005 298 5 1 -4.83169e-17 
0.24875 -8.07756e-17 -5.68434e-13 0.0025 1 1 2.5 0.005 299 4 1 2.4869e-17 
0.25125 -7.36315e-19 6.25278e-13 0.0025 1 1 2.5 0.005 300 4 1 2.4869e-17 
0.25375 -5.66733e-15 8.52651e-13 0.0025 1 1 2.5 0.005 301 5 1 -4.83169e-17 
0.25625 4.08303e-15 -1.02318e-12 0.0025 1 1 2.5 0.005 302 5 1 4.44089e-17 
0.25875 -3.46199e-16 -7.38964e-13 0.0025 1 1 2.5 0.005 303 5 1 -4.15668e-17 
0.26125 8.20275e-16 9.09495e-13 0.0025 1 1 2.5 0.005 304 5 1 2.30926e-17 
0.26375 -2.71999e-15 7.38964e-13 0.0025 1 1 2.5 0.005 305 5 1 -1.95399e-17 
0.26625 3.46461e-15 -1.13687e-12 0.0025 1 1 2.5 0.005 306 5 1 2.27374e-17 
0.26875 1.86895e-15 -1.02318e-12 0.0025 1 1 2.5 0.005 307 5 1 -2.30926e-17 
0.27125 6.28565e-15 2.27374e-13 0.0025 1 1 2.5 0.005 308 5 1 9.9476e-18 
0.27375 3.52852e-15 2.84217e-13 0.0025 1 1 2.5 0.005 309 5 1 -1.13687e-17 
0.27625 3.5668e-15 2.84217e-13 0.0025 1 1 2.5 0.005 310 5 1 2.4869e-18 
0.27875 1.46471e-15 2.84217e-13 0.0025 1 1 2.5 0.005 311 5 1 -2.13163e-18 
0.28125 7.08242e-16 1.7053e-13 0.0025 1 1 2.5 0.005 312 5 1 -1.42109e-18 
0.28375 1.81418e-16 5.68434e-14 0.0025 1 1 2.5 0.005 313 5 1 -1.42109e-18 
0.28625 9.11002e-47 4.48416e-44 0.0025 1 1 2.5 0.005 314 5 1 -1.42109e-18 
0.28875 0 0 0.0025 1 1 2.5 0.005 315 5 1 -1.42109e-18 
0.29125 0 0 0.0025 1 1 2.5 0.005 316 5 1 -1.42109e-18 
0.29375 0 0 0.0025 1 1 2.5 0.005 317 5 1 -1.42109e-18 
0.29625 0 0 0.0025 1 1 2.5 0.005 318 5 1 -1.42109e-18 
0.29875 0 0 0.0025 1 1 2.5 0.005 319 5 1 -1.42109e-18 
0.30125 0 0 0.0025 1 1 2.5 0.005 320 5 1 -1.42109e-18 
0.30375 0 0 0.0025 1 1 2.5 0.005 321 5 1 -1.42109e-18 
0.30625 0 0 0.0025 1 1 2.5 0.005 322 5 1 -1.42109e-18 
0.30875 0 0 0.0025 1 1 2.5 0.005 323 5 1 -1.42109e-18 
0.31125 0 0 0.0025 1 1 2.5 0.005 324 5 1 -1.42109e-18 
0.31375 0 0 0.0025 1 1 2.5 0.005 325 5 1 -1.42109e-18 
0.31625 0 0 0.0025 1 1 2.5 0.005 326 5 1 -1.42109e-18 
0.31875 0 0 0.0025 1 1 2.5 0.005 327 5 1 -1.42109e-18 
0.32125 0 0 0.0025 1 1 2.5 0.005 328 5 1 -1.42109e-18 
0.32375 0 0 0.0025 1 1 2.5 0.005 329 5 1 -1.42109e-18 
0.32625 0 0 0.0025 1 1 2.5 0.005 330 5 1 -1.42109e-18 
0.32875 0 0 0.0025 1 1 2.5 0.005 331 5 1 -1.42109e-18 
0.33125 0 0 0.0025 1 1 2.5 0.005 332 5 1 -1.42109e-18 
0.33375 0 0 0.0025 1 1 2.5 0.005 333 5 1 -1.42109e-18 
0.33625 0 0 0.0025 1 1 2.5 0.005 334 5 1 -1.42109e-18 
0.33875 0 0 0.0025 1 1 2.5 0.005 335 5 1 -1.42109e-18 
0.34125 0 0 0.0025 1 1 2.5 0.005 336 5 1 -1.42109e-18 
0.34375 0 0 0.0025 1 1 2.5 0.005 337 5 1 -1.42109e-18 
0.34625 0 0 0.0025 1 1 2.5 0.005 338 5 1 -1.42109e-18 
0.34875 0 0 0.0025 1 1 2.5 0.005 339 5 1 -1.42109e-18 
0.35125 0 0 0.0025 1 1 2.5 0.005 340 5 1 -1.42109e-18 
0.35375 0 0 0.0025 1 1 2.5 0.005 341 5 1 -1.42109e-18 
0.35625 0 0 0.0025 1 1 2.5 0.005 342 5 1 -1.42109e-18 
0.35875 0 0 0.0025 1 1 2.5 0.005 343 5 1 -1.42109e-18 
0.36125 0 0 0.0025 1 1 2.5 0.005 344 5 1 -1.42109e-18 
0.36375 0 0 0.0025 1 1 2.5 0.005 345 5 1 -1.42109e-18 
0.36625 0 0 0.0025 1 1 2.5 0.005 346 5 1 -1.42109e-18 
0.36875 0 0 0.0025 1 1 2.5 0.005 347 5 1 -1.42109e-18 
0.37125 0 0 0.0025 1 1 2.5 0.005 348 5 1 -1.42109e-18 
0.37375 0 0 0.0025 1 1 2.5 0.005 349 5 1 -1.42109e-18 
0.37625 0 0 0.0025 1 1 2.5 0.005 350 5 1 -1.42109e-18 
0.37875 -3.58285e-47 -5.60519e-44 0.0025 1 1 2.5 0.005 351 5 1 -1.42109e-18 
0.38125 -1.32124e-16 -2.27374e-13 0.0025 1 1 2.5 0.005 352 5 1 -1.42109e-18 
0.38375 -3.63004e-16 -1.13687e-13 0.0025 1 1 2.5 0.005 353 5 1 -2.84217e-18 
0.38625 1.04121e-15 3.58114e-12 0.0025 1 1 2.5 0.005 354 5 1 -8.88178e-18 
0.38875 2.13162e-14 3.00702e-11 0.0025 1 1 2.5 0.005 355 5 1 5.11591e-17 
0.39125 -4.18099e-14 -1.94973e-10 0.0025 1 1 2.5 0.005 356 4 1 3.79075e-16 
0.39375 -8.74625e-13 -1.10731e-09 0.0025 1 1 2.5 0.005 357 4 1 7.51399e-16 
0.39625 -3.58496e-12 -2.53902e-09 0.0025 1 1 2.5 0.005 358 3 1 -1.73479e-15 
0.39875 -4.21456e-12 4.44948e-09 0.0025 1 1 2.5 0.005 359 4 1 -1.89736e-14 
0.40125 3.32438e-11 5.23166e-08 0.0025 1 1 2.5 0.005 360 5 1 2.71886e-14 
0.40375 5.78361e-11 -9.11104e-08 0.0025 1 1 2.5 0.005 361 4 1 3.5211e-13 
0.40625 -5.83875e-10 -9.13437e-07 0.0025 1 1 2.5 0.005 362 4 1 1.16193e-12 
0.40875 -3.49202e-09 -3.10675e-06 0.0025 1 1 2.5 0.005 363 4 1 1.31452e-12 
0.41125 -9.46927e-09 -3.40639e-06 0.0025 1 1 2.5 0.005 364 3 1 -7.54753e-12 
0.41375 -5.25867e-09 1.66157e-05 0.0025 1 1 2.5 0.005 365 4 1 -3.31699e-11 
0.41625 7.59935e-08 8.55898e-05 0.0025 1 1 2.5 0.005 366 5 1 9.15745e-11 
0.41875 2.39659e-08 -0.000247393 0.0025 1 1 2.5 0.005 367 4 1 6.01883e-10 
0.42125 -1.08356e-06 -0.00134714 0.0025 1 1 2.5 0.005 368 4 1 1.69301e-09 
0.42375 -5.20526e-06 -0.00390879 0.0025 1 1.00001 2.5 0.00499998 369 4 1 2.49766e-09 
0.42625 -1.41805e-05 -0.00622166 0.0025 1.00001 1.00001 2.50001 0.00499995 370 4 1 -2.4068e-09 
0.42875 -2.07064e-05 0.00271136 0.0025 1.00001 1.00001 2.50001 0.00499995 371 3 1 -3.01499e-08 
0.43125 2.3615e-05 0.0616105 0.0025 0.999977 0.999969 2.49998 0.00500012 372 4 1 4.11e-09 
0.43375 0.000108641 -0.037432 0.0025 0.999973 0.999976 2.49997 0.00500014 373 5 1 2.89927e-07 
0.43625 -0.000316269 -0.554107 0.0025 1.00034 1.00052 2.50032 0.00499829 374 4 1 9.96623e-07 
0.438748 -0.00224935 -1.87934 0.0025 1.00188 1.00274 2.50183 0.00499062 375 4 1 2.5053e-06 
0.441241 -0.00763773 -4.42614 0.0025 1.00599 1.00858 2.50591 0.00497024 376 4 1 5.0662e-06 
0.443719 -0.0187435 -7.86802 0.0025 1.01433 1.02039 2.51426 0.00492936 377 4 1 7.63616e-06 
0.44617 -0.0362231 -10.58 0.0025 1.02759 1.03912 2.52755 0.00486576 378 4 1 7.21854e-06 
0.448585 -0.0570946 -10.5405 0.0025 1.0439 1.06214 2.54385 0.00478971 379 4 1 5.37099e-07 
0.45096 -0.0745633 -5.7246 0.0025 1.05761 1.08108 2.55751 0.00472766 380 3 1 -1.3608e-05 
0.453312 -0.0759574 8.71738 0.0025 1.05443 1.07595 2.55505 0.00474192 381 4 1 -2.99873e-05 
0.455702 -0.0284632 37.3061 0.0025 1.01833 1.02604 2.51989 0.00491002 382 4 1 -4.98106e-06 
0.458226 0.0432998 28.6238 0.0025 0.966583 0.954718 2.46712 0.00517286 383 4 1 5.31014e-05 
0.460879 0.0919851 17.6924 0.0025 0.923569 0.895174 2.42252 0.00541378 384 4 1 3.59948e-05 
0.463643 0.142813 24.3356 0.0025 0.881579 0.838612 2.37832 0.00567164 385 4 1 2.26483e-05 
0.466556 0.210201 27.8158 0.0025 0.832851 0.774865 2.32495 0.00600347 386 4 1 4.16769e-05 
0.469653 0.282967 26.1787 0.0025 0.782037 0.709706 2.26713 0.00639356 387 4 1 5.53137e-05 
0.472957 0.35713 24.6529 0.0025 0.732598 0.647832 2.20874 0.00682502 388 4 1 5.95236e-05 
0.476488 0.431255 22.0545 0.0025 0.686319 0.59143 2.15185 0.00728525 389 4 1 6.26684e-05 
0.480252 0.499033 17.1887 0.0025 0.646365 0.543883 2.10077 0.00773557 390 4 1 5.9351e-05 
0.484231 0.55113 10.7279 0.0025 0.615939 0.508267 2.06058 0.00811768 391 4 1 4.40015e-05 
0.488374 0.585064 6.8384 0.0025 0.594533 0.483346 2.03171 0.00840996 392 4 1 2.08805e-05 
0.492644 0.617361 9.9803 0.0025 0.575211 0.461376 2.0052 0.00869246 393 4 1 1.14212e-05 
0.49707 0.662801 10.673 0.0025 0.554412 0.438725 1.97587 0.00901856 394 4 1 2.88772e-05 
0.501666 0.687243 -1.61175 0.0025 0.542918 0.426134 1.9595 0.00920949 395 5 1 2.25398e-05 
0.50628 0.675432 -1.07301 0.0025 0.543014 0.425952 1.96038 0.00920786 396 4 1 3.70618e-06 
0.510874 0.675918 1.00674 0.0025 0.546023 0.428315 1.96534 0.00915712 397 3 1 -2.15604e-05 
0.515437 0.679327 0.121708 0.0025 0.5333 0.422202 1.94473 0.00937559 398 4 1 0.000180838 
0.520256 0.674967 -0.537724 0.0025 0.507052 0.427942 2.14575 0.00986093 399 4 1 -0.000133468 
0.525305 0.671459 0.903761 0.0025 0.477634 0.417865 2.14603 0.0104683 400 4 1 0.00026039 
0.530741 0.665139 0.655247 0.0025 0.445325 0.420413 2.42438 0.0112277 401 4 1 -0.000239661 
0.536549 0.644512 4.62144 0.0025 0.426556 0.399578 2.33597 0.0117218 402 4 1 5.72612e-05 
0.542465 0.604468 5.87432 0.0025 0.408931 0.37167 2.27855 0.012227 403 4 1 -3.23033e-05 
0.54879 0.515642 21.047 0.0025 0.36796 0.318906 2.16471 0.0135884 404 4 1 4.30974e-05 
0.556147 0.296408 39.404 0.0025 0.311435 0.251217 1.99676 0.0160547 405 4 1 0.000250574 
0.56506 0.072722 24.9482 0.0025 0.267542 0.200459 1.85273 0.0186886 406 4 1 0.000315403 
0.574938 -0.00813685 3.41575 0.0025 0.250918 0.181294 1.79793 0.0199268 407 4 1 9.86395e-05 
0.584993 -0.00467889 -1.69046 0.0025 0.249208 0.17882 1.79272 0.0200635 408 5 1 6.71258e-06 
0.595002 7.89906e-05 -0.159181 0.0025 0.249902 0.179375 1.79472 0.0200078 409 4 1 -1.41766e-06 
0.605001 0.000184154 0.0294408 0.0025 0.250023 0.179517 1.79507 0.0199982 410 3 1 -3.10971e-07 
0.615 4.38027e-05 0.014327 0.0025 0.250009 0.179509 1.79502 0.0199993 411 4 1 1.66656e-08 
0.625 3.64336e-06 0.00226528 0.0025 0.250001 0.179502 1.795 0.0199999 412 4 1 1.4718e-08 
0.635 -6.20199e-07 -8.94485e-06 0.0025 0.25 0.1795 1.795 0.02 413 4 1 2.90177e-09 
0.645 -1.31503e-07 -6.43864e-05 0.0025 0.25 0.1795 1.795 0.02 414 5 1 1.48377e-10 
0.655 4.51117e-09 -2.76846e-06 0.0025 0.25 0.1795 1.795 0.02 415 4 1 -5.76602e-11 
0.665 3.91803e-09 1.02671e-06 0.0025 0.25 0.1795 1.795 0.02 416 3 1 -6.92856e-12 
0.675 6.71849e-10 3.00874e-07 0.0025 0.25 0.1795 1.795 0.02 417 4 1 4.45617e-13 
0.685 3.53682e-11 2.98702e-08 0.0025 0.25 0.1795 1.795 0.02 418 4 1 2.41048e-13 
0.695 -7.98959e-12 -1.6561e-09 0.0025 0.25 0.1795 1.795 0.02 419 4 1 3.50354e-14 
0.705 -1.14434e-12 -6.89511e-10 0.0025 0.25 0.1795 1.795 0.02 420 5 1 1.07416e-15 
0.715 3.90388e-14 -1.1795e-11 0.0025 0.25 0.1795 1.795 0.02 421 4 1 -5.14433e-16 
0.725 1.91468e-14 7.94387e-12 0.0025 0.25 0.1795 1.795 0.02 422 4 1 -4.92051e-17 
0.735 2.39104e-15 1.39266e-12 0.0025 0.25 0.1795 1.795 0.02 423 5 1 1.59872e-18 
0.745 1.15469e-16 8.52651e-14 0.0025 0.25 0.1795 1.795 0.02 424 5 1 -5.32907e-19 
0.755 2.52047e-47 1.96182e-44 0.0025 0.25 0.1795 1.795 0.02 425 5 1 -1.42109e-18 
0.765 0 0 0.0025 0.25 0.1795 1.795 0.02 426 5 1 -1.42109e-18 
0.775 0 0 0.0025 0.25 0.1795 1.795 0.02 427 5 1 -1.42109e-18 
0.785 0 0 0.0025 0.25 0.1795 1.795 0.02 428 5 1 -1.42109e-18 
0.795 0 0 0.0025 0.25 0.1795 1.795 0.02 429 5 1 -1.42109e-18 
0.805 0 0 0.0025 0.25 0.1795 1.795 0.02 430 5 1 -1.42109e-18 
0.815 0 0 0.0025 0.25 0.1795 1.795 0.02 431 5 1 -1.42109e-18 
0.825 0 0 0.0025 0.25 0.1795 1.795 0.02 432 5 1 -1.42109e-18 
0.835 0 0 0.0025 0.25 0.1795 1.795 0.02 433 5 1 -1.42109e-18 
0.845 0 0 0.0025 0.25 0.1795 1.795 0.02 434 5 1 -1.42109e-18 
0.855 0 0 0.0025 0.25 0.1795 1.795 0.02 435 5 1 -1.42109e-18 
0.865 0 0 0.0025 0.25 0.1795 1.795 0.02 436 5 1 -1.42109e-18 
0.875 0 0 0.0025 0.25 0.1795 1.795 0.02 437 5 1 -1.42109e-18 
0.885 0 0 0.0025 0.25 0.1795 1.795 0.02 438 5 1 -1.42109e-18 
0.895 0 0 0.0025 0.25 0.1795 1.795 0.02 439 5 1 -1.42109e-18 
0.905 0 0 0.0025 0.25 0.1795 1.795 0.02 440 5 1 -1.42109e-18 
0.915 0 0 0.0025 0.25 0.1795 1.795 0.02 441 5 1 -1.42109e-18 
0.925 0 0 0.0025 0.25 0.1795 1.795 0.02 442 5 1 -1.42109e-18 
0.935 -1.7043e-47 -2.8026e-45 0.0025 0.25 0.1795 1.795 0.02 443 5 1 -1.42109e-18 
0.945 -8.64183e-17 -1.42109e-14 0.0025 0.25 0.1795 1.795 0.02 444 5 1 -1.42109e-18 
0.955 -2.83349e-16 -4.26326e-14 0.0025 0.25 0.1795 1.795 0.02 445 5 1 -1.06581e-18 
0.965 -1.19849e-15 -1.42109e-13 0.0025 0.25 0.1795 1.795 0.02 446 5 1 -1.77636e-18 
0.975 -7.12982e-15 -3.55271e-13 0.0025 0.25 0.1795 1.795 0.02 447 5 1 8.88178e-18 
0.985 -1.79145e-15 2.98428e-13 0.0025 0.25 0.1795 1.795 0.02 448 5 1 -3.6593e-17 
0.995 -1.16874e-14 4.54747e-13 0.0025 0.25 0.1795 1.795 0.02 449 4 1 2.54019e-17 
1.005 1.16792e-14 -4.54747e-13 0.0025 0.25 0.1795 1.795 0.02 450 4 1 2.54019e-17 
1.015 1.76697e-15 -2.98428e-13 0.0025 0.25 0.1795 1.795 0.02 451 5 1 -3.6593e-17 
1.025 7.13822e-15 3.55271e-13 0.0025 0.25 0.1795 1.795 0.02 452 5 1 8.88178e-18 
1.035 1.19851e-15 1.42109e-13 0.0025 0.25 0.1795 1.795 0.02 453 5 1 -1.77636e-18 
1.045 2.83251e-16 4.26326e-14 0.0025 0.25 0.1795 1.795 0.02 454 5 1 -1.06581e-18 
1.055 9.46391e-17 1.42109e-14 0.0025 0.25 0.1795 1.795 0.02 455 5 1 -1.42109e-18 
1.065 1.86643e-47 2.8026e-45 0.0025 0.25 0.1795 1.795 0.02 456 5 1 -1.42109e-18 
1.075 0 0 0.0025 0.25 0.1795 1.795 0.02 457 5 1 -1.42109e-18 
1.085 0 0 0.0025 0.25 0.1795 1.795 0.02 458 5 1 -1.42109e-18 
1.095 0 0 0.0025 0.25 0.1795 1.795 0.02 459 5 1 -1.42109e-18 
1.105 0 0 0.0025 0.25 0.1795 1.795 0.02 460 5 1 -1.42109e-18 
1.115 0 0 0.0025 0.25 0.1795 1.795 0.02 461 5 1 -1.42109e-18 
1.125 0 0 0.0025 0.25 0.1795 1.795 0.02 462 5 1 -1.42109e-18 
1.135 0 0 0.0025 0.25 0.1795 1.795 0.02 463 5 1 -1.42109e-18 
1.145 0 0 0.0025 0.25 0.1795 1.795 0.02 464 5 1 -1.42109e-18 
1.155 0 0 0.0025 0.25 0.1795 1.795 0.02 465 5 1 -1.42109e-18 
1.165 0 0 0.0025 0.25 0.1795 1.795 0.02 466 5 1 -1.42109e-18 
1.175 0 0 0.0025 0.25 0.1795 1.795 0.02 467 5 1 -1.42109e-18 
1.185 0 0 0.0025 0.25 0.1795 1.795 0.02 468 5 1 -1.42109e-18 
1.195 0 0 0.0025 0.25 0.1795 1.795 0.02 469 5 1 -1.42109e-18 
1.205 0 0 0.0025 0.25 0.1795 1.795 0.02 470 5 1 -1.42109e-18 
1.215 0 0 0.0025 0.25 0.1795 1.795 0.02 471 5 1 -1.42109e-18 
1.225 0 0 0.0025 0.25 0.1795 1.795 0.02 472 5 1 -1.42109e-18 
1.235 0 0 0.0025 0.25 0.1795 1.795 0.02 473 5 1 -1.42109e-18 
1.245 -2.52047e-47 -1.96182e-44 0.0025 0.25 0.1795 1.795 0.02 474 5 1 -1.42109e-18 
1.255 -1.07222e-16 -8.52651e-14 0.0025 0.25 0.1795 1.795 0.02 475 5 1 -5.32907e-19 
1.265 -2.33331e-15 -1.36424e-12 0.0025 0.25 0.1795 1.795 0.02 476 5 1 1.59872e-18 
1.275 -1.91434e-14 -7.95808e-12 0.0025 0.25 0.1795 1.795 0.02 477 4 1 -4.68958e-17 
1.285 -3.6486e-14 1.20224e-11 0.0025 0.25 0.1795 1.795 0.02 478 4 1 -5.24025e-16 
1.295 1.12143e-12 6.8836e-10 0.0025 0.25 0.1795 1.795 0.02 479 5 1 1.08304e-15 
1.305 8.02468e-12 1.65483e-09 0.0025 0.25 0.1795 1.795 0.02 480 4 1 3.50528e-14 
1.315 -3.53857e-11 -2.98676e-08 0.0025 0.25 0.1795 1.795 0.02 481 4 1 2.41002e-13 
1.325 -6.71879e-10 -3.00872e-07 0.0025 0.25 0.1795 1.795 0.02 482 4 1 4.45617e-13 
1.335 -3.91795e-09 -1.0267e-06 0.0025 0.25 0.1795 1.795 0.02 483 3 1 -6.92846e-12 
1.345 -4.51118e-09 2.76844e-06 0.0025 0.25 0.1795 1.795 0.02 484 4 1 -5.76603e-11 
1.355 1.31503e-07 6.43865e-05 0.0025 0.25 0.1795 1.795 0.02 485 5 1 1.48377e-10 
1.365 6.20199e-07 8.94485e-06 0.0025 0.25 0.1795 1.795 0.02 486 4 1 2.90177e-09 
1.375 -3.64336e-06 -0.00226528 0.0025 0.250001 0.179502 1.795 0.0199999 487 4 1 1.4718e-08 
1.385 -4.38027e-05 -0.014327 0.0025 0.250009 0.179509 1.79502 0.0199993 488 4 1 1.66656e-08 
1.395 -0.000184154 -0.0294408 0.0025 0.250023 0.179517 1.79507 0.0199982 489 3 1 -3.10971e-07 
1.405 -7.89906e-05 0.159181 0.0025 0.249902 0.179375 1.79472 0.0200078 490 4 1 -1.41766e-06 
1.41501 0.00467889 1.69046 0.0025 0.249208 0.17882 1.79272 0.0200635 491 5 1 6.71258e-06 
1.42506 0.00813685 -3.41575 0.0025 0.250918 0.181294 1.79793 0.0199268 492 4 1 9.86395e-05 
1.43494 -0.072722 -24.9482 0.0025 0.267542 0.200459 1.85273 0.0186886 493 4 1 0.000315403 
1.44385 -0.296408 -39.404 0.0025 0.311435 0.251217 1.99676 0.0160547 494 4 1 0.000250574 
1.45121 -0.515642 -21.047 0.0025 0.36796 0.318906 2.16471 0.0135884 495 4 1 4.30974e-05 
1.45753 -0.604468 -5.87432 0.0025 0.408931 0.37167 2.27855 0.012227 496 4 1 -3.23033e-05 
1.46345 -0.644512 -4.62144 0.0025 0.426556 0.399578 2.33597 0.0117218 497 4 1 5.72612e-05 
1.46926 -0.665139 -0.655247 0.0025 0.445325 0.420413 2.42438 0.0112277 498 4 1 -0.000239661 
1.4747 -0.671459 -0.903761 0.0025 0.477634 0.417865 2.14603 0.0104683 499 4 1 0.00026039 
