# Time [s]: 0.0499447
# Columns: pos [m], vel [m/s], acc [m/s^2], mass [kg], dens [kg/m^3], pres [Pa], ene [J/kg], sml [m], id, neighbor, alpha, gradh, ...additional?
1.4687 -0.675008 0.0425022 0.0025 0.50963 0.431032 2.15011 0.00981105 0 4 1 -0.000134559 
1.4735 -0.675604 0.0916137 0.0025 0.535346 0.424452 1.94777 0.00933975 1 4 1 0.000178771 
1.47805 -0.676088 0.0992032 0.0025 0.546453 0.428891 1.96594 0.00914991 2 3 1 -1.9222e-05 
1.48265 -0.676627 0.123369 0.0025 0.543878 0.426884 1.96163 0.00919324 3 4 1 3.37743e-06 
1.48724 -0.677763 0.370123 0.0025 0.543808 0.426554 1.96088 0.00919443 4 4 1 4.01223e-07 
1.49184 -0.678378 -0.215916 0.0025 0.543796 0.42651 1.96062 0.00919462 5 5 1 9.63694e-07 
1.49644 -0.676575 -0.360089 0.0025 0.544427 0.427115 1.96145 0.00918397 6 4 1 -8.29438e-07 
-0.498975 -0.676352 0.683436 0.0025 0.544438 0.427221 1.96136 0.00918378 7 4 1 2.22191e-06 
-0.49438 -0.678814 -0.862341 0.0025 0.54621 0.429473 1.96379 0.00915399 8 4 1 1.59238e-05 
-0.489821 -0.658607 -7.67138 0.0025 0.556241 0.440565 1.97815 0.00898891 9 4 1 2.32584e-05 
-0.485389 -0.621538 -9.64019 0.0025 0.57399 0.460053 2.00319 0.00871095 10 4 1 1.42711e-05 
-0.481107 -0.586337 -7.93054 0.0025 0.592779 0.481149 2.02909 0.00843485 11 4 1 1.11595e-05 
-0.476952 -0.556372 -7.74263 0.0025 0.610788 0.501874 2.05343 0.00818614 12 4 1 1.83607e-05 
-0.472918 -0.522268 -10.2878 0.0025 0.631146 0.525591 2.0805 0.0079221 13 4 1 2.76808e-05 
-0.469027 -0.479539 -13.4053 0.0025 0.656385 0.55527 2.11339 0.00761748 14 4 1 3.30446e-05 
-0.465297 -0.42986 -15.7469 0.0025 0.686313 0.590978 2.15143 0.0072853 15 4 1 3.4195e-05 
-0.461736 -0.377059 -17.164 0.0025 0.719441 0.631208 2.19236 0.00694984 16 4 1 3.25936e-05 
-0.458342 -0.323891 -17.8301 0.0025 0.754194 0.674221 2.23409 0.00662959 17 4 1 3.00095e-05 
-0.455103 -0.272095 -18.1576 0.0025 0.789464 0.718689 2.27527 0.00633341 18 4 1 2.64053e-05 
-0.452005 -0.222987 -17.7278 0.0025 0.82436 0.763479 2.31491 0.00606531 19 4 1 2.37175e-05 
-0.449034 -0.176964 -17.7668 0.0025 0.858576 0.808229 2.35279 0.0058236 20 4 1 2.49164e-05 
-0.446179 -0.131282 -19.8791 0.0025 0.8933 0.854335 2.39045 0.00559723 21 4 1 2.08768e-05 
-0.443434 -0.0851269 -18.5216 0.0025 0.927432 0.900017 2.42666 0.00539123 22 4 1 4.51875e-06 
-0.440786 -0.0517756 -9.64551 0.0025 0.954773 0.937281 2.4547 0.00523685 23 4 1 6.4223e-06 
-0.438197 -0.0295718 -12.906 0.0025 0.978188 0.97031 2.47831 0.00511149 24 4 1 3.10502e-05 
-0.435673 0.0131979 -27.6039 0.0025 1.01116 1.01627 2.51201 0.00494479 25 4 1 1.2467e-05 
-0.43325 0.0602772 -15.2962 0.0025 1.04377 1.06119 2.54433 0.00479033 26 4 1 -2.0696e-05 
-0.430882 0.0692142 1.95709 0.0025 1.05437 1.07631 2.55424 0.00474217 27 3 1 -1.43792e-05 
-0.428508 0.0596846 6.50952 0.0025 1.04708 1.06651 2.54691 0.00477517 28 4 1 -3.5307e-06 
-0.426107 0.0445264 8.17645 0.0025 1.0347 1.04906 2.5346 0.00483234 29 4 1 2.55044e-06 
-0.423675 0.0289704 7.57475 0.0025 1.02235 1.03162 2.52229 0.00489069 30 4 1 4.89871e-06 
-0.421216 0.0162861 5.67932 0.0025 1.01254 1.01778 2.51248 0.00493807 31 4 1 4.70733e-06 
-0.418737 0.00779819 3.49577 0.0025 1.00606 1.00862 2.506 0.0049699 32 4 1 3.31589e-06 
-0.416246 0.00310016 1.77604 0.0025 1.00246 1.00353 2.50242 0.00498773 33 4 1 1.89157e-06 
-0.413749 0.000957891 0.733878 0.0025 1.0008 1.00116 2.50078 0.00499601 34 4 1 9.12364e-07 
-0.41125 0.00018038 0.229344 0.0025 1.00018 1.00026 2.50017 0.00499912 35 4 1 3.71843e-07 
-0.40875 -1.69091e-05 0.038306 0.0025 1.00001 1.00002 2.5 0.00499996 36 4 1 1.20145e-07 
-0.40625 -1.07166e-05 -0.0218972 0.0025 0.999994 0.999992 2.49999 0.00500003 37 5 1 1.45199e-08 
-0.40375 8.41282e-06 -0.00282035 0.0025 1 1.00001 2.5 0.00499998 38 4 1 -1.07254e-08 
-0.40125 7.11105e-06 0.00207437 0.0025 1 1.00001 2.5 0.00499998 39 3 1 -1.73423e-09 
-0.39875 3.30058e-06 0.00182486 0.0025 1 1 2.5 0.00499999 40 4 1 8.17417e-10 
-0.39625 1.01495e-06 0.000857014 0.0025 1 1 2.5 0.005 41 4 1 8.26859e-10 
-0.39375 1.58234e-07 0.000251019 0.0025 1 1 2.5 0.005 42 4 1 3.93833e-10 
-0.39125 -3.25952e-08 2.34124e-05 0.0025 1 1 2.5 0.005 43 4 1 1.19007e-10 
-0.38875 -1.02092e-08 -2.20915e-05 0.0025 1 1 2.5 0.005 44 5 1 5.59164e-12 
-0.38625 5.7517e-09 -1.32881e-06 0.0025 1 1 2.5 0.005 45 4 1 -9.94993e-12 
-0.38375 4.00963e-09 1.91496e-06 0.0025 1 1 2.5 0.005 46 3 1 -8.03116e-13 
-0.38125 1.37027e-09 1.13917e-06 0.0025 1 1 2.5 0.005 47 4 1 7.58315e-13 
-0.37875 2.37377e-10 3.52093e-07 0.0025 1 1 2.5 0.005 48 4 1 4.81063e-13 
-0.37625 -2.76615e-11 4.19432e-08 0.0025 1 1 2.5 0.005 49 4 1 1.51497e-13 
-0.37375 -1.55361e-11 -2.48857e-08 0.0025 1 1 2.5 0.005 50 5 1 1.31273e-14 
-0.37125 3.46329e-12 -2.35451e-09 0.0025 1 1 2.5 0.005 51 4 1 -1.02549e-14 
-0.36875 2.81274e-12 1.53466e-09 0.0025 1 1 2.5 0.005 52 3 1 -1.04343e-15 
-0.36625 8.73706e-13 8.29459e-10 0.0025 1 1 2.5 0.005 53 4 1 5.26157e-16 
-0.36375 1.09743e-13 2.42267e-10 0.0025 1 1 2.5 0.005 54 4 1 3.43192e-16 
-0.36125 -2.31885e-14 -1.31877e-11 0.0025 1 1 2.5 0.005 55 5 1 7.56728e-17 
-0.35875 -2.11852e-15 -4.60432e-12 0.0025 1 1 2.5 0.005 56 5 1 -3.55271e-18 
-0.35625 2.83634e-16 -5.68434e-14 0.0025 1 1 2.5 0.005 57 5 1 -4.26326e-18 
-0.35375 2.002e-16 1.13687e-13 0.0025 1 1 2.5 0.005 58 5 1 -1.42109e-18 
-0.35125 3.33502e-17 1.13687e-13 0.0025 1 1 2.5 0.005 59 5 1 -1.42109e-18 
-0.34875 9.86576e-48 3.36312e-44 0.0025 1 1 2.5 0.005 60 5 1 -1.42109e-18 
-0.34625 0 0 0.0025 1 1 2.5 0.005 61 5 1 -1.42109e-18 
-0.34375 0 0 0.0025 1 1 2.5 0.005 62 5 1 -1.42109e-18 
-0.34125 0 0 0.0025 1 1 2.5 0.005 63 5 1 -1.42109e-18 
-0.33875 0 0 0.0025 1 1 2.5 0.005 64 5 1 -1.42109e-18 
-0.33625 0 0 0.0025 1 1 2.5 0.005 65 5 1 -1.42109e-18 
-0.33375 0 0 0.0025 1 1 2.5 0.005 66 5 1 -1.42109e-18 
-0.33125 0 0 0.0025 1 1 2.5 0.005 67 5 1 -1.42109e-18 
-0.32875 0 0 0.0025 1 1 2.5 0.005 68 5 1 -1.42109e-18 
-0.32625 0 0 0.0025 1 1 2.5 0.005 69 5 1 -1.42109e-18 
-0.32375 0 0 0.0025 1 1 2.5 0.005 70 5 1 -1.42109e-18 
-0.32125 0 0 0.0025 1 1 2.5 0.005 71 5 1 -1.42109e-18 
-0.31875 0 0 0.0025 1 1 2.5 0.005 72 5 1 -1.42109e-18 
-0.31625 0 0 0.0025 1 1 2.5 0.005 73 5 1 -1.42109e-18 
-0.31375 0 0 0.0025 1 1 2.5 0.005 74 5 1 -1.42109e-18 
-0.31125 0 0 0.0025 1 1 2.5 0.005 75 5 1 -1.42109e-18 
-0.30875 0 0 0.0025 1 1 2.5 0.005 76 5 1 -1.42109e-18 
-0.30625 0 0 0.0025 1 1 2.5 0.005 77 5 1 -1.42109e-18 
-0.30375 0 0 0.0025 1 1 2.5 0.005 78 5 1 -1.42109e-18 
-0.30125 0 0 0.0025 1 1 2.5 0.005 79 5 1 -1.42109e-18 
-0.29875 0 0 0.0025 1 1 2.5 0.005 80 5 1 -1.42109e-18 
-0.29625 0 0 0.0025 1 1 2.5 0.005 81 5 1 -1.42109e-18 
-0.29375 0 0 0.0025 1 1 2.5 0.005 82 5 1 -1.42109e-18 
-0.29125 0 0 0.0025 1 1 2.5 0.005 83 5 1 -1.42109e-18 
-0.28875 0 0 0.0025 1 1 2.5 0.005 84 5 1 -1.42109e-18 
-0.28625 0 0 0.0025 1 1 2.5 0.005 85 5 1 -1.42109e-18 
-0.28375 0 0 0.0025 1 1 2.5 0.005 86 5 1 -1.42109e-18 
-0.28125 0 0 0.0025 1 1 2.5 0.005 87 5 1 -1.42109e-18 
-0.27875 0 0 0.0025 1 1 2.5 0.005 88 5 1 -1.42109e-18 
-0.27625 0 0 0.0025 1 1 2.5 0.005 89 5 1 -1.42109e-18 
-0.27375 0 0 0.0025 1 1 2.5 0.005 90 5 1 -1.42109e-18 
-0.27125 0 0 0.0025 1 1 2.5 0.005 91 5 1 -1.42109e-18 
-0.26875 0 0 0.0025 1 1 2.5 0.005 92 5 1 -1.42109e-18 
-0.26625 0 0 0.0025 1 1 2.5 0.005 93 5 1 -1.42109e-18 
-0.26375 0 0 0.0025 1 1 2.5 0.005 94 5 1 -1.42109e-18 
-0.26125 0 0 0.0025 1 1 2.5 0.005 95 5 1 -1.42109e-18 
-0.25875 0 0 0.0025 1 1 2.5 0.005 96 5 1 -1.42109e-18 
-0.25625 0 0 0.0025 1 1 2.5 0.005 97 5 1 -1.42109e-18 
-0.25375 0 0 0.0025 1 1 2.5 0.005 98 5 1 -1.42109e-18 
-0.25125 0 0 0.0025 1 1 2.5 0.005 99 5 1 -1.42109e-18 
-0.24875 0 0 0.0025 1 1 2.5 0.005 100 5 1 -1.42109e-18 
-0.24625 0 0 0.0025 1 1 2.5 0.005 101 5 1 -1.42109e-18 
-0.24375 0 0 0.0025 1 1 2.5 0.005 102 5 1 -1.42109e-18 
-0.24125 0 0 0.0025 1 1 2.5 0.005 103 5 1 -1.42109e-18 
-0.23875 0 0 0.0025 1 1 2.5 0.005 104 5 1 -1.42109e-18 
-0.23625 0 0 0.0025 1 1 2.5 0.005 105 5 1 -1.42109e-18 
-0.23375 0 0 0.0025 1 1 2.5 0.005 106 5 1 -1.42109e-18 
-0.23125 0 0 0.0025 1 1 2.5 0.005 107 5 1 -1.42109e-18 
-0.22875 0 0 0.0025 1 1 2.5 0.005 108 5 1 -1.42109e-18 
-0.22625 0 0 0.0025 1 1 2.5 0.005 109 5 1 -1.42109e-18 
-0.22375 0 0 0.0025 1 1 2.5 0.005 110 5 1 -1.42109e-18 
-0.22125 0 0 0.0025 1 1 2.5 0.005 111 5 1 -1.42109e-18 
-0.21875 0 0 0.0025 1 1 2.5 0.005 112 5 1 -1.42109e-18 
-0.21625 0 0 0.0025 1 1 2.5 0.005 113 5 1 -1.42109e-18 
-0.21375 0 0 0.0025 1 1 2.5 0.005 114 5 1 -1.42109e-18 
-0.21125 0 0 0.0025 1 1 2.5 0.005 115 5 1 -1.42109e-18 
-0.20875 0 0 0.0025 1 1 2.5 0.005 116 5 1 -1.42109e-18 
-0.20625 0 0 0.0025 1 1 2.5 0.005 117 5 1 -1.42109e-18 
-0.20375 0 0 0.0025 1 1 2.5 0.005 118 5 1 -1.42109e-18 
-0.20125 0 0 0.0025 1 1 2.5 0.005 119 5 1 -1.42109e-18 
-0.19875 0 0 0.0025 1 1 2.5 0.005 120 5 1 -1.42109e-18 
-0.19625 0 0 0.0025 1 1 2.5 0.005 121 5 1 -1.42109e-18 
-0.19375 0 0 0.0025 1 1 2.5 0.005 122 5 1 -1.42109e-18 
-0.19125 0 0 0.0025 1 1 2.5 0.005 123 5 1 -1.42109e-18 
-0.18875 0 0 0.0025 1 1 2.5 0.005 124 5 1 -1.42109e-18 
-0.18625 0 0 0.0025 1 1 2.5 0.005 125 5 1 -1.42109e-18 
-0.18375 0 0 0.0025 1 1 2.5 0.005 126 5 1 -1.42109e-18 
-0.18125 0 0 0.0025 1 1 2.5 0.005 127 5 1 -1.42109e-18 
-0.17875 0 0 0.0025 1 1 2.5 0.005 128 5 1 -1.42109e-18 
-0.17625 0 0 0.0025 1 1 2.5 0.005 129 5 1 -1.42109e-18 
-0.17375 0 0 0.0025 1 1 2.5 0.005 130 5 1 -1.42109e-18 
-0.17125 0 0 0.0025 1 1 2.5 0.005 131 5 1 -1.42109e-18 
-0.16875 0 0 0.0025 1 1 2.5 0.005 132 5 1 -1.42109e-18 
-0.16625 0 0 0.0025 1 1 2.5 0.005 133 5 1 -1.42109e-18 
-0.16375 0 0 0.0025 1 1 2.5 0.005 134 5 1 -1.42109e-18 
-0.16125 0 0 0.0025 1 1 2.5 0.005 135 5 1 -1.42109e-18 
-0.15875 0 0 0.0025 1 1 2.5 0.005 136 5 1 -1.42109e-18 
-0.15625 0 0 0.0025 1 1 2.5 0.005 137 5 1 -1.42109e-18 
-0.15375 0 0 0.0025 1 1 2.5 0.005 138 5 1 -1.42109e-18 
-0.15125 0 0 0.0025 1 1 2.5 0.005 139 5 1 -1.42109e-18 
-0.14875 0 0 0.0025 1 1 2.5 0.005 140 5 1 -1.42109e-18 
-0.14625 0 0 0.0025 1 1 2.5 0.005 141 5 1 -1.42109e-18 
-0.14375 0 0 0.0025 1 1 2.5 0.005 142 5 1 -1.42109e-18 
-0.14125 0 0 0.0025 1 1 2.5 0.005 143 5 1 -1.42109e-18 
-0.13875 0 0 0.0025 1 1 2.5 0.005 144 5 1 -1.42109e-18 
-0.13625 0 0 0.0025 1 1 2.5 0.005 145 5 1 -1.42109e-18 
-0.13375 0 0 0.0025 1 1 2.5 0.005 146 5 1 -1.42109e-18 
-0.13125 0 0 0.0025 1 1 2.5 0.005 147 5 1 -1.42109e-18 
-0.12875 0 0 0.0025 1 1 2.5 0.005 148 5 1 -1.42109e-18 
-0.12625 0 0 0.0025 1 1 2.5 0.005 149 5 1 -1.42109e-18 
-0.12375 0 0 0.0025 1 1 2.5 0.005 150 5 1 -1.42109e-18 
-0.12125 0 0 0.0025 1 1 2.5 0.005 151 5 1 -1.42109e-18 
-0.11875 0 0 0.0025 1 1 2.5 0.005 152 5 1 -1.42109e-18 
-0.11625 0 0 0.0025 1 1 2.5 0.005 153 5 1 -1.42109e-18 
-0.11375 0 0 0.0025 1 1 2.5 0.005 154 5 1 -1.42109e-18 
-0.11125 0 0 0.0025 1 1 2.5 0.005 155 5 1 -1.42109e-18 
-0.10875 0 0 0.0025 1 1 2.5 0.005 156 5 1 -1.42109e-18 
-0.10625 0 0 0.0025 1 1 2.5 0.005 157 5 1 -1.42109e-18 
-0.10375 0 0 0.0025 1 1 2.5 0.005 158 5 1 -1.42109e-18 
-0.10125 0 0 0.0025 1 1 2.5 0.005 159 5 1 -1.42109e-18 
-0.09875 0 0 0.0025 1 1 2.5 0.005 160 5 1 -1.42109e-18 
-0.09625 0 0 0.0025 1 1 2.5 0.005 161 5 1 -1.42109e-18 
-0.09375 0 0 0.0025 1 1 2.5 0.005 162 5 1 -1.42109e-18 
-0.09125 0 0 0.0025 1 1 2.5 0.005 163 5 1 -1.42109e-18 
-0.08875 0 0 0.0025 1 1 2.5 0.005 164 5 1 -1.42109e-18 
-0.08625 0 0 0.0025 1 1 2.5 0.005 165 5 1 -1.42109e-18 
-0.08375 0 0 0.0025 1 1 2.5 0.005 166 5 1 -1.42109e-18 
-0.08125 0 0 0.0025 1 1 2.5 0.005 167 5 1 -1.42109e-18 
-0.07875 0 0 0.0025 1 1 2.5 0.005 168 5 1 -1.42109e-18 
-0.07625 0 0 0.0025 1 1 2.5 0.005 169 5 1 -1.42109e-18 
-0.07375 0 0 0.0025 1 1 2.5 0.005 170 5 1 -1.42109e-18 
-0.07125 0 0 0.0025 1 1 2.5 0.005 171 5 1 -1.42109e-18 
-0.06875 0 0 0.0025 1 1 2.5 0.005 172 5 1 -1.42109e-18 
-0.06625 0 0 0.0025 1 1 2.5 0.005 173 5 1 -1.42109e-18 
-0.06375 -1.28212e-46 -3.36312e-44 0.0025 1 1 2.5 0.005 174 5 1 -1.42109e-18 
-0.06125 -6.65226e-17 -3.36312e-44 0.0025 1 1 2.5 0.005 175 5 1 -1.42109e-18 
-0.05875 -2.32566e-16 -1.13687e-13 0.0025 1 1 2.5 0.005 176 5 1 -1.42109e-18 
-0.05625 -3.64467e-16 1.13687e-13 0.0025 1 1 2.5 0.005 177 5 1 -1.42109e-18 
-0.05375 -4.95818e-16 -1.13687e-13 0.0025 1 1 2.5 0.005 178 5 1 -1.42109e-18 
-0.05125 -7.25464e-16 0 0.0025 1 1 2.5 0.005 179 5 1 -1.42109e-18 
-0.04875 -9.87546e-16 -1.12104e-44 0.0025 1 1 2.5 0.005 180 5 1 -1.42109e-18 
-0.04625 -1.24829e-15 -2.24208e-44 0.0025 1 1 2.5 0.005 181 5 1 -1.42109e-18 
-0.04375 -1.80392e-15 -1.13687e-13 0.0025 1 1 2.5 0.005 182 5 1 -1.42109e-18 
-0.04125 -2.42226e-15 -1.12104e-44 0.0025 1 1 2.5 0.005 183 5 1 -1.42109e-18 
-0.03875 -3.06575e-15 3.9443e-29 0.0025 1 1 2.5 0.005 184 5 1 -1.42109e-18 
-0.03625 -2.76112e-15 -3.86542e-27 0.0025 1 1 2.5 0.005 185 5 1 -4.9738e-18 
-0.03375 -4.81603e-15 2.84217e-13 0.0025 1 1 2.5 0.005 186 4 1 -4.9738e-18 
-0.03125 6.02084e-17 1.7053e-13 0.0025 1 1 2.5 0.005 187 3 1 2.13163e-17 
-0.02875 -4.02293e-16 5.68434e-14 0.0025 1 1 2.5 0.005 188 4 1 -1.10134e-17 
-0.02625 -1.3261e-15 1.13687e-13 0.0025 1 1 2.5 0.005 189 5 1 -3.19744e-18 
-0.02375 -2.13247e-15 -5.68434e-14 0.0025 1 1 2.5 0.005 190 3 1 3.90799e-18 
-0.02125 1.223e-15 -1.7053e-13 0.0025 1 1 2.5 0.005 191 3 1 2.4869e-18 
-0.01875 -5.31157e-17 -2.27374e-13 0.0025 1 1 2.5 0.005 192 5 1 -4.26326e-18 
-0.01625 1.60533e-15 -2.07076e-28 0.0025 1 1 2.5 0.005 193 5 1 -1.42109e-18 
-0.01375 2.56486e-16 -5.68434e-14 0.0025 1 1 2.5 0.005 194 4 1 1.97215e-32 
-0.01125 -3.38888e-16 -2.84217e-13 0.0025 1 1 2.5 0.005 195 4 1 6.24001e-33 
-0.00875 1.07905e-15 5.42342e-28 0.0025 1 1 2.5 0.005 196 4 1 -1.42109e-18 
-0.00625 3.94585e-16 -1.13687e-13 0.0025 1 1 2.5 0.005 197 4 1 1.2326e-33 
-0.00375 2.04881e-16 8.87469e-29 0.0025 1 1 2.5 0.005 198 3 1 0 
-0.00125 -3.36657e-17 1.13687e-13 0.0025 1 1 2.5 0.005 199 3 1 0 
0.00125 -1.21783e-16 5.68434e-14 0.0025 1 1 2.5 0.005 200 3 1 7.10543e-19 
0.00375 -2.66016e-16 -3.9443e-29 0.0025 1 1 2.5 0.005 201 3 1 1.42109e-18 
0.00625 -5.12844e-16 -5.68434e-14 0.0025 1 1 2.5 0.005 202 3 1 7.10543e-19 
0.00875 -1.14266e-15 -5.91646e-28 0.0025 1 1 2.5 0.005 203 4 1 -1.42109e-18 
0.01125 6.45179e-16 2.84217e-13 0.0025 1 1 2.5 0.005 204 4 1 6.24001e-33 
0.01375 7.57077e-17 1.7053e-13 0.0025 1 1 2.5 0.005 205 4 1 1.97215e-32 
0.01625 -8.19222e-16 5.68434e-14 0.0025 1 1 2.5 0.005 206 5 1 -1.77636e-18 
0.01875 -9.63044e-16 5.68434e-14 0.0025 1 1 2.5 0.005 207 5 1 -1.77636e-18 
0.02125 2.30209e-15 5.68434e-14 0.0025 1 1 2.5 0.005 208 5 1 -2.84217e-18 
0.02375 8.22283e-16 1.13687e-13 0.0025 1 1 2.5 0.005 209 5 1 3.19744e-18 
0.02625 7.79688e-17 -5.68434e-14 0.0025 1 1 2.5 0.005 210 4 1 -8.17124e-18 
0.02875 2.04038e-15 -3.58732e-43 0.0025 1 1 2.5 0.005 211 3 1 9.23706e-18 
0.03125 1.91653e-15 6.70532e-28 0.0025 1 1 2.5 0.005 212 4 1 -7.10543e-18 
0.03375 1.40759e-15 -5.68434e-14 0.0025 1 1 2.5 0.005 213 5 1 1.06581e-18 
0.03625 -4.31929e-16 -2.27374e-13 0.0025 1 1 2.5 0.005 214 5 1 3.55271e-19 
0.03875 1.39004e-15 -5.68434e-13 0.0025 1 1 2.5 0.005 215 5 1 -3.90799e-18 
0.04125 2.96385e-16 7.95808e-13 0.0025 1 1 2.5 0.005 216 4 1 7.10543e-19 
0.04375 5.31678e-15 -3.18323e-12 0.0025 1 1 2.5 0.005 217 3 1 -1.06581e-18 
0.04625 3.17418e-15 2.78533e-12 0.0025 1 1 2.5 0.005 218 3 1 -3.90799e-18 
0.04875 1.11071e-15 1.7053e-13 0.0025 1 1 2.5 0.005 219 5 1 1.42109e-18 
0.05125 4.46487e-16 5.68434e-14 0.0025 1 1 2.5 0.005 220 5 1 -1.42109e-18 
0.05375 2.64711e-16 -2.24208e-44 0.0025 1 1 2.5 0.005 221 5 1 -1.42109e-18 
0.05625 1.32873e-16 3.36312e-44 0.0025 1 1 2.5 0.005 222 5 1 -1.42109e-18 
0.05875 3.05217e-46 3.36312e-44 0.0025 1 1 2.5 0.005 223 5 1 -1.42109e-18 
0.06125 0 0 0.0025 1 1 2.5 0.005 224 5 1 -1.42109e-18 
0.06375 0 0 0.0025 1 1 2.5 0.005 225 5 1 -1.42109e-18 
0.06625 0 0 0.0025 1 1 2.5 0.005 226 5 1 -1.42109e-18 
0.06875 0 0 0.0025 1 1 2.5 0.005 227 5 1 -1.42109e-18 
0.07125 0 0 0.0025 1 1 2.5 0.005 228 5 1 -1.42109e-18 
0.07375 0 0 0.0025 1 1 2.5 0.005 229 5 1 -1.42109e-18 
0.07625 0 0 0.0025 1 1 2.5 0.005 230 5 1 -1.42109e-18 
0.07875 0 0 0.0025 1 1 2.5 0.005 231 5 1 -1.42109e-18 
0.08125 -8.88221e-47 -3.36312e-44 0.0025 1 1 2.5 0.005 232 5 1 -1.42109e-18 
0.08375 -6.66693e-17 -3.36312e-44 0.0025 1 1 2.5 0.005 233 5 1 -1.42109e-18 
0.08625 -2.3288e-16 -1.13687e-13 0.0025 1 1 2.5 0.005 234 5 1 -1.42109e-18 
0.08875 -3.65596e-16 1.13687e-13 0.0025 1 1 2.5 0.005 235 5 1 -1.42109e-18 
0.09125 -6.30868e-16 -1.13687e-13 0.0025 1 1 2.5 0.005 236 5 1 -1.42109e-18 
0.09375 -1.12731e-15 -1.13687e-13 0.0025 1 1 2.5 0.005 237 5 1 -1.42109e-18 
0.09625 -5.72309e-16 5.11591e-13 0.0025 1 1 2.5 0.005 238 5 1 -6.03961e-18 
0.09875 -1.22957e-15 3.97904e-13 0.0025 1 1 2.5 0.005 239 5 1 4.26326e-18 
0.10125 3.14743e-15 -1.13687e-13 0.0025 1 1 2.5 0.005 240 5 1 -6.75016e-18 
0.10375 2.08959e-15 5.68434e-14 0.0025 1 1 2.5 0.005 241 5 1 3.90799e-18 
0.10625 1.03563e-15 -1.12104e-43 0.0025 1 1 2.5 0.005 242 5 1 -7.4607e-18 
0.10875 -1.34851e-15 -1.13687e-13 0.0025 1 1 2.5 0.005 243 5 1 8.52651e-18 
0.11125 -6.91626e-16 -1.13687e-13 0.0025 1 1 2.5 0.005 244 5 1 -1.52767e-17 
0.11375 -2.91721e-15 -1.13687e-13 0.0025 1 1 2.5 0.005 245 5 1 1.45661e-17 
0.11625 1.23525e-15 2.27374e-13 0.0025 1 1 2.5 0.005 246 5 1 -2.38032e-17 
0.11875 -8.31518e-16 2.27374e-13 0.0025 1 1 2.5 0.005 247 5 1 2.38032e-17 
0.12125 1.02366e-15 -2.27374e-13 0.0025 1 1 2.5 0.005 248 5 1 -2.94875e-17 
0.12375 -7.00434e-16 -1.13687e-13 0.0025 1 1 2.5 0.005 249 3 1 1.42109e-17 
0.12625 1.95391e-15 1.13687e-13 0.0025 1 1 2.5 0.005 250 3 1 1.3145e-17 
0.12875 -8.32443e-16 1.13687e-13 0.0025 1 1 2.5 0.005 251 5 1 -2.59348e-17 
0.13125 1.76324e-15 -1.13687e-13 0.0025 1 1 2.5 0.005 252 5 1 1.91847e-17 
0.13375 -7.69881e-16 -1.13687e-13 0.0025 1 1 2.5 0.005 253 5 1 -1.77636e-17 
0.13625 1.41497e-15 5.68434e-14 0.0025 1 1 2.5 0.005 254 5 1 1.03029e-17 
0.13875 4.32502e-17 5.68434e-14 0.0025 1 1 2.5 0.005 255 5 1 -1.13687e-17 
0.14125 6.15415e-16 -1.56945e-43 0.0025 1 1 2.5 0.005 256 5 1 4.9738e-18 
0.14375 -6.55298e-16 -5.68434e-14 0.0025 1 1 2.5 0.005 257 5 1 -6.75016e-18 
0.14625 -1.89163e-15 -5.68434e-14 0.0025 1 1 2.5 0.005 258 5 1 3.90799e-18 
0.14875 -3.18045e-15 2.27374e-13 0.0025 1 1 2.5 0.005 259 5 1 -6.75016e-18 
0.15125 1.26349e-15 -3.97904e-13 0.0025 1 1 2.5 0.005 260 5 1 4.26326e-18 
0.15375 4.73179e-16 -5.11591e-13 0.0025 1 1 2.5 0.005 261 5 1 -6.03961e-18 
0.15625 1.02883e-15 1.13687e-13 0.0025 1 1 2.5 0.005 262 5 1 -1.42109e-18 
0.15875 5.97648e-16 1.12104e-44 0.0025 1 1 2.5 0.005 263 5 1 -1.42109e-18 
0.16125 3.65765e-16 1.13687e-13 0.0025 1 1 2.5 0.005 264 5 1 -1.42109e-18 
0.16375 1.99726e-16 0 0.0025 1 1 2.5 0.005 265 5 1 -1.42109e-18 
0.16625 6.67412e-17 3.36312e-44 0.0025 1 1 2.5 0.005 266 5 1 -1.42109e-18 
0.16875 4.93445e-47 3.36312e-44 0.0025 1 1 2.5 0.005 267 5 1 -1.42109e-18 
0.17125 0 0 0.0025 1 1 2.5 0.005 268 5 1 -1.42109e-18 
0.17375 0 0 0.0025 1 1 2.5 0.005 269 5 1 -1.42109e-18 
0.17625 0 0 0.0025 1 1 2.5 0.005 270 5 1 -1.42109e-18 
0.17875 0 0 0.0025 1 1 2.5 0.005 271 5 1 -1.42109e-18 
0.18125 0 0 0.0025 1 1 2.5 0.005 272 5 1 -1.42109e-18 
0.18375 0 0 0.0025 1 1 2.5 0.005 273 5 1 -1.42109e-18 
0.18625 0 0 0.0025 1 1 2.5 0.005 274 5 1 -1.42109e-18 
0.18875 0 0 0.0025 1 1 2.5 0.005 275 5 1 -1.42109e-18 
0.19125 0 0 0.0025 1 1 2.5 0.005 276 5 1 -1.42109e-18 
0.19375 0 0 0.0025 1 1 2.5 0.005 277 5 1 -1.42109e-18 
0.19625 0 0 0.0025 1 1 2.5 0.005 278 5 1 -1.42109e-18 
0.19875 0 0 0.0025 1 1 2.5 0.005 279 5 1 -1.42109e-18 
0.20125 -7.89564e-47 0 0.0025 1 1 2.5 0.005 280 5 1 -1.42109e-18 
0.20375 -1.33382e-16 -3.36312e-44 0.0025 1 1 2.5 0.005 281 5 1 -1.42109e-18 
0.20625 -2.33102e-16 -1.13687e-13 0.0025 1 1 2.5 0.005 282 5 1 -1.42109e-18 
0.20875 -5.32433e-16 -2.24208e-44 0.0025 1 1 2.5 0.005 283 5 1 -1.42109e-18 
0.21125 -8.97647e-16 -1.13687e-13 0.0025 1 1 2.5 0.005 284 5 1 -1.42109e-18 
0.21375 -1.61104e-15 -5.68434e-14 0.0025 1 1 2.5 0.005 285 5 1 -1.42109e-18 
0.21625 -2.53945e-15 -2.84217e-13 0.0025 1 1 2.5 0.005 286 5 1 -2.13163e-18 
0.21875 -5.24171e-15 -2.27374e-13 0.0025 1 1 2.5 0.005 287 5 1 1.42109e-18 
0.22125 -8.16804e-16 1.08002e-12 0.0025 1 1 2.5 0.005 288 5 1 -1.49214e-17 
0.22375 -2.18053e-15 8.52651e-13 0.0025 1 1 2.5 0.005 289 5 1 1.52767e-17 
0.22625 1.46771e-15 -6.82121e-13 0.0025 1 1 2.5 0.005 290 5 1 -1.42109e-17 
0.22875 -1.23015e-15 -3.97904e-13 0.0025 1 1 2.5 0.005 291 5 1 1.52767e-17 
0.23125 -2.85947e-16 3.97904e-13 0.0025 1 1 2.5 0.005 292 5 1 -2.66454e-17 
0.23375 -2.57213e-15 5.11591e-13 0.0025 1 1 2.5 0.005 293 5 1 2.73559e-17 
0.23625 2.37531e-15 -8.52651e-13 0.0025 1 1 2.5 0.005 294 5 1 -2.84217e-17 
0.23875 -1.1677e-15 -7.95808e-13 0.0025 1 1 2.5 0.005 295 5 1 3.09086e-17 
0.24125 7.45733e-17 7.95808e-13 0.0025 1 1 2.5 0.005 296 5 1 -4.79616e-17 
0.24375 -3.67296e-15 1.02318e-12 0.0025 1 1 2.5 0.005 297 5 1 4.9738e-17 
0.24625 3.45411e-15 -9.09495e-13 0.0025 1 1 2.5 0.005 298 5 1 -5.15143e-17 
0.24875 -5.50867e-16 -9.09495e-13 0.0025 1 1 2.5 0.005 299 4 1 2.4869e-17 
0.25125 5.53708e-16 9.09495e-13 0.0025 1 1 2.5 0.005 300 4 1 2.45137e-17 
0.25375 -3.23746e-15 1.08002e-12 0.0025 1 1 2.5 0.005 301 5 1 -5.11591e-17 
0.25625 3.69238e-15 -1.08002e-12 0.0025 1 1 2.5 0.005 302 5 1 4.9738e-17 
0.25875 9.40834e-18 -8.52651e-13 0.0025 1 1 2.5 0.005 303 5 1 -4.83169e-17 
0.26125 1.46922e-15 9.09495e-13 0.0025 1 1 2.5 0.005 304 5 1 2.91323e-17 
0.26375 -2.25797e-15 9.09495e-13 0.0025 1 1 2.5 0.005 305 5 1 -2.70006e-17 
0.26625 2.98239e-15 -7.95808e-13 0.0025 1 1 2.5 0.005 306 5 1 2.62901e-17 
0.26875 5.31025e-16 -3.41061e-13 0.0025 1 1 2.5 0.005 307 5 1 -2.66454e-17 
0.27125 1.35803e-15 5.11591e-13 0.0025 1 1 2.5 0.005 308 5 1 1.42109e-17 
0.27375 -1.55447e-15 6.25278e-13 0.0025 1 1 2.5 0.005 309 5 1 -1.13687e-17 
0.27625 2.06647e-15 -9.09495e-13 0.0025 1 1 2.5 0.005 310 5 1 1.3145e-17 
0.27875 1.10014e-15 -1.02318e-12 0.0025 1 1 2.5 0.005 311 5 1 -1.42109e-17 
0.28125 4.44589e-15 3.41061e-13 0.0025 1 1 2.5 0.005 312 5 1 1.42109e-18 
0.28375 2.42433e-15 1.13687e-13 0.0025 1 1 2.5 0.005 313 5 1 -2.13163e-18 
0.28625 1.41296e-15 1.7053e-13 0.0025 1 1 2.5 0.005 314 5 1 -1.42109e-18 
0.28875 6.15185e-16 5.68434e-14 0.0025 1 1 2.5 0.005 315 5 1 -1.42109e-18 
0.29125 3.66184e-16 1.13687e-13 0.0025 1 1 2.5 0.005 316 5 1 -1.42109e-18 
0.29375 1.66626e-16 -1.13687e-13 0.0025 1 1 2.5 0.005 317 5 1 -1.42109e-18 
0.29625 3.33502e-17 1.13687e-13 0.0025 1 1 2.5 0.005 318 5 1 -1.42109e-18 
0.29875 9.86576e-48 3.36312e-44 0.0025 1 1 2.5 0.005 319 5 1 -1.42109e-18 
0.30125 0 0 0.0025 1 1 2.5 0.005 320 5 1 -1.42109e-18 
0.30375 0 0 0.0025 1 1 2.5 0.005 321 5 1 -1.42109e-18 
0.30625 0 0 0.0025 1 1 2.5 0.005 322 5 1 -1.42109e-18 
0.30875 0 0 0.0025 1 1 2.5 0.005 323 5 1 -1.42109e-18 
0.31125 0 0 0.0025 1 1 2.5 0.005 324 5 1 -1.42109e-18 
0.31375 0 0 0.0025 1 1 2.5 0.005 325 5 1 -1.42109e-18 
0.31625 0 0 0.0025 1 1 2.5 0.005 326 5 1 -1.42109e-18 
0.31875 0 0 0.0025 1 1 2.5 0.005 327 5 1 -1.42109e-18 
0.32125 0 0 0.0025 1 1 2.5 0.005 328 5 1 -1.42109e-18 
0.32375 0 0 0.0025 1 1 2.5 0.005 329 5 1 -1.42109e-18 
0.32625 0 0 0.0025 1 1 2.5 0.005 330 5 1 -1.42109e-18 
0.32875 0 0 0.0025 1 1 2.5 0.005 331 5 1 -1.42109e-18 
0.33125 0 0 0.0025 1 1 2.5 0.005 332 5 1 -1.42109e-18 
0.33375 0 0 0.0025 1 1 2.5 0.005 333 5 1 -1.42109e-18 
0.33625 0 0 0.0025 1 1 2.5 0.005 334 5 1 -1.42109e-18 
0.33875 0 0 0.0025 1 1 2.5 0.005 335 5 1 -1.42109e-18 
0.34125 0 0 0.0025 1 1 2.5 0.005 336 5 1 -1.42109e-18 
0.34375 0 0 0.0025 1 1 2.5 0.005 337 5 1 -1.42109e-18 
0.34625 0 0 0.0025 1 1 2.5 0.005 338 5 1 -1.42109e-18 
0.34875 -9.86576e-48 -3.36312e-44 0.0025 1 1 2.5 0.005 339 5 1 -1.42109e-18 
0.35125 -3.33502e-17 -1.13687e-13 0.0025 1 1 2.5 0.005 340 5 1 -1.42109e-18 
0.35375 -2.002e-16 -1.13687e-13 0.0025 1 1 2.5 0.005 341 5 1 -1.42109e-18 
0.35625 -2.83634e-16 5.68434e-14 0.0025 1 1 2.5 0.005 342 5 1 -4.26326e-18 
0.35875 2.15191e-15 4.60432e-12 0.0025 1 1 2.5 0.005 343 5 1 -3.55271e-18 
0.36125 2.31886e-14 1.31877e-11 0.0025 1 1 2.5 0.005 344 5 1 7.56728e-17 
0.36375 -1.0971e-13 -2.4238e-10 0.0025 1 1 2.5 0.005 345 4 1 3.43192e-16 
0.36625 -8.7364e-13 -8.29345e-10 0.0025 1 1 2.5 0.005 346 4 1 5.25446e-16 
0.36875 -2.81269e-12 -1.5346e-09 0.0025 1 1 2.5 0.005 347 3 1 -1.04201e-15 
0.37125 -3.4633e-12 2.35434e-09 0.0025 1 1 2.5 0.005 348 4 1 -1.02553e-14 
0.37375 1.55365e-11 2.48858e-08 0.0025 1 1 2.5 0.005 349 5 1 1.31269e-14 
0.37625 2.76615e-11 -4.19431e-08 0.0025 1 1 2.5 0.005 350 4 1 1.51497e-13 
0.37875 -2.37377e-10 -3.52093e-07 0.0025 1 1 2.5 0.005 351 4 1 4.81063e-13 
0.38125 -1.37027e-09 -1.13917e-06 0.0025 1 1 2.5 0.005 352 4 1 7.58314e-13 
0.38375 -4.00963e-09 -1.91496e-06 0.0025 1 1 2.5 0.005 353 3 1 -8.03117e-13 
0.38625 -5.7517e-09 1.32881e-06 0.0025 1 1 2.5 0.005 354 4 1 -9.94993e-12 
0.38875 1.02092e-08 2.20915e-05 0.0025 1 1 2.5 0.005 355 5 1 5.59164e-12 
0.39125 3.25952e-08 -2.34124e-05 0.0025 1 1 2.5 0.005 356 4 1 1.19007e-10 
0.39375 -1.58234e-07 -0.000251019 0.0025 1 1 2.5 0.005 357 4 1 3.93833e-10 
0.39625 -1.01495e-06 -0.000857014 0.0025 1 1 2.5 0.005 358 4 1 8.26859e-10 
0.39875 -3.30058e-06 -0.00182486 0.0025 1 1 2.5 0.00499999 359 4 1 8.17417e-10 
0.40125 -7.11105e-06 -0.00207437 0.0025 1 1.00001 2.5 0.00499998 360 3 1 -1.73423e-09 
0.40375 -8.41282e-06 0.00282035 0.0025 1 1.00001 2.5 0.00499998 361 4 1 -1.07254e-08 
0.40625 1.07166e-05 0.0218972 0.0025 0.999994 0.999992 2.49999 0.00500003 362 5 1 1.45199e-08 
0.40875 1.69091e-05 -0.038306 0.0025 1.00001 1.00002 2.5 0.00499996 363 4 1 1.20145e-07 
0.41125 -0.00018038 -0.229344 0.0025 1.00018 1.00026 2.50017 0.00499912 364 4 1 3.71843e-07 
0.413749 -0.000957891 -0.733878 0.0025 1.0008 1.00116 2.50078 0.00499601 365 4 1 9.12364e-07 
0.416246 -0.00310016 -1.77604 0.0025 1.00246 1.00353 2.50242 0.00498773 366 4 1 1.89157e-06 
0.418737 -0.00779819 -3.49577 0.0025 1.00606 1.00862 2.506 0.0049699 367 4 1 3.31589e-06 
0.421216 -0.0162861 -5.67932 0.0025 1.01254 1.01778 2.51248 0.00493807 368 4 1 4.70733e-06 
0.423675 -0.0289704 -7.57475 0.0025 1.02235 1.03162 2.52229 0.00489069 369 4 1 4.89871e-06 
0.426107 -0.0445264 -8.17645 0.0025 1.0347 1.04906 2.5346 0.00483234 370 4 1 2.55044e-06 
0.428508 -0.0596846 -6.50952 0.0025 1.04708 1.06651 2.54691 0.00477517 371 4 1 -3.5307e-06 
0.430882 -0.0692142 -1.95709 0.0025 1.05437 1.07631 2.55424 0.00474217 372 3 1 -1.43792e-05 
0.43325 -0.0602772 15.2962 0.0025 1.04377 1.06119 2.54433 0.00479033 373 4 1 -2.0696e-05 
0.435673 -0.0131979 27.6039 0.0025 1.01116 1.01627 2.51201 0.00494479 374 4 1 1.2467e-05 
0.438197 0.0295718 12.906 0.0025 0.978188 0.97031 2.47831 0.00511149 375 4 1 3.10502e-05 
0.440786 0.0517756 9.64551 0.0025 0.954773 0.937281 2.4547 0.00523685 376 4 1 6.4223e-06 
0.443434 0.0851269 18.5216 0.0025 0.927432 0.900017 2.42666 0.00539123 377 4 1 4.51875e-06 
0.446179 0.131282 19.8791 0.0025 0.8933 0.854335 2.39045 0.00559723 378 4 1 2.08768e-05 
0.449034 0.176964 17.7668 0.0025 0.858576 0.808229 2.35279 0.0058236 379 4 1 2.49164e-05 
0.452005 0.222987 17.7278 0.0025 0.82436 0.763479 2.31491 0.00606531 380 4 1 2.37175e-05 
0.455103 0.272095 18.1576 0.0025 0.789464 0.718689 2.27527 0.00633341 381 4 1 2.64053e-05 
0.458342 0.323891 17.8301 0.0025 0.754194 0.674221 2.23409 0.00662959 382 4 1 3.00095e-05 
0.461736 0.377059 17.164 0.0025 0.719441 0.631208 2.19236 0.00694984 383 4 1 3.25936e-05 
0.465297 0.42986 15.7469 0.0025 0.686313 0.590978 2.15143 0.0072853 384 4 1 3.4195e-05 
0.469027 0.479539 13.4053 0.0025 0.656385 0.55527 2.11339 0.00761748 385 4 1 3.30446e-05 
0.472918 0.522268 10.2878 0.0025 0.631146 0.525591 2.0805 0.0079221 386 4 1 2.76808e-05 
0.476952 0.556372 7.74263 0.0025 0.610788 0.501874 2.05343 0.00818614 387 4 1 1.83607e-05 
0.481107 0.586337 7.93054 0.0025 0.592779 0.481149 2.02909 0.00843485 388 4 1 1.11595e-05 
0.485389 0.621538 9.64019 0.0025 0.57399 0.460053 2.00319 0.00871095 389 4 1 1.42711e-05 
0.489821 0.658607 7.67138 0.0025 0.556241 0.440565 1.97815 0.00898891 390 4 1 2.32584e-05 
0.49438 0.678814 0.862341 0.0025 0.54621 0.429473 1.96379 0.00915399 391 4 1 1.59238e-05 
0.498975 0.676352 -0.683436 0.0025 0.544438 0.427221 1.96136 0.00918378 392 4 1 2.22191e-06 
0.503564 0.676575 0.360089 0.0025 0.544427 0.427115 1.96145 0.00918397 393 4 1 -8.29438e-07 
0.508159 0.678378 0.215916 0.0025 0.543796 0.42651 1.96062 0.00919462 394 5 1 9.63694e-07 
0.512758 0.677763 -0.370123 0.0025 0.543808 0.426554 1.96088 0.00919443 395 4 1 4.01223e-07 
0.517353 0.676627 -0.123369 0.0025 0.543878 0.426884 1.96163 0.00919324 396 4 1 3.37743e-06 
0.521951 0.676088 -0.0992032 0.0025 0.546453 0.428891 1.96594 0.00914991 397 3 1 -1.9222e-05 
0.526503 0.675604 -0.0916137 0.0025 0.535346 0.424452 1.94777 0.00933975 398 4 1 0.000178771 
0.531298 0.675008 -0.0425022 0.0025 0.50963 0.431032 2.15011 0.00981105 399 4 1 -0.000134559 
0.536321 0.674391 0.0264842 0.0025 0.481341 0.422669 2.15286 0.0103876 400 4 1 0.000265181 
0.541699 0.673218 0.159226 0.0025 0.452467 0.430392 2.44015 0.0110505 401 4 1 -0.000240639 
0.547383 0.67084 0.489364 0.0025 0.443632 0.422617 2.37306 0.0112706 402 5 1 4.99697e-05 
0.552971 0.664479 1.13023 0.0025 0.445067 0.419538 2.35906 0.0112343 403 3 1 -1.36868e-05 
0.558617 0.649444 3.22865 0.0025 0.436715 0.406549 2.32939 0.0114491 404 4 1 -9.59476e-06 
0.564422 0.613195 6.56417 0.0025 0.419156 0.382247 2.28368 0.0119287 405 4 1 -9.21485e-06 
0.570556 0.549151 13.1453 0.0025 0.387261 0.340893 2.20385 0.0129112 406 4 1 1.58287e-05 
0.577376 0.399575 30.6152 0.0025 0.337692 0.280849 2.06922 0.0148064 407 4 1 0.000136479 
0.585514 0.172999 32.4055 0.0025 0.286974 0.222062 1.9147 0.0174232 408 4 1 0.000298571 
0.594961 0.0228328 12.6646 0.0025 0.257565 0.18878 1.81888 0.0194126 409 4 1 0.000199711 
0.604964 -0.00923261 -0.208437 0.0025 0.249525 0.179435 1.79364 0.0200381 410 4 1 3.66125e-05 
0.615 -0.00173871 -0.832238 0.0025 0.249526 0.179045 1.79364 0.020038 411 4 1 1.04938e-06 
0.625002 0.000240859 -0.0256345 0.0025 0.249989 0.179469 1.79497 0.0200008 412 4 1 -1.04096e-06 
0.635001 0.000138456 0.0266644 0.0025 0.250021 0.179519 1.79506 0.0199983 413 3 1 -1.07182e-07 
0.645 2.81693e-05 0.00928041 0.0025 0.250006 0.179507 1.79502 0.0199995 414 4 1 2.34348e-08 
0.655 1.74181e-06 0.00133351 0.0025 0.250001 0.179501 1.795 0.0199999 415 4 1 1.1153e-08 
0.665 -6.44478e-07 -7.10902e-05 0.0025 0.25 0.1795 1.795 0.02 416 5 1 1.98939e-09 
0.675 -9.16483e-08 -4.9467e-05 0.0025 0.25 0.1795 1.795 0.02 417 4 1 3.71926e-11 
0.685 1.09041e-08 -7.10807e-07 0.0025 0.25 0.1795 1.795 0.02 418 4 1 -5.80932e-11 
0.695 5.29953e-09 1.34452e-06 0.0025 0.25 0.1795 1.795 0.02 419 3 1 -4.82775e-12 
0.705 8.80461e-10 3.56944e-07 0.0025 0.25 0.1795 1.795 0.02 420 4 1 9.3231e-13 
0.715 3.43091e-11 3.6909e-08 0.0025 0.25 0.1795 1.795 0.02 421 4 1 3.6709e-13 
0.725 -1.76531e-11 -3.77774e-09 0.0025 0.25 0.1795 1.795 0.02 422 5 1 5.30319e-14 
0.735 -1.9351e-12 -1.17736e-09 0.0025 0.25 0.1795 1.795 0.02 423 4 1 9.71667e-17 
0.745 1.90553e-13 -3.39639e-12 0.0025 0.25 0.1795 1.795 0.02 424 4 1 -1.25819e-15 
0.755 8.09203e-14 3.05107e-11 0.0025 0.25 0.1795 1.795 0.02 425 3 1 -9.07718e-17 
0.765 6.70237e-15 3.6664e-12 0.0025 0.25 0.1795 1.795 0.02 426 5 1 1.43885e-17 
0.775 1.16914e-16 2.27374e-13 0.0025 0.25 0.1795 1.795 0.02 427 5 1 3.01981e-18 
0.785 -3.33633e-17 -2.84217e-14 0.0025 0.25 0.1795 1.795 0.02 428 5 1 -1.42109e-18 
0.795 -9.04721e-48 -8.40779e-45 0.0025 0.25 0.1795 1.795 0.02 429 5 1 -1.42109e-18 
0.805 0 0 0.0025 0.25 0.1795 1.795 0.02 430 5 1 -1.42109e-18 
0.815 0 0 0.0025 0.25 0.1795 1.795 0.02 431 5 1 -1.42109e-18 
0.825 0 0 0.0025 0.25 0.1795 1.795 0.02 432 5 1 -1.42109e-18 
0.835 0 0 0.0025 0.25 0.1795 1.795 0.02 433 5 1 -1.42109e-18 
0.845 0 0 0.0025 0.25 0.1795 1.795 0.02 434 5 1 -1.42109e-18 
0.855 0 0 0.0025 0.25 0.1795 1.795 0.02 435 5 1 -1.42109e-18 
0.865 0 0 0.0025 0.25 0.1795 1.795 0.02 436 5 1 -1.42109e-18 
0.875 0 0 0.0025 0.25 0.1795 1.795 0.02 437 5 1 -1.42109e-18 
0.885 0 0 0.0025 0.25 0.1795 1.795 0.02 438 5 1 -1.42109e-18 
0.895 0 0 0.0025 0.25 0.1795 1.795 0.02 439 5 1 -1.42109e-18 
0.905 0 0 0.0025 0.25 0.1795 1.795 0.02 440 5 1 -1.42109e-18 
0.915 -1.39698e-47 -2.8026e-45 0.0025 0.25 0.1795 1.795 0.02 441 5 1 -1.42109e-18 
0.925 -4.16564e-17 -5.60519e-45 0.0025 0.25 0.1795 1.795 0.02 442 5 1 -1.42109e-18 
0.935 -1.45298e-16 -1.42109e-14 0.0025 0.25 0.1795 1.795 0.02 443 5 1 -1.42109e-18 
0.945 -4.22982e-16 -2.84217e-14 0.0025 0.25 0.1795 1.795 0.02 444 5 1 -1.42109e-18 
0.955 -1.35492e-15 -1.27898e-13 0.0025 0.25 0.1795 1.795 0.02 445 5 1 -5.32907e-19 
0.965 -3.83846e-15 -1.7053e-13 0.0025 0.25 0.1795 1.795 0.02 446 5 1 -3.01981e-18 
0.975 -1.21118e-14 -2.27374e-13 0.0025 0.25 0.1795 1.795 0.02 447 5 1 9.76996e-18 
0.985 4.80468e-15 4.26326e-13 0.0025 0.25 0.1795 1.795 0.02 448 5 1 -3.85469e-17 
0.995 -3.63654e-15 4.83169e-13 0.0025 0.25 0.1795 1.795 0.02 449 4 1 2.80664e-17 
1.005 3.54529e-15 -4.83169e-13 0.0025 0.25 0.1795 1.795 0.02 450 4 1 2.70006e-17 
1.015 -4.6961e-15 -4.26326e-13 0.0025 0.25 0.1795 1.795 0.02 451 5 1 -3.83693e-17 
1.025 1.21119e-14 2.27374e-13 0.0025 0.25 0.1795 1.795 0.02 452 5 1 9.76996e-18 
1.035 3.86348e-15 1.7053e-13 0.0025 0.25 0.1795 1.795 0.02 453 5 1 -3.01981e-18 
1.045 1.34647e-15 1.27898e-13 0.0025 0.25 0.1795 1.795 0.02 454 5 1 -5.32907e-19 
1.055 4.22926e-16 2.84217e-14 0.0025 0.25 0.1795 1.795 0.02 455 5 1 -1.42109e-18 
1.065 1.49422e-16 8.40779e-45 0.0025 0.25 0.1795 1.795 0.02 456 5 1 -1.42109e-18 
1.075 4.58092e-17 1.42109e-14 0.0025 0.25 0.1795 1.795 0.02 457 5 1 -1.42109e-18 
1.085 1.56076e-47 2.8026e-45 0.0025 0.25 0.1795 1.795 0.02 458 5 1 -1.42109e-18 
1.095 0 0 0.0025 0.25 0.1795 1.795 0.02 459 5 1 -1.42109e-18 
1.105 0 0 0.0025 0.25 0.1795 1.795 0.02 460 5 1 -1.42109e-18 
1.115 0 0 0.0025 0.25 0.1795 1.795 0.02 461 5 1 -1.42109e-18 
1.125 0 0 0.0025 0.25 0.1795 1.795 0.02 462 5 1 -1.42109e-18 
1.135 0 0 0.0025 0.25 0.1795 1.795 0.02 463 5 1 -1.42109e-18 
1.145 0 0 0.0025 0.25 0.1795 1.795 0.02 464 5 1 -1.42109e-18 
1.155 0 0 0.0025 0.25 0.1795 1.795 0.02 465 5 1 -1.42109e-18 
1.165 0 0 0.0025 0.25 0.1795 1.795 0.02 466 5 1 -1.42109e-18 
1.175 0 0 0.0025 0.25 0.1795 1.795 0.02 467 5 1 -1.42109e-18 
1.185 0 0 0.0025 0.25 0.1795 1.795 0.02 468 5 1 -1.42109e-18 
1.195 0 0 0.0025 0.25 0.1795 1.795 0.02 469 5 1 -1.42109e-18 
1.205 7.40094e-48 2.8026e-45 0.0025 0.25 0.1795 1.795 0.02 470 5 1 -1.42109e-18 
1.215 2.08591e-17 1.42109e-14 0.0025 0.25 0.1795 1.795 0.02 471 5 1 -1.06581e-18 
1.225 -2.83692e-16 -2.55795e-13 0.0025 0.25 0.1795 1.795 0.02 472 5 1 1.95399e-18 
1.235 -7.79031e-15 -3.48166e-12 0.0025 0.25 0.1795 1.795 0.02 473 5 1 1.36779e-17 
1.245 -6.35013e-14 -2.55227e-11 0.0025 0.25 0.1795 1.795 0.02 474 3 1 -8.02913e-17 
1.255 -1.906e-13 -3.7943e-12 0.0025 0.25 0.1795 1.795 0.02 475 4 1 -1.26903e-15 
1.265 1.88478e-12 1.17586e-09 0.0025 0.25 0.1795 1.795 0.02 476 4 1 7.42517e-17 
1.275 1.76634e-11 3.78083e-09 0.0025 0.25 0.1795 1.795 0.02 477 5 1 5.30846e-14 
1.285 -3.42695e-11 -3.69078e-08 0.0025 0.25 0.1795 1.795 0.02 478 4 1 3.6705e-13 
1.295 -8.80494e-10 -3.56949e-07 0.0025 0.25 0.1795 1.795 0.02 479 4 1 9.32304e-13 
1.305 -5.29949e-09 -1.34451e-06 0.0025 0.25 0.1795 1.795 0.02 480 3 1 -4.82771e-12 
1.315 -1.09041e-08 7.10803e-07 0.0025 0.25 0.1795 1.795 0.02 481 4 1 -5.80932e-11 
1.325 9.16483e-08 4.9467e-05 0.0025 0.25 0.1795 1.795 0.02 482 4 1 3.71926e-11 
1.335 6.44478e-07 7.10902e-05 0.0025 0.25 0.1795 1.795 0.02 483 5 1 1.98939e-09 
1.345 -1.74181e-06 -0.00133351 0.0025 0.250001 0.179501 1.795 0.0199999 484 4 1 1.1153e-08 
1.355 -2.81693e-05 -0.00928041 0.0025 0.250006 0.179507 1.79502 0.0199995 485 4 1 2.34348e-08 
1.365 -0.000138456 -0.0266644 0.0025 0.250021 0.179519 1.79506 0.0199983 486 3 1 -1.07182e-07 
1.375 -0.000240859 0.0256345 0.0025 0.249989 0.179469 1.79497 0.0200008 487 4 1 -1.04096e-06 
1.385 0.00173871 0.832238 0.0025 0.249526 0.179045 1.79364 0.020038 488 4 1 1.04938e-06 
1.39504 0.00923261 0.208437 0.0025 0.249525 0.179435 1.79364 0.0200381 489 4 1 3.66125e-05 
1.40504 -0.0228328 -12.6646 0.0025 0.257565 0.18878 1.81888 0.0194126 490 4 1 0.000199711 
1.41449 -0.172999 -32.4055 0.0025 0.286974 0.222062 1.9147 0.0174232 491 4 1 0.000298571 
1.42262 -0.399575 -30.6152 0.0025 0.337692 0.280849 2.06922 0.0148064 492 4 1 0.000136479 
1.42944 -0.549151 -13.1453 0.0025 0.387261 0.340893 2.20385 0.0129112 493 4 1 1.58287e-05 
1.43558 -0.613195 -6.56417 0.0025 0.419156 0.382247 2.28368 0.0119287 494 4 1 -9.21485e-06 
1.44138 -0.649444 -3.22865 0.0025 0.436715 0.406549 2.32939 0.0114491 495 4 1 -9.59476e-06 
1.44703 -0.664479 -1.13023 0.0025 0.445067 0.419538 2.35906 0.0112343 496 3 1 -1.36868e-05 
1.45262 -0.67084 -0.489364 0.0025 0.443632 0.422617 2.37306 0.0112706 497 5 1 4.99697e-05 
1.4583 -0.673218 -0.159226 0.0025 0.452467 0.430392 2.44015 0.0110505 498 4 1 -0.000240639 
1.46368 -0.674391 -0.0264842 0.0025 0.481341 0.422669 2.15286 0.0103876 499 4 1 0.000265181 
