# Time [s]: 0.0522953
# Columns: pos [m], vel [m/s], acc [m/s^2], mass [kg], dens [kg/m^3], pres [Pa], ene [J/kg], sml [m], id, neighbor, alpha, gradh, ...additional?
1.46712 -0.674929 0.0280873 0.0025 0.509762 0.431191 2.15033 0.0098085 0 4 1 -0.000134521 
1.47191 -0.675396 0.0829402 0.0025 0.535481 0.424602 1.94797 0.00933739 1 4 1 0.000178805 
1.47646 -0.675856 0.0968796 0.0025 0.546593 0.429047 1.96614 0.00914757 2 3 1 -1.91558e-05 
1.48106 -0.676372 0.100639 0.0025 0.544076 0.427102 1.96191 0.0091899 3 5 1 3.39033e-06 
1.48565 -0.677091 0.210521 0.0025 0.544077 0.426832 1.96128 0.00918987 4 3 1 -8.49443e-08 
1.49025 -0.678278 0.253156 0.0025 0.543753 0.426462 1.96056 0.00919535 5 5 1 9.5123e-07 
1.49484 -0.677623 -0.450299 0.0025 0.544083 0.426781 1.96095 0.00918977 6 4 1 3.58243e-07 
1.49944 -0.675972 -0.215783 0.0025 0.544671 0.427375 1.96172 0.00917986 7 4 1 -6.24885e-07 
-0.495975 -0.677801 1.15519 0.0025 0.544858 0.427799 1.96187 0.00917671 8 4 1 6.83695e-06 
-0.491387 -0.672559 -4.0684 0.0025 0.549555 0.433198 1.96854 0.00909828 9 4 1 2.07557e-05 
-0.486876 -0.6437 -8.90929 0.0025 0.563287 0.448258 1.98812 0.00887646 10 4 1 1.97744e-05 
-0.482508 -0.606331 -9.05612 0.0025 0.581853 0.468808 2.01406 0.00859323 11 4 1 1.14821e-05 
-0.47828 -0.573945 -7.44603 0.0025 0.600001 0.48939 2.03887 0.00833332 12 4 1 1.22835e-05 
-0.474173 -0.54393 -8.28124 0.0025 0.618092 0.510326 2.06316 0.00808941 13 4 1 2.03115e-05 
-0.470189 -0.508163 -10.9686 0.0025 0.639353 0.535165 2.09124 0.0078204 14 4 1 2.78351e-05 
-0.466349 -0.464512 -13.7029 0.0025 0.665272 0.565772 2.12476 0.00751573 15 4 1 3.13006e-05 
-0.462669 -0.415541 -15.5505 0.0025 0.695138 0.601581 2.16241 0.00719281 16 4 1 3.14263e-05 
-0.459152 -0.364405 -16.6424 0.0025 0.727487 0.641057 2.20209 0.00687298 17 4 1 2.9752e-05 
-0.455792 -0.313724 -17.1908 0.0025 0.761045 0.682763 2.24214 0.00656991 18 4 1 2.72756e-05 
-0.452578 -0.264374 -17.4099 0.0025 0.7949 0.725588 2.28147 0.0062901 19 4 1 2.41875e-05 
-0.449498 -0.217554 -17.0934 0.0025 0.828344 0.768612 2.31934 0.00603614 20 4 1 2.12058e-05 
-0.446539 -0.173839 -16.6949 0.0025 0.860949 0.811307 2.35535 0.00580754 21 4 1 2.22479e-05 
-0.443688 -0.130854 -18.6708 0.0025 0.893834 0.855051 2.39094 0.00559388 22 4 1 2.11985e-05 
-0.440943 -0.0862338 -18.8825 0.0025 0.927042 0.899544 2.42622 0.0053935 23 4 1 5.96998e-06 
-0.438293 -0.0512207 -10.4428 0.0025 0.95457 0.936918 2.45455 0.00523796 24 4 1 1.95462e-06 
-0.435704 -0.0312017 -9.52745 0.0025 0.976012 0.967123 2.47606 0.00512289 25 4 1 2.50904e-05 
-0.433169 0.00393624 -24.7114 0.0025 1.00507 1.00784 2.50574 0.0049748 26 4 1 2.00428e-05 
-0.430727 0.0528892 -19.3845 0.0025 1.03844 1.05383 2.5391 0.00481492 27 4 1 -1.69669e-05 
-0.428353 0.0686439 0.0211282 0.0025 1.05343 1.07489 2.55338 0.0047464 28 3 1 -1.63175e-05 
-0.425981 0.0614539 5.75665 0.0025 1.04866 1.06867 2.54845 0.00476801 29 4 1 -5.14472e-06 
-0.423585 0.0474666 7.7112 0.0025 1.03717 1.05253 2.53705 0.00482083 30 4 1 1.43829e-06 
-0.42116 0.0321905 7.59718 0.0025 1.02492 1.03524 2.52486 0.00487843 31 4 1 4.33222e-06 
-0.418707 0.0190257 6.0253 0.0025 1.01466 1.02076 2.5146 0.00492776 32 4 1 4.64995e-06 
-0.416232 0.00968816 3.94707 0.0025 1.0075 1.01065 2.50744 0.00496279 33 4 1 3.54136e-06 
-0.413744 0.00417503 2.14998 0.0025 1.00328 1.00469 2.50324 0.00498365 34 4 1 2.15833e-06 
-0.411248 0.00146108 0.969864 0.0025 1.00119 1.00171 2.50116 0.00499407 35 4 1 1.11182e-06 
-0.40875 0.000366985 0.349275 0.0025 1.00032 1.00048 2.50031 0.00499838 36 4 1 4.87375e-07 
-0.40625 3.10629e-05 0.086987 0.0025 1.00005 1.00007 2.50004 0.00499977 37 4 1 1.80373e-07 
-0.40375 -2.05778e-05 -0.00842987 0.0025 0.999994 0.999994 2.49999 0.00500003 38 5 1 4.33018e-08 
-0.40125 3.48294e-06 -0.00908103 0.0025 1 1 2.5 0.005 39 4 1 -6.4104e-09 
-0.39875 7.49477e-06 0.000843197 0.0025 1 1.00001 2.5 0.00499998 40 3 1 -4.62467e-09 
-0.39625 4.37249e-06 0.0018866 0.0025 1 1 2.5 0.00499998 41 4 1 1.83034e-10 
-0.39375 1.6614e-06 0.00112504 0.0025 1 1 2.5 0.00499999 42 4 1 8.31781e-10 
-0.39125 3.99453e-07 0.000423057 0.0025 1 1 2.5 0.005 43 4 1 5.12913e-10 
-0.38875 1.80712e-08 9.7287e-05 0.0025 1 1 2.5 0.005 44 4 1 2.00154e-10 
-0.38625 -2.5389e-08 -1.80232e-05 0.0025 1 1 2.5 0.005 45 5 1 4.18139e-11 
-0.38375 1.76714e-09 -8.06394e-06 0.0025 1 1 2.5 0.005 46 4 1 -9.18151e-12 
-0.38125 4.8445e-09 1.0147e-06 0.0025 1 1 2.5 0.005 47 3 1 -3.73854e-12 
-0.37875 2.29288e-09 1.46345e-06 0.0025 1 1 2.5 0.005 48 4 1 3.81631e-13 
-0.37625 6.0996e-10 6.19071e-07 0.0025 1 1 2.5 0.005 49 4 1 6.0167e-13 
-0.37375 5.22288e-11 1.48831e-07 0.0025 1 1 2.5 0.005 50 4 1 2.70742e-13 
-0.37125 -3.06928e-11 -1.05375e-08 0.0025 1 1 2.5 0.005 51 5 1 6.16605e-14 
-0.36875 -2.13637e-12 -1.13982e-08 0.0025 1 1 2.5 0.005 52 4 1 -6.76366e-15 
-0.36625 3.54121e-12 6.41478e-10 0.0025 1 1 2.5 0.005 53 3 1 -4.61995e-15 
-0.36375 1.72145e-12 1.19803e-09 0.0025 1 1 2.5 0.005 54 4 1 1.36069e-16 
-0.36125 3.8403e-13 4.80611e-10 0.0025 1 1 2.5 0.005 55 4 1 4.62919e-16 
-0.35875 1.3997e-14 8.5322e-11 0.0025 1 1 2.5 0.005 56 4 1 1.98241e-16 
-0.35625 -1.23931e-14 -1.6712e-11 0.0025 1 1 2.5 0.005 57 5 1 2.13163e-17 
-0.35375 -2.00855e-16 -1.7053e-12 0.0025 1 1 2.5 0.005 58 5 1 -4.9738e-18 
-0.35125 2.83793e-16 5.68434e-14 0.0025 1 1 2.5 0.005 59 5 1 -2.4869e-18 
-0.34875 1.16914e-16 1.7053e-13 0.0025 1 1 2.5 0.005 60 5 1 -1.42109e-18 
-0.34625 3.29378e-47 4.48416e-44 0.0025 1 1 2.5 0.005 61 5 1 -1.42109e-18 
-0.34375 0 0 0.0025 1 1 2.5 0.005 62 5 1 -1.42109e-18 
-0.34125 0 0 0.0025 1 1 2.5 0.005 63 5 1 -1.42109e-18 
-0.33875 0 0 0.0025 1 1 2.5 0.005 64 5 1 -1.42109e-18 
-0.33625 0 0 0.0025 1 1 2.5 0.005 65 5 1 -1.42109e-18 
-0.33375 0 0 0.0025 1 1 2.5 0.005 66 5 1 -1.42109e-18 
-0.33125 0 0 0.0025 1 1 2.5 0.005 67 5 1 -1.42109e-18 
-0.32875 0 0 0.0025 1 1 2.5 0.005 68 5 1 -1.42109e-18 
-0.32625 0 0 0.0025 1 1 2.5 0.005 69 5 1 -1.42109e-18 
-0.32375 0 0 0.0025 1 1 2.5 0.005 70 5 1 -1.42109e-18 
-0.32125 0 0 0.0025 1 1 2.5 0.005 71 5 1 -1.42109e-18 
-0.31875 0 0 0.0025 1 1 2.5 0.005 72 5 1 -1.42109e-18 
-0.31625 0 0 0.0025 1 1 2.5 0.005 73 5 1 -1.42109e-18 
-0.31375 0 0 0.0025 1 1 2.5 0.005 74 5 1 -1.42109e-18 
-0.31125 0 0 0.0025 1 1 2.5 0.005 75 5 1 -1.42109e-18 
-0.30875 0 0 0.0025 1 1 2.5 0.005 76 5 1 -1.42109e-18 
-0.30625 0 0 0.0025 1 1 2.5 0.005 77 5 1 -1.42109e-18 
-0.30375 0 0 0.0025 1 1 2.5 0.005 78 5 1 -1.42109e-18 
-0.30125 0 0 0.0025 1 1 2.5 0.005 79 5 1 -1.42109e-18 
-0.29875 0 0 0.0025 1 1 2.5 0.005 80 5 1 -1.42109e-18 
-0.29625 0 0 0.0025 1 1 2.5 0.005 81 5 1 -1.42109e-18 
-0.29375 0 0 0.0025 1 1 2.5 0.005 82 5 1 -1.42109e-18 
-0.29125 0 0 0.0025 1 1 2.5 0.005 83 5 1 -1.42109e-18 
-0.28875 0 0 0.0025 1 1 2.5 0.005 84 5 1 -1.42109e-18 
-0.28625 0 0 0.0025 1 1 2.5 0.005 85 5 1 -1.42109e-18 
-0.28375 0 0 0.0025 1 1 2.5 0.005 86 5 1 -1.42109e-18 
-0.28125 0 0 0.0025 1 1 2.5 0.005 87 5 1 -1.42109e-18 
-0.27875 0 0 0.0025 1 1 2.5 0.005 88 5 1 -1.42109e-18 
-0.27625 0 0 0.0025 1 1 2.5 0.005 89 5 1 -1.42109e-18 
-0.27375 0 0 0.0025 1 1 2.5 0.005 90 5 1 -1.42109e-18 
-0.27125 0 0 0.0025 1 1 2.5 0.005 91 5 1 -1.42109e-18 
-0.26875 0 0 0.0025 1 1 2.5 0.005 92 5 1 -1.42109e-18 
-0.26625 0 0 0.0025 1 1 2.5 0.005 93 5 1 -1.42109e-18 
-0.26375 0 0 0.0025 1 1 2.5 0.005 94 5 1 -1.42109e-18 
-0.26125 0 0 0.0025 1 1 2.5 0.005 95 5 1 -1.42109e-18 
-0.25875 0 0 0.0025 1 1 2.5 0.005 96 5 1 -1.42109e-18 
-0.25625 0 0 0.0025 1 1 2.5 0.005 97 5 1 -1.42109e-18 
-0.25375 0 0 0.0025 1 1 2.5 0.005 98 5 1 -1.42109e-18 
-0.25125 0 0 0.0025 1 1 2.5 0.005 99 5 1 -1.42109e-18 
-0.24875 0 0 0.0025 1 1 2.5 0.005 100 5 1 -1.42109e-18 
-0.24625 0 0 0.0025 1 1 2.5 0.005 101 5 1 -1.42109e-18 
-0.24375 0 0 0.0025 1 1 2.5 0.005 102 5 1 -1.42109e-18 
-0.24125 0 0 0.0025 1 1 2.5 0.005 103 5 1 -1.42109e-18 
-0.23875 0 0 0.0025 1 1 2.5 0.005 104 5 1 -1.42109e-18 
-0.23625 0 0 0.0025 1 1 2.5 0.005 105 5 1 -1.42109e-18 
-0.23375 0 0 0.0025 1 1 2.5 0.005 106 5 1 -1.42109e-18 
-0.23125 0 0 0.0025 1 1 2.5 0.005 107 5 1 -1.42109e-18 
-0.22875 0 0 0.0025 1 1 2.5 0.005 108 5 1 -1.42109e-18 
-0.22625 0 0 0.0025 1 1 2.5 0.005 109 5 1 -1.42109e-18 
-0.22375 0 0 0.0025 1 1 2.5 0.005 110 5 1 -1.42109e-18 
-0.22125 0 0 0.0025 1 1 2.5 0.005 111 5 1 -1.42109e-18 
-0.21875 0 0 0.0025 1 1 2.5 0.005 112 5 1 -1.42109e-18 
-0.21625 0 0 0.0025 1 1 2.5 0.005 113 5 1 -1.42109e-18 
-0.21375 0 0 0.0025 1 1 2.5 0.005 114 5 1 -1.42109e-18 
-0.21125 0 0 0.0025 1 1 2.5 0.005 115 5 1 -1.42109e-18 
-0.20875 0 0 0.0025 1 1 2.5 0.005 116 5 1 -1.42109e-18 
-0.20625 0 0 0.0025 1 1 2.5 0.005 117 5 1 -1.42109e-18 
-0.20375 0 0 0.0025 1 1 2.5 0.005 118 5 1 -1.42109e-18 
-0.20125 0 0 0.0025 1 1 2.5 0.005 119 5 1 -1.42109e-18 
-0.19875 0 0 0.0025 1 1 2.5 0.005 120 5 1 -1.42109e-18 
-0.19625 0 0 0.0025 1 1 2.5 0.005 121 5 1 -1.42109e-18 
-0.19375 0 0 0.0025 1 1 2.5 0.005 122 5 1 -1.42109e-18 
-0.19125 0 0 0.0025 1 1 2.5 0.005 123 5 1 -1.42109e-18 
-0.18875 0 0 0.0025 1 1 2.5 0.005 124 5 1 -1.42109e-18 
-0.18625 0 0 0.0025 1 1 2.5 0.005 125 5 1 -1.42109e-18 
-0.18375 0 0 0.0025 1 1 2.5 0.005 126 5 1 -1.42109e-18 
-0.18125 0 0 0.0025 1 1 2.5 0.005 127 5 1 -1.42109e-18 
-0.17875 0 0 0.0025 1 1 2.5 0.005 128 5 1 -1.42109e-18 
-0.17625 0 0 0.0025 1 1 2.5 0.005 129 5 1 -1.42109e-18 
-0.17375 0 0 0.0025 1 1 2.5 0.005 130 5 1 -1.42109e-18 
-0.17125 0 0 0.0025 1 1 2.5 0.005 131 5 1 -1.42109e-18 
-0.16875 0 0 0.0025 1 1 2.5 0.005 132 5 1 -1.42109e-18 
-0.16625 0 0 0.0025 1 1 2.5 0.005 133 5 1 -1.42109e-18 
-0.16375 0 0 0.0025 1 1 2.5 0.005 134 5 1 -1.42109e-18 
-0.16125 0 0 0.0025 1 1 2.5 0.005 135 5 1 -1.42109e-18 
-0.15875 0 0 0.0025 1 1 2.5 0.005 136 5 1 -1.42109e-18 
-0.15625 0 0 0.0025 1 1 2.5 0.005 137 5 1 -1.42109e-18 
-0.15375 0 0 0.0025 1 1 2.5 0.005 138 5 1 -1.42109e-18 
-0.15125 0 0 0.0025 1 1 2.5 0.005 139 5 1 -1.42109e-18 
-0.14875 0 0 0.0025 1 1 2.5 0.005 140 5 1 -1.42109e-18 
-0.14625 0 0 0.0025 1 1 2.5 0.005 141 5 1 -1.42109e-18 
-0.14375 0 0 0.0025 1 1 2.5 0.005 142 5 1 -1.42109e-18 
-0.14125 0 0 0.0025 1 1 2.5 0.005 143 5 1 -1.42109e-18 
-0.13875 0 0 0.0025 1 1 2.5 0.005 144 5 1 -1.42109e-18 
-0.13625 0 0 0.0025 1 1 2.5 0.005 145 5 1 -1.42109e-18 
-0.13375 0 0 0.0025 1 1 2.5 0.005 146 5 1 -1.42109e-18 
-0.13125 0 0 0.0025 1 1 2.5 0.005 147 5 1 -1.42109e-18 
-0.12875 0 0 0.0025 1 1 2.5 0.005 148 5 1 -1.42109e-18 
-0.12625 0 0 0.0025 1 1 2.5 0.005 149 5 1 -1.42109e-18 
-0.12375 0 0 0.0025 1 1 2.5 0.005 150 5 1 -1.42109e-18 
-0.12125 0 0 0.0025 1 1 2.5 0.005 151 5 1 -1.42109e-18 
-0.11875 0 0 0.0025 1 1 2.5 0.005 152 5 1 -1.42109e-18 
-0.11625 0 0 0.0025 1 1 2.5 0.005 153 5 1 -1.42109e-18 
-0.11375 0 0 0.0025 1 1 2.5 0.005 154 5 1 -1.42109e-18 
-0.11125 0 0 0.0025 1 1 2.5 0.005 155 5 1 -1.42109e-18 
-0.10875 0 0 0.0025 1 1 2.5 0.005 156 5 1 -1.42109e-18 
-0.10625 0 0 0.0025 1 1 2.5 0.005 157 5 1 -1.42109e-18 
-0.10375 0 0 0.0025 1 1 2.5 0.005 158 5 1 -1.42109e-18 
-0.10125 0 0 0.0025 1 1 2.5 0.005 159 5 1 -1.42109e-18 
-0.09875 0 0 0.0025 1 1 2.5 0.005 160 5 1 -1.42109e-18 
-0.09625 0 0 0.0025 1 1 2.5 0.005 161 5 1 -1.42109e-18 
-0.09375 0 0 0.0025 1 1 2.5 0.005 162 5 1 -1.42109e-18 
-0.09125 0 0 0.0025 1 1 2.5 0.005 163 5 1 -1.42109e-18 
-0.08875 0 0 0.0025 1 1 2.5 0.005 164 5 1 -1.42109e-18 
-0.08625 0 0 0.0025 1 1 2.5 0.005 165 5 1 -1.42109e-18 
-0.08375 0 0 0.0025 1 1 2.5 0.005 166 5 1 -1.42109e-18 
-0.08125 0 0 0.0025 1 1 2.5 0.005 167 5 1 -1.42109e-18 
-0.07875 0 0 0.0025 1 1 2.5 0.005 168 5 1 -1.42109e-18 
-0.07625 0 0 0.0025 1 1 2.5 0.005 169 5 1 -1.42109e-18 
-0.07375 0 0 0.0025 1 1 2.5 0.005 170 5 1 -1.42109e-18 
-0.07125 0 0 0.0025 1 1 2.5 0.005 171 5 1 -1.42109e-18 
-0.06875 0 0 0.0025 1 1 2.5 0.005 172 5 1 -1.42109e-18 
-0.06625 0 0 0.0025 1 1 2.5 0.005 173 5 1 -1.42109e-18 
-0.06375 -1.87516e-46 -3.36312e-44 0.0025 1 1 2.5 0.005 174 5 1 -1.42109e-18 
-0.06125 -1.33366e-16 -3.36312e-44 0.0025 1 1 2.5 0.005 175 5 1 -1.42109e-18 
-0.05875 -2.65911e-16 3.36312e-44 0.0025 1 1 2.5 0.005 176 5 1 -1.42109e-18 
-0.05625 -3.97895e-16 0 0.0025 1 1 2.5 0.005 177 5 1 -1.42109e-18 
-0.05375 -4.95818e-16 -1.13687e-13 0.0025 1 1 2.5 0.005 178 5 1 -1.42109e-18 
-0.05125 -7.92317e-16 0 0.0025 1 1 2.5 0.005 179 5 1 -1.42109e-18 
-0.04875 -1.05431e-15 0 0.0025 1 1 2.5 0.005 180 5 1 -1.42109e-18 
-0.04625 -1.31513e-15 -2.24208e-44 0.0025 1 1 2.5 0.005 181 5 1 -1.42109e-18 
-0.04375 -1.87069e-15 -1.13687e-13 0.0025 1 1 2.5 0.005 182 5 1 -1.42109e-18 
-0.04125 -2.48911e-15 -1.12104e-44 0.0025 1 1 2.5 0.005 183 5 1 -1.42109e-18 
-0.03875 -3.13251e-15 3.9443e-29 0.0025 1 1 2.5 0.005 184 5 1 -1.42109e-18 
-0.03625 -2.82785e-15 1.13687e-13 0.0025 1 1 2.5 0.005 185 5 1 -4.26326e-18 
-0.03375 -3.79731e-15 4.54747e-13 0.0025 1 1 2.5 0.005 186 4 1 -8.17124e-18 
-0.03125 4.44339e-16 1.13687e-13 0.0025 1 1 2.5 0.005 187 3 1 2.62901e-17 
-0.02875 -6.86114e-16 -2.27374e-13 0.0025 1 1 2.5 0.005 188 4 1 -1.38556e-17 
-0.02625 -1.32614e-15 -1.13687e-13 0.0025 1 1 2.5 0.005 189 5 1 -3.19744e-18 
-0.02375 -2.33286e-15 -5.68434e-14 0.0025 1 1 2.5 0.005 190 3 1 3.90799e-18 
-0.02125 8.38872e-16 -1.13687e-13 0.0025 1 1 2.5 0.005 191 3 1 1.77636e-18 
-0.01875 -5.04103e-16 -1.7053e-13 0.0025 1 1 2.5 0.005 192 5 1 -3.90799e-18 
-0.01625 1.40494e-15 -1.13687e-13 0.0025 1 1 2.5 0.005 193 5 1 -1.42109e-18 
-0.01375 8.94416e-17 -1.7053e-13 0.0025 1 1 2.5 0.005 194 4 1 -7.10543e-19 
-0.01125 -7.73161e-16 -1.7053e-13 0.0025 1 1 2.5 0.005 195 4 1 6.24001e-33 
-0.00875 1.01224e-15 5.42342e-28 0.0025 1 1 2.5 0.005 196 4 1 -1.42109e-18 
-0.00625 2.94315e-16 -1.13687e-13 0.0025 1 1 2.5 0.005 197 4 1 1.2326e-33 
-0.00375 2.04921e-16 8.87469e-29 0.0025 1 1 2.5 0.005 198 3 1 0 
-0.00125 1.33372e-16 1.13687e-13 0.0025 1 1 2.5 0.005 199 3 1 0 
0.00125 7.86414e-17 5.68434e-14 0.0025 1 1 2.5 0.005 200 3 1 7.10543e-19 
0.00375 -2.66016e-16 -3.9443e-29 0.0025 1 1 2.5 0.005 201 3 1 1.42109e-18 
0.00625 -5.79652e-16 -5.68434e-14 0.0025 1 1 2.5 0.005 202 3 1 7.10543e-19 
0.00875 -1.20946e-15 -5.91646e-28 0.0025 1 1 2.5 0.005 203 4 1 -1.42109e-18 
0.01125 1.31326e-15 2.84217e-13 0.0025 1 1 2.5 0.005 204 4 1 6.24001e-33 
0.01375 3.93035e-16 1.13687e-13 0.0025 1 1 2.5 0.005 205 4 1 1.97215e-32 
0.01625 -5.68658e-16 1.13687e-13 0.0025 1 1 2.5 0.005 206 5 1 -1.77636e-18 
0.01875 -7.79332e-16 1.13687e-13 0.0025 1 1 2.5 0.005 207 5 1 -1.77636e-18 
0.02125 2.50255e-15 5.68434e-14 0.0025 1 1 2.5 0.005 208 5 1 -2.84217e-18 
0.02375 8.55628e-16 -5.52203e-28 0.0025 1 1 2.5 0.005 209 5 1 3.19744e-18 
0.02625 -2.22612e-17 -5.68434e-14 0.0025 1 1 2.5 0.005 210 4 1 -8.17124e-18 
0.02875 2.07376e-15 -6.27782e-43 0.0025 1 1 2.5 0.005 211 3 1 9.23706e-18 
0.03125 1.79967e-15 -5.68434e-14 0.0025 1 1 2.5 0.005 212 4 1 -7.10543e-18 
0.03375 1.24055e-15 -5.68434e-14 0.0025 1 1 2.5 0.005 213 5 1 1.06581e-18 
0.03625 -8.82872e-16 -1.7053e-13 0.0025 1 1 2.5 0.005 214 5 1 2.46519e-33 
0.03875 8.72157e-16 -1.7053e-13 0.0025 1 1 2.5 0.005 215 5 1 -3.90799e-18 
0.04125 1.59915e-15 3.41061e-13 0.0025 1 1 2.5 0.005 216 5 1 -1.77636e-18 
0.04375 -3.61917e-16 -1.81899e-12 0.0025 1 1 2.5 0.005 217 3 1 4.26326e-18 
0.04625 6.01379e-15 5.11591e-13 0.0025 1 1 2.5 0.005 218 3 1 -5.68434e-18 
0.04875 2.74744e-15 6.25278e-13 0.0025 1 1 2.5 0.005 219 5 1 -2.13163e-18 
0.05125 9.97566e-16 5.68434e-13 0.0025 1 1 2.5 0.005 220 5 1 2.46519e-33 
0.05375 3.31561e-16 1.13687e-13 0.0025 1 1 2.5 0.005 221 5 1 -1.42109e-18 
0.05625 1.32873e-16 2.24208e-44 0.0025 1 1 2.5 0.005 222 5 1 -1.42109e-18 
0.05875 3.80974e-46 2.24208e-44 0.0025 1 1 2.5 0.005 223 5 1 -1.42109e-18 
0.06125 0 0 0.0025 1 1 2.5 0.005 224 5 1 -1.42109e-18 
0.06375 0 0 0.0025 1 1 2.5 0.005 225 5 1 -1.42109e-18 
0.06625 0 0 0.0025 1 1 2.5 0.005 226 5 1 -1.42109e-18 
0.06875 0 0 0.0025 1 1 2.5 0.005 227 5 1 -1.42109e-18 
0.07125 0 0 0.0025 1 1 2.5 0.005 228 5 1 -1.42109e-18 
0.07375 0 0 0.0025 1 1 2.5 0.005 229 5 1 -1.42109e-18 
0.07625 0 0 0.0025 1 1 2.5 0.005 230 5 1 -1.42109e-18 
0.07875 0 0 0.0025 1 1 2.5 0.005 231 5 1 -1.42109e-18 
0.08125 -1.48125e-46 -3.36312e-44 0.0025 1 1 2.5 0.005 232 5 1 -1.42109e-18 
0.08375 -1.33513e-16 -3.36312e-44 0.0025 1 1 2.5 0.005 233 5 1 -1.42109e-18 
0.08625 -2.99652e-16 -1.13687e-13 0.0025 1 1 2.5 0.005 234 5 1 -1.42109e-18 
0.08875 -4.65787e-16 -2.24208e-44 0.0025 1 1 2.5 0.005 235 5 1 -1.42109e-18 
0.09125 -7.64484e-16 -1.13687e-13 0.0025 1 1 2.5 0.005 236 5 1 -1.42109e-18 
0.09375 -1.41125e-15 -5.68434e-14 0.0025 1 1 2.5 0.005 237 5 1 -1.42109e-18 
0.09625 7.47142e-16 5.68434e-13 0.0025 1 1 2.5 0.005 238 5 1 -6.39488e-18 
0.09875 -1.77349e-16 4.54747e-13 0.0025 1 1 2.5 0.005 239 5 1 5.68434e-18 
0.10125 2.74659e-15 -1.13687e-13 0.0025 1 1 2.5 0.005 240 5 1 -7.4607e-18 
0.10375 2.00614e-15 -1.13687e-13 0.0025 1 1 2.5 0.005 241 5 1 3.90799e-18 
0.10625 9.85531e-16 -5.68434e-14 0.0025 1 1 2.5 0.005 242 5 1 -7.81597e-18 
0.10875 -1.46545e-15 -5.68434e-14 0.0025 1 1 2.5 0.005 243 5 1 8.52651e-18 
0.11125 -8.92049e-16 -1.34525e-43 0.0025 1 1 2.5 0.005 244 5 1 -1.52767e-17 
0.11375 -3.01745e-15 -1.13687e-13 0.0025 1 1 2.5 0.005 245 5 1 1.52767e-17 
0.11625 1.753e-15 1.7053e-13 0.0025 1 1 2.5 0.005 246 5 1 -2.30926e-17 
0.11875 -4.13957e-16 1.7053e-13 0.0025 1 1 2.5 0.005 247 5 1 2.38032e-17 
0.12125 6.22807e-16 -2.27374e-13 0.0025 1 1 2.5 0.005 248 5 1 -2.94875e-17 
0.12375 -1.10128e-15 -1.13687e-13 0.0025 1 1 2.5 0.005 249 3 1 1.42109e-17 
0.12625 2.22114e-15 1.13687e-13 0.0025 1 1 2.5 0.005 250 3 1 1.3145e-17 
0.12875 -5.6521e-16 1.13687e-13 0.0025 1 1 2.5 0.005 251 5 1 -2.59348e-17 
0.13125 1.49601e-15 -1.13687e-13 0.0025 1 1 2.5 0.005 252 5 1 1.91847e-17 
0.13375 -1.03711e-15 -1.13687e-13 0.0025 1 1 2.5 0.005 253 5 1 -1.77636e-17 
0.13625 1.54858e-15 5.68434e-14 0.0025 1 1 2.5 0.005 254 5 1 1.03029e-17 
0.13875 1.76866e-16 5.68434e-14 0.0025 1 1 2.5 0.005 255 5 1 -1.13687e-17 
0.14125 5.48652e-16 -1.45735e-43 0.0025 1 1 2.5 0.005 256 5 1 4.9738e-18 
0.14375 -7.55533e-16 -5.68434e-14 0.0025 1 1 2.5 0.005 257 5 1 -6.75016e-18 
0.14625 -1.77473e-15 1.00893e-43 0.0025 1 1 2.5 0.005 258 5 1 3.90799e-18 
0.14875 -2.67937e-15 2.27374e-13 0.0025 1 1 2.5 0.005 259 5 1 -7.10543e-18 
0.15125 1.44496e-16 -4.54747e-13 0.0025 1 1 2.5 0.005 260 5 1 5.68434e-18 
0.15375 -7.79499e-16 -5.68434e-13 0.0025 1 1 2.5 0.005 261 5 1 -6.39488e-18 
0.15625 1.3462e-15 1.7053e-13 0.0025 1 1 2.5 0.005 262 5 1 -1.42109e-18 
0.15875 7.31264e-16 2.24208e-44 0.0025 1 1 2.5 0.005 263 5 1 -1.42109e-18 
0.16125 4.32538e-16 1.13687e-13 0.0025 1 1 2.5 0.005 264 5 1 -1.42109e-18 
0.16375 2.66579e-16 0 0.0025 1 1 2.5 0.005 265 5 1 -1.42109e-18 
0.16625 1.33505e-16 3.36312e-44 0.0025 1 1 2.5 0.005 266 5 1 -1.42109e-18 
0.16875 1.08645e-46 3.36312e-44 0.0025 1 1 2.5 0.005 267 5 1 -1.42109e-18 
0.17125 0 0 0.0025 1 1 2.5 0.005 268 5 1 -1.42109e-18 
0.17375 0 0 0.0025 1 1 2.5 0.005 269 5 1 -1.42109e-18 
0.17625 0 0 0.0025 1 1 2.5 0.005 270 5 1 -1.42109e-18 
0.17875 0 0 0.0025 1 1 2.5 0.005 271 5 1 -1.42109e-18 
0.18125 0 0 0.0025 1 1 2.5 0.005 272 5 1 -1.42109e-18 
0.18375 0 0 0.0025 1 1 2.5 0.005 273 5 1 -1.42109e-18 
0.18625 0 0 0.0025 1 1 2.5 0.005 274 5 1 -1.42109e-18 
0.18875 0 0 0.0025 1 1 2.5 0.005 275 5 1 -1.42109e-18 
0.19125 0 0 0.0025 1 1 2.5 0.005 276 5 1 -1.42109e-18 
0.19375 0 0 0.0025 1 1 2.5 0.005 277 5 1 -1.42109e-18 
0.19625 0 0 0.0025 1 1 2.5 0.005 278 5 1 -1.42109e-18 
0.19875 -1.97529e-47 0 0.0025 1 1 2.5 0.005 279 5 1 -1.42109e-18 
0.20125 -6.67726e-17 -3.36312e-44 0.0025 1 1 2.5 0.005 280 5 1 -1.42109e-18 
0.20375 -1.66801e-16 -1.13687e-13 0.0025 1 1 2.5 0.005 281 5 1 -1.42109e-18 
0.20625 -3.33379e-16 -1.12104e-44 0.0025 1 1 2.5 0.005 282 5 1 -1.42109e-18 
0.20875 -6.32625e-16 -1.13687e-13 0.0025 1 1 2.5 0.005 283 5 1 -1.42109e-18 
0.21125 -1.13145e-15 -6.72623e-44 0.0025 1 1 2.5 0.005 284 5 1 -1.42109e-18 
0.21375 -1.99518e-15 -2.27374e-13 0.0025 1 1 2.5 0.005 285 5 1 -7.10543e-19 
0.21625 -2.92363e-15 -1.13687e-13 0.0025 1 1 2.5 0.005 286 5 1 -3.19744e-18 
0.21875 -5.57572e-15 1.13687e-13 0.0025 1 1 2.5 0.005 287 5 1 1.42109e-18 
0.22125 1.37127e-15 7.95808e-13 0.0025 1 1 2.5 0.005 288 5 1 -1.3145e-17 
0.22375 -2.93286e-16 6.82121e-13 0.0025 1 1 2.5 0.005 289 5 1 1.3145e-17 
0.22625 2.98504e-16 -4.54747e-13 0.0025 1 1 2.5 0.005 290 5 1 -1.45661e-17 
0.22875 -2.24895e-15 -4.54747e-13 0.0025 1 1 2.5 0.005 291 5 1 1.59872e-17 
0.23125 4.32262e-16 2.27374e-13 0.0025 1 1 2.5 0.005 292 5 1 -2.62901e-17 
0.23375 -1.7203e-15 3.41061e-13 0.0025 1 1 2.5 0.005 293 5 1 2.62901e-17 
0.23625 6.71648e-16 -6.25278e-13 0.0025 1 1 2.5 0.005 294 5 1 -2.8777e-17 
0.23875 -2.73778e-15 -5.68434e-13 0.0025 1 1 2.5 0.005 295 5 1 3.09086e-17 
0.24125 2.04543e-15 7.95808e-13 0.0025 1 1 2.5 0.005 296 5 1 -4.76064e-17 
0.24375 -1.40142e-15 7.95808e-13 0.0025 1 1 2.5 0.005 297 5 1 4.93827e-17 
0.24625 1.14922e-15 -9.09495e-13 0.0025 1 1 2.5 0.005 298 5 1 -5.15143e-17 
0.24875 -2.75557e-15 -9.09495e-13 0.0025 1 1 2.5 0.005 299 4 1 2.4869e-17 
0.25125 2.8586e-15 1.02318e-12 0.0025 1 1 2.5 0.005 300 4 1 2.45137e-17 
0.25375 -7.82195e-16 1.02318e-12 0.0025 1 1 2.5 0.005 301 5 1 -5.11591e-17 
0.25625 1.57116e-15 -7.95808e-13 0.0025 1 1 2.5 0.005 302 5 1 4.93827e-17 
0.25875 -1.94478e-15 -7.95808e-13 0.0025 1 1 2.5 0.005 303 5 1 -4.76064e-17 
0.26125 3.23973e-15 6.82121e-13 0.0025 1 1 2.5 0.005 304 5 1 2.98428e-17 
0.26375 -3.70597e-16 7.38964e-13 0.0025 1 1 2.5 0.005 305 5 1 -2.73559e-17 
0.26625 1.59609e-15 -5.11591e-13 0.0025 1 1 2.5 0.005 306 5 1 2.55795e-17 
0.26875 -5.04516e-16 -4.54747e-13 0.0025 1 1 2.5 0.005 307 5 1 -2.59348e-17 
0.27125 2.57725e-15 4.54747e-13 0.0025 1 1 2.5 0.005 308 5 1 1.45661e-17 
0.27375 -4.35329e-16 4.54747e-13 0.0025 1 1 2.5 0.005 309 5 1 -1.13687e-17 
0.27625 1.62424e-16 -6.82121e-13 0.0025 1 1 2.5 0.005 310 5 1 1.1724e-17 
0.27875 -9.54313e-16 -8.52651e-13 0.0025 1 1 2.5 0.005 311 5 1 -1.27898e-17 
0.28125 4.91358e-15 1.13687e-13 0.0025 1 1 2.5 0.005 312 5 1 1.42109e-18 
0.28375 2.64149e-15 5.68434e-14 0.0025 1 1 2.5 0.005 313 5 1 -2.4869e-18 
0.28625 1.78042e-15 1.7053e-13 0.0025 1 1 2.5 0.005 314 5 1 -2.13163e-18 
0.28875 9.15774e-16 1.7053e-13 0.0025 1 1 2.5 0.005 315 5 1 -1.42109e-18 
0.29125 4.497e-16 5.68434e-14 0.0025 1 1 2.5 0.005 316 5 1 -1.42109e-18 
0.29375 2.3339e-16 -1.13687e-13 0.0025 1 1 2.5 0.005 317 5 1 -1.42109e-18 
0.29625 1.00203e-16 1.13687e-13 0.0025 1 1 2.5 0.005 318 5 1 -1.42109e-18 
0.29875 6.91454e-47 3.36312e-44 0.0025 1 1 2.5 0.005 319 5 1 -1.42109e-18 
0.30125 0 0 0.0025 1 1 2.5 0.005 320 5 1 -1.42109e-18 
0.30375 0 0 0.0025 1 1 2.5 0.005 321 5 1 -1.42109e-18 
0.30625 0 0 0.0025 1 1 2.5 0.005 322 5 1 -1.42109e-18 
0.30875 0 0 0.0025 1 1 2.5 0.005 323 5 1 -1.42109e-18 
0.31125 0 0 0.0025 1 1 2.5 0.005 324 5 1 -1.42109e-18 
0.31375 0 0 0.0025 1 1 2.5 0.005 325 5 1 -1.42109e-18 
0.31625 0 0 0.0025 1 1 2.5 0.005 326 5 1 -1.42109e-18 
0.31875 0 0 0.0025 1 1 2.5 0.005 327 5 1 -1.42109e-18 
0.32125 0 0 0.0025 1 1 2.5 0.005 328 5 1 -1.42109e-18 
0.32375 0 0 0.0025 1 1 2.5 0.005 329 5 1 -1.42109e-18 
0.32625 0 0 0.0025 1 1 2.5 0.005 330 5 1 -1.42109e-18 
0.32875 0 0 0.0025 1 1 2.5 0.005 331 5 1 -1.42109e-18 
0.33125 0 0 0.0025 1 1 2.5 0.005 332 5 1 -1.42109e-18 
0.33375 0 0 0.0025 1 1 2.5 0.005 333 5 1 -1.42109e-18 
0.33625 0 0 0.0025 1 1 2.5 0.005 334 5 1 -1.42109e-18 
0.33875 0 0 0.0025 1 1 2.5 0.005 335 5 1 -1.42109e-18 
0.34125 0 0 0.0025 1 1 2.5 0.005 336 5 1 -1.42109e-18 
0.34375 0 0 0.0025 1 1 2.5 0.005 337 5 1 -1.42109e-18 
0.34625 -3.29378e-47 -4.48416e-44 0.0025 1 1 2.5 0.005 338 5 1 -1.42109e-18 
0.34875 -1.16914e-16 -1.7053e-13 0.0025 1 1 2.5 0.005 339 5 1 -1.42109e-18 
0.35125 -2.83793e-16 -5.68434e-14 0.0025 1 1 2.5 0.005 340 5 1 -2.4869e-18 
0.35375 2.00855e-16 1.7053e-12 0.0025 1 1 2.5 0.005 341 5 1 -4.9738e-18 
0.35625 1.24432e-14 1.66551e-11 0.0025 1 1 2.5 0.005 342 5 1 2.13163e-17 
0.35875 -1.39469e-14 -8.52651e-11 0.0025 1 1 2.5 0.005 343 4 1 1.98241e-16 
0.36125 -3.8398e-13 -4.80668e-10 0.0025 1 1 2.5 0.005 344 4 1 4.62919e-16 
0.36375 -1.72143e-12 -1.19809e-09 0.0025 1 1 2.5 0.005 345 4 1 1.36069e-16 
0.36625 -3.54106e-12 -6.41421e-10 0.0025 1 1 2.5 0.005 346 3 1 -4.6203e-15 
0.36875 2.13637e-12 1.13982e-08 0.0025 1 1 2.5 0.005 347 4 1 -6.7633e-15 
0.37125 3.06927e-11 1.05375e-08 0.0025 1 1 2.5 0.005 348 5 1 6.16605e-14 
0.37375 -5.22285e-11 -1.48831e-07 0.0025 1 1 2.5 0.005 349 4 1 2.70742e-13 
0.37625 -6.0996e-10 -6.19071e-07 0.0025 1 1 2.5 0.005 350 4 1 6.01671e-13 
0.37875 -2.29288e-09 -1.46345e-06 0.0025 1 1 2.5 0.005 351 4 1 3.81632e-13 
0.38125 -4.8445e-09 -1.0147e-06 0.0025 1 1 2.5 0.005 352 3 1 -3.73854e-12 
0.38375 -1.76714e-09 8.06394e-06 0.0025 1 1 2.5 0.005 353 4 1 -9.18151e-12 
0.38625 2.5389e-08 1.80232e-05 0.0025 1 1 2.5 0.005 354 5 1 4.18139e-11 
0.38875 -1.80712e-08 -9.7287e-05 0.0025 1 1 2.5 0.005 355 4 1 2.00154e-10 
0.39125 -3.99453e-07 -0.000423057 0.0025 1 1 2.5 0.005 356 4 1 5.12913e-10 
0.39375 -1.6614e-06 -0.00112504 0.0025 1 1 2.5 0.00499999 357 4 1 8.31781e-10 
0.39625 -4.37249e-06 -0.0018866 0.0025 1 1 2.5 0.00499998 358 4 1 1.83034e-10 
0.39875 -7.49477e-06 -0.000843197 0.0025 1 1.00001 2.5 0.00499998 359 3 1 -4.62467e-09 
0.40125 -3.48294e-06 0.00908103 0.0025 1 1 2.5 0.005 360 4 1 -6.4104e-09 
0.40375 2.05778e-05 0.00842987 0.0025 0.999994 0.999994 2.49999 0.00500003 361 5 1 4.33018e-08 
0.40625 -3.10629e-05 -0.086987 0.0025 1.00005 1.00007 2.50004 0.00499977 362 4 1 1.80373e-07 
0.40875 -0.000366985 -0.349275 0.0025 1.00032 1.00048 2.50031 0.00499838 363 4 1 4.87375e-07 
0.411248 -0.00146108 -0.969864 0.0025 1.00119 1.00171 2.50116 0.00499407 364 4 1 1.11182e-06 
0.413744 -0.00417503 -2.14998 0.0025 1.00328 1.00469 2.50324 0.00498365 365 4 1 2.15833e-06 
0.416232 -0.00968816 -3.94707 0.0025 1.0075 1.01065 2.50744 0.00496279 366 4 1 3.54136e-06 
0.418707 -0.0190257 -6.0253 0.0025 1.01466 1.02076 2.5146 0.00492776 367 4 1 4.64995e-06 
0.42116 -0.0321905 -7.59718 0.0025 1.02492 1.03524 2.52486 0.00487843 368 4 1 4.33222e-06 
0.423585 -0.0474666 -7.7112 0.0025 1.03717 1.05253 2.53705 0.00482083 369 4 1 1.43829e-06 
0.425981 -0.0614539 -5.75665 0.0025 1.04866 1.06867 2.54845 0.00476801 370 4 1 -5.14472e-06 
0.428353 -0.0686439 -0.0211282 0.0025 1.05343 1.07489 2.55338 0.0047464 371 3 1 -1.63175e-05 
0.430727 -0.0528892 19.3845 0.0025 1.03844 1.05383 2.5391 0.00481492 372 4 1 -1.69669e-05 
0.433169 -0.00393624 24.7114 0.0025 1.00507 1.00784 2.50574 0.0049748 373 4 1 2.00428e-05 
0.435704 0.0312017 9.52745 0.0025 0.976012 0.967123 2.47606 0.00512289 374 4 1 2.50904e-05 
0.438293 0.0512207 10.4428 0.0025 0.95457 0.936918 2.45455 0.00523796 375 4 1 1.95462e-06 
0.440943 0.0862338 18.8825 0.0025 0.927042 0.899544 2.42622 0.0053935 376 4 1 5.96998e-06 
0.443688 0.130854 18.6708 0.0025 0.893834 0.855051 2.39094 0.00559388 377 4 1 2.11985e-05 
0.446539 0.173839 16.6949 0.0025 0.860949 0.811307 2.35535 0.00580754 378 4 1 2.22479e-05 
0.449498 0.217554 17.0934 0.0025 0.828344 0.768612 2.31934 0.00603614 379 4 1 2.12058e-05 
0.452578 0.264374 17.4099 0.0025 0.7949 0.725588 2.28147 0.0062901 380 4 1 2.41875e-05 
0.455792 0.313724 17.1908 0.0025 0.761045 0.682763 2.24214 0.00656991 381 4 1 2.72756e-05 
0.459152 0.364405 16.6424 0.0025 0.727487 0.641057 2.20209 0.00687298 382 4 1 2.9752e-05 
0.462669 0.415541 15.5505 0.0025 0.695138 0.601581 2.16241 0.00719281 383 4 1 3.14263e-05 
0.466349 0.464512 13.7029 0.0025 0.665272 0.565772 2.12476 0.00751573 384 4 1 3.13006e-05 
0.470189 0.508163 10.9686 0.0025 0.639353 0.535165 2.09124 0.0078204 385 4 1 2.78351e-05 
0.474173 0.54393 8.28124 0.0025 0.618092 0.510326 2.06316 0.00808941 386 4 1 2.03115e-05 
0.47828 0.573945 7.44603 0.0025 0.600001 0.48939 2.03887 0.00833332 387 4 1 1.22835e-05 
0.482508 0.606331 9.05612 0.0025 0.581853 0.468808 2.01406 0.00859323 388 4 1 1.14821e-05 
0.486876 0.6437 8.90929 0.0025 0.563287 0.448258 1.98812 0.00887646 389 4 1 1.97744e-05 
0.491387 0.672559 4.0684 0.0025 0.549555 0.433198 1.96854 0.00909828 390 4 1 2.07557e-05 
0.495975 0.677801 -1.15519 0.0025 0.544858 0.427799 1.96187 0.00917671 391 4 1 6.83695e-06 
0.500564 0.675972 0.215783 0.0025 0.544671 0.427375 1.96172 0.00917986 392 4 1 -6.24885e-07 
0.505155 0.677623 0.450299 0.0025 0.544083 0.426781 1.96095 0.00918977 393 4 1 3.58243e-07 
0.509753 0.678278 -0.253156 0.0025 0.543753 0.426462 1.96056 0.00919535 394 5 1 9.5123e-07 
0.514351 0.677091 -0.210521 0.0025 0.544077 0.426832 1.96128 0.00918987 395 3 1 -8.49443e-08 
0.518943 0.676372 -0.100639 0.0025 0.544076 0.427102 1.96191 0.0091899 396 5 1 3.39033e-06 
0.52354 0.675856 -0.0968796 0.0025 0.546593 0.429047 1.96614 0.00914757 397 3 1 -1.91558e-05 
0.528091 0.675396 -0.0829402 0.0025 0.535481 0.424602 1.94797 0.00933739 398 4 1 0.000178805 
0.532884 0.674929 -0.0280873 0.0025 0.509762 0.431191 2.15033 0.0098085 399 4 1 -0.000134521 
0.537906 0.67443 0.00927014 0.0025 0.481509 0.422884 2.15316 0.010384 400 4 1 0.000265358 
0.543282 0.67355 0.122332 0.0025 0.452756 0.430798 2.44078 0.0110435 401 4 1 -0.000240546 
0.548961 0.67178 0.319259 0.0025 0.444348 0.423603 2.37458 0.0112524 402 5 1 5.04352e-05 
0.554536 0.666872 0.910438 0.0025 0.446791 0.421894 2.36271 0.0111909 403 3 1 -1.09443e-05 
0.560152 0.655791 2.23111 0.0025 0.440756 0.411888 2.33808 0.0113442 404 4 1 -9.03042e-06 
0.565881 0.627588 5.64079 0.0025 0.42658 0.391956 2.30026 0.0117211 405 4 1 -1.07358e-05 
0.57188 0.575528 9.61969 0.0025 0.400348 0.357312 2.23565 0.0124891 406 4 1 2.50439e-06 
0.578395 0.464218 24.2357 0.0025 0.356474 0.303061 2.12124 0.0140263 407 4 1 7.85304e-05 
0.586013 0.252799 34.8914 0.0025 0.303424 0.240837 1.96635 0.0164786 408 4 1 0.000256608 
0.595056 0.061246 20.1022 0.0025 0.265196 0.197349 1.84363 0.018854 409 4 1 0.000262425 
0.604944 -0.00648094 2.88332 0.0025 0.25085 0.181072 1.79765 0.0199323 410 4 1 7.8768e-05 
0.614993 -0.00438124 -1.41781 0.0025 0.249272 0.178873 1.7929 0.0200584 411 5 1 6.0821e-06 
0.625002 4.45508e-05 -0.163651 0.0025 0.249899 0.179375 1.79471 0.0200081 412 4 1 -1.23627e-06 
0.635001 0.000200291 0.0263109 0.0025 0.250025 0.179519 1.79507 0.019998 413 3 1 -3.29014e-07 
0.645 5.69177e-05 0.0154079 0.0025 0.250011 0.179512 1.79503 0.0199991 414 4 1 1.31783e-08 
0.655 6.77925e-06 0.00312317 0.0025 0.250002 0.179502 1.79501 0.0199998 415 4 1 1.7305e-08 
0.665 -5.8104e-07 0.00016691 0.0025 0.25 0.1795 1.795 0.02 416 4 1 4.29961e-09 
0.675 -2.63613e-07 -9.9375e-05 0.0025 0.25 0.1795 1.795 0.02 417 5 1 3.93852e-10 
0.685 1.19594e-09 -9.0831e-06 0.0025 0.25 0.1795 1.795 0.02 418 4 1 -8.27588e-11 
0.695 8.67897e-09 1.54058e-06 0.0025 0.25 0.1795 1.795 0.02 419 3 1 -1.7201e-11 
0.705 2.09473e-09 6.9716e-07 0.0025 0.25 0.1795 1.795 0.02 420 4 1 5.77038e-13 
0.715 1.95748e-10 1.09712e-07 0.0025 0.25 0.1795 1.795 0.02 421 4 1 6.58217e-13 
0.725 -2.16604e-11 1.84495e-09 0.0025 0.25 0.1795 1.795 0.02 422 4 1 1.36425e-13 
0.735 -6.5498e-12 -2.91109e-09 0.0025 0.25 0.1795 1.795 0.02 423 5 1 9.58451e-15 
0.745 3.44871e-15 -1.97559e-10 0.0025 0.25 0.1795 1.795 0.02 424 4 1 -2.22204e-15 
0.755 1.63783e-13 3.90799e-11 0.0025 0.25 0.1795 1.795 0.02 425 3 1 -3.71436e-16 
0.765 2.55451e-14 1.39124e-11 0.0025 0.25 0.1795 1.795 0.02 426 4 1 9.59233e-18 
0.775 1.08567e-15 7.10543e-13 0.0025 0.25 0.1795 1.795 0.02 427 5 1 1.01252e-17 
0.785 -1.58623e-16 -5.68434e-14 0.0025 0.25 0.1795 1.795 0.02 428 5 1 -5.32907e-19 
0.795 -3.37486e-47 -8.40779e-45 0.0025 0.25 0.1795 1.795 0.02 429 5 1 -1.42109e-18 
0.805 0 0 0.0025 0.25 0.1795 1.795 0.02 430 5 1 -1.42109e-18 
0.815 0 0 0.0025 0.25 0.1795 1.795 0.02 431 5 1 -1.42109e-18 
0.825 0 0 0.0025 0.25 0.1795 1.795 0.02 432 5 1 -1.42109e-18 
0.835 0 0 0.0025 0.25 0.1795 1.795 0.02 433 5 1 -1.42109e-18 
0.845 0 0 0.0025 0.25 0.1795 1.795 0.02 434 5 1 -1.42109e-18 
0.855 0 0 0.0025 0.25 0.1795 1.795 0.02 435 5 1 -1.42109e-18 
0.865 0 0 0.0025 0.25 0.1795 1.795 0.02 436 5 1 -1.42109e-18 
0.875 0 0 0.0025 0.25 0.1795 1.795 0.02 437 5 1 -1.42109e-18 
0.885 0 0 0.0025 0.25 0.1795 1.795 0.02 438 5 1 -1.42109e-18 
0.895 0 0 0.0025 0.25 0.1795 1.795 0.02 439 5 1 -1.42109e-18 
0.905 0 0 0.0025 0.25 0.1795 1.795 0.02 440 5 1 -1.42109e-18 
0.915 -2.05576e-47 -2.8026e-45 0.0025 0.25 0.1795 1.795 0.02 441 5 1 -1.42109e-18 
0.925 -5.83584e-17 -5.60519e-45 0.0025 0.25 0.1795 1.795 0.02 442 5 1 -1.42109e-18 
0.935 -1.62e-16 -1.42109e-14 0.0025 0.25 0.1795 1.795 0.02 443 5 1 -1.42109e-18 
0.945 -4.85614e-16 -4.26326e-14 0.0025 0.25 0.1795 1.795 0.02 444 5 1 -1.42109e-18 
0.955 -1.71818e-15 -1.7053e-13 0.0025 0.25 0.1795 1.795 0.02 445 5 1 8.88178e-19 
0.965 -4.23096e-15 -1.7053e-13 0.0025 0.25 0.1795 1.795 0.02 446 5 1 -6.21725e-18 
0.975 -1.2546e-14 -1.42109e-13 0.0025 0.25 0.1795 1.795 0.02 447 5 1 1.1191e-17 
0.985 5.77758e-15 4.12115e-13 0.0025 0.25 0.1795 1.795 0.02 448 5 1 -3.85469e-17 
0.995 -2.50498e-15 4.68958e-13 0.0025 0.25 0.1795 1.795 0.02 449 4 1 2.80664e-17 
1.005 2.40955e-15 -4.83169e-13 0.0025 0.25 0.1795 1.795 0.02 450 4 1 2.70006e-17 
1.015 -5.69405e-15 -4.12115e-13 0.0025 0.25 0.1795 1.795 0.02 451 5 1 -3.83693e-17 
1.025 1.25671e-14 1.56319e-13 0.0025 0.25 0.1795 1.795 0.02 452 5 1 1.1191e-17 
1.035 4.26434e-15 1.7053e-13 0.0025 0.25 0.1795 1.795 0.02 453 5 1 -6.21725e-18 
1.045 1.70557e-15 1.84741e-13 0.0025 0.25 0.1795 1.795 0.02 454 5 1 8.88178e-19 
1.055 4.89724e-16 2.84217e-14 0.0025 0.25 0.1795 1.795 0.02 455 5 1 -1.42109e-18 
1.065 1.66124e-16 1.12104e-44 0.0025 0.25 0.1795 1.795 0.02 456 5 1 -1.42109e-18 
1.075 6.25113e-17 1.42109e-14 0.0025 0.25 0.1795 1.795 0.02 457 5 1 -1.42109e-18 
1.085 2.21954e-47 2.8026e-45 0.0025 0.25 0.1795 1.795 0.02 458 5 1 -1.42109e-18 
1.095 0 0 0.0025 0.25 0.1795 1.795 0.02 459 5 1 -1.42109e-18 
1.105 0 0 0.0025 0.25 0.1795 1.795 0.02 460 5 1 -1.42109e-18 
1.115 0 0 0.0025 0.25 0.1795 1.795 0.02 461 5 1 -1.42109e-18 
1.125 0 0 0.0025 0.25 0.1795 1.795 0.02 462 5 1 -1.42109e-18 
1.135 0 0 0.0025 0.25 0.1795 1.795 0.02 463 5 1 -1.42109e-18 
1.145 0 0 0.0025 0.25 0.1795 1.795 0.02 464 5 1 -1.42109e-18 
1.155 0 0 0.0025 0.25 0.1795 1.795 0.02 465 5 1 -1.42109e-18 
1.165 0 0 0.0025 0.25 0.1795 1.795 0.02 466 5 1 -1.42109e-18 
1.175 0 0 0.0025 0.25 0.1795 1.795 0.02 467 5 1 -1.42109e-18 
1.185 0 0 0.0025 0.25 0.1795 1.795 0.02 468 5 1 -1.42109e-18 
1.195 0 0 0.0025 0.25 0.1795 1.795 0.02 469 5 1 -1.42109e-18 
1.205 1.31647e-47 0 0.0025 0.25 0.1795 1.795 0.02 470 5 1 -1.42109e-18 
1.215 7.51322e-17 -2.38221e-43 0.0025 0.25 0.1795 1.795 0.02 471 5 1 -5.32907e-19 
1.225 -1.64902e-15 -1.03739e-12 0.0025 0.25 0.1795 1.795 0.02 472 5 1 8.17124e-18 
1.235 -2.19404e-14 -9.2939e-12 0.0025 0.25 0.1795 1.795 0.02 473 5 1 1.04805e-17 
1.245 -1.41369e-13 -3.98614e-11 0.0025 0.25 0.1795 1.795 0.02 474 3 1 -3.58824e-16 
1.255 -2.16826e-14 1.87782e-10 0.0025 0.25 0.1795 1.795 0.02 475 4 1 -2.24247e-15 
1.265 6.50837e-12 2.91979e-09 0.0025 0.25 0.1795 1.795 0.02 476 5 1 9.56426e-15 
1.275 2.16677e-11 -1.84909e-09 0.0025 0.25 0.1795 1.795 0.02 477 4 1 1.36492e-13 
1.285 -1.95711e-10 -1.09713e-07 0.0025 0.25 0.1795 1.795 0.02 478 4 1 6.58164e-13 
1.295 -2.09476e-09 -6.97156e-07 0.0025 0.25 0.1795 1.795 0.02 479 4 1 5.77035e-13 
1.305 -8.67892e-09 -1.54057e-06 0.0025 0.25 0.1795 1.795 0.02 480 3 1 -1.7201e-11 
1.315 -1.19596e-09 9.0831e-06 0.0025 0.25 0.1795 1.795 0.02 481 4 1 -8.27589e-11 
1.325 2.63614e-07 9.9375e-05 0.0025 0.25 0.1795 1.795 0.02 482 5 1 3.93852e-10 
1.335 5.8104e-07 -0.00016691 0.0025 0.25 0.1795 1.795 0.02 483 4 1 4.29961e-09 
1.345 -6.77925e-06 -0.00312317 0.0025 0.250002 0.179502 1.79501 0.0199998 484 4 1 1.7305e-08 
1.355 -5.69177e-05 -0.0154079 0.0025 0.250011 0.179512 1.79503 0.0199991 485 4 1 1.31783e-08 
1.365 -0.000200291 -0.0263109 0.0025 0.250025 0.179519 1.79507 0.019998 486 3 1 -3.29014e-07 
1.375 -4.45508e-05 0.163651 0.0025 0.249899 0.179375 1.79471 0.0200081 487 4 1 -1.23627e-06 
1.38501 0.00438124 1.41781 0.0025 0.249272 0.178873 1.7929 0.0200584 488 5 1 6.0821e-06 
1.39506 0.00648094 -2.88332 0.0025 0.25085 0.181072 1.79765 0.0199323 489 4 1 7.8768e-05 
1.40494 -0.061246 -20.1022 0.0025 0.265196 0.197349 1.84363 0.018854 490 4 1 0.000262425 
1.41399 -0.252799 -34.8914 0.0025 0.303424 0.240837 1.96635 0.0164786 491 4 1 0.000256608 
1.42161 -0.464218 -24.2357 0.0025 0.356474 0.303061 2.12124 0.0140263 492 4 1 7.85304e-05 
1.42812 -0.575528 -9.61969 0.0025 0.400348 0.357312 2.23565 0.0124891 493 4 1 2.50439e-06 
1.43412 -0.627588 -5.64079 0.0025 0.42658 0.391956 2.30026 0.0117211 494 4 1 -1.07358e-05 
1.43985 -0.655791 -2.23111 0.0025 0.440756 0.411888 2.33808 0.0113442 495 4 1 -9.03042e-06 
1.44546 -0.666872 -0.910438 0.0025 0.446791 0.421894 2.36271 0.0111909 496 3 1 -1.09443e-05 
1.45104 -0.67178 -0.319259 0.0025 0.444348 0.423603 2.37458 0.0112524 497 5 1 5.04352e-05 
1.45672 -0.67355 -0.122332 0.0025 0.452756 0.430798 2.44078 0.0110435 498 4 1 -0.000240546 
1.46209 -0.67443 -0.00927014 0.0025 0.481509 0.422884 2.15316 0.010384 499 4 1 0.000265358 
