# Time [s]: 0.0581869
# Columns: pos [m], vel [m/s], acc [m/s^2], mass [kg], dens [kg/m^3], pres [Pa], ene [J/kg], sml [m], id, neighbor, alpha, gradh, ...additional?
1.46314 -0.674772 0.0260247 0.0025 0.50999 0.431467 2.15072 0.00980411 0 4 1 -0.000134376 
1.46793 -0.675035 0.0425691 0.0025 0.535734 0.424884 1.94834 0.00933299 1 4 1 0.000178912 
1.47248 -0.675361 0.0695181 0.0025 0.546903 0.429387 1.96658 0.0091424 2 3 1 -1.91539e-05 
1.47707 -0.675774 0.0974143 0.0025 0.544436 0.427502 1.96243 0.00918382 3 5 1 3.47502e-06 
1.48166 -0.676257 0.108104 0.0025 0.544571 0.427368 1.96199 0.00918154 4 3 1 -2.11786e-07 
1.48626 -0.676877 0.154977 0.0025 0.544258 0.426985 1.96129 0.00918681 5 4 1 1.16451e-07 
1.49085 -0.677705 0.23274 0.0025 0.543941 0.426628 1.96074 0.00919217 6 5 1 4.35837e-07 
1.49545 -0.678147 -0.123542 0.0025 0.543972 0.426661 1.9607 0.00919165 7 4 1 8.81133e-07 
-0.499958 -0.676309 -0.499089 0.0025 0.544675 0.427372 1.96165 0.00917978 8 4 1 -3.8702e-07 
-0.495373 -0.675676 0.631476 0.0025 0.545119 0.42794 1.96221 0.0091723 9 4 1 2.39428e-06 
-0.490786 -0.675808 -1.43298 0.0025 0.547345 0.43064 1.96531 0.00913501 10 4 1 1.3662e-05 
-0.486238 -0.657435 -6.69146 0.0025 0.556693 0.440994 1.97866 0.00898162 11 4 1 2.06537e-05 
-0.481803 -0.623791 -9.10848 0.0025 0.573071 0.459024 2.00177 0.00872492 12 4 1 1.47682e-05 
-0.47751 -0.58904 -8.12798 0.0025 0.591273 0.479405 2.02692 0.00845634 13 4 1 9.8576e-06 
-0.473344 -0.559317 -7.30009 0.0025 0.608558 0.499194 2.05034 0.00821615 14 4 1 1.28106e-05 
-0.469292 -0.529362 -8.53945 0.0025 0.626501 0.520045 2.07426 0.00798083 15 4 1 1.95397e-05 
-0.465361 -0.493817 -10.9149 0.0025 0.647587 0.544763 2.10189 0.00772097 16 4 1 2.45703e-05 
-0.461568 -0.452253 -12.9562 0.0025 0.672475 0.574272 2.13384 0.00743522 17 4 1 2.65842e-05 
-0.457923 -0.406963 -14.4043 0.0025 0.700369 0.607835 2.16881 0.0071391 18 4 1 2.61222e-05 
-0.454426 -0.360488 -15.1079 0.0025 0.730057 0.644145 2.2051 0.00684878 19 4 1 2.45974e-05 
-0.45107 -0.314455 -15.5254 0.0025 0.76054 0.682056 2.24144 0.00657427 20 4 1 2.27435e-05 
-0.447848 -0.269911 -15.6955 0.0025 0.791216 0.720832 2.27714 0.00631939 21 4 1 2.08599e-05 
-0.444748 -0.226843 -15.8061 0.0025 0.821706 0.759969 2.31182 0.0060849 22 4 1 1.83296e-05 
-0.441761 -0.186081 -15.2849 0.0025 0.851554 0.798836 2.345 0.00587162 23 4 1 1.5942e-05 
-0.438875 -0.148297 -14.8031 0.0025 0.880445 0.837069 2.37642 0.00567895 24 4 1 1.79981e-05 
-0.43608 -0.110566 -17.0998 0.0025 0.909864 0.87654 2.40789 0.00549533 25 4 1 1.78131e-05 
-0.433378 -0.0701517 -17.47 0.0025 0.939997 0.917131 2.43964 0.00531917 26 4 1 2.95773e-06 
-0.43076 -0.0392711 -8.64374 0.0025 0.964343 0.950314 2.4645 0.00518488 27 4 1 -8.3074e-07 
-0.428192 -0.0236954 -7.48382 0.0025 0.982249 0.97572 2.4823 0.00509036 28 4 1 2.10613e-05 
-0.425669 0.00668314 -22.2438 0.0025 1.00756 1.01128 2.50811 0.00496249 29 4 1 1.79269e-05 
-0.423228 0.0512322 -17.8175 0.0025 1.03777 1.05291 2.53833 0.00481803 30 4 1 -1.51838e-05 
-0.42085 0.0658512 -0.0901661 0.0025 1.05155 1.07226 2.55148 0.00475488 31 3 1 -1.49063e-05 
-0.418473 0.0594651 5.14785 0.0025 1.04731 1.06674 2.54708 0.00477415 32 4 1 -4.777e-06 
-0.416076 0.0467876 6.9929 0.0025 1.03682 1.05203 2.5367 0.00482242 33 4 1 9.59921e-07 
-0.413651 0.0326927 7.04746 0.0025 1.02543 1.03593 2.52536 0.00487601 34 4 1 3.60129e-06 
-0.411199 0.0201854 5.79344 0.0025 1.0156 1.02206 2.51554 0.0049232 35 4 1 4.10277e-06 
-0.408727 0.0109215 3.99343 0.0025 1.00845 1.01197 2.5084 0.00495812 36 4 1 3.31762e-06 
-0.406241 0.00511993 2.32798 0.0025 1.004 1.00569 2.50396 0.0049801 37 4 1 2.15829e-06 
-0.403747 0.00203237 1.15095 0.0025 1.00162 1.00232 2.50159 0.00499192 38 4 1 1.19576e-06 
-0.401249 0.000644563 0.474203 0.0025 1.00054 1.00078 2.50052 0.00499732 39 4 1 5.75362e-07 
-0.39875 0.000135017 0.152555 0.0025 1.00013 1.00019 2.50012 0.00499936 40 4 1 2.36642e-07 
-0.39625 -1.28821e-06 0.0315464 0.0025 1.00001 1.00002 2.50001 0.00499994 41 4 1 7.95717e-08 
-0.39375 -7.53378e-06 -0.0124214 0.0025 0.999997 0.999996 2.5 0.00500002 42 5 1 1.30324e-08 
-0.39125 4.85906e-06 -0.00244172 0.0025 1 1 2.5 0.00499999 43 4 1 -5.74555e-09 
-0.38875 4.69365e-06 0.00101622 0.0025 1 1 2.5 0.00499998 44 3 1 -1.43673e-09 
-0.38625 2.40289e-06 0.00117233 0.0025 1 1 2.5 0.00499999 45 4 1 4.09521e-10 
-0.38375 8.39311e-07 0.000611885 0.0025 1 1 2.5 0.005 46 4 1 5.26873e-10 
-0.38125 1.78738e-07 0.00021061 0.0025 1 1 2.5 0.005 47 4 1 2.82614e-10 
-0.37875 -3.19618e-09 4.24423e-05 0.0025 1 1 2.5 0.005 48 4 1 1.01276e-10 
-0.37625 -1.20442e-08 -1.52877e-05 0.0025 1 1 2.5 0.005 49 5 1 1.61521e-11 
-0.37375 2.86492e-09 -2.9796e-06 0.0025 1 1 2.5 0.005 50 4 1 -6.5478e-12 
-0.37125 3.17457e-09 8.96616e-07 0.0025 1 1 2.5 0.005 51 3 1 -1.49383e-12 
-0.36875 1.37813e-09 9.15089e-07 0.0025 1 1 2.5 0.005 52 4 1 3.86096e-13 
-0.36625 3.44357e-10 3.67151e-07 0.0025 1 1 2.5 0.005 53 4 1 3.90896e-13 
-0.36375 2.07988e-11 8.3102e-08 0.0025 1 1 2.5 0.005 54 4 1 1.62175e-13 
-0.36125 -1.93797e-11 -1.16531e-08 0.0025 1 1 2.5 0.005 55 5 1 3.4284e-14 
-0.35875 1.28619e-14 -6.28103e-09 0.0025 1 1 2.5 0.005 56 4 1 -5.97709e-15 
-0.35625 2.67939e-12 6.04928e-10 0.0025 1 1 2.5 0.005 57 3 1 -2.64251e-15 
-0.35375 1.24676e-12 8.89827e-10 0.0025 1 1 2.5 0.005 58 4 1 2.11742e-16 
-0.35125 2.60927e-13 3.22871e-10 0.0025 1 1 2.5 0.005 59 4 1 3.26494e-16 
-0.34875 1.24483e-14 6.1732e-11 0.0025 1 1 2.5 0.005 60 4 1 1.49925e-16 
-0.34625 -9.15134e-15 -1.17097e-11 0.0025 1 1 2.5 0.005 61 5 1 1.38556e-17 
-0.34375 -1.51189e-16 -1.19371e-12 0.0025 1 1 2.5 0.005 62 5 1 -4.9738e-18 
-0.34125 2.17881e-16 1.7053e-13 0.0025 1 1 2.5 0.005 63 5 1 -1.77636e-18 
-0.33875 6.70144e-17 3.36312e-44 0.0025 1 1 2.5 0.005 64 5 1 -1.42109e-18 
-0.33625 1.98244e-47 0 0.0025 1 1 2.5 0.005 65 5 1 -1.42109e-18 
-0.33375 0 0 0.0025 1 1 2.5 0.005 66 5 1 -1.42109e-18 
-0.33125 0 0 0.0025 1 1 2.5 0.005 67 5 1 -1.42109e-18 
-0.32875 0 0 0.0025 1 1 2.5 0.005 68 5 1 -1.42109e-18 
-0.32625 0 0 0.0025 1 1 2.5 0.005 69 5 1 -1.42109e-18 
-0.32375 0 0 0.0025 1 1 2.5 0.005 70 5 1 -1.42109e-18 
-0.32125 0 0 0.0025 1 1 2.5 0.005 71 5 1 -1.42109e-18 
-0.31875 0 0 0.0025 1 1 2.5 0.005 72 5 1 -1.42109e-18 
-0.31625 0 0 0.0025 1 1 2.5 0.005 73 5 1 -1.42109e-18 
-0.31375 0 0 0.0025 1 1 2.5 0.005 74 5 1 -1.42109e-18 
-0.31125 0 0 0.0025 1 1 2.5 0.005 75 5 1 -1.42109e-18 
-0.30875 0 0 0.0025 1 1 2.5 0.005 76 5 1 -1.42109e-18 
-0.30625 0 0 0.0025 1 1 2.5 0.005 77 5 1 -1.42109e-18 
-0.30375 0 0 0.0025 1 1 2.5 0.005 78 5 1 -1.42109e-18 
-0.30125 0 0 0.0025 1 1 2.5 0.005 79 5 1 -1.42109e-18 
-0.29875 0 0 0.0025 1 1 2.5 0.005 80 5 1 -1.42109e-18 
-0.29625 0 0 0.0025 1 1 2.5 0.005 81 5 1 -1.42109e-18 
-0.29375 0 0 0.0025 1 1 2.5 0.005 82 5 1 -1.42109e-18 
-0.29125 0 0 0.0025 1 1 2.5 0.005 83 5 1 -1.42109e-18 
-0.28875 0 0 0.0025 1 1 2.5 0.005 84 5 1 -1.42109e-18 
-0.28625 0 0 0.0025 1 1 2.5 0.005 85 5 1 -1.42109e-18 
-0.28375 0 0 0.0025 1 1 2.5 0.005 86 5 1 -1.42109e-18 
-0.28125 0 0 0.0025 1 1 2.5 0.005 87 5 1 -1.42109e-18 
-0.27875 0 0 0.0025 1 1 2.5 0.005 88 5 1 -1.42109e-18 
-0.27625 0 0 0.0025 1 1 2.5 0.005 89 5 1 -1.42109e-18 
-0.27375 0 0 0.0025 1 1 2.5 0.005 90 5 1 -1.42109e-18 
-0.27125 0 0 0.0025 1 1 2.5 0.005 91 5 1 -1.42109e-18 
-0.26875 0 0 0.0025 1 1 2.5 0.005 92 5 1 -1.42109e-18 
-0.26625 0 0 0.0025 1 1 2.5 0.005 93 5 1 -1.42109e-18 
-0.26375 0 0 0.0025 1 1 2.5 0.005 94 5 1 -1.42109e-18 
-0.26125 0 0 0.0025 1 1 2.5 0.005 95 5 1 -1.42109e-18 
-0.25875 0 0 0.0025 1 1 2.5 0.005 96 5 1 -1.42109e-18 
-0.25625 0 0 0.0025 1 1 2.5 0.005 97 5 1 -1.42109e-18 
-0.25375 0 0 0.0025 1 1 2.5 0.005 98 5 1 -1.42109e-18 
-0.25125 0 0 0.0025 1 1 2.5 0.005 99 5 1 -1.42109e-18 
-0.24875 0 0 0.0025 1 1 2.5 0.005 100 5 1 -1.42109e-18 
-0.24625 0 0 0.0025 1 1 2.5 0.005 101 5 1 -1.42109e-18 
-0.24375 0 0 0.0025 1 1 2.5 0.005 102 5 1 -1.42109e-18 
-0.24125 0 0 0.0025 1 1 2.5 0.005 103 5 1 -1.42109e-18 
-0.23875 0 0 0.0025 1 1 2.5 0.005 104 5 1 -1.42109e-18 
-0.23625 0 0 0.0025 1 1 2.5 0.005 105 5 1 -1.42109e-18 
-0.23375 0 0 0.0025 1 1 2.5 0.005 106 5 1 -1.42109e-18 
-0.23125 0 0 0.0025 1 1 2.5 0.005 107 5 1 -1.42109e-18 
-0.22875 0 0 0.0025 1 1 2.5 0.005 108 5 1 -1.42109e-18 
-0.22625 0 0 0.0025 1 1 2.5 0.005 109 5 1 -1.42109e-18 
-0.22375 0 0 0.0025 1 1 2.5 0.005 110 5 1 -1.42109e-18 
-0.22125 0 0 0.0025 1 1 2.5 0.005 111 5 1 -1.42109e-18 
-0.21875 0 0 0.0025 1 1 2.5 0.005 112 5 1 -1.42109e-18 
-0.21625 0 0 0.0025 1 1 2.5 0.005 113 5 1 -1.42109e-18 
-0.21375 0 0 0.0025 1 1 2.5 0.005 114 5 1 -1.42109e-18 
-0.21125 0 0 0.0025 1 1 2.5 0.005 115 5 1 -1.42109e-18 
-0.20875 0 0 0.0025 1 1 2.5 0.005 116 5 1 -1.42109e-18 
-0.20625 0 0 0.0025 1 1 2.5 0.005 117 5 1 -1.42109e-18 
-0.20375 0 0 0.0025 1 1 2.5 0.005 118 5 1 -1.42109e-18 
-0.20125 0 0 0.0025 1 1 2.5 0.005 119 5 1 -1.42109e-18 
-0.19875 0 0 0.0025 1 1 2.5 0.005 120 5 1 -1.42109e-18 
-0.19625 0 0 0.0025 1 1 2.5 0.005 121 5 1 -1.42109e-18 
-0.19375 0 0 0.0025 1 1 2.5 0.005 122 5 1 -1.42109e-18 
-0.19125 0 0 0.0025 1 1 2.5 0.005 123 5 1 -1.42109e-18 
-0.18875 0 0 0.0025 1 1 2.5 0.005 124 5 1 -1.42109e-18 
-0.18625 0 0 0.0025 1 1 2.5 0.005 125 5 1 -1.42109e-18 
-0.18375 0 0 0.0025 1 1 2.5 0.005 126 5 1 -1.42109e-18 
-0.18125 0 0 0.0025 1 1 2.5 0.005 127 5 1 -1.42109e-18 
-0.17875 0 0 0.0025 1 1 2.5 0.005 128 5 1 -1.42109e-18 
-0.17625 0 0 0.0025 1 1 2.5 0.005 129 5 1 -1.42109e-18 
-0.17375 0 0 0.0025 1 1 2.5 0.005 130 5 1 -1.42109e-18 
-0.17125 0 0 0.0025 1 1 2.5 0.005 131 5 1 -1.42109e-18 
-0.16875 0 0 0.0025 1 1 2.5 0.005 132 5 1 -1.42109e-18 
-0.16625 0 0 0.0025 1 1 2.5 0.005 133 5 1 -1.42109e-18 
-0.16375 0 0 0.0025 1 1 2.5 0.005 134 5 1 -1.42109e-18 
-0.16125 0 0 0.0025 1 1 2.5 0.005 135 5 1 -1.42109e-18 
-0.15875 0 0 0.0025 1 1 2.5 0.005 136 5 1 -1.42109e-18 
-0.15625 0 0 0.0025 1 1 2.5 0.005 137 5 1 -1.42109e-18 
-0.15375 0 0 0.0025 1 1 2.5 0.005 138 5 1 -1.42109e-18 
-0.15125 0 0 0.0025 1 1 2.5 0.005 139 5 1 -1.42109e-18 
-0.14875 0 0 0.0025 1 1 2.5 0.005 140 5 1 -1.42109e-18 
-0.14625 0 0 0.0025 1 1 2.5 0.005 141 5 1 -1.42109e-18 
-0.14375 0 0 0.0025 1 1 2.5 0.005 142 5 1 -1.42109e-18 
-0.14125 0 0 0.0025 1 1 2.5 0.005 143 5 1 -1.42109e-18 
-0.13875 0 0 0.0025 1 1 2.5 0.005 144 5 1 -1.42109e-18 
-0.13625 0 0 0.0025 1 1 2.5 0.005 145 5 1 -1.42109e-18 
-0.13375 0 0 0.0025 1 1 2.5 0.005 146 5 1 -1.42109e-18 
-0.13125 0 0 0.0025 1 1 2.5 0.005 147 5 1 -1.42109e-18 
-0.12875 0 0 0.0025 1 1 2.5 0.005 148 5 1 -1.42109e-18 
-0.12625 0 0 0.0025 1 1 2.5 0.005 149 5 1 -1.42109e-18 
-0.12375 0 0 0.0025 1 1 2.5 0.005 150 5 1 -1.42109e-18 
-0.12125 0 0 0.0025 1 1 2.5 0.005 151 5 1 -1.42109e-18 
-0.11875 0 0 0.0025 1 1 2.5 0.005 152 5 1 -1.42109e-18 
-0.11625 0 0 0.0025 1 1 2.5 0.005 153 5 1 -1.42109e-18 
-0.11375 0 0 0.0025 1 1 2.5 0.005 154 5 1 -1.42109e-18 
-0.11125 0 0 0.0025 1 1 2.5 0.005 155 5 1 -1.42109e-18 
-0.10875 0 0 0.0025 1 1 2.5 0.005 156 5 1 -1.42109e-18 
-0.10625 0 0 0.0025 1 1 2.5 0.005 157 5 1 -1.42109e-18 
-0.10375 0 0 0.0025 1 1 2.5 0.005 158 5 1 -1.42109e-18 
-0.10125 0 0 0.0025 1 1 2.5 0.005 159 5 1 -1.42109e-18 
-0.09875 0 0 0.0025 1 1 2.5 0.005 160 5 1 -1.42109e-18 
-0.09625 0 0 0.0025 1 1 2.5 0.005 161 5 1 -1.42109e-18 
-0.09375 0 0 0.0025 1 1 2.5 0.005 162 5 1 -1.42109e-18 
-0.09125 0 0 0.0025 1 1 2.5 0.005 163 5 1 -1.42109e-18 
-0.08875 0 0 0.0025 1 1 2.5 0.005 164 5 1 -1.42109e-18 
-0.08625 0 0 0.0025 1 1 2.5 0.005 165 5 1 -1.42109e-18 
-0.08375 0 0 0.0025 1 1 2.5 0.005 166 5 1 -1.42109e-18 
-0.08125 0 0 0.0025 1 1 2.5 0.005 167 5 1 -1.42109e-18 
-0.07875 0 0 0.0025 1 1 2.5 0.005 168 5 1 -1.42109e-18 
-0.07625 0 0 0.0025 1 1 2.5 0.005 169 5 1 -1.42109e-18 
-0.07375 0 0 0.0025 1 1 2.5 0.005 170 5 1 -1.42109e-18 
-0.07125 0 0 0.0025 1 1 2.5 0.005 171 5 1 -1.42109e-18 
-0.06875 0 0 0.0025 1 1 2.5 0.005 172 5 1 -1.42109e-18 
-0.06625 -8.92108e-47 -3.36312e-44 0.0025 1 1 2.5 0.005 173 5 1 -1.42109e-18 
-0.06375 -6.69448e-17 -3.36312e-44 0.0025 1 1 2.5 0.005 174 5 1 -1.42109e-18 
-0.06125 -2.00432e-16 0 0.0025 1 1 2.5 0.005 175 5 1 -1.42109e-18 
-0.05875 -3.32882e-16 0 0.0025 1 1 2.5 0.005 176 5 1 -1.42109e-18 
-0.05625 -4.98339e-16 -1.13687e-13 0.0025 1 1 2.5 0.005 177 5 1 -1.42109e-18 
-0.05375 -6.29768e-16 1.13687e-13 0.0025 1 1 2.5 0.005 178 5 1 -1.42109e-18 
-0.05125 -8.92751e-16 -1.13687e-13 0.0025 1 1 2.5 0.005 179 5 1 -1.42109e-18 
-0.04875 -1.18829e-15 -1.12104e-44 0.0025 1 1 2.5 0.005 180 5 1 -1.42109e-18 
-0.04625 -1.51599e-15 -1.12104e-44 0.0025 1 1 2.5 0.005 181 5 1 -1.42109e-18 
-0.04375 -2.00473e-15 -1.13687e-13 0.0025 1 1 2.5 0.005 182 5 1 -1.42109e-18 
-0.04125 -2.65659e-15 1.13687e-13 0.0025 1 1 2.5 0.005 183 5 1 -1.42109e-18 
-0.03875 -3.29993e-15 -1.13687e-13 0.0025 1 1 2.5 0.005 184 5 1 -1.42109e-18 
-0.03625 -1.75599e-15 2.27374e-13 0.0025 1 1 2.5 0.005 185 5 1 -4.26326e-18 
-0.03375 -1.88876e-15 2.27374e-13 0.0025 1 1 2.5 0.005 186 4 1 -7.81597e-18 
-0.03125 3.93978e-16 -5.68434e-14 0.0025 1 1 2.5 0.005 187 3 1 2.66454e-17 
-0.02875 -1.03762e-15 -5.68434e-14 0.0025 1 1 2.5 0.005 188 4 1 -1.42109e-17 
-0.02625 -1.62756e-15 -6.09845e-42 0.0025 1 1 2.5 0.005 189 5 1 -2.4869e-18 
-0.02375 -2.83513e-15 -5.68434e-14 0.0025 1 1 2.5 0.005 190 3 1 3.90799e-18 
-0.02125 1.18867e-16 -5.68434e-14 0.0025 1 1 2.5 0.005 191 3 1 2.13163e-18 
-0.01875 -1.40828e-15 -1.7053e-13 0.0025 1 1 2.5 0.005 192 5 1 -3.90799e-18 
-0.01625 6.01237e-16 -5.91646e-28 0.0025 1 1 2.5 0.005 193 5 1 -1.42109e-18 
-0.01375 -8.3173e-16 -6.82121e-13 0.0025 1 1 2.5 0.005 194 4 1 -1.42109e-18 
-0.01125 -1.22479e-15 1.02318e-12 0.0025 1 1 2.5 0.005 195 4 1 3.55271e-19 
-0.00875 8.4463e-16 -6.82121e-13 0.0025 1 1 2.5 0.005 196 4 1 7.10543e-19 
-0.00625 4.28488e-16 1.13687e-13 0.0025 1 1 2.5 0.005 197 4 1 7.10543e-19 
-0.00375 8.74192e-17 -5.68434e-14 0.0025 1 1 2.5 0.005 198 3 1 7.10543e-19 
-0.00125 1.5957e-17 -5.68434e-14 0.0025 1 1 2.5 0.005 199 3 1 0 
0.00125 1.79055e-16 5.68434e-14 0.0025 1 1 2.5 0.005 200 3 1 0 
0.00375 1.52867e-16 5.68434e-14 0.0025 1 1 2.5 0.005 201 3 1 7.10543e-19 
0.00625 -1.6081e-16 1.13687e-13 0.0025 1 1 2.5 0.005 202 3 1 7.10543e-19 
0.00875 2.80411e-16 5.68434e-14 0.0025 1 1 2.5 0.005 203 4 1 6.24001e-33 
0.01125 -4.10695e-16 -1.57772e-28 0.0025 1 1 2.5 0.005 204 4 1 3.77482e-33 
0.01375 1.16203e-15 -2.46519e-28 0.0025 1 1 2.5 0.005 205 3 1 0 
0.01625 9.5559e-16 5.68434e-14 0.0025 1 1 2.5 0.005 206 4 1 6.24001e-33 
0.01875 -1.42986e-16 1.13687e-13 0.0025 1 1 2.5 0.005 207 5 1 -2.4869e-18 
0.02125 2.80395e-15 1.7053e-13 0.0025 1 1 2.5 0.005 208 5 1 -2.4869e-18 
0.02375 9.22668e-16 -5.52203e-28 0.0025 1 1 2.5 0.005 209 5 1 3.19744e-18 
0.02625 -1.0595e-16 -6.70532e-28 0.0025 1 1 2.5 0.005 210 4 1 -8.17124e-18 
0.02875 1.95648e-15 -5.68434e-14 0.0025 1 1 2.5 0.005 211 3 1 9.23706e-18 
0.03125 1.46475e-15 -5.68434e-14 0.0025 1 1 2.5 0.005 212 4 1 -7.10543e-18 
0.03375 7.21408e-16 -1.13687e-13 0.0025 1 1 2.5 0.005 213 5 1 1.06581e-18 
0.03625 -1.4184e-15 1.7053e-13 0.0025 1 1 2.5 0.005 214 5 1 -2.13163e-18 
0.03875 -6.51573e-16 -1.13687e-13 0.0025 1 1 2.5 0.005 215 5 1 -3.55271e-19 
0.04125 2.4196e-15 -1.7053e-13 0.0025 1 1 2.5 0.005 216 5 1 -4.61853e-18 
0.04375 1.2617e-15 -5.68434e-14 0.0025 1 1 2.5 0.005 217 5 1 1.42109e-18 
0.04625 2.42006e-16 3.9443e-29 0.0025 1 1 2.5 0.005 218 5 1 -4.26326e-18 
0.04875 1.25208e-15 3.41061e-13 0.0025 1 1 2.5 0.005 219 5 1 6.16298e-32 
0.05125 2.13363e-15 -2.27374e-12 0.0025 1 1 2.5 0.005 220 3 1 0 
0.05375 4.77074e-15 1.3074e-12 0.0025 1 1 2.5 0.005 221 3 1 -4.61853e-18 
0.05625 1.43991e-15 5.68434e-13 0.0025 1 1 2.5 0.005 222 5 1 3.55271e-19 
0.05875 2.5127e-16 1.7053e-13 0.0025 1 1 2.5 0.005 223 5 1 -7.10543e-19 
0.06125 1.67708e-17 5.68434e-14 0.0025 1 1 2.5 0.005 224 5 1 -1.42109e-18 
0.06375 6.6149e-48 2.24208e-44 0.0025 1 1 2.5 0.005 225 5 1 -1.42109e-18 
0.06625 0 0 0.0025 1 1 2.5 0.005 226 5 1 -1.42109e-18 
0.06875 0 0 0.0025 1 1 2.5 0.005 227 5 1 -1.42109e-18 
0.07125 0 0 0.0025 1 1 2.5 0.005 228 5 1 -1.42109e-18 
0.07375 0 0 0.0025 1 1 2.5 0.005 229 5 1 -1.42109e-18 
0.07625 0 0 0.0025 1 1 2.5 0.005 230 5 1 -1.42109e-18 
0.07875 -1.28816e-46 -3.36312e-44 0.0025 1 1 2.5 0.005 231 5 1 -1.42109e-18 
0.08125 -1.33939e-16 -3.36312e-44 0.0025 1 1 2.5 0.005 232 5 1 -1.42109e-18 
0.08375 -2.67454e-16 0 0.0025 1 1 2.5 0.005 233 5 1 -1.42109e-18 
0.08625 -4.00147e-16 -1.12104e-44 0.0025 1 1 2.5 0.005 234 5 1 -1.42109e-18 
0.08875 -6.49898e-16 -1.7053e-13 0.0025 1 1 2.5 0.005 235 5 1 -1.42109e-18 
0.09125 -8.48087e-16 5.68434e-14 0.0025 1 1 2.5 0.005 236 5 1 -2.4869e-18 
0.09375 -1.46142e-15 1.79366e-43 0.0025 1 1 2.5 0.005 237 5 1 3.55271e-19 
0.09625 3.19158e-15 2.27374e-13 0.0025 1 1 2.5 0.005 238 5 1 -6.39488e-18 
0.09875 1.96592e-15 3.41061e-13 0.0025 1 1 2.5 0.005 239 5 1 4.26326e-18 
0.10125 2.57915e-15 -1.12104e-44 0.0025 1 1 2.5 0.005 240 5 1 -7.10543e-18 
0.10375 1.75502e-15 -5.68434e-14 0.0025 1 1 2.5 0.005 241 5 1 4.26326e-18 
0.10625 6.84202e-16 -5.68434e-14 0.0025 1 1 2.5 0.005 242 5 1 -7.81597e-18 
0.10875 -1.76688e-15 -5.68434e-14 0.0025 1 1 2.5 0.005 243 5 1 8.52651e-18 
0.11125 -1.09287e-15 -1.34525e-43 0.0025 1 1 2.5 0.005 244 5 1 -1.52767e-17 
0.11375 -3.11785e-15 2.69049e-43 0.0025 1 1 2.5 0.005 245 5 1 1.52767e-17 
0.11625 2.57341e-15 1.13687e-13 0.0025 1 1 2.5 0.005 246 5 1 -2.27374e-17 
0.11875 1.71849e-16 -1.13687e-13 0.0025 1 1 2.5 0.005 247 5 1 2.34479e-17 
0.12125 1.2067e-16 -7.10961e-27 0.0025 1 1 2.5 0.005 248 5 1 -3.01981e-17 
0.12375 -1.80441e-15 -7.14905e-27 0.0025 1 1 2.5 0.005 249 3 1 1.52767e-17 
0.12625 2.62295e-15 1.13687e-13 0.0025 1 1 2.5 0.005 250 3 1 1.3145e-17 
0.12875 1.04585e-16 1.13687e-13 0.0025 1 1 2.5 0.005 251 5 1 -2.59348e-17 
0.13125 8.26214e-16 -1.13687e-13 0.0025 1 1 2.5 0.005 252 5 1 1.91847e-17 
0.13375 -1.62313e-15 -5.68434e-14 0.0025 1 1 2.5 0.005 253 5 1 -1.81188e-17 
0.13625 1.96726e-15 1.13687e-13 0.0025 1 1 2.5 0.005 254 5 1 1.10134e-17 
0.13875 3.94485e-16 1.00893e-43 0.0025 1 1 2.5 0.005 255 5 1 -1.1724e-17 
0.14125 4.8175e-16 -1.00893e-43 0.0025 1 1 2.5 0.005 256 5 1 4.9738e-18 
0.14375 -7.05331e-16 4.48416e-44 0.0025 1 1 2.5 0.005 257 5 1 -7.10543e-18 
0.14625 -1.64079e-15 4.48416e-44 0.0025 1 1 2.5 0.005 258 5 1 4.26326e-18 
0.14875 -2.27765e-15 -2.24208e-44 0.0025 1 1 2.5 0.005 259 5 1 -7.10543e-18 
0.15125 -2.38388e-15 -3.97904e-13 0.0025 1 1 2.5 0.005 260 5 1 4.26326e-18 
0.15375 -3.37482e-15 -2.84217e-13 0.0025 1 1 2.5 0.005 261 5 1 -7.10543e-18 
0.15625 1.49681e-15 -2.01787e-43 0.0025 1 1 2.5 0.005 262 5 1 1.06581e-18 
0.15875 7.64496e-16 -2.27374e-13 0.0025 1 1 2.5 0.005 263 5 1 -3.19744e-18 
0.16125 6.16688e-16 1.7053e-13 0.0025 1 1 2.5 0.005 264 5 1 -1.42109e-18 
0.16375 3.67057e-16 -1.13687e-13 0.0025 1 1 2.5 0.005 265 5 1 -1.42109e-18 
0.16625 2.3394e-16 1.13687e-13 0.0025 1 1 2.5 0.005 266 5 1 -1.42109e-18 
0.16875 1.33985e-16 3.36312e-44 0.0025 1 1 2.5 0.005 267 5 1 -1.42109e-18 
0.17125 1.18922e-46 0 0.0025 1 1 2.5 0.005 268 5 1 -1.42109e-18 
0.17375 0 0 0.0025 1 1 2.5 0.005 269 5 1 -1.42109e-18 
0.17625 0 0 0.0025 1 1 2.5 0.005 270 5 1 -1.42109e-18 
0.17875 0 0 0.0025 1 1 2.5 0.005 271 5 1 -1.42109e-18 
0.18125 0 0 0.0025 1 1 2.5 0.005 272 5 1 -1.42109e-18 
0.18375 0 0 0.0025 1 1 2.5 0.005 273 5 1 -1.42109e-18 
0.18625 0 0 0.0025 1 1 2.5 0.005 274 5 1 -1.42109e-18 
0.18875 0 0 0.0025 1 1 2.5 0.005 275 5 1 -1.42109e-18 
0.19125 0 0 0.0025 1 1 2.5 0.005 276 5 1 -1.42109e-18 
0.19375 0 0 0.0025 1 1 2.5 0.005 277 5 1 -1.42109e-18 
0.19625 -2.97428e-47 -3.36312e-44 0.0025 1 1 2.5 0.005 278 5 1 -1.42109e-18 
0.19875 -6.70012e-17 -3.36312e-44 0.0025 1 1 2.5 0.005 279 5 1 -1.42109e-18 
0.20125 -2.00823e-16 0 0.0025 1 1 2.5 0.005 280 5 1 -1.42109e-18 
0.20375 -3.67662e-16 -1.13687e-13 0.0025 1 1 2.5 0.005 281 5 1 -1.42109e-18 
0.20625 -6.01262e-16 -4.48416e-44 0.0025 1 1 2.5 0.005 282 5 1 -1.42109e-18 
0.20875 -1.05131e-15 -1.7053e-13 0.0025 1 1 2.5 0.005 283 5 1 -1.42109e-18 
0.21125 -1.68426e-15 -1.7053e-13 0.0025 1 1 2.5 0.005 284 5 1 -2.13163e-18 
0.21375 -3.03314e-15 3.58732e-43 0.0025 1 1 2.5 0.005 285 5 1 -7.10543e-19 
0.21625 -9.29534e-16 8.52651e-13 0.0025 1 1 2.5 0.005 286 5 1 -9.9476e-18 
0.21875 -2.00819e-15 9.66338e-13 0.0025 1 1 2.5 0.005 287 5 1 8.88178e-18 
0.22125 1.83838e-15 -5.68434e-13 0.0025 1 1 2.5 0.005 288 5 1 -7.10543e-18 
0.22375 -6.46545e-16 -5.11591e-13 0.0025 1 1 2.5 0.005 289 5 1 9.23706e-18 
0.22625 -4.71276e-16 -2.01787e-43 0.0025 1 1 2.5 0.005 290 5 1 -1.91847e-17 
0.22875 -3.18592e-15 1.13687e-13 0.0025 1 1 2.5 0.005 291 5 1 1.91847e-17 
0.23125 1.6376e-15 1.13687e-13 0.0025 1 1 2.5 0.005 292 5 1 -2.59348e-17 
0.23375 -9.33992e-16 -2.84217e-13 0.0025 1 1 2.5 0.005 293 5 1 2.70006e-17 
0.23625 -1.16917e-15 2.84217e-13 0.0025 1 1 2.5 0.005 294 5 1 -3.73035e-17 
0.23875 -4.04248e-15 5.68434e-13 0.0025 1 1 2.5 0.005 295 5 1 3.73035e-17 
0.24125 3.36618e-15 -9.66338e-13 0.0025 1 1 2.5 0.005 296 5 1 -3.83693e-17 
0.24375 -7.84131e-16 -7.38964e-13 0.0025 1 1 2.5 0.005 297 5 1 4.05009e-17 
0.24625 6.49717e-16 1.13687e-12 0.0025 1 1 2.5 0.005 298 5 1 -6.21725e-17 
0.24875 -2.8868e-15 1.02318e-12 0.0025 1 1 2.5 0.005 299 4 1 3.58824e-17 
0.25125 3.47529e-15 -1.08002e-12 0.0025 1 1 2.5 0.005 300 4 1 3.51719e-17 
0.25375 -3.82978e-16 -1.02318e-12 0.0025 1 1 2.5 0.005 301 5 1 -6.11067e-17 
0.25625 1.23883e-15 9.09495e-13 0.0025 1 1 2.5 0.005 302 5 1 3.94351e-17 
0.25875 -2.3608e-15 1.08002e-12 0.0025 1 1 2.5 0.005 303 5 1 -3.87246e-17 
0.26125 3.62262e-15 -8.52651e-13 0.0025 1 1 2.5 0.005 304 5 1 3.97904e-17 
0.26375 9.50761e-16 -3.41061e-13 0.0025 1 1 2.5 0.005 305 5 1 -4.01457e-17 
0.26625 1.1117e-15 3.41061e-13 0.0025 1 1 2.5 0.005 306 5 1 2.8777e-17 
0.26875 -2.04439e-15 4.37205e-43 0.0025 1 1 2.5 0.005 307 5 1 -2.52243e-17 
0.27125 3.06181e-15 -1.7053e-13 0.0025 1 1 2.5 0.005 308 5 1 1.81188e-17 
0.27375 1.33421e-16 1.90577e-43 0.0025 1 1 2.5 0.005 309 5 1 -1.84741e-17 
0.27625 4.99152e-16 4.54747e-13 0.0025 1 1 2.5 0.005 310 5 1 8.17124e-18 
0.27875 -1.94022e-15 6.82121e-13 0.0025 1 1 2.5 0.005 311 5 1 -6.75016e-18 
0.28125 2.56797e-15 -6.82121e-13 0.0025 1 1 2.5 0.005 312 5 1 7.81597e-18 
0.28375 1.45133e-15 -7.95808e-13 0.0025 1 1 2.5 0.005 313 5 1 -8.17124e-18 
0.28625 2.33292e-15 1.13687e-13 0.0025 1 1 2.5 0.005 314 5 1 -1.42109e-18 
0.28875 1.40138e-15 1.12104e-44 0.0025 1 1 2.5 0.005 315 5 1 -1.42109e-18 
0.29125 8.01364e-16 1.13687e-13 0.0025 1 1 2.5 0.005 316 5 1 -1.42109e-18 
0.29375 4.67811e-16 2.24208e-44 0.0025 1 1 2.5 0.005 317 5 1 -1.42109e-18 
0.29625 2.34269e-16 1.13687e-13 0.0025 1 1 2.5 0.005 318 5 1 -1.42109e-18 
0.29875 1.33959e-16 3.36312e-44 0.0025 1 1 2.5 0.005 319 5 1 -1.42109e-18 
0.30125 7.92885e-47 0 0.0025 1 1 2.5 0.005 320 5 1 -1.42109e-18 
0.30375 0 0 0.0025 1 1 2.5 0.005 321 5 1 -1.42109e-18 
0.30625 0 0 0.0025 1 1 2.5 0.005 322 5 1 -1.42109e-18 
0.30875 0 0 0.0025 1 1 2.5 0.005 323 5 1 -1.42109e-18 
0.31125 0 0 0.0025 1 1 2.5 0.005 324 5 1 -1.42109e-18 
0.31375 0 0 0.0025 1 1 2.5 0.005 325 5 1 -1.42109e-18 
0.31625 0 0 0.0025 1 1 2.5 0.005 326 5 1 -1.42109e-18 
0.31875 0 0 0.0025 1 1 2.5 0.005 327 5 1 -1.42109e-18 
0.32125 0 0 0.0025 1 1 2.5 0.005 328 5 1 -1.42109e-18 
0.32375 0 0 0.0025 1 1 2.5 0.005 329 5 1 -1.42109e-18 
0.32625 0 0 0.0025 1 1 2.5 0.005 330 5 1 -1.42109e-18 
0.32875 0 0 0.0025 1 1 2.5 0.005 331 5 1 -1.42109e-18 
0.33125 0 0 0.0025 1 1 2.5 0.005 332 5 1 -1.42109e-18 
0.33375 0 0 0.0025 1 1 2.5 0.005 333 5 1 -1.42109e-18 
0.33625 -2.97467e-47 -3.36312e-44 0.0025 1 1 2.5 0.005 334 5 1 -1.42109e-18 
0.33875 -6.70144e-17 -3.36312e-44 0.0025 1 1 2.5 0.005 335 5 1 -1.42109e-18 
0.34125 -2.84895e-16 -1.7053e-13 0.0025 1 1 2.5 0.005 336 5 1 -1.77636e-18 
0.34375 5.06717e-17 1.19371e-12 0.0025 1 1 2.5 0.005 337 5 1 -4.9738e-18 
0.34625 9.18484e-15 1.17097e-11 0.0025 1 1 2.5 0.005 338 5 1 1.38556e-17 
0.34875 -1.25152e-14 -6.1732e-11 0.0025 1 1 2.5 0.005 339 4 1 1.49925e-16 
0.35125 -2.60961e-13 -3.22871e-10 0.0025 1 1 2.5 0.005 340 4 1 3.26494e-16 
0.35375 -1.24672e-12 -8.89827e-10 0.0025 1 1 2.5 0.005 341 4 1 2.11742e-16 
0.35625 -2.67935e-12 -6.04928e-10 0.0025 1 1 2.5 0.005 342 3 1 -2.64251e-15 
0.35875 -1.28285e-14 6.28103e-09 0.0025 1 1 2.5 0.005 343 4 1 -5.97709e-15 
0.36125 1.93798e-11 1.16531e-08 0.0025 1 1 2.5 0.005 344 5 1 3.4284e-14 
0.36375 -2.07987e-11 -8.3102e-08 0.0025 1 1 2.5 0.005 345 4 1 1.62175e-13 
0.36625 -3.44357e-10 -3.67151e-07 0.0025 1 1 2.5 0.005 346 4 1 3.90896e-13 
0.36875 -1.37813e-09 -9.15089e-07 0.0025 1 1 2.5 0.005 347 4 1 3.86096e-13 
0.37125 -3.17457e-09 -8.96616e-07 0.0025 1 1 2.5 0.005 348 3 1 -1.49383e-12 
0.37375 -2.86492e-09 2.9796e-06 0.0025 1 1 2.5 0.005 349 4 1 -6.5478e-12 
0.37625 1.20442e-08 1.52877e-05 0.0025 1 1 2.5 0.005 350 5 1 1.61521e-11 
0.37875 3.19618e-09 -4.24423e-05 0.0025 1 1 2.5 0.005 351 4 1 1.01276e-10 
0.38125 -1.78738e-07 -0.00021061 0.0025 1 1 2.5 0.005 352 4 1 2.82614e-10 
0.38375 -8.39311e-07 -0.000611885 0.0025 1 1 2.5 0.005 353 4 1 5.26873e-10 
0.38625 -2.40289e-06 -0.00117233 0.0025 1 1 2.5 0.00499999 354 4 1 4.09521e-10 
0.38875 -4.69365e-06 -0.00101622 0.0025 1 1 2.5 0.00499998 355 3 1 -1.43673e-09 
0.39125 -4.85906e-06 0.00244172 0.0025 1 1 2.5 0.00499999 356 4 1 -5.74555e-09 
0.39375 7.53378e-06 0.0124214 0.0025 0.999997 0.999996 2.5 0.00500002 357 5 1 1.30324e-08 
0.39625 1.28821e-06 -0.0315464 0.0025 1.00001 1.00002 2.50001 0.00499994 358 4 1 7.95717e-08 
0.39875 -0.000135017 -0.152555 0.0025 1.00013 1.00019 2.50012 0.00499936 359 4 1 2.36642e-07 
0.401249 -0.000644563 -0.474203 0.0025 1.00054 1.00078 2.50052 0.00499732 360 4 1 5.75362e-07 
0.403747 -0.00203237 -1.15095 0.0025 1.00162 1.00232 2.50159 0.00499192 361 4 1 1.19576e-06 
0.406241 -0.00511993 -2.32798 0.0025 1.004 1.00569 2.50396 0.0049801 362 4 1 2.15829e-06 
0.408727 -0.0109215 -3.99343 0.0025 1.00845 1.01197 2.5084 0.00495812 363 4 1 3.31762e-06 
0.411199 -0.0201854 -5.79344 0.0025 1.0156 1.02206 2.51554 0.0049232 364 4 1 4.10277e-06 
0.413651 -0.0326927 -7.04746 0.0025 1.02543 1.03593 2.52536 0.00487601 365 4 1 3.60129e-06 
0.416076 -0.0467876 -6.9929 0.0025 1.03682 1.05203 2.5367 0.00482242 366 4 1 9.59921e-07 
0.418473 -0.0594651 -5.14785 0.0025 1.04731 1.06674 2.54708 0.00477415 367 4 1 -4.777e-06 
0.42085 -0.0658512 0.0901661 0.0025 1.05155 1.07226 2.55148 0.00475488 368 3 1 -1.49063e-05 
0.423228 -0.0512322 17.8175 0.0025 1.03777 1.05291 2.53833 0.00481803 369 4 1 -1.51838e-05 
0.425669 -0.00668314 22.2438 0.0025 1.00756 1.01128 2.50811 0.00496249 370 4 1 1.79269e-05 
0.428192 0.0236954 7.48382 0.0025 0.982249 0.97572 2.4823 0.00509036 371 4 1 2.10613e-05 
0.43076 0.0392711 8.64374 0.0025 0.964343 0.950314 2.4645 0.00518488 372 4 1 -8.3074e-07 
0.433378 0.0701517 17.47 0.0025 0.939997 0.917131 2.43964 0.00531917 373 4 1 2.95773e-06 
0.43608 0.110566 17.0998 0.0025 0.909864 0.87654 2.40789 0.00549533 374 4 1 1.78131e-05 
0.438875 0.148297 14.8031 0.0025 0.880445 0.837069 2.37642 0.00567895 375 4 1 1.79981e-05 
0.441761 0.186081 15.2849 0.0025 0.851554 0.798836 2.345 0.00587162 376 4 1 1.5942e-05 
0.444748 0.226843 15.8061 0.0025 0.821706 0.759969 2.31182 0.0060849 377 4 1 1.83296e-05 
0.447848 0.269911 15.6955 0.0025 0.791216 0.720832 2.27714 0.00631939 378 4 1 2.08599e-05 
0.45107 0.314455 15.5254 0.0025 0.76054 0.682056 2.24144 0.00657427 379 4 1 2.27435e-05 
0.454426 0.360488 15.1079 0.0025 0.730057 0.644145 2.2051 0.00684878 380 4 1 2.45974e-05 
0.457923 0.406963 14.4043 0.0025 0.700369 0.607835 2.16881 0.0071391 381 4 1 2.61222e-05 
0.461568 0.452253 12.9562 0.0025 0.672475 0.574272 2.13384 0.00743522 382 4 1 2.65842e-05 
0.465361 0.493817 10.9149 0.0025 0.647587 0.544763 2.10189 0.00772097 383 4 1 2.45703e-05 
0.469292 0.529362 8.53945 0.0025 0.626501 0.520045 2.07426 0.00798083 384 4 1 1.95397e-05 
0.473344 0.559317 7.30009 0.0025 0.608558 0.499194 2.05034 0.00821615 385 4 1 1.28106e-05 
0.47751 0.58904 8.12798 0.0025 0.591273 0.479405 2.02692 0.00845634 386 4 1 9.8576e-06 
0.481803 0.623791 9.10848 0.0025 0.573071 0.459024 2.00177 0.00872492 387 4 1 1.47682e-05 
0.486238 0.657435 6.69146 0.0025 0.556693 0.440994 1.97866 0.00898162 388 4 1 2.06537e-05 
0.490786 0.675808 1.43298 0.0025 0.547345 0.43064 1.96531 0.00913501 389 4 1 1.3662e-05 
0.495373 0.675676 -0.631476 0.0025 0.545119 0.42794 1.96221 0.0091723 390 4 1 2.39428e-06 
0.499958 0.676309 0.499089 0.0025 0.544675 0.427372 1.96165 0.00917978 391 4 1 -3.8702e-07 
0.504553 0.678147 0.123542 0.0025 0.543972 0.426661 1.9607 0.00919165 392 4 1 8.81133e-07 
0.50915 0.677705 -0.23274 0.0025 0.543941 0.426628 1.96074 0.00919217 393 5 1 4.35837e-07 
0.513745 0.676877 -0.154977 0.0025 0.544258 0.426985 1.96129 0.00918681 394 4 1 1.16451e-07 
0.518337 0.676257 -0.108104 0.0025 0.544571 0.427368 1.96199 0.00918154 395 3 1 -2.11786e-07 
0.522926 0.675774 -0.0974143 0.0025 0.544436 0.427502 1.96243 0.00918382 396 5 1 3.47502e-06 
0.527521 0.675361 -0.0695181 0.0025 0.546903 0.429387 1.96658 0.0091424 397 3 1 -1.91539e-05 
0.532069 0.675035 -0.0425691 0.0025 0.535734 0.424884 1.94834 0.00933299 398 4 1 0.000178912 
0.53686 0.674772 -0.0260247 0.0025 0.50999 0.431467 2.15072 0.00980411 399 4 1 -0.000134376 
0.54188 0.674454 -0.00200742 0.0025 0.481788 0.423239 2.15367 0.010378 400 4 1 0.000265618 
0.547252 0.673983 0.0301712 0.0025 0.453223 0.431455 2.4418 0.0110321 401 4 1 -0.000240398 
0.552923 0.672963 0.123539 0.0025 0.44547 0.425152 2.37696 0.0112241 402 5 1 5.17824e-05 
0.558477 0.67071 0.416904 0.0025 0.449516 0.425623 2.36847 0.0111231 403 3 1 -6.94296e-06 
0.564046 0.664986 1.1089 0.0025 0.447159 0.420487 2.35168 0.0111817 404 4 1 -4.29859e-06 
0.569659 0.652009 2.71116 0.0025 0.439962 0.409514 2.3294 0.0113646 405 4 1 -1.17733e-05 
0.575412 0.620417 6.1856 0.0025 0.423948 0.387745 2.28992 0.0117939 406 4 1 -8.83051e-06 
0.581461 0.563328 10.9958 0.0025 0.395558 0.35081 2.22112 0.0126404 407 4 1 8.90945e-06 
0.588083 0.440588 26.014 0.0025 0.350033 0.295101 2.10188 0.0142844 408 4 1 9.72044e-05 
0.595864 0.226949 33.6637 0.0025 0.298138 0.234607 1.94913 0.0167708 409 4 1 0.000266444 
0.605027 0.049543 17.6058 0.0025 0.262857 0.194651 1.83583 0.0190218 410 4 1 0.000240465 
0.614948 -0.007403 1.96595 0.0025 0.250439 0.180558 1.79638 0.0199649 411 4 1 6.45635e-05 
0.624995 -0.0036466 -1.24705 0.0025 0.249328 0.178906 1.79307 0.0200539 412 5 1 4.48064e-06 
0.635002 0.000112727 -0.12218 0.0025 0.249925 0.179401 1.79479 0.020006 413 4 1 -1.21503e-06 
0.645001 0.000191562 0.0256344 0.0025 0.250026 0.179521 1.79507 0.0199979 414 3 1 -2.71446e-07 
0.655 5.28792e-05 0.0142153 0.0025 0.250011 0.179511 1.79503 0.0199991 415 4 1 1.66785e-08 
0.665 6.20368e-06 0.00285871 0.0025 0.250002 0.179502 1.79501 0.0199998 416 4 1 1.66342e-08 
0.675 -6.08689e-07 0.00014426 0.0025 0.25 0.1795 1.795 0.02 417 4 1 4.05854e-09 
0.685 -2.57146e-07 -9.63538e-05 0.0025 0.25 0.1795 1.795 0.02 418 5 1 3.64156e-10 
0.695 3.20517e-09 -8.56857e-06 0.0025 0.25 0.1795 1.795 0.02 419 4 1 -8.51937e-11 
0.705 9.42562e-09 1.60381e-06 0.0025 0.25 0.1795 1.795 0.02 420 3 1 -1.71104e-11 
0.715 2.30672e-09 7.39254e-07 0.0025 0.25 0.1795 1.795 0.02 421 4 1 7.23811e-13 
0.725 2.21962e-10 1.20791e-07 0.0025 0.25 0.1795 1.795 0.02 422 4 1 7.34507e-13 
0.735 -2.54967e-11 2.43219e-09 0.0025 0.25 0.1795 1.795 0.02 423 4 1 1.55497e-13 
0.745 -7.9546e-12 -3.4139e-09 0.0025 0.25 0.1795 1.795 0.02 424 5 1 1.12188e-14 
0.755 6.78357e-14 -2.32788e-10 0.0025 0.25 0.1795 1.795 0.02 425 4 1 -2.74767e-15 
0.765 2.10037e-13 4.53468e-11 0.0025 0.25 0.1795 1.795 0.02 426 3 1 -4.71267e-16 
0.775 4.08432e-14 1.89573e-11 0.0025 0.25 0.1795 1.795 0.02 427 4 1 1.66978e-17 
0.785 1.2574e-15 1.13687e-12 0.0025 0.25 0.1795 1.795 0.02 428 5 1 1.49214e-17 
0.795 -3.09922e-16 -8.52651e-14 0.0025 0.25 0.1795 1.795 0.02 429 5 1 1.77001e-33 
0.805 -6.69022e-47 -1.96182e-44 0.0025 0.25 0.1795 1.795 0.02 430 5 1 -1.42109e-18 
0.815 -8.26862e-49 -2.8026e-45 0.0025 0.25 0.1795 1.795 0.02 431 5 1 -1.42109e-18 
0.825 0 0 0.0025 0.25 0.1795 1.795 0.02 432 5 1 -1.42109e-18 
0.835 0 0 0.0025 0.25 0.1795 1.795 0.02 433 5 1 -1.42109e-18 
0.845 0 0 0.0025 0.25 0.1795 1.795 0.02 434 5 1 -1.42109e-18 
0.855 0 0 0.0025 0.25 0.1795 1.795 0.02 435 5 1 -1.42109e-18 
0.865 0 0 0.0025 0.25 0.1795 1.795 0.02 436 5 1 -1.42109e-18 
0.875 0 0 0.0025 0.25 0.1795 1.795 0.02 437 5 1 -1.42109e-18 
0.885 0 0 0.0025 0.25 0.1795 1.795 0.02 438 5 1 -1.42109e-18 
0.895 0 0 0.0025 0.25 0.1795 1.795 0.02 439 5 1 -1.42109e-18 
0.905 -2.47857e-48 -2.8026e-45 0.0025 0.25 0.1795 1.795 0.02 440 5 1 -1.42109e-18 
0.915 -1.25678e-17 -1.42109e-14 0.0025 0.25 0.1795 1.795 0.02 441 5 1 -1.42109e-18 
0.925 -1.16972e-16 -2.8026e-45 0.0025 0.25 0.1795 1.795 0.02 442 5 1 -1.42109e-18 
0.935 -2.45712e-16 -1.42109e-14 0.0025 0.25 0.1795 1.795 0.02 443 5 1 -1.42109e-18 
0.945 -6.40541e-16 -5.68434e-14 0.0025 0.25 0.1795 1.795 0.02 444 5 1 -1.42109e-18 
0.955 -3.08299e-15 -2.27374e-13 0.0025 0.25 0.1795 1.795 0.02 445 5 1 3.55271e-18 
0.965 -4.97179e-15 -4.26326e-14 0.0025 0.25 0.1795 1.795 0.02 446 5 1 -1.38556e-17 
0.975 -1.27383e-14 5.68434e-14 0.0025 0.25 0.1795 1.795 0.02 447 5 1 1.65201e-17 
0.985 7.86213e-15 2.70006e-13 0.0025 0.25 0.1795 1.795 0.02 448 5 1 -3.606e-17 
0.995 -1.19067e-16 2.98428e-13 0.0025 0.25 0.1795 1.795 0.02 449 4 1 2.50466e-17 
1.005 1.24116e-16 -2.84217e-13 0.0025 0.25 0.1795 1.795 0.02 450 4 1 2.38032e-17 
1.015 -7.74925e-15 -2.55795e-13 0.0025 0.25 0.1795 1.795 0.02 451 5 1 -3.42837e-17 
1.025 1.27007e-14 -9.9476e-14 0.0025 0.25 0.1795 1.795 0.02 452 5 1 1.56319e-17 
1.035 4.98841e-15 4.26326e-14 0.0025 0.25 0.1795 1.795 0.02 453 5 1 -1.35003e-17 
1.045 3.04107e-15 2.27374e-13 0.0025 0.25 0.1795 1.795 0.02 454 5 1 3.19744e-18 
1.055 6.65559e-16 5.68434e-14 0.0025 0.25 0.1795 1.795 0.02 455 5 1 -1.42109e-18 
1.065 2.5404e-16 1.42109e-14 0.0025 0.25 0.1795 1.795 0.02 456 5 1 -1.42109e-18 
1.075 1.16934e-16 2.8026e-45 0.0025 0.25 0.1795 1.795 0.02 457 5 1 -1.42109e-18 
1.085 1.25678e-17 1.42109e-14 0.0025 0.25 0.1795 1.795 0.02 458 5 1 -1.42109e-18 
1.095 2.47857e-48 2.8026e-45 0.0025 0.25 0.1795 1.795 0.02 459 5 1 -1.42109e-18 
1.105 0 0 0.0025 0.25 0.1795 1.795 0.02 460 5 1 -1.42109e-18 
1.115 0 0 0.0025 0.25 0.1795 1.795 0.02 461 5 1 -1.42109e-18 
1.125 0 0 0.0025 0.25 0.1795 1.795 0.02 462 5 1 -1.42109e-18 
1.135 0 0 0.0025 0.25 0.1795 1.795 0.02 463 5 1 -1.42109e-18 
1.145 0 0 0.0025 0.25 0.1795 1.795 0.02 464 5 1 -1.42109e-18 
1.155 0 0 0.0025 0.25 0.1795 1.795 0.02 465 5 1 -1.42109e-18 
1.165 0 0 0.0025 0.25 0.1795 1.795 0.02 466 5 1 -1.42109e-18 
1.175 0 0 0.0025 0.25 0.1795 1.795 0.02 467 5 1 -1.42109e-18 
1.185 8.26862e-49 2.8026e-45 0.0025 0.25 0.1795 1.795 0.02 468 5 1 -1.42109e-18 
1.195 3.88169e-47 8.40779e-45 0.0025 0.25 0.1795 1.795 0.02 469 5 1 -1.42109e-18 
1.205 1.75895e-16 2.84217e-14 0.0025 0.25 0.1795 1.795 0.02 470 5 1 -1.77636e-19 
1.215 -2.06528e-15 -9.80549e-13 0.0025 0.25 0.1795 1.795 0.02 471 5 1 1.35003e-17 
1.225 -2.92369e-14 -1.52625e-11 0.0025 0.25 0.1795 1.795 0.02 472 4 1 1.58096e-17 
1.235 -2.14782e-13 -5.45128e-11 0.0025 0.25 0.1795 1.795 0.02 473 3 1 -4.55636e-16 
1.245 -3.74252e-14 2.38373e-10 0.0025 0.25 0.1795 1.795 0.02 474 4 1 -2.74536e-15 
1.255 7.91524e-12 3.41745e-09 0.0025 0.25 0.1795 1.795 0.02 475 5 1 1.11841e-14 
1.265 2.54744e-11 -2.43482e-09 0.0025 0.25 0.1795 1.795 0.02 476 4 1 1.55485e-13 
1.275 -2.21973e-10 -1.20795e-07 0.0025 0.25 0.1795 1.795 0.02 477 4 1 7.34591e-13 
1.285 -2.30669e-09 -7.39256e-07 0.0025 0.25 0.1795 1.795 0.02 478 4 1 7.23739e-13 
1.295 -9.42562e-09 -1.6038e-06 0.0025 0.25 0.1795 1.795 0.02 479 3 1 -1.71104e-11 
1.305 -3.20514e-09 8.56856e-06 0.0025 0.25 0.1795 1.795 0.02 480 4 1 -8.51937e-11 
1.315 2.57146e-07 9.63538e-05 0.0025 0.25 0.1795 1.795 0.02 481 5 1 3.64156e-10 
1.325 6.08689e-07 -0.00014426 0.0025 0.25 0.1795 1.795 0.02 482 4 1 4.05854e-09 
1.335 -6.20368e-06 -0.00285871 0.0025 0.250002 0.179502 1.79501 0.0199998 483 4 1 1.66342e-08 
1.345 -5.28792e-05 -0.0142153 0.0025 0.250011 0.179511 1.79503 0.0199991 484 4 1 1.66785e-08 
1.355 -0.000191562 -0.0256344 0.0025 0.250026 0.179521 1.79507 0.0199979 485 3 1 -2.71446e-07 
1.365 -0.000112727 0.12218 0.0025 0.249925 0.179401 1.79479 0.020006 486 4 1 -1.21503e-06 
1.37501 0.0036466 1.24705 0.0025 0.249328 0.178906 1.79307 0.0200539 487 5 1 4.48064e-06 
1.38505 0.007403 -1.96595 0.0025 0.250439 0.180558 1.79638 0.0199649 488 4 1 6.45635e-05 
1.39497 -0.049543 -17.6058 0.0025 0.262857 0.194651 1.83583 0.0190218 489 4 1 0.000240465 
1.40414 -0.226949 -33.6637 0.0025 0.298138 0.234607 1.94913 0.0167708 490 4 1 0.000266444 
1.41192 -0.440588 -26.014 0.0025 0.350033 0.295101 2.10188 0.0142844 491 4 1 9.72044e-05 
1.41854 -0.563328 -10.9958 0.0025 0.395558 0.35081 2.22112 0.0126404 492 4 1 8.90945e-06 
1.42459 -0.620417 -6.1856 0.0025 0.423948 0.387745 2.28992 0.0117939 493 4 1 -8.83051e-06 
1.43034 -0.652009 -2.71116 0.0025 0.439962 0.409514 2.3294 0.0113646 494 4 1 -1.17733e-05 
1.43595 -0.664986 -1.1089 0.0025 0.447159 0.420487 2.35168 0.0111817 495 4 1 -4.29859e-06 
1.44152 -0.67071 -0.416904 0.0025 0.449516 0.425623 2.36847 0.0111231 496 3 1 -6.94296e-06 
1.44708 -0.672963 -0.123539 0.0025 0.44547 0.425152 2.37696 0.0112241 497 5 1 5.17824e-05 
1.45275 -0.673983 -0.0301712 0.0025 0.453223 0.431455 2.4418 0.0110321 498 4 1 -0.000240398 
1.45812 -0.674454 0.00200742 0.0025 0.481788 0.423239 2.15367 0.010378 499 4 1 0.000265618 
