# Time [s]: 0.074182
# Columns: pos [m], vel [m/s], acc [m/s^2], mass [kg], dens [kg/m^3], pres [Pa], ene [J/kg], sml [m], id, neighbor, alpha, gradh, ...additional?
1.45235 -0.674308 0.0309514 0.0025 0.510356 0.431904 2.15133 0.00979708 0 4 1 -0.000134312 
1.45714 -0.674487 0.0342328 0.0025 0.536112 0.425306 1.94889 0.00932641 1 4 1 0.000179098 
1.46168 -0.674658 0.035626 0.0025 0.547348 0.42988 1.96722 0.00913496 2 3 1 -1.90752e-05 
1.46627 -0.674832 0.0379304 0.0025 0.544996 0.428119 1.96324 0.00917439 3 5 1 3.48552e-06 
1.47086 -0.675033 0.0444876 0.0025 0.545284 0.428153 1.96302 0.00916954 4 3 1 -1.74623e-07 
1.47544 -0.675295 0.0594965 0.0025 0.545155 0.427969 1.96258 0.0091717 5 4 1 9.40705e-08 
1.48003 -0.675634 0.0821215 0.0025 0.544997 0.427769 1.96226 0.00917436 6 4 1 -5.78449e-08 
1.48462 -0.676047 0.103671 0.0025 0.544784 0.427518 1.96188 0.00917796 7 4 1 -2.7828e-08 
1.48921 -0.676548 0.117473 0.0025 0.54454 0.427237 1.96145 0.00918207 8 4 1 4.95511e-08 
1.4938 -0.677077 0.0957546 0.0025 0.544325 0.426984 1.96108 0.00918568 9 4 1 -4.33818e-08 
1.49839 -0.677571 0.258605 0.0025 0.544083 0.426733 1.96066 0.00918977 10 5 1 6.8058e-07 
-0.497011 -0.677772 -0.43587 0.0025 0.54439 0.427069 1.96105 0.0091846 11 4 1 1.01963e-06 
-0.492422 -0.674625 -0.513961 0.0025 0.545467 0.428202 1.96256 0.00916645 12 4 1 -6.48907e-08 
-0.487844 -0.674197 0.137583 0.0025 0.546516 0.429452 1.96399 0.00914887 13 4 1 3.36012e-06 
-0.483274 -0.670039 -2.22908 0.0025 0.549813 0.433257 1.96866 0.009094 14 4 1 1.16515e-05 
-0.47875 -0.652339 -5.85769 0.0025 0.558964 0.443383 1.98171 0.00894513 15 4 1 1.61879e-05 
-0.474327 -0.623236 -7.95931 0.0025 0.573536 0.459505 2.00223 0.00871784 16 4 1 1.36247e-05 
-0.47003 -0.591224 -7.91217 0.0025 0.590263 0.478233 2.02537 0.00847079 17 4 1 8.96474e-06 
-0.465854 -0.562283 -6.94456 0.0025 0.60646 0.496676 2.04737 0.00824457 18 4 1 8.09158e-06 
-0.461784 -0.536075 -6.93721 0.0025 0.622003 0.514657 2.06815 0.00803854 19 4 1 1.10373e-05 
-0.457814 -0.508358 -8.03679 0.0025 0.638509 0.533941 2.0899 0.00783074 20 4 1 1.46786e-05 
-0.453952 -0.477106 -9.52192 0.0025 0.657226 0.555995 2.11418 0.00760773 21 4 1 1.69763e-05 
-0.450205 -0.4423 -10.7445 0.0025 0.678285 0.581071 2.14102 0.00737153 22 4 1 1.76349e-05 
-0.446578 -0.405631 -11.5549 0.0025 0.7011 0.608578 2.16953 0.00713165 23 4 1 1.71949e-05 
-0.443071 -0.368262 -12.0019 0.0025 0.724948 0.637717 2.19873 0.00689705 24 4 1 1.63505e-05 
-0.439679 -0.331365 -12.2806 0.0025 0.749284 0.667855 2.22794 0.00667303 25 4 1 1.52378e-05 
-0.436396 -0.295287 -12.3561 0.0025 0.773725 0.698524 2.25671 0.00646224 26 4 1 1.41892e-05 
-0.433215 -0.260379 -12.429 0.0025 0.798051 0.729439 2.2848 0.00626526 27 4 1 1.31026e-05 
-0.430129 -0.226725 -12.3439 0.0025 0.822124 0.760409 2.3121 0.00608181 28 4 1 1.23113e-05 
-0.427131 -0.194135 -12.4575 0.0025 0.845935 0.791412 2.33863 0.00591062 29 4 1 1.17859e-05 
-0.424217 -0.162408 -12.6198 0.0025 0.869585 0.822527 2.36456 0.00574987 30 4 1 9.99529e-06 
-0.42138 -0.131995 -11.8639 0.0025 0.892567 0.853061 2.38934 0.00560182 31 4 1 7.89821e-06 
-0.418614 -0.104778 -10.8985 0.0025 0.91433 0.882376 2.41238 0.00546848 32 4 1 1.08016e-05 
-0.415911 -0.0774358 -13.495 0.0025 0.936793 0.913001 2.43592 0.00533736 33 4 1 1.38939e-05 
-0.413276 -0.0444436 -15.6161 0.0025 0.961449 0.946543 2.46159 0.00520048 34 4 1 8.87419e-07 
-0.41071 -0.0181583 -6.91676 0.0025 0.981435 0.973843 2.48183 0.00509458 35 4 1 -6.49356e-06 
-0.408181 -0.00995795 -2.27171 0.0025 0.9929 0.990328 2.49294 0.00503575 36 4 1 1.08569e-05 
-0.405674 0.00744565 -15.4053 0.0025 1.00899 1.01322 2.50922 0.00495546 37 4 1 1.68491e-05 
-0.403225 0.0429447 -16.3823 0.0025 1.03282 1.04609 2.53323 0.0048411 38 4 1 -9.23664e-06 
-0.400832 0.0589351 -1.45781 0.0025 1.04631 1.06488 2.54627 0.00477869 39 3 1 -1.3026e-05 
-0.398446 0.0553665 3.57011 0.0025 1.04449 1.06268 2.54425 0.00478704 40 4 1 -4.78367e-06 
-0.396045 0.0458174 5.37404 0.0025 1.0365 1.05152 2.53634 0.00482392 41 4 1 -2.23196e-07 
-0.393622 0.0343875 5.81973 0.0025 1.02707 1.03821 2.52698 0.0048682 42 4 1 2.05132e-06 
-0.391176 0.0234163 5.23245 0.0025 1.01827 1.02578 2.51821 0.00491031 43 4 1 2.88834e-06 
-0.388712 0.0144122 4.05253 0.0025 1.01119 1.01581 2.51114 0.00494468 44 4 1 2.74087e-06 
-0.386232 0.00798409 2.73552 0.0025 1.0062 1.00877 2.50616 0.0049692 45 4 1 2.09027e-06 
-0.383742 0.0039582 1.62242 0.0025 1.00309 1.00439 2.50306 0.0049846 46 4 1 1.36575e-06 
-0.381247 0.00173496 0.848006 0.0025 1.00137 1.00195 2.50135 0.00499316 47 4 1 7.90376e-07 
-0.378749 0.000654445 0.387731 0.0025 1.00053 1.00076 2.50052 0.00499736 48 4 1 4.09591e-07 
-0.37625 0.000199396 0.150787 0.0025 1.00017 1.00024 2.50016 0.00499916 49 4 1 1.88321e-07 
-0.37375 4.04281e-05 0.0461758 0.0025 1.00004 1.00006 2.50004 0.00499981 50 4 1 7.4537e-08 
-0.37125 -2.48271e-07 0.0088324 0.0025 1 1.00001 2.5 0.00499998 51 4 1 2.40496e-08 
-0.36875 -1.55198e-06 -0.00373421 0.0025 1 1 2.5 0.005 52 5 1 3.64238e-09 
-0.36625 1.92935e-06 -0.000627385 0.0025 1 1 2.5 0.00499999 53 4 1 -1.74731e-09 
-0.36375 1.72821e-06 0.00037396 0.0025 1 1 2.5 0.00499999 54 3 1 -3.87714e-10 
-0.36125 9.14261e-07 0.000407532 0.0025 1 1 2.5 0.005 55 4 1 1.44156e-10 
-0.35875 3.46207e-07 0.000226808 0.0025 1 1 2.5 0.005 56 4 1 1.85141e-10 
-0.35625 8.83919e-08 8.62623e-05 0.0025 1 1 2.5 0.005 57 4 1 1.05021e-10 
-0.35375 7.4254e-09 2.11884e-05 0.0025 1 1 2.5 0.005 58 4 1 4.17576e-11 
-0.35125 -4.5258e-09 -2.07612e-06 0.0025 1 1 2.5 0.005 59 5 1 9.68417e-12 
-0.34875 5.55665e-10 -1.85597e-06 0.0025 1 1 2.5 0.005 60 4 1 -1.43194e-12 
-0.34625 1.32257e-09 1.87172e-07 0.0025 1 1 2.5 0.005 61 3 1 -8.70319e-13 
-0.34375 7.10765e-10 3.62778e-07 0.0025 1 1 2.5 0.005 62 4 1 6.61792e-14 
-0.34125 2.34394e-10 1.88744e-07 0.0025 1 1 2.5 0.005 63 4 1 1.58561e-13 
-0.33875 4.09406e-11 5.94017e-08 0.0025 1 1 2.5 0.005 64 4 1 8.55252e-14 
-0.33625 -5.16746e-12 7.23969e-09 0.0025 1 1 2.5 0.005 65 4 1 2.70735e-14 
-0.33375 -2.39948e-12 -4.67321e-09 0.0025 1 1 2.5 0.005 66 5 1 2.13838e-15 
-0.33125 1.14689e-12 -4.17458e-10 0.0025 1 1 2.5 0.005 67 4 1 -2.04139e-15 
-0.32875 8.74546e-13 3.82045e-10 0.0025 1 1 2.5 0.005 68 3 1 -1.95755e-16 
-0.32625 3.10391e-13 2.60059e-10 0.0025 1 1 2.5 0.005 69 4 1 1.37135e-16 
-0.32375 5.46877e-14 8.37872e-11 0.0025 1 1 2.5 0.005 70 4 1 1.19016e-16 
-0.32125 -6.58863e-15 1.13687e-13 0.0025 1 1 2.5 0.005 71 5 1 2.73559e-17 
-0.31875 -8.62747e-16 -1.42109e-12 0.0025 1 1 2.5 0.005 72 5 1 7.10543e-19 
-0.31625 8.43685e-17 -2.84217e-13 0.0025 1 1 2.5 0.005 73 5 1 -2.84217e-18 
-0.31375 5.0759e-17 1.7053e-13 0.0025 1 1 2.5 0.005 74 5 1 -1.42109e-18 
-0.31125 1.33473e-47 4.48416e-44 0.0025 1 1 2.5 0.005 75 5 1 -1.42109e-18 
-0.30875 0 0 0.0025 1 1 2.5 0.005 76 5 1 -1.42109e-18 
-0.30625 0 0 0.0025 1 1 2.5 0.005 77 5 1 -1.42109e-18 
-0.30375 0 0 0.0025 1 1 2.5 0.005 78 5 1 -1.42109e-18 
-0.30125 0 0 0.0025 1 1 2.5 0.005 79 5 1 -1.42109e-18 
-0.29875 0 0 0.0025 1 1 2.5 0.005 80 5 1 -1.42109e-18 
-0.29625 0 0 0.0025 1 1 2.5 0.005 81 5 1 -1.42109e-18 
-0.29375 0 0 0.0025 1 1 2.5 0.005 82 5 1 -1.42109e-18 
-0.29125 0 0 0.0025 1 1 2.5 0.005 83 5 1 -1.42109e-18 
-0.28875 0 0 0.0025 1 1 2.5 0.005 84 5 1 -1.42109e-18 
-0.28625 0 0 0.0025 1 1 2.5 0.005 85 5 1 -1.42109e-18 
-0.28375 0 0 0.0025 1 1 2.5 0.005 86 5 1 -1.42109e-18 
-0.28125 0 0 0.0025 1 1 2.5 0.005 87 5 1 -1.42109e-18 
-0.27875 0 0 0.0025 1 1 2.5 0.005 88 5 1 -1.42109e-18 
-0.27625 0 0 0.0025 1 1 2.5 0.005 89 5 1 -1.42109e-18 
-0.27375 0 0 0.0025 1 1 2.5 0.005 90 5 1 -1.42109e-18 
-0.27125 0 0 0.0025 1 1 2.5 0.005 91 5 1 -1.42109e-18 
-0.26875 0 0 0.0025 1 1 2.5 0.005 92 5 1 -1.42109e-18 
-0.26625 0 0 0.0025 1 1 2.5 0.005 93 5 1 -1.42109e-18 
-0.26375 0 0 0.0025 1 1 2.5 0.005 94 5 1 -1.42109e-18 
-0.26125 0 0 0.0025 1 1 2.5 0.005 95 5 1 -1.42109e-18 
-0.25875 0 0 0.0025 1 1 2.5 0.005 96 5 1 -1.42109e-18 
-0.25625 0 0 0.0025 1 1 2.5 0.005 97 5 1 -1.42109e-18 
-0.25375 0 0 0.0025 1 1 2.5 0.005 98 5 1 -1.42109e-18 
-0.25125 0 0 0.0025 1 1 2.5 0.005 99 5 1 -1.42109e-18 
-0.24875 0 0 0.0025 1 1 2.5 0.005 100 5 1 -1.42109e-18 
-0.24625 0 0 0.0025 1 1 2.5 0.005 101 5 1 -1.42109e-18 
-0.24375 0 0 0.0025 1 1 2.5 0.005 102 5 1 -1.42109e-18 
-0.24125 0 0 0.0025 1 1 2.5 0.005 103 5 1 -1.42109e-18 
-0.23875 0 0 0.0025 1 1 2.5 0.005 104 5 1 -1.42109e-18 
-0.23625 0 0 0.0025 1 1 2.5 0.005 105 5 1 -1.42109e-18 
-0.23375 0 0 0.0025 1 1 2.5 0.005 106 5 1 -1.42109e-18 
-0.23125 0 0 0.0025 1 1 2.5 0.005 107 5 1 -1.42109e-18 
-0.22875 0 0 0.0025 1 1 2.5 0.005 108 5 1 -1.42109e-18 
-0.22625 0 0 0.0025 1 1 2.5 0.005 109 5 1 -1.42109e-18 
-0.22375 0 0 0.0025 1 1 2.5 0.005 110 5 1 -1.42109e-18 
-0.22125 0 0 0.0025 1 1 2.5 0.005 111 5 1 -1.42109e-18 
-0.21875 0 0 0.0025 1 1 2.5 0.005 112 5 1 -1.42109e-18 
-0.21625 0 0 0.0025 1 1 2.5 0.005 113 5 1 -1.42109e-18 
-0.21375 0 0 0.0025 1 1 2.5 0.005 114 5 1 -1.42109e-18 
-0.21125 0 0 0.0025 1 1 2.5 0.005 115 5 1 -1.42109e-18 
-0.20875 0 0 0.0025 1 1 2.5 0.005 116 5 1 -1.42109e-18 
-0.20625 0 0 0.0025 1 1 2.5 0.005 117 5 1 -1.42109e-18 
-0.20375 0 0 0.0025 1 1 2.5 0.005 118 5 1 -1.42109e-18 
-0.20125 0 0 0.0025 1 1 2.5 0.005 119 5 1 -1.42109e-18 
-0.19875 0 0 0.0025 1 1 2.5 0.005 120 5 1 -1.42109e-18 
-0.19625 0 0 0.0025 1 1 2.5 0.005 121 5 1 -1.42109e-18 
-0.19375 0 0 0.0025 1 1 2.5 0.005 122 5 1 -1.42109e-18 
-0.19125 0 0 0.0025 1 1 2.5 0.005 123 5 1 -1.42109e-18 
-0.18875 0 0 0.0025 1 1 2.5 0.005 124 5 1 -1.42109e-18 
-0.18625 0 0 0.0025 1 1 2.5 0.005 125 5 1 -1.42109e-18 
-0.18375 0 0 0.0025 1 1 2.5 0.005 126 5 1 -1.42109e-18 
-0.18125 0 0 0.0025 1 1 2.5 0.005 127 5 1 -1.42109e-18 
-0.17875 0 0 0.0025 1 1 2.5 0.005 128 5 1 -1.42109e-18 
-0.17625 0 0 0.0025 1 1 2.5 0.005 129 5 1 -1.42109e-18 
-0.17375 0 0 0.0025 1 1 2.5 0.005 130 5 1 -1.42109e-18 
-0.17125 0 0 0.0025 1 1 2.5 0.005 131 5 1 -1.42109e-18 
-0.16875 0 0 0.0025 1 1 2.5 0.005 132 5 1 -1.42109e-18 
-0.16625 0 0 0.0025 1 1 2.5 0.005 133 5 1 -1.42109e-18 
-0.16375 0 0 0.0025 1 1 2.5 0.005 134 5 1 -1.42109e-18 
-0.16125 0 0 0.0025 1 1 2.5 0.005 135 5 1 -1.42109e-18 
-0.15875 0 0 0.0025 1 1 2.5 0.005 136 5 1 -1.42109e-18 
-0.15625 0 0 0.0025 1 1 2.5 0.005 137 5 1 -1.42109e-18 
-0.15375 0 0 0.0025 1 1 2.5 0.005 138 5 1 -1.42109e-18 
-0.15125 0 0 0.0025 1 1 2.5 0.005 139 5 1 -1.42109e-18 
-0.14875 0 0 0.0025 1 1 2.5 0.005 140 5 1 -1.42109e-18 
-0.14625 0 0 0.0025 1 1 2.5 0.005 141 5 1 -1.42109e-18 
-0.14375 0 0 0.0025 1 1 2.5 0.005 142 5 1 -1.42109e-18 
-0.14125 0 0 0.0025 1 1 2.5 0.005 143 5 1 -1.42109e-18 
-0.13875 0 0 0.0025 1 1 2.5 0.005 144 5 1 -1.42109e-18 
-0.13625 0 0 0.0025 1 1 2.5 0.005 145 5 1 -1.42109e-18 
-0.13375 0 0 0.0025 1 1 2.5 0.005 146 5 1 -1.42109e-18 
-0.13125 0 0 0.0025 1 1 2.5 0.005 147 5 1 -1.42109e-18 
-0.12875 0 0 0.0025 1 1 2.5 0.005 148 5 1 -1.42109e-18 
-0.12625 0 0 0.0025 1 1 2.5 0.005 149 5 1 -1.42109e-18 
-0.12375 0 0 0.0025 1 1 2.5 0.005 150 5 1 -1.42109e-18 
-0.12125 0 0 0.0025 1 1 2.5 0.005 151 5 1 -1.42109e-18 
-0.11875 0 0 0.0025 1 1 2.5 0.005 152 5 1 -1.42109e-18 
-0.11625 0 0 0.0025 1 1 2.5 0.005 153 5 1 -1.42109e-18 
-0.11375 0 0 0.0025 1 1 2.5 0.005 154 5 1 -1.42109e-18 
-0.11125 0 0 0.0025 1 1 2.5 0.005 155 5 1 -1.42109e-18 
-0.10875 0 0 0.0025 1 1 2.5 0.005 156 5 1 -1.42109e-18 
-0.10625 0 0 0.0025 1 1 2.5 0.005 157 5 1 -1.42109e-18 
-0.10375 0 0 0.0025 1 1 2.5 0.005 158 5 1 -1.42109e-18 
-0.10125 0 0 0.0025 1 1 2.5 0.005 159 5 1 -1.42109e-18 
-0.09875 0 0 0.0025 1 1 2.5 0.005 160 5 1 -1.42109e-18 
-0.09625 0 0 0.0025 1 1 2.5 0.005 161 5 1 -1.42109e-18 
-0.09375 0 0 0.0025 1 1 2.5 0.005 162 5 1 -1.42109e-18 
-0.09125 0 0 0.0025 1 1 2.5 0.005 163 5 1 -1.42109e-18 
-0.08875 0 0 0.0025 1 1 2.5 0.005 164 5 1 -1.42109e-18 
-0.08625 0 0 0.0025 1 1 2.5 0.005 165 5 1 -1.42109e-18 
-0.08375 0 0 0.0025 1 1 2.5 0.005 166 5 1 -1.42109e-18 
-0.08125 0 0 0.0025 1 1 2.5 0.005 167 5 1 -1.42109e-18 
-0.07875 0 0 0.0025 1 1 2.5 0.005 168 5 1 -1.42109e-18 
-0.07625 0 0 0.0025 1 1 2.5 0.005 169 5 1 -1.42109e-18 
-0.07375 0 0 0.0025 1 1 2.5 0.005 170 5 1 -1.42109e-18 
-0.07125 0 0 0.0025 1 1 2.5 0.005 171 5 1 -1.42109e-18 
-0.06875 -2.69391e-46 -3.36312e-44 0.0025 1 1 2.5 0.005 172 5 1 -1.42109e-18 
-0.06625 -1.34603e-16 -3.36312e-44 0.0025 1 1 2.5 0.005 173 5 1 -1.42109e-18 
-0.06375 -2.69086e-16 0 0.0025 1 1 2.5 0.005 174 5 1 -1.42109e-18 
-0.06125 -4.02404e-16 0 0.0025 1 1 2.5 0.005 175 5 1 -1.42109e-18 
-0.05875 -5.34799e-16 0 0.0025 1 1 2.5 0.005 176 5 1 -1.42109e-18 
-0.05625 -6.66919e-16 0 0.0025 1 1 2.5 0.005 177 5 1 -1.42109e-18 
-0.05375 -8.99003e-16 -1.13687e-13 0.0025 1 1 2.5 0.005 178 5 1 -1.42109e-18 
-0.05125 -1.19579e-15 0 0.0025 1 1 2.5 0.005 179 5 1 -1.42109e-18 
-0.04875 -1.45766e-15 1.12104e-44 0.0025 1 1 2.5 0.005 180 5 1 -1.42109e-18 
-0.04625 -1.71803e-15 0 0.0025 1 1 2.5 0.005 181 5 1 -1.42109e-18 
-0.04375 -1.93623e-15 1.13687e-13 0.0025 1 1 2.5 0.005 182 5 1 -1.42109e-18 
-0.04125 -2.15037e-15 1.12104e-44 0.0025 1 1 2.5 0.005 183 5 1 -1.77636e-18 
-0.03875 -2.64242e-15 5.68434e-14 0.0025 1 1 2.5 0.005 184 5 1 -1.06581e-18 
-0.03625 -2.27967e-16 -5.68434e-14 0.0025 1 1 2.5 0.005 185 5 1 -2.84217e-18 
-0.03375 -8.31547e-16 -5.68434e-14 0.0025 1 1 2.5 0.005 186 4 1 -9.9476e-18 
-0.03125 -2.56851e-15 5.68434e-14 0.0025 1 1 2.5 0.005 187 3 1 2.52243e-17 
-0.02875 1.54299e-15 2.27374e-13 0.0025 1 1 2.5 0.005 188 4 1 -1.27898e-17 
-0.02625 -5.61638e-16 1.7053e-13 0.0025 1 1 2.5 0.005 189 5 1 -2.84217e-18 
-0.02375 -1.9025e-15 -1.53477e-12 0.0025 1 1 2.5 0.005 190 3 1 2.4869e-18 
-0.02125 -2.68791e-15 1.7053e-12 0.0025 1 1 2.5 0.005 191 3 1 1.06581e-18 
-0.01875 -2.02712e-15 3.69779e-27 0.0025 1 1 2.5 0.005 192 5 1 -2.13163e-18 
-0.01625 -2.93182e-15 -1.02318e-12 0.0025 1 1 2.5 0.005 193 4 1 7.10543e-19 
-0.01375 -9.1365e-16 2.84217e-13 0.0025 1 1 2.5 0.005 194 4 1 1.2326e-33 
-0.01125 -2.19709e-15 5.68434e-14 0.0025 1 1 2.5 0.005 195 5 1 2.09541e-32 
-0.00875 -8.52048e-16 -5.11591e-13 0.0025 1 1 2.5 0.005 196 4 1 7.10543e-19 
-0.00625 -5.13849e-16 2.27374e-13 0.0025 1 1 2.5 0.005 197 4 1 -7.10543e-19 
-0.00375 -3.83513e-16 -2.84217e-13 0.0025 1 1 2.5 0.005 198 3 1 0 
-0.00125 -1.17433e-18 3.41061e-13 0.0025 1 1 2.5 0.005 199 4 1 1.42109e-18 
0.00125 9.23972e-16 6.25278e-13 0.0025 1 1 2.5 0.005 200 5 1 3.55271e-19 
0.00375 8.78094e-16 -7.95808e-13 0.0025 1 1 2.5 0.005 201 5 1 1.42109e-18 
0.00625 6.12457e-16 2.27374e-13 0.0025 1 1 2.5 0.005 202 4 1 -7.10543e-19 
0.00875 1.30595e-15 6.82121e-13 0.0025 1 1 2.5 0.005 203 4 1 3.55271e-19 
0.01125 1.23828e-15 -9.09495e-13 0.0025 1 1 2.5 0.005 204 5 1 2.09541e-32 
0.01375 -2.2345e-16 -2.27374e-13 0.0025 1 1 2.5 0.005 205 3 1 7.10543e-19 
0.01625 2.85713e-15 5.68434e-13 0.0025 1 1 2.5 0.005 206 4 1 3.77482e-33 
0.01875 1.50199e-15 -4.54747e-13 0.0025 1 1 2.5 0.005 207 4 1 -1.06581e-18 
0.02125 2.25892e-15 6.82121e-13 0.0025 1 1 2.5 0.005 208 3 1 -2.4869e-18 
0.02375 2.46905e-15 -1.13687e-13 0.0025 1 1 2.5 0.005 209 4 1 5.32907e-18 
0.02625 2.81992e-16 5.68434e-14 0.0025 1 1 2.5 0.005 210 4 1 -8.52651e-18 
0.02875 1.56959e-15 -6.31089e-28 0.0025 1 1 2.5 0.005 211 3 1 9.23706e-18 
0.03125 1.16174e-15 -5.68434e-14 0.0025 1 1 2.5 0.005 212 4 1 -7.10543e-18 
0.03375 3.35096e-16 5.68434e-14 0.0025 1 1 2.5 0.005 213 5 1 1.06581e-18 
0.03625 -7.30549e-16 -3.9443e-29 0.0025 1 1 2.5 0.005 214 5 1 -2.84217e-18 
0.03875 -1.5924e-15 -1.13687e-13 0.0025 1 1 2.5 0.005 215 5 1 1.06581e-18 
0.04125 3.15739e-16 -1.23314e-43 0.0025 1 1 2.5 0.005 216 5 1 -6.39488e-18 
0.04375 -1.36946e-16 -1.13687e-13 0.0025 1 1 2.5 0.005 217 5 1 2.13163e-18 
0.04625 -1.4755e-15 -1.13687e-13 0.0025 1 1 2.5 0.005 218 5 1 -3.90799e-18 
0.04875 2.41413e-15 -5.68434e-14 0.0025 1 1 2.5 0.005 219 5 1 -2.13163e-18 
0.05125 1.92101e-15 1.7053e-13 0.0025 1 1 2.5 0.005 220 5 1 -2.4869e-18 
0.05375 5.20713e-16 -1.13687e-13 0.0025 1 1 2.5 0.005 221 5 1 2.46519e-33 
0.05625 -7.89487e-16 -3.41061e-13 0.0025 1 1 2.5 0.005 222 5 1 -1.77636e-18 
0.05875 9.7178e-16 2.27374e-13 0.0025 1 1 2.5 0.005 223 5 1 -9.59233e-18 
0.06125 -3.85906e-15 4.54747e-13 0.0025 1 1 2.5 0.005 224 3 1 8.52651e-18 
0.06375 4.81225e-15 -7.95808e-13 0.0025 1 1 2.5 0.005 225 3 1 5.68434e-18 
0.06625 3.1854e-15 -2.84217e-13 0.0025 1 1 2.5 0.005 226 5 1 -1.7053e-17 
0.06875 3.78049e-15 5.68434e-13 0.0025 1 1 2.5 0.005 227 5 1 3.90799e-18 
0.07125 1.08086e-15 3.41061e-13 0.0025 1 1 2.5 0.005 228 5 1 -2.13163e-18 
0.07375 3.21021e-16 1.7053e-13 0.0025 1 1 2.5 0.005 229 5 1 -1.42109e-18 
0.07625 -1.1794e-16 5.68434e-14 0.0025 1 1 2.5 0.005 230 5 1 -1.42109e-18 
0.07875 -3.03176e-16 -1.13687e-13 0.0025 1 1 2.5 0.005 231 5 1 -1.42109e-18 
0.08125 -5.7199e-16 -1.13687e-13 0.0025 1 1 2.5 0.005 232 5 1 -1.42109e-18 
0.08375 -1.07677e-15 1.13687e-13 0.0025 1 1 2.5 0.005 233 5 1 -1.77636e-18 
0.08625 1.66118e-15 5.68434e-13 0.0025 1 1 2.5 0.005 234 5 1 -4.61853e-18 
0.08875 1.37864e-15 2.84217e-13 0.0025 1 1 2.5 0.005 235 5 1 2.84217e-18 
0.09125 2.84958e-15 -1.7053e-13 0.0025 1 1 2.5 0.005 236 5 1 -3.90799e-18 
0.09375 2.65891e-15 -5.68434e-14 0.0025 1 1 2.5 0.005 237 5 1 2.46519e-33 
0.09625 2.16552e-15 -5.68434e-14 0.0025 1 1 2.5 0.005 238 5 1 -4.61853e-18 
0.09875 1.13853e-15 -5.68434e-14 0.0025 1 1 2.5 0.005 239 5 1 1.42109e-18 
0.10125 2.57924e-15 -1.79366e-43 0.0025 1 1 2.5 0.005 240 5 1 -6.75016e-18 
0.10375 1.40154e-15 -1.12104e-44 0.0025 1 1 2.5 0.005 241 5 1 5.68434e-18 
0.10625 5.6678e-16 -4.48416e-44 0.0025 1 1 2.5 0.005 242 5 1 -1.03029e-17 
0.10875 -1.37786e-15 2.69049e-43 0.0025 1 1 2.5 0.005 243 5 1 9.9476e-18 
0.11125 1.02386e-16 5.68434e-14 0.0025 1 1 2.5 0.005 244 5 1 -1.7053e-17 
0.11375 -2.66232e-15 5.68434e-14 0.0025 1 1 2.5 0.005 245 5 1 1.81188e-17 
0.11625 2.11889e-15 5.68434e-14 0.0025 1 1 2.5 0.005 246 5 1 -2.4869e-17 
0.11875 4.40688e-16 -1.13687e-13 0.0025 1 1 2.5 0.005 247 5 1 2.41585e-17 
0.12125 2.21796e-16 -7.10961e-27 0.0025 1 1 2.5 0.005 248 5 1 -3.05533e-17 
0.12375 -1.43434e-15 1.13687e-13 0.0025 1 1 2.5 0.005 249 3 1 1.52767e-17 
0.12625 3.17834e-15 5.68434e-14 0.0025 1 1 2.5 0.005 250 3 1 1.42109e-17 
0.12875 5.25261e-16 -5.68434e-14 0.0025 1 1 2.5 0.005 251 5 1 -2.70006e-17 
0.13125 1.12955e-15 -3.9443e-29 0.0025 1 1 2.5 0.005 252 5 1 1.84741e-17 
0.13375 -1.35316e-15 5.68434e-14 0.0025 1 1 2.5 0.005 253 5 1 -1.81188e-17 
0.13625 2.47183e-15 -2.8026e-43 0.0025 1 1 2.5 0.005 254 5 1 1.10134e-17 
0.13875 7.14459e-16 5.68434e-14 0.0025 1 1 2.5 0.005 255 5 1 -1.1724e-17 
0.14125 6.50404e-16 -1.13687e-13 0.0025 1 1 2.5 0.005 256 5 1 4.9738e-18 
0.14375 -6.71794e-16 3.36312e-44 0.0025 1 1 2.5 0.005 257 5 1 -6.75016e-18 
0.14625 -1.74184e-15 6.72623e-44 0.0025 1 1 2.5 0.005 258 5 1 4.26326e-18 
0.14875 -2.51251e-15 1.23314e-43 0.0025 1 1 2.5 0.005 259 5 1 -6.75016e-18 
0.15125 -1.76086e-15 -1.12104e-43 0.0025 1 1 2.5 0.005 260 5 1 1.42109e-18 
0.15375 -2.45079e-15 6.72623e-44 0.0025 1 1 2.5 0.005 261 5 1 -4.9738e-18 
0.15625 -2.4523e-15 1.7053e-13 0.0025 1 1 2.5 0.005 262 5 1 2.46519e-33 
0.15875 -2.49269e-15 2.27374e-13 0.0025 1 1 2.5 0.005 263 5 1 -2.84217e-18 
0.16125 -1.88429e-15 -5.11591e-13 0.0025 1 1 2.5 0.005 264 5 1 2.84217e-18 
0.16375 -2.25075e-15 -5.11591e-13 0.0025 1 1 2.5 0.005 265 5 1 -5.68434e-18 
0.16625 1.09352e-15 -5.68434e-14 0.0025 1 1 2.5 0.005 266 5 1 -1.06581e-18 
0.16875 5.72113e-16 1.13687e-13 0.0025 1 1 2.5 0.005 267 5 1 -1.77636e-18 
0.17125 3.37001e-16 0 0.0025 1 1 2.5 0.005 268 5 1 -1.42109e-18 
0.17375 1.68616e-16 -1.13687e-13 0.0025 1 1 2.5 0.005 269 5 1 -1.42109e-18 
0.17625 3.38393e-17 1.13687e-13 0.0025 1 1 2.5 0.005 270 5 1 -1.42109e-18 
0.17875 1.00104e-47 3.36312e-44 0.0025 1 1 2.5 0.005 271 5 1 -1.42109e-18 
0.18125 0 0 0.0025 1 1 2.5 0.005 272 5 1 -1.42109e-18 
0.18375 0 0 0.0025 1 1 2.5 0.005 273 5 1 -1.42109e-18 
0.18625 0 0 0.0025 1 1 2.5 0.005 274 5 1 -1.42109e-18 
0.18875 0 0 0.0025 1 1 2.5 0.005 275 5 1 -1.42109e-18 
0.19125 -1.69754e-46 -3.36312e-44 0.0025 1 1 2.5 0.005 276 5 1 -1.42109e-18 
0.19375 -1.35031e-16 -3.36312e-44 0.0025 1 1 2.5 0.005 277 5 1 -1.42109e-18 
0.19625 -3.03116e-16 -1.13687e-13 0.0025 1 1 2.5 0.005 278 5 1 -1.42109e-18 
0.19875 -4.37411e-16 1.13687e-13 0.0025 1 1 2.5 0.005 279 5 1 -1.42109e-18 
0.20125 -7.06382e-16 -1.13687e-13 0.0025 1 1 2.5 0.005 280 5 1 -1.42109e-18 
0.20375 -1.14269e-15 -1.13687e-13 0.0025 1 1 2.5 0.005 281 5 1 -1.42109e-18 
0.20625 -8.85075e-16 5.11591e-13 0.0025 1 1 2.5 0.005 282 5 1 -5.32907e-18 
0.20875 -1.4855e-15 3.97904e-13 0.0025 1 1 2.5 0.005 283 5 1 3.19744e-18 
0.21125 3.3052e-15 -1.7053e-13 0.0025 1 1 2.5 0.005 284 5 1 -5.32907e-18 
0.21375 2.02239e-15 -6.72623e-44 0.0025 1 1 2.5 0.005 285 5 1 3.55271e-18 
0.21625 9.27704e-16 1.13687e-13 0.0025 1 1 2.5 0.005 286 5 1 -7.4607e-18 
0.21875 -1.46385e-15 -1.13687e-13 0.0025 1 1 2.5 0.005 287 5 1 8.52651e-18 
0.22125 -2.44484e-16 -1.79366e-43 0.0025 1 1 2.5 0.005 288 5 1 -1.52767e-17 
0.22375 -1.83611e-15 8.96831e-44 0.0025 1 1 2.5 0.005 289 5 1 1.38556e-17 
0.22625 -1.1963e-15 -5.68434e-14 0.0025 1 1 2.5 0.005 290 5 1 -1.91847e-17 
0.22875 -3.23832e-15 -5.68434e-14 0.0025 1 1 2.5 0.005 291 5 1 1.88294e-17 
0.23125 2.04116e-15 -2.35418e-43 0.0025 1 1 2.5 0.005 292 5 1 -2.59348e-17 
0.23375 -8.49285e-16 3.13891e-43 0.0025 1 1 2.5 0.005 293 5 1 2.73559e-17 
0.23625 3.22136e-15 2.27374e-13 0.0025 1 1 2.5 0.005 294 5 1 -3.6593e-17 
0.23875 1.29296e-16 2.27374e-13 0.0025 1 1 2.5 0.005 295 5 1 3.83693e-17 
0.24125 1.65023e-15 -1.13687e-13 0.0025 1 1 2.5 0.005 296 5 1 -4.51195e-17 
0.24375 -1.88234e-15 5.68434e-14 0.0025 1 1 2.5 0.005 297 5 1 4.83169e-17 
0.24625 -2.29811e-15 3.41061e-13 0.0025 1 1 2.5 0.005 298 5 1 -6.00409e-17 
0.24875 -5.29313e-15 5.68434e-13 0.0025 1 1 2.5 0.005 299 4 1 3.19744e-17 
0.25125 4.51222e-15 -1.02318e-12 0.0025 1 1 2.5 0.005 300 4 1 3.58824e-17 
0.25375 1.12637e-15 -7.38964e-13 0.0025 1 1 2.5 0.005 301 5 1 -6.32383e-17 
0.25625 1.17727e-15 2.84217e-13 0.0025 1 1 2.5 0.005 302 5 1 4.76064e-17 
0.25875 -2.62926e-15 2.27374e-13 0.0025 1 1 2.5 0.005 303 5 1 -4.54747e-17 
0.26125 1.71106e-15 -5.68434e-14 0.0025 1 1 2.5 0.005 304 5 1 3.73035e-17 
0.26375 -9.76612e-16 5.68434e-14 0.0025 1 1 2.5 0.005 305 5 1 -3.76588e-17 
0.26625 1.85056e-15 -2.8026e-43 0.0025 1 1 2.5 0.005 306 5 1 2.91323e-17 
0.26875 -1.94363e-15 3.13891e-43 0.0025 1 1 2.5 0.005 307 5 1 -2.62901e-17 
0.27125 2.65984e-15 5.68434e-14 0.0025 1 1 2.5 0.005 308 5 1 1.84741e-17 
0.27375 5.218e-16 5.68434e-14 0.0025 1 1 2.5 0.005 309 5 1 -1.81188e-17 
0.27625 1.29819e-15 -1.13687e-13 0.0025 1 1 2.5 0.005 310 5 1 1.35003e-17 
0.27875 5.61409e-17 -5.68434e-14 0.0025 1 1 2.5 0.005 311 5 1 -1.49214e-17 
0.28125 7.62661e-16 2.27374e-13 0.0025 1 1 2.5 0.005 312 5 1 8.17124e-18 
0.28375 -5.19852e-16 1.13687e-13 0.0025 1 1 2.5 0.005 313 5 1 -8.88178e-18 
0.28625 -8.90495e-16 -2.84217e-13 0.0025 1 1 2.5 0.005 314 5 1 6.39488e-18 
0.28875 -2.74829e-15 -3.41061e-13 0.0025 1 1 2.5 0.005 315 5 1 -6.03961e-18 
0.29125 1.79431e-15 -5.68434e-14 0.0025 1 1 2.5 0.005 316 5 1 -1.06581e-18 
0.29375 1.07376e-15 -1.12104e-44 0.0025 1 1 2.5 0.005 317 5 1 -1.77636e-18 
0.29625 8.06735e-16 1.12104e-44 0.0025 1 1 2.5 0.005 318 5 1 -1.42109e-18 
0.29875 5.04572e-16 1.13687e-13 0.0025 1 1 2.5 0.005 319 5 1 -1.42109e-18 
0.30125 3.36626e-16 0 0.0025 1 1 2.5 0.005 320 5 1 -1.42109e-18 
0.30375 2.02371e-16 0 0.0025 1 1 2.5 0.005 321 5 1 -1.42109e-18 
0.30625 6.75766e-17 3.36312e-44 0.0025 1 1 2.5 0.005 322 5 1 -1.42109e-18 
0.30875 5.00035e-47 3.36312e-44 0.0025 1 1 2.5 0.005 323 5 1 -1.42109e-18 
0.31125 -1.66841e-47 -5.60519e-44 0.0025 1 1 2.5 0.005 324 5 1 -1.42109e-18 
0.31375 -6.76786e-17 -2.27374e-13 0.0025 1 1 2.5 0.005 325 5 1 -1.42109e-18 
0.31625 -1.01223e-16 3.41061e-13 0.0025 1 1 2.5 0.005 326 5 1 -2.84217e-18 
0.31875 7.78327e-16 1.36424e-12 0.0025 1 1 2.5 0.005 327 5 1 7.10543e-19 
0.32125 6.48733e-15 -1.13687e-13 0.0025 1 1 2.5 0.005 328 5 1 2.73559e-17 
0.32375 -5.462e-14 -8.36735e-11 0.0025 1 1 2.5 0.005 329 4 1 1.19016e-16 
0.32625 -3.1029e-13 -2.60059e-10 0.0025 1 1 2.5 0.005 330 4 1 1.36779e-16 
0.32875 -8.74445e-13 -3.81931e-10 0.0025 1 1 2.5 0.005 331 3 1 -1.95755e-16 
0.33125 -1.14705e-12 4.17344e-10 0.0025 1 1 2.5 0.005 332 4 1 -2.04174e-15 
0.33375 2.39972e-12 4.67332e-09 0.0025 1 1 2.5 0.005 333 5 1 2.13802e-15 
0.33625 5.16746e-12 -7.23981e-09 0.0025 1 1 2.5 0.005 334 4 1 2.70749e-14 
0.33875 -4.09407e-11 -5.94017e-08 0.0025 1 1 2.5 0.005 335 4 1 8.55245e-14 
0.34125 -2.34393e-10 -1.88744e-07 0.0025 1 1 2.5 0.005 336 4 1 1.5856e-13 
0.34375 -7.10765e-10 -3.62778e-07 0.0025 1 1 2.5 0.005 337 4 1 6.61796e-14 
0.34625 -1.32257e-09 -1.87172e-07 0.0025 1 1 2.5 0.005 338 3 1 -8.70319e-13 
0.34875 -5.55665e-10 1.85597e-06 0.0025 1 1 2.5 0.005 339 4 1 -1.43194e-12 
0.35125 4.5258e-09 2.07612e-06 0.0025 1 1 2.5 0.005 340 5 1 9.68417e-12 
0.35375 -7.4254e-09 -2.11884e-05 0.0025 1 1 2.5 0.005 341 4 1 4.17576e-11 
0.35625 -8.83919e-08 -8.62623e-05 0.0025 1 1 2.5 0.005 342 4 1 1.05021e-10 
0.35875 -3.46207e-07 -0.000226808 0.0025 1 1 2.5 0.005 343 4 1 1.85141e-10 
0.36125 -9.14261e-07 -0.000407532 0.0025 1 1 2.5 0.005 344 4 1 1.44156e-10 
0.36375 -1.72821e-06 -0.00037396 0.0025 1 1 2.5 0.00499999 345 3 1 -3.87714e-10 
0.36625 -1.92935e-06 0.000627385 0.0025 1 1 2.5 0.00499999 346 4 1 -1.74731e-09 
0.36875 1.55198e-06 0.00373421 0.0025 1 1 2.5 0.005 347 5 1 3.64238e-09 
0.37125 2.48271e-07 -0.0088324 0.0025 1 1.00001 2.5 0.00499998 348 4 1 2.40496e-08 
0.37375 -4.04281e-05 -0.0461758 0.0025 1.00004 1.00006 2.50004 0.00499981 349 4 1 7.4537e-08 
0.37625 -0.000199396 -0.150787 0.0025 1.00017 1.00024 2.50016 0.00499916 350 4 1 1.88321e-07 
0.378749 -0.000654445 -0.387731 0.0025 1.00053 1.00076 2.50052 0.00499736 351 4 1 4.09591e-07 
0.381247 -0.00173496 -0.848006 0.0025 1.00137 1.00195 2.50135 0.00499316 352 4 1 7.90376e-07 
0.383742 -0.0039582 -1.62242 0.0025 1.00309 1.00439 2.50306 0.0049846 353 4 1 1.36575e-06 
0.386232 -0.00798409 -2.73552 0.0025 1.0062 1.00877 2.50616 0.0049692 354 4 1 2.09027e-06 
0.388712 -0.0144122 -4.05253 0.0025 1.01119 1.01581 2.51114 0.00494468 355 4 1 2.74087e-06 
0.391176 -0.0234163 -5.23245 0.0025 1.01827 1.02578 2.51821 0.00491031 356 4 1 2.88834e-06 
0.393622 -0.0343875 -5.81973 0.0025 1.02707 1.03821 2.52698 0.0048682 357 4 1 2.05132e-06 
0.396045 -0.0458174 -5.37404 0.0025 1.0365 1.05152 2.53634 0.00482392 358 4 1 -2.23196e-07 
0.398446 -0.0553665 -3.57011 0.0025 1.04449 1.06268 2.54425 0.00478704 359 4 1 -4.78367e-06 
0.400832 -0.0589351 1.45781 0.0025 1.04631 1.06488 2.54627 0.00477869 360 3 1 -1.3026e-05 
0.403225 -0.0429447 16.3823 0.0025 1.03282 1.04609 2.53323 0.0048411 361 4 1 -9.23664e-06 
0.405674 -0.00744565 15.4053 0.0025 1.00899 1.01322 2.50922 0.00495546 362 4 1 1.68491e-05 
0.408181 0.00995795 2.27171 0.0025 0.9929 0.990328 2.49294 0.00503575 363 4 1 1.08569e-05 
0.41071 0.0181583 6.91676 0.0025 0.981435 0.973843 2.48183 0.00509458 364 4 1 -6.49356e-06 
0.413276 0.0444436 15.6161 0.0025 0.961449 0.946543 2.46159 0.00520048 365 4 1 8.87419e-07 
0.415911 0.0774358 13.495 0.0025 0.936793 0.913001 2.43592 0.00533736 366 4 1 1.38939e-05 
0.418614 0.104778 10.8985 0.0025 0.91433 0.882376 2.41238 0.00546848 367 4 1 1.08016e-05 
0.42138 0.131995 11.8639 0.0025 0.892567 0.853061 2.38934 0.00560182 368 4 1 7.89821e-06 
0.424217 0.162408 12.6198 0.0025 0.869585 0.822527 2.36456 0.00574987 369 4 1 9.99529e-06 
0.427131 0.194135 12.4575 0.0025 0.845935 0.791412 2.33863 0.00591062 370 4 1 1.17859e-05 
0.430129 0.226725 12.3439 0.0025 0.822124 0.760409 2.3121 0.00608181 371 4 1 1.23113e-05 
0.433215 0.260379 12.429 0.0025 0.798051 0.729439 2.2848 0.00626526 372 4 1 1.31026e-05 
0.436396 0.295287 12.3561 0.0025 0.773725 0.698524 2.25671 0.00646224 373 4 1 1.41892e-05 
0.439679 0.331365 12.2806 0.0025 0.749284 0.667855 2.22794 0.00667303 374 4 1 1.52378e-05 
0.443071 0.368262 12.0019 0.0025 0.724948 0.637717 2.19873 0.00689705 375 4 1 1.63505e-05 
0.446578 0.405631 11.5549 0.0025 0.7011 0.608578 2.16953 0.00713165 376 4 1 1.71949e-05 
0.450205 0.4423 10.7445 0.0025 0.678285 0.581071 2.14102 0.00737153 377 4 1 1.76349e-05 
0.453952 0.477106 9.52192 0.0025 0.657226 0.555995 2.11418 0.00760773 378 4 1 1.69763e-05 
0.457814 0.508358 8.03679 0.0025 0.638509 0.533941 2.0899 0.00783074 379 4 1 1.46786e-05 
0.461784 0.536075 6.93721 0.0025 0.622003 0.514657 2.06815 0.00803854 380 4 1 1.10373e-05 
0.465854 0.562283 6.94456 0.0025 0.60646 0.496676 2.04737 0.00824457 381 4 1 8.09158e-06 
0.47003 0.591224 7.91217 0.0025 0.590263 0.478233 2.02537 0.00847079 382 4 1 8.96474e-06 
0.474327 0.623236 7.95931 0.0025 0.573536 0.459505 2.00223 0.00871784 383 4 1 1.36247e-05 
0.47875 0.652339 5.85769 0.0025 0.558964 0.443383 1.98171 0.00894513 384 4 1 1.61879e-05 
0.483274 0.670039 2.22908 0.0025 0.549813 0.433257 1.96866 0.009094 385 4 1 1.16515e-05 
0.487844 0.674197 -0.137583 0.0025 0.546516 0.429452 1.96399 0.00914887 386 4 1 3.36012e-06 
0.492422 0.674625 0.513961 0.0025 0.545467 0.428202 1.96256 0.00916645 387 4 1 -6.48907e-08 
0.497011 0.677772 0.43587 0.0025 0.54439 0.427069 1.96105 0.0091846 388 4 1 1.01963e-06 
0.501607 0.677571 -0.258605 0.0025 0.544083 0.426733 1.96066 0.00918977 389 5 1 6.8058e-07 
0.506201 0.677077 -0.0957546 0.0025 0.544325 0.426984 1.96108 0.00918568 390 4 1 -4.33818e-08 
0.510793 0.676548 -0.117473 0.0025 0.54454 0.427237 1.96145 0.00918207 391 4 1 4.95511e-08 
0.515383 0.676047 -0.103671 0.0025 0.544784 0.427518 1.96188 0.00917796 392 4 1 -2.7828e-08 
0.519971 0.675634 -0.0821215 0.0025 0.544997 0.427769 1.96226 0.00917436 393 4 1 -5.78449e-08 
0.524557 0.675295 -0.0594965 0.0025 0.545155 0.427969 1.96258 0.0091717 394 4 1 9.40705e-08 
0.529142 0.675033 -0.0444876 0.0025 0.545284 0.428153 1.96302 0.00916954 395 3 1 -1.74623e-07 
0.533727 0.674832 -0.0379304 0.0025 0.544996 0.428119 1.96324 0.00917439 396 5 1 3.48552e-06 
0.538317 0.674658 -0.035626 0.0025 0.547348 0.42988 1.96722 0.00913496 397 3 1 -1.90752e-05 
0.542862 0.674487 -0.0342328 0.0025 0.536112 0.425306 1.94889 0.00932641 398 4 1 0.000179098 
0.54765 0.674308 -0.0309514 0.0025 0.510356 0.431904 2.15133 0.00979708 399 4 1 -0.000134312 
0.552666 0.674124 -0.023268 0.0025 0.482195 0.423751 2.1544 0.0103692 400 4 1 0.000265809 
0.558033 0.673929 -0.0120608 0.0025 0.453768 0.432205 2.44299 0.0110188 401 4 1 -0.000240462 
0.563695 0.673685 0.005214 0.0025 0.446452 0.426509 2.37904 0.0111994 402 5 1 5.34968e-05 
0.569234 0.673311 0.039525 0.0025 0.451737 0.428681 2.37314 0.0110684 403 4 1 -3.58976e-06 
0.574763 0.672548 0.128999 0.0025 0.452491 0.427762 2.36286 0.01105 404 3 1 2.5726e-06 
0.580284 0.670736 0.356077 0.0025 0.452419 0.426245 2.35569 0.0110517 405 4 1 -1.73358e-06 
0.585815 0.666179 0.946659 0.0025 0.450188 0.422355 2.34646 0.0111065 406 4 1 -5.27103e-06 
0.59139 0.655747 2.11393 0.0025 0.444181 0.413701 2.33063 0.0112567 407 4 1 -1.03031e-05 
0.597073 0.631695 5.07804 0.0025 0.431005 0.396005 2.30002 0.0116008 408 4 1 -9.91827e-06 
0.602996 0.583775 8.92655 0.0025 0.40742 0.365261 2.2453 0.0122723 409 4 1 1.47753e-06 
0.609363 0.493633 19.1534 0.0025 0.368732 0.31707 2.14917 0.01356 410 4 1 5.31608e-05 
0.616629 0.314241 32.2615 0.0025 0.317884 0.257012 2.00762 0.015729 411 4 1 0.000197633 
0.625256 0.109797 25.0303 0.0025 0.274642 0.207731 1.87355 0.0182055 412 4 1 0.000275298 
0.634944 0.00606516 7.04369 0.0025 0.253718 0.184298 1.80647 0.019707 413 4 1 0.000127776 
0.644978 -0.00732215 -0.976184 0.0025 0.249285 0.179019 1.79293 0.0200573 414 5 1 1.73489e-05 
0.655002 -0.000728178 -0.471383 0.0025 0.249708 0.179201 1.79416 0.0200234 415 4 1 -3.35532e-07 
0.665002 0.000259115 0.00672937 0.0025 0.250016 0.179502 1.79505 0.0199987 416 4 1 -7.26153e-07 
0.675 0.000116101 0.0231786 0.0025 0.25002 0.179519 1.79506 0.0199984 417 3 1 -4.14092e-08 
0.685 2.30732e-05 0.00721655 0.0025 0.250006 0.179506 1.79502 0.0199996 418 4 1 2.38374e-08 
0.695 1.33558e-06 0.00106666 0.0025 0.250001 0.179501 1.795 0.0199999 419 4 1 9.71233e-09 
0.705 -6.57531e-07 -7.20468e-05 0.0025 0.25 0.1795 1.795 0.02 420 5 1 1.75912e-09 
0.715 -8.95123e-08 -4.80431e-05 0.0025 0.25 0.1795 1.795 0.02 421 4 1 1.776e-11 
0.725 1.54998e-08 -4.59325e-07 0.0025 0.25 0.1795 1.795 0.02 422 4 1 -6.36528e-11 
0.735 7.54304e-09 1.64582e-06 0.0025 0.25 0.1795 1.795 0.02 423 3 1 -5.10175e-12 
0.745 1.41877e-09 4.92921e-07 0.0025 0.25 0.1795 1.795 0.02 424 4 1 1.38692e-12 
0.755 7.67186e-11 6.39361e-08 0.0025 0.25 0.1795 1.795 0.02 425 4 1 5.8261e-13 
0.765 -3.32752e-11 -4.52295e-09 0.0025 0.25 0.1795 1.795 0.02 426 5 1 9.80585e-14 
0.775 -4.50072e-12 -2.4379e-09 0.0025 0.25 0.1795 1.795 0.02 427 4 1 1.33475e-15 
0.785 5.30807e-13 -3.10791e-11 0.0025 0.25 0.1795 1.795 0.02 428 4 1 -2.90736e-15 
0.795 2.6405e-13 6.72458e-11 0.0025 0.25 0.1795 1.795 0.02 429 3 1 -2.41762e-16 
0.805 3.98456e-14 1.86304e-11 0.0025 0.25 0.1795 1.795 0.02 430 4 1 4.67182e-17 
0.815 -4.11456e-16 7.67386e-13 0.0025 0.25 0.1795 1.795 0.02 431 5 1 1.79412e-17 
0.825 -5.06677e-16 -1.98952e-13 0.0025 0.25 0.1795 1.795 0.02 432 5 1 1.77001e-33 
0.835 -9.74251e-47 -3.64338e-44 0.0025 0.25 0.1795 1.795 0.02 433 5 1 -1.42109e-18 
0.845 -8.34203e-49 -2.8026e-45 0.0025 0.25 0.1795 1.795 0.02 434 5 1 -1.42109e-18 
0.855 0 0 0.0025 0.25 0.1795 1.795 0.02 435 5 1 -1.42109e-18 
0.865 0 0 0.0025 0.25 0.1795 1.795 0.02 436 5 1 -1.42109e-18 
0.875 0 0 0.0025 0.25 0.1795 1.795 0.02 437 5 1 -1.42109e-18 
0.885 0 0 0.0025 0.25 0.1795 1.795 0.02 438 5 1 -1.42109e-18 
0.895 -5.83185e-48 -2.8026e-45 0.0025 0.25 0.1795 1.795 0.02 439 5 1 -1.42109e-18 
0.905 -2.1119e-17 -1.42109e-14 0.0025 0.25 0.1795 1.795 0.02 440 5 1 -1.42109e-18 
0.915 -1.26219e-16 -2.8026e-45 0.0025 0.25 0.1795 1.795 0.02 441 5 1 -1.42109e-18 
0.925 -2.72816e-16 -1.42109e-14 0.0025 0.25 0.1795 1.795 0.02 442 5 1 -1.42109e-18 
0.935 -6.87939e-16 -5.68434e-14 0.0025 0.25 0.1795 1.795 0.02 443 5 1 -1.06581e-18 
0.945 -1.97109e-15 -8.52651e-14 0.0025 0.25 0.1795 1.795 0.02 444 5 1 -1.77636e-18 
0.955 -5.98671e-15 -1.7053e-13 0.0025 0.25 0.1795 1.795 0.02 445 5 1 3.55271e-18 
0.965 -3.24624e-15 3.41061e-13 0.0025 0.25 0.1795 1.795 0.02 446 5 1 -2.36255e-17 
0.975 -8.79948e-15 3.55271e-13 0.0025 0.25 0.1795 1.795 0.02 447 5 1 2.77112e-17 
0.985 8.25715e-15 -1.98952e-13 0.0025 0.25 0.1795 1.795 0.02 448 5 1 -2.8777e-17 
0.995 2.59923e-16 -8.52651e-14 0.0025 0.25 0.1795 1.795 0.02 449 4 1 1.63425e-17 
1.005 -1.33011e-16 5.68434e-14 0.0025 0.25 0.1795 1.795 0.02 450 4 1 1.61648e-17 
1.015 -8.11478e-15 1.98952e-13 0.0025 0.25 0.1795 1.795 0.02 451 5 1 -2.8777e-17 
1.025 8.70313e-15 -3.41061e-13 0.0025 0.25 0.1795 1.795 0.02 452 5 1 2.78888e-17 
1.035 3.21232e-15 -3.41061e-13 0.0025 0.25 0.1795 1.795 0.02 453 5 1 -2.2915e-17 
1.045 5.88172e-15 1.84741e-13 0.0025 0.25 0.1795 1.795 0.02 454 5 1 3.01981e-18 
1.055 1.98766e-15 8.52651e-14 0.0025 0.25 0.1795 1.795 0.02 455 5 1 -1.42109e-18 
1.065 6.92e-16 4.26326e-14 0.0025 0.25 0.1795 1.795 0.02 456 5 1 -1.42109e-18 
1.075 2.72783e-16 1.42109e-14 0.0025 0.25 0.1795 1.795 0.02 457 5 1 -1.42109e-18 
1.085 1.3044e-16 1.42109e-14 0.0025 0.25 0.1795 1.795 0.02 458 5 1 -1.42109e-18 
1.095 2.53259e-17 2.8026e-45 0.0025 0.25 0.1795 1.795 0.02 459 5 1 -1.42109e-18 
1.105 7.49405e-48 2.8026e-45 0.0025 0.25 0.1795 1.795 0.02 460 5 1 -1.42109e-18 
1.115 0 0 0.0025 0.25 0.1795 1.795 0.02 461 5 1 -1.42109e-18 
1.125 0 0 0.0025 0.25 0.1795 1.795 0.02 462 5 1 -1.42109e-18 
1.135 0 0 0.0025 0.25 0.1795 1.795 0.02 463 5 1 -1.42109e-18 
1.145 0 0 0.0025 0.25 0.1795 1.795 0.02 464 5 1 -1.42109e-18 
1.155 0 0 0.0025 0.25 0.1795 1.795 0.02 465 5 1 -1.42109e-18 
1.165 9.07714e-47 3.64338e-44 0.0025 0.25 0.1795 1.795 0.02 466 5 1 -1.42109e-18 
1.175 4.26531e-16 1.84741e-13 0.0025 0.25 0.1795 1.795 0.02 467 5 1 -5.32907e-19 
1.185 -1.24207e-16 -4.68958e-13 0.0025 0.25 0.1795 1.795 0.02 468 5 1 1.79412e-17 
1.195 -2.90027e-14 -1.78346e-11 0.0025 0.25 0.1795 1.795 0.02 469 4 1 4.92051e-17 
1.205 -2.65289e-13 -6.49436e-11 0.0025 0.25 0.1795 1.795 0.02 470 3 1 -2.4567e-16 
1.215 -5.50824e-13 2.06057e-11 0.0025 0.25 0.1795 1.795 0.02 471 4 1 -2.90239e-15 
1.225 4.52577e-12 2.44941e-09 0.0025 0.25 0.1795 1.795 0.02 472 4 1 1.31699e-15 
1.235 3.32696e-11 4.5161e-09 0.0025 0.25 0.1795 1.795 0.02 473 5 1 9.80982e-14 
1.245 -7.67176e-11 -6.39314e-08 0.0025 0.25 0.1795 1.795 0.02 474 4 1 5.8262e-13 
1.255 -1.41878e-09 -4.92931e-07 0.0025 0.25 0.1795 1.795 0.02 475 4 1 1.38685e-12 
1.265 -7.54305e-09 -1.64581e-06 0.0025 0.25 0.1795 1.795 0.02 476 3 1 -5.10178e-12 
1.275 -1.54999e-08 4.59324e-07 0.0025 0.25 0.1795 1.795 0.02 477 4 1 -6.36527e-11 
1.285 8.95123e-08 4.80431e-05 0.0025 0.25 0.1795 1.795 0.02 478 4 1 1.776e-11 
1.295 6.57531e-07 7.20468e-05 0.0025 0.25 0.1795 1.795 0.02 479 5 1 1.75912e-09 
1.305 -1.33558e-06 -0.00106666 0.0025 0.250001 0.179501 1.795 0.0199999 480 4 1 9.71233e-09 
1.315 -2.30732e-05 -0.00721655 0.0025 0.250006 0.179506 1.79502 0.0199996 481 4 1 2.38374e-08 
1.325 -0.000116101 -0.0231786 0.0025 0.25002 0.179519 1.79506 0.0199984 482 3 1 -4.14092e-08 
1.335 -0.000259115 -0.00672937 0.0025 0.250016 0.179502 1.79505 0.0199987 483 4 1 -7.26153e-07 
1.345 0.000728178 0.471383 0.0025 0.249708 0.179201 1.79416 0.0200234 484 4 1 -3.35532e-07 
1.35502 0.00732215 0.976184 0.0025 0.249285 0.179019 1.79293 0.0200573 485 5 1 1.73489e-05 
1.36506 -0.00606516 -7.04369 0.0025 0.253718 0.184298 1.80647 0.019707 486 4 1 0.000127776 
1.37474 -0.109797 -25.0303 0.0025 0.274642 0.207731 1.87355 0.0182055 487 4 1 0.000275298 
1.38337 -0.314241 -32.2615 0.0025 0.317884 0.257012 2.00762 0.015729 488 4 1 0.000197633 
1.39064 -0.493633 -19.1534 0.0025 0.368732 0.31707 2.14917 0.01356 489 4 1 5.31608e-05 
1.397 -0.583775 -8.92655 0.0025 0.40742 0.365261 2.2453 0.0122723 490 4 1 1.47753e-06 
1.40293 -0.631695 -5.07804 0.0025 0.431005 0.396005 2.30002 0.0116008 491 4 1 -9.91827e-06 
1.40861 -0.655747 -2.11393 0.0025 0.444181 0.413701 2.33063 0.0112567 492 4 1 -1.03031e-05 
1.41418 -0.666179 -0.946659 0.0025 0.450188 0.422355 2.34646 0.0111065 493 4 1 -5.27103e-06 
1.41972 -0.670736 -0.356077 0.0025 0.452419 0.426245 2.35569 0.0110517 494 4 1 -1.73358e-06 
1.42524 -0.672548 -0.128999 0.0025 0.452491 0.427762 2.36286 0.01105 495 3 1 2.5726e-06 
1.43077 -0.673311 -0.039525 0.0025 0.451737 0.428681 2.37314 0.0110684 496 4 1 -3.58976e-06 
1.43631 -0.673685 -0.005214 0.0025 0.446452 0.426509 2.37904 0.0111994 497 5 1 5.34968e-05 
1.44197 -0.673929 0.0120608 0.0025 0.453768 0.432205 2.44299 0.0110188 498 4 1 -0.000240462 
1.44733 -0.674124 0.023268 0.0025 0.482195 0.423751 2.1544 0.0103692 499 4 1 0.000265809 
