# Time [s]: 0.0795396
# Columns: pos [m], vel [m/s], acc [m/s^2], mass [kg], dens [kg/m^3], pres [Pa], ene [J/kg], sml [m], id, neighbor, alpha, gradh, ...additional?
1.44874 -0.674157 0.0254938 0.0025 0.510449 0.432014 2.15149 0.0097953 0 4 1 -0.000134312 
1.45352 -0.67431 0.031202 0.0025 0.536214 0.42542 1.94904 0.00932463 1 4 1 0.00017911 
1.45807 -0.674468 0.0344392 0.0025 0.547456 0.429998 1.96738 0.00913316 2 3 1 -1.90718e-05 
1.46266 -0.674637 0.0355316 0.0025 0.54511 0.428245 1.9634 0.00917246 3 5 1 3.49719e-06 
1.46724 -0.674815 0.0385787 0.0025 0.545416 0.428299 1.96321 0.00916731 4 3 1 -1.58806e-07 
1.47183 -0.675014 0.0468025 0.0025 0.545319 0.42815 1.96282 0.00916895 5 4 1 1.0885e-07 
1.47641 -0.675256 0.0589815 0.0025 0.545204 0.427997 1.96256 0.00917088 6 4 1 -4.52218e-08 
1.481 -0.675577 0.0742153 0.0025 0.545045 0.427804 1.96225 0.00917356 7 4 1 -3.39388e-08 
1.48558 -0.675983 0.0943443 0.0025 0.54485 0.427575 1.9619 0.00917684 8 4 1 -3.25326e-08 
1.49017 -0.676457 0.115964 0.0025 0.544622 0.427312 1.9615 0.00918068 9 4 1 3.22009e-08 
1.49476 -0.67693 0.102978 0.0025 0.544411 0.427065 1.96114 0.00918424 10 4 1 -4.22091e-08 
1.49936 -0.677282 0.157292 0.0025 0.544173 0.426811 1.96074 0.00918826 11 5 1 4.60126e-07 
-0.496047 -0.678044 -0.159981 0.0025 0.544311 0.426977 1.96088 0.00918593 12 4 1 1.18954e-06 
-0.491456 -0.675089 -0.729966 0.0025 0.545354 0.428073 1.96234 0.00916836 13 4 1 1.04097e-07 
-0.486879 -0.67358 0.0613303 0.0025 0.546484 0.429358 1.96392 0.00914941 14 4 1 1.76335e-06 
-0.482307 -0.671237 -1.36424 0.0025 0.548836 0.432113 1.96723 0.00911019 15 4 1 8.57311e-06 
-0.477768 -0.658201 -4.61339 0.0025 0.555922 0.439993 1.97733 0.00899407 16 4 1 1.42968e-05 
-0.473312 -0.633182 -7.14286 0.0025 0.568534 0.453936 1.99517 0.00879454 17 4 1 1.4215e-05 
-0.468972 -0.602434 -7.88315 0.0025 0.584349 0.47157 2.01719 0.00855653 18 4 1 1.01412e-05 
-0.464754 -0.572669 -7.16578 0.0025 0.600486 0.489823 2.03926 0.00832659 19 4 1 7.36275e-06 
-0.460644 -0.546487 -6.59032 0.0025 0.615709 0.507321 2.05973 0.00812072 20 4 1 8.39288e-06 
-0.456632 -0.520994 -7.06288 0.0025 0.630894 0.524989 2.07986 0.00792526 21 4 1 1.14025e-05 
-0.452717 -0.493284 -8.22912 0.0025 0.647472 0.54444 2.10153 0.00772235 22 4 1 1.41212e-05 
-0.448908 -0.462141 -9.48981 0.0025 0.666135 0.566534 2.12555 0.00750598 23 4 1 1.54539e-05 
-0.445209 -0.428613 -10.4132 0.0025 0.686694 0.591133 2.15155 0.00728127 24 4 1 1.55738e-05 
-0.441624 -0.393774 -11.0068 0.0025 0.708547 0.617602 2.17866 0.0070567 25 4 1 1.50159e-05 
-0.438151 -0.358901 -11.3286 0.0025 0.731114 0.645283 2.20614 0.00683888 26 4 1 1.41279e-05 
-0.434784 -0.324412 -11.479 0.0025 0.753949 0.673649 2.23343 0.00663175 27 4 1 1.32799e-05 
-0.431517 -0.290889 -11.5899 0.0025 0.776813 0.7024 2.26026 0.00643656 28 4 1 1.23639e-05 
-0.428345 -0.258306 -11.582 0.0025 0.799541 0.73132 2.28646 0.00625359 29 4 1 1.15477e-05 
-0.425262 -0.22682 -11.6 0.0025 0.822048 0.760286 2.31197 0.00608237 30 4 1 1.0741e-05 
-0.422262 -0.196465 -11.5162 0.0025 0.844284 0.789221 2.33676 0.00592218 31 4 1 1.02938e-05 
-0.419339 -0.166911 -11.7146 0.0025 0.866329 0.818217 2.36096 0.00577148 32 4 1 9.83079e-06 
-0.416489 -0.137904 -11.7835 0.0025 0.888227 0.847271 2.38466 0.00562919 33 4 1 7.58518e-06 
-0.413709 -0.110695 -10.5446 0.0025 0.90917 0.875319 2.40695 0.00549952 34 4 1 6.33321e-06 
-0.410989 -0.086773 -10.1125 0.0025 0.92898 0.902253 2.42769 0.00538225 35 4 1 1.1244e-05 
-0.408326 -0.0602553 -14.0216 0.0025 0.950568 0.931822 2.45019 0.00526001 36 4 1 1.13572e-05 
-0.405728 -0.0284433 -13.8517 0.0025 0.973736 0.963357 2.47413 0.00513486 37 4 1 -4.34138e-06 
-0.40319 -0.00908006 -3.10701 0.0025 0.989689 0.985355 2.49001 0.00505209 38 4 1 -4.64565e-06 
-0.400676 -0.00415033 -3.74052 0.0025 0.999048 0.999087 2.49903 0.00500477 39 4 1 1.47015e-05 
-0.398185 0.0175953 -16.9531 0.0025 1.01626 1.0233 2.51656 0.00492001 40 4 1 9.58015e-06 
-0.395755 0.0490066 -11.3307 0.0025 1.03733 1.05229 2.53759 0.00482005 41 4 1 -1.21721e-05 
-0.393365 0.056921 0.616943 0.0025 1.0455 1.06382 2.54534 0.00478242 42 3 1 -9.9394e-06 
-0.390973 0.0515296 3.88295 0.0025 1.04144 1.05844 2.54123 0.00480103 43 4 1 -3.01189e-06 
-0.388564 0.041889 5.23986 0.0025 1.03335 1.04706 2.53322 0.00483861 44 4 1 4.08997e-07 
-0.386134 0.0310896 5.3999 0.0025 1.02448 1.03453 2.5244 0.00488054 45 4 1 2.07836e-06 
-0.383683 0.02105 4.7353 0.0025 1.01643 1.02319 2.51638 0.00491917 46 4 1 2.62693e-06 
-0.381215 0.0129596 3.61593 0.0025 1.01007 1.01422 2.51003 0.00495014 47 4 1 2.40424e-06 
-0.378733 0.00723224 2.43036 0.0025 1.00562 1.00795 2.50559 0.00497205 48 4 1 1.81184e-06 
-0.376243 0.00364138 1.4493 0.0025 1.00284 1.00403 2.50282 0.00498583 49 4 1 1.18689e-06 
-0.373747 0.00163759 0.768993 0.0025 1.00129 1.00184 2.50127 0.00499356 50 4 1 6.95128e-07 
-0.371249 0.000643586 0.360928 0.0025 1.00052 1.00074 2.50051 0.00499742 51 4 1 3.67367e-07 
-0.36875 0.000210619 0.146608 0.0025 1.00017 1.00025 2.50017 0.00499913 52 4 1 1.73858e-07 
-0.36625 5.05399e-05 0.0487881 0.0025 1.00005 1.00007 2.50004 0.00499977 53 4 1 7.16181e-08 
-0.36375 4.53772e-06 0.0113478 0.0025 1.00001 1.00001 2.50001 0.00499997 54 4 1 2.50174e-08 
-0.36125 -2.0126e-06 -0.00132653 0.0025 1 1 2.5 0.005 55 5 1 5.64371e-09 
-0.35875 1.04156e-06 -0.00106406 0.0025 1 1 2.5 0.005 56 4 1 -9.00009e-10 
-0.35625 1.3945e-06 0.000147474 0.0025 1 1 2.5 0.005 57 3 1 -5.68017e-10 
-0.35375 8.48979e-07 0.000316225 0.0025 1 1 2.5 0.005 58 4 1 4.11894e-11 
-0.35125 3.65113e-07 0.000205095 0.0025 1 1 2.5 0.005 59 4 1 1.38116e-10 
-0.34875 1.12726e-07 9.08904e-05 0.0025 1 1 2.5 0.005 60 4 1 9.52602e-11 
-0.34625 1.95201e-08 2.73659e-05 0.0025 1 1 2.5 0.005 61 4 1 4.30113e-11 
-0.34375 -2.39981e-09 3.40416e-06 0.0025 1 1 2.5 0.005 62 4 1 1.33333e-11 
-0.34125 -8.02657e-10 -2.37806e-06 0.0025 1 1 2.5 0.005 63 5 1 1.04914e-12 
-0.33875 9.58623e-10 -1.75669e-07 0.0025 1 1 2.5 0.005 64 3 1 -1.1174e-12 
-0.33625 7.01982e-10 2.57864e-07 0.0025 1 1 2.5 0.005 65 4 1 -1.05146e-13 
-0.33375 2.88384e-10 1.86516e-07 0.0025 1 1 2.5 0.005 66 4 1 1.09167e-13 
-0.33125 7.37466e-11 7.50131e-08 0.0025 1 1 2.5 0.005 67 4 1 8.36444e-14 
-0.32875 5.33651e-12 1.79319e-08 0.0025 1 1 2.5 0.005 68 4 1 3.47097e-14 
-0.32625 -3.95328e-12 -2.16437e-09 0.0025 1 1 2.5 0.005 69 5 1 7.6394e-15 
-0.32375 2.2564e-13 -1.43979e-09 0.0025 1 1 2.5 0.005 70 4 1 -1.28715e-15 
-0.32125 8.23377e-13 1.62004e-10 0.0025 1 1 2.5 0.005 71 3 1 -6.12133e-16 
-0.31875 4.14852e-13 2.34081e-10 0.0025 1 1 2.5 0.005 72 4 1 5.68434e-17 
-0.31625 1.16611e-13 1.18234e-10 0.0025 1 1 2.5 0.005 73 4 1 9.5568e-17 
-0.31375 5.97902e-15 2.77964e-11 0.0025 1 1 2.5 0.005 74 4 1 5.68434e-17 
-0.31125 -3.33601e-15 -4.37694e-12 0.0025 1 1 2.5 0.005 75 5 1 7.4607e-18 
-0.30875 -1.01638e-16 -5.68434e-13 0.0025 1 1 2.5 0.005 76 5 1 -3.19744e-18 
-0.30625 5.07977e-17 5.68434e-14 0.0025 1 1 2.5 0.005 77 5 1 -1.42109e-18 
-0.30375 2.00362e-47 2.24208e-44 0.0025 1 1 2.5 0.005 78 5 1 -1.42109e-18 
-0.30125 0 0 0.0025 1 1 2.5 0.005 79 5 1 -1.42109e-18 
-0.29875 0 0 0.0025 1 1 2.5 0.005 80 5 1 -1.42109e-18 
-0.29625 0 0 0.0025 1 1 2.5 0.005 81 5 1 -1.42109e-18 
-0.29375 0 0 0.0025 1 1 2.5 0.005 82 5 1 -1.42109e-18 
-0.29125 0 0 0.0025 1 1 2.5 0.005 83 5 1 -1.42109e-18 
-0.28875 0 0 0.0025 1 1 2.5 0.005 84 5 1 -1.42109e-18 
-0.28625 0 0 0.0025 1 1 2.5 0.005 85 5 1 -1.42109e-18 
-0.28375 0 0 0.0025 1 1 2.5 0.005 86 5 1 -1.42109e-18 
-0.28125 0 0 0.0025 1 1 2.5 0.005 87 5 1 -1.42109e-18 
-0.27875 0 0 0.0025 1 1 2.5 0.005 88 5 1 -1.42109e-18 
-0.27625 0 0 0.0025 1 1 2.5 0.005 89 5 1 -1.42109e-18 
-0.27375 0 0 0.0025 1 1 2.5 0.005 90 5 1 -1.42109e-18 
-0.27125 0 0 0.0025 1 1 2.5 0.005 91 5 1 -1.42109e-18 
-0.26875 0 0 0.0025 1 1 2.5 0.005 92 5 1 -1.42109e-18 
-0.26625 0 0 0.0025 1 1 2.5 0.005 93 5 1 -1.42109e-18 
-0.26375 0 0 0.0025 1 1 2.5 0.005 94 5 1 -1.42109e-18 
-0.26125 0 0 0.0025 1 1 2.5 0.005 95 5 1 -1.42109e-18 
-0.25875 0 0 0.0025 1 1 2.5 0.005 96 5 1 -1.42109e-18 
-0.25625 0 0 0.0025 1 1 2.5 0.005 97 5 1 -1.42109e-18 
-0.25375 0 0 0.0025 1 1 2.5 0.005 98 5 1 -1.42109e-18 
-0.25125 0 0 0.0025 1 1 2.5 0.005 99 5 1 -1.42109e-18 
-0.24875 0 0 0.0025 1 1 2.5 0.005 100 5 1 -1.42109e-18 
-0.24625 0 0 0.0025 1 1 2.5 0.005 101 5 1 -1.42109e-18 
-0.24375 0 0 0.0025 1 1 2.5 0.005 102 5 1 -1.42109e-18 
-0.24125 0 0 0.0025 1 1 2.5 0.005 103 5 1 -1.42109e-18 
-0.23875 0 0 0.0025 1 1 2.5 0.005 104 5 1 -1.42109e-18 
-0.23625 0 0 0.0025 1 1 2.5 0.005 105 5 1 -1.42109e-18 
-0.23375 0 0 0.0025 1 1 2.5 0.005 106 5 1 -1.42109e-18 
-0.23125 0 0 0.0025 1 1 2.5 0.005 107 5 1 -1.42109e-18 
-0.22875 0 0 0.0025 1 1 2.5 0.005 108 5 1 -1.42109e-18 
-0.22625 0 0 0.0025 1 1 2.5 0.005 109 5 1 -1.42109e-18 
-0.22375 0 0 0.0025 1 1 2.5 0.005 110 5 1 -1.42109e-18 
-0.22125 0 0 0.0025 1 1 2.5 0.005 111 5 1 -1.42109e-18 
-0.21875 0 0 0.0025 1 1 2.5 0.005 112 5 1 -1.42109e-18 
-0.21625 0 0 0.0025 1 1 2.5 0.005 113 5 1 -1.42109e-18 
-0.21375 0 0 0.0025 1 1 2.5 0.005 114 5 1 -1.42109e-18 
-0.21125 0 0 0.0025 1 1 2.5 0.005 115 5 1 -1.42109e-18 
-0.20875 0 0 0.0025 1 1 2.5 0.005 116 5 1 -1.42109e-18 
-0.20625 0 0 0.0025 1 1 2.5 0.005 117 5 1 -1.42109e-18 
-0.20375 0 0 0.0025 1 1 2.5 0.005 118 5 1 -1.42109e-18 
-0.20125 0 0 0.0025 1 1 2.5 0.005 119 5 1 -1.42109e-18 
-0.19875 0 0 0.0025 1 1 2.5 0.005 120 5 1 -1.42109e-18 
-0.19625 0 0 0.0025 1 1 2.5 0.005 121 5 1 -1.42109e-18 
-0.19375 0 0 0.0025 1 1 2.5 0.005 122 5 1 -1.42109e-18 
-0.19125 0 0 0.0025 1 1 2.5 0.005 123 5 1 -1.42109e-18 
-0.18875 0 0 0.0025 1 1 2.5 0.005 124 5 1 -1.42109e-18 
-0.18625 0 0 0.0025 1 1 2.5 0.005 125 5 1 -1.42109e-18 
-0.18375 0 0 0.0025 1 1 2.5 0.005 126 5 1 -1.42109e-18 
-0.18125 0 0 0.0025 1 1 2.5 0.005 127 5 1 -1.42109e-18 
-0.17875 0 0 0.0025 1 1 2.5 0.005 128 5 1 -1.42109e-18 
-0.17625 0 0 0.0025 1 1 2.5 0.005 129 5 1 -1.42109e-18 
-0.17375 0 0 0.0025 1 1 2.5 0.005 130 5 1 -1.42109e-18 
-0.17125 0 0 0.0025 1 1 2.5 0.005 131 5 1 -1.42109e-18 
-0.16875 0 0 0.0025 1 1 2.5 0.005 132 5 1 -1.42109e-18 
-0.16625 0 0 0.0025 1 1 2.5 0.005 133 5 1 -1.42109e-18 
-0.16375 0 0 0.0025 1 1 2.5 0.005 134 5 1 -1.42109e-18 
-0.16125 0 0 0.0025 1 1 2.5 0.005 135 5 1 -1.42109e-18 
-0.15875 0 0 0.0025 1 1 2.5 0.005 136 5 1 -1.42109e-18 
-0.15625 0 0 0.0025 1 1 2.5 0.005 137 5 1 -1.42109e-18 
-0.15375 0 0 0.0025 1 1 2.5 0.005 138 5 1 -1.42109e-18 
-0.15125 0 0 0.0025 1 1 2.5 0.005 139 5 1 -1.42109e-18 
-0.14875 0 0 0.0025 1 1 2.5 0.005 140 5 1 -1.42109e-18 
-0.14625 0 0 0.0025 1 1 2.5 0.005 141 5 1 -1.42109e-18 
-0.14375 0 0 0.0025 1 1 2.5 0.005 142 5 1 -1.42109e-18 
-0.14125 0 0 0.0025 1 1 2.5 0.005 143 5 1 -1.42109e-18 
-0.13875 0 0 0.0025 1 1 2.5 0.005 144 5 1 -1.42109e-18 
-0.13625 0 0 0.0025 1 1 2.5 0.005 145 5 1 -1.42109e-18 
-0.13375 0 0 0.0025 1 1 2.5 0.005 146 5 1 -1.42109e-18 
-0.13125 0 0 0.0025 1 1 2.5 0.005 147 5 1 -1.42109e-18 
-0.12875 0 0 0.0025 1 1 2.5 0.005 148 5 1 -1.42109e-18 
-0.12625 0 0 0.0025 1 1 2.5 0.005 149 5 1 -1.42109e-18 
-0.12375 0 0 0.0025 1 1 2.5 0.005 150 5 1 -1.42109e-18 
-0.12125 0 0 0.0025 1 1 2.5 0.005 151 5 1 -1.42109e-18 
-0.11875 0 0 0.0025 1 1 2.5 0.005 152 5 1 -1.42109e-18 
-0.11625 0 0 0.0025 1 1 2.5 0.005 153 5 1 -1.42109e-18 
-0.11375 0 0 0.0025 1 1 2.5 0.005 154 5 1 -1.42109e-18 
-0.11125 0 0 0.0025 1 1 2.5 0.005 155 5 1 -1.42109e-18 
-0.10875 0 0 0.0025 1 1 2.5 0.005 156 5 1 -1.42109e-18 
-0.10625 0 0 0.0025 1 1 2.5 0.005 157 5 1 -1.42109e-18 
-0.10375 0 0 0.0025 1 1 2.5 0.005 158 5 1 -1.42109e-18 
-0.10125 0 0 0.0025 1 1 2.5 0.005 159 5 1 -1.42109e-18 
-0.09875 0 0 0.0025 1 1 2.5 0.005 160 5 1 -1.42109e-18 
-0.09625 0 0 0.0025 1 1 2.5 0.005 161 5 1 -1.42109e-18 
-0.09375 0 0 0.0025 1 1 2.5 0.005 162 5 1 -1.42109e-18 
-0.09125 0 0 0.0025 1 1 2.5 0.005 163 5 1 -1.42109e-18 
-0.08875 0 0 0.0025 1 1 2.5 0.005 164 5 1 -1.42109e-18 
-0.08625 0 0 0.0025 1 1 2.5 0.005 165 5 1 -1.42109e-18 
-0.08375 0 0 0.0025 1 1 2.5 0.005 166 5 1 -1.42109e-18 
-0.08125 0 0 0.0025 1 1 2.5 0.005 167 5 1 -1.42109e-18 
-0.07875 0 0 0.0025 1 1 2.5 0.005 168 5 1 -1.42109e-18 
-0.07625 0 0 0.0025 1 1 2.5 0.005 169 5 1 -1.42109e-18 
-0.07375 0 0 0.0025 1 1 2.5 0.005 170 5 1 -1.42109e-18 
-0.07125 -5.00933e-47 -3.36312e-44 0.0025 1 1 2.5 0.005 171 5 1 -1.42109e-18 
-0.06875 -6.774e-17 -3.36312e-44 0.0025 1 1 2.5 0.005 172 5 1 -1.42109e-18 
-0.06625 -2.0224e-16 3.36312e-44 0.0025 1 1 2.5 0.005 173 5 1 -1.42109e-18 
-0.06375 -3.36802e-16 0 0.0025 1 1 2.5 0.005 174 5 1 -1.42109e-18 
-0.06125 -4.36251e-16 -1.13687e-13 0.0025 1 1 2.5 0.005 175 5 1 -1.42109e-18 
-0.05875 -5.68599e-16 1.13687e-13 0.0025 1 1 2.5 0.005 176 5 1 -1.42109e-18 
-0.05625 -7.00729e-16 -1.13687e-13 0.0025 1 1 2.5 0.005 177 5 1 -1.42109e-18 
-0.05375 -9.66613e-16 1.13687e-13 0.0025 1 1 2.5 0.005 178 5 1 -1.42109e-18 
-0.05125 -1.19579e-15 0 0.0025 1 1 2.5 0.005 179 5 1 -1.42109e-18 
-0.04875 -1.42386e-15 -1.13687e-13 0.0025 1 1 2.5 0.005 180 5 1 -1.42109e-18 
-0.04625 -1.68422e-15 1.13687e-13 0.0025 1 1 2.5 0.005 181 5 1 -1.42109e-18 
-0.04375 -1.93623e-15 -1.13687e-13 0.0025 1 1 2.5 0.005 182 5 1 -1.42109e-18 
-0.04125 -2.04889e-15 1.13687e-13 0.0025 1 1 2.5 0.005 183 5 1 -1.77636e-18 
-0.03875 -2.5747e-15 5.68434e-14 0.0025 1 1 2.5 0.005 184 5 1 -1.06581e-18 
-0.03625 -1.09504e-16 -3.86542e-27 0.0025 1 1 2.5 0.005 185 5 1 -2.84217e-18 
-0.03375 -6.96297e-16 -1.7053e-13 0.0025 1 1 2.5 0.005 186 4 1 -9.59233e-18 
-0.03125 -2.33165e-15 5.68434e-14 0.0025 1 1 2.5 0.005 187 3 1 2.45137e-17 
-0.02875 8.99673e-16 -1.13687e-13 0.0025 1 1 2.5 0.005 188 4 1 -1.13687e-17 
-0.02625 -2.44013e-15 -2.27374e-13 0.0025 1 1 2.5 0.005 189 5 1 -5.68434e-18 
-0.02375 3.66198e-16 2.84217e-13 0.0025 1 1 2.5 0.005 190 4 1 4.61853e-18 
-0.02125 -2.38565e-15 1.13399e-27 0.0025 1 1 2.5 0.005 191 5 1 -1.06581e-18 
-0.01875 -2.14324e-15 -6.25278e-13 0.0025 1 1 2.5 0.005 192 3 1 -1.77636e-18 
-0.01625 -2.39121e-15 1.81899e-12 0.0025 1 1 2.5 0.005 193 4 1 -7.10543e-19 
-0.01375 -1.65726e-15 -9.66338e-13 0.0025 1 1 2.5 0.005 194 5 1 7.10543e-19 
-0.01125 -1.35267e-15 -5.68434e-14 0.0025 1 1 2.5 0.005 195 3 1 -1.77636e-18 
-0.00875 -1.30719e-15 2.27374e-13 0.0025 1 1 2.5 0.005 196 4 1 3.55271e-19 
-0.00625 -6.65562e-16 3.97904e-13 0.0025 1 1 2.5 0.005 197 4 1 1.10934e-32 
-0.00375 -6.20693e-16 -5.68434e-14 0.0025 1 1 2.5 0.005 198 5 1 1.73334e-32 
-0.00125 3.14892e-17 -3.41061e-13 0.0025 1 1 2.5 0.005 199 4 1 7.10543e-19 
0.00125 8.05971e-16 3.15544e-28 0.0025 1 1 2.5 0.005 200 4 1 1.2326e-33 
0.00375 5.0622e-16 -1.13687e-13 0.0025 1 1 2.5 0.005 201 4 1 1.2326e-33 
0.00625 5.26765e-16 5.68434e-14 0.0025 1 1 2.5 0.005 202 4 1 -1.42109e-18 
0.00875 1.23822e-15 1.13687e-13 0.0025 1 1 2.5 0.005 203 5 1 -1.42109e-18 
0.01125 1.44223e-15 -6.82121e-13 0.0025 1 1 2.5 0.005 204 4 1 1.2326e-33 
0.01375 1.26452e-15 5.68434e-13 0.0025 1 1 2.5 0.005 205 4 1 1.2326e-33 
0.01625 1.55622e-15 1.7053e-13 0.0025 1 1 2.5 0.005 206 4 1 1.97215e-32 
0.01875 1.97547e-15 -1.13687e-13 0.0025 1 1 2.5 0.005 207 5 1 -2.4869e-18 
0.02125 1.25825e-15 -7.38964e-13 0.0025 1 1 2.5 0.005 208 4 1 -2.13163e-18 
0.02375 2.96135e-15 5.11591e-13 0.0025 1 1 2.5 0.005 209 3 1 6.03961e-18 
0.02625 2.05821e-15 2.27374e-13 0.0025 1 1 2.5 0.005 210 5 1 -9.9476e-18 
0.02875 1.43427e-15 1.13687e-13 0.0025 1 1 2.5 0.005 211 4 1 9.23706e-18 
0.03125 1.06025e-15 -5.68434e-14 0.0025 1 1 2.5 0.005 212 4 1 -7.10543e-18 
0.03375 3.01265e-16 5.68434e-14 0.0025 1 1 2.5 0.005 213 5 1 1.06581e-18 
0.03625 -7.98289e-16 -3.9443e-29 0.0025 1 1 2.5 0.005 214 5 1 -2.84217e-18 
0.03875 -1.69382e-15 -1.13687e-13 0.0025 1 1 2.5 0.005 215 5 1 1.06581e-18 
0.04125 -1.91935e-16 -1.00893e-43 0.0025 1 1 2.5 0.005 216 5 1 -6.39488e-18 
0.04375 -6.10579e-16 -5.60519e-44 0.0025 1 1 2.5 0.005 217 5 1 2.13163e-18 
0.04625 -1.71203e-15 1.12104e-43 0.0025 1 1 2.5 0.005 218 5 1 -4.26326e-18 
0.04875 2.26158e-15 -1.13687e-13 0.0025 1 1 2.5 0.005 219 5 1 -7.10543e-19 
0.05125 1.51465e-15 -1.7053e-13 0.0025 1 1 2.5 0.005 220 5 1 -2.84217e-18 
0.05375 1.48433e-16 -1.13687e-13 0.0025 1 1 2.5 0.005 221 5 1 -7.10543e-19 
0.05625 -1.88891e-15 -5.68434e-14 0.0025 1 1 2.5 0.005 222 5 1 -1.06581e-18 
0.05875 3.27308e-15 5.68434e-13 0.0025 1 1 2.5 0.005 223 5 1 -1.03029e-17 
0.06125 -6.89516e-17 6.82121e-13 0.0025 1 1 2.5 0.005 224 3 1 6.39488e-18 
0.06375 6.8418e-16 -6.82121e-13 0.0025 1 1 2.5 0.005 225 3 1 1.03029e-17 
0.06625 -6.21814e-16 -7.95808e-13 0.0025 1 1 2.5 0.005 226 5 1 -1.84741e-17 
0.06875 4.9809e-15 -1.7053e-13 0.0025 1 1 2.5 0.005 227 5 1 8.17124e-18 
0.07125 2.51875e-15 2.84217e-13 0.0025 1 1 2.5 0.005 228 5 1 -9.59233e-18 
0.07375 2.098e-15 3.41061e-13 0.0025 1 1 2.5 0.005 229 5 1 1.77636e-18 
0.07625 3.39202e-16 2.27374e-13 0.0025 1 1 2.5 0.005 230 5 1 -2.13163e-18 
0.07875 -3.20176e-16 5.68434e-14 0.0025 1 1 2.5 0.005 231 5 1 -1.42109e-18 
0.08125 -3.85725e-16 1.7053e-13 0.0025 1 1 2.5 0.005 232 5 1 -3.90799e-18 
0.08375 -7.04264e-16 4.54747e-13 0.0025 1 1 2.5 0.005 233 5 1 1.06581e-18 
0.08625 3.75886e-15 3.36312e-44 0.0025 1 1 2.5 0.005 234 5 1 -2.84217e-18 
0.08875 3.138e-15 5.68434e-14 0.0025 1 1 2.5 0.005 235 5 1 7.10543e-19 
0.09125 2.51148e-15 5.68434e-14 0.0025 1 1 2.5 0.005 236 5 1 -3.90799e-18 
0.09375 2.23592e-15 -1.12104e-44 0.0025 1 1 2.5 0.005 237 5 1 2.46519e-33 
0.09625 1.89478e-15 -5.68434e-14 0.0025 1 1 2.5 0.005 238 5 1 -4.61853e-18 
0.09875 8.67801e-16 -5.68434e-14 0.0025 1 1 2.5 0.005 239 5 1 1.42109e-18 
0.10125 2.57924e-15 -1.79366e-43 0.0025 1 1 2.5 0.005 240 5 1 -6.75016e-18 
0.10375 1.40154e-15 -1.12104e-44 0.0025 1 1 2.5 0.005 241 5 1 5.68434e-18 
0.10625 5.6678e-16 -4.48416e-44 0.0025 1 1 2.5 0.005 242 5 1 -1.03029e-17 
0.10875 -1.37786e-15 2.69049e-43 0.0025 1 1 2.5 0.005 243 5 1 9.9476e-18 
0.11125 3.22325e-16 -1.90577e-43 0.0025 1 1 2.5 0.005 244 5 1 -1.66978e-17 
0.11375 -2.40852e-15 2.46629e-43 0.0025 1 1 2.5 0.005 245 5 1 1.74083e-17 
0.11625 2.27123e-15 1.13687e-13 0.0025 1 1 2.5 0.005 246 5 1 -2.45137e-17 
0.11875 4.40802e-16 3.9443e-29 0.0025 1 1 2.5 0.005 247 5 1 2.41585e-17 
0.12125 2.89448e-16 -1.13687e-13 0.0025 1 1 2.5 0.005 248 5 1 -3.05533e-17 
0.12375 -1.36683e-15 1.13687e-13 0.0025 1 1 2.5 0.005 249 3 1 1.52767e-17 
0.12625 3.34747e-15 5.68434e-14 0.0025 1 1 2.5 0.005 250 3 1 1.42109e-17 
0.12875 6.2695e-16 -5.68434e-14 0.0025 1 1 2.5 0.005 251 5 1 -2.70006e-17 
0.13125 1.26493e-15 -3.9443e-29 0.0025 1 1 2.5 0.005 252 5 1 1.84741e-17 
0.13375 -1.184e-15 5.68434e-14 0.0025 1 1 2.5 0.005 253 5 1 -1.81188e-17 
0.13625 2.5566e-15 5.68434e-14 0.0025 1 1 2.5 0.005 254 5 1 1.10134e-17 
0.13875 7.65172e-16 -1.13687e-13 0.0025 1 1 2.5 0.005 255 5 1 -1.1724e-17 
0.14125 6.84004e-16 1.13687e-13 0.0025 1 1 2.5 0.005 256 5 1 4.9738e-18 
0.14375 -6.37939e-16 3.36312e-44 0.0025 1 1 2.5 0.005 257 5 1 -7.10543e-18 
0.14625 -1.70803e-15 4.48416e-44 0.0025 1 1 2.5 0.005 258 5 1 4.26326e-18 
0.14875 -2.51251e-15 1.23314e-43 0.0025 1 1 2.5 0.005 259 5 1 -7.10543e-18 
0.15125 -1.76086e-15 -6.72623e-44 0.0025 1 1 2.5 0.005 260 5 1 1.42109e-18 
0.15375 -2.45079e-15 6.72623e-44 0.0025 1 1 2.5 0.005 261 5 1 -4.9738e-18 
0.15625 -1.84337e-15 5.68434e-14 0.0025 1 1 2.5 0.005 262 5 1 2.46519e-33 
0.15875 -2.34088e-15 -5.68434e-14 0.0025 1 1 2.5 0.005 263 5 1 -2.84217e-18 
0.16125 -3.13562e-15 5.68434e-14 0.0025 1 1 2.5 0.005 264 5 1 -1.06581e-18 
0.16375 -3.56946e-15 2.84217e-13 0.0025 1 1 2.5 0.005 265 5 1 -2.84217e-18 
0.16625 -4.09113e-17 -5.68434e-13 0.0025 1 1 2.5 0.005 266 5 1 2.84217e-18 
0.16875 -2.74456e-16 -5.68434e-13 0.0025 1 1 2.5 0.005 267 5 1 -6.03961e-18 
0.17125 7.09415e-16 1.13687e-13 0.0025 1 1 2.5 0.005 268 5 1 -1.42109e-18 
0.17375 3.37877e-16 1.12104e-44 0.0025 1 1 2.5 0.005 269 5 1 -1.42109e-18 
0.17625 1.69149e-16 1.13687e-13 0.0025 1 1 2.5 0.005 270 5 1 -1.42109e-18 
0.17875 1.50156e-46 3.36312e-44 0.0025 1 1 2.5 0.005 271 5 1 -1.42109e-18 
0.18125 0 0 0.0025 1 1 2.5 0.005 272 5 1 -1.42109e-18 
0.18375 0 0 0.0025 1 1 2.5 0.005 273 5 1 -1.42109e-18 
0.18625 0 0 0.0025 1 1 2.5 0.005 274 5 1 -1.42109e-18 
0.18875 -1.20138e-46 0 0.0025 1 1 2.5 0.005 275 5 1 -1.42109e-18 
0.19125 -1.35373e-16 -3.36312e-44 0.0025 1 1 2.5 0.005 276 5 1 -1.42109e-18 
0.19375 -2.36575e-16 -1.13687e-13 0.0025 1 1 2.5 0.005 277 5 1 -1.42109e-18 
0.19625 -3.70747e-16 1.13687e-13 0.0025 1 1 2.5 0.005 278 5 1 -1.42109e-18 
0.19875 -6.40423e-16 -1.13687e-13 0.0025 1 1 2.5 0.005 279 5 1 -1.42109e-18 
0.20125 -9.43245e-16 -1.12104e-44 0.0025 1 1 2.5 0.005 280 5 1 -1.77636e-18 
0.20375 -1.54855e-15 2.12997e-43 0.0025 1 1 2.5 0.005 281 5 1 -1.06581e-18 
0.20625 2.46494e-15 6.25278e-13 0.0025 1 1 2.5 0.005 282 5 1 -6.39488e-18 
0.20875 1.30615e-15 4.54747e-13 0.0025 1 1 2.5 0.005 283 5 1 5.68434e-18 
0.21125 2.13799e-15 -1.13687e-13 0.0025 1 1 2.5 0.005 284 5 1 -7.10543e-18 
0.21375 1.5486e-15 -1.13687e-13 0.0025 1 1 2.5 0.005 285 5 1 3.55271e-18 
0.21625 6.56748e-16 -1.13687e-13 0.0025 1 1 2.5 0.005 286 5 1 -7.81597e-18 
0.21875 -1.71762e-15 -5.68434e-14 0.0025 1 1 2.5 0.005 287 5 1 8.52651e-18 
0.22125 -2.44484e-16 -1.90577e-43 0.0025 1 1 2.5 0.005 288 5 1 -1.52767e-17 
0.22375 -1.83611e-15 6.72623e-44 0.0025 1 1 2.5 0.005 289 5 1 1.38556e-17 
0.22625 -1.50084e-15 -5.68434e-14 0.0025 1 1 2.5 0.005 290 5 1 -1.91847e-17 
0.22875 -3.54287e-15 -5.68434e-14 0.0025 1 1 2.5 0.005 291 5 1 1.88294e-17 
0.23125 2.14276e-15 1.13687e-13 0.0025 1 1 2.5 0.005 292 5 1 -2.66454e-17 
0.23375 -6.96892e-16 1.7053e-13 0.0025 1 1 2.5 0.005 293 5 1 2.84217e-17 
0.23625 4.05034e-15 1.7053e-13 0.0025 1 1 2.5 0.005 294 5 1 -3.62377e-17 
0.23875 1.16122e-15 -5.68434e-14 0.0025 1 1 2.5 0.005 295 5 1 3.73035e-17 
0.24125 1.00742e-15 -1.56945e-43 0.0025 1 1 2.5 0.005 296 5 1 -4.61853e-17 
0.24375 -2.66059e-15 -5.68434e-14 0.0025 1 1 2.5 0.005 297 5 1 4.68958e-17 
0.24625 1.7965e-15 6.82121e-13 0.0025 1 1 2.5 0.005 298 5 1 -6.07514e-17 
0.24875 -1.11416e-15 5.11591e-13 0.0025 1 1 2.5 0.005 299 4 1 3.33955e-17 
0.25125 -1.98469e-15 -7.95808e-13 0.0025 1 1 2.5 0.005 300 4 1 3.6593e-17 
0.25375 -5.06631e-15 -1.19371e-12 0.0025 1 1 2.5 0.005 301 5 1 -6.2883e-17 
0.25625 2.80139e-15 1.7053e-13 0.0025 1 1 2.5 0.005 302 5 1 4.51195e-17 
0.25875 -8.35774e-16 3.41061e-13 0.0025 1 1 2.5 0.005 303 5 1 -4.51195e-17 
0.26125 1.55885e-15 -1.68156e-43 0.0025 1 1 2.5 0.005 304 5 1 3.73035e-17 
0.26375 -8.92079e-16 2.46629e-43 0.0025 1 1 2.5 0.005 305 5 1 -3.76588e-17 
0.26625 1.85056e-15 -2.69049e-43 0.0025 1 1 2.5 0.005 306 5 1 2.91323e-17 
0.26875 -1.82509e-15 5.68434e-14 0.0025 1 1 2.5 0.005 307 5 1 -2.62901e-17 
0.27125 2.76118e-15 -5.68434e-14 0.0025 1 1 2.5 0.005 308 5 1 1.88294e-17 
0.27375 6.73946e-16 8.96831e-44 0.0025 1 1 2.5 0.005 309 5 1 -1.88294e-17 
0.27625 7.22958e-16 -1.13687e-13 0.0025 1 1 2.5 0.005 310 5 1 1.38556e-17 
0.27875 -5.02229e-16 -1.13687e-13 0.0025 1 1 2.5 0.005 311 5 1 -1.49214e-17 
0.28125 9.65501e-16 -2.01787e-43 0.0025 1 1 2.5 0.005 312 5 1 8.52651e-18 
0.28375 -4.18461e-16 -3.36312e-44 0.0025 1 1 2.5 0.005 313 5 1 -9.59233e-18 
0.28625 -1.41471e-15 1.13687e-13 0.0025 1 1 2.5 0.005 314 5 1 6.75016e-18 
0.28875 -2.40937e-15 1.13687e-13 0.0025 1 1 2.5 0.005 315 5 1 -9.9476e-18 
0.29125 1.04962e-15 -2.84217e-13 0.0025 1 1 2.5 0.005 316 5 1 6.03961e-18 
0.29375 -5.8492e-16 -4.54747e-13 0.0025 1 1 2.5 0.005 317 5 1 -5.68434e-18 
0.29625 1.21288e-15 -1.79366e-43 0.0025 1 1 2.5 0.005 318 5 1 -1.42109e-18 
0.29875 7.41437e-16 2.27374e-13 0.0025 1 1 2.5 0.005 319 5 1 -1.42109e-18 
0.30125 4.38148e-16 -1.13687e-13 0.0025 1 1 2.5 0.005 320 5 1 -1.42109e-18 
0.30375 2.36095e-16 1.13687e-13 0.0025 1 1 2.5 0.005 321 5 1 -1.42109e-18 
0.30625 -9.68542e-20 -1.13687e-13 0.0025 1 1 2.5 0.005 322 5 1 -1.42109e-18 
0.30875 1.35501e-16 5.68434e-13 0.0025 1 1 2.5 0.005 323 5 1 -3.19744e-18 
0.31125 3.31915e-15 4.43379e-12 0.0025 1 1 2.5 0.005 324 5 1 7.4607e-18 
0.31375 -5.87743e-15 -2.77964e-11 0.0025 1 1 2.5 0.005 325 4 1 5.68434e-17 
0.31625 -1.16594e-13 -1.18177e-10 0.0025 1 1 2.5 0.005 326 4 1 9.5568e-17 
0.31875 -4.14851e-13 -2.34081e-10 0.0025 1 1 2.5 0.005 327 4 1 5.68434e-17 
0.32125 -8.23174e-13 -1.62004e-10 0.0025 1 1 2.5 0.005 328 3 1 -6.12133e-16 
0.32375 -2.25589e-13 1.43984e-09 0.0025 1 1 2.5 0.005 329 4 1 -1.28644e-15 
0.32625 3.95313e-12 2.16443e-09 0.0025 1 1 2.5 0.005 330 5 1 7.63976e-15 
0.32875 -5.33656e-12 -1.79321e-08 0.0025 1 1 2.5 0.005 331 4 1 3.47093e-14 
0.33125 -7.37467e-11 -7.5013e-08 0.0025 1 1 2.5 0.005 332 4 1 8.36444e-14 
0.33375 -2.88384e-10 -1.86516e-07 0.0025 1 1 2.5 0.005 333 4 1 1.09167e-13 
0.33625 -7.01982e-10 -2.57864e-07 0.0025 1 1 2.5 0.005 334 4 1 -1.05146e-13 
0.33875 -9.58623e-10 1.75668e-07 0.0025 1 1 2.5 0.005 335 3 1 -1.1174e-12 
0.34125 8.02657e-10 2.37806e-06 0.0025 1 1 2.5 0.005 336 5 1 1.04914e-12 
0.34375 2.39981e-09 -3.40416e-06 0.0025 1 1 2.5 0.005 337 4 1 1.33333e-11 
0.34625 -1.95201e-08 -2.73659e-05 0.0025 1 1 2.5 0.005 338 4 1 4.30113e-11 
0.34875 -1.12726e-07 -9.08904e-05 0.0025 1 1 2.5 0.005 339 4 1 9.52602e-11 
0.35125 -3.65113e-07 -0.000205095 0.0025 1 1 2.5 0.005 340 4 1 1.38116e-10 
0.35375 -8.48979e-07 -0.000316225 0.0025 1 1 2.5 0.005 341 4 1 4.11894e-11 
0.35625 -1.3945e-06 -0.000147474 0.0025 1 1 2.5 0.005 342 3 1 -5.68017e-10 
0.35875 -1.04156e-06 0.00106406 0.0025 1 1 2.5 0.005 343 4 1 -9.00009e-10 
0.36125 2.0126e-06 0.00132653 0.0025 1 1 2.5 0.005 344 5 1 5.64371e-09 
0.36375 -4.53772e-06 -0.0113478 0.0025 1.00001 1.00001 2.50001 0.00499997 345 4 1 2.50174e-08 
0.36625 -5.05399e-05 -0.0487881 0.0025 1.00005 1.00007 2.50004 0.00499977 346 4 1 7.16181e-08 
0.36875 -0.000210619 -0.146608 0.0025 1.00017 1.00025 2.50017 0.00499913 347 4 1 1.73858e-07 
0.371249 -0.000643586 -0.360928 0.0025 1.00052 1.00074 2.50051 0.00499742 348 4 1 3.67367e-07 
0.373747 -0.00163759 -0.768993 0.0025 1.00129 1.00184 2.50127 0.00499356 349 4 1 6.95128e-07 
0.376243 -0.00364138 -1.4493 0.0025 1.00284 1.00403 2.50282 0.00498583 350 4 1 1.18689e-06 
0.378733 -0.00723224 -2.43036 0.0025 1.00562 1.00795 2.50559 0.00497205 351 4 1 1.81184e-06 
0.381215 -0.0129596 -3.61593 0.0025 1.01007 1.01422 2.51003 0.00495014 352 4 1 2.40424e-06 
0.383683 -0.02105 -4.7353 0.0025 1.01643 1.02319 2.51638 0.00491917 353 4 1 2.62693e-06 
0.386134 -0.0310896 -5.3999 0.0025 1.02448 1.03453 2.5244 0.00488054 354 4 1 2.07836e-06 
0.388564 -0.041889 -5.23986 0.0025 1.03335 1.04706 2.53322 0.00483861 355 4 1 4.08997e-07 
0.390973 -0.0515296 -3.88295 0.0025 1.04144 1.05844 2.54123 0.00480103 356 4 1 -3.01189e-06 
0.393365 -0.056921 -0.616943 0.0025 1.0455 1.06382 2.54534 0.00478242 357 3 1 -9.9394e-06 
0.395755 -0.0490066 11.3307 0.0025 1.03733 1.05229 2.53759 0.00482005 358 4 1 -1.21721e-05 
0.398185 -0.0175953 16.9531 0.0025 1.01626 1.0233 2.51656 0.00492001 359 4 1 9.58015e-06 
0.400676 0.00415033 3.74052 0.0025 0.999048 0.999087 2.49903 0.00500477 360 4 1 1.47015e-05 
0.40319 0.00908006 3.10701 0.0025 0.989689 0.985355 2.49001 0.00505209 361 4 1 -4.64565e-06 
0.405728 0.0284433 13.8517 0.0025 0.973736 0.963357 2.47413 0.00513486 362 4 1 -4.34138e-06 
0.408326 0.0602553 14.0216 0.0025 0.950568 0.931822 2.45019 0.00526001 363 4 1 1.13572e-05 
0.410989 0.086773 10.1125 0.0025 0.92898 0.902253 2.42769 0.00538225 364 4 1 1.1244e-05 
0.413709 0.110695 10.5446 0.0025 0.90917 0.875319 2.40695 0.00549952 365 4 1 6.33321e-06 
0.416489 0.137904 11.7835 0.0025 0.888227 0.847271 2.38466 0.00562919 366 4 1 7.58518e-06 
0.419339 0.166911 11.7146 0.0025 0.866329 0.818217 2.36096 0.00577148 367 4 1 9.83079e-06 
0.422262 0.196465 11.5162 0.0025 0.844284 0.789221 2.33676 0.00592218 368 4 1 1.02938e-05 
0.425262 0.22682 11.6 0.0025 0.822048 0.760286 2.31197 0.00608237 369 4 1 1.0741e-05 
0.428345 0.258306 11.582 0.0025 0.799541 0.73132 2.28646 0.00625359 370 4 1 1.15477e-05 
0.431517 0.290889 11.5899 0.0025 0.776813 0.7024 2.26026 0.00643656 371 4 1 1.23639e-05 
0.434784 0.324412 11.479 0.0025 0.753949 0.673649 2.23343 0.00663175 372 4 1 1.32799e-05 
0.438151 0.358901 11.3286 0.0025 0.731114 0.645283 2.20614 0.00683888 373 4 1 1.41279e-05 
0.441624 0.393774 11.0068 0.0025 0.708547 0.617602 2.17866 0.0070567 374 4 1 1.50159e-05 
0.445209 0.428613 10.4132 0.0025 0.686694 0.591133 2.15155 0.00728127 375 4 1 1.55738e-05 
0.448908 0.462141 9.48981 0.0025 0.666135 0.566534 2.12555 0.00750598 376 4 1 1.54539e-05 
0.452717 0.493284 8.22912 0.0025 0.647472 0.54444 2.10153 0.00772235 377 4 1 1.41212e-05 
0.456632 0.520994 7.06288 0.0025 0.630894 0.524989 2.07986 0.00792526 378 4 1 1.14025e-05 
0.460644 0.546487 6.59032 0.0025 0.615709 0.507321 2.05973 0.00812072 379 4 1 8.39288e-06 
0.464754 0.572669 7.16578 0.0025 0.600486 0.489823 2.03926 0.00832659 380 4 1 7.36275e-06 
0.468972 0.602434 7.88315 0.0025 0.584349 0.47157 2.01719 0.00855653 381 4 1 1.01412e-05 
0.473312 0.633182 7.14286 0.0025 0.568534 0.453936 1.99517 0.00879454 382 4 1 1.4215e-05 
0.477768 0.658201 4.61339 0.0025 0.555922 0.439993 1.97733 0.00899407 383 4 1 1.42968e-05 
0.482307 0.671237 1.36424 0.0025 0.548836 0.432113 1.96723 0.00911019 384 4 1 8.57311e-06 
0.486879 0.67358 -0.0613303 0.0025 0.546484 0.429358 1.96392 0.00914941 385 4 1 1.76335e-06 
0.491456 0.675089 0.729966 0.0025 0.545354 0.428073 1.96234 0.00916836 386 4 1 1.04097e-07 
0.496047 0.678044 0.159981 0.0025 0.544311 0.426977 1.96088 0.00918593 387 4 1 1.18954e-06 
0.500642 0.677282 -0.157292 0.0025 0.544173 0.426811 1.96074 0.00918826 388 5 1 4.60126e-07 
0.505235 0.67693 -0.102978 0.0025 0.544411 0.427065 1.96114 0.00918424 389 4 1 -4.22091e-08 
0.509827 0.676457 -0.115964 0.0025 0.544622 0.427312 1.9615 0.00918068 390 4 1 3.22009e-08 
0.514416 0.675983 -0.0943443 0.0025 0.54485 0.427575 1.9619 0.00917684 391 4 1 -3.25326e-08 
0.519003 0.675577 -0.0742153 0.0025 0.545045 0.427804 1.96225 0.00917356 392 4 1 -3.39388e-08 
0.523589 0.675256 -0.0589815 0.0025 0.545204 0.427997 1.96256 0.00917088 393 4 1 -4.52218e-08 
0.528174 0.675014 -0.0468025 0.0025 0.545319 0.42815 1.96282 0.00916895 394 4 1 1.0885e-07 
0.532758 0.674815 -0.0385787 0.0025 0.545416 0.428299 1.96321 0.00916731 395 3 1 -1.58806e-07 
0.537342 0.674637 -0.0355316 0.0025 0.54511 0.428245 1.9634 0.00917246 396 5 1 3.49719e-06 
0.541931 0.674468 -0.0344392 0.0025 0.547456 0.429998 1.96738 0.00913316 397 3 1 -1.90718e-05 
0.546475 0.67431 -0.031202 0.0025 0.536214 0.42542 1.94904 0.00932463 398 4 1 0.00017911 
0.551262 0.674157 -0.0254938 0.0025 0.510449 0.432014 2.15149 0.0097953 399 4 1 -0.000134312 
0.556277 0.67401 -0.0194863 0.0025 0.482279 0.423854 2.15455 0.0103674 400 4 1 0.000265853 
0.561643 0.673861 -0.0131396 0.0025 0.453851 0.432317 2.44316 0.0110168 401 4 1 -0.000240445 
0.567304 0.673687 -0.00339893 0.0025 0.44656 0.426657 2.37927 0.0111967 402 5 1 5.36291e-05 
0.572841 0.673451 0.0156771 0.0025 0.451927 0.428942 2.37353 0.0110637 403 4 1 -3.30108e-06 
0.578368 0.673031 0.0591311 0.0025 0.452907 0.428335 2.36373 0.0110398 404 4 1 3.21747e-06 
0.583881 0.672092 0.173108 0.0025 0.453428 0.427625 2.35778 0.0110271 405 3 1 -2.92503e-07 
0.589395 0.669835 0.463376 0.0025 0.452601 0.425623 2.35149 0.0110473 406 4 1 -2.66084e-06 
0.594928 0.664232 1.16094 0.0025 0.449579 0.420932 2.34198 0.0111215 407 4 1 -6.43085e-06 
0.600517 0.651718 2.59541 0.0025 0.442224 0.410695 2.32418 0.0113065 408 4 1 -1.08669e-05 
0.606237 0.623077 5.88719 0.0025 0.427047 0.390564 2.28963 0.0117083 409 4 1 -8.38833e-06 
0.612232 0.569148 10.2409 0.0025 0.400726 0.356571 2.22836 0.0124773 410 4 1 7.52532e-06 
0.618738 0.463773 22.2345 0.0025 0.358876 0.305096 2.12245 0.0139324 411 4 1 7.51685e-05 
0.626256 0.270431 32.5127 0.0025 0.307958 0.245504 1.97757 0.016236 412 4 1 0.000227234 
0.63514 0.0800906 21.2539 0.0025 0.268802 0.201149 1.85462 0.0186011 413 4 1 0.000256807 
0.644942 -0.000894152 4.61818 0.0025 0.252035 0.182371 1.80124 0.0198385 414 4 1 9.5273e-05 
0.654986 -0.00587497 -1.24867 0.0025 0.249254 0.178911 1.79284 0.0200599 415 5 1 1.03718e-05 
0.665002 -0.000270461 -0.299924 0.0025 0.249812 0.179295 1.79446 0.0200151 416 4 1 -8.78838e-07 
0.675001 0.000245312 0.0193242 0.0025 0.250025 0.179515 1.79507 0.019998 417 3 1 -5.23482e-07 
0.685 9.31392e-05 0.0199833 0.0025 0.250017 0.179517 1.79505 0.0199986 418 4 1 -9.53876e-09 
0.695 1.66653e-05 0.00552126 0.0025 0.250004 0.179505 1.79501 0.0199997 419 4 1 2.22701e-08 
0.705 4.90781e-07 0.000718903 0.0025 0.25 0.179501 1.795 0.02 420 4 1 7.76882e-09 
0.715 -5.80216e-07 -0.000100499 0.0025 0.25 0.1795 1.795 0.02 421 5 1 1.25521e-09 
0.725 -5.20308e-08 -3.50135e-05 0.0025 0.25 0.1795 1.795 0.02 422 4 1 -4.00698e-11 
0.735 1.6221e-08 7.93781e-07 0.0025 0.25 0.1795 1.795 0.02 423 4 1 -5.15425e-11 
0.745 6.58215e-09 1.53002e-06 0.0025 0.25 0.1795 1.795 0.02 424 3 1 -2.58495e-12 
0.755 1.13588e-09 4.08499e-07 0.0025 0.25 0.1795 1.795 0.02 425 4 1 1.41155e-12 
0.765 3.81732e-11 4.80388e-08 0.0025 0.25 0.1795 1.795 0.02 426 4 1 5.09412e-13 
0.775 -3.21304e-11 -6.00147e-09 0.0025 0.25 0.1795 1.795 0.02 427 5 1 7.85068e-14 
0.785 -3.23218e-12 -2.00814e-09 0.0025 0.25 0.1795 1.795 0.02 428 4 1 -1.34843e-15 
0.795 6.42503e-13 2.85922e-11 0.0025 0.25 0.1795 1.795 0.02 429 4 1 -2.6315e-15 
0.805 2.58291e-13 6.72742e-11 0.0025 0.25 0.1795 1.795 0.02 430 3 1 -1.64668e-16 
0.815 3.62658e-14 1.76357e-11 0.0025 0.25 0.1795 1.795 0.02 431 4 1 5.45342e-17 
0.825 -1.14914e-15 5.11591e-13 0.0025 0.25 0.1795 1.795 0.02 432 5 1 1.72307e-17 
0.835 -4.401e-16 -1.98952e-13 0.0025 0.25 0.1795 1.795 0.02 433 5 1 1.77001e-33 
0.845 -8.92915e-47 -3.64338e-44 0.0025 0.25 0.1795 1.795 0.02 434 5 1 -1.42109e-18 
0.855 -8.3492e-49 -2.8026e-45 0.0025 0.25 0.1795 1.795 0.02 435 5 1 -1.42109e-18 
0.865 0 0 0.0025 0.25 0.1795 1.795 0.02 436 5 1 -1.42109e-18 
0.875 0 0 0.0025 0.25 0.1795 1.795 0.02 437 5 1 -1.42109e-18 
0.885 0 0 0.0025 0.25 0.1795 1.795 0.02 438 5 1 -1.42109e-18 
0.895 -2.08473e-47 -2.8026e-45 0.0025 0.25 0.1795 1.795 0.02 439 5 1 -1.42109e-18 
0.905 -5.91877e-17 -2.8026e-45 0.0025 0.25 0.1795 1.795 0.02 440 5 1 -1.42109e-18 
0.915 -1.64288e-16 -1.42109e-14 0.0025 0.25 0.1795 1.795 0.02 441 5 1 -1.42109e-18 
0.925 -3.78588e-16 -2.84217e-14 0.0025 0.25 0.1795 1.795 0.02 442 5 1 -1.42109e-18 
0.935 -9.62853e-16 -4.26326e-14 0.0025 0.25 0.1795 1.795 0.02 443 5 1 -1.06581e-18 
0.945 -2.4702e-15 -8.52651e-14 0.0025 0.25 0.1795 1.795 0.02 444 5 1 -1.77636e-18 
0.955 -6.87919e-15 -1.56319e-13 0.0025 0.25 0.1795 1.795 0.02 445 5 1 3.55271e-18 
0.965 -1.17356e-15 3.97904e-13 0.0025 0.25 0.1795 1.795 0.02 446 5 1 -2.54019e-17 
0.975 -6.87489e-15 3.69482e-13 0.0025 0.25 0.1795 1.795 0.02 447 5 1 3.09086e-17 
0.985 6.98817e-15 -2.27374e-13 0.0025 0.25 0.1795 1.795 0.02 448 5 1 -3.05533e-17 
0.995 -1.67302e-16 -9.9476e-14 0.0025 0.25 0.1795 1.795 0.02 449 4 1 1.63425e-17 
1.005 2.60419e-16 9.9476e-14 0.0025 0.25 0.1795 1.795 0.02 450 4 1 1.61648e-17 
1.015 -6.86275e-15 2.27374e-13 0.0025 0.25 0.1795 1.795 0.02 451 5 1 -3.00204e-17 
1.025 6.8293e-15 -3.55271e-13 0.0025 0.25 0.1795 1.795 0.02 452 5 1 3.00204e-17 
1.035 1.21157e-15 -3.83693e-13 0.0025 0.25 0.1795 1.795 0.02 453 5 1 -2.41585e-17 
1.045 6.80381e-15 1.56319e-13 0.0025 0.25 0.1795 1.795 0.02 454 5 1 3.37508e-18 
1.055 2.46986e-15 8.52651e-14 0.0025 0.25 0.1795 1.795 0.02 455 5 1 -1.77636e-18 
1.065 9.54236e-16 4.26326e-14 0.0025 0.25 0.1795 1.795 0.02 456 5 1 -1.06581e-18 
1.075 3.78555e-16 2.84217e-14 0.0025 0.25 0.1795 1.795 0.02 457 5 1 -1.42109e-18 
1.085 1.68509e-16 8.40779e-45 0.0025 0.25 0.1795 1.795 0.02 458 5 1 -1.42109e-18 
1.095 6.33945e-17 1.42109e-14 0.0025 0.25 0.1795 1.795 0.02 459 5 1 -1.42109e-18 
1.105 2.25095e-47 2.8026e-45 0.0025 0.25 0.1795 1.795 0.02 460 5 1 -1.42109e-18 
1.115 0 0 0.0025 0.25 0.1795 1.795 0.02 461 5 1 -1.42109e-18 
1.125 0 0 0.0025 0.25 0.1795 1.795 0.02 462 5 1 -1.42109e-18 
1.135 0 0 0.0025 0.25 0.1795 1.795 0.02 463 5 1 -1.42109e-18 
1.145 0 0 0.0025 0.25 0.1795 1.795 0.02 464 5 1 -1.42109e-18 
1.155 7.84533e-47 3.92364e-44 0.0025 0.25 0.1795 1.795 0.02 465 5 1 -1.42109e-18 
1.165 4.06276e-16 1.98952e-13 0.0025 0.25 0.1795 1.795 0.02 466 5 1 -5.32907e-19 
1.175 4.30131e-16 -2.27374e-13 0.0025 0.25 0.1795 1.795 0.02 467 5 1 1.74083e-17 
1.185 -2.47627e-14 -1.59019e-11 0.0025 0.25 0.1795 1.795 0.02 468 4 1 5.29354e-17 
1.195 -2.58697e-13 -6.94342e-11 0.0025 0.25 0.1795 1.795 0.02 469 3 1 -1.48148e-16 
1.205 -6.2224e-13 -2.62901e-11 0.0025 0.25 0.1795 1.795 0.02 470 4 1 -2.66436e-15 
1.215 3.16243e-12 2.00626e-09 0.0025 0.25 0.1795 1.795 0.02 471 4 1 -1.32818e-15 
1.225 3.21902e-11 5.99668e-09 0.0025 0.25 0.1795 1.795 0.02 472 5 1 7.85022e-14 
1.235 -3.8187e-11 -4.80332e-08 0.0025 0.25 0.1795 1.795 0.02 473 4 1 5.09433e-13 
1.245 -1.13588e-09 -4.08502e-07 0.0025 0.25 0.1795 1.795 0.02 474 4 1 1.41156e-12 
1.255 -6.58219e-09 -1.53002e-06 0.0025 0.25 0.1795 1.795 0.02 475 3 1 -2.58501e-12 
1.265 -1.6221e-08 -7.93773e-07 0.0025 0.25 0.1795 1.795 0.02 476 4 1 -5.15425e-11 
1.275 5.20307e-08 3.50135e-05 0.0025 0.25 0.1795 1.795 0.02 477 4 1 -4.00697e-11 
1.285 5.80216e-07 0.000100499 0.0025 0.25 0.1795 1.795 0.02 478 5 1 1.25521e-09 
1.295 -4.90781e-07 -0.000718903 0.0025 0.25 0.179501 1.795 0.02 479 4 1 7.76882e-09 
1.305 -1.66653e-05 -0.00552126 0.0025 0.250004 0.179505 1.79501 0.0199997 480 4 1 2.22701e-08 
1.315 -9.31392e-05 -0.0199833 0.0025 0.250017 0.179517 1.79505 0.0199986 481 4 1 -9.53876e-09 
1.325 -0.000245312 -0.0193242 0.0025 0.250025 0.179515 1.79507 0.019998 482 3 1 -5.23482e-07 
1.335 0.000270461 0.299924 0.0025 0.249812 0.179295 1.79446 0.0200151 483 4 1 -8.78838e-07 
1.34501 0.00587497 1.24867 0.0025 0.249254 0.178911 1.79284 0.0200599 484 5 1 1.03718e-05 
1.35506 0.000894152 -4.61818 0.0025 0.252035 0.182371 1.80124 0.0198385 485 4 1 9.5273e-05 
1.36486 -0.0800906 -21.2539 0.0025 0.268802 0.201149 1.85462 0.0186011 486 4 1 0.000256807 
1.37374 -0.270431 -32.5127 0.0025 0.307958 0.245504 1.97757 0.016236 487 4 1 0.000227234 
1.38126 -0.463773 -22.2345 0.0025 0.358876 0.305096 2.12245 0.0139324 488 4 1 7.51685e-05 
1.38777 -0.569148 -10.2409 0.0025 0.400726 0.356571 2.22836 0.0124773 489 4 1 7.52532e-06 
1.39376 -0.623077 -5.88719 0.0025 0.427047 0.390564 2.28963 0.0117083 490 4 1 -8.38833e-06 
1.39948 -0.651718 -2.59541 0.0025 0.442224 0.410695 2.32418 0.0113065 491 4 1 -1.08669e-05 
1.40507 -0.664232 -1.16094 0.0025 0.449579 0.420932 2.34198 0.0111215 492 4 1 -6.43085e-06 
1.4106 -0.669835 -0.463376 0.0025 0.452601 0.425623 2.35149 0.0110473 493 4 1 -2.66084e-06 
1.41612 -0.672092 -0.173108 0.0025 0.453428 0.427625 2.35778 0.0110271 494 3 1 -2.92503e-07 
1.42163 -0.673031 -0.0591311 0.0025 0.452907 0.428335 2.36373 0.0110398 495 4 1 3.21747e-06 
1.42716 -0.673451 -0.0156771 0.0025 0.451927 0.428942 2.37353 0.0110637 496 4 1 -3.30108e-06 
1.4327 -0.673687 0.00339893 0.0025 0.44656 0.426657 2.37927 0.0111967 497 5 1 5.36291e-05 
1.43836 -0.673861 0.0131396 0.0025 0.453851 0.432317 2.44316 0.0110168 498 4 1 -0.000240445 
1.44372 -0.67401 0.0194863 0.0025 0.482279 0.423854 2.15455 0.0103674 499 4 1 0.000265853 
