# Time [s]: 0.104699
# Columns: pos [m], vel [m/s], acc [m/s^2], mass [kg], dens [kg/m^3], pres [Pa], ene [J/kg], sml [m], id, neighbor, alpha, gradh, ...additional?
1.43178 -0.673704 0.0128873 0.0025 0.510716 0.432331 2.15194 0.00979018 0 4 1 -0.00013426 
1.43657 -0.673776 0.0145755 0.0025 0.536526 0.425765 1.94949 0.00931921 1 4 1 0.000179177 
1.44111 -0.673851 0.0165384 0.0025 0.547811 0.43039 1.96789 0.00912723 2 3 1 -1.90673e-05 
1.44569 -0.673936 0.0188449 0.0025 0.545505 0.428679 1.96397 0.00916583 3 5 1 3.48867e-06 
1.45027 -0.674032 0.0213682 0.0025 0.545853 0.42878 1.96384 0.00915998 4 3 1 -1.46527e-07 
1.45485 -0.674142 0.0245573 0.0025 0.545807 0.428688 1.96352 0.00916074 5 4 1 1.34078e-07 
1.45944 -0.674268 0.0288057 0.0025 0.545766 0.428616 1.96337 0.00916144 6 4 1 -1.48915e-08 
1.46402 -0.674406 0.0331333 0.0025 0.545706 0.428532 1.9632 0.00916245 7 4 1 -3.17925e-09 
1.4686 -0.67456 0.0363742 0.0025 0.545636 0.42844 1.96303 0.00916362 8 4 1 -6.63758e-09 
1.47318 -0.674734 0.0399292 0.0025 0.545555 0.428336 1.96285 0.00916497 9 4 1 -1.01737e-08 
1.47776 -0.674933 0.0465462 0.0025 0.54546 0.428219 1.96265 0.00916657 10 4 1 -2.63015e-08 
1.48235 -0.675162 0.0562863 0.0025 0.545344 0.428078 1.96243 0.00916852 11 4 1 -2.46574e-08 
1.48693 -0.675434 0.0665573 0.0025 0.545202 0.427911 1.96217 0.00917091 12 4 1 -2.27987e-08 
1.49152 -0.675763 0.0759299 0.0025 0.545037 0.42772 1.96189 0.00917368 13 4 1 -1.40306e-08 
1.49611 -0.676144 0.0890026 0.0025 0.544855 0.427512 1.96158 0.00917675 14 4 1 7.71887e-09 
-0.499306 -0.676531 0.0896991 0.0025 0.544677 0.42731 1.96129 0.00917975 15 4 1 4.97318e-08 
-0.494715 -0.676812 0.0494083 0.0025 0.544536 0.427144 1.96105 0.00918212 16 4 1 -2.86004e-08 
-0.490124 -0.677222 0.230656 0.0025 0.544381 0.426994 1.96078 0.00918474 17 5 1 7.08198e-07 
-0.485531 -0.677072 -0.487969 0.0025 0.544796 0.42746 1.96135 0.00917775 18 4 1 1.22171e-06 
-0.480946 -0.673861 -0.734956 0.0025 0.546127 0.428886 1.96324 0.00915538 19 4 1 4.22719e-07 
-0.476375 -0.671335 -0.45327 0.0025 0.547741 0.430699 1.96553 0.0091284 20 4 1 1.89233e-06 
-0.471818 -0.667155 -1.5685 0.0025 0.550564 0.433907 1.96953 0.0090816 21 4 1 5.989e-06 
-0.467293 -0.655876 -3.61594 0.0025 0.556666 0.440691 1.97822 0.00898204 22 4 1 9.54075e-06 
-0.462835 -0.636603 -5.48987 0.0025 0.566667 0.451778 1.99237 0.00882352 23 4 1 1.07661e-05 
-0.458469 -0.61173 -6.5742 0.0025 0.579591 0.466192 2.01043 0.00862677 24 4 1 9.39504e-06 
-0.454207 -0.585277 -6.66974 0.0025 0.593737 0.482122 2.0299 0.00842124 25 4 1 6.9372e-06 
-0.450046 -0.56023 -6.20709 0.0025 0.60764 0.49796 2.04876 0.00822856 26 4 1 5.24456e-06 
-0.445977 -0.537667 -5.72092 0.0025 0.620722 0.513044 2.06626 0.00805514 27 4 1 5.44823e-06 
-0.44199 -0.516291 -5.84092 0.0025 0.633441 0.52786 2.08307 0.00789339 28 4 1 6.84937e-06 
-0.438083 -0.494182 -6.38014 0.0025 0.646683 0.543402 2.10036 0.00773176 29 4 1 8.37502e-06 
-0.434257 -0.470331 -7.15288 0.0025 0.661043 0.560376 2.11889 0.0075638 30 4 1 9.32071e-06 
-0.430518 -0.444746 -7.77615 0.0025 0.676617 0.578933 2.13871 0.00738971 31 4 1 9.62095e-06 
-0.426867 -0.418112 -8.25914 0.0025 0.693149 0.598815 2.15946 0.00721345 32 4 1 9.45471e-06 
-0.423303 -0.39103 -8.52186 0.0025 0.7103 0.61964 2.18066 0.00703928 33 4 1 9.06426e-06 
-0.419826 -0.364049 -8.69133 0.0025 0.72776 0.641053 2.20193 0.00687039 34 4 1 8.61541e-06 
-0.416432 -0.337408 -8.76471 0.0025 0.745331 0.662813 2.22304 0.00670843 35 4 1 8.19723e-06 
-0.413117 -0.311347 -8.83701 0.0025 0.762902 0.684781 2.24384 0.00655392 36 4 1 7.76288e-06 
-0.409877 -0.285867 -8.84169 0.0025 0.780401 0.706862 2.26427 0.00640696 37 4 1 7.39436e-06 
-0.406709 -0.261016 -8.88562 0.0025 0.797795 0.729009 2.28431 0.00626727 38 4 1 6.99239e-06 
-0.403609 -0.236786 -8.84864 0.0025 0.815054 0.751174 2.30394 0.00613457 39 4 1 6.64501e-06 
-0.400573 -0.213116 -8.86968 0.0025 0.83216 0.773333 2.32315 0.00600846 40 4 1 6.38266e-06 
-0.3976 -0.190069 -8.8818 0.0025 0.849146 0.795515 2.34199 0.00588827 41 4 1 6.06677e-06 
-0.394685 -0.167439 -8.88167 0.0025 0.865991 0.817687 2.36046 0.00577373 42 4 1 5.64953e-06 
-0.391825 -0.145587 -8.75777 0.0025 0.882624 0.839745 2.37848 0.00566493 43 4 1 5.19697e-06 
-0.389019 -0.124467 -8.60489 0.0025 0.898973 0.861614 2.39598 0.0055619 44 4 1 5.75625e-06 
-0.386263 -0.103478 -9.29487 0.0025 0.915481 0.88386 2.41349 0.00546161 45 4 1 5.68549e-06 
-0.383557 -0.081709 -9.28915 0.0025 0.932156 0.906381 2.43103 0.00536391 46 4 1 1.91216e-06 
-0.380899 -0.0631574 -6.48657 0.0025 0.946967 0.926569 2.44632 0.00528002 47 4 1 2.09483e-06 
-0.378277 -0.04884 -7.12027 0.0025 0.96045 0.945329 2.46006 0.0052059 48 4 1 1.00028e-05 
-0.375692 -0.0272737 -12.9665 0.0025 0.977671 0.969157 2.4778 0.00511419 49 4 1 7.11013e-06 
-0.373162 -0.000862487 -10.313 0.0025 0.996297 0.994603 2.4968 0.00501858 50 4 1 -7.99617e-06 
-0.370673 0.00988045 -0.145299 0.0025 1.00622 1.00847 2.5064 0.0049691 51 4 1 -4.42941e-06 
-0.368193 0.0095922 -1.72589 0.0025 1.01062 1.01527 2.51052 0.00494743 52 4 1 1.06841e-05 
-0.365726 0.02582 -12.4347 0.0025 1.02234 1.03168 2.52248 0.00489072 53 4 1 3.25442e-06 
-0.363302 0.0455686 -5.60545 0.0025 1.03567 1.04996 2.53574 0.00482779 54 4 1 -9.33673e-06 
-0.360898 0.048078 1.01085 0.0025 1.03902 1.05479 2.53884 0.00481222 55 3 1 -5.81836e-06 
-0.358489 0.0432861 3.07141 0.0025 1.03506 1.0494 2.53488 0.00483064 56 4 1 -1.65762e-06 
-0.356067 0.0358431 3.95095 0.0025 1.02875 1.04052 2.52863 0.00486026 57 4 1 2.36314e-07 
-0.353629 0.0276153 4.08801 0.0025 1.02193 1.03089 2.52185 0.00489272 58 4 1 1.23304e-06 
-0.351175 0.0198072 3.70534 0.0025 1.0156 1.02197 2.51555 0.00492322 59 4 1 1.65066e-06 
-0.348706 0.013214 2.99963 0.0025 1.01034 1.01458 2.51031 0.00494881 60 4 1 1.62907e-06 
-0.346226 0.00819458 2.19529 0.0025 1.0064 1.00902 2.50637 0.00496823 61 4 1 1.35089e-06 
-0.343738 0.00472071 1.46363 0.0025 1.00368 1.0052 2.50366 0.00498166 62 4 1 9.89527e-07 
-0.341244 0.00252132 0.894181 0.0025 1.00197 1.00279 2.50195 0.00499017 63 4 1 6.58212e-07 
-0.338747 0.00124251 0.50181 0.0025 1.00097 1.00138 2.50096 0.00499513 64 4 1 4.03318e-07 
-0.336249 0.000559508 0.258135 0.0025 1.00044 1.00063 2.50044 0.00499779 65 4 1 2.28643e-07 
-0.33375 0.000226111 0.120669 0.0025 1.00018 1.00026 2.50018 0.00499909 66 4 1 1.19501e-07 
-0.33125 7.92406e-05 0.0503178 0.0025 1.00007 1.00009 2.50006 0.00499967 67 4 1 5.69598e-08 
-0.32875 2.2353e-05 0.0179949 0.0025 1.00002 1.00003 2.50002 0.0049999 68 4 1 2.42716e-08 
-0.32625 4.02315e-06 0.00501129 0.0025 1 1.00001 2.5 0.00499998 69 4 1 8.9437e-09 
-0.32375 -2.01493e-07 0.000714638 0.0025 1 1 2.5 0.005 70 4 1 2.635e-09 
-0.32125 -3.03623e-08 -0.000450941 0.0025 1 1 2.5 0.005 71 5 1 2.83503e-10 
-0.31875 3.26769e-07 -4.38696e-05 0.0025 1 1 2.5 0.005 72 3 1 -2.25037e-10 
-0.31625 2.63917e-07 6.1229e-05 0.0025 1 1 2.5 0.005 73 4 1 -3.4839e-11 
-0.31375 1.42238e-07 5.86103e-05 0.0025 1 1 2.5 0.005 74 4 1 2.2918e-11 
-0.31125 5.8467e-08 3.37182e-05 0.0025 1 1 2.5 0.005 75 4 1 2.62577e-11 
-0.30875 1.79298e-08 1.4171e-05 0.0025 1 1 2.5 0.005 76 4 1 1.56486e-11 
-0.30625 3.29261e-09 4.27183e-06 0.0025 1 1 2.5 0.005 77 4 1 6.76781e-12 
-0.30375 -2.31071e-10 6.20799e-07 0.0025 1 1 2.5 0.005 78 4 1 2.10758e-12 
-0.30125 -1.074e-10 -3.56211e-07 0.0025 1 1 2.5 0.005 79 5 1 2.20212e-13 
-0.29875 1.69293e-10 -3.39396e-08 0.0025 1 1 2.5 0.005 80 3 1 -1.68358e-13 
-0.29625 1.31036e-10 4.06169e-08 0.0025 1 1 2.5 0.005 81 4 1 -2.01503e-14 
-0.29375 5.96711e-11 3.31752e-08 0.0025 1 1 2.5 0.005 82 4 1 1.70395e-14 
-0.29125 1.83691e-11 1.53196e-08 0.0025 1 1 2.5 0.005 83 4 1 1.5099e-14 
-0.28875 2.97494e-12 4.51098e-09 0.0025 1 1 2.5 0.005 84 4 1 7.1612e-15 
-0.28625 -4.46752e-13 3.83693e-10 0.0025 1 1 2.5 0.005 85 4 1 2.10711e-15 
-0.28375 -1.13031e-13 -3.46063e-10 0.0025 1 1 2.5 0.005 86 5 1 5.04485e-17 
-0.28125 1.54197e-13 -3.17186e-11 0.0025 1 1 2.5 0.005 87 3 1 -1.22924e-16 
-0.27875 1.14618e-13 4.49063e-11 0.0025 1 1 2.5 0.005 88 4 1 -3.55271e-17 
-0.27625 3.56099e-14 4.08136e-11 0.0025 1 1 2.5 0.005 89 4 1 2.20268e-17 
-0.27375 4.09122e-16 4.54747e-12 0.0025 1 1 2.5 0.005 90 5 1 1.91847e-17 
-0.27125 -7.51843e-16 -9.09495e-13 0.0025 1 1 2.5 0.005 91 5 1 -3.55271e-19 
-0.26875 -1.70768e-17 -5.68434e-14 0.0025 1 1 2.5 0.005 92 5 1 -1.42109e-18 
-0.26625 -3.36781e-48 -1.12104e-44 0.0025 1 1 2.5 0.005 93 5 1 -1.42109e-18 
-0.26375 0 0 0.0025 1 1 2.5 0.005 94 5 1 -1.42109e-18 
-0.26125 0 0 0.0025 1 1 2.5 0.005 95 5 1 -1.42109e-18 
-0.25875 0 0 0.0025 1 1 2.5 0.005 96 5 1 -1.42109e-18 
-0.25625 0 0 0.0025 1 1 2.5 0.005 97 5 1 -1.42109e-18 
-0.25375 0 0 0.0025 1 1 2.5 0.005 98 5 1 -1.42109e-18 
-0.25125 0 0 0.0025 1 1 2.5 0.005 99 5 1 -1.42109e-18 
-0.24875 0 0 0.0025 1 1 2.5 0.005 100 5 1 -1.42109e-18 
-0.24625 0 0 0.0025 1 1 2.5 0.005 101 5 1 -1.42109e-18 
-0.24375 0 0 0.0025 1 1 2.5 0.005 102 5 1 -1.42109e-18 
-0.24125 0 0 0.0025 1 1 2.5 0.005 103 5 1 -1.42109e-18 
-0.23875 0 0 0.0025 1 1 2.5 0.005 104 5 1 -1.42109e-18 
-0.23625 0 0 0.0025 1 1 2.5 0.005 105 5 1 -1.42109e-18 
-0.23375 0 0 0.0025 1 1 2.5 0.005 106 5 1 -1.42109e-18 
-0.23125 0 0 0.0025 1 1 2.5 0.005 107 5 1 -1.42109e-18 
-0.22875 0 0 0.0025 1 1 2.5 0.005 108 5 1 -1.42109e-18 
-0.22625 0 0 0.0025 1 1 2.5 0.005 109 5 1 -1.42109e-18 
-0.22375 0 0 0.0025 1 1 2.5 0.005 110 5 1 -1.42109e-18 
-0.22125 0 0 0.0025 1 1 2.5 0.005 111 5 1 -1.42109e-18 
-0.21875 0 0 0.0025 1 1 2.5 0.005 112 5 1 -1.42109e-18 
-0.21625 0 0 0.0025 1 1 2.5 0.005 113 5 1 -1.42109e-18 
-0.21375 0 0 0.0025 1 1 2.5 0.005 114 5 1 -1.42109e-18 
-0.21125 0 0 0.0025 1 1 2.5 0.005 115 5 1 -1.42109e-18 
-0.20875 0 0 0.0025 1 1 2.5 0.005 116 5 1 -1.42109e-18 
-0.20625 0 0 0.0025 1 1 2.5 0.005 117 5 1 -1.42109e-18 
-0.20375 0 0 0.0025 1 1 2.5 0.005 118 5 1 -1.42109e-18 
-0.20125 0 0 0.0025 1 1 2.5 0.005 119 5 1 -1.42109e-18 
-0.19875 0 0 0.0025 1 1 2.5 0.005 120 5 1 -1.42109e-18 
-0.19625 0 0 0.0025 1 1 2.5 0.005 121 5 1 -1.42109e-18 
-0.19375 0 0 0.0025 1 1 2.5 0.005 122 5 1 -1.42109e-18 
-0.19125 0 0 0.0025 1 1 2.5 0.005 123 5 1 -1.42109e-18 
-0.18875 0 0 0.0025 1 1 2.5 0.005 124 5 1 -1.42109e-18 
-0.18625 0 0 0.0025 1 1 2.5 0.005 125 5 1 -1.42109e-18 
-0.18375 0 0 0.0025 1 1 2.5 0.005 126 5 1 -1.42109e-18 
-0.18125 0 0 0.0025 1 1 2.5 0.005 127 5 1 -1.42109e-18 
-0.17875 0 0 0.0025 1 1 2.5 0.005 128 5 1 -1.42109e-18 
-0.17625 0 0 0.0025 1 1 2.5 0.005 129 5 1 -1.42109e-18 
-0.17375 0 0 0.0025 1 1 2.5 0.005 130 5 1 -1.42109e-18 
-0.17125 0 0 0.0025 1 1 2.5 0.005 131 5 1 -1.42109e-18 
-0.16875 0 0 0.0025 1 1 2.5 0.005 132 5 1 -1.42109e-18 
-0.16625 0 0 0.0025 1 1 2.5 0.005 133 5 1 -1.42109e-18 
-0.16375 0 0 0.0025 1 1 2.5 0.005 134 5 1 -1.42109e-18 
-0.16125 0 0 0.0025 1 1 2.5 0.005 135 5 1 -1.42109e-18 
-0.15875 0 0 0.0025 1 1 2.5 0.005 136 5 1 -1.42109e-18 
-0.15625 0 0 0.0025 1 1 2.5 0.005 137 5 1 -1.42109e-18 
-0.15375 0 0 0.0025 1 1 2.5 0.005 138 5 1 -1.42109e-18 
-0.15125 0 0 0.0025 1 1 2.5 0.005 139 5 1 -1.42109e-18 
-0.14875 0 0 0.0025 1 1 2.5 0.005 140 5 1 -1.42109e-18 
-0.14625 0 0 0.0025 1 1 2.5 0.005 141 5 1 -1.42109e-18 
-0.14375 0 0 0.0025 1 1 2.5 0.005 142 5 1 -1.42109e-18 
-0.14125 0 0 0.0025 1 1 2.5 0.005 143 5 1 -1.42109e-18 
-0.13875 0 0 0.0025 1 1 2.5 0.005 144 5 1 -1.42109e-18 
-0.13625 0 0 0.0025 1 1 2.5 0.005 145 5 1 -1.42109e-18 
-0.13375 0 0 0.0025 1 1 2.5 0.005 146 5 1 -1.42109e-18 
-0.13125 0 0 0.0025 1 1 2.5 0.005 147 5 1 -1.42109e-18 
-0.12875 0 0 0.0025 1 1 2.5 0.005 148 5 1 -1.42109e-18 
-0.12625 0 0 0.0025 1 1 2.5 0.005 149 5 1 -1.42109e-18 
-0.12375 0 0 0.0025 1 1 2.5 0.005 150 5 1 -1.42109e-18 
-0.12125 0 0 0.0025 1 1 2.5 0.005 151 5 1 -1.42109e-18 
-0.11875 0 0 0.0025 1 1 2.5 0.005 152 5 1 -1.42109e-18 
-0.11625 0 0 0.0025 1 1 2.5 0.005 153 5 1 -1.42109e-18 
-0.11375 0 0 0.0025 1 1 2.5 0.005 154 5 1 -1.42109e-18 
-0.11125 0 0 0.0025 1 1 2.5 0.005 155 5 1 -1.42109e-18 
-0.10875 0 0 0.0025 1 1 2.5 0.005 156 5 1 -1.42109e-18 
-0.10625 0 0 0.0025 1 1 2.5 0.005 157 5 1 -1.42109e-18 
-0.10375 0 0 0.0025 1 1 2.5 0.005 158 5 1 -1.42109e-18 
-0.10125 0 0 0.0025 1 1 2.5 0.005 159 5 1 -1.42109e-18 
-0.09875 0 0 0.0025 1 1 2.5 0.005 160 5 1 -1.42109e-18 
-0.09625 0 0 0.0025 1 1 2.5 0.005 161 5 1 -1.42109e-18 
-0.09375 0 0 0.0025 1 1 2.5 0.005 162 5 1 -1.42109e-18 
-0.09125 0 0 0.0025 1 1 2.5 0.005 163 5 1 -1.42109e-18 
-0.08875 0 0 0.0025 1 1 2.5 0.005 164 5 1 -1.42109e-18 
-0.08625 0 0 0.0025 1 1 2.5 0.005 165 5 1 -1.42109e-18 
-0.08375 0 0 0.0025 1 1 2.5 0.005 166 5 1 -1.42109e-18 
-0.08125 0 0 0.0025 1 1 2.5 0.005 167 5 1 -1.42109e-18 
-0.07875 0 0 0.0025 1 1 2.5 0.005 168 5 1 -1.42109e-18 
-0.07625 0 0 0.0025 1 1 2.5 0.005 169 5 1 -1.42109e-18 
-0.07375 -3.73597e-46 -3.36312e-44 0.0025 1 1 2.5 0.005 170 5 1 -1.42109e-18 
-0.07125 -1.36448e-16 -3.36312e-44 0.0025 1 1 2.5 0.005 171 5 1 -1.42109e-18 
-0.06875 -2.72209e-16 0 0.0025 1 1 2.5 0.005 172 5 1 -1.42109e-18 
-0.06625 -4.06674e-16 3.36312e-44 0.0025 1 1 2.5 0.005 173 5 1 -1.42109e-18 
-0.06375 -5.41059e-16 0 0.0025 1 1 2.5 0.005 174 5 1 -1.42109e-18 
-0.06125 -6.40367e-16 -1.13687e-13 0.0025 1 1 2.5 0.005 175 5 1 -1.42109e-18 
-0.05875 -7.72719e-16 1.13687e-13 0.0025 1 1 2.5 0.005 176 5 1 -1.42109e-18 
-0.05625 -9.04755e-16 -1.13687e-13 0.0025 1 1 2.5 0.005 177 5 1 -1.42109e-18 
-0.05375 -1.03487e-15 1.13687e-13 0.0025 1 1 2.5 0.005 178 5 1 -1.42109e-18 
-0.05125 -1.29828e-15 -1.13687e-13 0.0025 1 1 2.5 0.005 179 5 1 -1.42109e-18 
-0.04875 -1.56051e-15 1.13687e-13 0.0025 1 1 2.5 0.005 180 5 1 -1.42109e-18 
-0.04625 -1.82086e-15 -1.13687e-13 0.0025 1 1 2.5 0.005 181 5 1 -1.42109e-18 
-0.04375 -2.1076e-15 -2.24208e-44 0.0025 1 1 2.5 0.005 182 5 1 -1.42109e-18 
-0.04125 -2.59527e-15 -1.13687e-13 0.0025 1 1 2.5 0.005 183 5 1 -1.42109e-18 
-0.03875 -3.24066e-15 3.9443e-29 0.0025 1 1 2.5 0.005 184 5 1 -1.42109e-18 
-0.03625 -1.57736e-15 -1.13687e-13 0.0025 1 1 2.5 0.005 185 5 1 -3.90799e-18 
-0.03375 -3.6436e-15 -1.22865e-26 0.0025 1 1 2.5 0.005 186 4 1 -9.9476e-18 
-0.03125 -2.10167e-15 -2.84217e-13 0.0025 1 1 2.5 0.005 187 3 1 2.4869e-17 
-0.02875 -1.38493e-15 2.84217e-13 0.0025 1 1 2.5 0.005 188 4 1 -1.20792e-17 
-0.02625 -1.28553e-15 -7.95808e-13 0.0025 1 1 2.5 0.005 189 5 1 -7.4607e-18 
-0.02375 -2.71438e-15 1.59162e-12 0.0025 1 1 2.5 0.005 190 3 1 4.26326e-18 
-0.02125 1.93445e-15 -8.52651e-13 0.0025 1 1 2.5 0.005 191 4 1 3.19744e-18 
-0.01875 -8.67547e-16 2.27374e-13 0.0025 1 1 2.5 0.005 192 5 1 -5.68434e-18 
-0.01625 -1.59895e-15 5.68434e-14 0.0025 1 1 2.5 0.005 193 4 1 7.10543e-19 
-0.01375 8.63394e-16 5.68434e-14 0.0025 1 1 2.5 0.005 194 4 1 1.2326e-33 
-0.01125 -4.76913e-17 1.13687e-13 0.0025 1 1 2.5 0.005 195 5 1 -1.42109e-18 
-0.00875 2.07824e-17 1.13687e-13 0.0025 1 1 2.5 0.005 196 5 1 -1.42109e-18 
-0.00625 2.02449e-16 -2.27374e-13 0.0025 1 1 2.5 0.005 197 4 1 1.2326e-33 
-0.00375 3.50232e-16 4.48416e-44 0.0025 1 1 2.5 0.005 198 3 1 0 
-0.00125 2.04696e-16 2.27374e-13 0.0025 1 1 2.5 0.005 199 4 1 1.2326e-33 
0.00125 4.47629e-17 -5.68434e-14 0.0025 1 1 2.5 0.005 200 5 1 -7.10543e-19 
0.00375 -2.75038e-16 -1.13687e-13 0.0025 1 1 2.5 0.005 201 3 1 -7.10543e-19 
0.00625 4.4641e-16 3.41061e-13 0.0025 1 1 2.5 0.005 202 5 1 3.55271e-19 
0.00875 -1.04344e-15 -2.27374e-13 0.0025 1 1 2.5 0.005 203 4 1 3.55271e-19 
0.01125 2.36248e-16 2.84217e-13 0.0025 1 1 2.5 0.005 204 4 1 3.55271e-19 
0.01375 -1.31143e-15 -3.97904e-13 0.0025 1 1 2.5 0.005 205 4 1 3.55271e-19 
0.01625 2.40181e-16 -1.13687e-13 0.0025 1 1 2.5 0.005 206 4 1 -1.42109e-18 
0.01875 -5.18865e-16 -2.27374e-13 0.0025 1 1 2.5 0.005 207 4 1 -1.06581e-18 
0.02125 5.88344e-16 -1.13687e-13 0.0025 1 1 2.5 0.005 208 3 1 -3.55271e-19 
0.02375 2.32391e-15 5.68434e-14 0.0025 1 1 2.5 0.005 209 3 1 5.68434e-18 
0.02625 3.87942e-16 1.13687e-13 0.0025 1 1 2.5 0.005 210 4 1 -9.59233e-18 
0.02875 1.67867e-15 1.13687e-13 0.0025 1 1 2.5 0.005 211 3 1 1.20792e-17 
0.03125 3.35193e-15 1.98201e-27 0.0025 1 1 2.5 0.005 212 4 1 -6.39488e-18 
0.03375 2.05487e-15 1.85382e-27 0.0025 1 1 2.5 0.005 213 5 1 -3.19744e-18 
0.03625 1.80638e-15 5.68434e-14 0.0025 1 1 2.5 0.005 214 5 1 -1.42109e-18 
0.03875 1.46671e-16 1.34525e-43 0.0025 1 1 2.5 0.005 215 5 1 1.06581e-18 
0.04125 -3.42123e-16 5.68434e-14 0.0025 1 1 2.5 0.005 216 5 1 -6.03961e-18 
0.04375 -9.1592e-16 1.12104e-44 0.0025 1 1 2.5 0.005 217 5 1 2.13163e-18 
0.04625 -1.71203e-15 1.23314e-43 0.0025 1 1 2.5 0.005 218 5 1 -4.26326e-18 
0.04875 1.34507e-15 -5.60519e-44 0.0025 1 1 2.5 0.005 219 5 1 -7.10543e-19 
0.05125 8.53184e-16 8.96831e-44 0.0025 1 1 2.5 0.005 220 5 1 -2.84217e-18 
0.05375 2.02007e-15 1.13687e-13 0.0025 1 1 2.5 0.005 221 5 1 -2.4869e-18 
0.05625 -4.42825e-16 3.9443e-29 0.0025 1 1 2.5 0.005 222 5 1 4.61853e-18 
0.05875 1.14512e-15 -5.68434e-14 0.0025 1 1 2.5 0.005 223 5 1 -1.06581e-17 
0.06125 4.52701e-16 -5.68434e-14 0.0025 1 1 2.5 0.005 224 3 1 1.42109e-18 
0.06375 3.9696e-15 5.68434e-14 0.0025 1 1 2.5 0.005 225 3 1 8.88178e-18 
0.06625 1.08428e-15 1.13687e-13 0.0025 1 1 2.5 0.005 226 5 1 -1.38556e-17 
0.06875 2.7715e-15 1.13687e-13 0.0025 1 1 2.5 0.005 227 5 1 7.4607e-18 
0.07125 1.00229e-15 1.7053e-13 0.0025 1 1 2.5 0.005 228 5 1 -8.17124e-18 
0.07375 -3.67399e-16 2.24208e-43 0.0025 1 1 2.5 0.005 229 5 1 7.10543e-18 
0.07625 2.63771e-15 2.84217e-13 0.0025 1 1 2.5 0.005 230 5 1 -1.27898e-17 
0.07875 2.53714e-15 -1.7053e-13 0.0025 1 1 2.5 0.005 231 5 1 1.13687e-17 
0.08125 1.57983e-15 -3.41061e-13 0.0025 1 1 2.5 0.005 232 5 1 -1.1724e-17 
0.08375 6.2333e-15 1.13687e-13 0.0025 1 1 2.5 0.005 233 5 1 3.19744e-18 
0.08625 4.36172e-15 5.68434e-14 0.0025 1 1 2.5 0.005 234 5 1 -4.61853e-18 
0.08875 3.48202e-15 5.68434e-14 0.0025 1 1 2.5 0.005 235 5 1 3.55271e-19 
0.09125 2.78449e-15 5.68434e-14 0.0025 1 1 2.5 0.005 236 5 1 -3.90799e-18 
0.09375 2.13379e-15 0 0.0025 1 1 2.5 0.005 237 5 1 2.46519e-33 
0.09625 1.64004e-15 0 0.0025 1 1 2.5 0.005 238 5 1 -4.61853e-18 
0.09875 5.79052e-16 1.34525e-43 0.0025 1 1 2.5 0.005 239 5 1 1.42109e-18 
0.10125 2.57924e-15 -1.79366e-43 0.0025 1 1 2.5 0.005 240 5 1 -6.75016e-18 
0.10375 1.40154e-15 -1.12104e-44 0.0025 1 1 2.5 0.005 241 5 1 5.68434e-18 
0.10625 5.6678e-16 -3.36312e-44 0.0025 1 1 2.5 0.005 242 5 1 -1.03029e-17 
0.10875 -1.37786e-15 3.13891e-43 0.0025 1 1 2.5 0.005 243 5 1 9.9476e-18 
0.11125 8.49849e-16 5.68434e-14 0.0025 1 1 2.5 0.005 244 5 1 -1.7053e-17 
0.11375 -1.88118e-15 5.68434e-14 0.0025 1 1 2.5 0.005 245 5 1 1.81188e-17 
0.11625 2.61177e-15 -2.57839e-43 0.0025 1 1 2.5 0.005 246 5 1 -2.45137e-17 
0.11875 9.34441e-16 5.68434e-14 0.0025 1 1 2.5 0.005 247 5 1 2.30926e-17 
0.12125 7.66365e-16 -7.10961e-27 0.0025 1 1 2.5 0.005 248 5 1 -2.94875e-17 
0.12375 -9.24133e-16 -7.14905e-27 0.0025 1 1 2.5 0.005 249 3 1 1.49214e-17 
0.12625 3.84087e-15 7.14905e-27 0.0025 1 1 2.5 0.005 250 3 1 1.42109e-17 
0.12875 1.1204e-15 1.13687e-13 0.0025 1 1 2.5 0.005 251 5 1 -2.70006e-17 
0.13125 1.74169e-15 -3.9443e-29 0.0025 1 1 2.5 0.005 252 5 1 1.91847e-17 
0.13375 -7.58004e-16 -1.13687e-13 0.0025 1 1 2.5 0.005 253 5 1 -1.77636e-17 
0.13625 2.74423e-15 -2.9147e-43 0.0025 1 1 2.5 0.005 254 5 1 1.03029e-17 
0.13875 1.07145e-15 1.13687e-13 0.0025 1 1 2.5 0.005 255 5 1 -1.13687e-17 
0.14125 8.88166e-16 -8.96831e-44 0.0025 1 1 2.5 0.005 256 5 1 4.9738e-18 
0.14375 -6.37853e-16 3.36312e-44 0.0025 1 1 2.5 0.005 257 5 1 -6.75016e-18 
0.14625 -1.70803e-15 7.84727e-44 0.0025 1 1 2.5 0.005 258 5 1 4.26326e-18 
0.14875 -2.51251e-15 1.23314e-43 0.0025 1 1 2.5 0.005 259 5 1 -6.75016e-18 
0.15125 -1.76086e-15 -6.72623e-44 0.0025 1 1 2.5 0.005 260 5 1 1.42109e-18 
0.15375 -2.45079e-15 6.72623e-44 0.0025 1 1 2.5 0.005 261 5 1 -4.9738e-18 
0.15625 -1.2646e-15 -5.68434e-14 0.0025 1 1 2.5 0.005 262 5 1 2.46519e-33 
0.15875 -1.8977e-15 5.68434e-14 0.0025 1 1 2.5 0.005 263 5 1 -2.84217e-18 
0.16125 -2.21758e-15 5.68434e-14 0.0025 1 1 2.5 0.005 264 5 1 -7.10543e-19 
0.16375 -2.518e-15 -5.68434e-14 0.0025 1 1 2.5 0.005 265 5 1 -2.84217e-18 
0.16625 -2.77008e-15 5.68434e-14 0.0025 1 1 2.5 0.005 266 5 1 -7.10543e-19 
0.16875 -2.71552e-15 1.12104e-44 0.0025 1 1 2.5 0.005 267 5 1 -2.84217e-18 
0.17125 -2.96612e-15 -1.12104e-44 0.0025 1 1 2.5 0.005 268 5 1 -7.10543e-19 
0.17375 -2.53457e-15 -1.7053e-13 0.0025 1 1 2.5 0.005 269 5 1 -2.13163e-18 
0.17625 -3.41903e-15 -1.13687e-13 0.0025 1 1 2.5 0.005 270 5 1 7.10543e-19 
0.17875 -3.94642e-15 -2.84217e-13 0.0025 1 1 2.5 0.005 271 5 1 -3.55271e-18 
0.18125 6.30011e-16 -2.84217e-13 0.0025 1 1 2.5 0.005 272 5 1 -1.06581e-18 
0.18375 1.19038e-16 1.7053e-13 0.0025 1 1 2.5 0.005 273 5 1 -2.4869e-18 
0.18625 -1.87742e-16 -1.7053e-13 0.0025 1 1 2.5 0.005 274 5 1 -1.42109e-18 
0.18875 -7.67487e-16 -5.68434e-14 0.0025 1 1 2.5 0.005 275 5 1 -1.42109e-18 
0.19125 1.19976e-15 6.82121e-13 0.0025 1 1 2.5 0.005 276 5 1 -6.39488e-18 
0.19375 9.80576e-16 5.11591e-13 0.0025 1 1 2.5 0.005 277 5 1 4.26326e-18 
0.19625 3.24536e-15 -3.41061e-13 0.0025 1 1 2.5 0.005 278 5 1 -3.19744e-18 
0.19875 3.2164e-15 -1.13687e-13 0.0025 1 1 2.5 0.005 279 5 1 -1.06581e-18 
0.20125 2.94523e-15 5.68434e-14 0.0025 1 1 2.5 0.005 280 5 1 -2.84217e-18 
0.20375 2.11754e-15 7.84727e-44 0.0025 1 1 2.5 0.005 281 5 1 2.46519e-33 
0.20625 2.30897e-15 -7.84727e-44 0.0025 1 1 2.5 0.005 282 5 1 -5.68434e-18 
0.20875 1.59045e-15 -1.7053e-13 0.0025 1 1 2.5 0.005 283 5 1 2.84217e-18 
0.21125 1.20151e-15 5.68434e-14 0.0025 1 1 2.5 0.005 284 5 1 -7.10543e-18 
0.21375 3.06557e-16 -1.7053e-13 0.0025 1 1 2.5 0.005 285 5 1 3.55271e-18 
0.21625 -6.53147e-16 -5.68434e-14 0.0025 1 1 2.5 0.005 286 5 1 -7.81597e-18 
0.21875 -3.16377e-15 2.69049e-43 0.0025 1 1 2.5 0.005 287 5 1 8.52651e-18 
0.22125 -2.44484e-16 -2.24208e-43 0.0025 1 1 2.5 0.005 288 5 1 -1.52767e-17 
0.22375 -1.86992e-15 2.01787e-43 0.0025 1 1 2.5 0.005 289 5 1 1.38556e-17 
0.22625 8.99216e-16 -2.12997e-43 0.0025 1 1 2.5 0.005 290 5 1 -2.16716e-17 
0.22875 -2.24846e-15 1.7053e-13 0.0025 1 1 2.5 0.005 291 5 1 2.30926e-17 
0.23125 2.94908e-15 5.68434e-14 0.0025 1 1 2.5 0.005 292 5 1 -3.09086e-17 
0.23375 5.14536e-16 1.13687e-13 0.0025 1 1 2.5 0.005 293 5 1 3.16192e-17 
0.23625 3.4494e-15 -2.9147e-43 0.0025 1 1 2.5 0.005 294 5 1 -3.90799e-17 
0.23875 9.3856e-16 -1.13687e-13 0.0025 1 1 2.5 0.005 295 5 1 4.08562e-17 
0.24125 2.28038e-15 -5.68434e-14 0.0025 1 1 2.5 0.005 296 5 1 -4.90274e-17 
0.24375 -9.15915e-16 3.9443e-29 0.0025 1 1 2.5 0.005 297 5 1 5.08038e-17 
0.24625 -7.54767e-16 -2.66241e-26 0.0025 1 1 2.5 0.005 298 5 1 -6.00409e-17 
0.24875 -2.84327e-15 5.68434e-14 0.0025 1 1 2.5 0.005 299 4 1 3.05533e-17 
0.25125 6.77681e-16 -5.68434e-14 0.0025 1 1 2.5 0.005 300 4 1 3.01981e-17 
0.25375 -2.16161e-15 2.66241e-26 0.0025 1 1 2.5 0.005 301 5 1 -5.79092e-17 
0.25625 1.8963e-15 -1.7053e-13 0.0025 1 1 2.5 0.005 302 5 1 4.90274e-17 
0.25875 -1.65995e-15 -5.68434e-14 0.0025 1 1 2.5 0.005 303 5 1 -4.76064e-17 
0.26125 2.25092e-15 4.54747e-13 0.0025 1 1 2.5 0.005 304 5 1 3.51719e-17 
0.26375 -1.41058e-15 3.97904e-13 0.0025 1 1 2.5 0.005 305 5 1 -3.16192e-17 
0.26625 -2.01182e-15 2.27374e-13 0.0025 1 1 2.5 0.005 306 5 1 2.73559e-17 
0.26875 -4.03189e-15 2.27374e-13 0.0025 1 1 2.5 0.005 307 5 1 -2.62901e-17 
0.27125 3.36057e-15 -9.09495e-13 0.0025 1 1 2.5 0.005 308 5 1 2.77112e-17 
0.27375 -5.19107e-16 -4.54747e-12 0.0025 1 1 2.5 0.005 309 5 1 -1.3145e-17 
0.27625 -4.98951e-14 -4.5361e-11 0.0025 1 1 2.5 0.005 310 4 1 5.04485e-17 
0.27875 -9.1692e-14 -3.70619e-11 0.0025 1 1 2.5 0.005 311 3 1 -4.1922e-17 
0.28125 -1.70873e-13 2.81943e-11 0.0025 1 1 2.5 0.005 312 4 1 -1.61293e-16 
0.28375 9.93556e-14 3.56636e-10 0.0025 1 1 2.5 0.005 313 5 1 9.09495e-17 
0.28625 4.63187e-13 -4.00973e-10 0.0025 1 1 2.5 0.005 314 4 1 2.14015e-15 
0.28875 -2.94765e-12 -4.51951e-09 0.0025 1 1 2.5 0.005 315 4 1 7.1001e-15 
0.29125 -1.83794e-11 -1.52904e-08 0.0025 1 1 2.5 0.005 316 4 1 1.51296e-14 
0.29375 -5.96798e-11 -3.319e-08 0.0025 1 1 2.5 0.005 317 4 1 1.70328e-14 
0.29625 -1.31036e-10 -4.06181e-08 0.0025 1 1 2.5 0.005 318 4 1 -2.01712e-14 
0.29875 -1.69305e-10 3.3945e-08 0.0025 1 1 2.5 0.005 319 3 1 -1.68332e-13 
0.30125 1.0741e-10 3.56208e-07 0.0025 1 1 2.5 0.005 320 5 1 2.20212e-13 
0.30375 2.31063e-10 -6.20798e-07 0.0025 1 1 2.5 0.005 321 4 1 2.10757e-12 
0.30625 -3.29261e-09 -4.27183e-06 0.0025 1 1 2.5 0.005 322 4 1 6.76782e-12 
0.30875 -1.79298e-08 -1.4171e-05 0.0025 1 1 2.5 0.005 323 4 1 1.56486e-11 
0.31125 -5.8467e-08 -3.37182e-05 0.0025 1 1 2.5 0.005 324 4 1 2.62577e-11 
0.31375 -1.42238e-07 -5.86103e-05 0.0025 1 1 2.5 0.005 325 4 1 2.2918e-11 
0.31625 -2.63917e-07 -6.1229e-05 0.0025 1 1 2.5 0.005 326 4 1 -3.4839e-11 
0.31875 -3.26769e-07 4.38696e-05 0.0025 1 1 2.5 0.005 327 3 1 -2.25037e-10 
0.32125 3.03623e-08 0.000450941 0.0025 1 1 2.5 0.005 328 5 1 2.83503e-10 
0.32375 2.01493e-07 -0.000714638 0.0025 1 1 2.5 0.005 329 4 1 2.635e-09 
0.32625 -4.02315e-06 -0.00501129 0.0025 1 1.00001 2.5 0.00499998 330 4 1 8.9437e-09 
0.32875 -2.2353e-05 -0.0179949 0.0025 1.00002 1.00003 2.50002 0.0049999 331 4 1 2.42716e-08 
0.33125 -7.92406e-05 -0.0503178 0.0025 1.00007 1.00009 2.50006 0.00499967 332 4 1 5.69598e-08 
0.33375 -0.000226111 -0.120669 0.0025 1.00018 1.00026 2.50018 0.00499909 333 4 1 1.19501e-07 
0.336249 -0.000559508 -0.258135 0.0025 1.00044 1.00063 2.50044 0.00499779 334 4 1 2.28643e-07 
0.338747 -0.00124251 -0.50181 0.0025 1.00097 1.00138 2.50096 0.00499513 335 4 1 4.03318e-07 
0.341244 -0.00252132 -0.894181 0.0025 1.00197 1.00279 2.50195 0.00499017 336 4 1 6.58212e-07 
0.343738 -0.00472071 -1.46363 0.0025 1.00368 1.0052 2.50366 0.00498166 337 4 1 9.89527e-07 
0.346226 -0.00819458 -2.19529 0.0025 1.0064 1.00902 2.50637 0.00496823 338 4 1 1.35089e-06 
0.348706 -0.013214 -2.99963 0.0025 1.01034 1.01458 2.51031 0.00494881 339 4 1 1.62907e-06 
0.351175 -0.0198072 -3.70534 0.0025 1.0156 1.02197 2.51555 0.00492322 340 4 1 1.65066e-06 
0.353629 -0.0276153 -4.08801 0.0025 1.02193 1.03089 2.52185 0.00489272 341 4 1 1.23304e-06 
0.356067 -0.0358431 -3.95095 0.0025 1.02875 1.04052 2.52863 0.00486026 342 4 1 2.36314e-07 
0.358489 -0.0432861 -3.07141 0.0025 1.03506 1.0494 2.53488 0.00483064 343 4 1 -1.65762e-06 
0.360898 -0.048078 -1.01085 0.0025 1.03902 1.05479 2.53884 0.00481222 344 3 1 -5.81836e-06 
0.363302 -0.0455686 5.60545 0.0025 1.03567 1.04996 2.53574 0.00482779 345 4 1 -9.33673e-06 
0.365726 -0.02582 12.4347 0.0025 1.02234 1.03168 2.52248 0.00489072 346 4 1 3.25442e-06 
0.368193 -0.0095922 1.72589 0.0025 1.01062 1.01527 2.51052 0.00494743 347 4 1 1.06841e-05 
0.370673 -0.00988045 0.145299 0.0025 1.00622 1.00847 2.5064 0.0049691 348 4 1 -4.42941e-06 
0.373162 0.000862487 10.313 0.0025 0.996297 0.994603 2.4968 0.00501858 349 4 1 -7.99617e-06 
0.375692 0.0272737 12.9665 0.0025 0.977671 0.969157 2.4778 0.00511419 350 4 1 7.11013e-06 
0.378277 0.04884 7.12027 0.0025 0.96045 0.945329 2.46006 0.0052059 351 4 1 1.00028e-05 
0.380899 0.0631574 6.48657 0.0025 0.946967 0.926569 2.44632 0.00528002 352 4 1 2.09483e-06 
0.383557 0.081709 9.28915 0.0025 0.932156 0.906381 2.43103 0.00536391 353 4 1 1.91216e-06 
0.386263 0.103478 9.29487 0.0025 0.915481 0.88386 2.41349 0.00546161 354 4 1 5.68549e-06 
0.389019 0.124467 8.60489 0.0025 0.898973 0.861614 2.39598 0.0055619 355 4 1 5.75625e-06 
0.391825 0.145587 8.75777 0.0025 0.882624 0.839745 2.37848 0.00566493 356 4 1 5.19697e-06 
0.394685 0.167439 8.88167 0.0025 0.865991 0.817687 2.36046 0.00577373 357 4 1 5.64953e-06 
0.3976 0.190069 8.8818 0.0025 0.849146 0.795515 2.34199 0.00588827 358 4 1 6.06677e-06 
0.400573 0.213116 8.86968 0.0025 0.83216 0.773333 2.32315 0.00600846 359 4 1 6.38266e-06 
0.403609 0.236786 8.84864 0.0025 0.815054 0.751174 2.30394 0.00613457 360 4 1 6.64501e-06 
0.406709 0.261016 8.88562 0.0025 0.797795 0.729009 2.28431 0.00626727 361 4 1 6.99239e-06 
0.409877 0.285867 8.84169 0.0025 0.780401 0.706862 2.26427 0.00640696 362 4 1 7.39436e-06 
0.413117 0.311347 8.83701 0.0025 0.762902 0.684781 2.24384 0.00655392 363 4 1 7.76288e-06 
0.416432 0.337408 8.76471 0.0025 0.745331 0.662813 2.22304 0.00670843 364 4 1 8.19723e-06 
0.419826 0.364049 8.69133 0.0025 0.72776 0.641053 2.20193 0.00687039 365 4 1 8.61541e-06 
0.423303 0.39103 8.52186 0.0025 0.7103 0.61964 2.18066 0.00703928 366 4 1 9.06426e-06 
0.426867 0.418112 8.25914 0.0025 0.693149 0.598815 2.15946 0.00721345 367 4 1 9.45471e-06 
0.430518 0.444746 7.77615 0.0025 0.676617 0.578933 2.13871 0.00738971 368 4 1 9.62095e-06 
0.434257 0.470331 7.15288 0.0025 0.661043 0.560376 2.11889 0.0075638 369 4 1 9.32071e-06 
0.438083 0.494182 6.38014 0.0025 0.646683 0.543402 2.10036 0.00773176 370 4 1 8.37502e-06 
0.44199 0.516291 5.84092 0.0025 0.633441 0.52786 2.08307 0.00789339 371 4 1 6.84937e-06 
0.445977 0.537667 5.72092 0.0025 0.620722 0.513044 2.06626 0.00805514 372 4 1 5.44823e-06 
0.450046 0.56023 6.20709 0.0025 0.60764 0.49796 2.04876 0.00822856 373 4 1 5.24456e-06 
0.454207 0.585277 6.66974 0.0025 0.593737 0.482122 2.0299 0.00842124 374 4 1 6.9372e-06 
0.458469 0.61173 6.5742 0.0025 0.579591 0.466192 2.01043 0.00862677 375 4 1 9.39504e-06 
0.462835 0.636603 5.48987 0.0025 0.566667 0.451778 1.99237 0.00882352 376 4 1 1.07661e-05 
0.467293 0.655876 3.61594 0.0025 0.556666 0.440691 1.97822 0.00898204 377 4 1 9.54075e-06 
0.471818 0.667155 1.5685 0.0025 0.550564 0.433907 1.96953 0.0090816 378 4 1 5.989e-06 
0.476375 0.671335 0.45327 0.0025 0.547741 0.430699 1.96553 0.0091284 379 4 1 1.89233e-06 
0.480946 0.673861 0.734956 0.0025 0.546127 0.428886 1.96324 0.00915538 380 4 1 4.22719e-07 
0.485531 0.677072 0.487969 0.0025 0.544796 0.42746 1.96135 0.00917775 381 4 1 1.22171e-06 
0.490124 0.677222 -0.230656 0.0025 0.544381 0.426994 1.96078 0.00918474 382 5 1 7.08198e-07 
0.494715 0.676812 -0.0494083 0.0025 0.544536 0.427144 1.96105 0.00918212 383 4 1 -2.86004e-08 
0.499306 0.676531 -0.0896991 0.0025 0.544677 0.42731 1.96129 0.00917975 384 4 1 4.97318e-08 
0.503895 0.676144 -0.0890026 0.0025 0.544855 0.427512 1.96158 0.00917675 385 4 1 7.71887e-09 
0.508483 0.675763 -0.0759299 0.0025 0.545037 0.42772 1.96189 0.00917368 386 4 1 -1.40306e-08 
0.513069 0.675434 -0.0665573 0.0025 0.545202 0.427911 1.96217 0.00917091 387 4 1 -2.27987e-08 
0.517653 0.675162 -0.0562863 0.0025 0.545344 0.428078 1.96243 0.00916852 388 4 1 -2.46574e-08 
0.522237 0.674933 -0.0465462 0.0025 0.54546 0.428219 1.96265 0.00916657 389 4 1 -2.63015e-08 
0.52682 0.674734 -0.0399292 0.0025 0.545555 0.428336 1.96285 0.00916497 390 4 1 -1.01737e-08 
0.531402 0.67456 -0.0363742 0.0025 0.545636 0.42844 1.96303 0.00916362 391 4 1 -6.63758e-09 
0.535984 0.674406 -0.0331333 0.0025 0.545706 0.428532 1.9632 0.00916245 392 4 1 -3.17925e-09 
0.540565 0.674268 -0.0288057 0.0025 0.545766 0.428616 1.96337 0.00916144 393 4 1 -1.48915e-08 
0.545145 0.674142 -0.0245573 0.0025 0.545807 0.428688 1.96352 0.00916074 394 4 1 1.34078e-07 
0.549725 0.674032 -0.0213682 0.0025 0.545853 0.42878 1.96384 0.00915998 395 3 1 -1.46527e-07 
0.554305 0.673936 -0.0188449 0.0025 0.545505 0.428679 1.96397 0.00916583 396 5 1 3.48867e-06 
0.558891 0.673851 -0.0165384 0.0025 0.547811 0.43039 1.96789 0.00912723 397 3 1 -1.90673e-05 
0.563433 0.673776 -0.0145755 0.0025 0.536526 0.425765 1.94949 0.00931921 398 4 1 0.000179177 
0.568217 0.673704 -0.0128873 0.0025 0.510716 0.432331 2.15194 0.00979018 399 4 1 -0.00013426 
0.573229 0.673636 -0.0112115 0.0025 0.482512 0.424142 2.15497 0.0103624 400 4 1 0.000265967 
0.578593 0.673569 -0.00931195 0.0025 0.454064 0.432603 2.44362 0.0110117 401 4 1 -0.000240422 
0.584252 0.673502 -0.00728536 0.0025 0.446787 0.426964 2.37975 0.011191 402 5 1 5.37725e-05 
0.589786 0.673438 -0.0051738 0.0025 0.452226 0.429347 2.37416 0.0110564 403 4 1 -3.02587e-06 
0.595308 0.67337 -0.00223135 0.0025 0.453411 0.429022 2.36478 0.0110275 404 4 1 3.88275e-06 
0.600813 0.673286 0.00301956 0.0025 0.454478 0.429063 2.35996 0.0110016 405 4 1 1.20673e-06 
0.60631 0.673157 0.0143736 0.0025 0.455054 0.428972 2.35657 0.0109877 406 4 1 6.90266e-07 
0.611801 0.672908 0.0417188 0.0025 0.455368 0.428781 2.354 0.0109801 407 3 1 1.80024e-07 
0.61729 0.672351 0.110372 0.0025 0.45535 0.428311 2.35164 0.0109806 408 4 1 -5.16269e-07 
0.622781 0.671022 0.277279 0.0025 0.45475 0.42716 2.34867 0.0109951 409 4 1 -1.78277e-06 
0.628285 0.667833 0.687052 0.0025 0.452909 0.424417 2.34353 0.0110397 410 4 1 -4.03937e-06 
0.633821 0.660308 1.56741 0.0025 0.448502 0.418305 2.33332 0.0111482 411 4 1 -7.83487e-06 
0.639434 0.64399 3.46604 0.0025 0.438969 0.405555 2.31236 0.0113903 412 4 1 -1.06096e-05 
0.645214 0.608588 7.03449 0.0025 0.420902 0.381987 2.27226 0.0118792 413 4 1 -4.8875e-06 
0.651323 0.544891 12.5866 0.0025 0.390808 0.343726 2.2018 0.012794 414 4 1 1.97588e-05 
0.658043 0.418702 25.572 0.0025 0.345839 0.289316 2.08541 0.0144576 415 4 1 0.000108327 
0.665893 0.217485 30.887 0.0025 0.296659 0.232411 1.9422 0.0168544 416 4 1 0.000250273 
0.675051 0.0519355 16.4336 0.0025 0.263184 0.194795 1.83634 0.0189981 417 4 1 0.000219626 
0.684949 -0.00519657 2.45521 0.0025 0.250769 0.180872 1.79735 0.0199387 418 4 1 6.33176e-05 
0.694993 -0.00408024 -1.19569 0.0025 0.249331 0.178922 1.79307 0.0200537 419 5 1 5.46225e-06 
0.705003 2.70066e-05 -0.165669 0.0025 0.249899 0.179378 1.79471 0.0200081 420 4 1 -1.08116e-06 
0.715001 0.000225679 0.0234989 0.0025 0.25003 0.179524 1.79509 0.0199976 421 3 1 -3.433e-07 
0.725 7.70688e-05 0.0167296 0.0025 0.250015 0.179515 1.79504 0.0199988 422 4 1 9.40965e-09 
0.735 1.31588e-05 0.00437743 0.0025 0.250003 0.179504 1.79501 0.0199997 423 4 1 2.05593e-08 
0.745 1.59638e-07 0.000546681 0.0025 0.25 0.1795 1.795 0.02 424 4 1 6.55915e-09 
0.755 -5.40973e-07 -0.000104416 0.0025 0.25 0.1795 1.795 0.02 425 5 1 1.0209e-09 
0.765 -3.798e-08 -3.01095e-05 0.0025 0.25 0.1795 1.795 0.02 426 4 1 -6.11482e-11 
0.775 1.87097e-08 1.22424e-06 0.0025 0.25 0.1795 1.795 0.02 427 3 1 -4.85508e-11 
0.785 7.45749e-09 1.61876e-06 0.0025 0.25 0.1795 1.795 0.02 428 4 1 -1.80013e-12 
0.795 1.36412e-09 4.51914e-07 0.0025 0.25 0.1795 1.795 0.02 429 4 1 1.66183e-12 
0.805 5.75272e-11 5.97576e-08 0.0025 0.25 0.1795 1.795 0.02 430 4 1 6.08051e-13 
0.815 -4.22152e-11 -6.3241e-09 0.0025 0.25 0.1795 1.795 0.02 431 5 1 1.01608e-13 
0.825 -4.7877e-12 -2.78337e-09 0.0025 0.25 0.1795 1.795 0.02 432 4 1 -9.54969e-16 
0.835 1.0135e-12 1.34719e-11 0.0025 0.25 0.1795 1.795 0.02 433 4 1 -3.82698e-15 
0.845 4.62537e-13 1.02986e-10 0.0025 0.25 0.1795 1.795 0.02 434 3 1 -2.71072e-16 
0.855 7.79332e-14 3.17044e-11 0.0025 0.25 0.1795 1.795 0.02 435 4 1 8.89955e-17 
0.865 -8.17365e-16 1.50635e-12 0.0025 0.25 0.1795 1.795 0.02 436 5 1 3.55271e-17 
0.875 -1.10644e-15 -3.2685e-13 0.0025 0.25 0.1795 1.795 0.02 437 5 1 3.01981e-18 
0.885 -4.69913e-17 -4.26326e-14 0.0025 0.25 0.1795 1.795 0.02 438 5 1 -1.42109e-18 
0.895 -1.19311e-16 -1.4013e-44 0.0025 0.25 0.1795 1.795 0.02 439 5 1 -1.42109e-18 
0.905 -2.33714e-16 -1.42109e-14 0.0025 0.25 0.1795 1.795 0.02 440 5 1 -1.42109e-18 
0.915 -5.09268e-16 -2.84217e-14 0.0025 0.25 0.1795 1.795 0.02 441 5 1 -1.42109e-18 
0.925 -1.0684e-15 -2.84217e-14 0.0025 0.25 0.1795 1.795 0.02 442 5 1 -1.42109e-18 
0.935 -2.50417e-15 -9.9476e-14 0.0025 0.25 0.1795 1.795 0.02 443 5 1 -1.06581e-18 
0.945 -4.43064e-15 4.26326e-14 0.0025 0.25 0.1795 1.795 0.02 444 5 1 -5.50671e-18 
0.955 -9.85258e-15 2.07392e-43 0.0025 0.25 0.1795 1.795 0.02 445 5 1 8.88178e-18 
0.965 7.88157e-15 1.98952e-13 0.0025 0.25 0.1795 1.795 0.02 446 5 1 -2.32703e-17 
0.975 2.24578e-15 2.70006e-13 0.0025 0.25 0.1795 1.795 0.02 447 5 1 2.80664e-17 
0.985 2.53774e-15 -1.42109e-13 0.0025 0.25 0.1795 1.795 0.02 448 5 1 -3.12639e-17 
0.995 -3.3478e-15 -1.42109e-13 0.0025 0.25 0.1795 1.795 0.02 449 4 1 1.74083e-17 
1.005 3.36431e-15 1.42109e-13 0.0025 0.25 0.1795 1.795 0.02 450 4 1 1.63425e-17 
1.015 -2.40782e-15 1.27898e-13 0.0025 0.25 0.1795 1.795 0.02 451 5 1 -3.10862e-17 
1.025 -1.82327e-15 -2.84217e-13 0.0025 0.25 0.1795 1.795 0.02 452 5 1 2.85993e-17 
1.035 -7.48239e-15 -2.27374e-13 0.0025 0.25 0.1795 1.795 0.02 453 5 1 -2.34479e-17 
1.045 9.89241e-15 1.42109e-14 0.0025 0.25 0.1795 1.795 0.02 454 5 1 7.63833e-18 
1.055 4.54145e-15 -1.42109e-14 0.0025 0.25 0.1795 1.795 0.02 455 5 1 -4.61853e-18 
1.065 2.43149e-15 8.52651e-14 0.0025 0.25 0.1795 1.795 0.02 456 5 1 -1.06581e-18 
1.075 1.06837e-15 2.84217e-14 0.0025 0.25 0.1795 1.795 0.02 457 5 1 -1.42109e-18 
1.085 5.09241e-16 2.84217e-14 0.0025 0.25 0.1795 1.795 0.02 458 5 1 -1.42109e-18 
1.095 2.37911e-16 8.40779e-45 0.0025 0.25 0.1795 1.795 0.02 459 5 1 -1.42109e-18 
1.105 1.15019e-16 1.42109e-14 0.0025 0.25 0.1795 1.795 0.02 460 5 1 -1.42109e-18 
1.115 3.41743e-17 2.84217e-14 0.0025 0.25 0.1795 1.795 0.02 461 5 1 -1.42109e-18 
1.125 1.00396e-15 3.55271e-13 0.0025 0.25 0.1795 1.795 0.02 462 5 1 1.42109e-18 
1.135 1.77918e-15 -1.06581e-12 0.0025 0.25 0.1795 1.795 0.02 463 5 1 3.48166e-17 
1.145 -7.14815e-14 -3.20028e-11 0.0025 0.25 0.1795 1.795 0.02 464 4 1 9.73444e-17 
1.155 -4.51324e-13 -1.04507e-10 0.0025 0.25 0.1795 1.795 0.02 465 3 1 -2.7196e-16 
1.165 -1.0377e-12 -1.15392e-11 0.0025 0.25 0.1795 1.795 0.02 466 4 1 -3.84421e-15 
1.175 4.79238e-12 2.78378e-09 0.0025 0.25 0.1795 1.795 0.02 467 4 1 -9.59766e-16 
1.185 4.22007e-11 6.32568e-09 0.0025 0.25 0.1795 1.795 0.02 468 5 1 1.01651e-13 
1.195 -5.74967e-11 -5.97668e-08 0.0025 0.25 0.1795 1.795 0.02 469 4 1 6.08051e-13 
1.205 -1.36412e-09 -4.51906e-07 0.0025 0.25 0.1795 1.795 0.02 470 4 1 1.66177e-12 
1.215 -7.45748e-09 -1.61876e-06 0.0025 0.25 0.1795 1.795 0.02 471 4 1 -1.8001e-12 
1.225 -1.87097e-08 -1.22424e-06 0.0025 0.25 0.1795 1.795 0.02 472 3 1 -4.85508e-11 
1.235 3.798e-08 3.01095e-05 0.0025 0.25 0.1795 1.795 0.02 473 4 1 -6.11482e-11 
1.245 5.40973e-07 0.000104416 0.0025 0.25 0.1795 1.795 0.02 474 5 1 1.0209e-09 
1.255 -1.59638e-07 -0.000546681 0.0025 0.25 0.1795 1.795 0.02 475 4 1 6.55915e-09 
1.265 -1.31588e-05 -0.00437743 0.0025 0.250003 0.179504 1.79501 0.0199997 476 4 1 2.05593e-08 
1.275 -7.70688e-05 -0.0167296 0.0025 0.250015 0.179515 1.79504 0.0199988 477 4 1 9.40965e-09 
1.285 -0.000225679 -0.0234989 0.0025 0.25003 0.179524 1.79509 0.0199976 478 3 1 -3.433e-07 
1.295 -2.70066e-05 0.165669 0.0025 0.249899 0.179378 1.79471 0.0200081 479 4 1 -1.08116e-06 
1.30501 0.00408024 1.19569 0.0025 0.249331 0.178922 1.79307 0.0200537 480 5 1 5.46225e-06 
1.31505 0.00519657 -2.45521 0.0025 0.250769 0.180872 1.79735 0.0199387 481 4 1 6.33176e-05 
1.32495 -0.0519355 -16.4336 0.0025 0.263184 0.194795 1.83634 0.0189981 482 4 1 0.000219626 
1.33411 -0.217485 -30.887 0.0025 0.296659 0.232411 1.9422 0.0168544 483 4 1 0.000250273 
1.34196 -0.418702 -25.572 0.0025 0.345839 0.289316 2.08541 0.0144576 484 4 1 0.000108327 
1.34868 -0.544891 -12.5866 0.0025 0.390808 0.343726 2.2018 0.012794 485 4 1 1.97588e-05 
1.35479 -0.608588 -7.03449 0.0025 0.420902 0.381987 2.27226 0.0118792 486 4 1 -4.8875e-06 
1.36057 -0.64399 -3.46604 0.0025 0.438969 0.405555 2.31236 0.0113903 487 4 1 -1.06096e-05 
1.36618 -0.660308 -1.56741 0.0025 0.448502 0.418305 2.33332 0.0111482 488 4 1 -7.83487e-06 
1.37172 -0.667833 -0.687052 0.0025 0.452909 0.424417 2.34353 0.0110397 489 4 1 -4.03937e-06 
1.37722 -0.671022 -0.277279 0.0025 0.45475 0.42716 2.34867 0.0109951 490 4 1 -1.78277e-06 
1.38271 -0.672351 -0.110372 0.0025 0.45535 0.428311 2.35164 0.0109806 491 4 1 -5.16269e-07 
1.3882 -0.672908 -0.0417188 0.0025 0.455368 0.428781 2.354 0.0109801 492 3 1 1.80024e-07 
1.39369 -0.673157 -0.0143736 0.0025 0.455054 0.428972 2.35657 0.0109877 493 4 1 6.90266e-07 
1.39919 -0.673286 -0.00301956 0.0025 0.454478 0.429063 2.35996 0.0110016 494 4 1 1.20673e-06 
1.40469 -0.67337 0.00223135 0.0025 0.453411 0.429022 2.36478 0.0110275 495 4 1 3.88275e-06 
1.41021 -0.673438 0.0051738 0.0025 0.452226 0.429347 2.37416 0.0110564 496 4 1 -3.02587e-06 
1.41575 -0.673502 0.00728536 0.0025 0.446787 0.426964 2.37975 0.011191 497 5 1 5.37725e-05 
1.42141 -0.673569 0.00931195 0.0025 0.454064 0.432603 2.44362 0.0110117 498 4 1 -0.000240422 
1.42677 -0.673636 0.0112115 0.0025 0.482512 0.424142 2.15497 0.0103624 499 4 1 0.000265967 
