# Time [s]: 0.108312
# Columns: pos [m], vel [m/s], acc [m/s^2], mass [kg], dens [kg/m^3], pres [Pa], ene [J/kg], sml [m], id, neighbor, alpha, gradh, ...additional?
1.42935 -0.67366 0.0117137 0.0025 0.510741 0.43236 2.15198 0.00978969 0 4 1 -0.000134257 
1.43413 -0.673725 0.0133535 0.0025 0.536555 0.425798 1.94953 0.00931871 1 4 1 0.000179183 
1.43867 -0.673794 0.0150628 0.0025 0.547844 0.430426 1.96794 0.00912668 2 3 1 -1.90661e-05 
1.44326 -0.673871 0.0169233 0.0025 0.545542 0.42872 1.96402 0.0091652 3 5 1 3.48876e-06 
1.44784 -0.673959 0.0192496 0.0025 0.545895 0.428826 1.9639 0.00915927 4 3 1 -1.46008e-07 
1.45242 -0.674057 0.0224771 0.0025 0.545855 0.428741 1.96359 0.00915994 5 4 1 1.34216e-07 
1.457 -0.674168 0.0262455 0.0025 0.54582 0.428675 1.96345 0.00916054 6 4 1 -1.39457e-08 
1.46158 -0.674292 0.029673 0.0025 0.545766 0.428598 1.96329 0.00916144 7 4 1 -1.63111e-09 
1.46616 -0.674435 0.0329509 0.0025 0.545704 0.428514 1.96313 0.00916248 8 4 1 -5.81965e-09 
1.47074 -0.674595 0.0372599 0.0025 0.545632 0.42842 1.96296 0.00916369 9 4 1 -8.723e-09 
1.47532 -0.674772 0.0427302 0.0025 0.545546 0.428314 1.96278 0.00916512 10 4 1 -2.0808e-08 
1.47991 -0.674973 0.0485963 0.0025 0.545445 0.428189 1.96257 0.00916683 11 4 1 -1.69672e-08 
1.48449 -0.675213 0.0560011 0.0025 0.545324 0.428045 1.96235 0.00916886 12 4 1 -2.19461e-08 
1.48908 -0.675504 0.067501 0.0025 0.545181 0.427877 1.96209 0.00917127 13 4 1 -2.31835e-08 
1.49366 -0.675837 0.0806405 0.0025 0.545013 0.427684 1.96181 0.00917409 14 4 1 -1.57682e-08 
1.49825 -0.676201 0.0900091 0.0025 0.54483 0.427476 1.96151 0.00917718 15 4 1 2.02599e-08 
-0.49716 -0.676567 0.0793806 0.0025 0.544663 0.427286 1.96123 0.00917998 16 4 1 5.97235e-08 
-0.49257 -0.676823 0.0381438 0.0025 0.544537 0.427139 1.96101 0.00918211 17 4 1 9.02015e-09 
-0.487978 -0.677332 0.201915 0.0025 0.544431 0.427048 1.96083 0.00918389 18 5 1 8.48824e-07 
-0.483386 -0.676576 -0.605708 0.0025 0.545004 0.42768 1.96162 0.00917425 19 4 1 1.16437e-06 
-0.478804 -0.673244 -0.691542 0.0025 0.546438 0.429224 1.96366 0.00915016 20 4 1 4.78758e-07 
-0.474236 -0.670684 -0.575556 0.0025 0.548182 0.431192 1.96613 0.00912106 21 4 1 2.34085e-06 
-0.469683 -0.665617 -1.82879 0.0025 0.551391 0.434818 1.97069 0.00906797 22 4 1 6.24859e-06 
-0.465168 -0.653427 -3.78318 0.0025 0.557903 0.442048 1.97996 0.00896213 23 4 1 9.37408e-06 
-0.46072 -0.633789 -5.51717 0.0025 0.568088 0.453347 1.99435 0.00880146 24 4 1 1.027e-05 
-0.456365 -0.609189 -6.45469 0.0025 0.580924 0.467679 2.01225 0.00860698 25 4 1 8.89282e-06 
-0.452112 -0.583361 -6.5319 0.0025 0.594815 0.48334 2.03136 0.00840598 26 4 1 6.59499e-06 
-0.447958 -0.558869 -6.07397 0.0025 0.608431 0.498862 2.04981 0.00821786 27 4 1 5.00236e-06 
-0.443893 -0.536798 -5.61194 0.0025 0.621236 0.513632 2.06693 0.00804847 28 4 1 5.14962e-06 
-0.439908 -0.515854 -5.6926 0.0025 0.633659 0.528105 2.08334 0.00789068 29 4 1 6.42136e-06 
-0.436001 -0.494392 -6.18729 0.0025 0.646531 0.543212 2.10015 0.00773358 30 4 1 7.8527e-06 
-0.432174 -0.471307 -6.90961 0.0025 0.660436 0.559645 2.11809 0.00757075 31 4 1 8.74071e-06 
-0.42843 -0.44662 -7.49899 0.0025 0.675481 0.577564 2.13726 0.00740213 32 4 1 9.02669e-06 
-0.424771 -0.420842 -7.95708 0.0025 0.691439 0.596738 2.15731 0.0072313 33 4 1 8.90273e-06 
-0.421197 -0.394607 -8.21918 0.0025 0.707997 0.616823 2.17781 0.00706217 34 4 1 8.59162e-06 
-0.417707 -0.368446 -8.40293 0.0025 0.724882 0.637499 2.19843 0.00689768 35 4 1 8.16843e-06 
-0.414298 -0.342611 -8.47096 0.0025 0.741892 0.658528 2.21891 0.00673953 36 4 1 7.77117e-06 
-0.410967 -0.317282 -8.54359 0.0025 0.758908 0.67976 2.23912 0.00658842 37 4 1 7.35667e-06 
-0.407709 -0.292497 -8.53653 0.0025 0.775853 0.701095 2.25897 0.00644452 38 4 1 7.01211e-06 
-0.404522 -0.268259 -8.58303 0.0025 0.792696 0.722489 2.27845 0.00630759 39 4 1 6.67635e-06 
-0.401401 -0.244641 -8.5663 0.0025 0.809428 0.743921 2.29756 0.0061772 40 4 1 6.35285e-06 
-0.398344 -0.221538 -8.58277 0.0025 0.826028 0.765362 2.31628 0.00605306 41 4 1 6.08077e-06 
-0.395347 -0.199085 -8.57945 0.0025 0.842507 0.786816 2.33464 0.00593467 42 4 1 5.79691e-06 
-0.392408 -0.176998 -8.58806 0.0025 0.858855 0.808269 2.35265 0.0058217 43 4 1 5.56843e-06 
-0.389525 -0.155512 -8.61041 0.0025 0.875083 0.829718 2.37032 0.00571375 44 4 1 5.0618e-06 
-0.386694 -0.134561 -8.37092 0.0025 0.891055 0.850985 2.38752 0.00561133 45 4 1 4.72225e-06 
-0.383913 -0.114564 -8.32934 0.0025 0.90675 0.872069 2.40423 0.0055142 46 4 1 5.68607e-06 
-0.381179 -0.094204 -9.26927 0.0025 0.922818 0.893779 2.42121 0.00541819 47 4 1 4.90104e-06 
-0.378494 -0.0730575 -8.65447 0.0025 0.938837 0.915454 2.43797 0.00532574 48 4 1 8.49129e-07 
-0.375853 -0.0566661 -5.69291 0.0025 0.952557 0.934251 2.45204 0.00524903 49 4 1 2.73963e-06 
-0.373245 -0.0427669 -7.62554 0.0025 0.965643 0.952528 2.46536 0.0051779 50 4 1 1.06743e-05 
-0.370675 -0.0201939 -13.2274 0.0025 0.983078 0.976603 2.48331 0.00508607 51 4 1 4.4421e-06 
-0.368158 0.00425236 -8.37566 0.0025 1.00043 1.00032 2.50091 0.00499784 52 4 1 -8.94192e-06 
-0.365677 0.0117613 0.982714 0.0025 1.00838 1.01159 2.50848 0.00495846 53 4 1 -2.20739e-06 
-0.3632 0.0120548 -3.49106 0.0025 1.0129 1.0185 2.5128 0.00493633 54 4 1 1.06752e-05 
-0.360741 0.0297793 -11.7845 0.0025 1.0249 1.03517 2.52503 0.00487853 55 4 1 3.03594e-07 
-0.358321 0.0460063 -3.5267 0.0025 1.0363 1.05084 2.53631 0.00482487 56 4 1 -9.00602e-06 
-0.355916 0.0465004 1.22305 0.0025 1.03785 1.05319 2.53767 0.00481765 57 3 1 -4.64776e-06 
-0.353503 0.0413545 3.15047 0.0025 1.03348 1.04717 2.53332 0.00483801 58 4 1 -1.22286e-06 
-0.351078 0.033985 3.85231 0.0025 1.02724 1.03839 2.52713 0.00486739 59 4 1 3.78326e-07 
-0.348636 0.0260481 3.91634 0.0025 1.02068 1.02913 2.52061 0.00489871 60 4 1 1.23384e-06 
-0.346179 0.0186243 3.50409 0.0025 1.01467 1.02066 2.51462 0.00492773 61 4 1 1.56956e-06 
-0.343708 0.0124135 2.81574 0.0025 1.00972 1.0137 2.50969 0.00495186 62 4 1 1.52025e-06 
-0.341227 0.00771013 2.05293 0.0025 1.00602 1.00849 2.50599 0.00497008 63 4 1 1.25042e-06 
-0.338738 0.00446039 1.36857 0.0025 1.00348 1.00491 2.50346 0.00498266 64 4 1 9.14262e-07 
-0.336244 0.00239921 0.838863 0.0025 1.00187 1.00265 2.50186 0.00499064 65 4 1 6.09577e-07 
-0.333747 0.00119464 0.473887 0.0025 1.00094 1.00133 2.50093 0.00499532 66 4 1 3.7552e-07 
-0.331249 0.000545829 0.246265 0.0025 1.00043 1.00061 2.50043 0.00499785 67 4 1 2.14587e-07 
-0.32875 0.000225185 0.116824 0.0025 1.00018 1.00026 2.50018 0.0049991 68 4 1 1.13383e-07 
-0.32625 8.14233e-05 0.0497658 0.0025 1.00007 1.0001 2.50007 0.00499967 69 4 1 5.48673e-08 
-0.32375 2.42566e-05 0.0184063 0.0025 1.00002 1.00003 2.50002 0.0049999 70 4 1 2.38909e-08 
-0.32125 5.00728e-06 0.005472 0.0025 1 1.00001 2.5 0.00499998 71 4 1 9.05824e-09 
-0.31875 1.36521e-07 0.00108688 0.0025 1 1 2.5 0.005 72 4 1 2.86382e-09 
-0.31625 -1.53459e-07 -0.000402828 0.0025 1 1 2.5 0.005 73 5 1 4.77208e-10 
-0.31375 2.49483e-07 -8.22063e-05 0.0025 1 1 2.5 0.005 74 4 1 -1.85588e-10 
-0.31125 2.34849e-07 3.97135e-05 0.0025 1 1 2.5 0.005 75 3 1 -5.23349e-11 
-0.30875 1.36652e-07 5.08936e-05 0.0025 1 1 2.5 0.005 76 4 1 1.3587e-11 
-0.30625 6.00974e-08 3.18945e-05 0.0025 1 1 2.5 0.005 77 4 1 2.23166e-11 
-0.30375 2.01775e-08 1.44599e-05 0.0025 1 1 2.5 0.005 78 4 1 1.46856e-11 
-0.30125 4.52223e-09 4.85772e-06 0.0025 1 1 2.5 0.005 79 4 1 6.84426e-12 
-0.29875 1.77397e-10 1.0406e-06 0.0025 1 1 2.5 0.005 80 4 1 2.3955e-12 
-0.29625 -2.05603e-10 -2.74176e-07 0.0025 1 1 2.5 0.005 81 5 1 4.43005e-13 
-0.29375 1.12232e-10 -7.57134e-08 0.0025 1 1 2.5 0.005 82 4 1 -1.30834e-13 
-0.29125 1.18144e-10 2.22391e-08 0.0025 1 1 2.5 0.005 83 3 1 -3.99915e-14 
-0.28875 6.17133e-11 2.98222e-08 0.0025 1 1 2.5 0.005 84 4 1 9.81295e-15 
-0.28625 2.17147e-11 1.57319e-08 0.0025 1 1 2.5 0.005 85 4 1 1.33774e-14 
-0.28375 4.68126e-12 5.43537e-09 0.0025 1 1 2.5 0.005 86 4 1 7.19496e-15 
-0.28125 4.4666e-14 1.08241e-09 0.0025 1 1 2.5 0.005 87 4 1 2.65103e-15 
-0.27875 -2.76504e-13 -3.62093e-10 0.0025 1 1 2.5 0.005 88 5 1 3.90799e-16 
-0.27625 1.17907e-13 -8.05471e-11 0.0025 1 1 2.5 0.005 89 4 1 -1.71951e-16 
-0.27375 9.90101e-14 2.80238e-11 0.0025 1 1 2.5 0.005 90 3 1 -1.95399e-17 
-0.27125 5.33902e-14 4.36557e-11 0.0025 1 1 2.5 0.005 91 4 1 2.84217e-18 
-0.26875 3.39095e-15 6.82121e-12 0.0025 1 1 2.5 0.005 92 5 1 1.74083e-17 
-0.26625 -8.21867e-16 4.54747e-13 0.0025 1 1 2.5 0.005 93 5 1 3.55271e-18 
-0.26375 -6.84838e-17 -2.27374e-13 0.0025 1 1 2.5 0.005 94 5 1 -1.42109e-18 
-0.26125 -1.35061e-47 -4.48416e-44 0.0025 1 1 2.5 0.005 95 5 1 -1.42109e-18 
-0.25875 0 0 0.0025 1 1 2.5 0.005 96 5 1 -1.42109e-18 
-0.25625 0 0 0.0025 1 1 2.5 0.005 97 5 1 -1.42109e-18 
-0.25375 0 0 0.0025 1 1 2.5 0.005 98 5 1 -1.42109e-18 
-0.25125 0 0 0.0025 1 1 2.5 0.005 99 5 1 -1.42109e-18 
-0.24875 0 0 0.0025 1 1 2.5 0.005 100 5 1 -1.42109e-18 
-0.24625 0 0 0.0025 1 1 2.5 0.005 101 5 1 -1.42109e-18 
-0.24375 0 0 0.0025 1 1 2.5 0.005 102 5 1 -1.42109e-18 
-0.24125 0 0 0.0025 1 1 2.5 0.005 103 5 1 -1.42109e-18 
-0.23875 0 0 0.0025 1 1 2.5 0.005 104 5 1 -1.42109e-18 
-0.23625 0 0 0.0025 1 1 2.5 0.005 105 5 1 -1.42109e-18 
-0.23375 0 0 0.0025 1 1 2.5 0.005 106 5 1 -1.42109e-18 
-0.23125 0 0 0.0025 1 1 2.5 0.005 107 5 1 -1.42109e-18 
-0.22875 0 0 0.0025 1 1 2.5 0.005 108 5 1 -1.42109e-18 
-0.22625 0 0 0.0025 1 1 2.5 0.005 109 5 1 -1.42109e-18 
-0.22375 0 0 0.0025 1 1 2.5 0.005 110 5 1 -1.42109e-18 
-0.22125 0 0 0.0025 1 1 2.5 0.005 111 5 1 -1.42109e-18 
-0.21875 0 0 0.0025 1 1 2.5 0.005 112 5 1 -1.42109e-18 
-0.21625 0 0 0.0025 1 1 2.5 0.005 113 5 1 -1.42109e-18 
-0.21375 0 0 0.0025 1 1 2.5 0.005 114 5 1 -1.42109e-18 
-0.21125 0 0 0.0025 1 1 2.5 0.005 115 5 1 -1.42109e-18 
-0.20875 0 0 0.0025 1 1 2.5 0.005 116 5 1 -1.42109e-18 
-0.20625 0 0 0.0025 1 1 2.5 0.005 117 5 1 -1.42109e-18 
-0.20375 0 0 0.0025 1 1 2.5 0.005 118 5 1 -1.42109e-18 
-0.20125 0 0 0.0025 1 1 2.5 0.005 119 5 1 -1.42109e-18 
-0.19875 0 0 0.0025 1 1 2.5 0.005 120 5 1 -1.42109e-18 
-0.19625 0 0 0.0025 1 1 2.5 0.005 121 5 1 -1.42109e-18 
-0.19375 0 0 0.0025 1 1 2.5 0.005 122 5 1 -1.42109e-18 
-0.19125 0 0 0.0025 1 1 2.5 0.005 123 5 1 -1.42109e-18 
-0.18875 0 0 0.0025 1 1 2.5 0.005 124 5 1 -1.42109e-18 
-0.18625 0 0 0.0025 1 1 2.5 0.005 125 5 1 -1.42109e-18 
-0.18375 0 0 0.0025 1 1 2.5 0.005 126 5 1 -1.42109e-18 
-0.18125 0 0 0.0025 1 1 2.5 0.005 127 5 1 -1.42109e-18 
-0.17875 0 0 0.0025 1 1 2.5 0.005 128 5 1 -1.42109e-18 
-0.17625 0 0 0.0025 1 1 2.5 0.005 129 5 1 -1.42109e-18 
-0.17375 0 0 0.0025 1 1 2.5 0.005 130 5 1 -1.42109e-18 
-0.17125 0 0 0.0025 1 1 2.5 0.005 131 5 1 -1.42109e-18 
-0.16875 0 0 0.0025 1 1 2.5 0.005 132 5 1 -1.42109e-18 
-0.16625 0 0 0.0025 1 1 2.5 0.005 133 5 1 -1.42109e-18 
-0.16375 0 0 0.0025 1 1 2.5 0.005 134 5 1 -1.42109e-18 
-0.16125 0 0 0.0025 1 1 2.5 0.005 135 5 1 -1.42109e-18 
-0.15875 0 0 0.0025 1 1 2.5 0.005 136 5 1 -1.42109e-18 
-0.15625 0 0 0.0025 1 1 2.5 0.005 137 5 1 -1.42109e-18 
-0.15375 0 0 0.0025 1 1 2.5 0.005 138 5 1 -1.42109e-18 
-0.15125 0 0 0.0025 1 1 2.5 0.005 139 5 1 -1.42109e-18 
-0.14875 0 0 0.0025 1 1 2.5 0.005 140 5 1 -1.42109e-18 
-0.14625 0 0 0.0025 1 1 2.5 0.005 141 5 1 -1.42109e-18 
-0.14375 0 0 0.0025 1 1 2.5 0.005 142 5 1 -1.42109e-18 
-0.14125 0 0 0.0025 1 1 2.5 0.005 143 5 1 -1.42109e-18 
-0.13875 0 0 0.0025 1 1 2.5 0.005 144 5 1 -1.42109e-18 
-0.13625 0 0 0.0025 1 1 2.5 0.005 145 5 1 -1.42109e-18 
-0.13375 0 0 0.0025 1 1 2.5 0.005 146 5 1 -1.42109e-18 
-0.13125 0 0 0.0025 1 1 2.5 0.005 147 5 1 -1.42109e-18 
-0.12875 0 0 0.0025 1 1 2.5 0.005 148 5 1 -1.42109e-18 
-0.12625 0 0 0.0025 1 1 2.5 0.005 149 5 1 -1.42109e-18 
-0.12375 0 0 0.0025 1 1 2.5 0.005 150 5 1 -1.42109e-18 
-0.12125 0 0 0.0025 1 1 2.5 0.005 151 5 1 -1.42109e-18 
-0.11875 0 0 0.0025 1 1 2.5 0.005 152 5 1 -1.42109e-18 
-0.11625 0 0 0.0025 1 1 2.5 0.005 153 5 1 -1.42109e-18 
-0.11375 0 0 0.0025 1 1 2.5 0.005 154 5 1 -1.42109e-18 
-0.11125 0 0 0.0025 1 1 2.5 0.005 155 5 1 -1.42109e-18 
-0.10875 0 0 0.0025 1 1 2.5 0.005 156 5 1 -1.42109e-18 
-0.10625 0 0 0.0025 1 1 2.5 0.005 157 5 1 -1.42109e-18 
-0.10375 0 0 0.0025 1 1 2.5 0.005 158 5 1 -1.42109e-18 
-0.10125 0 0 0.0025 1 1 2.5 0.005 159 5 1 -1.42109e-18 
-0.09875 0 0 0.0025 1 1 2.5 0.005 160 5 1 -1.42109e-18 
-0.09625 0 0 0.0025 1 1 2.5 0.005 161 5 1 -1.42109e-18 
-0.09375 0 0 0.0025 1 1 2.5 0.005 162 5 1 -1.42109e-18 
-0.09125 0 0 0.0025 1 1 2.5 0.005 163 5 1 -1.42109e-18 
-0.08875 0 0 0.0025 1 1 2.5 0.005 164 5 1 -1.42109e-18 
-0.08625 0 0 0.0025 1 1 2.5 0.005 165 5 1 -1.42109e-18 
-0.08375 0 0 0.0025 1 1 2.5 0.005 166 5 1 -1.42109e-18 
-0.08125 0 0 0.0025 1 1 2.5 0.005 167 5 1 -1.42109e-18 
-0.07875 0 0 0.0025 1 1 2.5 0.005 168 5 1 -1.42109e-18 
-0.07625 0 0 0.0025 1 1 2.5 0.005 169 5 1 -1.42109e-18 
-0.07375 -4.95115e-46 -3.36312e-44 0.0025 1 1 2.5 0.005 170 5 1 -1.42109e-18 
-0.07125 -1.36448e-16 -3.36312e-44 0.0025 1 1 2.5 0.005 171 5 1 -1.42109e-18 
-0.06875 -2.72209e-16 0 0.0025 1 1 2.5 0.005 172 5 1 -1.42109e-18 
-0.06625 -4.06674e-16 0 0.0025 1 1 2.5 0.005 173 5 1 -1.42109e-18 
-0.06375 -5.41059e-16 0 0.0025 1 1 2.5 0.005 174 5 1 -1.42109e-18 
-0.06125 -6.7458e-16 0 0.0025 1 1 2.5 0.005 175 5 1 -1.42109e-18 
-0.05875 -8.41194e-16 -1.13687e-13 0.0025 1 1 2.5 0.005 176 5 1 -1.42109e-18 
-0.05625 -9.73233e-16 1.13687e-13 0.0025 1 1 2.5 0.005 177 5 1 -1.42109e-18 
-0.05375 -1.10333e-15 -1.13687e-13 0.0025 1 1 2.5 0.005 178 5 1 -1.42109e-18 
-0.05125 -1.36676e-15 1.13687e-13 0.0025 1 1 2.5 0.005 179 5 1 -1.42109e-18 
-0.04875 -1.62899e-15 -1.13687e-13 0.0025 1 1 2.5 0.005 180 5 1 -1.42109e-18 
-0.04625 -1.85507e-15 -1.12104e-44 0.0025 1 1 2.5 0.005 181 5 1 -1.42109e-18 
-0.04375 -2.24455e-15 -1.12104e-44 0.0025 1 1 2.5 0.005 182 5 1 -1.42109e-18 
-0.04125 -2.73214e-15 -1.13687e-13 0.0025 1 1 2.5 0.005 183 5 1 -1.42109e-18 
-0.03875 -3.37762e-15 3.9443e-29 0.0025 1 1 2.5 0.005 184 5 1 -1.42109e-18 
-0.03625 -1.98814e-15 -1.13687e-13 0.0025 1 1 2.5 0.005 185 5 1 -3.90799e-18 
-0.03375 -4.27698e-15 -9.66338e-13 0.0025 1 1 2.5 0.005 186 4 1 -1.10134e-17 
-0.03125 -2.54651e-15 1.64846e-12 0.0025 1 1 2.5 0.005 187 3 1 2.80664e-17 
-0.02875 -9.91385e-16 -1.02318e-12 0.0025 1 1 2.5 0.005 188 4 1 -1.1724e-17 
-0.02625 -1.69615e-15 1.13687e-13 0.0025 1 1 2.5 0.005 189 5 1 -7.10543e-18 
-0.02375 6.91499e-16 6.25278e-13 0.0025 1 1 2.5 0.005 190 3 1 3.90799e-18 
-0.02125 -2.21841e-16 -5.68434e-14 0.0025 1 1 2.5 0.005 191 4 1 3.55271e-18 
-0.01875 -1.07301e-15 -1.13687e-13 0.0025 1 1 2.5 0.005 192 5 1 -7.10543e-18 
-0.01625 -1.17112e-15 -2.85962e-28 0.0025 1 1 2.5 0.005 193 4 1 2.13163e-18 
-0.01375 1.01737e-15 2.46519e-28 0.0025 1 1 2.5 0.005 194 4 1 1.2326e-33 
-0.01125 1.23458e-16 2.46519e-28 0.0025 1 1 2.5 0.005 195 5 1 -1.42109e-18 
-0.00875 3.63061e-16 1.13687e-13 0.0025 1 1 2.5 0.005 196 5 1 -1.42109e-18 
-0.00625 1.33983e-16 -1.13687e-13 0.0025 1 1 2.5 0.005 197 4 1 -1.06581e-18 
-0.00375 3.50388e-16 1.13687e-13 0.0025 1 1 2.5 0.005 198 4 1 -1.06581e-18 
-0.00125 -3.51554e-17 -3.41061e-13 0.0025 1 1 2.5 0.005 199 3 1 0 
0.00125 1.64725e-16 1.13687e-13 0.0025 1 1 2.5 0.005 200 3 1 0 
0.00375 -2.4075e-16 1.13687e-13 0.0025 1 1 2.5 0.005 201 4 1 -7.10543e-19 
0.00625 3.09381e-16 1.13687e-13 0.0025 1 1 2.5 0.005 202 5 1 1.00148e-32 
0.00875 -1.16325e-15 -1.7053e-13 0.0025 1 1 2.5 0.005 203 4 1 3.55271e-19 
0.01125 6.50919e-17 -5.68434e-14 0.0025 1 1 2.5 0.005 204 3 1 -1.42109e-18 
0.01375 4.00235e-16 3.97904e-13 0.0025 1 1 2.5 0.005 205 4 1 3.55271e-19 
0.01625 -1.28308e-15 -2.84217e-13 0.0025 1 1 2.5 0.005 206 4 1 3.55271e-19 
0.01875 -1.56298e-15 -2.84217e-13 0.0025 1 1 2.5 0.005 207 4 1 -1.42109e-18 
0.02125 1.60441e-16 -1.7053e-13 0.0025 1 1 2.5 0.005 208 3 1 3.55271e-19 
0.02375 2.59777e-15 5.68434e-14 0.0025 1 1 2.5 0.005 209 3 1 5.68434e-18 
0.02625 7.13135e-16 5.68434e-14 0.0025 1 1 2.5 0.005 210 4 1 -9.59233e-18 
0.02875 2.08945e-15 1.13687e-13 0.0025 1 1 2.5 0.005 211 3 1 1.20792e-17 
0.03125 3.3177e-15 1.98201e-27 0.0025 1 1 2.5 0.005 212 4 1 -6.39488e-18 
0.03375 2.22597e-15 1.85382e-27 0.0025 1 1 2.5 0.005 213 5 1 -3.19744e-18 
0.03625 1.85774e-15 -3.9443e-29 0.0025 1 1 2.5 0.005 214 5 1 -1.42109e-18 
0.03875 2.15177e-16 1.13687e-13 0.0025 1 1 2.5 0.005 215 5 1 1.06581e-18 
0.04125 -2.05223e-16 5.68434e-14 0.0025 1 1 2.5 0.005 216 5 1 -6.03961e-18 
0.04375 -7.96101e-16 -5.68434e-14 0.0025 1 1 2.5 0.005 217 5 1 2.13163e-18 
0.04625 -1.71203e-15 1.23314e-43 0.0025 1 1 2.5 0.005 218 5 1 -4.26326e-18 
0.04875 1.34507e-15 -5.60519e-44 0.0025 1 1 2.5 0.005 219 5 1 -7.10543e-19 
0.05125 8.53184e-16 8.96831e-44 0.0025 1 1 2.5 0.005 220 5 1 -2.84217e-18 
0.05375 2.15697e-15 1.13687e-13 0.0025 1 1 2.5 0.005 221 5 1 -2.4869e-18 
0.05625 -3.05882e-16 3.9443e-29 0.0025 1 1 2.5 0.005 222 5 1 4.61853e-18 
0.05875 9.39733e-16 -5.68434e-14 0.0025 1 1 2.5 0.005 223 5 1 -1.06581e-17 
0.06125 2.47309e-16 -5.68434e-14 0.0025 1 1 2.5 0.005 224 3 1 1.42109e-18 
0.06375 4.27769e-15 5.68434e-14 0.0025 1 1 2.5 0.005 225 3 1 8.88178e-18 
0.06625 1.39237e-15 1.13687e-13 0.0025 1 1 2.5 0.005 226 5 1 -1.38556e-17 
0.06875 3.21651e-15 1.13687e-13 0.0025 1 1 2.5 0.005 227 5 1 7.4607e-18 
0.07125 1.27612e-15 5.68434e-14 0.0025 1 1 2.5 0.005 228 5 1 -8.17124e-18 
0.07375 -2.13338e-16 5.68434e-14 0.0025 1 1 2.5 0.005 229 5 1 7.10543e-18 
0.07625 2.99707e-15 1.13687e-13 0.0025 1 1 2.5 0.005 230 5 1 -1.24345e-17 
0.07875 2.89669e-15 1.13687e-13 0.0025 1 1 2.5 0.005 231 5 1 7.81597e-18 
0.08125 9.29625e-16 2.27374e-13 0.0025 1 1 2.5 0.005 232 5 1 -6.75016e-18 
0.08375 5.59981e-15 -2.84217e-13 0.0025 1 1 2.5 0.005 233 5 1 3.19744e-18 
0.08625 4.54991e-15 -2.27374e-13 0.0025 1 1 2.5 0.005 234 5 1 -5.68434e-18 
0.08875 3.72166e-15 5.68434e-14 0.0025 1 1 2.5 0.005 235 5 1 3.55271e-19 
0.09125 2.98988e-15 5.68434e-14 0.0025 1 1 2.5 0.005 236 5 1 -3.90799e-18 
0.09375 2.30495e-15 0 0.0025 1 1 2.5 0.005 237 5 1 2.46519e-33 
0.09625 1.64004e-15 2.24208e-44 0.0025 1 1 2.5 0.005 238 5 1 -4.61853e-18 
0.09875 5.79052e-16 1.45735e-43 0.0025 1 1 2.5 0.005 239 5 1 1.42109e-18 
0.10125 2.57924e-15 -1.79366e-43 0.0025 1 1 2.5 0.005 240 5 1 -6.75016e-18 
0.10375 1.40154e-15 -1.12104e-44 0.0025 1 1 2.5 0.005 241 5 1 5.68434e-18 
0.10625 5.6678e-16 -3.36312e-44 0.0025 1 1 2.5 0.005 242 5 1 -1.03029e-17 
0.10875 -1.37786e-15 2.9147e-43 0.0025 1 1 2.5 0.005 243 5 1 9.9476e-18 
0.11125 9.3542e-16 -2.01787e-43 0.0025 1 1 2.5 0.005 244 5 1 -1.66978e-17 
0.11375 -1.76135e-15 2.35418e-43 0.0025 1 1 2.5 0.005 245 5 1 1.74083e-17 
0.11625 2.78299e-15 1.13687e-13 0.0025 1 1 2.5 0.005 246 5 1 -2.45137e-17 
0.11875 9.51542e-16 -1.13687e-13 0.0025 1 1 2.5 0.005 247 5 1 2.41585e-17 
0.12125 7.83428e-16 5.68434e-14 0.0025 1 1 2.5 0.005 248 5 1 -3.05533e-17 
0.12375 -7.70059e-16 5.68434e-14 0.0025 1 1 2.5 0.005 249 3 1 1.52767e-17 
0.12625 3.90932e-15 7.14905e-27 0.0025 1 1 2.5 0.005 250 3 1 1.42109e-17 
0.12875 1.15461e-15 7.10961e-27 0.0025 1 1 2.5 0.005 251 5 1 -2.70006e-17 
0.13125 1.74169e-15 -3.9443e-29 0.0025 1 1 2.5 0.005 252 5 1 1.84741e-17 
0.13375 -7.23771e-16 3.13891e-43 0.0025 1 1 2.5 0.005 253 5 1 -1.77636e-17 
0.13625 2.67573e-15 -2.8026e-43 0.0025 1 1 2.5 0.005 254 5 1 1.03029e-17 
0.13875 1.13993e-15 1.13687e-13 0.0025 1 1 2.5 0.005 255 5 1 -1.13687e-17 
0.14125 9.56649e-16 -1.12104e-43 0.0025 1 1 2.5 0.005 256 5 1 4.9738e-18 
0.14375 -5.69411e-16 6.72623e-44 0.0025 1 1 2.5 0.005 257 5 1 -6.75016e-18 
0.14625 -1.69092e-15 5.68434e-14 0.0025 1 1 2.5 0.005 258 5 1 4.26326e-18 
0.14875 -2.47826e-15 1.23314e-43 0.0025 1 1 2.5 0.005 259 5 1 -6.75016e-18 
0.15125 -1.76086e-15 -6.72623e-44 0.0025 1 1 2.5 0.005 260 5 1 1.42109e-18 
0.15375 -2.45079e-15 6.72623e-44 0.0025 1 1 2.5 0.005 261 5 1 -4.9738e-18 
0.15625 -1.19611e-15 -5.68434e-14 0.0025 1 1 2.5 0.005 262 5 1 2.46519e-33 
0.15875 -1.82925e-15 5.68434e-14 0.0025 1 1 2.5 0.005 263 5 1 -2.84217e-18 
0.16125 -2.14913e-15 5.68434e-14 0.0025 1 1 2.5 0.005 264 5 1 -7.10543e-19 
0.16375 -2.4495e-15 -5.68434e-14 0.0025 1 1 2.5 0.005 265 5 1 -2.84217e-18 
0.16625 -2.70163e-15 5.68434e-14 0.0025 1 1 2.5 0.005 266 5 1 -7.10543e-19 
0.16875 -2.71552e-15 0 0.0025 1 1 2.5 0.005 267 5 1 -2.84217e-18 
0.17125 -2.96612e-15 -2.24208e-44 0.0025 1 1 2.5 0.005 268 5 1 -7.10543e-19 
0.17375 -3.0309e-15 -1.13687e-13 0.0025 1 1 2.5 0.005 269 5 1 -2.13163e-18 
0.17625 -3.3505e-15 1.13687e-13 0.0025 1 1 2.5 0.005 270 5 1 -1.77636e-18 
0.17875 -3.58682e-15 2.27374e-13 0.0025 1 1 2.5 0.005 271 5 1 -1.77636e-18 
0.18125 -1.13302e-15 -5.68434e-13 0.0025 1 1 2.5 0.005 272 5 1 2.13163e-18 
0.18375 -1.18208e-15 -6.25278e-13 0.0025 1 1 2.5 0.005 273 5 1 -5.68434e-18 
0.18625 1.03285e-16 1.13687e-13 0.0025 1 1 2.5 0.005 274 5 1 -1.77636e-18 
0.18875 -7.332e-16 5.68434e-14 0.0025 1 1 2.5 0.005 275 5 1 -1.06581e-18 
0.19125 3.18515e-15 4.54747e-13 0.0025 1 1 2.5 0.005 276 5 1 -5.68434e-18 
0.19375 2.88039e-15 4.54747e-13 0.0025 1 1 2.5 0.005 277 5 1 2.84217e-18 
0.19625 2.35538e-15 -1.13687e-13 0.0025 1 1 2.5 0.005 278 5 1 -2.84217e-18 
0.19875 3.11374e-15 -5.60519e-44 0.0025 1 1 2.5 0.005 279 5 1 -7.10543e-19 
0.20125 2.8939e-15 -7.84727e-44 0.0025 1 1 2.5 0.005 280 5 1 -2.84217e-18 
0.20375 2.15177e-15 6.72623e-44 0.0025 1 1 2.5 0.005 281 5 1 2.46519e-33 
0.20625 2.15492e-15 -5.68434e-14 0.0025 1 1 2.5 0.005 282 5 1 -5.68434e-18 
0.20875 1.4364e-15 2.24208e-44 0.0025 1 1 2.5 0.005 283 5 1 2.84217e-18 
0.21125 1.04748e-15 -1.13687e-13 0.0025 1 1 2.5 0.005 284 5 1 -6.75016e-18 
0.21375 1.52506e-16 -1.12104e-44 0.0025 1 1 2.5 0.005 285 5 1 3.55271e-18 
0.21625 -8.41446e-16 -6.72623e-44 0.0025 1 1 2.5 0.005 286 5 1 -7.4607e-18 
0.21875 -3.30068e-15 -1.13687e-13 0.0025 1 1 2.5 0.005 287 5 1 8.52651e-18 
0.22125 -2.44484e-16 -2.35418e-43 0.0025 1 1 2.5 0.005 288 5 1 -1.52767e-17 
0.22375 -1.86992e-15 2.24208e-43 0.0025 1 1 2.5 0.005 289 5 1 1.38556e-17 
0.22625 1.2073e-15 1.13687e-13 0.0025 1 1 2.5 0.005 290 5 1 -2.16716e-17 
0.22875 -1.94037e-15 5.68434e-14 0.0025 1 1 2.5 0.005 291 5 1 2.30926e-17 
0.23125 3.25717e-15 5.68434e-14 0.0025 1 1 2.5 0.005 292 5 1 -3.09086e-17 
0.23375 8.22623e-16 1.13687e-13 0.0025 1 1 2.5 0.005 293 5 1 3.16192e-17 
0.23625 3.24401e-15 -1.13687e-13 0.0025 1 1 2.5 0.005 294 5 1 -3.90799e-17 
0.23875 7.33141e-16 1.90577e-43 0.0025 1 1 2.5 0.005 295 5 1 4.05009e-17 
0.24125 2.17771e-15 5.68434e-14 0.0025 1 1 2.5 0.005 296 5 1 -4.90274e-17 
0.24375 -1.01858e-15 -1.13687e-13 0.0025 1 1 2.5 0.005 297 5 1 5.04485e-17 
0.24625 -7.37698e-16 5.68434e-14 0.0025 1 1 2.5 0.005 298 5 1 -6.00409e-17 
0.24875 -2.84332e-15 5.68434e-14 0.0025 1 1 2.5 0.005 299 4 1 3.05533e-17 
0.25125 5.74985e-16 -5.68434e-14 0.0025 1 1 2.5 0.005 300 4 1 3.01981e-17 
0.25375 -2.2643e-15 2.66241e-26 0.0025 1 1 2.5 0.005 301 5 1 -5.79092e-17 
0.25625 1.46841e-15 -1.13687e-13 0.0025 1 1 2.5 0.005 302 5 1 4.90274e-17 
0.25875 -1.88239e-15 2.9147e-43 0.0025 1 1 2.5 0.005 303 5 1 -4.76064e-17 
0.26125 2.73e-15 -2.35418e-43 0.0025 1 1 2.5 0.005 304 5 1 3.83693e-17 
0.26375 -2.41362e-17 5.68434e-13 0.0025 1 1 2.5 0.005 305 5 1 -3.83693e-17 
0.26625 1.06955e-15 1.13687e-13 0.0025 1 1 2.5 0.005 306 5 1 3.48166e-17 
0.26875 -6.03653e-15 -6.53699e-12 0.0025 1 1 2.5 0.005 307 5 1 -7.10543e-18 
0.27125 -5.85003e-14 -4.47358e-11 0.0025 1 1 2.5 0.005 308 4 1 3.58824e-17 
0.27375 -9.1363e-14 -8.52651e-12 0.0025 1 1 2.5 0.005 309 3 1 -6.11067e-17 
0.27625 -1.20521e-13 3.41629e-11 0.0025 1 1 2.5 0.005 310 4 1 -1.35714e-16 
0.27875 2.46783e-13 4.03418e-10 0.0025 1 1 2.5 0.005 311 5 1 3.83693e-16 
0.28125 -1.01115e-14 -1.09776e-09 0.0025 1 1 2.5 0.005 312 4 1 2.61196e-15 
0.28375 -4.69459e-12 -5.43633e-09 0.0025 1 1 2.5 0.005 313 4 1 7.20313e-15 
0.28625 -2.17162e-11 -1.5724e-08 0.0025 1 1 2.5 0.005 314 4 1 1.34428e-14 
0.28875 -6.17041e-11 -2.98302e-08 0.0025 1 1 2.5 0.005 315 4 1 9.78488e-15 
0.29125 -1.18137e-10 -2.22545e-08 0.0025 1 1 2.5 0.005 316 3 1 -4.00163e-14 
0.29375 -1.12236e-10 7.57433e-08 0.0025 1 1 2.5 0.005 317 4 1 -1.30859e-13 
0.29625 2.05581e-10 2.74174e-07 0.0025 1 1 2.5 0.005 318 5 1 4.43033e-13 
0.29875 -1.77385e-10 -1.04062e-06 0.0025 1 1 2.5 0.005 319 4 1 2.39552e-12 
0.30125 -4.52222e-09 -4.85773e-06 0.0025 1 1 2.5 0.005 320 4 1 6.84423e-12 
0.30375 -2.01775e-08 -1.44598e-05 0.0025 1 1 2.5 0.005 321 4 1 1.46856e-11 
0.30625 -6.00974e-08 -3.18945e-05 0.0025 1 1 2.5 0.005 322 4 1 2.23166e-11 
0.30875 -1.36652e-07 -5.08936e-05 0.0025 1 1 2.5 0.005 323 4 1 1.3587e-11 
0.31125 -2.34849e-07 -3.97135e-05 0.0025 1 1 2.5 0.005 324 3 1 -5.23349e-11 
0.31375 -2.49483e-07 8.22063e-05 0.0025 1 1 2.5 0.005 325 4 1 -1.85588e-10 
0.31625 1.53459e-07 0.000402828 0.0025 1 1 2.5 0.005 326 5 1 4.77208e-10 
0.31875 -1.36521e-07 -0.00108688 0.0025 1 1 2.5 0.005 327 4 1 2.86382e-09 
0.32125 -5.00728e-06 -0.005472 0.0025 1 1.00001 2.5 0.00499998 328 4 1 9.05824e-09 
0.32375 -2.42566e-05 -0.0184063 0.0025 1.00002 1.00003 2.50002 0.0049999 329 4 1 2.38909e-08 
0.32625 -8.14233e-05 -0.0497658 0.0025 1.00007 1.0001 2.50007 0.00499967 330 4 1 5.48673e-08 
0.32875 -0.000225185 -0.116824 0.0025 1.00018 1.00026 2.50018 0.0049991 331 4 1 1.13383e-07 
0.331249 -0.000545829 -0.246265 0.0025 1.00043 1.00061 2.50043 0.00499785 332 4 1 2.14587e-07 
0.333747 -0.00119464 -0.473887 0.0025 1.00094 1.00133 2.50093 0.00499532 333 4 1 3.7552e-07 
0.336244 -0.00239921 -0.838863 0.0025 1.00187 1.00265 2.50186 0.00499064 334 4 1 6.09577e-07 
0.338738 -0.00446039 -1.36857 0.0025 1.00348 1.00491 2.50346 0.00498266 335 4 1 9.14262e-07 
0.341227 -0.00771013 -2.05293 0.0025 1.00602 1.00849 2.50599 0.00497008 336 4 1 1.25042e-06 
0.343708 -0.0124135 -2.81574 0.0025 1.00972 1.0137 2.50969 0.00495186 337 4 1 1.52025e-06 
0.346179 -0.0186243 -3.50409 0.0025 1.01467 1.02066 2.51462 0.00492773 338 4 1 1.56956e-06 
0.348636 -0.0260481 -3.91634 0.0025 1.02068 1.02913 2.52061 0.00489871 339 4 1 1.23384e-06 
0.351078 -0.033985 -3.85231 0.0025 1.02724 1.03839 2.52713 0.00486739 340 4 1 3.78326e-07 
0.353503 -0.0413545 -3.15047 0.0025 1.03348 1.04717 2.53332 0.00483801 341 4 1 -1.22286e-06 
0.355916 -0.0465004 -1.22305 0.0025 1.03785 1.05319 2.53767 0.00481765 342 3 1 -4.64776e-06 
0.358321 -0.0460063 3.5267 0.0025 1.0363 1.05084 2.53631 0.00482487 343 4 1 -9.00602e-06 
0.360741 -0.0297793 11.7845 0.0025 1.0249 1.03517 2.52503 0.00487853 344 4 1 3.03594e-07 
0.3632 -0.0120548 3.49106 0.0025 1.0129 1.0185 2.5128 0.00493633 345 4 1 1.06752e-05 
0.365677 -0.0117613 -0.982714 0.0025 1.00838 1.01159 2.50848 0.00495846 346 4 1 -2.20739e-06 
0.368158 -0.00425236 8.37566 0.0025 1.00043 1.00032 2.50091 0.00499784 347 4 1 -8.94192e-06 
0.370675 0.0201939 13.2274 0.0025 0.983078 0.976603 2.48331 0.00508607 348 4 1 4.4421e-06 
0.373245 0.0427669 7.62554 0.0025 0.965643 0.952528 2.46536 0.0051779 349 4 1 1.06743e-05 
0.375853 0.0566661 5.69291 0.0025 0.952557 0.934251 2.45204 0.00524903 350 4 1 2.73963e-06 
0.378494 0.0730575 8.65447 0.0025 0.938837 0.915454 2.43797 0.00532574 351 4 1 8.49129e-07 
0.381179 0.094204 9.26927 0.0025 0.922818 0.893779 2.42121 0.00541819 352 4 1 4.90104e-06 
0.383913 0.114564 8.32934 0.0025 0.90675 0.872069 2.40423 0.0055142 353 4 1 5.68607e-06 
0.386694 0.134561 8.37092 0.0025 0.891055 0.850985 2.38752 0.00561133 354 4 1 4.72225e-06 
0.389525 0.155512 8.61041 0.0025 0.875083 0.829718 2.37032 0.00571375 355 4 1 5.0618e-06 
0.392408 0.176998 8.58806 0.0025 0.858855 0.808269 2.35265 0.0058217 356 4 1 5.56843e-06 
0.395347 0.199085 8.57945 0.0025 0.842507 0.786816 2.33464 0.00593467 357 4 1 5.79691e-06 
0.398344 0.221538 8.58277 0.0025 0.826028 0.765362 2.31628 0.00605306 358 4 1 6.08077e-06 
0.401401 0.244641 8.5663 0.0025 0.809428 0.743921 2.29756 0.0061772 359 4 1 6.35285e-06 
0.404522 0.268259 8.58303 0.0025 0.792696 0.722489 2.27845 0.00630759 360 4 1 6.67635e-06 
0.407709 0.292497 8.53653 0.0025 0.775853 0.701095 2.25897 0.00644452 361 4 1 7.01211e-06 
0.410967 0.317282 8.54359 0.0025 0.758908 0.67976 2.23912 0.00658842 362 4 1 7.35667e-06 
0.414298 0.342611 8.47096 0.0025 0.741892 0.658528 2.21891 0.00673953 363 4 1 7.77117e-06 
0.417707 0.368446 8.40293 0.0025 0.724882 0.637499 2.19843 0.00689768 364 4 1 8.16843e-06 
0.421197 0.394607 8.21918 0.0025 0.707997 0.616823 2.17781 0.00706217 365 4 1 8.59162e-06 
0.424771 0.420842 7.95708 0.0025 0.691439 0.596738 2.15731 0.0072313 366 4 1 8.90273e-06 
0.42843 0.44662 7.49899 0.0025 0.675481 0.577564 2.13726 0.00740213 367 4 1 9.02669e-06 
0.432174 0.471307 6.90961 0.0025 0.660436 0.559645 2.11809 0.00757075 368 4 1 8.74071e-06 
0.436001 0.494392 6.18729 0.0025 0.646531 0.543212 2.10015 0.00773358 369 4 1 7.8527e-06 
0.439908 0.515854 5.6926 0.0025 0.633659 0.528105 2.08334 0.00789068 370 4 1 6.42136e-06 
0.443893 0.536798 5.61194 0.0025 0.621236 0.513632 2.06693 0.00804847 371 4 1 5.14962e-06 
0.447958 0.558869 6.07397 0.0025 0.608431 0.498862 2.04981 0.00821786 372 4 1 5.00236e-06 
0.452112 0.583361 6.5319 0.0025 0.594815 0.48334 2.03136 0.00840598 373 4 1 6.59499e-06 
0.456365 0.609189 6.45469 0.0025 0.580924 0.467679 2.01225 0.00860698 374 4 1 8.89282e-06 
0.46072 0.633789 5.51717 0.0025 0.568088 0.453347 1.99435 0.00880146 375 4 1 1.027e-05 
0.465168 0.653427 3.78318 0.0025 0.557903 0.442048 1.97996 0.00896213 376 4 1 9.37408e-06 
0.469683 0.665617 1.82879 0.0025 0.551391 0.434818 1.97069 0.00906797 377 4 1 6.24859e-06 
0.474236 0.670684 0.575556 0.0025 0.548182 0.431192 1.96613 0.00912106 378 4 1 2.34085e-06 
0.478804 0.673244 0.691542 0.0025 0.546438 0.429224 1.96366 0.00915016 379 4 1 4.78758e-07 
0.483386 0.676576 0.605708 0.0025 0.545004 0.42768 1.96162 0.00917425 380 4 1 1.16437e-06 
0.487978 0.677332 -0.201915 0.0025 0.544431 0.427048 1.96083 0.00918389 381 5 1 8.48824e-07 
0.49257 0.676823 -0.0381438 0.0025 0.544537 0.427139 1.96101 0.00918211 382 4 1 9.02015e-09 
0.49716 0.676567 -0.0793806 0.0025 0.544663 0.427286 1.96123 0.00917998 383 4 1 5.97235e-08 
0.50175 0.676201 -0.0900091 0.0025 0.54483 0.427476 1.96151 0.00917718 384 4 1 2.02599e-08 
0.506338 0.675837 -0.0806405 0.0025 0.545013 0.427684 1.96181 0.00917409 385 4 1 -1.57682e-08 
0.510924 0.675504 -0.067501 0.0025 0.545181 0.427877 1.96209 0.00917127 386 4 1 -2.31835e-08 
0.515509 0.675213 -0.0560011 0.0025 0.545324 0.428045 1.96235 0.00916886 387 4 1 -2.19461e-08 
0.520093 0.674973 -0.0485963 0.0025 0.545445 0.428189 1.96257 0.00916683 388 4 1 -1.69672e-08 
0.524676 0.674772 -0.0427302 0.0025 0.545546 0.428314 1.96278 0.00916512 389 4 1 -2.0808e-08 
0.529258 0.674595 -0.0372599 0.0025 0.545632 0.42842 1.96296 0.00916369 390 4 1 -8.723e-09 
0.533839 0.674435 -0.0329509 0.0025 0.545704 0.428514 1.96313 0.00916248 391 4 1 -5.81965e-09 
0.53842 0.674292 -0.029673 0.0025 0.545766 0.428598 1.96329 0.00916144 392 4 1 -1.63111e-09 
0.543001 0.674168 -0.0262455 0.0025 0.54582 0.428675 1.96345 0.00916054 393 4 1 -1.39457e-08 
0.547581 0.674057 -0.0224771 0.0025 0.545855 0.428741 1.96359 0.00915994 394 4 1 1.34216e-07 
0.552161 0.673959 -0.0192496 0.0025 0.545895 0.428826 1.9639 0.00915927 395 3 1 -1.46008e-07 
0.55674 0.673871 -0.0169233 0.0025 0.545542 0.42872 1.96402 0.0091652 396 5 1 3.48876e-06 
0.561326 0.673794 -0.0150628 0.0025 0.547844 0.430426 1.96794 0.00912668 397 3 1 -1.90661e-05 
0.565867 0.673725 -0.0133535 0.0025 0.536555 0.425798 1.94953 0.00931871 398 4 1 0.000179183 
0.570651 0.67366 -0.0117137 0.0025 0.510741 0.43236 2.15198 0.00978969 399 4 1 -0.000134257 
0.575663 0.673597 -0.0101888 0.0025 0.482534 0.424168 2.155 0.010362 400 4 1 0.000265977 
0.581027 0.673536 -0.00863972 0.0025 0.454083 0.432628 2.44367 0.0110112 401 4 1 -0.00024042 
0.586685 0.673476 -0.00694706 0.0025 0.446805 0.426988 2.37979 0.0111906 402 5 1 5.37766e-05 
0.592219 0.673419 -0.00513603 0.0025 0.452244 0.429372 2.3742 0.011056 403 4 1 -3.02173e-06 
0.597741 0.673361 -0.00289349 0.0025 0.453431 0.429049 2.36482 0.011027 404 4 1 3.89292e-06 
0.603246 0.673293 0.000706444 0.0025 0.454506 0.429101 2.36002 0.011001 405 4 1 1.22999e-06 
0.608742 0.673197 0.00818806 0.0025 0.455102 0.429037 2.35667 0.0109865 406 4 1 7.4683e-07 
0.614232 0.673027 0.0254301 0.0025 0.455466 0.428915 2.3542 0.0109778 407 4 1 3.14428e-07 
0.61972 0.672667 0.0680475 0.0025 0.455577 0.428621 2.35211 0.0109751 408 3 1 -1.98312e-07 
0.625208 0.671824 0.174168 0.0025 0.455291 0.427897 2.34978 0.010982 409 4 1 -1.05236e-06 
0.630702 0.669811 0.427876 0.0025 0.454192 0.42615 2.34619 0.0110086 410 4 1 -2.7323e-06 
0.636216 0.664971 1.0397 0.0025 0.451336 0.422108 2.33923 0.0110782 411 4 1 -5.57857e-06 
0.64178 0.654123 2.2447 0.0025 0.444937 0.413412 2.32503 0.0112376 412 4 1 -9.73509e-06 
0.647455 0.630376 5.03183 0.0025 0.431794 0.396088 2.29625 0.0115796 413 4 1 -9.18275e-06 
0.653365 0.583171 8.98109 0.0025 0.408697 0.366252 2.24407 0.012234 414 4 1 2.59418e-06 
0.659706 0.497176 17.8971 0.0025 0.371596 0.32009 2.15358 0.0134555 415 4 1 4.93009e-05 
0.666884 0.330376 30.476 0.0025 0.322356 0.261859 2.019 0.0155108 416 4 1 0.000177731 
0.675367 0.128773 25.8021 0.0025 0.27844 0.211824 1.88507 0.0179572 417 4 1 0.000267199 
0.684958 0.0139088 8.65666 0.0025 0.255319 0.186032 1.81139 0.0195834 418 4 1 0.000143243 
0.694971 -0.00762673 -0.398284 0.0025 0.249463 0.179259 1.79345 0.020043 419 5 1 2.39401e-05 
0.705001 -0.00130653 -0.625851 0.0025 0.249612 0.179122 1.79389 0.0200311 420 4 1 5.23913e-07 
0.715002 0.000262074 -0.0169912 0.0025 0.250003 0.179486 1.79501 0.0199998 421 4 1 -8.84536e-07 
0.725001 0.000153896 0.0248246 0.0025 0.250026 0.179524 1.79507 0.0199979 422 3 1 -9.15623e-08 
0.735 3.80457e-05 0.00993256 0.0025 0.250009 0.179509 1.79502 0.0199993 423 4 1 2.4759e-08 
0.745 4.27824e-06 0.00193975 0.0025 0.250001 0.179502 1.795 0.0199999 424 4 1 1.34913e-08 
0.755 -6.67722e-07 8.28015e-05 0.0025 0.25 0.1795 1.795 0.02 425 4 1 3.16421e-09 
0.765 -2.39288e-07 -8.54498e-05 0.0025 0.25 0.1795 1.795 0.02 426 5 1 2.69657e-10 
0.775 1.17732e-08 -7.26487e-06 0.0025 0.25 0.1795 1.795 0.02 427 4 1 -9.40751e-11 
0.785 1.41943e-08 1.88306e-06 0.0025 0.25 0.1795 1.795 0.02 428 3 1 -1.7921e-11 
0.795 3.94849e-09 1.02183e-06 0.0025 0.25 0.1795 1.795 0.02 429 4 1 1.38796e-12 
0.805 5.06478e-10 2.12103e-07 0.0025 0.25 0.1795 1.795 0.02 430 4 1 1.23075e-12 
0.815 -3.6631e-11 1.47632e-08 0.0025 0.25 0.1795 1.795 0.02 431 4 1 3.13621e-13 
0.825 -2.27187e-11 -7.46789e-09 0.0025 0.25 0.1795 1.795 0.02 432 5 1 3.35477e-14 
0.835 -1.45192e-13 -8.86303e-10 0.0025 0.25 0.1795 1.795 0.02 433 4 1 -6.23555e-15 
0.845 8.74886e-13 1.20878e-10 0.0025 0.25 0.1795 1.795 0.02 434 3 1 -1.69216e-15 
0.855 2.56491e-13 7.10401e-11 0.0025 0.25 0.1795 1.795 0.02 435 4 1 3.10862e-17 
0.865 2.43863e-14 1.40261e-11 0.0025 0.25 0.1795 1.795 0.02 436 4 1 7.44294e-17 
0.875 -2.4286e-15 -8.52651e-14 0.0025 0.25 0.1795 1.795 0.02 437 5 1 1.86517e-17 
0.885 -4.87797e-16 -2.27374e-13 0.0025 0.25 0.1795 1.795 0.02 438 5 1 -8.88178e-19 
0.895 -1.49265e-16 -1.42109e-14 0.0025 0.25 0.1795 1.795 0.02 439 5 1 -1.42109e-18 
0.905 -2.63671e-16 -1.12104e-44 0.0025 0.25 0.1795 1.795 0.02 440 5 1 -1.42109e-18 
0.915 -6.034e-16 -2.84217e-14 0.0025 0.25 0.1795 1.795 0.02 441 5 1 -1.42109e-18 
0.925 -1.21817e-15 -4.26326e-14 0.0025 0.25 0.1795 1.795 0.02 442 5 1 -1.42109e-18 
0.935 -2.73095e-15 -5.68434e-14 0.0025 0.25 0.1795 1.795 0.02 443 5 1 -1.06581e-18 
0.945 -4.21668e-15 9.9476e-14 0.0025 0.25 0.1795 1.795 0.02 444 5 1 -7.4607e-18 
0.955 -9.63005e-15 8.52651e-14 0.0025 0.25 0.1795 1.795 0.02 445 5 1 1.04805e-17 
0.965 8.4378e-15 1.13687e-13 0.0025 0.25 0.1795 1.795 0.02 446 5 1 -2.06057e-17 
0.975 3.01168e-15 1.42109e-13 0.0025 0.25 0.1795 1.795 0.02 447 5 1 2.57572e-17 
0.985 2.17406e-15 -7.10543e-14 0.0025 0.25 0.1795 1.795 0.02 448 5 1 -3.12639e-17 
0.995 -3.86128e-15 -1.42109e-13 0.0025 0.25 0.1795 1.795 0.02 449 4 1 1.74083e-17 
1.005 3.83072e-15 1.27898e-13 0.0025 0.25 0.1795 1.795 0.02 450 4 1 1.63425e-17 
1.015 -1.9885e-15 7.10543e-14 0.0025 0.25 0.1795 1.795 0.02 451 5 1 -3.0731e-17 
1.025 -2.64051e-15 -1.56319e-13 0.0025 0.25 0.1795 1.795 0.02 452 5 1 2.59348e-17 
1.035 -8.13275e-15 -1.13687e-13 0.0025 0.25 0.1795 1.795 0.02 453 5 1 -2.07834e-17 
1.045 9.74262e-15 -8.52651e-14 0.0025 0.25 0.1795 1.795 0.02 454 5 1 9.9476e-18 
1.055 4.39594e-15 -7.10543e-14 0.0025 0.25 0.1795 1.795 0.02 455 5 1 -6.92779e-18 
1.065 2.71817e-15 7.10543e-14 0.0025 0.25 0.1795 1.795 0.02 456 5 1 -1.06581e-18 
1.075 1.20103e-15 4.26326e-14 0.0025 0.25 0.1795 1.795 0.02 457 5 1 -1.42109e-18 
1.085 6.03374e-16 2.84217e-14 0.0025 0.25 0.1795 1.795 0.02 458 5 1 -1.42109e-18 
1.095 2.63591e-16 1.12104e-44 0.0025 0.25 0.1795 1.795 0.02 459 5 1 -1.42109e-18 
1.105 1.4925e-16 1.42109e-14 0.0025 0.25 0.1795 1.795 0.02 460 5 1 -1.42109e-18 
1.115 4.10789e-16 2.27374e-13 0.0025 0.25 0.1795 1.795 0.02 461 5 1 -1.06581e-18 
1.125 2.14644e-15 3.97904e-13 0.0025 0.25 0.1795 1.795 0.02 462 5 1 1.75859e-17 
1.135 -1.60296e-14 -1.36993e-11 0.0025 0.25 0.1795 1.795 0.02 463 4 1 7.38964e-17 
1.145 -2.58471e-13 -7.02869e-11 0.0025 0.25 0.1795 1.795 0.02 464 4 1 4.20997e-17 
1.155 -8.68437e-13 -1.22228e-10 0.0025 0.25 0.1795 1.795 0.02 465 3 1 -1.69713e-15 
1.165 1.33217e-13 8.88193e-10 0.0025 0.25 0.1795 1.795 0.02 466 4 1 -6.2494e-15 
1.175 2.27258e-11 7.46655e-09 0.0025 0.25 0.1795 1.795 0.02 467 5 1 3.3538e-14 
1.185 3.66008e-11 -1.47669e-08 0.0025 0.25 0.1795 1.795 0.02 468 4 1 3.13664e-13 
1.195 -5.06451e-10 -2.121e-07 0.0025 0.25 0.1795 1.795 0.02 469 4 1 1.23075e-12 
1.205 -3.94848e-09 -1.02182e-06 0.0025 0.25 0.1795 1.795 0.02 470 4 1 1.3879e-12 
1.215 -1.41943e-08 -1.88307e-06 0.0025 0.25 0.1795 1.795 0.02 471 3 1 -1.7921e-11 
1.225 -1.17732e-08 7.26487e-06 0.0025 0.25 0.1795 1.795 0.02 472 4 1 -9.40751e-11 
1.235 2.39288e-07 8.54498e-05 0.0025 0.25 0.1795 1.795 0.02 473 5 1 2.69657e-10 
1.245 6.67722e-07 -8.28015e-05 0.0025 0.25 0.1795 1.795 0.02 474 4 1 3.16421e-09 
1.255 -4.27824e-06 -0.00193975 0.0025 0.250001 0.179502 1.795 0.0199999 475 4 1 1.34913e-08 
1.265 -3.80457e-05 -0.00993256 0.0025 0.250009 0.179509 1.79502 0.0199993 476 4 1 2.4759e-08 
1.275 -0.000153896 -0.0248246 0.0025 0.250026 0.179524 1.79507 0.0199979 477 3 1 -9.15623e-08 
1.285 -0.000262074 0.0169912 0.0025 0.250003 0.179486 1.79501 0.0199998 478 4 1 -8.84536e-07 
1.295 0.00130653 0.625851 0.0025 0.249612 0.179122 1.79389 0.0200311 479 4 1 5.23913e-07 
1.30503 0.00762673 0.398284 0.0025 0.249463 0.179259 1.79345 0.020043 480 5 1 2.39401e-05 
1.31504 -0.0139088 -8.65666 0.0025 0.255319 0.186032 1.81139 0.0195834 481 4 1 0.000143243 
1.32463 -0.128773 -25.8021 0.0025 0.27844 0.211824 1.88507 0.0179572 482 4 1 0.000267199 
1.33312 -0.330376 -30.476 0.0025 0.322356 0.261859 2.019 0.0155108 483 4 1 0.000177731 
1.34029 -0.497176 -17.8971 0.0025 0.371596 0.32009 2.15358 0.0134555 484 4 1 4.93009e-05 
1.34664 -0.583171 -8.98109 0.0025 0.408697 0.366252 2.24407 0.012234 485 4 1 2.59418e-06 
1.35255 -0.630376 -5.03183 0.0025 0.431794 0.396088 2.29625 0.0115796 486 4 1 -9.18275e-06 
1.35822 -0.654123 -2.2447 0.0025 0.444937 0.413412 2.32503 0.0112376 487 4 1 -9.73509e-06 
1.36378 -0.664971 -1.0397 0.0025 0.451336 0.422108 2.33923 0.0110782 488 4 1 -5.57857e-06 
1.3693 -0.669811 -0.427876 0.0025 0.454192 0.42615 2.34619 0.0110086 489 4 1 -2.7323e-06 
1.37479 -0.671824 -0.174168 0.0025 0.455291 0.427897 2.34978 0.010982 490 4 1 -1.05236e-06 
1.38028 -0.672667 -0.0680475 0.0025 0.455577 0.428621 2.35211 0.0109751 491 3 1 -1.98312e-07 
1.38577 -0.673027 -0.0254301 0.0025 0.455466 0.428915 2.3542 0.0109778 492 4 1 3.14428e-07 
1.39126 -0.673197 -0.00818806 0.0025 0.455102 0.429037 2.35667 0.0109865 493 4 1 7.4683e-07 
1.39675 -0.673293 -0.000706444 0.0025 0.454506 0.429101 2.36002 0.011001 494 4 1 1.22999e-06 
1.40226 -0.673361 0.00289349 0.0025 0.453431 0.429049 2.36482 0.011027 495 4 1 3.89292e-06 
1.40778 -0.673419 0.00513603 0.0025 0.452244 0.429372 2.3742 0.011056 496 4 1 -3.02173e-06 
1.41331 -0.673476 0.00694706 0.0025 0.446805 0.426988 2.37979 0.0111906 497 5 1 5.37766e-05 
1.41897 -0.673536 0.00863972 0.0025 0.454083 0.432628 2.44367 0.0110112 498 4 1 -0.00024042 
1.42434 -0.673597 0.0101888 0.0025 0.482534 0.424168 2.155 0.010362 499 4 1 0.000265977 
