# Time [s]: 0.105903
# Columns: pos [m], vel [m/s], acc [m/s^2], mass [kg], dens [kg/m^3], pres [Pa], ene [J/kg], sml [m], id, neighbor, alpha, gradh, ...additional?
1.43097 -0.673689 0.0124779 0.0025 0.510725 0.432341 2.15195 0.00979001 0 4 1 -0.000134259 
1.43576 -0.673758 0.0141534 0.0025 0.536536 0.425777 1.9495 0.00931904 1 4 1 0.000179179 
1.4403 -0.673831 0.016045 0.0025 0.547823 0.430402 1.9679 0.00912704 2 3 1 -1.90669e-05 
1.44488 -0.673913 0.0181754 0.0025 0.545517 0.428693 1.96399 0.00916561 3 5 1 3.48876e-06 
1.44946 -0.674007 0.0205754 0.0025 0.545867 0.428796 1.96386 0.00915973 4 3 1 -1.46289e-07 
1.45404 -0.674113 0.0238038 0.0025 0.545824 0.428706 1.96355 0.00916046 5 4 1 1.34009e-07 
1.45862 -0.674233 0.0280026 0.0025 0.545785 0.428636 1.9634 0.00916112 6 4 1 -1.4758e-08 
1.4632 -0.674367 0.0320281 0.0025 0.545726 0.428555 1.96323 0.0091621 7 4 1 -2.55996e-09 
1.46779 -0.674517 0.0351389 0.0025 0.545659 0.428465 1.96306 0.00916323 8 4 1 -6.03341e-09 
1.47237 -0.674687 0.0389183 0.0025 0.545582 0.428365 1.96289 0.00916453 9 4 1 -9.59717e-09 
1.47695 -0.674878 0.0452757 0.0025 0.54549 0.428252 1.9627 0.00916607 10 4 1 -2.46516e-08 
1.48153 -0.675096 0.0536529 0.0025 0.545379 0.428117 1.96248 0.00916793 11 4 1 -2.20855e-08 
1.48612 -0.675356 0.0626276 0.0025 0.545245 0.427958 1.96223 0.0091702 12 4 1 -2.22539e-08 
1.4907 -0.675673 0.0728173 0.0025 0.545087 0.427774 1.96196 0.00917285 13 4 1 -1.80716e-08 
1.49529 -0.676038 0.0864487 0.0025 0.54491 0.427571 1.96166 0.00917583 14 4 1 -3.53486e-09 
1.49988 -0.676422 0.0914705 0.0025 0.544727 0.427364 1.96136 0.00917892 15 4 1 4.81773e-08 
-0.49553 -0.676743 0.0640255 0.0025 0.544581 0.427192 1.96111 0.00918137 16 4 1 -2.15238e-08 
-0.490939 -0.676999 0.136335 0.0025 0.544419 0.427025 1.96084 0.0091841 17 5 1 4.08061e-07 
-0.486346 -0.677466 -0.166145 0.0025 0.544597 0.427243 1.96106 0.0091811 18 4 1 1.23462e-06 
-0.481758 -0.674794 -0.803128 0.0025 0.545717 0.428444 1.96265 0.00916225 19 4 1 6.32669e-07 
-0.477184 -0.671878 -0.462155 0.0025 0.547287 0.430175 1.96488 0.00913598 20 4 1 1.1092e-06 
-0.472622 -0.668759 -1.10866 0.0025 0.549566 0.432778 1.96811 0.00909809 21 4 1 4.67292e-06 
-0.468086 -0.659851 -2.988 0.0025 0.55456 0.438353 1.97522 0.00901615 22 4 1 8.55411e-06 
-0.463605 -0.642892 -4.95125 0.0025 0.563403 0.448152 1.98776 0.00887464 23 4 1 1.05308e-05 
-0.45921 -0.619491 -6.30533 0.0025 0.575527 0.461644 2.00477 0.00868769 24 4 1 9.88755e-06 
-0.454916 -0.593315 -6.6736 0.0025 0.589385 0.477201 2.02394 0.00848342 25 4 1 7.62972e-06 
-0.450725 -0.567796 -6.35649 0.0025 0.603391 0.493098 2.04302 0.0082865 26 4 1 5.53045e-06 
-0.446629 -0.544594 -5.79272 0.0025 0.616649 0.508327 2.06083 0.00810834 27 4 1 5.09515e-06 
-0.442616 -0.523232 -5.69542 0.0025 0.629298 0.523017 2.07761 0.00794536 28 4 1 6.18516e-06 
-0.438682 -0.501692 -6.09871 0.0025 0.642159 0.538076 2.09447 0.00778623 29 4 1 7.73343e-06 
-0.434829 -0.478743 -6.81914 0.0025 0.655963 0.554353 2.11236 0.00762238 30 4 1 8.89661e-06 
-0.431059 -0.453942 -7.49792 0.0025 0.670978 0.572191 2.13156 0.00745181 31 4 1 9.38458e-06 
-0.427376 -0.427915 -8.02166 0.0025 0.687039 0.591441 2.15182 0.0072776 32 4 1 9.3509e-06 
-0.42378 -0.401187 -8.34824 0.0025 0.703823 0.611747 2.17268 0.00710406 33 4 1 9.02019e-06 
-0.420271 -0.374422 -8.53714 0.0025 0.721004 0.632739 2.19373 0.00693477 34 4 1 8.61602e-06 
-0.416844 -0.347893 -8.65121 0.0025 0.73836 0.654152 2.21469 0.00677176 35 4 1 8.19199e-06 
-0.413498 -0.321915 -8.71432 0.0025 0.755753 0.675815 2.23541 0.00661592 36 4 1 7.76335e-06 
-0.410227 -0.296453 -8.74256 0.0025 0.773094 0.697614 2.25577 0.00646752 37 4 1 7.3933e-06 
-0.407029 -0.271649 -8.77399 0.0025 0.790344 0.719495 2.27576 0.00632636 38 4 1 6.98641e-06 
-0.4039 -0.24738 -8.7501 0.0025 0.807462 0.741398 2.29533 0.00619224 39 4 1 6.66764e-06 
-0.400836 -0.223742 -8.77952 0.0025 0.824446 0.763314 2.31451 0.00606468 40 4 1 6.34237e-06 
-0.397835 -0.200682 -8.74858 0.0025 0.841291 0.785233 2.3333 0.00594325 41 4 1 6.11333e-06 
-0.394893 -0.178103 -8.82366 0.0025 0.858023 0.807177 2.35175 0.00582735 42 4 1 5.76641e-06 
-0.392007 -0.156123 -8.73597 0.0025 0.874604 0.829085 2.36981 0.00571687 43 4 1 5.23901e-06 
-0.389175 -0.134776 -8.55191 0.0025 0.890896 0.850782 2.38735 0.00561233 44 4 1 5.15014e-06 
-0.386394 -0.114284 -8.66909 0.0025 0.907027 0.872451 2.40453 0.00551251 45 4 1 5.94923e-06 
-0.383662 -0.0931078 -9.495 0.0025 0.923529 0.894731 2.42197 0.00541402 46 4 1 4.40065e-06 
-0.38098 -0.0720558 -8.31356 0.0025 0.939574 0.916446 2.43873 0.00532156 47 4 1 7.18792e-07 
-0.37834 -0.0563065 -5.66809 0.0025 0.953212 0.935203 2.45269 0.00524542 48 4 1 4.66152e-06 
-0.375734 -0.0407445 -9.23572 0.0025 0.967381 0.954966 2.46717 0.00516859 49 4 1 1.14274e-05 
-0.373171 -0.0156769 -13.598 0.0025 0.986033 0.98061 2.48637 0.00507082 50 4 1 8.07326e-07 
-0.370663 0.00641606 -5.92181 0.0025 1.00208 1.00258 2.50253 0.00498961 51 4 1 -9.53477e-06 
-0.368181 0.0102038 1.78461 0.0025 1.00819 1.01147 2.5082 0.00495941 52 4 1 1.691e-06 
-0.365703 0.0136649 -6.99168 0.0025 1.01436 1.0206 2.51431 0.00492922 53 4 1 1.12023e-05 
-0.363252 0.0349907 -11.4825 0.0025 1.02817 1.03965 2.52833 0.00486302 54 4 1 -3.51258e-06 
-0.36084 0.0477908 -1.88075 0.0025 1.03803 1.05327 2.53799 0.00481683 55 3 1 -8.93859e-06 
-0.358435 0.0463756 1.97051 0.0025 1.0377 1.05303 2.5375 0.00481837 56 4 1 -3.72542e-06 
-0.356021 0.0403305 3.47527 0.0025 1.03257 1.04589 2.53241 0.0048423 57 4 1 -7.7937e-07 
-0.353593 0.0325164 4.02137 0.0025 1.02599 1.03662 2.52589 0.00487336 58 4 1 6.74727e-07 
-0.351148 0.0244262 3.94769 0.0025 1.01933 1.02724 2.51927 0.00490516 59 4 1 1.42068e-06 
-0.348688 0.0170891 3.42628 0.0025 1.01343 1.01892 2.51338 0.00493375 60 4 1 1.65128e-06 
-0.346214 0.0111264 2.67403 0.0025 1.0087 1.01226 2.50867 0.00495687 61 4 1 1.51827e-06 
-0.343731 0.0067387 1.89382 0.0025 1.00526 1.00742 2.50523 0.00497385 62 4 1 1.20056e-06 
-0.34124 0.00379314 1.22622 0.0025 1.00296 1.00418 2.50294 0.00498525 63 4 1 8.49553e-07 
-0.338746 0.00197916 0.729251 0.0025 1.00155 1.00219 2.50153 0.00499227 64 4 1 5.49905e-07 
-0.336248 0.000951524 0.398797 0.0025 1.00075 1.00106 2.50074 0.00499626 65 4 1 3.29005e-07 
-0.333749 0.00041667 0.199754 0.0025 1.00033 1.00047 2.50033 0.00499835 66 4 1 1.82209e-07 
-0.33125 0.00016269 0.0906472 0.0025 1.00013 1.00019 2.50013 0.00499934 67 4 1 9.28811e-08 
-0.32875 5.43495e-05 0.0364243 0.0025 1.00005 1.00007 2.50004 0.00499977 68 4 1 4.30262e-08 
-0.32625 1.41157e-05 0.0123741 0.0025 1.00001 1.00002 2.50001 0.00499994 69 4 1 1.76516e-08 
-0.32375 2.00318e-06 0.0031128 0.0025 1 1 2.5 0.00499999 70 4 1 6.24727e-09 
-0.32125 -3.51494e-07 0.000127921 0.0025 1 1 2.5 0.005 71 4 1 1.64679e-09 
-0.31875 1.28506e-07 -0.000313188 0.0025 1 1 2.5 0.005 72 5 1 -8.02127e-12 
-0.31625 3.04646e-07 6.48327e-06 0.0025 1 1 2.5 0.005 73 3 1 -1.60907e-10 
-0.31375 2.16004e-07 5.98765e-05 0.0025 1 1 2.5 0.005 74 4 1 -9.78318e-12 
-0.31125 1.08438e-07 4.92774e-05 0.0025 1 1 2.5 0.005 75 4 1 2.52733e-11 
-0.30875 4.17416e-08 2.58105e-05 0.0025 1 1 2.5 0.005 76 4 1 2.2182e-11 
-0.30625 1.17166e-08 1.0145e-05 0.0025 1 1 2.5 0.005 77 4 1 1.20707e-11 
-0.30375 1.70824e-09 2.74573e-06 0.0025 1 1 2.5 0.005 78 4 1 4.89402e-12 
-0.30125 -3.3913e-10 1.54427e-07 0.0025 1 1 2.5 0.005 79 4 1 1.35481e-12 
-0.29875 1.1368e-11 -2.49537e-07 0.0025 1 1 2.5 0.005 80 5 1 5.03739e-15 
-0.29625 1.57522e-10 1.28483e-09 0.0025 1 1 2.5 0.005 81 3 1 -1.18195e-13 
-0.29375 1.04052e-10 3.78635e-08 0.0025 1 1 2.5 0.005 82 4 1 -4.22986e-15 
-0.29125 4.34811e-11 2.66626e-08 0.0025 1 1 2.5 0.005 83 4 1 1.7074e-14 
-0.28875 1.20852e-11 1.10603e-08 0.0025 1 1 2.5 0.005 84 4 1 1.21197e-14 
-0.28625 1.45806e-12 2.89572e-09 0.0025 1 1 2.5 0.005 85 4 1 5.18803e-15 
-0.28375 -4.75624e-13 2.84217e-12 0.0025 1 1 2.5 0.005 86 5 1 1.29816e-15 
-0.28125 -1.307e-14 -2.67846e-10 0.0025 1 1 2.5 0.005 87 4 1 -3.19744e-17 
-0.27875 1.67592e-13 1.94404e-11 0.0025 1 1 2.5 0.005 88 3 1 -1.3074e-16 
-0.27625 7.07391e-14 3.58682e-11 0.0025 1 1 2.5 0.005 89 4 1 -6.75016e-18 
-0.27375 2.77042e-14 3.27987e-11 0.0025 1 1 2.5 0.005 90 4 1 2.55795e-17 
-0.27125 -1.53869e-15 2.27374e-12 0.0025 1 1 2.5 0.005 91 5 1 1.06581e-17 
-0.26875 -3.42237e-16 -5.68434e-13 0.0025 1 1 2.5 0.005 92 5 1 -1.42109e-18 
-0.26625 -6.41188e-47 -1.00893e-43 0.0025 1 1 2.5 0.005 93 5 1 -1.42109e-18 
-0.26375 0 0 0.0025 1 1 2.5 0.005 94 5 1 -1.42109e-18 
-0.26125 0 0 0.0025 1 1 2.5 0.005 95 5 1 -1.42109e-18 
-0.25875 0 0 0.0025 1 1 2.5 0.005 96 5 1 -1.42109e-18 
-0.25625 0 0 0.0025 1 1 2.5 0.005 97 5 1 -1.42109e-18 
-0.25375 0 0 0.0025 1 1 2.5 0.005 98 5 1 -1.42109e-18 
-0.25125 0 0 0.0025 1 1 2.5 0.005 99 5 1 -1.42109e-18 
-0.24875 0 0 0.0025 1 1 2.5 0.005 100 5 1 -1.42109e-18 
-0.24625 0 0 0.0025 1 1 2.5 0.005 101 5 1 -1.42109e-18 
-0.24375 0 0 0.0025 1 1 2.5 0.005 102 5 1 -1.42109e-18 
-0.24125 0 0 0.0025 1 1 2.5 0.005 103 5 1 -1.42109e-18 
-0.23875 0 0 0.0025 1 1 2.5 0.005 104 5 1 -1.42109e-18 
-0.23625 0 0 0.0025 1 1 2.5 0.005 105 5 1 -1.42109e-18 
-0.23375 0 0 0.0025 1 1 2.5 0.005 106 5 1 -1.42109e-18 
-0.23125 0 0 0.0025 1 1 2.5 0.005 107 5 1 -1.42109e-18 
-0.22875 0 0 0.0025 1 1 2.5 0.005 108 5 1 -1.42109e-18 
-0.22625 0 0 0.0025 1 1 2.5 0.005 109 5 1 -1.42109e-18 
-0.22375 0 0 0.0025 1 1 2.5 0.005 110 5 1 -1.42109e-18 
-0.22125 0 0 0.0025 1 1 2.5 0.005 111 5 1 -1.42109e-18 
-0.21875 0 0 0.0025 1 1 2.5 0.005 112 5 1 -1.42109e-18 
-0.21625 0 0 0.0025 1 1 2.5 0.005 113 5 1 -1.42109e-18 
-0.21375 0 0 0.0025 1 1 2.5 0.005 114 5 1 -1.42109e-18 
-0.21125 0 0 0.0025 1 1 2.5 0.005 115 5 1 -1.42109e-18 
-0.20875 0 0 0.0025 1 1 2.5 0.005 116 5 1 -1.42109e-18 
-0.20625 0 0 0.0025 1 1 2.5 0.005 117 5 1 -1.42109e-18 
-0.20375 0 0 0.0025 1 1 2.5 0.005 118 5 1 -1.42109e-18 
-0.20125 0 0 0.0025 1 1 2.5 0.005 119 5 1 -1.42109e-18 
-0.19875 0 0 0.0025 1 1 2.5 0.005 120 5 1 -1.42109e-18 
-0.19625 0 0 0.0025 1 1 2.5 0.005 121 5 1 -1.42109e-18 
-0.19375 0 0 0.0025 1 1 2.5 0.005 122 5 1 -1.42109e-18 
-0.19125 0 0 0.0025 1 1 2.5 0.005 123 5 1 -1.42109e-18 
-0.18875 0 0 0.0025 1 1 2.5 0.005 124 5 1 -1.42109e-18 
-0.18625 0 0 0.0025 1 1 2.5 0.005 125 5 1 -1.42109e-18 
-0.18375 0 0 0.0025 1 1 2.5 0.005 126 5 1 -1.42109e-18 
-0.18125 0 0 0.0025 1 1 2.5 0.005 127 5 1 -1.42109e-18 
-0.17875 0 0 0.0025 1 1 2.5 0.005 128 5 1 -1.42109e-18 
-0.17625 0 0 0.0025 1 1 2.5 0.005 129 5 1 -1.42109e-18 
-0.17375 0 0 0.0025 1 1 2.5 0.005 130 5 1 -1.42109e-18 
-0.17125 0 0 0.0025 1 1 2.5 0.005 131 5 1 -1.42109e-18 
-0.16875 0 0 0.0025 1 1 2.5 0.005 132 5 1 -1.42109e-18 
-0.16625 0 0 0.0025 1 1 2.5 0.005 133 5 1 -1.42109e-18 
-0.16375 0 0 0.0025 1 1 2.5 0.005 134 5 1 -1.42109e-18 
-0.16125 0 0 0.0025 1 1 2.5 0.005 135 5 1 -1.42109e-18 
-0.15875 0 0 0.0025 1 1 2.5 0.005 136 5 1 -1.42109e-18 
-0.15625 0 0 0.0025 1 1 2.5 0.005 137 5 1 -1.42109e-18 
-0.15375 0 0 0.0025 1 1 2.5 0.005 138 5 1 -1.42109e-18 
-0.15125 0 0 0.0025 1 1 2.5 0.005 139 5 1 -1.42109e-18 
-0.14875 0 0 0.0025 1 1 2.5 0.005 140 5 1 -1.42109e-18 
-0.14625 0 0 0.0025 1 1 2.5 0.005 141 5 1 -1.42109e-18 
-0.14375 0 0 0.0025 1 1 2.5 0.005 142 5 1 -1.42109e-18 
-0.14125 0 0 0.0025 1 1 2.5 0.005 143 5 1 -1.42109e-18 
-0.13875 0 0 0.0025 1 1 2.5 0.005 144 5 1 -1.42109e-18 
-0.13625 0 0 0.0025 1 1 2.5 0.005 145 5 1 -1.42109e-18 
-0.13375 0 0 0.0025 1 1 2.5 0.005 146 5 1 -1.42109e-18 
-0.13125 0 0 0.0025 1 1 2.5 0.005 147 5 1 -1.42109e-18 
-0.12875 0 0 0.0025 1 1 2.5 0.005 148 5 1 -1.42109e-18 
-0.12625 0 0 0.0025 1 1 2.5 0.005 149 5 1 -1.42109e-18 
-0.12375 0 0 0.0025 1 1 2.5 0.005 150 5 1 -1.42109e-18 
-0.12125 0 0 0.0025 1 1 2.5 0.005 151 5 1 -1.42109e-18 
-0.11875 0 0 0.0025 1 1 2.5 0.005 152 5 1 -1.42109e-18 
-0.11625 0 0 0.0025 1 1 2.5 0.005 153 5 1 -1.42109e-18 
-0.11375 0 0 0.0025 1 1 2.5 0.005 154 5 1 -1.42109e-18 
-0.11125 0 0 0.0025 1 1 2.5 0.005 155 5 1 -1.42109e-18 
-0.10875 0 0 0.0025 1 1 2.5 0.005 156 5 1 -1.42109e-18 
-0.10625 0 0 0.0025 1 1 2.5 0.005 157 5 1 -1.42109e-18 
-0.10375 0 0 0.0025 1 1 2.5 0.005 158 5 1 -1.42109e-18 
-0.10125 0 0 0.0025 1 1 2.5 0.005 159 5 1 -1.42109e-18 
-0.09875 0 0 0.0025 1 1 2.5 0.005 160 5 1 -1.42109e-18 
-0.09625 0 0 0.0025 1 1 2.5 0.005 161 5 1 -1.42109e-18 
-0.09375 0 0 0.0025 1 1 2.5 0.005 162 5 1 -1.42109e-18 
-0.09125 0 0 0.0025 1 1 2.5 0.005 163 5 1 -1.42109e-18 
-0.08875 0 0 0.0025 1 1 2.5 0.005 164 5 1 -1.42109e-18 
-0.08625 0 0 0.0025 1 1 2.5 0.005 165 5 1 -1.42109e-18 
-0.08375 0 0 0.0025 1 1 2.5 0.005 166 5 1 -1.42109e-18 
-0.08125 0 0 0.0025 1 1 2.5 0.005 167 5 1 -1.42109e-18 
-0.07875 0 0 0.0025 1 1 2.5 0.005 168 5 1 -1.42109e-18 
-0.07625 0 0 0.0025 1 1 2.5 0.005 169 5 1 -1.42109e-18 
-0.07375 -4.14092e-46 -3.36312e-44 0.0025 1 1 2.5 0.005 170 5 1 -1.42109e-18 
-0.07125 -1.36448e-16 -3.36312e-44 0.0025 1 1 2.5 0.005 171 5 1 -1.42109e-18 
-0.06875 -2.72209e-16 0 0.0025 1 1 2.5 0.005 172 5 1 -1.42109e-18 
-0.06625 -4.06674e-16 0 0.0025 1 1 2.5 0.005 173 5 1 -1.42109e-18 
-0.06375 -5.41059e-16 0 0.0025 1 1 2.5 0.005 174 5 1 -1.42109e-18 
-0.06125 -6.7458e-16 3.36312e-44 0.0025 1 1 2.5 0.005 175 5 1 -1.42109e-18 
-0.05875 -8.06952e-16 0 0.0025 1 1 2.5 0.005 176 5 1 -1.42109e-18 
-0.05625 -9.04755e-16 -1.13687e-13 0.0025 1 1 2.5 0.005 177 5 1 -1.42109e-18 
-0.05375 -1.03487e-15 1.13687e-13 0.0025 1 1 2.5 0.005 178 5 1 -1.42109e-18 
-0.05125 -1.29828e-15 -1.13687e-13 0.0025 1 1 2.5 0.005 179 5 1 -1.42109e-18 
-0.04875 -1.59474e-15 0 0.0025 1 1 2.5 0.005 180 5 1 -1.42109e-18 
-0.04625 -1.85507e-15 0 0.0025 1 1 2.5 0.005 181 5 1 -1.42109e-18 
-0.04375 -2.14183e-15 -1.13687e-13 0.0025 1 1 2.5 0.005 182 5 1 -1.42109e-18 
-0.04125 -2.66369e-15 1.13687e-13 0.0025 1 1 2.5 0.005 183 5 1 -1.42109e-18 
-0.03875 -3.2749e-15 -1.13687e-13 0.0025 1 1 2.5 0.005 184 5 1 -1.42109e-18 
-0.03625 -1.71425e-15 -1.13687e-13 0.0025 1 1 2.5 0.005 185 5 1 -3.90799e-18 
-0.03375 -3.74627e-15 -1.13687e-13 0.0025 1 1 2.5 0.005 186 4 1 -9.9476e-18 
-0.03125 -2.44389e-15 -2.84217e-13 0.0025 1 1 2.5 0.005 187 3 1 2.4869e-17 
-0.02875 -1.11115e-15 2.84217e-13 0.0025 1 1 2.5 0.005 188 4 1 -1.20792e-17 
-0.02625 -1.66192e-15 -1.13687e-13 0.0025 1 1 2.5 0.005 189 5 1 -7.4607e-18 
-0.02375 -1.2942e-15 8.52651e-13 0.0025 1 1 2.5 0.005 190 3 1 4.61853e-18 
-0.02125 9.07775e-16 -7.38964e-13 0.0025 1 1 2.5 0.005 191 4 1 3.55271e-18 
-0.01875 -8.5046e-16 -5.68434e-14 0.0025 1 1 2.5 0.005 192 5 1 -7.4607e-18 
-0.01625 -1.3936e-15 1.7053e-13 0.0025 1 1 2.5 0.005 193 4 1 1.42109e-18 
-0.01375 9.66062e-16 5.68434e-14 0.0025 1 1 2.5 0.005 194 4 1 1.2326e-33 
-0.01125 2.07541e-17 1.13687e-13 0.0025 1 1 2.5 0.005 195 5 1 -1.42109e-18 
-0.00875 1.57673e-16 1.13687e-13 0.0025 1 1 2.5 0.005 196 5 1 -1.42109e-18 
-0.00625 9.98108e-17 1.13687e-13 0.0025 1 1 2.5 0.005 197 4 1 -1.06581e-18 
-0.00375 4.18648e-16 -3.41061e-13 0.0025 1 1 2.5 0.005 198 3 1 3.55271e-19 
-0.00125 1.53367e-16 2.84217e-13 0.0025 1 1 2.5 0.005 199 4 1 3.55271e-19 
0.00125 4.4753e-17 -1.7053e-13 0.0025 1 1 2.5 0.005 200 5 1 -7.10543e-19 
0.00375 -3.77706e-16 -1.13687e-13 0.0025 1 1 2.5 0.005 201 4 1 -7.10543e-19 
0.00625 5.66185e-16 2.84217e-13 0.0025 1 1 2.5 0.005 202 5 1 3.55271e-19 
0.00875 -1.09476e-15 -1.7053e-13 0.0025 1 1 2.5 0.005 203 5 1 3.55271e-19 
0.01125 3.04614e-16 -6.25278e-13 0.0025 1 1 2.5 0.005 204 3 1 -1.42109e-18 
0.01375 -1.20861e-15 1.3074e-12 0.0025 1 1 2.5 0.005 205 4 1 3.55271e-19 
0.01625 -1.02105e-16 -7.95808e-13 0.0025 1 1 2.5 0.005 206 4 1 3.55271e-19 
0.01875 -7.92646e-16 -2.27374e-13 0.0025 1 1 2.5 0.005 207 4 1 -1.06581e-18 
0.02125 4.51453e-16 -1.13687e-13 0.0025 1 1 2.5 0.005 208 3 1 -3.55271e-19 
0.02375 2.40947e-15 1.13687e-13 0.0025 1 1 2.5 0.005 209 3 1 5.68434e-18 
0.02625 5.07716e-16 5.68434e-14 0.0025 1 1 2.5 0.005 210 4 1 -9.59233e-18 
0.02875 1.81556e-15 1.13687e-13 0.0025 1 1 2.5 0.005 211 3 1 1.20792e-17 
0.03125 3.35193e-15 1.98201e-27 0.0025 1 1 2.5 0.005 212 4 1 -6.39488e-18 
0.03375 2.05487e-15 1.85382e-27 0.0025 1 1 2.5 0.005 213 5 1 -3.19744e-18 
0.03625 1.8406e-15 5.68434e-14 0.0025 1 1 2.5 0.005 214 5 1 -1.42109e-18 
0.03875 1.80884e-16 -1.13687e-13 0.0025 1 1 2.5 0.005 215 5 1 1.06581e-18 
0.04125 -2.73667e-16 1.7053e-13 0.0025 1 1 2.5 0.005 216 5 1 -6.03961e-18 
0.04375 -8.81697e-16 1.12104e-44 0.0025 1 1 2.5 0.005 217 5 1 2.13163e-18 
0.04625 -1.71203e-15 1.23314e-43 0.0025 1 1 2.5 0.005 218 5 1 -4.26326e-18 
0.04875 1.34507e-15 -5.60519e-44 0.0025 1 1 2.5 0.005 219 5 1 -7.10543e-19 
0.05125 8.53184e-16 8.96831e-44 0.0025 1 1 2.5 0.005 220 5 1 -2.84217e-18 
0.05375 2.05428e-15 -1.68156e-43 0.0025 1 1 2.5 0.005 221 5 1 -2.4869e-18 
0.05625 -3.91486e-16 5.68434e-14 0.0025 1 1 2.5 0.005 222 5 1 4.61853e-18 
0.05875 1.07668e-15 -5.68434e-14 0.0025 1 1 2.5 0.005 223 5 1 -1.06581e-17 
0.06125 3.84255e-16 -5.68434e-14 0.0025 1 1 2.5 0.005 224 3 1 1.42109e-18 
0.06375 4.07227e-15 5.68434e-14 0.0025 1 1 2.5 0.005 225 3 1 8.88178e-18 
0.06625 1.18695e-15 1.13687e-13 0.0025 1 1 2.5 0.005 226 5 1 -1.38556e-17 
0.06875 2.94262e-15 1.13687e-13 0.0025 1 1 2.5 0.005 227 5 1 7.4607e-18 
0.07125 1.10496e-15 1.7053e-13 0.0025 1 1 2.5 0.005 228 5 1 -8.17124e-18 
0.07375 -3.33176e-16 2.12997e-43 0.0025 1 1 2.5 0.005 229 5 1 7.10543e-18 
0.07625 2.86015e-15 1.13687e-13 0.0025 1 1 2.5 0.005 230 5 1 -1.27898e-17 
0.07875 2.45159e-15 -6.72623e-44 0.0025 1 1 2.5 0.005 231 5 1 9.9476e-18 
0.08125 1.20339e-15 -2.27374e-13 0.0025 1 1 2.5 0.005 232 5 1 -9.59233e-18 
0.08375 6.2675e-15 -1.13687e-13 0.0025 1 1 2.5 0.005 233 5 1 1.77636e-18 
0.08625 4.49862e-15 1.7053e-13 0.0025 1 1 2.5 0.005 234 5 1 -4.61853e-18 
0.08875 3.55047e-15 5.68434e-14 0.0025 1 1 2.5 0.005 235 5 1 3.55271e-19 
0.09125 2.85294e-15 5.68434e-14 0.0025 1 1 2.5 0.005 236 5 1 -3.90799e-18 
0.09375 2.18513e-15 5.68434e-14 0.0025 1 1 2.5 0.005 237 5 1 2.46519e-33 
0.09625 1.64004e-15 0 0.0025 1 1 2.5 0.005 238 5 1 -4.61853e-18 
0.09875 5.79052e-16 1.45735e-43 0.0025 1 1 2.5 0.005 239 5 1 1.42109e-18 
0.10125 2.57924e-15 -1.79366e-43 0.0025 1 1 2.5 0.005 240 5 1 -6.75016e-18 
0.10375 1.40154e-15 -1.12104e-44 0.0025 1 1 2.5 0.005 241 5 1 5.68434e-18 
0.10625 5.6678e-16 -3.36312e-44 0.0025 1 1 2.5 0.005 242 5 1 -1.03029e-17 
0.10875 -1.37786e-15 2.9147e-43 0.0025 1 1 2.5 0.005 243 5 1 9.9476e-18 
0.11125 8.66955e-16 -1.90577e-43 0.0025 1 1 2.5 0.005 244 5 1 -1.66978e-17 
0.11375 -1.82985e-15 2.24208e-43 0.0025 1 1 2.5 0.005 245 5 1 1.74083e-17 
0.11625 2.71444e-15 -2.9147e-43 0.0025 1 1 2.5 0.005 246 5 1 -2.41585e-17 
0.11875 8.65985e-16 -5.68434e-14 0.0025 1 1 2.5 0.005 247 5 1 2.34479e-17 
0.12125 7.83481e-16 5.68434e-14 0.0025 1 1 2.5 0.005 248 5 1 -3.01981e-17 
0.12375 -8.38571e-16 5.68434e-14 0.0025 1 1 2.5 0.005 249 3 1 1.52767e-17 
0.12625 3.89221e-15 5.68434e-14 0.0025 1 1 2.5 0.005 250 3 1 1.42109e-17 
0.12875 1.17172e-15 -5.68434e-14 0.0025 1 1 2.5 0.005 251 5 1 -2.70006e-17 
0.13125 1.74169e-15 -3.9443e-29 0.0025 1 1 2.5 0.005 252 5 1 1.84741e-17 
0.13375 -7.751e-16 5.68434e-14 0.0025 1 1 2.5 0.005 253 5 1 -1.81188e-17 
0.13625 2.67579e-15 -2.69049e-43 0.0025 1 1 2.5 0.005 254 5 1 1.13687e-17 
0.13875 1.10565e-15 -1.13687e-13 0.0025 1 1 2.5 0.005 255 5 1 -1.24345e-17 
0.14125 9.90844e-16 1.13687e-13 0.0025 1 1 2.5 0.005 256 5 1 5.32907e-18 
0.14375 -6.37853e-16 8.96831e-44 0.0025 1 1 2.5 0.005 257 5 1 -6.75016e-18 
0.14625 -1.70803e-15 7.84727e-44 0.0025 1 1 2.5 0.005 258 5 1 4.26326e-18 
0.14875 -2.51251e-15 1.23314e-43 0.0025 1 1 2.5 0.005 259 5 1 -6.75016e-18 
0.15125 -1.76086e-15 -6.72623e-44 0.0025 1 1 2.5 0.005 260 5 1 1.42109e-18 
0.15375 -2.45079e-15 6.72623e-44 0.0025 1 1 2.5 0.005 261 5 1 -4.9738e-18 
0.15625 -1.23037e-15 5.68434e-14 0.0025 1 1 2.5 0.005 262 5 1 2.46519e-33 
0.15875 -1.88059e-15 1.12104e-44 0.0025 1 1 2.5 0.005 263 5 1 -2.84217e-18 
0.16125 -2.20047e-15 0 0.0025 1 1 2.5 0.005 264 5 1 -7.10543e-19 
0.16375 -2.48376e-15 5.68434e-14 0.0025 1 1 2.5 0.005 265 5 1 -2.84217e-18 
0.16625 -2.75297e-15 2.24208e-44 0.0025 1 1 2.5 0.005 266 5 1 -7.10543e-19 
0.16875 -2.71552e-15 1.12104e-44 0.0025 1 1 2.5 0.005 267 5 1 -2.84217e-18 
0.17125 -2.96612e-15 -2.24208e-44 0.0025 1 1 2.5 0.005 268 5 1 -7.10543e-19 
0.17375 -2.7399e-15 -1.7053e-13 0.0025 1 1 2.5 0.005 269 5 1 -2.13163e-18 
0.17625 -3.47035e-15 5.68434e-14 0.0025 1 1 2.5 0.005 270 5 1 -7.10543e-19 
0.17875 -4.08328e-15 5.68434e-14 0.0025 1 1 2.5 0.005 271 5 1 -2.13163e-18 
0.18125 2.53551e-16 -3.97904e-13 0.0025 1 1 2.5 0.005 272 5 1 3.55271e-19 
0.18375 -3.50088e-17 -3.41061e-13 0.0025 1 1 2.5 0.005 273 5 1 -3.90799e-18 
0.18625 -1.70606e-16 1.13687e-13 0.0025 1 1 2.5 0.005 274 5 1 -1.77636e-18 
0.18875 -8.70145e-16 5.68434e-14 0.0025 1 1 2.5 0.005 275 5 1 -1.06581e-18 
0.19125 1.91842e-15 5.68434e-13 0.0025 1 1 2.5 0.005 276 5 1 -5.68434e-18 
0.19375 1.68215e-15 5.68434e-13 0.0025 1 1 2.5 0.005 277 5 1 2.4869e-18 
0.19625 2.86892e-15 -2.27374e-13 0.0025 1 1 2.5 0.005 278 5 1 -2.84217e-18 
0.19875 3.13085e-15 -5.68434e-14 0.0025 1 1 2.5 0.005 279 5 1 -1.06581e-18 
0.20125 2.8939e-15 -6.72623e-44 0.0025 1 1 2.5 0.005 280 5 1 -2.84217e-18 
0.20375 2.15177e-15 6.72623e-44 0.0025 1 1 2.5 0.005 281 5 1 2.46519e-33 
0.20625 2.25763e-15 -5.68434e-14 0.0025 1 1 2.5 0.005 282 5 1 -5.68434e-18 
0.20875 1.53913e-15 0 0.0025 1 1 2.5 0.005 283 5 1 2.84217e-18 
0.21125 1.15017e-15 -1.13687e-13 0.0025 1 1 2.5 0.005 284 5 1 -6.75016e-18 
0.21375 2.55238e-16 -1.12104e-44 0.0025 1 1 2.5 0.005 285 5 1 3.55271e-18 
0.21625 -7.38699e-16 -6.72623e-44 0.0025 1 1 2.5 0.005 286 5 1 -7.4607e-18 
0.21875 -3.198e-15 -1.13687e-13 0.0025 1 1 2.5 0.005 287 5 1 8.52651e-18 
0.22125 -2.44484e-16 -2.35418e-43 0.0025 1 1 2.5 0.005 288 5 1 -1.52767e-17 
0.22375 -1.86992e-15 2.01787e-43 0.0025 1 1 2.5 0.005 289 5 1 1.38556e-17 
0.22625 1.00189e-15 1.13687e-13 0.0025 1 1 2.5 0.005 290 5 1 -2.16716e-17 
0.22875 -2.1458e-15 5.68434e-14 0.0025 1 1 2.5 0.005 291 5 1 2.30926e-17 
0.23125 3.05175e-15 5.68434e-14 0.0025 1 1 2.5 0.005 292 5 1 -3.09086e-17 
0.23375 6.17204e-16 1.13687e-13 0.0025 1 1 2.5 0.005 293 5 1 3.16192e-17 
0.23625 3.38094e-15 -1.13687e-13 0.0025 1 1 2.5 0.005 294 5 1 -3.90799e-17 
0.23875 8.70124e-16 1.68156e-43 0.0025 1 1 2.5 0.005 295 5 1 4.05009e-17 
0.24125 2.24616e-15 -5.68434e-14 0.0025 1 1 2.5 0.005 296 5 1 -4.90274e-17 
0.24375 -9.67254e-16 -5.68434e-14 0.0025 1 1 2.5 0.005 297 5 1 5.04485e-17 
0.24625 -7.20544e-16 -2.66241e-26 0.0025 1 1 2.5 0.005 298 5 1 -6.00409e-17 
0.24875 -2.84327e-15 5.68434e-14 0.0025 1 1 2.5 0.005 299 4 1 3.05533e-17 
0.25125 6.43458e-16 -5.68434e-14 0.0025 1 1 2.5 0.005 300 4 1 3.01981e-17 
0.25375 -2.19583e-15 2.66241e-26 0.0025 1 1 2.5 0.005 301 5 1 -5.79092e-17 
0.25625 1.7423e-15 -1.13687e-13 0.0025 1 1 2.5 0.005 302 5 1 4.90274e-17 
0.25875 -1.77974e-15 -1.13687e-13 0.0025 1 1 2.5 0.005 303 5 1 -4.76064e-17 
0.26125 2.62734e-15 1.13687e-13 0.0025 1 1 2.5 0.005 304 5 1 3.6593e-17 
0.26375 -1.01702e-15 3.41061e-13 0.0025 1 1 2.5 0.005 305 5 1 -3.44613e-17 
0.26625 -1.53267e-15 5.68434e-13 0.0025 1 1 2.5 0.005 306 5 1 2.73559e-17 
0.26875 -3.27892e-15 1.02318e-12 0.0025 1 1 2.5 0.005 307 5 1 -2.34479e-17 
0.27125 1.71755e-15 -4.77485e-12 0.0025 1 1 2.5 0.005 308 5 1 4.26326e-17 
0.27375 -2.91662e-14 -3.52429e-11 0.0025 1 1 2.5 0.005 309 4 1 -2.0961e-17 
0.27625 -8.20279e-14 -1.86446e-11 0.0025 1 1 2.5 0.005 310 4 1 3.87246e-17 
0.27875 -1.45251e-13 -3.83125e-11 0.0025 1 1 2.5 0.005 311 3 1 -1.38201e-16 
0.28125 -5.06015e-15 2.7336e-10 0.0025 1 1 2.5 0.005 312 4 1 -8.59757e-17 
0.28375 4.76801e-13 4.77485e-12 0.0025 1 1 2.5 0.005 313 5 1 1.34399e-15 
0.28625 -1.46483e-12 -2.90856e-09 0.0025 1 1 2.5 0.005 314 4 1 5.22995e-15 
0.28875 -1.20605e-11 -1.10641e-08 0.0025 1 1 2.5 0.005 315 4 1 1.20682e-14 
0.29125 -4.34701e-11 -2.66501e-08 0.0025 1 1 2.5 0.005 316 4 1 1.70804e-14 
0.29375 -1.0407e-10 -3.78651e-08 0.0025 1 1 2.5 0.005 317 4 1 -4.23412e-15 
0.29625 -1.57527e-10 -1.30154e-09 0.0025 1 1 2.5 0.005 318 3 1 -1.1821e-13 
0.29875 -1.13674e-11 2.4957e-07 0.0025 1 1 2.5 0.005 319 5 1 5.06297e-15 
0.30125 3.39128e-10 -1.5445e-07 0.0025 1 1 2.5 0.005 320 4 1 1.35481e-12 
0.30375 -1.70825e-09 -2.74573e-06 0.0025 1 1 2.5 0.005 321 4 1 4.894e-12 
0.30625 -1.17166e-08 -1.0145e-05 0.0025 1 1 2.5 0.005 322 4 1 1.20707e-11 
0.30875 -4.17416e-08 -2.58105e-05 0.0025 1 1 2.5 0.005 323 4 1 2.2182e-11 
0.31125 -1.08438e-07 -4.92774e-05 0.0025 1 1 2.5 0.005 324 4 1 2.52733e-11 
0.31375 -2.16004e-07 -5.98765e-05 0.0025 1 1 2.5 0.005 325 4 1 -9.78318e-12 
0.31625 -3.04646e-07 -6.48327e-06 0.0025 1 1 2.5 0.005 326 3 1 -1.60907e-10 
0.31875 -1.28506e-07 0.000313188 0.0025 1 1 2.5 0.005 327 5 1 -8.02127e-12 
0.32125 3.51494e-07 -0.000127921 0.0025 1 1 2.5 0.005 328 4 1 1.64679e-09 
0.32375 -2.00318e-06 -0.0031128 0.0025 1 1 2.5 0.00499999 329 4 1 6.24727e-09 
0.32625 -1.41157e-05 -0.0123741 0.0025 1.00001 1.00002 2.50001 0.00499994 330 4 1 1.76516e-08 
0.32875 -5.43495e-05 -0.0364243 0.0025 1.00005 1.00007 2.50004 0.00499977 331 4 1 4.30262e-08 
0.33125 -0.00016269 -0.0906472 0.0025 1.00013 1.00019 2.50013 0.00499934 332 4 1 9.28811e-08 
0.333749 -0.00041667 -0.199754 0.0025 1.00033 1.00047 2.50033 0.00499835 333 4 1 1.82209e-07 
0.336248 -0.000951524 -0.398797 0.0025 1.00075 1.00106 2.50074 0.00499626 334 4 1 3.29005e-07 
0.338746 -0.00197916 -0.729251 0.0025 1.00155 1.00219 2.50153 0.00499227 335 4 1 5.49905e-07 
0.34124 -0.00379314 -1.22622 0.0025 1.00296 1.00418 2.50294 0.00498525 336 4 1 8.49553e-07 
0.343731 -0.0067387 -1.89382 0.0025 1.00526 1.00742 2.50523 0.00497385 337 4 1 1.20056e-06 
0.346214 -0.0111264 -2.67403 0.0025 1.0087 1.01226 2.50867 0.00495687 338 4 1 1.51827e-06 
0.348688 -0.0170891 -3.42628 0.0025 1.01343 1.01892 2.51338 0.00493375 339 4 1 1.65128e-06 
0.351148 -0.0244262 -3.94769 0.0025 1.01933 1.02724 2.51927 0.00490516 340 4 1 1.42068e-06 
0.353593 -0.0325164 -4.02137 0.0025 1.02599 1.03662 2.52589 0.00487336 341 4 1 6.74727e-07 
0.356021 -0.0403305 -3.47527 0.0025 1.03257 1.04589 2.53241 0.0048423 342 4 1 -7.7937e-07 
0.358435 -0.0463756 -1.97051 0.0025 1.0377 1.05303 2.5375 0.00481837 343 4 1 -3.72542e-06 
0.36084 -0.0477908 1.88075 0.0025 1.03803 1.05327 2.53799 0.00481683 344 3 1 -8.93859e-06 
0.363252 -0.0349907 11.4825 0.0025 1.02817 1.03965 2.52833 0.00486302 345 4 1 -3.51258e-06 
0.365703 -0.0136649 6.99168 0.0025 1.01436 1.0206 2.51431 0.00492922 346 4 1 1.12023e-05 
0.368181 -0.0102038 -1.78461 0.0025 1.00819 1.01147 2.5082 0.00495941 347 4 1 1.691e-06 
0.370663 -0.00641606 5.92181 0.0025 1.00208 1.00258 2.50253 0.00498961 348 4 1 -9.53477e-06 
0.373171 0.0156769 13.598 0.0025 0.986033 0.98061 2.48637 0.00507082 349 4 1 8.07326e-07 
0.375734 0.0407445 9.23572 0.0025 0.967381 0.954966 2.46717 0.00516859 350 4 1 1.14274e-05 
0.37834 0.0563065 5.66809 0.0025 0.953212 0.935203 2.45269 0.00524542 351 4 1 4.66152e-06 
0.38098 0.0720558 8.31356 0.0025 0.939574 0.916446 2.43873 0.00532156 352 4 1 7.18792e-07 
0.383662 0.0931078 9.495 0.0025 0.923529 0.894731 2.42197 0.00541402 353 4 1 4.40065e-06 
0.386394 0.114284 8.66909 0.0025 0.907027 0.872451 2.40453 0.00551251 354 4 1 5.94923e-06 
0.389175 0.134776 8.55191 0.0025 0.890896 0.850782 2.38735 0.00561233 355 4 1 5.15014e-06 
0.392007 0.156123 8.73597 0.0025 0.874604 0.829085 2.36981 0.00571687 356 4 1 5.23901e-06 
0.394893 0.178103 8.82366 0.0025 0.858023 0.807177 2.35175 0.00582735 357 4 1 5.76641e-06 
0.397835 0.200682 8.74858 0.0025 0.841291 0.785233 2.3333 0.00594325 358 4 1 6.11333e-06 
0.400836 0.223742 8.77952 0.0025 0.824446 0.763314 2.31451 0.00606468 359 4 1 6.34237e-06 
0.4039 0.24738 8.7501 0.0025 0.807462 0.741398 2.29533 0.00619224 360 4 1 6.66764e-06 
0.407029 0.271649 8.77399 0.0025 0.790344 0.719495 2.27576 0.00632636 361 4 1 6.98641e-06 
0.410227 0.296453 8.74256 0.0025 0.773094 0.697614 2.25577 0.00646752 362 4 1 7.3933e-06 
0.413498 0.321915 8.71432 0.0025 0.755753 0.675815 2.23541 0.00661592 363 4 1 7.76335e-06 
0.416844 0.347893 8.65121 0.0025 0.73836 0.654152 2.21469 0.00677176 364 4 1 8.19199e-06 
0.420271 0.374422 8.53714 0.0025 0.721004 0.632739 2.19373 0.00693477 365 4 1 8.61602e-06 
0.42378 0.401187 8.34824 0.0025 0.703823 0.611747 2.17268 0.00710406 366 4 1 9.02019e-06 
0.427376 0.427915 8.02166 0.0025 0.687039 0.591441 2.15182 0.0072776 367 4 1 9.3509e-06 
0.431059 0.453942 7.49792 0.0025 0.670978 0.572191 2.13156 0.00745181 368 4 1 9.38458e-06 
0.434829 0.478743 6.81914 0.0025 0.655963 0.554353 2.11236 0.00762238 369 4 1 8.89661e-06 
0.438682 0.501692 6.09871 0.0025 0.642159 0.538076 2.09447 0.00778623 370 4 1 7.73343e-06 
0.442616 0.523232 5.69542 0.0025 0.629298 0.523017 2.07761 0.00794536 371 4 1 6.18516e-06 
0.446629 0.544594 5.79272 0.0025 0.616649 0.508327 2.06083 0.00810834 372 4 1 5.09515e-06 
0.450725 0.567796 6.35649 0.0025 0.603391 0.493098 2.04302 0.0082865 373 4 1 5.53045e-06 
0.454916 0.593315 6.6736 0.0025 0.589385 0.477201 2.02394 0.00848342 374 4 1 7.62972e-06 
0.45921 0.619491 6.30533 0.0025 0.575527 0.461644 2.00477 0.00868769 375 4 1 9.88755e-06 
0.463605 0.642892 4.95125 0.0025 0.563403 0.448152 1.98776 0.00887464 376 4 1 1.05308e-05 
0.468086 0.659851 2.988 0.0025 0.55456 0.438353 1.97522 0.00901615 377 4 1 8.55411e-06 
0.472622 0.668759 1.10866 0.0025 0.549566 0.432778 1.96811 0.00909809 378 4 1 4.67292e-06 
0.477184 0.671878 0.462155 0.0025 0.547287 0.430175 1.96488 0.00913598 379 4 1 1.1092e-06 
0.481758 0.674794 0.803128 0.0025 0.545717 0.428444 1.96265 0.00916225 380 4 1 6.32669e-07 
0.486346 0.677466 0.166145 0.0025 0.544597 0.427243 1.96106 0.0091811 381 4 1 1.23462e-06 
0.490939 0.676999 -0.136335 0.0025 0.544419 0.427025 1.96084 0.0091841 382 5 1 4.08061e-07 
0.49553 0.676743 -0.0640255 0.0025 0.544581 0.427192 1.96111 0.00918137 383 4 1 -2.15238e-08 
0.50012 0.676422 -0.0914705 0.0025 0.544727 0.427364 1.96136 0.00917892 384 4 1 4.81773e-08 
0.504709 0.676038 -0.0864487 0.0025 0.54491 0.427571 1.96166 0.00917583 385 4 1 -3.53486e-09 
0.509296 0.675673 -0.0728173 0.0025 0.545087 0.427774 1.96196 0.00917285 386 4 1 -1.80716e-08 
0.513882 0.675356 -0.0626276 0.0025 0.545245 0.427958 1.96223 0.0091702 387 4 1 -2.22539e-08 
0.518466 0.675096 -0.0536529 0.0025 0.545379 0.428117 1.96248 0.00916793 388 4 1 -2.20855e-08 
0.52305 0.674878 -0.0452757 0.0025 0.54549 0.428252 1.9627 0.00916607 389 4 1 -2.46516e-08 
0.527632 0.674687 -0.0389183 0.0025 0.545582 0.428365 1.96289 0.00916453 390 4 1 -9.59717e-09 
0.532214 0.674517 -0.0351389 0.0025 0.545659 0.428465 1.96306 0.00916323 391 4 1 -6.03341e-09 
0.536796 0.674367 -0.0320281 0.0025 0.545726 0.428555 1.96323 0.0091621 392 4 1 -2.55996e-09 
0.541376 0.674233 -0.0280026 0.0025 0.545785 0.428636 1.9634 0.00916112 393 4 1 -1.4758e-08 
0.545957 0.674113 -0.0238038 0.0025 0.545824 0.428706 1.96355 0.00916046 394 4 1 1.34009e-07 
0.550537 0.674007 -0.0205754 0.0025 0.545867 0.428796 1.96386 0.00915973 395 3 1 -1.46289e-07 
0.555117 0.673913 -0.0181754 0.0025 0.545517 0.428693 1.96399 0.00916561 396 5 1 3.48876e-06 
0.559703 0.673831 -0.016045 0.0025 0.547823 0.430402 1.9679 0.00912704 397 3 1 -1.90669e-05 
0.564244 0.673758 -0.0141534 0.0025 0.536536 0.425777 1.9495 0.00931904 398 4 1 0.000179179 
0.569028 0.673689 -0.0124779 0.0025 0.510725 0.432341 2.15195 0.00979001 399 4 1 -0.000134259 
0.57404 0.673623 -0.0108672 0.0025 0.48252 0.424151 2.15498 0.0103623 400 4 1 0.00026597 
0.579404 0.673558 -0.00909153 0.0025 0.454071 0.432612 2.44364 0.0110115 401 4 1 -0.000240422 
0.585063 0.673493 -0.00717609 0.0025 0.446793 0.426972 2.37977 0.0111909 402 5 1 5.3774e-05 
0.590596 0.673432 -0.00517031 0.0025 0.452232 0.429356 2.37417 0.0110563 403 4 1 -3.02428e-06 
0.596119 0.673367 -0.00249094 0.0025 0.453418 0.429032 2.36479 0.0110274 404 4 1 3.88667e-06 
0.601624 0.673289 0.00211023 0.0025 0.454488 0.429077 2.35998 0.0110014 405 4 1 1.21574e-06 
0.60712 0.673172 0.0119696 0.0025 0.455072 0.428996 2.35661 0.0109873 406 4 1 7.12151e-07 
0.612611 0.672954 0.035404 0.0025 0.455405 0.428832 2.35408 0.0109792 407 4 1 2.31487e-07 
0.618099 0.672473 0.0939767 0.0025 0.455437 0.42843 2.35182 0.0109785 408 3 1 -3.93595e-07 
0.62359 0.671332 0.237642 0.0025 0.454958 0.427443 2.3491 0.01099 409 4 1 -1.50689e-06 
0.629089 0.668599 0.586623 0.0025 0.4534 0.42508 2.34455 0.0110278 410 4 1 -3.56241e-06 
0.634617 0.662077 1.37325 0.0025 0.449576 0.419744 2.33557 0.0111216 411 4 1 -7.0337e-06 
0.640211 0.64787 2.98805 0.0025 0.441207 0.40849 2.31713 0.0113325 412 4 1 -1.05656e-05 
0.645952 0.616655 6.36396 0.0025 0.424872 0.387115 2.28108 0.0117682 413 4 1 -6.68271e-06 
0.651988 0.559136 11.1137 0.0025 0.397275 0.351805 2.21732 0.0125857 414 4 1 1.25203e-05 
0.658565 0.447967 23.0181 0.0025 0.354744 0.299862 2.1095 0.0140947 415 4 1 8.53706e-05 
0.666178 0.255122 31.5278 0.0025 0.304832 0.24172 1.96712 0.0164025 416 4 1 0.000230084 
0.675126 0.0737076 19.7279 0.0025 0.267517 0.199617 1.8502 0.0186904 417 4 1 0.000242721 
0.684945 -0.00122339 4.15772 0.0025 0.251834 0.182103 1.80059 0.0198544 418 4 1 8.64711e-05 
0.694987 -0.0055429 -1.17851 0.0025 0.24928 0.178925 1.79292 0.0200578 419 5 1 9.42205e-06 
0.705003 -0.00023969 -0.282012 0.0025 0.249823 0.179306 1.7945 0.0200142 420 4 1 -8.60482e-07 
0.715002 0.000251617 0.0188105 0.0025 0.250028 0.179518 1.79508 0.0199978 421 3 1 -5.04753e-07 
0.725 9.91371e-05 0.0199396 0.0025 0.250019 0.179518 1.79505 0.0199985 422 4 1 -9.16744e-09 
0.735 1.9299e-05 0.00586364 0.0025 0.250005 0.179505 1.79501 0.0199996 423 4 1 2.30126e-08 
0.745 1.00744e-06 0.000875092 0.0025 0.250001 0.179501 1.795 0.02 424 4 1 8.51942e-09 
0.755 -6.49821e-07 -7.34648e-05 0.0025 0.25 0.1795 1.795 0.02 425 5 1 1.54792e-09 
0.765 -8.32925e-08 -4.55848e-05 0.0025 0.25 0.1795 1.795 0.02 426 4 1 4.05643e-13 
0.775 1.94039e-08 -1.967e-07 0.0025 0.25 0.1795 1.795 0.02 427 4 1 -6.58371e-11 
0.785 9.55703e-09 1.85871e-06 0.0025 0.25 0.1795 1.795 0.02 428 3 1 -5.07579e-12 
0.795 2.00128e-09 6.10742e-07 0.0025 0.25 0.1795 1.795 0.02 429 4 1 1.76718e-12 
0.805 1.49854e-10 9.51388e-08 0.0025 0.25 0.1795 1.795 0.02 430 4 1 7.90806e-13 
0.815 -4.78529e-11 -2.73539e-09 0.0025 0.25 0.1795 1.795 0.02 431 4 1 1.53086e-13 
0.825 -8.91554e-12 -4.10756e-09 0.0025 0.25 0.1795 1.795 0.02 432 5 1 5.7172e-15 
0.835 9.44417e-13 -1.40034e-10 0.0025 0.25 0.1795 1.795 0.02 433 4 1 -4.99742e-15 
0.845 5.93273e-13 1.1363e-10 0.0025 0.25 0.1795 1.795 0.02 434 3 1 -5.68257e-16 
0.855 1.23574e-13 4.28599e-11 0.0025 0.25 0.1795 1.795 0.02 435 4 1 8.79297e-17 
0.865 2.22872e-15 4.49063e-12 0.0025 0.25 0.1795 1.795 0.02 436 4 1 4.81393e-17 
0.875 -1.52141e-15 -4.54747e-13 0.0025 0.25 0.1795 1.795 0.02 437 5 1 6.75016e-18 
0.885 -1.19718e-16 -8.52651e-14 0.0025 0.25 0.1795 1.795 0.02 438 5 1 -1.42109e-18 
0.895 -1.27866e-16 -2.52234e-44 0.0025 0.25 0.1795 1.795 0.02 439 5 1 -1.42109e-18 
0.905 -2.4227e-16 -1.42109e-14 0.0025 0.25 0.1795 1.795 0.02 440 5 1 -1.42109e-18 
0.915 -5.4349e-16 -2.84217e-14 0.0025 0.25 0.1795 1.795 0.02 441 5 1 -1.42109e-18 
0.925 -1.11546e-15 -4.26326e-14 0.0025 0.25 0.1795 1.795 0.02 442 5 1 -1.42109e-18 
0.935 -2.58545e-15 -5.68434e-14 0.0025 0.25 0.1795 1.795 0.02 443 5 1 -1.06581e-18 
0.945 -4.37503e-15 5.68434e-14 0.0025 0.25 0.1795 1.795 0.02 444 5 1 -6.03961e-18 
0.955 -9.8098e-15 5.68434e-14 0.0025 0.25 0.1795 1.795 0.02 445 5 1 9.05942e-18 
0.965 8.10402e-15 1.42109e-13 0.0025 0.25 0.1795 1.795 0.02 446 5 1 -2.20268e-17 
0.975 2.54523e-15 2.41585e-13 0.0025 0.25 0.1795 1.795 0.02 447 5 1 2.71783e-17 
0.985 2.37519e-15 -1.13687e-13 0.0025 0.25 0.1795 1.795 0.02 448 5 1 -3.12639e-17 
0.995 -3.51891e-15 -1.42109e-13 0.0025 0.25 0.1795 1.795 0.02 449 4 1 1.74083e-17 
1.005 3.52259e-15 1.27898e-13 0.0025 0.25 0.1795 1.795 0.02 450 4 1 1.63425e-17 
1.015 -2.25382e-15 1.27898e-13 0.0025 0.25 0.1795 1.795 0.02 451 5 1 -3.0731e-17 
1.025 -2.13555e-15 -2.41585e-13 0.0025 0.25 0.1795 1.795 0.02 452 5 1 2.73559e-17 
1.035 -7.74761e-15 -1.98952e-13 0.0025 0.25 0.1795 1.795 0.02 453 5 1 -2.22045e-17 
1.045 9.88385e-15 -4.26326e-14 0.0025 0.25 0.1795 1.795 0.02 454 5 1 8.52651e-18 
1.055 4.52006e-15 -2.84217e-14 0.0025 0.25 0.1795 1.795 0.02 455 5 1 -5.50671e-18 
1.065 2.53844e-15 9.9476e-14 0.0025 0.25 0.1795 1.795 0.02 456 5 1 -1.06581e-18 
1.075 1.1026e-15 2.84217e-14 0.0025 0.25 0.1795 1.795 0.02 457 5 1 -1.42109e-18 
1.085 5.43464e-16 2.84217e-14 0.0025 0.25 0.1795 1.795 0.02 458 5 1 -1.42109e-18 
1.095 2.4219e-16 1.42109e-14 0.0025 0.25 0.1795 1.795 0.02 459 5 1 -1.42109e-18 
1.105 1.27851e-16 1.96182e-44 0.0025 0.25 0.1795 1.795 0.02 460 5 1 -1.42109e-18 
1.115 8.97899e-17 7.10543e-14 0.0025 0.25 0.1795 1.795 0.02 461 5 1 -1.42109e-18 
1.125 1.44458e-15 3.41061e-13 0.0025 0.25 0.1795 1.795 0.02 462 5 1 4.61853e-18 
1.135 -5.13895e-16 -2.79954e-12 0.0025 0.25 0.1795 1.795 0.02 463 5 1 4.68958e-17 
1.145 -1.1649e-13 -4.2931e-11 0.0025 0.25 0.1795 1.795 0.02 464 4 1 9.76996e-17 
1.155 -5.8689e-13 -1.19968e-10 0.0025 0.25 0.1795 1.795 0.02 465 3 1 -5.69145e-16 
1.165 -9.6409e-13 1.46883e-10 0.0025 0.25 0.1795 1.795 0.02 466 4 1 -5.01625e-15 
1.175 8.92218e-12 4.10959e-09 0.0025 0.25 0.1795 1.795 0.02 467 5 1 5.71081e-15 
1.185 4.78349e-11 2.7282e-09 0.0025 0.25 0.1795 1.795 0.02 468 4 1 1.53128e-13 
1.195 -1.49829e-10 -9.51387e-08 0.0025 0.25 0.1795 1.795 0.02 469 4 1 7.90806e-13 
1.205 -2.00127e-09 -6.10737e-07 0.0025 0.25 0.1795 1.795 0.02 470 4 1 1.76712e-12 
1.215 -9.55702e-09 -1.85872e-06 0.0025 0.25 0.1795 1.795 0.02 471 3 1 -5.07575e-12 
1.225 -1.94039e-08 1.96706e-07 0.0025 0.25 0.1795 1.795 0.02 472 4 1 -6.58371e-11 
1.235 8.32925e-08 4.55847e-05 0.0025 0.25 0.1795 1.795 0.02 473 4 1 4.05657e-13 
1.245 6.49821e-07 7.34648e-05 0.0025 0.25 0.1795 1.795 0.02 474 5 1 1.54792e-09 
1.255 -1.00744e-06 -0.000875092 0.0025 0.250001 0.179501 1.795 0.02 475 4 1 8.51942e-09 
1.265 -1.9299e-05 -0.00586364 0.0025 0.250005 0.179505 1.79501 0.0199996 476 4 1 2.30126e-08 
1.275 -9.91371e-05 -0.0199396 0.0025 0.250019 0.179518 1.79505 0.0199985 477 4 1 -9.16744e-09 
1.285 -0.000251617 -0.0188105 0.0025 0.250028 0.179518 1.79508 0.0199978 478 3 1 -5.04753e-07 
1.295 0.00023969 0.282012 0.0025 0.249823 0.179306 1.7945 0.0200142 479 4 1 -8.60482e-07 
1.30501 0.0055429 1.17851 0.0025 0.24928 0.178925 1.79292 0.0200578 480 5 1 9.42205e-06 
1.31506 0.00122339 -4.15772 0.0025 0.251834 0.182103 1.80059 0.0198544 481 4 1 8.64711e-05 
1.32487 -0.0737076 -19.7279 0.0025 0.267517 0.199617 1.8502 0.0186904 482 4 1 0.000242721 
1.33382 -0.255122 -31.5278 0.0025 0.304832 0.24172 1.96712 0.0164025 483 4 1 0.000230084 
1.34144 -0.447967 -23.0181 0.0025 0.354744 0.299862 2.1095 0.0140947 484 4 1 8.53706e-05 
1.34801 -0.559136 -11.1137 0.0025 0.397275 0.351805 2.21732 0.0125857 485 4 1 1.25203e-05 
1.35405 -0.616655 -6.36396 0.0025 0.424872 0.387115 2.28108 0.0117682 486 4 1 -6.68271e-06 
1.35979 -0.64787 -2.98805 0.0025 0.441207 0.40849 2.31713 0.0113325 487 4 1 -1.05656e-05 
1.36538 -0.662077 -1.37325 0.0025 0.449576 0.419744 2.33557 0.0111216 488 4 1 -7.0337e-06 
1.37091 -0.668599 -0.586623 0.0025 0.4534 0.42508 2.34455 0.0110278 489 4 1 -3.56241e-06 
1.37641 -0.671332 -0.237642 0.0025 0.454958 0.427443 2.3491 0.01099 490 4 1 -1.50689e-06 
1.3819 -0.672473 -0.0939767 0.0025 0.455437 0.42843 2.35182 0.0109785 491 3 1 -3.93595e-07 
1.38739 -0.672954 -0.035404 0.0025 0.455405 0.428832 2.35408 0.0109792 492 4 1 2.31487e-07 
1.39288 -0.673172 -0.0119696 0.0025 0.455072 0.428996 2.35661 0.0109873 493 4 1 7.12151e-07 
1.39838 -0.673289 -0.00211023 0.0025 0.454488 0.429077 2.35998 0.0110014 494 4 1 1.21574e-06 
1.40388 -0.673367 0.00249094 0.0025 0.453418 0.429032 2.36479 0.0110274 495 4 1 3.88667e-06 
1.4094 -0.673432 0.00517031 0.0025 0.452232 0.429356 2.37417 0.0110563 496 4 1 -3.02428e-06 
1.41494 -0.673493 0.00717609 0.0025 0.446793 0.426972 2.37977 0.0111909 497 5 1 5.3774e-05 
1.4206 -0.673558 0.00909153 0.0025 0.454071 0.432612 2.44364 0.0110115 498 4 1 -0.000240422 
1.42596 -0.673623 0.0108672 0.0025 0.48252 0.424151 2.15498 0.0103623 499 4 1 0.00026597 
