# Time [s]: 0.115551
# Columns: pos [m], vel [m/s], acc [m/s^2], mass [kg], dens [kg/m^3], pres [Pa], ene [J/kg], sml [m], id, neighbor, alpha, gradh, ...additional?
1.42447 -0.673582 0.00973602 0.0025 0.510786 0.432413 2.15206 0.00978884 0 4 1 -0.00013425 
1.42926 -0.673637 0.0110346 0.0025 0.536606 0.425855 1.9496 0.00931782 1 4 1 0.000179194 
1.4338 -0.673695 0.0124665 0.0025 0.547903 0.43049 1.96802 0.00912571 2 3 1 -1.90646e-05 
1.43838 -0.673759 0.0142774 0.0025 0.545606 0.428791 1.96412 0.00916412 3 5 1 3.48782e-06 
1.44296 -0.67383 0.0163979 0.0025 0.545967 0.428906 1.964 0.00915806 4 3 1 -1.447e-07 
1.44754 -0.673909 0.0185725 0.0025 0.545936 0.42883 1.96371 0.00915858 5 4 1 1.36914e-07 
1.45212 -0.673998 0.0209209 0.0025 0.545911 0.428776 1.96358 0.009159 6 4 1 -1.13183e-08 
1.4567 -0.6741 0.0239801 0.0025 0.54587 0.428713 1.96344 0.00915969 7 4 1 -1.10816e-09 
1.46128 -0.674215 0.0277095 0.0025 0.545822 0.428644 1.9633 0.0091605 8 4 1 -5.64099e-09 
1.46586 -0.674345 0.0312483 0.0025 0.545763 0.428565 1.96315 0.00916148 9 4 1 -4.81919e-09 
1.47044 -0.674493 0.034448 0.0025 0.545695 0.428477 1.96299 0.00916263 10 4 1 -1.33638e-08 
1.47502 -0.674662 0.0387326 0.0025 0.545617 0.428379 1.96282 0.00916394 11 4 1 -1.0576e-08 
1.4796 -0.674852 0.0451709 0.0025 0.545525 0.428266 1.96264 0.00916549 12 4 1 -1.80037e-08 
1.48419 -0.675069 0.0527299 0.0025 0.545414 0.428133 1.96243 0.00916735 13 4 1 -1.95936e-08 
1.48877 -0.675324 0.0605504 0.0025 0.545282 0.427979 1.9622 0.00916957 14 4 1 -1.91186e-08 
1.49336 -0.675629 0.0697902 0.0025 0.545131 0.427806 1.96194 0.0091721 15 4 1 -1.88449e-08 
1.49794 -0.67597 0.0803915 0.0025 0.544965 0.427615 1.96166 0.0091749 16 4 1 1.07476e-09 
-0.497467 -0.676323 0.0849183 0.0025 0.544794 0.427422 1.96138 0.00917777 17 4 1 4.61725e-08 
-0.492878 -0.676633 0.064891 0.0025 0.544658 0.427265 1.96116 0.00918007 18 4 1 1.47681e-08 
-0.488287 -0.676806 0.0646661 0.0025 0.544536 0.427132 1.96095 0.00918213 19 5 1 2.01341e-07 
-0.483696 -0.677344 0.023496 0.0025 0.544589 0.427218 1.96099 0.00918123 20 4 1 1.10475e-06 
-0.479106 -0.675443 -0.762048 0.0025 0.545499 0.428205 1.96228 0.00916592 21 4 1 9.64612e-07 
-0.47453 -0.672116 -0.633357 0.0025 0.547106 0.429955 1.96457 0.00913899 22 4 1 7.55966e-07 
-0.469967 -0.66904 -0.884504 0.0025 0.549184 0.432308 1.96752 0.00910442 23 4 1 3.16539e-06 
-0.465425 -0.662195 -2.28833 0.0025 0.553159 0.436761 1.97318 0.00903898 24 4 1 6.60353e-06 
-0.460928 -0.64855 -4.06798 0.0025 0.560382 0.444772 1.98344 0.00892248 25 4 1 8.95599e-06 
-0.456502 -0.628424 -5.5153 0.0025 0.570831 0.456381 1.99816 0.00875916 26 4 1 9.27817e-06 
-0.452168 -0.604508 -6.20605 0.0025 0.583425 0.470476 2.01568 0.00857008 27 4 1 7.98448e-06 
-0.447931 -0.579776 -6.26425 0.0025 0.596803 0.485588 2.03403 0.00837798 28 4 1 5.9795e-06 
-0.443789 -0.556402 -5.81615 0.0025 0.609861 0.500495 2.0517 0.00819859 29 4 1 4.59761e-06 
-0.439731 -0.535233 -5.42276 0.0025 0.622152 0.514681 2.06812 0.00803662 30 4 1 4.62592e-06 
-0.435751 -0.515174 -5.4141 0.0025 0.634033 0.528524 2.0838 0.00788602 31 4 1 5.66054e-06 
-0.431845 -0.494851 -5.83719 0.0025 0.646223 0.54283 2.09972 0.00773727 32 4 1 6.90952e-06 
-0.428013 -0.473156 -6.45101 0.0025 0.659288 0.558264 2.11659 0.00758394 33 4 1 7.71393e-06 
-0.42426 -0.45006 -6.99759 0.0025 0.673362 0.575011 2.13454 0.00742543 34 4 1 8.03807e-06 
-0.420587 -0.425896 -7.42792 0.0025 0.688287 0.592918 2.15334 0.00726441 35 4 1 7.94473e-06 
-0.416994 -0.401268 -7.67428 0.0025 0.703783 0.611676 2.17259 0.00710446 36 4 1 7.69631e-06 
-0.413481 -0.376577 -7.85743 0.0025 0.719605 0.630999 2.19199 0.00694826 37 4 1 7.35199e-06 
-0.410045 -0.352194 -7.92762 0.0025 0.735567 0.650671 2.2113 0.00679747 38 4 1 7.00948e-06 
-0.406683 -0.328179 -7.99916 0.0025 0.751553 0.670545 2.23039 0.00665289 39 4 1 6.66493e-06 
-0.403391 -0.304702 -8.00529 0.0025 0.767495 0.690533 2.24918 0.0065147 40 4 1 6.35963e-06 
-0.400167 -0.281655 -8.04054 0.0025 0.783353 0.710585 2.26765 0.00638282 41 4 1 6.08397e-06 
-0.397008 -0.259213 -8.04276 0.0025 0.799121 0.730684 2.28579 0.00625687 42 4 1 5.79506e-06 
-0.39391 -0.237143 -8.04764 0.0025 0.814778 0.750799 2.30359 0.00613664 43 4 1 5.55827e-06 
-0.390871 -0.215717 -8.05687 0.0025 0.830327 0.770929 2.32106 0.00602172 44 4 1 5.31781e-06 
-0.387888 -0.194636 -8.05099 0.0025 0.845765 0.791064 2.33822 0.00591181 45 4 1 5.07021e-06 
-0.384958 -0.174093 -8.03899 0.0025 0.86108 0.811188 2.35506 0.00580666 46 4 1 4.91776e-06 
-0.38208 -0.154 -8.09513 0.0025 0.8763 0.831329 2.37161 0.00570581 47 4 1 4.71659e-06 
-0.379252 -0.134037 -8.07476 0.0025 0.891419 0.851455 2.3879 0.00560904 48 4 1 3.90142e-06 
-0.376471 -0.115281 -7.54718 0.0025 0.906108 0.871167 2.40353 0.00551811 49 4 1 4.33292e-06 
-0.373734 -0.0969618 -8.17002 0.0025 0.920757 0.890994 2.41898 0.00543032 50 4 1 5.5439e-06 
-0.37104 -0.0770887 -9.06898 0.0025 0.936141 0.911842 2.43513 0.00534108 51 4 1 2.74403e-06 
-0.368392 -0.0583754 -6.96081 0.0025 0.950556 0.93144 2.45006 0.00526008 52 4 1 -3.57501e-07 
-0.36578 -0.0455019 -4.79761 0.0025 0.962304 0.947729 2.46196 0.00519586 53 4 1 4.86831e-06 
-0.363196 -0.0311885 -9.08524 0.0025 0.975331 0.965954 2.47524 0.00512646 54 4 1 1.03494e-05 
-0.360653 -0.00729761 -12.5732 0.0025 0.992798 0.989987 2.49315 0.00503627 55 4 1 -6.1477e-07 
-0.358159 0.0119526 -4.73646 0.0025 1.00707 1.00958 2.50745 0.00496488 56 4 1 -8.96032e-06 
-0.355688 0.0145474 1.78596 0.0025 1.01198 1.01683 2.51196 0.00494079 57 4 1 1.8117e-06 
-0.353219 0.0176914 -6.46043 0.0025 1.01733 1.02471 2.51726 0.00491482 58 4 1 8.6796e-06 
-0.350773 0.0359473 -9.16659 0.0025 1.02892 1.04067 2.52902 0.00485945 59 4 1 -4.05284e-06 
-0.348359 0.0451632 -1.00756 0.0025 1.03633 1.05091 2.53625 0.00482473 60 3 1 -7.31795e-06 
-0.345948 0.0432556 1.93404 0.0025 1.03525 1.04959 2.53507 0.00482976 61 4 1 -2.86985e-06 
-0.343529 0.0376466 3.15291 0.0025 1.03045 1.04289 2.53031 0.00485226 62 4 1 -6.25221e-07 
-0.341096 0.0305439 3.63931 0.0025 1.02446 1.03445 2.52436 0.00488064 63 4 1 5.67266e-07 
-0.338648 0.0232 3.5771 0.0025 1.01841 1.02592 2.51835 0.00490963 64 4 1 1.19624e-06 
-0.336186 0.0164994 3.13401 0.0025 1.013 1.0183 2.51296 0.00493586 65 4 1 1.41191e-06 
-0.333713 0.0109837 2.48494 0.0025 1.00861 1.01213 2.50858 0.00495733 66 4 1 1.3251e-06 
-0.331229 0.00684477 1.8003 0.0025 1.00535 1.00754 2.50533 0.0049734 67 4 1 1.07514e-06 
-0.328739 0.00399222 1.20052 0.0025 1.00312 1.0044 2.5031 0.00498446 68 4 1 7.8404e-07 
-0.326245 0.00217622 0.740603 0.0025 1.0017 1.00241 2.50169 0.00499151 69 4 1 5.25208e-07 
-0.323748 0.00110462 0.423602 0.0025 1.00087 1.00123 2.50086 0.00499567 70 4 1 3.26813e-07 
-0.321249 0.00051828 0.224309 0.0025 1.00041 1.00058 2.5004 0.00499796 71 4 1 1.89535e-07 
-0.31875 0.000221882 0.109284 0.0025 1.00018 1.00025 2.50017 0.00499912 72 4 1 1.02182e-07 
-0.31625 8.47014e-05 0.0483554 0.0025 1.00007 1.0001 2.50007 0.00499966 73 4 1 5.0816e-08 
-0.31375 2.75799e-05 0.0189462 0.0025 1.00002 1.00003 2.50002 0.00499988 74 4 1 2.29892e-08 
-0.31125 6.89556e-06 0.00625737 0.0025 1.00001 1.00001 2.50001 0.00499997 75 4 1 9.20199e-09 
-0.30875 8.7232e-07 0.00149782 0.0025 1 1 2.5 0.00499999 76 4 1 3.18239e-09 
-0.30625 -2.01975e-07 -6.7009e-06 0.0025 1 1 2.5 0.005 77 5 1 7.95513e-10 
-0.30375 9.9405e-08 -0.000154553 0.0025 1 1 2.5 0.005 78 4 1 -4.24608e-11 
-0.30125 1.75919e-07 8.77892e-06 0.0025 1 1 2.5 0.005 79 3 1 -8.06167e-11 
-0.29875 1.20917e-07 3.48882e-05 0.0025 1 1 2.5 0.005 80 4 1 -2.52449e-12 
-0.29625 6.04503e-08 2.7239e-05 0.0025 1 1 2.5 0.005 81 4 1 1.45259e-11 
-0.29375 2.35502e-08 1.42625e-05 0.0025 1 1 2.5 0.005 82 4 1 1.22585e-11 
-0.29125 6.84237e-09 5.67042e-06 0.0025 1 1 2.5 0.005 83 4 1 6.66054e-12 
-0.28875 1.12678e-09 1.60518e-06 0.0025 1 1 2.5 0.005 84 4 1 2.73199e-12 
-0.28625 -1.40819e-10 1.63718e-07 0.0025 1 1 2.5 0.005 85 4 1 7.96555e-13 
-0.28375 -1.4137e-11 -1.41647e-07 0.0025 1 1 2.5 0.005 86 5 1 4.53127e-14 
-0.28125 8.21355e-11 -6.27114e-09 0.0025 1 1 2.5 0.005 87 3 1 -6.7735e-14 
-0.27875 5.87669e-11 1.92032e-08 0.0025 1 1 2.5 0.005 88 4 1 -5.44418e-15 
-0.27625 2.62956e-11 1.47387e-08 0.0025 1 1 2.5 0.005 89 4 1 8.31051e-15 
-0.27375 8.10011e-12 6.66319e-09 0.0025 1 1 2.5 0.005 90 4 1 6.73239e-15 
-0.27125 1.34221e-12 1.98338e-09 0.0025 1 1 2.5 0.005 91 4 1 3.09051e-15 
-0.26875 -1.70057e-13 1.91108e-10 0.0025 1 1 2.5 0.005 92 4 1 9.54259e-16 
-0.26625 -2.05711e-14 -1.46827e-10 0.0025 1 1 2.5 0.005 93 5 1 4.40536e-17 
-0.26375 4.73936e-14 -2.57501e-11 0.0025 1 1 2.5 0.005 94 3 1 -8.49099e-17 
-0.26125 6.99509e-14 1.97815e-11 0.0025 1 1 2.5 0.005 95 3 1 6.03961e-18 
-0.25875 1.18666e-14 2.70006e-11 0.0025 1 1 2.5 0.005 96 4 1 6.03961e-18 
-0.25625 -4.1167e-16 -2.27374e-13 0.0025 1 1 2.5 0.005 97 5 1 9.23706e-18 
-0.25375 -2.74736e-16 -4.54747e-13 0.0025 1 1 2.5 0.005 98 5 1 -1.42109e-18 
-0.25125 -5.4182e-47 -8.96831e-44 0.0025 1 1 2.5 0.005 99 5 1 -1.42109e-18 
-0.24875 0 0 0.0025 1 1 2.5 0.005 100 5 1 -1.42109e-18 
-0.24625 0 0 0.0025 1 1 2.5 0.005 101 5 1 -1.42109e-18 
-0.24375 0 0 0.0025 1 1 2.5 0.005 102 5 1 -1.42109e-18 
-0.24125 0 0 0.0025 1 1 2.5 0.005 103 5 1 -1.42109e-18 
-0.23875 0 0 0.0025 1 1 2.5 0.005 104 5 1 -1.42109e-18 
-0.23625 0 0 0.0025 1 1 2.5 0.005 105 5 1 -1.42109e-18 
-0.23375 0 0 0.0025 1 1 2.5 0.005 106 5 1 -1.42109e-18 
-0.23125 0 0 0.0025 1 1 2.5 0.005 107 5 1 -1.42109e-18 
-0.22875 0 0 0.0025 1 1 2.5 0.005 108 5 1 -1.42109e-18 
-0.22625 0 0 0.0025 1 1 2.5 0.005 109 5 1 -1.42109e-18 
-0.22375 0 0 0.0025 1 1 2.5 0.005 110 5 1 -1.42109e-18 
-0.22125 0 0 0.0025 1 1 2.5 0.005 111 5 1 -1.42109e-18 
-0.21875 0 0 0.0025 1 1 2.5 0.005 112 5 1 -1.42109e-18 
-0.21625 0 0 0.0025 1 1 2.5 0.005 113 5 1 -1.42109e-18 
-0.21375 0 0 0.0025 1 1 2.5 0.005 114 5 1 -1.42109e-18 
-0.21125 0 0 0.0025 1 1 2.5 0.005 115 5 1 -1.42109e-18 
-0.20875 0 0 0.0025 1 1 2.5 0.005 116 5 1 -1.42109e-18 
-0.20625 0 0 0.0025 1 1 2.5 0.005 117 5 1 -1.42109e-18 
-0.20375 0 0 0.0025 1 1 2.5 0.005 118 5 1 -1.42109e-18 
-0.20125 0 0 0.0025 1 1 2.5 0.005 119 5 1 -1.42109e-18 
-0.19875 0 0 0.0025 1 1 2.5 0.005 120 5 1 -1.42109e-18 
-0.19625 0 0 0.0025 1 1 2.5 0.005 121 5 1 -1.42109e-18 
-0.19375 0 0 0.0025 1 1 2.5 0.005 122 5 1 -1.42109e-18 
-0.19125 0 0 0.0025 1 1 2.5 0.005 123 5 1 -1.42109e-18 
-0.18875 0 0 0.0025 1 1 2.5 0.005 124 5 1 -1.42109e-18 
-0.18625 0 0 0.0025 1 1 2.5 0.005 125 5 1 -1.42109e-18 
-0.18375 0 0 0.0025 1 1 2.5 0.005 126 5 1 -1.42109e-18 
-0.18125 0 0 0.0025 1 1 2.5 0.005 127 5 1 -1.42109e-18 
-0.17875 0 0 0.0025 1 1 2.5 0.005 128 5 1 -1.42109e-18 
-0.17625 0 0 0.0025 1 1 2.5 0.005 129 5 1 -1.42109e-18 
-0.17375 0 0 0.0025 1 1 2.5 0.005 130 5 1 -1.42109e-18 
-0.17125 0 0 0.0025 1 1 2.5 0.005 131 5 1 -1.42109e-18 
-0.16875 0 0 0.0025 1 1 2.5 0.005 132 5 1 -1.42109e-18 
-0.16625 0 0 0.0025 1 1 2.5 0.005 133 5 1 -1.42109e-18 
-0.16375 0 0 0.0025 1 1 2.5 0.005 134 5 1 -1.42109e-18 
-0.16125 0 0 0.0025 1 1 2.5 0.005 135 5 1 -1.42109e-18 
-0.15875 0 0 0.0025 1 1 2.5 0.005 136 5 1 -1.42109e-18 
-0.15625 0 0 0.0025 1 1 2.5 0.005 137 5 1 -1.42109e-18 
-0.15375 0 0 0.0025 1 1 2.5 0.005 138 5 1 -1.42109e-18 
-0.15125 0 0 0.0025 1 1 2.5 0.005 139 5 1 -1.42109e-18 
-0.14875 0 0 0.0025 1 1 2.5 0.005 140 5 1 -1.42109e-18 
-0.14625 0 0 0.0025 1 1 2.5 0.005 141 5 1 -1.42109e-18 
-0.14375 0 0 0.0025 1 1 2.5 0.005 142 5 1 -1.42109e-18 
-0.14125 0 0 0.0025 1 1 2.5 0.005 143 5 1 -1.42109e-18 
-0.13875 0 0 0.0025 1 1 2.5 0.005 144 5 1 -1.42109e-18 
-0.13625 0 0 0.0025 1 1 2.5 0.005 145 5 1 -1.42109e-18 
-0.13375 0 0 0.0025 1 1 2.5 0.005 146 5 1 -1.42109e-18 
-0.13125 0 0 0.0025 1 1 2.5 0.005 147 5 1 -1.42109e-18 
-0.12875 0 0 0.0025 1 1 2.5 0.005 148 5 1 -1.42109e-18 
-0.12625 0 0 0.0025 1 1 2.5 0.005 149 5 1 -1.42109e-18 
-0.12375 0 0 0.0025 1 1 2.5 0.005 150 5 1 -1.42109e-18 
-0.12125 0 0 0.0025 1 1 2.5 0.005 151 5 1 -1.42109e-18 
-0.11875 0 0 0.0025 1 1 2.5 0.005 152 5 1 -1.42109e-18 
-0.11625 0 0 0.0025 1 1 2.5 0.005 153 5 1 -1.42109e-18 
-0.11375 0 0 0.0025 1 1 2.5 0.005 154 5 1 -1.42109e-18 
-0.11125 0 0 0.0025 1 1 2.5 0.005 155 5 1 -1.42109e-18 
-0.10875 0 0 0.0025 1 1 2.5 0.005 156 5 1 -1.42109e-18 
-0.10625 0 0 0.0025 1 1 2.5 0.005 157 5 1 -1.42109e-18 
-0.10375 0 0 0.0025 1 1 2.5 0.005 158 5 1 -1.42109e-18 
-0.10125 0 0 0.0025 1 1 2.5 0.005 159 5 1 -1.42109e-18 
-0.09875 0 0 0.0025 1 1 2.5 0.005 160 5 1 -1.42109e-18 
-0.09625 0 0 0.0025 1 1 2.5 0.005 161 5 1 -1.42109e-18 
-0.09375 0 0 0.0025 1 1 2.5 0.005 162 5 1 -1.42109e-18 
-0.09125 0 0 0.0025 1 1 2.5 0.005 163 5 1 -1.42109e-18 
-0.08875 0 0 0.0025 1 1 2.5 0.005 164 5 1 -1.42109e-18 
-0.08625 0 0 0.0025 1 1 2.5 0.005 165 5 1 -1.42109e-18 
-0.08375 0 0 0.0025 1 1 2.5 0.005 166 5 1 -1.42109e-18 
-0.08125 0 0 0.0025 1 1 2.5 0.005 167 5 1 -1.42109e-18 
-0.07875 0 0 0.0025 1 1 2.5 0.005 168 5 1 -1.42109e-18 
-0.07625 -1.1165e-46 -3.36312e-44 0.0025 1 1 2.5 0.005 169 5 1 -1.42109e-18 
-0.07375 -6.85285e-17 -3.36312e-44 0.0025 1 1 2.5 0.005 170 5 1 -1.42109e-18 
-0.07125 -2.05039e-16 0 0.0025 1 1 2.5 0.005 171 5 1 -1.42109e-18 
-0.06875 -3.40793e-16 0 0.0025 1 1 2.5 0.005 172 5 1 -1.42109e-18 
-0.06625 -4.75252e-16 0 0.0025 1 1 2.5 0.005 173 5 1 -1.42109e-18 
-0.06375 -6.09656e-16 3.36312e-44 0.0025 1 1 2.5 0.005 174 5 1 -1.42109e-18 
-0.06125 -7.43174e-16 0 0.0025 1 1 2.5 0.005 175 5 1 -1.42109e-18 
-0.05875 -8.41194e-16 -1.13687e-13 0.0025 1 1 2.5 0.005 176 5 1 -1.42109e-18 
-0.05625 -9.73233e-16 1.13687e-13 0.0025 1 1 2.5 0.005 177 5 1 -1.42109e-18 
-0.05375 -1.17191e-15 -1.13687e-13 0.0025 1 1 2.5 0.005 178 5 1 -1.42109e-18 
-0.05125 -1.4696e-15 0 0.0025 1 1 2.5 0.005 179 5 1 -1.42109e-18 
-0.04875 -1.73187e-15 0 0.0025 1 1 2.5 0.005 180 5 1 -1.42109e-18 
-0.04625 -1.99222e-15 3.9443e-29 0.0025 1 1 2.5 0.005 181 5 1 -1.42109e-18 
-0.04375 -2.51902e-15 -4.54747e-13 0.0025 1 1 2.5 0.005 182 5 1 -7.10543e-19 
-0.04125 -5.06637e-15 -1.13687e-12 0.0025 1 1 2.5 0.005 183 3 1 -2.84217e-18 
-0.03875 -3.54723e-15 2.38742e-12 0.0025 1 1 2.5 0.005 184 3 1 -2.4869e-18 
-0.03625 -1.4861e-15 -5.68434e-14 0.0025 1 1 2.5 0.005 185 5 1 7.10543e-19 
-0.03375 -1.50183e-15 -3.97904e-13 0.0025 1 1 2.5 0.005 186 4 1 -1.06581e-17 
-0.03125 -2.63407e-15 -2.27374e-13 0.0025 1 1 2.5 0.005 187 3 1 2.4869e-17 
-0.02875 -1.84691e-15 3.41061e-13 0.0025 1 1 2.5 0.005 188 4 1 -1.7053e-17 
-0.02625 -2.03914e-15 7.09975e-28 0.0025 1 1 2.5 0.005 189 5 1 2.4869e-18 
-0.02375 1.20421e-15 -3.97904e-13 0.0025 1 1 2.5 0.005 190 3 1 3.55271e-19 
-0.02125 -2.0475e-16 -1.13687e-13 0.0025 1 1 2.5 0.005 191 4 1 1.77636e-18 
-0.01875 -1.17577e-15 3.45127e-28 0.0025 1 1 2.5 0.005 192 5 1 -6.39488e-18 
-0.01625 -1.17112e-15 -2.85962e-28 0.0025 1 1 2.5 0.005 193 4 1 2.13163e-18 
-0.01375 1.01737e-15 2.46519e-28 0.0025 1 1 2.5 0.005 194 4 1 1.2326e-33 
-0.01125 1.23458e-16 2.07076e-28 0.0025 1 1 2.5 0.005 195 5 1 -1.42109e-18 
-0.00875 3.97304e-16 2.24208e-44 0.0025 1 1 2.5 0.005 196 5 1 -1.42109e-18 
-0.00625 5.79459e-16 3.9443e-29 0.0025 1 1 2.5 0.005 197 5 1 -1.42109e-18 
-0.00375 3.16528e-16 1.13687e-13 0.0025 1 1 2.5 0.005 198 4 1 -1.06581e-18 
-0.00125 1.02041e-16 -2.27374e-13 0.0025 1 1 2.5 0.005 199 3 1 3.55271e-19 
0.00125 2.77129e-17 3.9443e-29 0.0025 1 1 2.5 0.005 200 3 1 0 
0.00375 1.70502e-16 -3.9443e-29 0.0025 1 1 2.5 0.005 201 5 1 -7.10543e-19 
0.00625 -6.16763e-16 -3.9443e-29 0.0025 1 1 2.5 0.005 202 3 1 7.10543e-19 
0.00875 -4.58905e-16 7.95808e-13 0.0025 1 1 2.5 0.005 203 4 1 3.55271e-19 
0.01125 -7.41659e-16 -7.95808e-13 0.0025 1 1 2.5 0.005 204 4 1 1.42109e-18 
0.01375 8.62545e-16 -1.13687e-13 0.0025 1 1 2.5 0.005 205 3 1 0 
0.01625 -1.93423e-15 5.68434e-14 0.0025 1 1 2.5 0.005 206 4 1 3.55271e-19 
0.01875 -1.22372e-16 1.7053e-13 0.0025 1 1 2.5 0.005 207 4 1 -5.32907e-18 
0.02125 -7.65031e-16 5.68434e-14 0.0025 1 1 2.5 0.005 208 3 1 7.4607e-18 
0.02375 3.86308e-16 -1.13687e-13 0.0025 1 1 2.5 0.005 209 3 1 1.42109e-18 
0.02625 4.21285e-16 -1.13687e-13 0.0025 1 1 2.5 0.005 210 4 1 -9.59233e-18 
0.02875 2.82657e-15 5.68434e-14 0.0025 1 1 2.5 0.005 211 3 1 1.20792e-17 
0.03125 3.31771e-15 1.98201e-27 0.0025 1 1 2.5 0.005 212 4 1 -6.39488e-18 
0.03375 2.3289e-15 1.85382e-27 0.0025 1 1 2.5 0.005 213 5 1 -3.19744e-18 
0.03625 2.04629e-15 5.68434e-14 0.0025 1 1 2.5 0.005 214 5 1 -1.42109e-18 
0.03875 4.20931e-16 1.12104e-43 0.0025 1 1 2.5 0.005 215 5 1 1.06581e-18 
0.04125 -8.52921e-17 0 0.0025 1 1 2.5 0.005 216 5 1 -6.03961e-18 
0.04375 -7.44677e-16 2.24208e-44 0.0025 1 1 2.5 0.005 217 5 1 2.13163e-18 
0.04625 -1.71203e-15 1.23314e-43 0.0025 1 1 2.5 0.005 218 5 1 -4.26326e-18 
0.04875 1.34507e-15 -5.60519e-44 0.0025 1 1 2.5 0.005 219 5 1 -7.10543e-19 
0.05125 8.53184e-16 8.96831e-44 0.0025 1 1 2.5 0.005 220 5 1 -2.84217e-18 
0.05375 2.25974e-15 -1.79366e-43 0.0025 1 1 2.5 0.005 221 5 1 -2.4869e-18 
0.05625 -2.03068e-16 3.9443e-29 0.0025 1 1 2.5 0.005 222 5 1 4.61853e-18 
0.05875 1.33434e-15 1.13687e-13 0.0025 1 1 2.5 0.005 223 5 1 -1.24345e-17 
0.06125 2.81845e-16 5.68434e-14 0.0025 1 1 2.5 0.005 224 3 1 4.26326e-18 
0.06375 4.2947e-15 1.89327e-27 0.0025 1 1 2.5 0.005 225 3 1 7.10543e-18 
0.06625 2.06087e-15 5.68434e-14 0.0025 1 1 2.5 0.005 226 5 1 -1.38556e-17 
0.06875 3.93653e-15 1.13687e-13 0.0025 1 1 2.5 0.005 227 5 1 7.4607e-18 
0.07125 1.92771e-15 1.7053e-13 0.0025 1 1 2.5 0.005 228 5 1 -8.52651e-18 
0.07375 2.66712e-16 5.68434e-14 0.0025 1 1 2.5 0.005 229 5 1 7.81597e-18 
0.07625 3.73428e-15 5.68434e-14 0.0025 1 1 2.5 0.005 230 5 1 -1.3145e-17 
0.07875 3.61669e-15 1.13687e-13 0.0025 1 1 2.5 0.005 231 5 1 8.52651e-18 
0.08125 2.18085e-15 5.68434e-14 0.0025 1 1 2.5 0.005 232 5 1 -8.52651e-18 
0.08375 4.34843e-15 -1.13687e-13 0.0025 1 1 2.5 0.005 233 5 1 3.55271e-18 
0.08625 3.14439e-15 -1.13687e-13 0.0025 1 1 2.5 0.005 234 5 1 -5.68434e-18 
0.08875 3.41304e-15 -5.68434e-14 0.0025 1 1 2.5 0.005 235 5 1 2.46519e-33 
0.09125 2.93833e-15 -1.12104e-44 0.0025 1 1 2.5 0.005 236 5 1 -3.90799e-18 
0.09375 2.28779e-15 5.68434e-14 0.0025 1 1 2.5 0.005 237 5 1 2.46519e-33 
0.09625 1.64004e-15 0 0.0025 1 1 2.5 0.005 238 5 1 -4.61853e-18 
0.09875 5.79052e-16 1.45735e-43 0.0025 1 1 2.5 0.005 239 5 1 1.42109e-18 
0.10125 2.57924e-15 -1.79366e-43 0.0025 1 1 2.5 0.005 240 5 1 -6.75016e-18 
0.10375 1.40154e-15 -1.12104e-44 0.0025 1 1 2.5 0.005 241 5 1 5.68434e-18 
0.10625 5.6678e-16 -3.36312e-44 0.0025 1 1 2.5 0.005 242 5 1 -1.03029e-17 
0.10875 -1.37786e-15 3.13891e-43 0.0025 1 1 2.5 0.005 243 5 1 9.9476e-18 
0.11125 1.07259e-15 -1.90577e-43 0.0025 1 1 2.5 0.005 244 5 1 -1.66978e-17 
0.11375 -1.62417e-15 2.12997e-43 0.0025 1 1 2.5 0.005 245 5 1 1.74083e-17 
0.11625 2.81721e-15 -2.9147e-43 0.0025 1 1 2.5 0.005 246 5 1 -2.41585e-17 
0.11875 1.03723e-15 -5.68434e-14 0.0025 1 1 2.5 0.005 247 5 1 2.34479e-17 
0.12125 9.2065e-16 5.68434e-14 0.0025 1 1 2.5 0.005 248 5 1 -3.01981e-17 
0.12375 -6.67187e-16 5.68434e-14 0.0025 1 1 2.5 0.005 249 3 1 1.52767e-17 
0.12625 3.99506e-15 5.68434e-14 0.0025 1 1 2.5 0.005 250 3 1 1.42109e-17 
0.12875 1.30897e-15 5.68434e-14 0.0025 1 1 2.5 0.005 251 5 1 -2.70006e-17 
0.13125 1.87887e-15 -3.9443e-29 0.0025 1 1 2.5 0.005 252 5 1 1.91847e-17 
0.13375 -6.55246e-16 3.0268e-43 0.0025 1 1 2.5 0.005 253 5 1 -1.77636e-17 
0.13625 2.86435e-15 -5.68434e-14 0.0025 1 1 2.5 0.005 254 5 1 1.06581e-17 
0.13875 1.27705e-15 6.72623e-44 0.0025 1 1 2.5 0.005 255 5 1 -1.20792e-17 
0.14125 1.09384e-15 1.13687e-13 0.0025 1 1 2.5 0.005 256 5 1 5.32907e-18 
0.14375 -5.69411e-16 7.84727e-44 0.0025 1 1 2.5 0.005 257 5 1 -6.75016e-18 
0.14625 -1.67379e-15 7.84727e-44 0.0025 1 1 2.5 0.005 258 5 1 4.26326e-18 
0.14875 -2.47826e-15 1.23314e-43 0.0025 1 1 2.5 0.005 259 5 1 -6.75016e-18 
0.15125 -1.76086e-15 -6.72623e-44 0.0025 1 1 2.5 0.005 260 5 1 1.42109e-18 
0.15375 -2.45079e-15 6.72623e-44 0.0025 1 1 2.5 0.005 261 5 1 -4.9738e-18 
0.15625 -1.05892e-15 -5.68434e-14 0.0025 1 1 2.5 0.005 262 5 1 2.46519e-33 
0.15875 -1.69211e-15 5.68434e-14 0.0025 1 1 2.5 0.005 263 5 1 -2.84217e-18 
0.16125 -2.01199e-15 5.68434e-14 0.0025 1 1 2.5 0.005 264 5 1 -7.10543e-19 
0.16375 -2.31231e-15 -5.68434e-14 0.0025 1 1 2.5 0.005 265 5 1 -2.84217e-18 
0.16625 -2.56449e-15 5.68434e-14 0.0025 1 1 2.5 0.005 266 5 1 -7.10543e-19 
0.16875 -2.71552e-15 0 0.0025 1 1 2.5 0.005 267 5 1 -2.84217e-18 
0.17125 -2.96612e-15 0 0.0025 1 1 2.5 0.005 268 5 1 -7.10543e-19 
0.17375 -3.2022e-15 4.48416e-44 0.0025 1 1 2.5 0.005 269 5 1 -2.13163e-18 
0.17625 -3.21347e-15 -2.24208e-44 0.0025 1 1 2.5 0.005 270 5 1 -1.42109e-18 
0.17875 -2.91895e-15 -1.7053e-13 0.0025 1 1 2.5 0.005 271 5 1 -1.42109e-18 
0.18125 -3.72084e-15 5.68434e-14 0.0025 1 1 2.5 0.005 272 5 1 -1.42109e-18 
0.18375 -4.24991e-15 1.13687e-13 0.0025 1 1 2.5 0.005 273 5 1 -1.77636e-18 
0.18625 1.59519e-15 -5.68434e-14 0.0025 1 1 2.5 0.005 274 5 1 -1.77636e-18 
0.18875 1.37544e-15 0 0.0025 1 1 2.5 0.005 275 5 1 -2.13163e-18 
0.19125 3.8186e-15 5.68434e-14 0.0025 1 1 2.5 0.005 276 5 1 -2.4869e-18 
0.19375 3.42861e-15 -1.12104e-44 0.0025 1 1 2.5 0.005 277 5 1 -1.06581e-18 
0.19625 2.98984e-15 5.68434e-14 0.0025 1 1 2.5 0.005 278 5 1 -2.84217e-18 
0.19875 3.09657e-15 -5.68434e-14 0.0025 1 1 2.5 0.005 279 5 1 -7.10543e-19 
0.20125 2.84241e-15 5.68434e-14 0.0025 1 1 2.5 0.005 280 5 1 -2.84217e-18 
0.20375 2.06607e-15 -5.68434e-14 0.0025 1 1 2.5 0.005 281 5 1 2.46519e-33 
0.20625 2.01779e-15 5.68434e-14 0.0025 1 1 2.5 0.005 282 5 1 -5.68434e-18 
0.20875 1.1964e-15 2.24208e-44 0.0025 1 1 2.5 0.005 283 5 1 2.84217e-18 
0.21125 8.07485e-16 -6.72623e-44 0.0025 1 1 2.5 0.005 284 5 1 -7.10543e-18 
0.21375 -1.73257e-16 5.68434e-14 0.0025 1 1 2.5 0.005 285 5 1 3.55271e-18 
0.21625 -1.09859e-15 -1.7053e-13 0.0025 1 1 2.5 0.005 286 5 1 -7.81597e-18 
0.21875 -3.60928e-15 2.9147e-43 0.0025 1 1 2.5 0.005 287 5 1 8.52651e-18 
0.22125 -2.44484e-16 -2.24208e-43 0.0025 1 1 2.5 0.005 288 5 1 -1.52767e-17 
0.22375 -1.86992e-15 2.12997e-43 0.0025 1 1 2.5 0.005 289 5 1 1.45661e-17 
0.22625 1.82454e-15 1.13687e-13 0.0025 1 1 2.5 0.005 290 5 1 -2.16716e-17 
0.22875 -1.32319e-15 5.68434e-14 0.0025 1 1 2.5 0.005 291 5 1 2.30926e-17 
0.23125 3.87438e-15 5.68434e-14 0.0025 1 1 2.5 0.005 292 5 1 -3.09086e-17 
0.23375 1.43983e-15 1.13687e-13 0.0025 1 1 2.5 0.005 293 5 1 3.16192e-17 
0.23625 2.96978e-15 -1.13687e-13 0.0025 1 1 2.5 0.005 294 5 1 -3.90799e-17 
0.23875 4.58713e-16 2.12997e-43 0.0025 1 1 2.5 0.005 295 5 1 4.05009e-17 
0.24125 1.9205e-15 -3.47522e-43 0.0025 1 1 2.5 0.005 296 5 1 -4.90274e-17 
0.24375 -1.25851e-15 -1.13687e-13 0.0025 1 1 2.5 0.005 297 5 1 5.00933e-17 
0.24625 -7.5494e-16 -2.66241e-26 0.0025 1 1 2.5 0.005 298 5 1 -5.93303e-17 
0.24875 -3.10066e-15 -1.13687e-13 0.0025 1 1 2.5 0.005 299 4 1 3.01981e-17 
0.25125 4.20775e-16 1.13687e-13 0.0025 1 1 2.5 0.005 300 4 1 2.94875e-17 
0.25375 -1.98935e-15 5.68434e-13 0.0025 1 1 2.5 0.005 301 5 1 -5.71987e-17 
0.25625 1.79432e-15 -2.84217e-13 0.0025 1 1 2.5 0.005 302 5 1 6.00409e-17 
0.25875 -1.55006e-14 -2.88196e-11 0.0025 1 1 2.5 0.005 303 4 1 -3.55271e-17 
0.26125 -7.21428e-14 -1.64277e-11 0.0025 1 1 2.5 0.005 304 3 1 1.56319e-17 
0.26375 -5.63849e-14 3.14344e-11 0.0025 1 1 2.5 0.005 305 3 1 -9.87654e-17 
0.26625 7.89783e-14 1.40517e-10 0.0025 1 1 2.5 0.005 306 5 1 1.19371e-16 
0.26875 1.45796e-13 -1.90994e-10 0.0025 1 1 2.5 0.005 307 4 1 8.7681e-16 
0.27125 -1.34637e-12 -1.98838e-09 0.0025 1 1 2.5 0.005 308 4 1 3.14309e-15 
0.27375 -8.09693e-12 -6.65307e-09 0.0025 1 1 2.5 0.005 309 4 1 6.65743e-15 
0.27625 -2.63237e-11 -1.47505e-08 0.0025 1 1 2.5 0.005 310 4 1 8.36344e-15 
0.27875 -5.87799e-11 -1.92051e-08 0.0025 1 1 2.5 0.005 311 4 1 -5.42677e-15 
0.28125 -8.21227e-11 6.29592e-09 0.0025 1 1 2.5 0.005 312 3 1 -6.78007e-14 
0.28375 1.41205e-11 1.41627e-07 0.0025 1 1 2.5 0.005 313 5 1 4.53369e-14 
0.28625 1.40831e-10 -1.63714e-07 0.0025 1 1 2.5 0.005 314 4 1 7.96644e-13 
0.28875 -1.12679e-09 -1.60519e-06 0.0025 1 1 2.5 0.005 315 4 1 2.73194e-12 
0.29125 -6.84236e-09 -5.67041e-06 0.0025 1 1 2.5 0.005 316 4 1 6.6605e-12 
0.29375 -2.35502e-08 -1.42626e-05 0.0025 1 1 2.5 0.005 317 4 1 1.22585e-11 
0.29625 -6.04503e-08 -2.7239e-05 0.0025 1 1 2.5 0.005 318 4 1 1.45258e-11 
0.29875 -1.20917e-07 -3.48882e-05 0.0025 1 1 2.5 0.005 319 4 1 -2.52446e-12 
0.30125 -1.75919e-07 -8.77892e-06 0.0025 1 1 2.5 0.005 320 3 1 -8.06166e-11 
0.30375 -9.9405e-08 0.000154553 0.0025 1 1 2.5 0.005 321 4 1 -4.24609e-11 
0.30625 2.01975e-07 6.7009e-06 0.0025 1 1 2.5 0.005 322 5 1 7.95513e-10 
0.30875 -8.7232e-07 -0.00149782 0.0025 1 1 2.5 0.00499999 323 4 1 3.18239e-09 
0.31125 -6.89556e-06 -0.00625737 0.0025 1.00001 1.00001 2.50001 0.00499997 324 4 1 9.20199e-09 
0.31375 -2.75799e-05 -0.0189462 0.0025 1.00002 1.00003 2.50002 0.00499988 325 4 1 2.29892e-08 
0.31625 -8.47014e-05 -0.0483554 0.0025 1.00007 1.0001 2.50007 0.00499966 326 4 1 5.0816e-08 
0.31875 -0.000221882 -0.109284 0.0025 1.00018 1.00025 2.50017 0.00499912 327 4 1 1.02182e-07 
0.321249 -0.00051828 -0.224309 0.0025 1.00041 1.00058 2.5004 0.00499796 328 4 1 1.89535e-07 
0.323748 -0.00110462 -0.423602 0.0025 1.00087 1.00123 2.50086 0.00499567 329 4 1 3.26813e-07 
0.326245 -0.00217622 -0.740603 0.0025 1.0017 1.00241 2.50169 0.00499151 330 4 1 5.25208e-07 
0.328739 -0.00399222 -1.20052 0.0025 1.00312 1.0044 2.5031 0.00498446 331 4 1 7.8404e-07 
0.331229 -0.00684477 -1.8003 0.0025 1.00535 1.00754 2.50533 0.0049734 332 4 1 1.07514e-06 
0.333713 -0.0109837 -2.48494 0.0025 1.00861 1.01213 2.50858 0.00495733 333 4 1 1.3251e-06 
0.336186 -0.0164994 -3.13401 0.0025 1.013 1.0183 2.51296 0.00493586 334 4 1 1.41191e-06 
0.338648 -0.0232 -3.5771 0.0025 1.01841 1.02592 2.51835 0.00490963 335 4 1 1.19624e-06 
0.341096 -0.0305439 -3.63931 0.0025 1.02446 1.03445 2.52436 0.00488064 336 4 1 5.67266e-07 
0.343529 -0.0376466 -3.15291 0.0025 1.03045 1.04289 2.53031 0.00485226 337 4 1 -6.25221e-07 
0.345948 -0.0432556 -1.93404 0.0025 1.03525 1.04959 2.53507 0.00482976 338 4 1 -2.86985e-06 
0.348359 -0.0451632 1.00756 0.0025 1.03633 1.05091 2.53625 0.00482473 339 3 1 -7.31795e-06 
0.350773 -0.0359473 9.16659 0.0025 1.02892 1.04067 2.52902 0.00485945 340 4 1 -4.05284e-06 
0.353219 -0.0176914 6.46043 0.0025 1.01733 1.02471 2.51726 0.00491482 341 4 1 8.6796e-06 
0.355688 -0.0145474 -1.78596 0.0025 1.01198 1.01683 2.51196 0.00494079 342 4 1 1.8117e-06 
0.358159 -0.0119526 4.73646 0.0025 1.00707 1.00958 2.50745 0.00496488 343 4 1 -8.96032e-06 
0.360653 0.00729761 12.5732 0.0025 0.992798 0.989987 2.49315 0.00503627 344 4 1 -6.1477e-07 
0.363196 0.0311885 9.08524 0.0025 0.975331 0.965954 2.47524 0.00512646 345 4 1 1.03494e-05 
0.36578 0.0455019 4.79761 0.0025 0.962304 0.947729 2.46196 0.00519586 346 4 1 4.86831e-06 
0.368392 0.0583754 6.96081 0.0025 0.950556 0.93144 2.45006 0.00526008 347 4 1 -3.57501e-07 
0.37104 0.0770887 9.06898 0.0025 0.936141 0.911842 2.43513 0.00534108 348 4 1 2.74403e-06 
0.373734 0.0969618 8.17002 0.0025 0.920757 0.890994 2.41898 0.00543032 349 4 1 5.5439e-06 
0.376471 0.115281 7.54718 0.0025 0.906108 0.871167 2.40353 0.00551811 350 4 1 4.33292e-06 
0.379252 0.134037 8.07476 0.0025 0.891419 0.851455 2.3879 0.00560904 351 4 1 3.90142e-06 
0.38208 0.154 8.09513 0.0025 0.8763 0.831329 2.37161 0.00570581 352 4 1 4.71659e-06 
0.384958 0.174093 8.03899 0.0025 0.86108 0.811188 2.35506 0.00580666 353 4 1 4.91776e-06 
0.387888 0.194636 8.05099 0.0025 0.845765 0.791064 2.33822 0.00591181 354 4 1 5.07021e-06 
0.390871 0.215717 8.05687 0.0025 0.830327 0.770929 2.32106 0.00602172 355 4 1 5.31781e-06 
0.39391 0.237143 8.04764 0.0025 0.814778 0.750799 2.30359 0.00613664 356 4 1 5.55827e-06 
0.397008 0.259213 8.04276 0.0025 0.799121 0.730684 2.28579 0.00625687 357 4 1 5.79506e-06 
0.400167 0.281655 8.04054 0.0025 0.783353 0.710585 2.26765 0.00638282 358 4 1 6.08397e-06 
0.403391 0.304702 8.00529 0.0025 0.767495 0.690533 2.24918 0.0065147 359 4 1 6.35963e-06 
0.406683 0.328179 7.99916 0.0025 0.751553 0.670545 2.23039 0.00665289 360 4 1 6.66493e-06 
0.410045 0.352194 7.92762 0.0025 0.735567 0.650671 2.2113 0.00679747 361 4 1 7.00948e-06 
0.413481 0.376577 7.85743 0.0025 0.719605 0.630999 2.19199 0.00694826 362 4 1 7.35199e-06 
0.416994 0.401268 7.67428 0.0025 0.703783 0.611676 2.17259 0.00710446 363 4 1 7.69631e-06 
0.420587 0.425896 7.42792 0.0025 0.688287 0.592918 2.15334 0.00726441 364 4 1 7.94473e-06 
0.42426 0.45006 6.99759 0.0025 0.673362 0.575011 2.13454 0.00742543 365 4 1 8.03807e-06 
0.428013 0.473156 6.45101 0.0025 0.659288 0.558264 2.11659 0.00758394 366 4 1 7.71393e-06 
0.431845 0.494851 5.83719 0.0025 0.646223 0.54283 2.09972 0.00773727 367 4 1 6.90952e-06 
0.435751 0.515174 5.4141 0.0025 0.634033 0.528524 2.0838 0.00788602 368 4 1 5.66054e-06 
0.439731 0.535233 5.42276 0.0025 0.622152 0.514681 2.06812 0.00803662 369 4 1 4.62592e-06 
0.443789 0.556402 5.81615 0.0025 0.609861 0.500495 2.0517 0.00819859 370 4 1 4.59761e-06 
0.447931 0.579776 6.26425 0.0025 0.596803 0.485588 2.03403 0.00837798 371 4 1 5.9795e-06 
0.452168 0.604508 6.20605 0.0025 0.583425 0.470476 2.01568 0.00857008 372 4 1 7.98448e-06 
0.456502 0.628424 5.5153 0.0025 0.570831 0.456381 1.99816 0.00875916 373 4 1 9.27817e-06 
0.460928 0.64855 4.06798 0.0025 0.560382 0.444772 1.98344 0.00892248 374 4 1 8.95599e-06 
0.465425 0.662195 2.28833 0.0025 0.553159 0.436761 1.97318 0.00903898 375 4 1 6.60353e-06 
0.469967 0.66904 0.884504 0.0025 0.549184 0.432308 1.96752 0.00910442 376 4 1 3.16539e-06 
0.47453 0.672116 0.633357 0.0025 0.547106 0.429955 1.96457 0.00913899 377 4 1 7.55966e-07 
0.479106 0.675443 0.762048 0.0025 0.545499 0.428205 1.96228 0.00916592 378 4 1 9.64612e-07 
0.483696 0.677344 -0.023496 0.0025 0.544589 0.427218 1.96099 0.00918123 379 4 1 1.10475e-06 
0.488287 0.676806 -0.0646661 0.0025 0.544536 0.427132 1.96095 0.00918213 380 5 1 2.01341e-07 
0.492878 0.676633 -0.064891 0.0025 0.544658 0.427265 1.96116 0.00918007 381 4 1 1.47681e-08 
0.497467 0.676323 -0.0849183 0.0025 0.544794 0.427422 1.96138 0.00917777 382 4 1 4.61725e-08 
0.502056 0.67597 -0.0803915 0.0025 0.544965 0.427615 1.96166 0.0091749 383 4 1 1.07476e-09 
0.506642 0.675629 -0.0697902 0.0025 0.545131 0.427806 1.96194 0.0091721 384 4 1 -1.88449e-08 
0.511228 0.675324 -0.0605504 0.0025 0.545282 0.427979 1.9622 0.00916957 385 4 1 -1.91186e-08 
0.515812 0.675069 -0.0527299 0.0025 0.545414 0.428133 1.96243 0.00916735 386 4 1 -1.95936e-08 
0.520395 0.674852 -0.0451709 0.0025 0.545525 0.428266 1.96264 0.00916549 387 4 1 -1.80037e-08 
0.524977 0.674662 -0.0387326 0.0025 0.545617 0.428379 1.96282 0.00916394 388 4 1 -1.0576e-08 
0.529559 0.674493 -0.034448 0.0025 0.545695 0.428477 1.96299 0.00916263 389 4 1 -1.33638e-08 
0.53414 0.674345 -0.0312483 0.0025 0.545763 0.428565 1.96315 0.00916148 390 4 1 -4.81919e-09 
0.538721 0.674215 -0.0277095 0.0025 0.545822 0.428644 1.9633 0.0091605 391 4 1 -5.64099e-09 
0.543301 0.6741 -0.0239801 0.0025 0.54587 0.428713 1.96344 0.00915969 392 4 1 -1.10816e-09 
0.54788 0.673998 -0.0209209 0.0025 0.545911 0.428776 1.96358 0.009159 393 4 1 -1.13183e-08 
0.55246 0.673909 -0.0185725 0.0025 0.545936 0.42883 1.96371 0.00915858 394 4 1 1.36914e-07 
0.557039 0.67383 -0.0163979 0.0025 0.545967 0.428906 1.964 0.00915806 395 3 1 -1.447e-07 
0.561618 0.673759 -0.0142774 0.0025 0.545606 0.428791 1.96412 0.00916412 396 5 1 3.48782e-06 
0.566203 0.673695 -0.0124665 0.0025 0.547903 0.43049 1.96802 0.00912571 397 3 1 -1.90646e-05 
0.570744 0.673637 -0.0110346 0.0025 0.536606 0.425855 1.9496 0.00931782 398 4 1 0.000179194 
0.575527 0.673582 -0.00973602 0.0025 0.510786 0.432413 2.15206 0.00978884 399 4 1 -0.00013425 
0.580539 0.67353 -0.00848831 0.0025 0.482572 0.424215 2.15507 0.0103611 400 4 1 0.000265994 
0.585902 0.673479 -0.00728479 0.0025 0.454117 0.432673 2.44374 0.0110104 401 4 1 -0.000240416 
0.59156 0.673429 -0.00610083 0.0025 0.446835 0.427029 2.37986 0.0111898 402 5 1 5.37833e-05 
0.597093 0.673383 -0.00489171 0.0025 0.452275 0.429412 2.37426 0.0110552 403 4 1 -3.01708e-06 
0.602615 0.673337 -0.00345399 0.0025 0.453464 0.429093 2.36489 0.0110262 404 4 1 3.9033e-06 
0.60812 0.673289 -0.00146022 0.0025 0.454545 0.429154 2.3601 0.011 405 4 1 1.25369e-06 
0.613615 0.67323 0.00192558 0.0025 0.455161 0.429117 2.35679 0.0109851 406 4 1 8.042e-07 
0.619105 0.673142 0.00905285 0.0025 0.455576 0.429065 2.35443 0.0109751 407 4 1 4.53635e-07 
0.62459 0.672983 0.0258181 0.0025 0.455817 0.428949 2.35261 0.0109693 408 4 1 1.31527e-07 
0.630074 0.672638 0.0670492 0.0025 0.455854 0.428665 2.35094 0.0109684 409 3 1 -2.74055e-07 
0.635559 0.671829 0.169069 0.0025 0.455532 0.427971 2.34895 0.0109762 410 4 1 -1.05252e-06 
0.64105 0.669903 0.411297 0.0025 0.45445 0.426305 2.34568 0.0110023 411 4 1 -2.63082e-06 
0.646561 0.665298 0.994146 0.0025 0.451706 0.422454 2.33918 0.0110692 412 4 1 -5.33364e-06 
0.65212 0.654941 2.14546 0.0025 0.445596 0.414171 2.32577 0.0112209 413 4 1 -9.42189e-06 
0.657783 0.632448 4.78394 0.0025 0.433024 0.397597 2.2984 0.0115467 414 4 1 -9.4277e-06 
0.663671 0.587122 8.66516 0.0025 0.410762 0.368823 2.24841 0.0121725 415 4 1 1.31986e-06 
0.669971 0.505424 16.8896 0.0025 0.374874 0.324025 2.16162 0.0133378 416 4 1 4.35764e-05 
0.677066 0.345686 29.7623 0.0025 0.326238 0.266321 2.03002 0.0153263 417 4 1 0.000165199 
0.685442 0.142806 26.8289 0.0025 0.281263 0.214973 1.89395 0.017777 418 4 1 0.000266821 
0.694967 0.0190857 9.85487 0.0025 0.25642 0.187253 1.81483 0.0194993 419 4 1 0.000156326 
0.704967 -0.00769712 -0.0463396 0.0025 0.249596 0.179435 1.79384 0.0200324 420 4 1 2.89332e-05 
0.715 -0.00168818 -0.721981 0.0025 0.249557 0.179077 1.79373 0.0200355 421 5 1 1.08624e-06 
0.725002 0.000248595 -0.0331562 0.0025 0.249991 0.179473 1.79498 0.0200007 422 4 1 -9.6117e-07 
0.735001 0.000169633 0.0249222 0.0025 0.250028 0.179525 1.79508 0.0199978 423 3 1 -1.24278e-07 
0.745 4.49413e-05 0.0111865 0.0025 0.25001 0.17951 1.79503 0.0199992 424 4 1 2.39743e-08 
0.755 5.74759e-06 0.00234956 0.0025 0.250002 0.179502 1.79501 0.0199999 425 4 1 1.50215e-08 
0.765 -5.78326e-07 0.000163336 0.0025 0.25 0.1795 1.795 0.02 426 4 1 3.7839e-09 
0.775 -3.06042e-07 -9.82007e-05 0.0025 0.25 0.1795 1.795 0.02 427 5 1 3.9934e-10 
0.785 5.54862e-09 -1.13185e-05 0.0025 0.25 0.1795 1.795 0.02 428 4 1 -9.67793e-11 
0.795 1.60612e-08 1.9609e-06 0.0025 0.25 0.1795 1.795 0.02 429 3 1 -2.41958e-11 
0.805 4.95006e-09 1.19356e-06 0.0025 0.25 0.1795 1.795 0.02 430 4 1 1.02315e-12 
0.815 7.27348e-10 2.74853e-07 0.0025 0.25 0.1795 1.795 0.02 431 4 1 1.4179e-12 
0.825 -1.96273e-11 2.6468e-08 0.0025 0.25 0.1795 1.795 0.02 432 4 1 4.01726e-13 
0.835 -3.08494e-11 -8.5803e-09 0.0025 0.25 0.1795 1.795 0.02 433 5 1 5.18437e-14 
0.845 -1.13562e-12 -1.42987e-09 0.0025 0.25 0.1795 1.795 0.02 434 4 1 -5.98241e-15 
0.855 1.05337e-12 1.18035e-10 0.0025 0.25 0.1795 1.795 0.02 435 3 1 -2.44889e-15 
0.865 3.55484e-13 8.76383e-11 0.0025 0.25 0.1795 1.795 0.02 436 4 1 -2.46914e-17 
0.875 4.55347e-14 2.25384e-11 0.0025 0.25 0.1795 1.795 0.02 437 4 1 9.05942e-17 
0.885 -2.72883e-15 2.70006e-13 0.0025 0.25 0.1795 1.795 0.02 438 5 1 2.77112e-17 
0.895 -9.51271e-16 -3.12639e-13 0.0025 0.25 0.1795 1.795 0.02 439 5 1 3.55271e-19 
0.905 -4.13703e-16 -4.26326e-14 0.0025 0.25 0.1795 1.795 0.02 440 5 1 -1.42109e-18 
0.915 -7.44851e-16 -1.42109e-14 0.0025 0.25 0.1795 1.795 0.02 441 5 1 -1.42109e-18 
0.925 -1.52678e-15 -4.26326e-14 0.0025 0.25 0.1795 1.795 0.02 442 5 1 -1.42109e-18 
0.935 -3.21099e-15 -5.68434e-14 0.0025 0.25 0.1795 1.795 0.02 443 5 1 -1.42109e-18 
0.945 -3.17067e-15 2.13163e-13 0.0025 0.25 0.1795 1.795 0.02 444 5 1 -1.1724e-17 
0.955 -8.08671e-15 3.12639e-13 0.0025 0.25 0.1795 1.795 0.02 445 5 1 1.49214e-17 
0.965 8.50176e-15 -9.9476e-14 0.0025 0.25 0.1795 1.795 0.02 446 5 1 -1.66978e-17 
0.975 3.22998e-15 -7.10543e-14 0.0025 0.25 0.1795 1.795 0.02 447 5 1 2.13163e-17 
0.985 1.88267e-15 -1.42109e-14 0.0025 0.25 0.1795 1.795 0.02 448 5 1 -3.12639e-17 
0.995 -4.70562e-15 -9.9476e-14 0.0025 0.25 0.1795 1.795 0.02 449 4 1 1.74083e-17 
1.005 4.65364e-15 9.9476e-14 0.0025 0.25 0.1795 1.795 0.02 450 4 1 1.63425e-17 
1.015 -1.70568e-15 1.42109e-14 0.0025 0.25 0.1795 1.795 0.02 451 5 1 -3.0731e-17 
1.025 -2.96166e-15 2.84217e-14 0.0025 0.25 0.1795 1.795 0.02 452 5 1 2.14939e-17 
1.035 -8.33396e-15 7.10543e-14 0.0025 0.25 0.1795 1.795 0.02 453 5 1 -1.66978e-17 
1.045 8.3793e-15 -2.84217e-13 0.0025 0.25 0.1795 1.795 0.02 454 5 1 1.40332e-17 
1.055 3.47427e-15 -1.7053e-13 0.0025 0.25 0.1795 1.795 0.02 455 5 1 -1.13687e-17 
1.065 3.19391e-15 5.68434e-14 0.0025 0.25 0.1795 1.795 0.02 456 5 1 -1.06581e-18 
1.075 1.50963e-15 4.26326e-14 0.0025 0.25 0.1795 1.795 0.02 457 5 1 -1.42109e-18 
1.085 7.40538e-16 2.84217e-14 0.0025 0.25 0.1795 1.795 0.02 458 5 1 -1.42109e-18 
1.095 4.05047e-16 1.42109e-14 0.0025 0.25 0.1795 1.795 0.02 459 5 1 -1.42109e-18 
1.105 8.99819e-16 3.12639e-13 0.0025 0.25 0.1795 1.795 0.02 460 5 1 -5.32907e-19 
1.115 2.82815e-15 5.68434e-14 0.0025 0.25 0.1795 1.795 0.02 461 5 1 2.78888e-17 
1.125 -3.69992e-14 -2.2041e-11 0.0025 0.25 0.1795 1.795 0.02 462 4 1 9.09495e-17 
1.135 -3.59758e-13 -8.91305e-11 0.0025 0.25 0.1795 1.795 0.02 463 4 1 -2.66454e-17 
1.145 -1.04482e-12 -1.16472e-10 0.0025 0.25 0.1795 1.795 0.02 464 3 1 -2.43556e-15 
1.155 1.14633e-12 1.43211e-09 0.0025 0.25 0.1795 1.795 0.02 465 4 1 -5.98561e-15 
1.165 3.08345e-11 8.57324e-09 0.0025 0.25 0.1795 1.795 0.02 466 5 1 5.18245e-14 
1.175 1.9611e-11 -2.64606e-08 0.0025 0.25 0.1795 1.795 0.02 467 4 1 4.01712e-13 
1.185 -7.27341e-10 -2.74854e-07 0.0025 0.25 0.1795 1.795 0.02 468 4 1 1.41795e-12 
1.195 -4.95008e-09 -1.19356e-06 0.0025 0.25 0.1795 1.795 0.02 469 4 1 1.02317e-12 
1.205 -1.60612e-08 -1.96089e-06 0.0025 0.25 0.1795 1.795 0.02 470 3 1 -2.41959e-11 
1.215 -5.54865e-09 1.13185e-05 0.0025 0.25 0.1795 1.795 0.02 471 4 1 -9.67793e-11 
1.225 3.06042e-07 9.82007e-05 0.0025 0.25 0.1795 1.795 0.02 472 5 1 3.9934e-10 
1.235 5.78326e-07 -0.000163336 0.0025 0.25 0.1795 1.795 0.02 473 4 1 3.7839e-09 
1.245 -5.74759e-06 -0.00234956 0.0025 0.250002 0.179502 1.79501 0.0199999 474 4 1 1.50215e-08 
1.255 -4.49413e-05 -0.0111865 0.0025 0.25001 0.17951 1.79503 0.0199992 475 4 1 2.39743e-08 
1.265 -0.000169633 -0.0249222 0.0025 0.250028 0.179525 1.79508 0.0199978 476 3 1 -1.24278e-07 
1.275 -0.000248595 0.0331562 0.0025 0.249991 0.179473 1.79498 0.0200007 477 4 1 -9.6117e-07 
1.285 0.00168818 0.721981 0.0025 0.249557 0.179077 1.79373 0.0200355 478 5 1 1.08624e-06 
1.29503 0.00769712 0.0463396 0.0025 0.249596 0.179435 1.79384 0.0200324 479 4 1 2.89332e-05 
1.30503 -0.0190857 -9.85487 0.0025 0.25642 0.187253 1.81483 0.0194993 480 4 1 0.000156326 
1.31456 -0.142806 -26.8289 0.0025 0.281263 0.214973 1.89395 0.017777 481 4 1 0.000266821 
1.32293 -0.345686 -29.7623 0.0025 0.326238 0.266321 2.03002 0.0153263 482 4 1 0.000165199 
1.33003 -0.505424 -16.8896 0.0025 0.374874 0.324025 2.16162 0.0133378 483 4 1 4.35764e-05 
1.33633 -0.587122 -8.66516 0.0025 0.410762 0.368823 2.24841 0.0121725 484 4 1 1.31986e-06 
1.34222 -0.632448 -4.78394 0.0025 0.433024 0.397597 2.2984 0.0115467 485 4 1 -9.4277e-06 
1.34788 -0.654941 -2.14546 0.0025 0.445596 0.414171 2.32577 0.0112209 486 4 1 -9.42189e-06 
1.35344 -0.665298 -0.994146 0.0025 0.451706 0.422454 2.33918 0.0110692 487 4 1 -5.33364e-06 
1.35895 -0.669903 -0.411297 0.0025 0.45445 0.426305 2.34568 0.0110023 488 4 1 -2.63082e-06 
1.36444 -0.671829 -0.169069 0.0025 0.455532 0.427971 2.34895 0.0109762 489 4 1 -1.05252e-06 
1.36993 -0.672638 -0.0670492 0.0025 0.455854 0.428665 2.35094 0.0109684 490 3 1 -2.74055e-07 
1.37541 -0.672983 -0.0258181 0.0025 0.455817 0.428949 2.35261 0.0109693 491 4 1 1.31527e-07 
1.3809 -0.673142 -0.00905285 0.0025 0.455576 0.429065 2.35443 0.0109751 492 4 1 4.53635e-07 
1.38638 -0.67323 -0.00192558 0.0025 0.455161 0.429117 2.35679 0.0109851 493 4 1 8.042e-07 
1.39188 -0.673289 0.00146022 0.0025 0.454545 0.429154 2.3601 0.011 494 4 1 1.25369e-06 
1.39738 -0.673337 0.00345399 0.0025 0.453464 0.429093 2.36489 0.0110262 495 4 1 3.9033e-06 
1.40291 -0.673383 0.00489171 0.0025 0.452275 0.429412 2.37426 0.0110552 496 4 1 -3.01708e-06 
1.40844 -0.673429 0.00610083 0.0025 0.446835 0.427029 2.37986 0.0111898 497 5 1 5.37833e-05 
1.4141 -0.673479 0.00728479 0.0025 0.454117 0.432673 2.44374 0.0110104 498 4 1 -0.000240416 
1.41946 -0.67353 0.00848831 0.0025 0.482572 0.424215 2.15507 0.0103611 499 4 1 0.000265994 
