# Time [s]: 0.118572
# Columns: pos [m], vel [m/s], acc [m/s^2], mass [kg], dens [kg/m^3], pres [Pa], ene [J/kg], sml [m], id, neighbor, alpha, gradh, ...additional?
1.42244 -0.673554 0.00900305 0.0025 0.510802 0.432432 2.15208 0.00978853 0 4 1 -0.000134248 
1.42722 -0.673605 0.010232 0.0025 0.536625 0.425876 1.94963 0.00931749 1 4 1 0.000179198 
1.43176 -0.673658 0.0116823 0.0025 0.547924 0.430514 1.96805 0.00912536 2 3 1 -1.90644e-05 
1.43635 -0.673717 0.0134179 0.0025 0.54563 0.428817 1.96415 0.00916372 3 5 1 3.48771e-06 
1.44093 -0.673782 0.0152145 0.0025 0.545993 0.428934 1.96404 0.00915762 4 3 1 -1.43847e-07 
1.4455 -0.673855 0.0170514 0.0025 0.545965 0.428862 1.96375 0.0091581 5 4 1 1.3775e-07 
1.45008 -0.673937 0.0193106 0.0025 0.545944 0.428812 1.96363 0.00915845 6 4 1 -1.08391e-08 
1.45466 -0.67403 0.022207 0.0025 0.545907 0.428754 1.96349 0.00915906 7 4 1 -4.45071e-10 
1.45924 -0.674135 0.0253189 0.0025 0.545864 0.42869 1.96336 0.00915979 8 4 1 -4.3947e-09 
1.46382 -0.674255 0.028319 0.0025 0.545812 0.428618 1.96322 0.00916067 9 4 1 -3.88069e-09 
1.4684 -0.674393 0.0318005 0.0025 0.54575 0.428538 1.96307 0.0091617 10 4 1 -1.32864e-08 
1.47298 -0.674549 0.0364181 0.0025 0.545679 0.428447 1.96291 0.0091629 11 4 1 -9.46367e-09 
1.47757 -0.674721 0.0416093 0.0025 0.545594 0.428342 1.96274 0.00916432 12 4 1 -1.39148e-08 
1.48215 -0.674919 0.046837 0.0025 0.545495 0.428223 1.96254 0.00916599 13 4 1 -1.51976e-08 
1.48673 -0.675152 0.0537749 0.0025 0.545378 0.428085 1.96234 0.00916795 14 4 1 -1.98926e-08 
1.49132 -0.675426 0.0641324 0.0025 0.545242 0.427927 1.9621 0.00917024 15 4 1 -2.47226e-08 
1.4959 -0.675735 0.0749 0.0025 0.545085 0.427747 1.96184 0.00917287 16 4 1 -9.2852e-09 
-0.49951 -0.67607 0.0813004 0.0025 0.544916 0.427554 1.96156 0.00917573 17 4 1 1.5562e-08 
-0.494922 -0.676416 0.0756441 0.0025 0.544756 0.427375 1.9613 0.00917842 18 4 1 6.70687e-08 
-0.490332 -0.67669 0.0444083 0.0025 0.544649 0.427247 1.96112 0.00918022 19 4 1 -2.3954e-08 
-0.485741 -0.6769 0.147096 0.0025 0.54453 0.427128 1.96091 0.00918223 20 5 1 4.53355e-07 
-0.48115 -0.677103 -0.251277 0.0025 0.544784 0.42743 1.96125 0.00917795 21 4 1 1.24428e-06 
-0.476563 -0.674341 -0.805595 0.0025 0.54598 0.428721 1.96296 0.00915784 22 4 1 7.64883e-07 
-0.471992 -0.671162 -0.626227 0.0025 0.54771 0.430629 1.96542 0.00912891 23 4 1 1.20173e-06 
-0.467435 -0.667377 -1.21365 0.0025 0.550185 0.433426 1.96893 0.00908786 24 4 1 4.00158e-06 
-0.462904 -0.658812 -2.73357 0.0025 0.554948 0.438738 1.97572 0.00900985 25 4 1 7.14037e-06 
-0.458424 -0.643514 -4.42775 0.0025 0.562968 0.447631 1.98709 0.0088815 26 4 1 8.91213e-06 
-0.454022 -0.622494 -5.64432 0.0025 0.573901 0.459799 2.00244 0.0087123 27 4 1 8.78207e-06 
-0.449711 -0.598641 -6.16357 0.0025 0.586587 0.474029 2.02003 0.00852389 28 4 1 7.33805e-06 
-0.445496 -0.574445 -6.1001 0.0025 0.599762 0.488949 2.03805 0.00833664 29 4 1 5.42732e-06 
-0.441373 -0.551872 -5.62824 0.0025 0.61247 0.50349 2.05519 0.00816367 30 4 1 4.35462e-06 
-0.437332 -0.531294 -5.31156 0.0025 0.624442 0.517335 2.07114 0.00800715 31 4 1 4.56483e-06 
-0.433365 -0.511684 -5.35541 0.0025 0.636112 0.53095 2.08652 0.00786025 32 4 1 5.59018e-06 
-0.429471 -0.491646 -5.79791 0.0025 0.648157 0.545101 2.10222 0.00771418 33 4 1 6.70831e-06 
-0.42565 -0.470244 -6.36423 0.0025 0.661058 0.560355 2.11885 0.00756363 34 4 1 7.40989e-06 
-0.421906 -0.447537 -6.88158 0.0025 0.674904 0.576848 2.13649 0.00740846 35 4 1 7.66989e-06 
-0.418241 -0.423847 -7.26987 0.0025 0.689538 0.594421 2.15489 0.00725123 36 4 1 7.58405e-06 
-0.414654 -0.399822 -7.51535 0.0025 0.704703 0.612788 2.17372 0.00709519 37 4 1 7.31912e-06 
-0.411145 -0.375733 -7.66086 0.0025 0.720158 0.631672 2.19265 0.00694292 38 4 1 6.9895e-06 
-0.40771 -0.351971 -7.73923 0.0025 0.735732 0.650869 2.21149 0.00679595 39 4 1 6.65627e-06 
-0.404348 -0.328529 -7.78366 0.0025 0.751317 0.670245 2.2301 0.00665498 40 4 1 6.36532e-06 
-0.401055 -0.305638 -7.8185 0.0025 0.766862 0.689731 2.24843 0.00652008 41 4 1 6.05534e-06 
-0.397827 -0.283131 -7.8178 0.0025 0.782324 0.709274 2.26645 0.00639121 42 4 1 5.82831e-06 
-0.394663 -0.261222 -7.86364 0.0025 0.797707 0.72887 2.28416 0.00626796 43 4 1 5.54895e-06 
-0.391559 -0.239673 -7.83273 0.0025 0.81299 0.748488 2.30155 0.00615014 44 4 1 5.30942e-06 
-0.388512 -0.2187 -7.86041 0.0025 0.828159 0.768109 2.31863 0.00603749 45 4 1 5.11429e-06 
-0.385521 -0.19811 -7.85681 0.0025 0.843234 0.787748 2.33541 0.00592956 46 4 1 4.8454e-06 
-0.382582 -0.177919 -7.824 0.0025 0.858181 0.80736 2.35187 0.00582628 47 4 1 4.66221e-06 
-0.379694 -0.158357 -7.84205 0.0025 0.873009 0.82696 2.36804 0.00572732 48 4 1 4.67701e-06 
-0.376854 -0.138751 -7.99894 0.0025 0.887824 0.846657 2.38403 0.00563175 49 4 1 3.97949e-06 
-0.374062 -0.119963 -7.52228 0.0025 0.902338 0.86608 2.39953 0.00554116 50 4 1 3.58278e-06 
-0.371313 -0.10233 -7.46552 0.0025 0.916449 0.885141 2.41444 0.00545584 51 4 1 4.99458e-06 
-0.368606 -0.0838751 -8.6533 0.0025 0.931122 0.905053 2.42985 0.00536986 52 4 1 4.56924e-06 
-0.365943 -0.0642319 -8.28455 0.0025 0.946061 0.925322 2.44543 0.00528507 53 4 1 3.32037e-07 
-0.36332 -0.048788 -5.16631 0.0025 0.9587 0.942647 2.45836 0.0052154 54 4 1 7.80197e-07 
-0.360727 -0.0374454 -5.75718 0.0025 0.969794 0.958196 2.46956 0.00515573 55 4 1 8.47902e-06 
-0.358164 -0.0191015 -11.5212 0.0025 0.984663 0.97886 2.4848 0.00507788 56 4 1 6.95427e-06 
-0.355649 0.00495871 -9.9491 0.0025 1.00168 1.00217 2.50211 0.00499164 57 4 1 -6.56441e-06 
-0.353172 0.0160217 -0.962519 0.0025 1.01131 1.01559 2.51149 0.0049441 58 4 1 -5.65075e-06 
-0.350704 0.0151577 0.170668 0.0025 1.01447 1.02056 2.51435 0.00492867 59 4 1 6.96073e-06 
-0.348244 0.025812 -9.42919 0.0025 1.02264 1.03206 2.52266 0.00488932 60 4 1 3.33652e-06 
-0.345815 0.0417243 -4.81101 0.0025 1.03308 1.04637 2.53311 0.0048399 61 4 1 -7.18844e-06 
-0.343404 0.0440623 0.73424 0.0025 1.03594 1.05045 2.53578 0.00482655 62 3 1 -4.89241e-06 
-0.340988 0.0401992 2.49718 0.0025 1.03269 1.04603 2.53253 0.00484172 63 4 1 -1.54011e-06 
-0.338562 0.0339352 3.34026 0.0025 1.02734 1.03851 2.52723 0.00486693 64 4 1 -1.33542e-08 
-0.336121 0.0268183 3.5542 0.0025 1.0214 1.03013 2.52132 0.00489526 65 4 1 8.45914e-07 
-0.333667 0.0198722 3.32301 0.0025 1.01572 1.02214 2.51567 0.0049226 66 4 1 1.26911e-06 
-0.331199 0.0138058 2.79263 0.0025 1.01085 1.01529 2.51082 0.00494631 67 4 1 1.34061e-06 
-0.32872 0.00899308 2.1383 0.0025 1.00704 1.00992 2.50701 0.00496504 68 4 1 1.18129e-06 
-0.326234 0.00549363 1.50387 0.0025 1.00429 1.00605 2.50427 0.00497863 69 4 1 9.19031e-07 
-0.323742 0.00314591 0.977807 0.0025 1.00246 1.00347 2.50244 0.00498774 70 4 1 6.50491e-07 
-0.321246 0.00168556 0.590139 0.0025 1.00132 1.00187 2.50131 0.00499342 71 4 1 4.25965e-07 
-0.318748 0.000841258 0.330966 0.0025 1.00066 1.00094 2.50065 0.0049967 72 4 1 2.60083e-07 
-0.316249 0.000387897 0.172023 0.0025 1.00031 1.00044 2.5003 0.00499847 73 4 1 1.48235e-07 
-0.31375 0.000162886 0.0822468 0.0025 1.00013 1.00019 2.50013 0.00499935 74 4 1 7.85512e-08 
-0.31125 6.07318e-05 0.035646 0.0025 1.00005 1.00007 2.50005 0.00499975 75 4 1 3.83633e-08 
-0.30875 1.91278e-05 0.0136176 0.0025 1.00002 1.00002 2.50002 0.00499992 76 4 1 1.70073e-08 
-0.30625 4.49794e-06 0.0043278 0.0025 1 1.00001 2.5 0.00499998 77 4 1 6.64091e-09 
-0.30375 4.33215e-07 0.000973419 0.0025 1 1 2.5 0.005 78 4 1 2.22976e-09 
-0.30125 -1.52171e-07 -0.000106656 0.0025 1 1 2.5 0.005 79 5 1 5.00589e-10 
-0.29875 1.11758e-07 -9.54442e-05 0.0025 1 1 2.5 0.005 80 4 1 -7.4256e-11 
-0.29625 1.44731e-07 1.26905e-05 0.0025 1 1 2.5 0.005 81 3 1 -5.24668e-11 
-0.29375 9.40353e-08 2.97356e-05 0.0025 1 1 2.5 0.005 82 4 1 1.99396e-12 
-0.29125 4.55092e-08 2.11946e-05 0.0025 1 1 2.5 0.005 83 4 1 1.23837e-11 
-0.28875 1.72396e-08 1.0774e-05 0.0025 1 1 2.5 0.005 84 4 1 9.65675e-12 
-0.28625 4.82529e-09 4.14109e-06 0.0025 1 1 2.5 0.005 85 4 1 5.02774e-12 
-0.28375 7.23389e-10 1.1229e-06 0.0025 1 1 2.5 0.005 86 4 1 2.0074e-12 
-0.28125 -1.27117e-10 7.38073e-08 0.0025 1 1 2.5 0.005 87 4 1 5.58374e-13 
-0.27875 5.0385e-12 -1.02125e-07 0.0025 1 1 2.5 0.005 88 5 1 8.85798e-15 
-0.27625 6.69006e-11 -5.21823e-10 0.0025 1 1 2.5 0.005 89 3 1 -4.88729e-14 
-0.27375 4.546e-11 1.55492e-08 0.0025 1 1 2.5 0.005 90 4 1 -2.35616e-15 
-0.27125 1.98636e-11 1.14091e-08 0.0025 1 1 2.5 0.005 91 4 1 6.87415e-15 
-0.26875 5.95429e-12 5.0303e-09 0.0025 1 1 2.5 0.005 92 4 1 5.22249e-15 
-0.26625 9.5901e-13 1.42632e-09 0.0025 1 1 2.5 0.005 93 4 1 2.34728e-15 
-0.26375 -1.36439e-13 1.29205e-10 0.0025 1 1 2.5 0.005 94 4 1 6.40554e-16 
-0.26125 -4.60065e-14 -1.06752e-10 0.0025 1 1 2.5 0.005 95 5 1 6.96332e-17 
-0.25875 6.49974e-14 -1.85878e-11 0.0025 1 1 2.5 0.005 96 3 1 -5.96856e-17 
-0.25625 4.93454e-14 9.0381e-12 0.0025 1 1 2.5 0.005 97 3 1 -2.06057e-17 
-0.25375 1.10571e-14 2.63753e-11 0.0025 1 1 2.5 0.005 98 4 1 1.74083e-17 
-0.25125 -9.96047e-16 -1.13687e-12 0.0025 1 1 2.5 0.005 99 5 1 4.9738e-18 
-0.24875 -1.88874e-16 -2.84217e-13 0.0025 1 1 2.5 0.005 100 5 1 -1.42109e-18 
-0.24625 -3.72489e-47 -5.60519e-44 0.0025 1 1 2.5 0.005 101 5 1 -1.42109e-18 
-0.24375 0 0 0.0025 1 1 2.5 0.005 102 5 1 -1.42109e-18 
-0.24125 0 0 0.0025 1 1 2.5 0.005 103 5 1 -1.42109e-18 
-0.23875 0 0 0.0025 1 1 2.5 0.005 104 5 1 -1.42109e-18 
-0.23625 0 0 0.0025 1 1 2.5 0.005 105 5 1 -1.42109e-18 
-0.23375 0 0 0.0025 1 1 2.5 0.005 106 5 1 -1.42109e-18 
-0.23125 0 0 0.0025 1 1 2.5 0.005 107 5 1 -1.42109e-18 
-0.22875 0 0 0.0025 1 1 2.5 0.005 108 5 1 -1.42109e-18 
-0.22625 0 0 0.0025 1 1 2.5 0.005 109 5 1 -1.42109e-18 
-0.22375 0 0 0.0025 1 1 2.5 0.005 110 5 1 -1.42109e-18 
-0.22125 0 0 0.0025 1 1 2.5 0.005 111 5 1 -1.42109e-18 
-0.21875 0 0 0.0025 1 1 2.5 0.005 112 5 1 -1.42109e-18 
-0.21625 0 0 0.0025 1 1 2.5 0.005 113 5 1 -1.42109e-18 
-0.21375 0 0 0.0025 1 1 2.5 0.005 114 5 1 -1.42109e-18 
-0.21125 0 0 0.0025 1 1 2.5 0.005 115 5 1 -1.42109e-18 
-0.20875 0 0 0.0025 1 1 2.5 0.005 116 5 1 -1.42109e-18 
-0.20625 0 0 0.0025 1 1 2.5 0.005 117 5 1 -1.42109e-18 
-0.20375 0 0 0.0025 1 1 2.5 0.005 118 5 1 -1.42109e-18 
-0.20125 0 0 0.0025 1 1 2.5 0.005 119 5 1 -1.42109e-18 
-0.19875 0 0 0.0025 1 1 2.5 0.005 120 5 1 -1.42109e-18 
-0.19625 0 0 0.0025 1 1 2.5 0.005 121 5 1 -1.42109e-18 
-0.19375 0 0 0.0025 1 1 2.5 0.005 122 5 1 -1.42109e-18 
-0.19125 0 0 0.0025 1 1 2.5 0.005 123 5 1 -1.42109e-18 
-0.18875 0 0 0.0025 1 1 2.5 0.005 124 5 1 -1.42109e-18 
-0.18625 0 0 0.0025 1 1 2.5 0.005 125 5 1 -1.42109e-18 
-0.18375 0 0 0.0025 1 1 2.5 0.005 126 5 1 -1.42109e-18 
-0.18125 0 0 0.0025 1 1 2.5 0.005 127 5 1 -1.42109e-18 
-0.17875 0 0 0.0025 1 1 2.5 0.005 128 5 1 -1.42109e-18 
-0.17625 0 0 0.0025 1 1 2.5 0.005 129 5 1 -1.42109e-18 
-0.17375 0 0 0.0025 1 1 2.5 0.005 130 5 1 -1.42109e-18 
-0.17125 0 0 0.0025 1 1 2.5 0.005 131 5 1 -1.42109e-18 
-0.16875 0 0 0.0025 1 1 2.5 0.005 132 5 1 -1.42109e-18 
-0.16625 0 0 0.0025 1 1 2.5 0.005 133 5 1 -1.42109e-18 
-0.16375 0 0 0.0025 1 1 2.5 0.005 134 5 1 -1.42109e-18 
-0.16125 0 0 0.0025 1 1 2.5 0.005 135 5 1 -1.42109e-18 
-0.15875 0 0 0.0025 1 1 2.5 0.005 136 5 1 -1.42109e-18 
-0.15625 0 0 0.0025 1 1 2.5 0.005 137 5 1 -1.42109e-18 
-0.15375 0 0 0.0025 1 1 2.5 0.005 138 5 1 -1.42109e-18 
-0.15125 0 0 0.0025 1 1 2.5 0.005 139 5 1 -1.42109e-18 
-0.14875 0 0 0.0025 1 1 2.5 0.005 140 5 1 -1.42109e-18 
-0.14625 0 0 0.0025 1 1 2.5 0.005 141 5 1 -1.42109e-18 
-0.14375 0 0 0.0025 1 1 2.5 0.005 142 5 1 -1.42109e-18 
-0.14125 0 0 0.0025 1 1 2.5 0.005 143 5 1 -1.42109e-18 
-0.13875 0 0 0.0025 1 1 2.5 0.005 144 5 1 -1.42109e-18 
-0.13625 0 0 0.0025 1 1 2.5 0.005 145 5 1 -1.42109e-18 
-0.13375 0 0 0.0025 1 1 2.5 0.005 146 5 1 -1.42109e-18 
-0.13125 0 0 0.0025 1 1 2.5 0.005 147 5 1 -1.42109e-18 
-0.12875 0 0 0.0025 1 1 2.5 0.005 148 5 1 -1.42109e-18 
-0.12625 0 0 0.0025 1 1 2.5 0.005 149 5 1 -1.42109e-18 
-0.12375 0 0 0.0025 1 1 2.5 0.005 150 5 1 -1.42109e-18 
-0.12125 0 0 0.0025 1 1 2.5 0.005 151 5 1 -1.42109e-18 
-0.11875 0 0 0.0025 1 1 2.5 0.005 152 5 1 -1.42109e-18 
-0.11625 0 0 0.0025 1 1 2.5 0.005 153 5 1 -1.42109e-18 
-0.11375 0 0 0.0025 1 1 2.5 0.005 154 5 1 -1.42109e-18 
-0.11125 0 0 0.0025 1 1 2.5 0.005 155 5 1 -1.42109e-18 
-0.10875 0 0 0.0025 1 1 2.5 0.005 156 5 1 -1.42109e-18 
-0.10625 0 0 0.0025 1 1 2.5 0.005 157 5 1 -1.42109e-18 
-0.10375 0 0 0.0025 1 1 2.5 0.005 158 5 1 -1.42109e-18 
-0.10125 0 0 0.0025 1 1 2.5 0.005 159 5 1 -1.42109e-18 
-0.09875 0 0 0.0025 1 1 2.5 0.005 160 5 1 -1.42109e-18 
-0.09625 0 0 0.0025 1 1 2.5 0.005 161 5 1 -1.42109e-18 
-0.09375 0 0 0.0025 1 1 2.5 0.005 162 5 1 -1.42109e-18 
-0.09125 0 0 0.0025 1 1 2.5 0.005 163 5 1 -1.42109e-18 
-0.08875 0 0 0.0025 1 1 2.5 0.005 164 5 1 -1.42109e-18 
-0.08625 0 0 0.0025 1 1 2.5 0.005 165 5 1 -1.42109e-18 
-0.08375 0 0 0.0025 1 1 2.5 0.005 166 5 1 -1.42109e-18 
-0.08125 0 0 0.0025 1 1 2.5 0.005 167 5 1 -1.42109e-18 
-0.07875 0 0 0.0025 1 1 2.5 0.005 168 5 1 -1.42109e-18 
-0.07625 -2.1325e-46 -3.36312e-44 0.0025 1 1 2.5 0.005 169 5 1 -1.42109e-18 
-0.07375 -6.85285e-17 -3.36312e-44 0.0025 1 1 2.5 0.005 170 5 1 -1.42109e-18 
-0.07125 -2.05039e-16 0 0.0025 1 1 2.5 0.005 171 5 1 -1.42109e-18 
-0.06875 -3.40793e-16 0 0.0025 1 1 2.5 0.005 172 5 1 -1.42109e-18 
-0.06625 -4.75252e-16 0 0.0025 1 1 2.5 0.005 173 5 1 -1.42109e-18 
-0.06375 -6.09656e-16 0 0.0025 1 1 2.5 0.005 174 5 1 -1.42109e-18 
-0.06125 -7.77508e-16 -1.13687e-13 0.0025 1 1 2.5 0.005 175 5 1 -1.42109e-18 
-0.05875 -9.09886e-16 1.13687e-13 0.0025 1 1 2.5 0.005 176 5 1 -1.42109e-18 
-0.05625 -1.04193e-15 -1.13687e-13 0.0025 1 1 2.5 0.005 177 5 1 -1.42109e-18 
-0.05375 -1.24058e-15 1.13687e-13 0.0025 1 1 2.5 0.005 178 5 1 -1.42109e-18 
-0.05125 -1.50397e-15 -1.13687e-13 0.0025 1 1 2.5 0.005 179 5 1 -1.42109e-18 
-0.04875 -1.78336e-15 1.7053e-13 0.0025 1 1 2.5 0.005 180 5 1 -7.10543e-19 
-0.04625 -3.40029e-15 -2.72848e-12 0.0025 1 1 2.5 0.005 181 3 1 -1.06581e-18 
-0.04375 -5.04412e-15 2.89901e-12 0.0025 1 1 2.5 0.005 182 3 1 -2.4869e-18 
-0.04125 -1.35575e-15 1.38051e-27 0.0025 1 1 2.5 0.005 183 4 1 -1.06581e-18 
-0.03875 -1.31562e-15 3.41061e-13 0.0025 1 1 2.5 0.005 184 5 1 3.55271e-19 
-0.03625 -1.79515e-15 -1.7053e-13 0.0025 1 1 2.5 0.005 185 5 1 -1.42109e-18 
-0.03375 -3.45973e-15 -7.38964e-13 0.0025 1 1 2.5 0.005 186 4 1 -1.1724e-17 
-0.03125 -9.85077e-16 1.02318e-12 0.0025 1 1 2.5 0.005 187 3 1 2.55795e-17 
-0.02875 -2.46545e-15 -4.54747e-13 0.0025 1 1 2.5 0.005 188 4 1 -1.77636e-17 
-0.02625 -1.85019e-15 5.68434e-14 0.0025 1 1 2.5 0.005 189 5 1 2.84217e-18 
-0.02375 2.42572e-16 -1.7053e-13 0.0025 1 1 2.5 0.005 190 3 1 -1.06581e-18 
-0.02125 -2.39086e-16 -1.13687e-13 0.0025 1 1 2.5 0.005 191 4 1 3.55271e-18 
-0.01875 -1.24447e-15 3.45127e-28 0.0025 1 1 2.5 0.005 192 5 1 -7.10543e-18 
-0.01625 -1.17112e-15 -2.85962e-28 0.0025 1 1 2.5 0.005 193 4 1 2.13163e-18 
-0.01375 1.01737e-15 1.97215e-28 0.0025 1 1 2.5 0.005 194 4 1 1.2326e-33 
-0.01125 1.40641e-16 5.68434e-14 0.0025 1 1 2.5 0.005 195 4 1 -1.42109e-18 
-0.00875 9.46954e-16 3.41061e-13 0.0025 1 1 2.5 0.005 196 5 1 3.55271e-19 
-0.00625 2.35796e-16 -2.27374e-13 0.0025 1 1 2.5 0.005 197 4 1 1.42109e-18 
-0.00375 1.79166e-16 -1.13687e-13 0.0025 1 1 2.5 0.005 198 3 1 3.55271e-19 
-0.00125 2.05264e-16 8.87469e-29 0.0025 1 1 2.5 0.005 199 3 1 0 
0.00125 1.30633e-16 1.13687e-13 0.0025 1 1 2.5 0.005 200 3 1 3.55271e-19 
0.00375 -1.55819e-16 -5.68434e-14 0.0025 1 1 2.5 0.005 201 3 1 0 
0.00625 -3.24719e-16 5.68434e-14 0.0025 1 1 2.5 0.005 202 4 1 -1.06581e-18 
0.00875 -2.53185e-16 -1.13687e-13 0.0025 1 1 2.5 0.005 203 4 1 -1.42109e-18 
0.01125 -1.91652e-16 6.82121e-13 0.0025 1 1 2.5 0.005 204 4 1 3.55271e-19 
0.01375 3.72744e-18 -4.54747e-13 0.0025 1 1 2.5 0.005 205 5 1 7.54965e-33 
0.01625 -2.12309e-15 -2.27374e-13 0.0025 1 1 2.5 0.005 206 4 1 3.55271e-19 
0.01875 3.06925e-16 1.13687e-13 0.0025 1 1 2.5 0.005 207 4 1 -5.32907e-18 
0.02125 -5.07431e-16 1.13687e-13 0.0025 1 1 2.5 0.005 208 3 1 6.75016e-18 
0.02375 -5.41068e-16 -4.54747e-13 0.0025 1 1 2.5 0.005 209 3 1 2.4869e-18 
0.02625 2.00157e-15 3.41061e-13 0.0025 1 1 2.5 0.005 210 5 1 -1.24345e-17 
0.02875 -4.19675e-16 -1.02318e-12 0.0025 1 1 2.5 0.005 211 3 1 1.49214e-17 
0.03125 4.82916e-15 5.68434e-13 0.0025 1 1 2.5 0.005 212 4 1 -4.61853e-18 
0.03375 2.5522e-15 5.68434e-14 0.0025 1 1 2.5 0.005 213 5 1 -4.26326e-18 
0.03625 2.23514e-15 1.13687e-13 0.0025 1 1 2.5 0.005 214 5 1 -1.06581e-18 
0.03875 3.52199e-16 1.13687e-13 0.0025 1 1 2.5 0.005 215 5 1 1.06581e-18 
0.04125 -1.65672e-17 -1.12104e-44 0.0025 1 1 2.5 0.005 216 5 1 -6.03961e-18 
0.04375 -7.44677e-16 1.12104e-44 0.0025 1 1 2.5 0.005 217 5 1 2.13163e-18 
0.04625 -1.71203e-15 1.34525e-43 0.0025 1 1 2.5 0.005 218 5 1 -4.26326e-18 
0.04875 1.34507e-15 -5.60519e-44 0.0025 1 1 2.5 0.005 219 5 1 -7.10543e-19 
0.05125 8.53184e-16 8.96831e-44 0.0025 1 1 2.5 0.005 220 5 1 -2.84217e-18 
0.05375 2.25974e-15 -1.79366e-43 0.0025 1 1 2.5 0.005 221 5 1 -2.4869e-18 
0.05625 -2.03068e-16 3.9443e-29 0.0025 1 1 2.5 0.005 222 5 1 4.61853e-18 
0.05875 1.67779e-15 1.13687e-13 0.0025 1 1 2.5 0.005 223 5 1 -1.24345e-17 
0.06125 4.53569e-16 5.68434e-14 0.0025 1 1 2.5 0.005 224 3 1 4.26326e-18 
0.06375 4.32905e-15 1.89327e-27 0.0025 1 1 2.5 0.005 225 3 1 7.10543e-18 
0.06625 2.30129e-15 1.7053e-13 0.0025 1 1 2.5 0.005 226 5 1 -1.38556e-17 
0.06875 3.86778e-15 -1.13687e-13 0.0025 1 1 2.5 0.005 227 5 1 8.88178e-18 
0.07125 2.20245e-15 5.68434e-14 0.0025 1 1 2.5 0.005 228 5 1 -1.10134e-17 
0.07375 8.50609e-16 2.84217e-13 0.0025 1 1 2.5 0.005 229 5 1 8.52651e-18 
0.07625 3.95754e-15 1.13687e-13 0.0025 1 1 2.5 0.005 230 5 1 -1.27898e-17 
0.07875 3.87428e-15 5.68434e-14 0.0025 1 1 2.5 0.005 231 5 1 8.52651e-18 
0.08125 2.43844e-15 1.13687e-13 0.0025 1 1 2.5 0.005 232 5 1 -8.52651e-18 
0.08375 4.00499e-15 -1.13687e-13 0.0025 1 1 2.5 0.005 233 5 1 3.55271e-18 
0.08625 2.80095e-15 -1.13687e-13 0.0025 1 1 2.5 0.005 234 5 1 -5.68434e-18 
0.08875 3.32718e-15 -8.96831e-44 0.0025 1 1 2.5 0.005 235 5 1 2.46519e-33 
0.09125 2.85247e-15 -5.68434e-14 0.0025 1 1 2.5 0.005 236 5 1 -3.90799e-18 
0.09375 2.27063e-15 0 0.0025 1 1 2.5 0.005 237 5 1 2.46519e-33 
0.09625 1.64004e-15 0 0.0025 1 1 2.5 0.005 238 5 1 -4.61853e-18 
0.09875 5.79052e-16 1.45735e-43 0.0025 1 1 2.5 0.005 239 5 1 1.42109e-18 
0.10125 2.57924e-15 -1.79366e-43 0.0025 1 1 2.5 0.005 240 5 1 -6.75016e-18 
0.10375 1.40154e-15 -1.12104e-44 0.0025 1 1 2.5 0.005 241 5 1 5.68434e-18 
0.10625 5.6678e-16 -3.36312e-44 0.0025 1 1 2.5 0.005 242 5 1 -1.03029e-17 
0.10875 -1.37786e-15 3.25101e-43 0.0025 1 1 2.5 0.005 243 5 1 9.9476e-18 
0.11125 1.08975e-15 5.68434e-14 0.0025 1 1 2.5 0.005 244 5 1 -1.7053e-17 
0.11375 -1.62417e-15 2.01787e-43 0.0025 1 1 2.5 0.005 245 5 1 1.81188e-17 
0.11625 2.92033e-15 -1.13687e-13 0.0025 1 1 2.5 0.005 246 5 1 -2.45137e-17 
0.11875 1.10587e-15 1.7053e-13 0.0025 1 1 2.5 0.005 247 5 1 2.30926e-17 
0.12125 9.54938e-16 5.68434e-14 0.0025 1 1 2.5 0.005 248 5 1 -2.94875e-17 
0.12375 -6.49948e-16 -1.13687e-13 0.0025 1 1 2.5 0.005 249 3 1 1.49214e-17 
0.12625 4.04656e-15 7.14905e-27 0.0025 1 1 2.5 0.005 250 3 1 1.42109e-17 
0.12875 1.32613e-15 1.13687e-13 0.0025 1 1 2.5 0.005 251 5 1 -2.70006e-17 
0.13125 1.94756e-15 -3.9443e-29 0.0025 1 1 2.5 0.005 252 5 1 1.91847e-17 
0.13375 -5.52201e-16 3.13891e-43 0.0025 1 1 2.5 0.005 253 5 1 -1.77636e-17 
0.13625 2.84713e-15 -2.8026e-43 0.0025 1 1 2.5 0.005 254 5 1 1.03029e-17 
0.13875 1.31138e-15 1.13687e-13 0.0025 1 1 2.5 0.005 255 5 1 -1.13687e-17 
0.14125 1.12822e-15 -1.12104e-43 0.0025 1 1 2.5 0.005 256 5 1 4.9738e-18 
0.14375 -4.32048e-16 6.72623e-44 0.0025 1 1 2.5 0.005 257 5 1 -6.75016e-18 
0.14625 -1.5879e-15 -5.68434e-14 0.0025 1 1 2.5 0.005 258 5 1 4.26326e-18 
0.14875 -2.42673e-15 5.68434e-14 0.0025 1 1 2.5 0.005 259 5 1 -6.75016e-18 
0.15125 -1.76086e-15 -5.60519e-44 0.0025 1 1 2.5 0.005 260 5 1 1.42109e-18 
0.15375 -2.45079e-15 6.72623e-44 0.0025 1 1 2.5 0.005 261 5 1 -4.9738e-18 
0.15625 -9.90255e-16 5.68434e-14 0.0025 1 1 2.5 0.005 262 5 1 2.46519e-33 
0.15875 -1.64058e-15 1.12104e-44 0.0025 1 1 2.5 0.005 263 5 1 -2.84217e-18 
0.16125 -1.96046e-15 0 0.0025 1 1 2.5 0.005 264 5 1 -7.10543e-19 
0.16375 -2.24365e-15 5.68434e-14 0.0025 1 1 2.5 0.005 265 5 1 -2.84217e-18 
0.16625 -2.51296e-15 0 0.0025 1 1 2.5 0.005 266 5 1 -7.10543e-19 
0.16875 -2.71552e-15 0 0.0025 1 1 2.5 0.005 267 5 1 -2.84217e-18 
0.17125 -2.96612e-15 0 0.0025 1 1 2.5 0.005 268 5 1 -7.10543e-19 
0.17375 -3.2022e-15 2.24208e-44 0.0025 1 1 2.5 0.005 269 5 1 -2.13163e-18 
0.17625 -3.26499e-15 -5.68434e-14 0.0025 1 1 2.5 0.005 270 5 1 -1.42109e-18 
0.17875 -3.38261e-15 -1.13687e-13 0.0025 1 1 2.5 0.005 271 5 1 -1.42109e-18 
0.18125 -2.87933e-15 5.68434e-13 0.0025 1 1 2.5 0.005 272 5 1 -5.32907e-18 
0.18375 -2.87606e-15 7.95808e-13 0.0025 1 1 2.5 0.005 273 5 1 1.77636e-18 
0.18625 5.13258e-16 -6.82121e-13 0.0025 1 1 2.5 0.005 274 5 1 1.42109e-18 
0.18875 5.51136e-16 -5.68434e-13 0.0025 1 1 2.5 0.005 275 5 1 -5.68434e-18 
0.19125 4.04184e-15 1.13687e-13 0.0025 1 1 2.5 0.005 276 5 1 -2.4869e-18 
0.19375 3.51449e-15 5.68434e-14 0.0025 1 1 2.5 0.005 277 5 1 -1.06581e-18 
0.19625 3.16156e-15 5.68434e-14 0.0025 1 1 2.5 0.005 278 5 1 -2.84217e-18 
0.19875 3.0107e-15 1.12104e-44 0.0025 1 1 2.5 0.005 279 5 1 -7.10543e-19 
0.20125 2.79089e-15 -1.13687e-13 0.0025 1 1 2.5 0.005 280 5 1 -2.84217e-18 
0.20375 2.03172e-15 5.68434e-14 0.0025 1 1 2.5 0.005 281 5 1 2.46519e-33 
0.20625 1.94911e-15 -5.68434e-14 0.0025 1 1 2.5 0.005 282 5 1 -5.68434e-18 
0.20875 1.162e-15 2.24208e-44 0.0025 1 1 2.5 0.005 283 5 1 2.84217e-18 
0.21125 7.04499e-16 -1.13687e-13 0.0025 1 1 2.5 0.005 284 5 1 -6.75016e-18 
0.21375 -2.41969e-16 -5.68434e-14 0.0025 1 1 2.5 0.005 285 5 1 3.55271e-18 
0.21625 -1.21886e-15 1.13687e-13 0.0025 1 1 2.5 0.005 286 5 1 -7.4607e-18 
0.21875 -3.64356e-15 -1.13687e-13 0.0025 1 1 2.5 0.005 287 5 1 8.52651e-18 
0.22125 -2.44484e-16 -2.24208e-43 0.0025 1 1 2.5 0.005 288 5 1 -1.52767e-17 
0.22375 -2.00734e-15 2.12997e-43 0.0025 1 1 2.5 0.005 289 5 1 1.45661e-17 
0.22625 2.09929e-15 1.13687e-13 0.0025 1 1 2.5 0.005 290 5 1 -2.16716e-17 
0.22875 -1.08277e-15 5.68434e-14 0.0025 1 1 2.5 0.005 291 5 1 2.30926e-17 
0.23125 4.13196e-15 1.13687e-13 0.0025 1 1 2.5 0.005 292 5 1 -3.09086e-17 
0.23375 1.69742e-15 5.68434e-14 0.0025 1 1 2.5 0.005 293 5 1 3.16192e-17 
0.23625 2.84958e-15 -5.68434e-14 0.0025 1 1 2.5 0.005 294 5 1 -3.90799e-17 
0.23875 3.90017e-16 2.24208e-43 0.0025 1 1 2.5 0.005 295 5 1 4.05009e-17 
0.24125 1.80029e-15 -5.68434e-14 0.0025 1 1 2.5 0.005 296 5 1 -4.90274e-17 
0.24375 -1.43021e-15 3.9443e-29 0.0025 1 1 2.5 0.005 297 5 1 5.00933e-17 
0.24625 -7.20606e-16 1.13687e-13 0.0025 1 1 2.5 0.005 298 5 1 -5.93303e-17 
0.24875 -2.96331e-15 3.41061e-13 0.0025 1 1 2.5 0.005 299 4 1 3.09086e-17 
0.25125 1.96637e-15 1.13687e-12 0.0025 1 1 2.5 0.005 300 5 1 3.62377e-17 
0.25375 -1.28402e-14 -2.66027e-11 0.0025 1 1 2.5 0.005 301 4 1 -3.69482e-17 
0.25625 -5.17582e-14 -1.08571e-11 0.0025 1 1 2.5 0.005 302 3 1 3.2685e-17 
0.25875 -7.27192e-14 1.71099e-11 0.0025 1 1 2.5 0.005 303 3 1 -1.22213e-16 
0.26125 5.75377e-14 1.32104e-10 0.0025 1 1 2.5 0.005 304 5 1 1.00187e-16 
0.26375 1.42814e-13 -1.57797e-10 0.0025 1 1 2.5 0.005 305 4 1 6.57963e-16 
0.26625 -9.48457e-13 -1.42779e-09 0.0025 1 1 2.5 0.005 306 4 1 2.38281e-15 
0.26875 -5.95991e-12 -5.02462e-09 0.0025 1 1 2.5 0.005 307 4 1 5.13367e-15 
0.27125 -1.98685e-11 -1.141e-08 0.0025 1 1 2.5 0.005 308 4 1 6.9587e-15 
0.27375 -4.54656e-11 -1.55514e-08 0.0025 1 1 2.5 0.005 309 4 1 -2.43503e-15 
0.27625 -6.69175e-11 5.05111e-10 0.0025 1 1 2.5 0.005 310 3 1 -4.88882e-14 
0.27875 -5.0475e-12 1.02186e-07 0.0025 1 1 2.5 0.005 311 5 1 8.9706e-15 
0.28125 1.27129e-10 -7.38638e-08 0.0025 1 1 2.5 0.005 312 4 1 5.58295e-13 
0.28375 -7.23382e-10 -1.12289e-06 0.0025 1 1 2.5 0.005 313 4 1 2.00735e-12 
0.28625 -4.82531e-09 -4.14106e-06 0.0025 1 1 2.5 0.005 314 4 1 5.02789e-12 
0.28875 -1.72395e-08 -1.0774e-05 0.0025 1 1 2.5 0.005 315 4 1 9.65668e-12 
0.29125 -4.55092e-08 -2.11946e-05 0.0025 1 1 2.5 0.005 316 4 1 1.23836e-11 
0.29375 -9.40353e-08 -2.97355e-05 0.0025 1 1 2.5 0.005 317 4 1 1.99396e-12 
0.29625 -1.44731e-07 -1.26906e-05 0.0025 1 1 2.5 0.005 318 3 1 -5.24668e-11 
0.29875 -1.11758e-07 9.54442e-05 0.0025 1 1 2.5 0.005 319 4 1 -7.4256e-11 
0.30125 1.52171e-07 0.000106656 0.0025 1 1 2.5 0.005 320 5 1 5.00589e-10 
0.30375 -4.33215e-07 -0.000973419 0.0025 1 1 2.5 0.005 321 4 1 2.22976e-09 
0.30625 -4.49794e-06 -0.0043278 0.0025 1 1.00001 2.5 0.00499998 322 4 1 6.64091e-09 
0.30875 -1.91278e-05 -0.0136176 0.0025 1.00002 1.00002 2.50002 0.00499992 323 4 1 1.70073e-08 
0.31125 -6.07318e-05 -0.035646 0.0025 1.00005 1.00007 2.50005 0.00499975 324 4 1 3.83633e-08 
0.31375 -0.000162886 -0.0822468 0.0025 1.00013 1.00019 2.50013 0.00499935 325 4 1 7.85512e-08 
0.316249 -0.000387897 -0.172023 0.0025 1.00031 1.00044 2.5003 0.00499847 326 4 1 1.48235e-07 
0.318748 -0.000841258 -0.330966 0.0025 1.00066 1.00094 2.50065 0.0049967 327 4 1 2.60083e-07 
0.321246 -0.00168556 -0.590139 0.0025 1.00132 1.00187 2.50131 0.00499342 328 4 1 4.25965e-07 
0.323742 -0.00314591 -0.977807 0.0025 1.00246 1.00347 2.50244 0.00498774 329 4 1 6.50491e-07 
0.326234 -0.00549363 -1.50387 0.0025 1.00429 1.00605 2.50427 0.00497863 330 4 1 9.19031e-07 
0.32872 -0.00899308 -2.1383 0.0025 1.00704 1.00992 2.50701 0.00496504 331 4 1 1.18129e-06 
0.331199 -0.0138058 -2.79263 0.0025 1.01085 1.01529 2.51082 0.00494631 332 4 1 1.34061e-06 
0.333667 -0.0198722 -3.32301 0.0025 1.01572 1.02214 2.51567 0.0049226 333 4 1 1.26911e-06 
0.336121 -0.0268183 -3.5542 0.0025 1.0214 1.03013 2.52132 0.00489526 334 4 1 8.45914e-07 
0.338562 -0.0339352 -3.34026 0.0025 1.02734 1.03851 2.52723 0.00486693 335 4 1 -1.33542e-08 
0.340988 -0.0401992 -2.49718 0.0025 1.03269 1.04603 2.53253 0.00484172 336 4 1 -1.54011e-06 
0.343404 -0.0440623 -0.73424 0.0025 1.03594 1.05045 2.53578 0.00482655 337 3 1 -4.89241e-06 
0.345815 -0.0417243 4.81101 0.0025 1.03308 1.04637 2.53311 0.0048399 338 4 1 -7.18844e-06 
0.348244 -0.025812 9.42919 0.0025 1.02264 1.03206 2.52266 0.00488932 339 4 1 3.33652e-06 
0.350704 -0.0151577 -0.170668 0.0025 1.01447 1.02056 2.51435 0.00492867 340 4 1 6.96073e-06 
0.353172 -0.0160217 0.962519 0.0025 1.01131 1.01559 2.51149 0.0049441 341 4 1 -5.65075e-06 
0.355649 -0.00495871 9.9491 0.0025 1.00168 1.00217 2.50211 0.00499164 342 4 1 -6.56441e-06 
0.358164 0.0191015 11.5212 0.0025 0.984663 0.97886 2.4848 0.00507788 343 4 1 6.95427e-06 
0.360727 0.0374454 5.75718 0.0025 0.969794 0.958196 2.46956 0.00515573 344 4 1 8.47902e-06 
0.36332 0.048788 5.16631 0.0025 0.9587 0.942647 2.45836 0.0052154 345 4 1 7.80197e-07 
0.365943 0.0642319 8.28455 0.0025 0.946061 0.925322 2.44543 0.00528507 346 4 1 3.32037e-07 
0.368606 0.0838751 8.6533 0.0025 0.931122 0.905053 2.42985 0.00536986 347 4 1 4.56924e-06 
0.371313 0.10233 7.46552 0.0025 0.916449 0.885141 2.41444 0.00545584 348 4 1 4.99458e-06 
0.374062 0.119963 7.52228 0.0025 0.902338 0.86608 2.39953 0.00554116 349 4 1 3.58278e-06 
0.376854 0.138751 7.99894 0.0025 0.887824 0.846657 2.38403 0.00563175 350 4 1 3.97949e-06 
0.379694 0.158357 7.84205 0.0025 0.873009 0.82696 2.36804 0.00572732 351 4 1 4.67701e-06 
0.382582 0.177919 7.824 0.0025 0.858181 0.80736 2.35187 0.00582628 352 4 1 4.66221e-06 
0.385521 0.19811 7.85681 0.0025 0.843234 0.787748 2.33541 0.00592956 353 4 1 4.8454e-06 
0.388512 0.2187 7.86041 0.0025 0.828159 0.768109 2.31863 0.00603749 354 4 1 5.11429e-06 
0.391559 0.239673 7.83273 0.0025 0.81299 0.748488 2.30155 0.00615014 355 4 1 5.30942e-06 
0.394663 0.261222 7.86364 0.0025 0.797707 0.72887 2.28416 0.00626796 356 4 1 5.54895e-06 
0.397827 0.283131 7.8178 0.0025 0.782324 0.709274 2.26645 0.00639121 357 4 1 5.82831e-06 
0.401055 0.305638 7.8185 0.0025 0.766862 0.689731 2.24843 0.00652008 358 4 1 6.05534e-06 
0.404348 0.328529 7.78366 0.0025 0.751317 0.670245 2.2301 0.00665498 359 4 1 6.36532e-06 
0.40771 0.351971 7.73923 0.0025 0.735732 0.650869 2.21149 0.00679595 360 4 1 6.65627e-06 
0.411145 0.375733 7.66086 0.0025 0.720158 0.631672 2.19265 0.00694292 361 4 1 6.9895e-06 
0.414654 0.399822 7.51535 0.0025 0.704703 0.612788 2.17372 0.00709519 362 4 1 7.31912e-06 
0.418241 0.423847 7.26987 0.0025 0.689538 0.594421 2.15489 0.00725123 363 4 1 7.58405e-06 
0.421906 0.447537 6.88158 0.0025 0.674904 0.576848 2.13649 0.00740846 364 4 1 7.66989e-06 
0.42565 0.470244 6.36423 0.0025 0.661058 0.560355 2.11885 0.00756363 365 4 1 7.40989e-06 
0.429471 0.491646 5.79791 0.0025 0.648157 0.545101 2.10222 0.00771418 366 4 1 6.70831e-06 
0.433365 0.511684 5.35541 0.0025 0.636112 0.53095 2.08652 0.00786025 367 4 1 5.59018e-06 
0.437332 0.531294 5.31156 0.0025 0.624442 0.517335 2.07114 0.00800715 368 4 1 4.56483e-06 
0.441373 0.551872 5.62824 0.0025 0.61247 0.50349 2.05519 0.00816367 369 4 1 4.35462e-06 
0.445496 0.574445 6.1001 0.0025 0.599762 0.488949 2.03805 0.00833664 370 4 1 5.42732e-06 
0.449711 0.598641 6.16357 0.0025 0.586587 0.474029 2.02003 0.00852389 371 4 1 7.33805e-06 
0.454022 0.622494 5.64432 0.0025 0.573901 0.459799 2.00244 0.0087123 372 4 1 8.78207e-06 
0.458424 0.643514 4.42775 0.0025 0.562968 0.447631 1.98709 0.0088815 373 4 1 8.91213e-06 
0.462904 0.658812 2.73357 0.0025 0.554948 0.438738 1.97572 0.00900985 374 4 1 7.14037e-06 
0.467435 0.667377 1.21365 0.0025 0.550185 0.433426 1.96893 0.00908786 375 4 1 4.00158e-06 
0.471992 0.671162 0.626227 0.0025 0.54771 0.430629 1.96542 0.00912891 376 4 1 1.20173e-06 
0.476563 0.674341 0.805595 0.0025 0.54598 0.428721 1.96296 0.00915784 377 4 1 7.64883e-07 
0.48115 0.677103 0.251277 0.0025 0.544784 0.42743 1.96125 0.00917795 378 4 1 1.24428e-06 
0.485741 0.6769 -0.147096 0.0025 0.54453 0.427128 1.96091 0.00918223 379 5 1 4.53355e-07 
0.490332 0.67669 -0.0444083 0.0025 0.544649 0.427247 1.96112 0.00918022 380 4 1 -2.3954e-08 
0.494922 0.676416 -0.0756441 0.0025 0.544756 0.427375 1.9613 0.00917842 381 4 1 6.70687e-08 
0.49951 0.67607 -0.0813004 0.0025 0.544916 0.427554 1.96156 0.00917573 382 4 1 1.5562e-08 
0.504097 0.675735 -0.0749 0.0025 0.545085 0.427747 1.96184 0.00917287 383 4 1 -9.2852e-09 
0.508683 0.675426 -0.0641324 0.0025 0.545242 0.427927 1.9621 0.00917024 384 4 1 -2.47226e-08 
0.513268 0.675152 -0.0537749 0.0025 0.545378 0.428085 1.96234 0.00916795 385 4 1 -1.98926e-08 
0.517851 0.674919 -0.046837 0.0025 0.545495 0.428223 1.96254 0.00916599 386 4 1 -1.51976e-08 
0.522434 0.674721 -0.0416093 0.0025 0.545594 0.428342 1.96274 0.00916432 387 4 1 -1.39148e-08 
0.527015 0.674549 -0.0364181 0.0025 0.545679 0.428447 1.96291 0.0091629 388 4 1 -9.46367e-09 
0.531597 0.674393 -0.0318005 0.0025 0.54575 0.428538 1.96307 0.0091617 389 4 1 -1.32864e-08 
0.536177 0.674255 -0.028319 0.0025 0.545812 0.428618 1.96322 0.00916067 390 4 1 -3.88069e-09 
0.540757 0.674135 -0.0253189 0.0025 0.545864 0.42869 1.96336 0.00915979 391 4 1 -4.3947e-09 
0.545337 0.67403 -0.022207 0.0025 0.545907 0.428754 1.96349 0.00915906 392 4 1 -4.45071e-10 
0.549916 0.673937 -0.0193106 0.0025 0.545944 0.428812 1.96363 0.00915845 393 4 1 -1.08391e-08 
0.554495 0.673855 -0.0170514 0.0025 0.545965 0.428862 1.96375 0.0091581 394 4 1 1.3775e-07 
0.559074 0.673782 -0.0152145 0.0025 0.545993 0.428934 1.96404 0.00915762 395 3 1 -1.43847e-07 
0.563653 0.673717 -0.0134179 0.0025 0.54563 0.428817 1.96415 0.00916372 396 5 1 3.48771e-06 
0.568238 0.673658 -0.0116823 0.0025 0.547924 0.430514 1.96805 0.00912536 397 3 1 -1.90644e-05 
0.572779 0.673605 -0.010232 0.0025 0.536625 0.425876 1.94963 0.00931749 398 4 1 0.000179198 
0.577562 0.673554 -0.00900305 0.0025 0.510802 0.432432 2.15208 0.00978853 399 4 1 -0.000134248 
0.582574 0.673505 -0.00788598 0.0025 0.482586 0.424233 2.1551 0.0103608 400 4 1 0.000266 
0.587937 0.673458 -0.00679073 0.0025 0.454129 0.432689 2.44376 0.0110101 401 4 1 -0.000240415 
0.593594 0.673411 -0.00572931 0.0025 0.446847 0.427044 2.37988 0.0111895 402 5 1 5.37855e-05 
0.599128 0.673368 -0.0046966 0.0025 0.452286 0.429427 2.37429 0.011055 403 4 1 -3.01594e-06 
0.604649 0.673327 -0.00349296 0.0025 0.453475 0.429108 2.36491 0.011026 404 4 1 3.90561e-06 
0.610154 0.673283 -0.00190162 0.0025 0.454558 0.42917 2.36013 0.0109997 405 4 1 1.2587e-06 
0.615649 0.673233 0.00063428 0.0025 0.455178 0.429139 2.35683 0.0109847 406 4 1 8.16054e-07 
0.621138 0.673164 0.00569901 0.0025 0.455603 0.429102 2.35449 0.0109745 407 4 1 4.82546e-07 
0.626624 0.673047 0.0171648 0.0025 0.455871 0.429022 2.35272 0.010968 408 4 1 2.01492e-07 
0.632106 0.672805 0.0449496 0.0025 0.455975 0.42883 2.35119 0.0109655 409 3 1 -1.07354e-07 
0.637589 0.672252 0.113997 0.0025 0.455817 0.42836 2.34954 0.0109693 410 4 1 -6.65055e-07 
0.643076 0.670934 0.279872 0.0025 0.455127 0.427223 2.34708 0.010986 411 4 1 -1.82214e-06 
0.648575 0.667801 0.678966 0.0025 0.453259 0.424543 2.3424 0.0110312 412 4 1 -3.95924e-06 
0.654107 0.660459 1.54217 0.0025 0.448924 0.418604 2.33274 0.0111377 413 4 1 -7.54701e-06 
0.659713 0.644644 3.35059 0.0025 0.439675 0.406276 2.3127 0.011372 414 4 1 -1.04575e-05 
0.665481 0.610494 6.85826 0.0025 0.422119 0.383405 2.27404 0.011845 415 4 1 -5.19598e-06 
0.671568 0.548742 12.1067 0.0025 0.392888 0.346211 2.2061 0.0127263 416 4 1 1.77035e-05 
0.678239 0.428307 24.5402 0.0025 0.348916 0.29287 2.09331 0.0143301 417 4 1 9.98957e-05 
0.686003 0.23113 30.955 0.0025 0.299645 0.235754 1.95112 0.0166864 418 4 1 0.000241458 
0.695081 0.060252 17.5947 0.0025 0.264833 0.196605 1.84155 0.0188798 419 4 1 0.00022715 
0.704947 -0.00358424 3.15151 0.0025 0.251185 0.181348 1.79861 0.0199056 420 4 1 7.16808e-05 
0.714991 -0.00469219 -1.22265 0.0025 0.249308 0.17892 1.793 0.0200555 421 5 1 6.94859e-06 
0.725003 -7.48709e-05 -0.21237 0.0025 0.249869 0.179349 1.79463 0.0200105 422 4 1 -9.98704e-07 
0.735001 0.000240865 0.021856 0.0025 0.25003 0.179522 1.79509 0.0199976 423 3 1 -4.10934e-07 
0.745 8.89964e-05 0.0182576 0.0025 0.250017 0.179517 1.79505 0.0199986 424 4 1 2.0273e-09 
0.755 1.66799e-05 0.00515056 0.0025 0.250004 0.179505 1.79501 0.0199997 425 4 1 2.2039e-08 
0.765 6.78954e-07 0.000737961 0.0025 0.25 0.179501 1.795 0.02 426 4 1 7.68085e-09 
0.775 -6.19797e-07 -8.36528e-05 0.0025 0.25 0.1795 1.795 0.02 427 5 1 1.34496e-09 
0.785 -6.76084e-08 -4.05222e-05 0.0025 0.25 0.1795 1.795 0.02 428 4 1 -2.32011e-11 
0.795 2.05105e-08 3.3565e-07 0.0025 0.25 0.1795 1.795 0.02 429 4 1 -6.15084e-11 
0.805 9.57509e-09 1.85977e-06 0.0025 0.25 0.1795 1.795 0.02 430 3 1 -4.02502e-12 
0.815 2.00146e-09 6.00005e-07 0.0025 0.25 0.1795 1.795 0.02 431 4 1 1.86038e-12 
0.825 1.48973e-10 9.47818e-08 0.0025 0.25 0.1795 1.795 0.02 432 4 1 8.02826e-13 
0.835 -5.09972e-11 -2.913e-09 0.0025 0.25 0.1795 1.795 0.02 433 4 1 1.565e-13 
0.845 -9.38145e-12 -4.31774e-09 0.0025 0.25 0.1795 1.795 0.02 434 5 1 5.59943e-15 
0.855 1.12603e-12 -1.42791e-10 0.0025 0.25 0.1795 1.795 0.02 435 4 1 -5.46478e-15 
0.865 6.88367e-13 1.27088e-10 0.0025 0.25 0.1795 1.795 0.02 436 3 1 -6.03606e-16 
0.875 1.52028e-13 4.90701e-11 0.0025 0.25 0.1795 1.795 0.02 437 4 1 1.06049e-16 
0.885 4.15303e-15 6.36646e-12 0.0025 0.25 0.1795 1.795 0.02 438 4 1 5.87974e-17 
0.895 -2.22203e-15 -5.68434e-13 0.0025 0.25 0.1795 1.795 0.02 439 5 1 8.70415e-18 
0.905 -6.11191e-16 -1.27898e-13 0.0025 0.25 0.1795 1.795 0.02 440 5 1 -1.42109e-18 
0.915 -8.26421e-16 -2.84217e-14 0.0025 0.25 0.1795 1.795 0.02 441 5 1 -1.42109e-18 
0.925 -1.65557e-15 -4.26326e-14 0.0025 0.25 0.1795 1.795 0.02 442 5 1 -1.42109e-18 
0.935 -3.38701e-15 -7.10543e-14 0.0025 0.25 0.1795 1.795 0.02 443 5 1 -1.42109e-18 
0.945 -2.44084e-15 2.70006e-13 0.0025 0.25 0.1795 1.795 0.02 444 5 1 -1.35003e-17 
0.955 -7.08212e-15 3.69482e-13 0.0025 0.25 0.1795 1.795 0.02 445 5 1 1.66978e-17 
0.965 8.06386e-15 -1.84741e-13 0.0025 0.25 0.1795 1.795 0.02 446 5 1 -1.49214e-17 
0.975 2.96809e-15 -1.13687e-13 0.0025 0.25 0.1795 1.795 0.02 447 5 1 1.95399e-17 
0.985 1.83115e-15 -1.42109e-14 0.0025 0.25 0.1795 1.795 0.02 448 5 1 -3.12639e-17 
0.995 -4.99326e-15 -8.52651e-14 0.0025 0.25 0.1795 1.795 0.02 449 4 1 1.74083e-17 
1.005 4.94127e-15 8.52651e-14 0.0025 0.25 0.1795 1.795 0.02 450 4 1 1.63425e-17 
1.015 -1.64987e-15 2.84217e-14 0.0025 0.25 0.1795 1.795 0.02 451 5 1 -3.0731e-17 
1.025 -2.76847e-15 9.9476e-14 0.0025 0.25 0.1795 1.795 0.02 452 5 1 1.98952e-17 
1.035 -7.95615e-15 1.56319e-13 0.0025 0.25 0.1795 1.795 0.02 453 5 1 -1.5099e-17 
1.045 7.41335e-15 -3.55271e-13 0.0025 0.25 0.1795 1.795 0.02 454 5 1 1.59872e-17 
1.055 2.81742e-15 -2.41585e-13 0.0025 0.25 0.1795 1.795 0.02 455 5 1 -1.29674e-17 
1.065 3.36564e-15 5.68434e-14 0.0025 0.25 0.1795 1.795 0.02 456 5 1 -1.42109e-18 
1.075 1.63843e-15 4.26326e-14 0.0025 0.25 0.1795 1.795 0.02 457 5 1 -1.42109e-18 
1.085 8.17817e-16 2.84217e-14 0.0025 0.25 0.1795 1.795 0.02 458 5 1 -1.42109e-18 
1.095 5.81066e-16 1.13687e-13 0.0025 0.25 0.1795 1.795 0.02 459 5 1 -1.42109e-18 
1.105 2.06329e-15 3.55271e-13 0.0025 0.25 0.1795 1.795 0.02 460 5 1 6.92779e-18 
1.115 -1.44809e-15 -3.21165e-12 0.0025 0.25 0.1795 1.795 0.02 461 5 1 5.87974e-17 
1.125 -1.4505e-13 -5.42713e-11 0.0025 0.25 0.1795 1.795 0.02 462 4 1 1.04983e-16 
1.135 -6.93794e-13 -1.23464e-10 0.0025 0.25 0.1795 1.795 0.02 463 3 1 -6.07336e-16 
1.145 -1.12298e-12 1.38058e-10 0.0025 0.25 0.1795 1.795 0.02 464 4 1 -5.44595e-15 
1.155 9.41586e-12 4.32672e-09 0.0025 0.25 0.1795 1.795 0.02 465 5 1 5.59002e-15 
1.165 5.09547e-11 2.90669e-09 0.0025 0.25 0.1795 1.795 0.02 466 4 1 1.56476e-13 
1.175 -1.48969e-10 -9.47773e-08 0.0025 0.25 0.1795 1.795 0.02 467 4 1 8.02822e-13 
1.185 -2.00146e-09 -6.00011e-07 0.0025 0.25 0.1795 1.795 0.02 468 4 1 1.86041e-12 
1.195 -9.57511e-09 -1.85976e-06 0.0025 0.25 0.1795 1.795 0.02 469 3 1 -4.02499e-12 
1.205 -2.05105e-08 -3.3566e-07 0.0025 0.25 0.1795 1.795 0.02 470 4 1 -6.15085e-11 
1.215 6.76084e-08 4.05222e-05 0.0025 0.25 0.1795 1.795 0.02 471 4 1 -2.3201e-11 
1.225 6.19797e-07 8.36528e-05 0.0025 0.25 0.1795 1.795 0.02 472 5 1 1.34496e-09 
1.235 -6.78954e-07 -0.000737961 0.0025 0.25 0.179501 1.795 0.02 473 4 1 7.68085e-09 
1.245 -1.66799e-05 -0.00515056 0.0025 0.250004 0.179505 1.79501 0.0199997 474 4 1 2.2039e-08 
1.255 -8.89964e-05 -0.0182576 0.0025 0.250017 0.179517 1.79505 0.0199986 475 4 1 2.0273e-09 
1.265 -0.000240865 -0.021856 0.0025 0.25003 0.179522 1.79509 0.0199976 476 3 1 -4.10934e-07 
1.275 7.48709e-05 0.21237 0.0025 0.249869 0.179349 1.79463 0.0200105 477 4 1 -9.98704e-07 
1.28501 0.00469219 1.22265 0.0025 0.249308 0.17892 1.793 0.0200555 478 5 1 6.94859e-06 
1.29505 0.00358424 -3.15151 0.0025 0.251185 0.181348 1.79861 0.0199056 479 4 1 7.16808e-05 
1.30492 -0.060252 -17.5947 0.0025 0.264833 0.196605 1.84155 0.0188798 480 4 1 0.00022715 
1.314 -0.23113 -30.955 0.0025 0.299645 0.235754 1.95112 0.0166864 481 4 1 0.000241458 
1.32176 -0.428307 -24.5402 0.0025 0.348916 0.29287 2.09331 0.0143301 482 4 1 9.98957e-05 
1.32843 -0.548742 -12.1067 0.0025 0.392888 0.346211 2.2061 0.0127263 483 4 1 1.77035e-05 
1.33452 -0.610494 -6.85826 0.0025 0.422119 0.383405 2.27404 0.011845 484 4 1 -5.19598e-06 
1.34029 -0.644644 -3.35059 0.0025 0.439675 0.406276 2.3127 0.011372 485 4 1 -1.04575e-05 
1.34589 -0.660459 -1.54217 0.0025 0.448924 0.418604 2.33274 0.0111377 486 4 1 -7.54701e-06 
1.35142 -0.667801 -0.678966 0.0025 0.453259 0.424543 2.3424 0.0110312 487 4 1 -3.95924e-06 
1.35692 -0.670934 -0.279872 0.0025 0.455127 0.427223 2.34708 0.010986 488 4 1 -1.82214e-06 
1.36241 -0.672252 -0.113997 0.0025 0.455817 0.42836 2.34954 0.0109693 489 4 1 -6.65055e-07 
1.36789 -0.672805 -0.0449496 0.0025 0.455975 0.42883 2.35119 0.0109655 490 3 1 -1.07354e-07 
1.37338 -0.673047 -0.0171648 0.0025 0.455871 0.429022 2.35272 0.010968 491 4 1 2.01492e-07 
1.37886 -0.673164 -0.00569901 0.0025 0.455603 0.429102 2.35449 0.0109745 492 4 1 4.82546e-07 
1.38435 -0.673233 -0.00063428 0.0025 0.455178 0.429139 2.35683 0.0109847 493 4 1 8.16054e-07 
1.38985 -0.673283 0.00190162 0.0025 0.454558 0.42917 2.36013 0.0109997 494 4 1 1.2587e-06 
1.39535 -0.673327 0.00349296 0.0025 0.453475 0.429108 2.36491 0.011026 495 4 1 3.90561e-06 
1.40087 -0.673368 0.0046966 0.0025 0.452286 0.429427 2.37429 0.011055 496 4 1 -3.01594e-06 
1.40641 -0.673411 0.00572931 0.0025 0.446847 0.427044 2.37988 0.0111895 497 5 1 5.37855e-05 
1.41206 -0.673458 0.00679073 0.0025 0.454129 0.432689 2.44376 0.0110101 498 4 1 -0.000240415 
1.41743 -0.673505 0.00788598 0.0025 0.482586 0.424233 2.1551 0.0103608 499 4 1 0.000266 
