# Time [s]: 0.130686
# Columns: pos [m], vel [m/s], acc [m/s^2], mass [kg], dens [kg/m^3], pres [Pa], ene [J/kg], sml [m], id, neighbor, alpha, gradh, ...additional?
1.41428 -0.673458 0.00705694 0.0025 0.510856 0.432496 2.15217 0.00978749 0 4 1 -0.000134242 
1.41906 -0.673495 0.0080167 0.0025 0.536687 0.425945 1.94972 0.00931641 1 4 1 0.00017921 
1.4236 -0.673533 0.00897186 0.0025 0.547993 0.43059 1.96815 0.0091242 2 3 1 -1.90625e-05 
1.42819 -0.673576 0.0100597 0.0025 0.545706 0.428901 1.96426 0.00916244 3 5 1 3.48768e-06 
1.43276 -0.673623 0.0113149 0.0025 0.546078 0.429028 1.96416 0.00915619 4 3 1 -1.42196e-07 
1.43734 -0.673676 0.0126538 0.0025 0.546061 0.428967 1.96389 0.00915649 5 4 1 1.39696e-07 
1.44192 -0.673736 0.0140496 0.0025 0.546052 0.42893 1.96378 0.00915664 6 4 1 -8.03126e-09 
1.4465 -0.673803 0.0157206 0.0025 0.546029 0.428888 1.96367 0.00915702 7 4 1 2.80079e-09 
1.45108 -0.673879 0.0178636 0.0025 0.546003 0.428843 1.96356 0.00915746 8 4 1 -1.85763e-09 
1.45566 -0.673965 0.0203051 0.0025 0.545969 0.428792 1.96344 0.00915802 9 4 1 -1.9766e-09 
1.46024 -0.674061 0.0228189 0.0025 0.545928 0.428734 1.96333 0.00915871 10 4 1 -1.02501e-08 
1.46482 -0.674173 0.0257147 0.0025 0.545881 0.428669 1.9632 0.00915951 11 4 1 -4.49416e-09 
1.4694 -0.674299 0.0294758 0.0025 0.545824 0.428595 1.96307 0.00916046 12 4 1 -8.34383e-09 
1.47398 -0.674441 0.03381 0.0025 0.545757 0.428511 1.96292 0.00916159 13 4 1 -9.19444e-09 
1.47856 -0.674601 0.0380395 0.0025 0.545678 0.428414 1.96277 0.00916292 14 4 1 -1.16553e-08 
1.48314 -0.674784 0.0426707 0.0025 0.545586 0.428305 1.9626 0.00916446 15 4 1 -1.76e-08 
1.48772 -0.674997 0.0492146 0.0025 0.545481 0.428181 1.96241 0.00916623 16 4 1 -1.47856e-08 
1.49231 -0.67524 0.0577661 0.0025 0.545358 0.428039 1.9622 0.0091683 17 4 1 -1.90022e-08 
1.49689 -0.675514 0.0661227 0.0025 0.545216 0.427877 1.96196 0.00917067 18 4 1 -1.44427e-08 
-0.498524 -0.675817 0.0713402 0.0025 0.545063 0.427703 1.96171 0.00917325 19 4 1 4.3923e-09 
-0.493937 -0.676138 0.073518 0.0025 0.54491 0.42753 1.96146 0.00917583 20 4 1 3.15857e-08 
-0.489348 -0.676438 0.0641537 0.0025 0.544781 0.427384 1.96125 0.009178 21 4 1 6.9219e-08 
-0.484759 -0.676612 0.0220163 0.0025 0.544705 0.427293 1.96112 0.00917929 22 4 1 -5.13375e-09 
-0.480169 -0.676861 0.157243 0.0025 0.544635 0.427235 1.96099 0.00918046 23 5 1 6.17763e-07 
-0.475579 -0.676523 -0.427832 0.0025 0.545066 0.427726 1.96159 0.00917319 24 4 1 1.25807e-06 
-0.470996 -0.67351 -0.810262 0.0025 0.546438 0.429211 1.96355 0.00915017 25 4 1 8.20877e-07 
-0.466428 -0.670078 -0.779924 0.0025 0.548358 0.431336 1.96629 0.00911813 26 4 1 1.45923e-06 
-0.461878 -0.665415 -1.40667 0.0025 0.551157 0.43448 1.97027 0.00907182 27 4 1 3.85476e-06 
-0.457356 -0.656455 -2.74968 0.0025 0.556081 0.439962 1.97728 0.00899149 28 4 1 6.42331e-06 
-0.452886 -0.641633 -4.2157 0.0025 0.56386 0.44859 1.9883 0.00886745 29 4 1 7.73592e-06 
-0.448488 -0.622038 -5.21281 0.0025 0.574129 0.460029 2.00271 0.00870884 30 4 1 7.66334e-06 
-0.444176 -0.599907 -5.72013 0.0025 0.585934 0.473277 2.01908 0.00853339 31 4 1 6.65202e-06 
-0.439954 -0.577211 -5.74256 0.0025 0.598283 0.487257 2.03599 0.00835725 32 4 1 5.15495e-06 
-0.435818 -0.555656 -5.42502 0.0025 0.610359 0.501055 2.05231 0.0081919 33 4 1 4.02625e-06 
-0.431761 -0.535836 -5.07664 0.0025 0.621791 0.514241 2.06758 0.00804129 34 4 1 3.73314e-06 
-0.427776 -0.51733 -4.9302 0.0025 0.63272 0.526959 2.08203 0.00790239 35 4 1 4.31005e-06 
-0.423858 -0.499048 -5.15985 0.0025 0.643664 0.539787 2.09634 0.00776803 36 4 1 5.21097e-06 
-0.420007 -0.479962 -5.5736 0.0025 0.655136 0.553316 2.1112 0.007632 37 4 1 5.96371e-06 
-0.416225 -0.459786 -6.05505 0.0025 0.667382 0.567849 2.12689 0.00749196 38 4 1 6.35621e-06 
-0.412515 -0.438574 -6.43441 0.0025 0.680381 0.583384 2.14336 0.00734882 39 4 1 6.41838e-06 
-0.408876 -0.416844 -6.71545 0.0025 0.69395 0.599724 2.16035 0.00720513 40 4 1 6.27214e-06 
-0.405309 -0.394816 -6.87701 0.0025 0.707878 0.616632 2.17759 0.00706336 41 4 1 6.03784e-06 
-0.401812 -0.372973 -6.98403 0.0025 0.721989 0.6339 2.19484 0.00692531 42 4 1 5.77417e-06 
-0.398383 -0.351269 -7.03239 0.0025 0.736166 0.651386 2.21197 0.00679195 43 4 1 5.52844e-06 
-0.395019 -0.330045 -7.07312 0.0025 0.750337 0.669002 2.2289 0.00666367 44 4 1 5.30864e-06 
-0.391718 -0.3091 -7.0969 0.0025 0.76447 0.686705 2.24559 0.00654048 45 4 1 5.10247e-06 
-0.388478 -0.288661 -7.12148 0.0025 0.778549 0.704469 2.26203 0.00642221 46 4 1 4.85782e-06 
-0.385296 -0.268588 -7.1021 0.0025 0.79254 0.722253 2.2782 0.00630883 47 4 1 4.73732e-06 
-0.382169 -0.248889 -7.17202 0.0025 0.806471 0.740084 2.29412 0.00619985 48 4 1 4.46534e-06 
-0.379095 -0.229532 -7.08013 0.0025 0.820298 0.757904 2.30977 0.00609535 49 4 1 4.31301e-06 
-0.376073 -0.210707 -7.15134 0.0025 0.83402 0.775714 2.32514 0.00599506 50 4 1 4.26814e-06 
-0.3731 -0.192014 -7.18168 0.0025 0.847718 0.7936 2.34034 0.00589819 51 4 1 3.96552e-06 
-0.370174 -0.173775 -7.09354 0.0025 0.861292 0.811441 2.35525 0.00580523 52 4 1 3.75309e-06 
-0.367294 -0.156105 -7.06221 0.0025 0.874711 0.8292 2.36984 0.00571618 53 4 1 3.91767e-06 
-0.364458 -0.138518 -7.29075 0.0025 0.888163 0.847106 2.38435 0.0056296 54 4 1 3.7553e-06 
-0.361664 -0.120969 -7.22503 0.0025 0.90161 0.86509 2.39873 0.00554564 55 4 1 2.87439e-06 
-0.358912 -0.104363 -6.67846 0.0025 0.914583 0.882561 2.41246 0.00546697 56 4 1 2.82563e-06 
-0.356197 -0.0888345 -6.75195 0.0025 0.927212 0.899712 2.4257 0.00539251 57 4 1 4.25241e-06 
-0.353519 -0.0721876 -7.90136 0.0025 0.940503 0.91783 2.43957 0.00531631 58 4 1 4.08985e-06 
-0.35088 -0.0542238 -7.8308 0.0025 0.954242 0.936539 2.45383 0.00523976 59 4 1 9.70656e-08 
-0.348279 -0.0398627 -4.77221 0.0025 0.965858 0.952479 2.46568 0.00517674 60 4 1 -5.95904e-07 
-0.345703 -0.0304441 -4.2899 0.0025 0.975282 0.965729 2.47511 0.00512672 61 4 1 6.29414e-06 
-0.343152 -0.0160118 -9.6587 0.0025 0.987679 0.983072 2.48775 0.00506237 62 4 1 7.8881e-06 
-0.340641 0.00630715 -10.4269 0.0025 1.00354 1.00488 2.5039 0.00498234 63 4 1 -3.98958e-06 
-0.338169 0.0195728 -2.18814 0.0025 1.01417 1.0196 2.51439 0.00493012 64 4 1 -7.06687e-06 
-0.335711 0.0195735 1.22664 0.0025 1.01716 1.02422 2.51705 0.00491564 65 4 1 3.37249e-06 
-0.333254 0.0249971 -6.54511 0.0025 1.02233 1.03161 2.52226 0.00489081 66 4 1 3.92762e-06 
-0.33082 0.038017 -4.68342 0.0025 1.03053 1.04284 2.53053 0.00485187 67 4 1 -5.10309e-06 
-0.328402 0.0408963 0.378275 0.0025 1.03349 1.047 2.53336 0.00483797 68 3 1 -4.41381e-06 
-0.325982 0.038027 1.94077 0.0025 1.03105 1.04371 2.53091 0.00484941 69 4 1 -1.57483e-06 
-0.323552 0.0328146 2.8192 0.0025 1.02656 1.03739 2.52644 0.00487066 70 4 1 -2.66512e-07 
-0.321111 0.0266079 3.12947 0.0025 1.02133 1.03002 2.52125 0.0048956 71 4 1 5.21659e-07 
-0.318657 0.0203241 3.03681 0.0025 1.01615 1.02273 2.5161 0.00492052 72 4 1 9.66364e-07 
-0.31619 0.0146299 2.65362 0.0025 1.01155 1.01625 2.51152 0.00494291 73 4 1 1.1188e-06 
-0.313714 0.00992888 2.11904 0.0025 1.0078 1.01098 2.50777 0.0049613 74 4 1 1.0539e-06 
-0.311229 0.00635721 1.56092 0.0025 1.00498 1.00701 2.50496 0.00497523 75 4 1 8.6933e-07 
-0.308739 0.00384167 1.06813 0.0025 1.003 1.00424 2.50299 0.00498502 76 4 1 6.50421e-07 
-0.306244 0.00219006 0.68246 0.0025 1.00171 1.00242 2.5017 0.00499145 77 4 1 4.503e-07 
-0.303747 0.00117545 0.408261 0.0025 1.00092 1.0013 2.50091 0.0049954 78 4 1 2.91584e-07 
-0.301249 0.000591462 0.228696 0.0025 1.00046 1.00066 2.50046 0.00499768 79 4 1 1.77355e-07 
-0.298749 0.000276967 0.119606 0.0025 1.00022 1.00031 2.50022 0.00499891 80 4 1 1.01293e-07 
-0.29625 0.000119239 0.0580069 0.0025 1.0001 1.00014 2.50009 0.00499953 81 4 1 5.41051e-08 
-0.29375 4.6235e-05 0.0257674 0.0025 1.00004 1.00005 2.50004 0.00499981 82 4 1 2.68237e-08 
-0.29125 1.5546e-05 0.0102559 0.0025 1.00001 1.00002 2.50001 0.00499994 83 4 1 1.21872e-08 
-0.28875 4.17072e-06 0.00350153 0.0025 1 1.00001 2.5 0.00499998 84 4 1 4.96333e-09 
-0.28625 6.75112e-07 0.000917885 0.0025 1 1 2.5 0.005 85 4 1 1.75844e-09 
-0.28375 -6.91014e-08 9.02714e-05 0.0025 1 1 2.5 0.005 86 4 1 4.89282e-10 
-0.28125 1.57723e-08 -9.06201e-05 0.0025 1 1 2.5 0.005 87 5 1 2.98088e-11 
-0.27875 7.92113e-08 -4.31356e-06 0.0025 1 1 2.5 0.005 88 3 1 -4.68064e-11 
-0.27625 6.11453e-08 1.4495e-05 0.0025 1 1 2.5 0.005 89 4 1 -5.66747e-12 
-0.27375 3.33177e-08 1.31893e-05 0.0025 1 1 2.5 0.005 90 4 1 5.4571e-12 
-0.27125 1.43469e-08 7.64156e-06 0.0025 1 1 2.5 0.005 91 4 1 5.79094e-12 
-0.26875 4.8521e-09 3.39933e-06 0.0025 1 1 2.5 0.005 92 4 1 3.53147e-12 
-0.26625 1.14822e-09 1.1515e-06 0.0025 1 1 2.5 0.005 93 4 1 1.60515e-12 
-0.26375 8.59604e-11 2.61506e-07 0.0025 1 1 2.5 0.005 94 4 1 5.71941e-13 
-0.26125 -4.83034e-11 -4.1033e-08 0.0025 1 1 2.5 0.005 95 5 1 1.21483e-13 
-0.25875 2.21217e-11 -2.18957e-08 0.0025 1 1 2.5 0.005 96 4 1 -2.3649e-14 
-0.25625 2.80961e-11 3.67038e-09 0.0025 1 1 2.5 0.005 97 3 1 -1.13531e-14 
-0.25375 1.6108e-11 6.77375e-09 0.0025 1 1 2.5 0.005 98 4 1 1.41718e-15 
-0.25125 6.40302e-12 3.9895e-09 0.0025 1 1 2.5 0.005 99 4 1 3.01341e-15 
-0.24875 1.75487e-12 1.60298e-09 0.0025 1 1 2.5 0.005 100 4 1 1.82006e-15 
-0.24625 2.15221e-13 4.18311e-10 0.0025 1 1 2.5 0.005 101 4 1 7.79821e-16 
-0.24375 -7.50893e-14 -2.19416e-11 0.0025 1 1 2.5 0.005 102 5 1 1.81544e-16 
-0.24125 8.50654e-15 -1.50635e-11 0.0025 1 1 2.5 0.005 103 4 1 -1.66978e-17 
-0.23875 2.82649e-14 -1.71667e-11 0.0025 1 1 2.5 0.005 104 3 1 -5.68434e-18 
-0.23625 2.64148e-14 1.94404e-11 0.0025 1 1 2.5 0.005 105 4 1 -1.03029e-17 
-0.23375 2.10361e-15 3.86535e-12 0.0025 1 1 2.5 0.005 106 5 1 7.4607e-18 
-0.23125 -3.44827e-16 3.41061e-13 0.0025 1 1 2.5 0.005 107 5 1 7.10543e-19 
-0.22875 -5.17261e-17 -1.7053e-13 0.0025 1 1 2.5 0.005 108 5 1 -1.42109e-18 
-0.22625 -1.02012e-47 -3.36312e-44 0.0025 1 1 2.5 0.005 109 5 1 -1.42109e-18 
-0.22375 0 0 0.0025 1 1 2.5 0.005 110 5 1 -1.42109e-18 
-0.22125 0 0 0.0025 1 1 2.5 0.005 111 5 1 -1.42109e-18 
-0.21875 0 0 0.0025 1 1 2.5 0.005 112 5 1 -1.42109e-18 
-0.21625 0 0 0.0025 1 1 2.5 0.005 113 5 1 -1.42109e-18 
-0.21375 0 0 0.0025 1 1 2.5 0.005 114 5 1 -1.42109e-18 
-0.21125 0 0 0.0025 1 1 2.5 0.005 115 5 1 -1.42109e-18 
-0.20875 0 0 0.0025 1 1 2.5 0.005 116 5 1 -1.42109e-18 
-0.20625 0 0 0.0025 1 1 2.5 0.005 117 5 1 -1.42109e-18 
-0.20375 0 0 0.0025 1 1 2.5 0.005 118 5 1 -1.42109e-18 
-0.20125 0 0 0.0025 1 1 2.5 0.005 119 5 1 -1.42109e-18 
-0.19875 0 0 0.0025 1 1 2.5 0.005 120 5 1 -1.42109e-18 
-0.19625 0 0 0.0025 1 1 2.5 0.005 121 5 1 -1.42109e-18 
-0.19375 0 0 0.0025 1 1 2.5 0.005 122 5 1 -1.42109e-18 
-0.19125 0 0 0.0025 1 1 2.5 0.005 123 5 1 -1.42109e-18 
-0.18875 0 0 0.0025 1 1 2.5 0.005 124 5 1 -1.42109e-18 
-0.18625 0 0 0.0025 1 1 2.5 0.005 125 5 1 -1.42109e-18 
-0.18375 0 0 0.0025 1 1 2.5 0.005 126 5 1 -1.42109e-18 
-0.18125 0 0 0.0025 1 1 2.5 0.005 127 5 1 -1.42109e-18 
-0.17875 0 0 0.0025 1 1 2.5 0.005 128 5 1 -1.42109e-18 
-0.17625 0 0 0.0025 1 1 2.5 0.005 129 5 1 -1.42109e-18 
-0.17375 0 0 0.0025 1 1 2.5 0.005 130 5 1 -1.42109e-18 
-0.17125 0 0 0.0025 1 1 2.5 0.005 131 5 1 -1.42109e-18 
-0.16875 0 0 0.0025 1 1 2.5 0.005 132 5 1 -1.42109e-18 
-0.16625 0 0 0.0025 1 1 2.5 0.005 133 5 1 -1.42109e-18 
-0.16375 0 0 0.0025 1 1 2.5 0.005 134 5 1 -1.42109e-18 
-0.16125 0 0 0.0025 1 1 2.5 0.005 135 5 1 -1.42109e-18 
-0.15875 0 0 0.0025 1 1 2.5 0.005 136 5 1 -1.42109e-18 
-0.15625 0 0 0.0025 1 1 2.5 0.005 137 5 1 -1.42109e-18 
-0.15375 0 0 0.0025 1 1 2.5 0.005 138 5 1 -1.42109e-18 
-0.15125 0 0 0.0025 1 1 2.5 0.005 139 5 1 -1.42109e-18 
-0.14875 0 0 0.0025 1 1 2.5 0.005 140 5 1 -1.42109e-18 
-0.14625 0 0 0.0025 1 1 2.5 0.005 141 5 1 -1.42109e-18 
-0.14375 0 0 0.0025 1 1 2.5 0.005 142 5 1 -1.42109e-18 
-0.14125 0 0 0.0025 1 1 2.5 0.005 143 5 1 -1.42109e-18 
-0.13875 0 0 0.0025 1 1 2.5 0.005 144 5 1 -1.42109e-18 
-0.13625 0 0 0.0025 1 1 2.5 0.005 145 5 1 -1.42109e-18 
-0.13375 0 0 0.0025 1 1 2.5 0.005 146 5 1 -1.42109e-18 
-0.13125 0 0 0.0025 1 1 2.5 0.005 147 5 1 -1.42109e-18 
-0.12875 0 0 0.0025 1 1 2.5 0.005 148 5 1 -1.42109e-18 
-0.12625 0 0 0.0025 1 1 2.5 0.005 149 5 1 -1.42109e-18 
-0.12375 0 0 0.0025 1 1 2.5 0.005 150 5 1 -1.42109e-18 
-0.12125 0 0 0.0025 1 1 2.5 0.005 151 5 1 -1.42109e-18 
-0.11875 0 0 0.0025 1 1 2.5 0.005 152 5 1 -1.42109e-18 
-0.11625 0 0 0.0025 1 1 2.5 0.005 153 5 1 -1.42109e-18 
-0.11375 0 0 0.0025 1 1 2.5 0.005 154 5 1 -1.42109e-18 
-0.11125 0 0 0.0025 1 1 2.5 0.005 155 5 1 -1.42109e-18 
-0.10875 0 0 0.0025 1 1 2.5 0.005 156 5 1 -1.42109e-18 
-0.10625 0 0 0.0025 1 1 2.5 0.005 157 5 1 -1.42109e-18 
-0.10375 0 0 0.0025 1 1 2.5 0.005 158 5 1 -1.42109e-18 
-0.10125 0 0 0.0025 1 1 2.5 0.005 159 5 1 -1.42109e-18 
-0.09875 0 0 0.0025 1 1 2.5 0.005 160 5 1 -1.42109e-18 
-0.09625 0 0 0.0025 1 1 2.5 0.005 161 5 1 -1.42109e-18 
-0.09375 0 0 0.0025 1 1 2.5 0.005 162 5 1 -1.42109e-18 
-0.09125 0 0 0.0025 1 1 2.5 0.005 163 5 1 -1.42109e-18 
-0.08875 0 0 0.0025 1 1 2.5 0.005 164 5 1 -1.42109e-18 
-0.08625 0 0 0.0025 1 1 2.5 0.005 165 5 1 -1.42109e-18 
-0.08375 0 0 0.0025 1 1 2.5 0.005 166 5 1 -1.42109e-18 
-0.08125 0 0 0.0025 1 1 2.5 0.005 167 5 1 -1.42109e-18 
-0.07875 0 0 0.0025 1 1 2.5 0.005 168 5 1 -1.42109e-18 
-0.07625 -6.00309e-46 -3.36312e-44 0.0025 1 1 2.5 0.005 169 5 1 -1.42109e-18 
-0.07375 -1.71818e-16 -1.13687e-13 0.0025 1 1 2.5 0.005 170 5 1 -1.42109e-18 
-0.07125 -3.08307e-16 1.13687e-13 0.0025 1 1 2.5 0.005 171 5 1 -1.42109e-18 
-0.06875 -4.0961e-16 0 0.0025 1 1 2.5 0.005 172 5 1 -1.42109e-18 
-0.06625 -5.78528e-16 -1.13687e-13 0.0025 1 1 2.5 0.005 173 5 1 -1.42109e-18 
-0.06375 -7.99106e-16 -1.7053e-13 0.0025 1 1 2.5 0.005 174 5 1 -7.10543e-19 
-0.06125 -1.69119e-15 -5.11591e-13 0.0025 1 1 2.5 0.005 175 5 1 -3.55271e-19 
-0.05875 -5.40925e-15 -1.3074e-12 0.0025 1 1 2.5 0.005 176 3 1 -2.84217e-18 
-0.05625 -1.96906e-15 2.38742e-12 0.0025 1 1 2.5 0.005 177 3 1 -2.84217e-18 
-0.05375 -1.09798e-15 1.85382e-27 0.0025 1 1 2.5 0.005 178 5 1 3.55271e-19 
-0.05125 -5.53687e-17 -1.13687e-13 0.0025 1 1 2.5 0.005 179 5 1 -1.42109e-18 
-0.04875 -9.70031e-16 -1.13687e-13 0.0025 1 1 2.5 0.005 180 5 1 3.55271e-19 
-0.04625 -1.54349e-15 4.48416e-44 0.0025 1 1 2.5 0.005 181 5 1 -4.26326e-18 
-0.04375 -1.176e-15 -1.13687e-13 0.0025 1 1 2.5 0.005 182 5 1 3.55271e-19 
-0.04125 -1.40843e-15 -5.68434e-14 0.0025 1 1 2.5 0.005 183 5 1 -4.26326e-18 
-0.03875 -3.27859e-15 -1.13687e-13 0.0025 1 1 2.5 0.005 184 5 1 3.90799e-18 
-0.03625 -1.46616e-15 1.13687e-13 0.0025 1 1 2.5 0.005 185 5 1 -1.20792e-17 
-0.03375 -4.19641e-15 2.27374e-13 0.0025 1 1 2.5 0.005 186 4 1 -1.42109e-18 
-0.03125 1.64748e-16 5.68434e-14 0.0025 1 1 2.5 0.005 187 3 1 2.27374e-17 
-0.02875 -2.44816e-15 -1.7053e-13 0.0025 1 1 2.5 0.005 188 4 1 -1.77636e-17 
-0.02625 -1.11031e-15 -3.54987e-28 0.0025 1 1 2.5 0.005 189 5 1 2.13163e-18 
-0.02375 -9.96298e-16 -5.68434e-14 0.0025 1 1 2.5 0.005 190 3 1 -7.10543e-19 
-0.02125 -1.30643e-15 6.70532e-28 0.0025 1 1 2.5 0.005 191 4 1 3.19744e-18 
-0.01875 -2.38104e-15 -1.13687e-13 0.0025 1 1 2.5 0.005 192 5 1 -6.39488e-18 
-0.01625 9.31097e-16 2.27374e-13 0.0025 1 1 2.5 0.005 193 5 1 3.55271e-19 
-0.01375 4.48428e-16 -5.68434e-14 0.0025 1 1 2.5 0.005 194 5 1 -1.77636e-18 
-0.01125 7.76615e-16 -1.13687e-13 0.0025 1 1 2.5 0.005 195 5 1 -1.42109e-18 
-0.00875 6.72219e-16 2.27374e-13 0.0025 1 1 2.5 0.005 196 5 1 -1.42109e-18 
-0.00625 5.11742e-16 -1.13687e-13 0.0025 1 1 2.5 0.005 197 4 1 -1.06581e-18 
-0.00375 -7.98348e-17 -5.68434e-14 0.0025 1 1 2.5 0.005 198 3 1 3.55271e-19 
-0.00125 1.59766e-17 -5.68434e-14 0.0025 1 1 2.5 0.005 199 3 1 0 
0.00125 1.65443e-16 -8.87469e-29 0.0025 1 1 2.5 0.005 200 3 1 0 
0.00375 -2.42913e-16 2.27374e-13 0.0025 1 1 2.5 0.005 201 3 1 3.55271e-19 
0.00625 7.13079e-17 -1.13687e-13 0.0025 1 1 2.5 0.005 202 4 1 -1.06581e-18 
0.00875 -4.57282e-17 -4.93038e-29 0.0025 1 1 2.5 0.005 203 4 1 -1.42109e-18 
0.01125 -2.16376e-17 8.87469e-29 0.0025 1 1 2.5 0.005 204 4 1 2.4869e-18 
0.01375 -8.21589e-16 4.48416e-44 0.0025 1 1 2.5 0.005 205 5 1 -4.26326e-18 
0.01625 -1.72624e-15 -5.68434e-14 0.0025 1 1 2.5 0.005 206 4 1 2.4869e-18 
0.01875 -5.49911e-17 -5.68434e-14 0.0025 1 1 2.5 0.005 207 4 1 -5.32907e-18 
0.02125 -1.10998e-15 -5.68434e-14 0.0025 1 1 2.5 0.005 208 3 1 7.4607e-18 
0.02375 2.37117e-16 2.84217e-13 0.0025 1 1 2.5 0.005 209 3 1 -1.06581e-18 
0.02625 -1.01923e-16 -4.54747e-13 0.0025 1 1 2.5 0.005 210 5 1 -7.10543e-19 
0.02875 1.92133e-15 2.27374e-13 0.0025 1 1 2.5 0.005 211 5 1 -7.81597e-18 
0.03125 1.54239e-16 5.68434e-13 0.0025 1 1 2.5 0.005 212 3 1 4.61853e-18 
0.03375 2.04748e-15 -5.68434e-13 0.0025 1 1 2.5 0.005 213 4 1 8.88178e-18 
0.03625 6.82175e-16 -5.68434e-13 0.0025 1 1 2.5 0.005 214 5 1 -1.7053e-17 
0.03875 3.03825e-15 2.27374e-13 0.0025 1 1 2.5 0.005 215 5 1 6.03961e-18 
0.04125 6.20638e-16 5.68434e-14 0.0025 1 1 2.5 0.005 216 5 1 -6.75016e-18 
0.04375 -2.10661e-16 5.68434e-14 0.0025 1 1 2.5 0.005 217 5 1 2.4869e-18 
0.04625 -1.19504e-15 1.13687e-13 0.0025 1 1 2.5 0.005 218 5 1 -4.61853e-18 
0.04875 1.2761e-15 -4.48416e-44 0.0025 1 1 2.5 0.005 219 5 1 2.46519e-33 
0.05125 7.32527e-16 -5.68434e-14 0.0025 1 1 2.5 0.005 220 5 1 -2.84217e-18 
0.05375 2.25974e-15 -1.56945e-43 0.0025 1 1 2.5 0.005 221 5 1 -2.4869e-18 
0.05625 -2.03068e-16 3.9443e-29 0.0025 1 1 2.5 0.005 222 5 1 4.61853e-18 
0.05875 2.77945e-15 1.13687e-13 0.0025 1 1 2.5 0.005 223 5 1 -1.24345e-17 
0.06125 1.48648e-15 5.68434e-14 0.0025 1 1 2.5 0.005 224 3 1 4.26326e-18 
0.06375 4.96602e-15 5.68434e-14 0.0025 1 1 2.5 0.005 225 3 1 7.10543e-18 
0.06625 2.90367e-15 1.85382e-27 0.0025 1 1 2.5 0.005 226 5 1 -1.38556e-17 
0.06875 4.21293e-15 1.13687e-13 0.0025 1 1 2.5 0.005 227 5 1 8.17124e-18 
0.07125 3.18365e-15 1.13687e-13 0.0025 1 1 2.5 0.005 228 5 1 -9.59233e-18 
0.07375 2.31336e-15 1.23314e-43 0.0025 1 1 2.5 0.005 229 5 1 7.81597e-18 
0.07625 4.99034e-15 1.13687e-13 0.0025 1 1 2.5 0.005 230 5 1 -1.27898e-17 
0.07875 4.80374e-15 5.68434e-14 0.0025 1 1 2.5 0.005 231 5 1 8.88178e-18 
0.08125 3.28173e-15 5.68434e-14 0.0025 1 1 2.5 0.005 232 5 1 -9.23706e-18 
0.08375 2.95535e-15 5.68434e-14 0.0025 1 1 2.5 0.005 233 5 1 3.90799e-18 
0.08625 1.47546e-15 -5.68434e-14 0.0025 1 1 2.5 0.005 234 5 1 -5.68434e-18 
0.08875 3.15518e-15 -1.23314e-43 0.0025 1 1 2.5 0.005 235 5 1 2.46519e-33 
0.09125 2.73209e-15 -3.36312e-44 0.0025 1 1 2.5 0.005 236 5 1 -3.90799e-18 
0.09375 2.27063e-15 0 0.0025 1 1 2.5 0.005 237 5 1 2.46519e-33 
0.09625 1.64004e-15 0 0.0025 1 1 2.5 0.005 238 5 1 -4.61853e-18 
0.09875 5.79052e-16 1.45735e-43 0.0025 1 1 2.5 0.005 239 5 1 1.42109e-18 
0.10125 2.57924e-15 -1.79366e-43 0.0025 1 1 2.5 0.005 240 5 1 -6.75016e-18 
0.10375 1.40154e-15 -1.12104e-44 0.0025 1 1 2.5 0.005 241 5 1 5.68434e-18 
0.10625 5.6678e-16 -3.36312e-44 0.0025 1 1 2.5 0.005 242 5 1 -1.03029e-17 
0.10875 -1.37786e-15 3.13891e-43 0.0025 1 1 2.5 0.005 243 5 1 9.9476e-18 
0.11125 1.27911e-15 -1.90577e-43 0.0025 1 1 2.5 0.005 244 5 1 -1.66978e-17 
0.11375 -1.41759e-15 1.79366e-43 0.0025 1 1 2.5 0.005 245 5 1 1.74083e-17 
0.11625 3.00645e-15 -5.68434e-14 0.0025 1 1 2.5 0.005 246 5 1 -2.41585e-17 
0.11875 1.27791e-15 1.7053e-13 0.0025 1 1 2.5 0.005 247 5 1 2.30926e-17 
0.12125 1.16155e-15 5.68434e-14 0.0025 1 1 2.5 0.005 248 5 1 -2.94875e-17 
0.12375 -4.77732e-16 -1.13687e-13 0.0025 1 1 2.5 0.005 249 3 1 1.49214e-17 
0.12625 4.28761e-15 7.14905e-27 0.0025 1 1 2.5 0.005 250 3 1 1.42109e-17 
0.12875 1.53272e-15 7.10961e-27 0.0025 1 1 2.5 0.005 251 5 1 -2.70006e-17 
0.13125 2.15415e-15 -3.9443e-29 0.0025 1 1 2.5 0.005 252 5 1 1.84741e-17 
0.13375 -3.62829e-16 5.68434e-14 0.0025 1 1 2.5 0.005 253 5 1 -1.81188e-17 
0.13625 3.15701e-15 1.13687e-13 0.0025 1 1 2.5 0.005 254 5 1 1.10134e-17 
0.13875 1.48355e-15 5.60519e-44 0.0025 1 1 2.5 0.005 255 5 1 -1.1724e-17 
0.14125 1.33482e-15 -1.34525e-43 0.0025 1 1 2.5 0.005 256 5 1 4.9738e-18 
0.14375 -2.94292e-16 6.72623e-44 0.0025 1 1 2.5 0.005 257 5 1 -6.75016e-18 
0.14625 -1.41573e-15 -5.68434e-14 0.0025 1 1 2.5 0.005 258 5 1 4.26326e-18 
0.14875 -2.22017e-15 5.68434e-14 0.0025 1 1 2.5 0.005 259 5 1 -6.75016e-18 
0.15125 -1.76086e-15 -4.48416e-44 0.0025 1 1 2.5 0.005 260 5 1 1.42109e-18 
0.15375 -2.45079e-15 8.96831e-44 0.0025 1 1 2.5 0.005 261 5 1 -4.9738e-18 
0.15625 -7.83662e-16 5.68434e-14 0.0025 1 1 2.5 0.005 262 5 1 2.46519e-33 
0.15875 -1.39957e-15 0 0.0025 1 1 2.5 0.005 263 5 1 -2.84217e-18 
0.16125 -1.82283e-15 0 0.0025 1 1 2.5 0.005 264 5 1 -7.10543e-19 
0.16375 -2.12318e-15 1.12104e-44 0.0025 1 1 2.5 0.005 265 5 1 -2.84217e-18 
0.16625 -2.44415e-15 0 0.0025 1 1 2.5 0.005 266 5 1 -7.10543e-19 
0.16875 -2.74993e-15 -2.24208e-44 0.0025 1 1 2.5 0.005 267 5 1 -2.84217e-18 
0.17125 -3.19004e-15 -5.68434e-14 0.0025 1 1 2.5 0.005 268 5 1 -1.06581e-18 
0.17375 -3.874e-15 -5.68434e-14 0.0025 1 1 2.5 0.005 269 5 1 -2.4869e-18 
0.17625 -9.03416e-16 5.68434e-13 0.0025 1 1 2.5 0.005 270 5 1 -5.68434e-18 
0.17875 -1.0036e-15 4.54747e-13 0.0025 1 1 2.5 0.005 271 5 1 1.42109e-18 
0.18125 -1.97896e-16 -2.27374e-13 0.0025 1 1 2.5 0.005 272 5 1 -2.13163e-18 
0.18375 -4.75709e-18 -5.68434e-14 0.0025 1 1 2.5 0.005 273 5 1 -2.13163e-18 
0.18625 1.48071e-15 1.13687e-13 0.0025 1 1 2.5 0.005 274 5 1 -3.90799e-18 
0.18875 5.35862e-16 5.68434e-14 0.0025 1 1 2.5 0.005 275 5 1 1.06581e-18 
0.19125 -6.92241e-16 5.68434e-14 0.0025 1 1 2.5 0.005 276 5 1 -3.90799e-18 
0.19375 -1.25603e-15 -1.13687e-13 0.0025 1 1 2.5 0.005 277 5 1 2.13163e-18 
0.19625 2.48836e-15 -6.82121e-13 0.0025 1 1 2.5 0.005 278 5 1 -3.90799e-18 
0.19875 3.06224e-15 -1.7053e-13 0.0025 1 1 2.5 0.005 279 5 1 -2.84217e-18 
0.20125 2.80826e-15 -5.68434e-14 0.0025 1 1 2.5 0.005 280 5 1 -2.84217e-18 
0.20375 1.87683e-15 7.84727e-44 0.0025 1 1 2.5 0.005 281 5 1 2.46519e-33 
0.20625 1.7254e-15 -7.84727e-44 0.0025 1 1 2.5 0.005 282 5 1 -5.68434e-18 
0.20875 8.52214e-16 2.24208e-44 0.0025 1 1 2.5 0.005 283 5 1 2.84217e-18 
0.21125 2.9127e-16 -4.48416e-44 0.0025 1 1 2.5 0.005 284 5 1 -6.75016e-18 
0.21375 -5.69017e-16 -1.12104e-44 0.0025 1 1 2.5 0.005 285 5 1 3.55271e-18 
0.21625 -1.56321e-15 -6.72623e-44 0.0025 1 1 2.5 0.005 286 5 1 -7.4607e-18 
0.21875 -4.00497e-15 -5.68434e-14 0.0025 1 1 2.5 0.005 287 5 1 8.52651e-18 
0.22125 -3.47884e-16 -1.90577e-43 0.0025 1 1 2.5 0.005 288 5 1 -1.52767e-17 
0.22375 -2.05889e-15 5.68434e-14 0.0025 1 1 2.5 0.005 289 5 1 1.38556e-17 
0.22625 2.95985e-15 -1.90577e-43 0.0025 1 1 2.5 0.005 290 5 1 -2.0961e-17 
0.22875 -1.70621e-16 2.27374e-13 0.0025 1 1 2.5 0.005 291 5 1 2.23821e-17 
0.23125 5.19962e-15 -2.27374e-13 0.0025 1 1 2.5 0.005 292 5 1 -2.80664e-17 
0.23375 1.07541e-15 -2.89901e-12 0.0025 1 1 2.5 0.005 293 5 1 3.73035e-17 
0.23625 -2.2996e-14 -1.97815e-11 0.0025 1 1 2.5 0.005 294 4 1 -3.41061e-17 
0.23875 -2.63953e-14 5.22959e-12 0.0025 1 1 2.5 0.005 295 3 1 1.35003e-17 
0.24125 -1.19912e-14 5.22391e-11 0.0025 1 1 2.5 0.005 296 4 1 -5.93303e-17 
0.24375 6.85501e-14 -1.35287e-11 0.0025 1 1 2.5 0.005 297 5 1 2.43006e-16 
0.24625 -1.95596e-13 -4.0535e-10 0.0025 1 1 2.5 0.005 298 4 1 7.22977e-16 
0.24875 -1.75628e-12 -1.6127e-09 0.0025 1 1 2.5 0.005 299 4 1 1.84954e-15 
0.25125 -6.40412e-12 -3.98506e-09 0.0025 1 1 2.5 0.005 300 4 1 3.03153e-15 
0.25375 -1.61214e-11 -6.76778e-09 0.0025 1 1 2.5 0.005 301 4 1 1.38165e-15 
0.25625 -2.81005e-11 -3.68789e-09 0.0025 1 1 2.5 0.005 302 3 1 -1.13328e-14 
0.25875 -2.2137e-11 2.19122e-08 0.0025 1 1 2.5 0.005 303 4 1 -2.36803e-14 
0.26125 4.83231e-11 4.10381e-08 0.0025 1 1 2.5 0.005 304 5 1 1.21534e-13 
0.26375 -8.59635e-11 -2.61514e-07 0.0025 1 1 2.5 0.005 305 4 1 5.71912e-13 
0.26625 -1.14822e-09 -1.1515e-06 0.0025 1 1 2.5 0.005 306 4 1 1.60516e-12 
0.26875 -4.85211e-09 -3.39932e-06 0.0025 1 1 2.5 0.005 307 4 1 3.53143e-12 
0.27125 -1.43469e-08 -7.64156e-06 0.0025 1 1 2.5 0.005 308 4 1 5.79107e-12 
0.27375 -3.33177e-08 -1.31893e-05 0.0025 1 1 2.5 0.005 309 4 1 5.45695e-12 
0.27625 -6.11454e-08 -1.4495e-05 0.0025 1 1 2.5 0.005 310 4 1 -5.66747e-12 
0.27875 -7.92113e-08 4.31356e-06 0.0025 1 1 2.5 0.005 311 3 1 -4.68063e-11 
0.28125 -1.57722e-08 9.06201e-05 0.0025 1 1 2.5 0.005 312 5 1 2.98087e-11 
0.28375 6.91013e-08 -9.02714e-05 0.0025 1 1 2.5 0.005 313 4 1 4.89282e-10 
0.28625 -6.75112e-07 -0.000917885 0.0025 1 1 2.5 0.005 314 4 1 1.75844e-09 
0.28875 -4.17072e-06 -0.00350153 0.0025 1 1.00001 2.5 0.00499998 315 4 1 4.96333e-09 
0.29125 -1.5546e-05 -0.0102559 0.0025 1.00001 1.00002 2.50001 0.00499994 316 4 1 1.21872e-08 
0.29375 -4.6235e-05 -0.0257674 0.0025 1.00004 1.00005 2.50004 0.00499981 317 4 1 2.68237e-08 
0.29625 -0.000119239 -0.0580069 0.0025 1.0001 1.00014 2.50009 0.00499953 318 4 1 5.41051e-08 
0.298749 -0.000276967 -0.119606 0.0025 1.00022 1.00031 2.50022 0.00499891 319 4 1 1.01293e-07 
0.301249 -0.000591462 -0.228696 0.0025 1.00046 1.00066 2.50046 0.00499768 320 4 1 1.77355e-07 
0.303747 -0.00117545 -0.408261 0.0025 1.00092 1.0013 2.50091 0.0049954 321 4 1 2.91584e-07 
0.306244 -0.00219006 -0.68246 0.0025 1.00171 1.00242 2.5017 0.00499145 322 4 1 4.503e-07 
0.308739 -0.00384167 -1.06813 0.0025 1.003 1.00424 2.50299 0.00498502 323 4 1 6.50421e-07 
0.311229 -0.00635721 -1.56092 0.0025 1.00498 1.00701 2.50496 0.00497523 324 4 1 8.6933e-07 
0.313714 -0.00992888 -2.11904 0.0025 1.0078 1.01098 2.50777 0.0049613 325 4 1 1.0539e-06 
0.31619 -0.0146299 -2.65362 0.0025 1.01155 1.01625 2.51152 0.00494291 326 4 1 1.1188e-06 
0.318657 -0.0203241 -3.03681 0.0025 1.01615 1.02273 2.5161 0.00492052 327 4 1 9.66364e-07 
0.321111 -0.0266079 -3.12947 0.0025 1.02133 1.03002 2.52125 0.0048956 328 4 1 5.21659e-07 
0.323552 -0.0328146 -2.8192 0.0025 1.02656 1.03739 2.52644 0.00487066 329 4 1 -2.66512e-07 
0.325982 -0.038027 -1.94077 0.0025 1.03105 1.04371 2.53091 0.00484941 330 4 1 -1.57483e-06 
0.328402 -0.0408963 -0.378275 0.0025 1.03349 1.047 2.53336 0.00483797 331 3 1 -4.41381e-06 
0.33082 -0.038017 4.68342 0.0025 1.03053 1.04284 2.53053 0.00485187 332 4 1 -5.10309e-06 
0.333254 -0.0249971 6.54511 0.0025 1.02233 1.03161 2.52226 0.00489081 333 4 1 3.92762e-06 
0.335711 -0.0195735 -1.22664 0.0025 1.01716 1.02422 2.51705 0.00491564 334 4 1 3.37249e-06 
0.338169 -0.0195728 2.18814 0.0025 1.01417 1.0196 2.51439 0.00493012 335 4 1 -7.06687e-06 
0.340641 -0.00630715 10.4269 0.0025 1.00354 1.00488 2.5039 0.00498234 336 4 1 -3.98958e-06 
0.343152 0.0160118 9.6587 0.0025 0.987679 0.983072 2.48775 0.00506237 337 4 1 7.8881e-06 
0.345703 0.0304441 4.2899 0.0025 0.975282 0.965729 2.47511 0.00512672 338 4 1 6.29414e-06 
0.348279 0.0398627 4.77221 0.0025 0.965858 0.952479 2.46568 0.00517674 339 4 1 -5.95904e-07 
0.35088 0.0542238 7.8308 0.0025 0.954242 0.936539 2.45383 0.00523976 340 4 1 9.70656e-08 
0.353519 0.0721876 7.90136 0.0025 0.940503 0.91783 2.43957 0.00531631 341 4 1 4.08985e-06 
0.356197 0.0888345 6.75195 0.0025 0.927212 0.899712 2.4257 0.00539251 342 4 1 4.25241e-06 
0.358912 0.104363 6.67846 0.0025 0.914583 0.882561 2.41246 0.00546697 343 4 1 2.82563e-06 
0.361664 0.120969 7.22503 0.0025 0.90161 0.86509 2.39873 0.00554564 344 4 1 2.87439e-06 
0.364458 0.138518 7.29075 0.0025 0.888163 0.847106 2.38435 0.0056296 345 4 1 3.7553e-06 
0.367294 0.156105 7.06221 0.0025 0.874711 0.8292 2.36984 0.00571618 346 4 1 3.91767e-06 
0.370174 0.173775 7.09354 0.0025 0.861292 0.811441 2.35525 0.00580523 347 4 1 3.75309e-06 
0.3731 0.192014 7.18168 0.0025 0.847718 0.7936 2.34034 0.00589819 348 4 1 3.96552e-06 
0.376073 0.210707 7.15134 0.0025 0.83402 0.775714 2.32514 0.00599506 349 4 1 4.26814e-06 
0.379095 0.229532 7.08013 0.0025 0.820298 0.757904 2.30977 0.00609535 350 4 1 4.31301e-06 
0.382169 0.248889 7.17202 0.0025 0.806471 0.740084 2.29412 0.00619985 351 4 1 4.46534e-06 
0.385296 0.268588 7.1021 0.0025 0.79254 0.722253 2.2782 0.00630883 352 4 1 4.73732e-06 
0.388478 0.288661 7.12148 0.0025 0.778549 0.704469 2.26203 0.00642221 353 4 1 4.85782e-06 
0.391718 0.3091 7.0969 0.0025 0.76447 0.686705 2.24559 0.00654048 354 4 1 5.10247e-06 
0.395019 0.330045 7.07312 0.0025 0.750337 0.669002 2.2289 0.00666367 355 4 1 5.30864e-06 
0.398383 0.351269 7.03239 0.0025 0.736166 0.651386 2.21197 0.00679195 356 4 1 5.52844e-06 
0.401812 0.372973 6.98403 0.0025 0.721989 0.6339 2.19484 0.00692531 357 4 1 5.77417e-06 
0.405309 0.394816 6.87701 0.0025 0.707878 0.616632 2.17759 0.00706336 358 4 1 6.03784e-06 
0.408876 0.416844 6.71545 0.0025 0.69395 0.599724 2.16035 0.00720513 359 4 1 6.27214e-06 
0.412515 0.438574 6.43441 0.0025 0.680381 0.583384 2.14336 0.00734882 360 4 1 6.41838e-06 
0.416225 0.459786 6.05505 0.0025 0.667382 0.567849 2.12689 0.00749196 361 4 1 6.35621e-06 
0.420007 0.479962 5.5736 0.0025 0.655136 0.553316 2.1112 0.007632 362 4 1 5.96371e-06 
0.423858 0.499048 5.15985 0.0025 0.643664 0.539787 2.09634 0.00776803 363 4 1 5.21097e-06 
0.427776 0.51733 4.9302 0.0025 0.63272 0.526959 2.08203 0.00790239 364 4 1 4.31005e-06 
0.431761 0.535836 5.07664 0.0025 0.621791 0.514241 2.06758 0.00804129 365 4 1 3.73314e-06 
0.435818 0.555656 5.42502 0.0025 0.610359 0.501055 2.05231 0.0081919 366 4 1 4.02625e-06 
0.439954 0.577211 5.74256 0.0025 0.598283 0.487257 2.03599 0.00835725 367 4 1 5.15495e-06 
0.444176 0.599907 5.72013 0.0025 0.585934 0.473277 2.01908 0.00853339 368 4 1 6.65202e-06 
0.448488 0.622038 5.21281 0.0025 0.574129 0.460029 2.00271 0.00870884 369 4 1 7.66334e-06 
0.452886 0.641633 4.2157 0.0025 0.56386 0.44859 1.9883 0.00886745 370 4 1 7.73592e-06 
0.457356 0.656455 2.74968 0.0025 0.556081 0.439962 1.97728 0.00899149 371 4 1 6.42331e-06 
0.461878 0.665415 1.40667 0.0025 0.551157 0.43448 1.97027 0.00907182 372 4 1 3.85476e-06 
0.466428 0.670078 0.779924 0.0025 0.548358 0.431336 1.96629 0.00911813 373 4 1 1.45923e-06 
0.470996 0.67351 0.810262 0.0025 0.546438 0.429211 1.96355 0.00915017 374 4 1 8.20877e-07 
0.475579 0.676523 0.427832 0.0025 0.545066 0.427726 1.96159 0.00917319 375 4 1 1.25807e-06 
0.480169 0.676861 -0.157243 0.0025 0.544635 0.427235 1.96099 0.00918046 376 5 1 6.17763e-07 
0.484759 0.676612 -0.0220163 0.0025 0.544705 0.427293 1.96112 0.00917929 377 4 1 -5.13375e-09 
0.489348 0.676438 -0.0641537 0.0025 0.544781 0.427384 1.96125 0.009178 378 4 1 6.9219e-08 
0.493937 0.676138 -0.073518 0.0025 0.54491 0.42753 1.96146 0.00917583 379 4 1 3.15857e-08 
0.498524 0.675817 -0.0713402 0.0025 0.545063 0.427703 1.96171 0.00917325 380 4 1 4.3923e-09 
0.50311 0.675514 -0.0661227 0.0025 0.545216 0.427877 1.96196 0.00917067 381 4 1 -1.44427e-08 
0.507695 0.67524 -0.0577661 0.0025 0.545358 0.428039 1.9622 0.0091683 382 4 1 -1.90022e-08 
0.512279 0.674997 -0.0492146 0.0025 0.545481 0.428181 1.96241 0.00916623 383 4 1 -1.47856e-08 
0.516861 0.674784 -0.0426707 0.0025 0.545586 0.428305 1.9626 0.00916446 384 4 1 -1.76e-08 
0.521443 0.674601 -0.0380395 0.0025 0.545678 0.428414 1.96277 0.00916292 385 4 1 -1.16553e-08 
0.526024 0.674441 -0.03381 0.0025 0.545757 0.428511 1.96292 0.00916159 386 4 1 -9.19444e-09 
0.530605 0.674299 -0.0294758 0.0025 0.545824 0.428595 1.96307 0.00916046 387 4 1 -8.34383e-09 
0.535185 0.674173 -0.0257147 0.0025 0.545881 0.428669 1.9632 0.00915951 388 4 1 -4.49416e-09 
0.539764 0.674061 -0.0228189 0.0025 0.545928 0.428734 1.96333 0.00915871 389 4 1 -1.02501e-08 
0.544343 0.673965 -0.0203051 0.0025 0.545969 0.428792 1.96344 0.00915802 390 4 1 -1.9766e-09 
0.548922 0.673879 -0.0178636 0.0025 0.546003 0.428843 1.96356 0.00915746 391 4 1 -1.85763e-09 
0.553501 0.673803 -0.0157206 0.0025 0.546029 0.428888 1.96367 0.00915702 392 4 1 2.80079e-09 
0.558079 0.673736 -0.0140496 0.0025 0.546052 0.42893 1.96378 0.00915664 393 4 1 -8.03126e-09 
0.562657 0.673676 -0.0126538 0.0025 0.546061 0.428967 1.96389 0.00915649 394 4 1 1.39696e-07 
0.567236 0.673623 -0.0113149 0.0025 0.546078 0.429028 1.96416 0.00915619 395 3 1 -1.42196e-07 
0.571814 0.673576 -0.0100597 0.0025 0.545706 0.428901 1.96426 0.00916244 396 5 1 3.48768e-06 
0.576398 0.673533 -0.00897186 0.0025 0.547993 0.43059 1.96815 0.0091242 397 3 1 -1.90625e-05 
0.580938 0.673495 -0.0080167 0.0025 0.536687 0.425945 1.94972 0.00931641 398 4 1 0.00017921 
0.585721 0.673458 -0.00705694 0.0025 0.510856 0.432496 2.15217 0.00978749 399 4 1 -0.000134242 
0.590732 0.673422 -0.00610956 0.0025 0.482634 0.424291 2.15518 0.0103598 400 4 1 0.000266019 
0.596095 0.673386 -0.0052204 0.0025 0.45417 0.432744 2.44385 0.0110091 401 4 1 -0.000240412 
0.601752 0.67335 -0.00443118 0.0025 0.446884 0.427095 2.37996 0.0111886 402 5 1 5.37917e-05 
0.607285 0.673317 -0.0037553 0.0025 0.452322 0.429475 2.37436 0.0110541 403 4 1 -3.01379e-06 
0.612806 0.673286 -0.00309531 0.0025 0.45351 0.429155 2.36498 0.0110251 404 4 1 3.91008e-06 
0.61831 0.673256 -0.00236593 0.0025 0.454595 0.42922 2.36021 0.0109988 405 4 1 1.26754e-06 
0.623805 0.673225 -0.00141623 0.0025 0.455221 0.429197 2.35692 0.0109837 406 4 1 8.3595e-07 
0.629293 0.673191 8.8791e-05 0.0025 0.455664 0.429183 2.35461 0.010973 407 4 1 5.30161e-07 
0.634778 0.673147 0.00292371 0.0025 0.455975 0.429163 2.35293 0.0109655 408 4 1 3.17325e-07 
0.640259 0.673077 0.00901031 0.0025 0.456188 0.429122 2.35163 0.0109604 409 4 1 1.71737e-07 
0.645738 0.672944 0.0234023 0.0025 0.456303 0.429023 2.35054 0.0109576 410 3 1 -2.19519e-09 
0.651217 0.672654 0.0583548 0.0025 0.456272 0.428783 2.34944 0.0109584 411 4 1 -3.0094e-07 
0.656696 0.671975 0.1441 0.0025 0.45596 0.428201 2.34798 0.0109659 412 4 1 -9.15553e-07 
0.662182 0.670362 0.346415 0.0025 0.45503 0.426813 2.34541 0.0109883 413 4 1 -2.22874e-06 
0.667685 0.666548 0.829975 0.0025 0.452719 0.423598 2.34011 0.0110444 414 4 1 -4.56951e-06 
0.673227 0.657825 1.82064 0.0025 0.447568 0.416622 2.32895 0.0111715 415 4 1 -8.38129e-06 
0.678857 0.639149 3.98244 0.0025 0.436837 0.402431 2.30585 0.0114459 416 4 1 -1.00924e-05 
0.684676 0.599996 7.67152 0.0025 0.417209 0.376984 2.26243 0.0119844 417 4 1 -2.45159e-06 
0.690853 0.530273 14.0153 0.0025 0.385112 0.336498 2.1867 0.0129832 418 4 1 2.78523e-05 
0.697701 0.393058 27.0114 0.0025 0.338883 0.281008 2.06545 0.0147544 419 4 1 0.000126981 
0.705731 0.190955 29.5085 0.0025 0.291146 0.22608 1.92479 0.0171735 420 4 1 0.000256826 
0.715018 0.039816 14.0418 0.0025 0.260709 0.192008 1.82836 0.0191785 421 4 1 0.00019748 
0.724954 -0.00641173 1.51201 0.0025 0.250304 0.180307 1.79595 0.0199757 422 4 1 4.98776e-05 
0.734996 -0.00322947 -1.03686 0.0025 0.249395 0.17896 1.79326 0.0200485 423 5 1 3.72132e-06 
0.745003 0.000127798 -0.113789 0.0025 0.249935 0.179414 1.79482 0.0200052 424 4 1 -1.08556e-06 
0.755001 0.00021413 0.0235452 0.0025 0.250031 0.179526 1.79509 0.0199975 425 3 1 -2.66013e-07 
0.765 6.97779e-05 0.0151784 0.0025 0.250014 0.179515 1.79504 0.0199989 426 4 1 1.57086e-08 
0.775 1.17031e-05 0.00388575 0.0025 0.250003 0.179504 1.79501 0.0199997 427 4 1 1.9549e-08 
0.785 4.72685e-08 0.000478965 0.0025 0.25 0.1795 1.795 0.02 428 4 1 6.00997e-09 
0.795 -5.22301e-07 -0.000103656 0.0025 0.25 0.1795 1.795 0.02 429 5 1 9.26709e-10 
0.805 -3.2316e-08 -2.83235e-05 0.0025 0.25 0.1795 1.795 0.02 430 4 1 -6.81509e-11 
0.815 2.05104e-08 1.37556e-06 0.0025 0.25 0.1795 1.795 0.02 431 3 1 -4.77564e-11 
0.825 8.29243e-09 1.69779e-06 0.0025 0.25 0.1795 1.795 0.02 432 4 1 -1.52189e-12 
0.835 1.61037e-09 4.97869e-07 0.0025 0.25 0.1795 1.795 0.02 433 4 1 1.84667e-12 
0.845 8.88932e-11 7.29752e-08 0.0025 0.25 0.1795 1.795 0.02 434 4 1 6.98812e-13 
0.855 -5.03614e-11 -5.518e-09 0.0025 0.25 0.1795 1.795 0.02 435 5 1 1.26506e-13 
0.865 -6.92366e-12 -3.63204e-09 0.0025 0.25 0.1795 1.795 0.02 436 4 1 9.08074e-16 
0.875 1.35197e-12 -3.5115e-11 0.0025 0.25 0.1795 1.795 0.02 437 4 1 -5.04841e-15 
0.885 6.81276e-13 1.35188e-10 0.0025 0.25 0.1795 1.795 0.02 438 3 1 -4.26326e-16 
0.895 1.43476e-13 4.51337e-11 0.0025 0.25 0.1795 1.795 0.02 439 4 1 1.23279e-16 
0.905 2.34699e-15 6.05382e-12 0.0025 0.25 0.1795 1.795 0.02 440 4 1 5.7554e-17 
0.915 -3.22116e-15 -5.96856e-13 0.0025 0.25 0.1795 1.795 0.02 441 5 1 8.70415e-18 
0.925 -2.54689e-15 -1.98952e-13 0.0025 0.25 0.1795 1.795 0.02 442 5 1 -1.42109e-18 
0.935 -4.19611e-15 -7.10543e-14 0.0025 0.25 0.1795 1.795 0.02 443 5 1 -1.42109e-18 
0.945 1.48431e-15 3.2685e-13 0.0025 0.25 0.1795 1.795 0.02 444 5 1 -1.43885e-17 
0.955 -2.62779e-15 3.55271e-13 0.0025 0.25 0.1795 1.795 0.02 445 5 1 1.84741e-17 
0.965 5.76162e-15 -1.42109e-13 0.0025 0.25 0.1795 1.795 0.02 446 5 1 -1.59872e-17 
0.975 1.51338e-15 -1.13687e-13 0.0025 0.25 0.1795 1.795 0.02 447 5 1 2.02505e-17 
0.985 1.12074e-15 -8.52651e-14 0.0025 0.25 0.1795 1.795 0.02 448 5 1 -3.14415e-17 
0.995 -5.96154e-15 -7.10543e-14 0.0025 0.25 0.1795 1.795 0.02 449 4 1 1.74083e-17 
1.005 5.87078e-15 5.68434e-14 0.0025 0.25 0.1795 1.795 0.02 450 4 1 1.63425e-17 
1.015 -1.1117e-15 7.10543e-14 0.0025 0.25 0.1795 1.795 0.02 451 5 1 -3.10862e-17 
1.025 -1.5376e-15 9.9476e-14 0.0025 0.25 0.1795 1.795 0.02 452 5 1 1.98952e-17 
1.035 -5.67948e-15 1.7053e-13 0.0025 0.25 0.1795 1.795 0.02 453 5 1 -1.58096e-17 
1.045 3.39799e-15 -3.41061e-13 0.0025 0.25 0.1795 1.795 0.02 454 5 1 1.81188e-17 
1.055 -1.02171e-15 -2.98428e-13 0.0025 0.25 0.1795 1.795 0.02 455 5 1 -1.40332e-17 
1.065 4.17907e-15 7.10543e-14 0.0025 0.25 0.1795 1.795 0.02 456 5 1 -1.42109e-18 
1.075 2.45219e-15 1.7053e-13 0.0025 0.25 0.1795 1.795 0.02 457 5 1 -1.42109e-18 
1.085 3.06616e-15 3.97904e-13 0.0025 0.25 0.1795 1.795 0.02 458 5 1 6.39488e-18 
1.095 4.41628e-16 -2.71427e-12 0.0025 0.25 0.1795 1.795 0.02 459 5 1 5.80869e-17 
1.105 -1.37319e-13 -5.14859e-11 0.0025 0.25 0.1795 1.795 0.02 460 4 1 1.21503e-16 
1.115 -6.81361e-13 -1.30001e-10 0.0025 0.25 0.1795 1.795 0.02 461 3 1 -4.17621e-16 
1.125 -1.32374e-12 3.83835e-11 0.0025 0.25 0.1795 1.795 0.02 462 4 1 -5.06919e-15 
1.135 6.8545e-12 3.62095e-09 0.0025 0.25 0.1795 1.795 0.02 463 4 1 9.04343e-16 
1.145 5.041e-11 5.52478e-09 0.0025 0.25 0.1795 1.795 0.02 464 5 1 1.26567e-13 
1.155 -8.89088e-11 -7.29806e-08 0.0025 0.25 0.1795 1.795 0.02 465 4 1 6.98763e-13 
1.165 -1.61034e-09 -4.97862e-07 0.0025 0.25 0.1795 1.795 0.02 466 4 1 1.84665e-12 
1.175 -8.29243e-09 -1.6978e-06 0.0025 0.25 0.1795 1.795 0.02 467 4 1 -1.52187e-12 
1.185 -2.05104e-08 -1.37555e-06 0.0025 0.25 0.1795 1.795 0.02 468 3 1 -4.77564e-11 
1.195 3.2316e-08 2.83235e-05 0.0025 0.25 0.1795 1.795 0.02 469 4 1 -6.81509e-11 
1.205 5.22301e-07 0.000103656 0.0025 0.25 0.1795 1.795 0.02 470 5 1 9.26709e-10 
1.215 -4.72685e-08 -0.000478965 0.0025 0.25 0.1795 1.795 0.02 471 4 1 6.00997e-09 
1.225 -1.17031e-05 -0.00388575 0.0025 0.250003 0.179504 1.79501 0.0199997 472 4 1 1.9549e-08 
1.235 -6.97779e-05 -0.0151784 0.0025 0.250014 0.179515 1.79504 0.0199989 473 4 1 1.57086e-08 
1.245 -0.00021413 -0.0235452 0.0025 0.250031 0.179526 1.79509 0.0199975 474 3 1 -2.66013e-07 
1.255 -0.000127798 0.113789 0.0025 0.249935 0.179414 1.79482 0.0200052 475 4 1 -1.08556e-06 
1.265 0.00322947 1.03686 0.0025 0.249395 0.17896 1.79326 0.0200485 476 5 1 3.72132e-06 
1.27505 0.00641173 -1.51201 0.0025 0.250304 0.180307 1.79595 0.0199757 477 4 1 4.98776e-05 
1.28498 -0.039816 -14.0418 0.0025 0.260709 0.192008 1.82836 0.0191785 478 4 1 0.00019748 
1.29427 -0.190955 -29.5085 0.0025 0.291146 0.22608 1.92479 0.0171735 479 4 1 0.000256826 
1.3023 -0.393058 -27.0114 0.0025 0.338883 0.281008 2.06545 0.0147544 480 4 1 0.000126981 
1.30915 -0.530273 -14.0153 0.0025 0.385112 0.336498 2.1867 0.0129832 481 4 1 2.78523e-05 
1.31532 -0.599996 -7.67152 0.0025 0.417209 0.376984 2.26243 0.0119844 482 4 1 -2.45159e-06 
1.32114 -0.639149 -3.98244 0.0025 0.436837 0.402431 2.30585 0.0114459 483 4 1 -1.00924e-05 
1.32677 -0.657825 -1.82064 0.0025 0.447568 0.416622 2.32895 0.0111715 484 4 1 -8.38129e-06 
1.33232 -0.666548 -0.829975 0.0025 0.452719 0.423598 2.34011 0.0110444 485 4 1 -4.56951e-06 
1.33782 -0.670362 -0.346415 0.0025 0.45503 0.426813 2.34541 0.0109883 486 4 1 -2.22874e-06 
1.3433 -0.671975 -0.1441 0.0025 0.45596 0.428201 2.34798 0.0109659 487 4 1 -9.15553e-07 
1.34878 -0.672654 -0.0583548 0.0025 0.456272 0.428783 2.34944 0.0109584 488 4 1 -3.0094e-07 
1.35426 -0.672944 -0.0234023 0.0025 0.456303 0.429023 2.35054 0.0109576 489 3 1 -2.19519e-09 
1.35974 -0.673077 -0.00901031 0.0025 0.456188 0.429122 2.35163 0.0109604 490 4 1 1.71737e-07 
1.36522 -0.673147 -0.00292371 0.0025 0.455975 0.429163 2.35293 0.0109655 491 4 1 3.17325e-07 
1.37071 -0.673191 -8.8791e-05 0.0025 0.455664 0.429183 2.35461 0.010973 492 4 1 5.30161e-07 
1.3762 -0.673225 0.00141623 0.0025 0.455221 0.429197 2.35692 0.0109837 493 4 1 8.3595e-07 
1.38169 -0.673256 0.00236593 0.0025 0.454595 0.42922 2.36021 0.0109988 494 4 1 1.26754e-06 
1.38719 -0.673286 0.00309531 0.0025 0.45351 0.429155 2.36498 0.0110251 495 4 1 3.91008e-06 
1.39272 -0.673317 0.0037553 0.0025 0.452322 0.429475 2.37436 0.0110541 496 4 1 -3.01379e-06 
1.39825 -0.67335 0.00443118 0.0025 0.446884 0.427095 2.37996 0.0111886 497 5 1 5.37917e-05 
1.40391 -0.673386 0.0052204 0.0025 0.45417 0.432744 2.44385 0.0110091 498 4 1 -0.000240412 
1.40927 -0.673422 0.00610956 0.0025 0.482634 0.424291 2.15518 0.0103598 499 4 1 0.000266019 
