# Time [s]: 0.135544
# Columns: pos [m], vel [m/s], acc [m/s^2], mass [kg], dens [kg/m^3], pres [Pa], ene [J/kg], sml [m], id, neighbor, alpha, gradh, ...additional?
1.41101 -0.673425 0.00645415 0.0025 0.510874 0.432517 2.1522 0.00978715 0 4 1 -0.00013424 
1.41579 -0.673458 0.00724785 0.0025 0.536707 0.425967 1.94975 0.00931607 1 4 1 0.000179214 
1.42033 -0.673492 0.0080832 0.0025 0.548015 0.430614 1.96818 0.00912383 2 3 1 -1.9062e-05 
1.42491 -0.67353 0.00902212 0.0025 0.545731 0.428928 1.9643 0.00916203 3 5 1 3.48763e-06 
1.42949 -0.673572 0.0100173 0.0025 0.546106 0.429058 1.9642 0.00915573 4 3 1 -1.41525e-07 
1.43407 -0.673619 0.0110953 0.0025 0.546091 0.429001 1.96393 0.00915598 5 4 1 1.40334e-07 
1.43865 -0.673672 0.0123976 0.0025 0.546086 0.428968 1.96383 0.00915606 6 4 1 -7.59902e-09 
1.44323 -0.673731 0.013987 0.0025 0.546068 0.428931 1.96372 0.00915637 7 4 1 3.39235e-09 
1.4478 -0.673798 0.0157257 0.0025 0.546047 0.428891 1.96362 0.00915673 8 4 1 -6.41975e-10 
1.45238 -0.673873 0.0175598 0.0025 0.546019 0.428846 1.96351 0.00915719 9 4 1 -5.54215e-10 
1.45696 -0.673958 0.0197891 0.0025 0.545985 0.428796 1.96341 0.00915776 10 4 1 -9.46577e-09 
1.46154 -0.674055 0.0226926 0.0025 0.545945 0.428739 1.96329 0.00915844 11 4 1 -4.01796e-09 
1.46612 -0.674164 0.0259941 0.0025 0.545896 0.428675 1.96317 0.00915925 12 4 1 -6.83366e-09 
1.4707 -0.674288 0.0292567 0.0025 0.545838 0.428601 1.96304 0.00916022 13 4 1 -6.57621e-09 
1.47528 -0.674429 0.0327853 0.0025 0.545771 0.428517 1.9629 0.00916135 14 4 1 -9.4728e-09 
1.47986 -0.674591 0.037394 0.0025 0.545693 0.428423 1.96275 0.00916266 15 4 1 -1.61585e-08 
1.48444 -0.674773 0.0431993 0.0025 0.545602 0.428315 1.96258 0.00916418 16 4 1 -1.25223e-08 
1.48903 -0.674979 0.0495476 0.0025 0.545496 0.428191 1.9624 0.00916597 17 4 1 -1.67204e-08 
1.49361 -0.675217 0.0561796 0.0025 0.545374 0.42805 1.96219 0.00916803 18 4 1 -1.76125e-08 
1.49819 -0.67549 0.0632345 0.0025 0.545237 0.427893 1.96196 0.00917033 19 4 1 -8.38444e-09 
-0.497221 -0.67579 0.0694494 0.0025 0.545089 0.427725 1.96172 0.00917281 20 4 1 4.51406e-10 
-0.492634 -0.676097 0.0732395 0.0025 0.54494 0.427557 1.96148 0.00917532 21 4 1 2.6025e-08 
-0.488046 -0.676377 0.0638754 0.0025 0.544811 0.427412 1.96127 0.0091775 22 4 1 7.56837e-08 
-0.483456 -0.676554 0.0203473 0.0025 0.544739 0.427327 1.96115 0.0091787 23 4 1 -1.50995e-09 
-0.478867 -0.676732 0.138512 0.0025 0.544677 0.427272 1.96104 0.00917975 24 5 1 4.90626e-07 
-0.474277 -0.676653 -0.3238 0.0025 0.545016 0.427666 1.9615 0.00917404 25 4 1 1.21403e-06 
-0.469693 -0.673895 -0.798152 0.0025 0.546271 0.429029 1.9633 0.00915296 26 4 1 9.37212e-07 
-0.465124 -0.67034 -0.812932 0.0025 0.548169 0.431118 1.966 0.00912128 27 4 1 1.2617e-06 
-0.460572 -0.665912 -1.28485 0.0025 0.550822 0.434091 1.96978 0.00907735 28 4 1 3.26636e-06 
-0.456046 -0.657885 -2.46221 0.0025 0.5553 0.439081 1.97615 0.00900415 29 4 1 5.72465e-06 
-0.451567 -0.644334 -3.87157 0.0025 0.562426 0.446988 1.98626 0.00889006 30 4 1 7.198e-06 
-0.447156 -0.625961 -4.91003 0.0025 0.572033 0.457679 1.99976 0.00874075 31 4 1 7.37279e-06 
-0.442826 -0.604794 -5.49495 0.0025 0.583298 0.470303 2.01542 0.00857195 32 4 1 6.62433e-06 
-0.438583 -0.582683 -5.62906 0.0025 0.595296 0.483859 2.0319 0.00839918 33 4 1 5.29548e-06 
-0.434425 -0.561267 -5.39748 0.0025 0.607208 0.497438 2.04806 0.00823441 34 4 1 4.10316e-06 
-0.430348 -0.541394 -5.05958 0.0025 0.618562 0.5105 2.06327 0.00808326 35 4 1 3.5267e-06 
-0.426342 -0.523001 -4.81633 0.0025 0.629334 0.523002 2.07755 0.00794491 36 4 1 3.79473e-06 
-0.422402 -0.505283 -4.90642 0.0025 0.639908 0.535367 2.09143 0.00781363 37 4 1 4.56615e-06 
-0.418527 -0.487133 -5.23212 0.0025 0.650802 0.548186 2.10559 0.00768283 38 4 1 5.32822e-06 
-0.414719 -0.468069 -5.67126 0.0025 0.662348 0.561855 2.12045 0.0075489 39 4 1 5.83042e-06 
-0.410978 -0.447908 -6.0709 0.0025 0.674627 0.576484 2.13608 0.0074115 40 4 1 5.99093e-06 
-0.407306 -0.427112 -6.36614 0.0025 0.687513 0.591949 2.1523 0.00727259 41 4 1 5.94743e-06 
-0.403704 -0.405865 -6.57771 0.0025 0.700825 0.608045 2.16887 0.00713445 42 4 1 5.74972e-06 
-0.400171 -0.384702 -6.68577 0.0025 0.714379 0.624563 2.18555 0.00699909 43 4 1 5.54746e-06 
-0.396705 -0.363617 -6.78314 0.0025 0.728052 0.641354 2.20218 0.00686764 44 4 1 5.29513e-06 
-0.393303 -0.342937 -6.79822 0.0025 0.74175 0.658304 2.21865 0.00674082 45 4 1 5.05814e-06 
-0.389963 -0.322516 -6.83312 0.0025 0.75541 0.675335 2.2349 0.00661892 46 4 1 4.88157e-06 
-0.386683 -0.302516 -6.85356 0.0025 0.769027 0.692433 2.25092 0.00650173 47 4 1 4.65821e-06 
-0.383461 -0.282824 -6.84456 0.0025 0.782567 0.709558 2.26668 0.00638923 48 4 1 4.49609e-06 
-0.380294 -0.263639 -6.87048 0.0025 0.796034 0.726709 2.28219 0.00628114 49 4 1 4.38687e-06 
-0.377179 -0.244611 -6.90828 0.0025 0.809458 0.743918 2.29751 0.00617697 50 4 1 4.1379e-06 
-0.374116 -0.226124 -6.84651 0.0025 0.822785 0.761116 2.31255 0.00607692 51 4 1 4.00798e-06 
-0.371102 -0.207983 -6.89517 0.0025 0.83602 0.778313 2.32735 0.00598072 52 4 1 3.97532e-06 
-0.368135 -0.190037 -6.94764 0.0025 0.849236 0.795584 2.342 0.00588765 53 4 1 3.68739e-06 
-0.365214 -0.172417 -6.84355 0.0025 0.862336 0.812811 2.35638 0.00579821 54 4 1 3.46261e-06 
-0.362337 -0.155375 -6.80258 0.0025 0.875267 0.829929 2.37043 0.00571254 55 4 1 3.57197e-06 
-0.359501 -0.138503 -6.95428 0.0025 0.88819 0.847138 2.38437 0.00562943 56 4 1 3.60708e-06 
-0.356707 -0.121522 -7.06521 0.0025 0.901183 0.864521 2.39827 0.00554827 57 4 1 2.93987e-06 
-0.353953 -0.105227 -6.63812 0.0025 0.913879 0.8816 2.41172 0.00547118 58 4 1 2.3922e-06 
-0.351235 -0.0900955 -6.32157 0.0025 0.926053 0.89811 2.42448 0.00539926 59 4 1 3.32911e-06 
-0.348553 -0.0748946 -7.09463 0.0025 0.938462 0.915044 2.43742 0.00532787 60 4 1 4.40698e-06 
-0.345907 -0.0578122 -8.00136 0.0025 0.951754 0.933182 2.45123 0.00525346 61 4 1 1.9383e-06 
-0.343299 -0.0416983 -6.14838 0.0025 0.964221 0.950211 2.46405 0.00518553 62 4 1 -1.51269e-06 
-0.340721 -0.0312131 -3.37361 0.0025 0.973734 0.963449 2.4736 0.00513487 63 4 1 2.16442e-06 
-0.338164 -0.0213804 -6.4267 0.0025 0.983438 0.977162 2.48336 0.0050842 64 4 1 8.83661e-06 
-0.335637 -0.00243625 -11.1718 0.0025 0.997792 0.99705 2.49804 0.00501106 65 4 1 2.16063e-06 
-0.333153 0.0168797 -6.23782 0.0025 1.01166 1.01609 2.51198 0.00494237 66 4 1 -7.72887e-06 
-0.330695 0.0219357 0.873904 0.0025 1.0174 1.0243 2.51738 0.00491451 67 4 1 -2.0155e-06 
-0.328238 0.0217452 -2.26236 0.0025 1.02012 1.0285 2.51999 0.00490138 68 4 1 5.15919e-06 
-0.325793 0.0324664 -6.34267 0.0025 1.02689 1.03787 2.52688 0.00486907 69 4 1 -1.46508e-06 
-0.323369 0.0395816 -1.06898 0.0025 1.03217 1.04512 2.5321 0.00484415 70 3 1 -5.16618e-06 
-0.320949 0.0385365 1.24675 0.0025 1.03161 1.04445 2.53146 0.00484679 71 4 1 -2.36646e-06 
-0.318522 0.0344322 2.35014 0.0025 1.02802 1.03944 2.5279 0.00486371 72 4 1 -7.58697e-07 
-0.316085 0.0288732 2.87654 0.0025 1.02327 1.03275 2.52318 0.0048863 73 4 1 1.45152e-07 
-0.313636 0.0228295 2.97949 0.0025 1.01823 1.02566 2.51818 0.00491047 74 4 1 7.10064e-07 
-0.311175 0.0170366 2.74988 0.0025 1.0135 1.019 2.51347 0.00493338 75 4 1 9.91282e-07 
-0.308703 0.0120053 2.30931 0.0025 1.00946 1.01332 2.50943 0.00495313 76 4 1 1.03393e-06 
-0.306222 0.00799427 1.78451 0.0025 1.00628 1.00884 2.50625 0.00496882 77 4 1 9.16879e-07 
-0.303734 0.0050342 1.27951 0.0025 1.00394 1.00555 2.50392 0.00498037 78 4 1 7.26957e-07 
-0.301241 0.00299877 0.856448 0.0025 1.00235 1.00331 2.50233 0.0049883 79 4 1 5.29204e-07 
-0.298746 0.0016884 0.537399 0.0025 1.00132 1.00187 2.50131 0.0049934 80 4 1 3.59135e-07 
-0.296248 0.00089635 0.31669 0.0025 1.0007 1.00099 2.5007 0.00499649 81 4 1 2.28956e-07 
-0.293749 0.000446623 0.175148 0.0025 1.00035 1.0005 2.50035 0.00499825 82 4 1 1.37455e-07 
-0.29125 0.00020725 0.0905802 0.0025 1.00016 1.00023 2.50016 0.00499918 83 4 1 7.76029e-08 
-0.28875 8.84424e-05 0.0434834 0.0025 1.00007 1.0001 2.50007 0.00499965 84 4 1 4.10137e-08 
-0.28625 3.39815e-05 0.0191287 0.0025 1.00003 1.00004 2.50003 0.00499986 85 4 1 2.01313e-08 
-0.28375 1.13043e-05 0.00753723 0.0025 1.00001 1.00001 2.50001 0.00499995 86 4 1 9.05926e-09 
-0.28125 2.98442e-06 0.00254378 0.0025 1 1 2.5 0.00499999 87 4 1 3.65165e-09 
-0.27875 4.63041e-07 0.000653961 0.0025 1 1 2.5 0.005 88 4 1 1.28224e-09 
-0.27625 -5.78417e-08 5.20103e-05 0.0025 1 1 2.5 0.005 89 4 1 3.5005e-10 
-0.27375 1.77228e-08 -6.61432e-05 0.0025 1 1 2.5 0.005 90 5 1 1.37551e-11 
-0.27125 6.14333e-08 -1.77907e-06 0.0025 1 1 2.5 0.005 91 3 1 -3.4325e-11 
-0.26875 4.65755e-08 1.12298e-05 0.0025 1 1 2.5 0.005 92 4 1 -3.6929e-12 
-0.26625 2.52719e-08 1.0032e-05 0.0025 1 1 2.5 0.005 93 4 1 4.29829e-12 
-0.26375 1.08999e-08 5.76976e-06 0.0025 1 1 2.5 0.005 94 4 1 4.39364e-12 
-0.26125 3.71518e-09 2.57451e-06 0.0025 1 1 2.5 0.005 95 4 1 2.66719e-12 
-0.25875 8.98343e-10 8.80177e-07 0.0025 1 1 2.5 0.005 96 4 1 1.21434e-12 
-0.25625 7.80043e-11 2.03616e-07 0.0025 1 1 2.5 0.005 97 4 1 4.36844e-13 
-0.25375 -3.67738e-11 -2.40925e-08 0.0025 1 1 2.5 0.005 98 5 1 9.70722e-14 
-0.25125 1.492e-11 -1.7908e-08 0.0025 1 1 2.5 0.005 99 4 1 -1.56376e-14 
-0.24875 2.09437e-11 2.45791e-09 0.0025 1 1 2.5 0.005 100 3 1 -9.10596e-15 
-0.24625 1.23453e-11 4.96618e-09 0.0025 1 1 2.5 0.005 101 4 1 8.32046e-16 
-0.24375 5.04865e-12 3.03731e-09 0.0025 1 1 2.5 0.005 102 4 1 2.16822e-15 
-0.24125 1.44611e-12 1.25948e-09 0.0025 1 1 2.5 0.005 103 4 1 1.40759e-15 
-0.23875 2.03697e-13 3.44471e-10 0.0025 1 1 2.5 0.005 104 4 1 5.84066e-16 
-0.23625 -4.21834e-14 2.4329e-11 0.0025 1 1 2.5 0.005 105 4 1 1.79412e-16 
-0.23375 3.09413e-16 -3.5584e-11 0.0025 1 1 2.5 0.005 106 5 1 2.4869e-18 
-0.23125 2.12961e-14 -1.47793e-11 0.0025 1 1 2.5 0.005 107 3 1 -2.80664e-17 
-0.22875 2.5592e-14 1.98952e-11 0.0025 1 1 2.5 0.005 108 4 1 1.42109e-18 
-0.22625 1.10588e-15 2.95586e-12 0.0025 1 1 2.5 0.005 109 5 1 3.55271e-18 
-0.22375 -2.07178e-16 2.27374e-13 0.0025 1 1 2.5 0.005 110 5 1 7.10543e-19 
-0.22125 -5.18217e-17 -1.7053e-13 0.0025 1 1 2.5 0.005 111 5 1 -1.42109e-18 
-0.21875 -1.022e-47 -3.36312e-44 0.0025 1 1 2.5 0.005 112 5 1 -1.42109e-18 
-0.21625 0 0 0.0025 1 1 2.5 0.005 113 5 1 -1.42109e-18 
-0.21375 0 0 0.0025 1 1 2.5 0.005 114 5 1 -1.42109e-18 
-0.21125 0 0 0.0025 1 1 2.5 0.005 115 5 1 -1.42109e-18 
-0.20875 0 0 0.0025 1 1 2.5 0.005 116 5 1 -1.42109e-18 
-0.20625 0 0 0.0025 1 1 2.5 0.005 117 5 1 -1.42109e-18 
-0.20375 0 0 0.0025 1 1 2.5 0.005 118 5 1 -1.42109e-18 
-0.20125 0 0 0.0025 1 1 2.5 0.005 119 5 1 -1.42109e-18 
-0.19875 0 0 0.0025 1 1 2.5 0.005 120 5 1 -1.42109e-18 
-0.19625 0 0 0.0025 1 1 2.5 0.005 121 5 1 -1.42109e-18 
-0.19375 0 0 0.0025 1 1 2.5 0.005 122 5 1 -1.42109e-18 
-0.19125 0 0 0.0025 1 1 2.5 0.005 123 5 1 -1.42109e-18 
-0.18875 0 0 0.0025 1 1 2.5 0.005 124 5 1 -1.42109e-18 
-0.18625 0 0 0.0025 1 1 2.5 0.005 125 5 1 -1.42109e-18 
-0.18375 0 0 0.0025 1 1 2.5 0.005 126 5 1 -1.42109e-18 
-0.18125 0 0 0.0025 1 1 2.5 0.005 127 5 1 -1.42109e-18 
-0.17875 0 0 0.0025 1 1 2.5 0.005 128 5 1 -1.42109e-18 
-0.17625 0 0 0.0025 1 1 2.5 0.005 129 5 1 -1.42109e-18 
-0.17375 0 0 0.0025 1 1 2.5 0.005 130 5 1 -1.42109e-18 
-0.17125 0 0 0.0025 1 1 2.5 0.005 131 5 1 -1.42109e-18 
-0.16875 0 0 0.0025 1 1 2.5 0.005 132 5 1 -1.42109e-18 
-0.16625 0 0 0.0025 1 1 2.5 0.005 133 5 1 -1.42109e-18 
-0.16375 0 0 0.0025 1 1 2.5 0.005 134 5 1 -1.42109e-18 
-0.16125 0 0 0.0025 1 1 2.5 0.005 135 5 1 -1.42109e-18 
-0.15875 0 0 0.0025 1 1 2.5 0.005 136 5 1 -1.42109e-18 
-0.15625 0 0 0.0025 1 1 2.5 0.005 137 5 1 -1.42109e-18 
-0.15375 0 0 0.0025 1 1 2.5 0.005 138 5 1 -1.42109e-18 
-0.15125 0 0 0.0025 1 1 2.5 0.005 139 5 1 -1.42109e-18 
-0.14875 0 0 0.0025 1 1 2.5 0.005 140 5 1 -1.42109e-18 
-0.14625 0 0 0.0025 1 1 2.5 0.005 141 5 1 -1.42109e-18 
-0.14375 0 0 0.0025 1 1 2.5 0.005 142 5 1 -1.42109e-18 
-0.14125 0 0 0.0025 1 1 2.5 0.005 143 5 1 -1.42109e-18 
-0.13875 0 0 0.0025 1 1 2.5 0.005 144 5 1 -1.42109e-18 
-0.13625 0 0 0.0025 1 1 2.5 0.005 145 5 1 -1.42109e-18 
-0.13375 0 0 0.0025 1 1 2.5 0.005 146 5 1 -1.42109e-18 
-0.13125 0 0 0.0025 1 1 2.5 0.005 147 5 1 -1.42109e-18 
-0.12875 0 0 0.0025 1 1 2.5 0.005 148 5 1 -1.42109e-18 
-0.12625 0 0 0.0025 1 1 2.5 0.005 149 5 1 -1.42109e-18 
-0.12375 0 0 0.0025 1 1 2.5 0.005 150 5 1 -1.42109e-18 
-0.12125 0 0 0.0025 1 1 2.5 0.005 151 5 1 -1.42109e-18 
-0.11875 0 0 0.0025 1 1 2.5 0.005 152 5 1 -1.42109e-18 
-0.11625 0 0 0.0025 1 1 2.5 0.005 153 5 1 -1.42109e-18 
-0.11375 0 0 0.0025 1 1 2.5 0.005 154 5 1 -1.42109e-18 
-0.11125 0 0 0.0025 1 1 2.5 0.005 155 5 1 -1.42109e-18 
-0.10875 0 0 0.0025 1 1 2.5 0.005 156 5 1 -1.42109e-18 
-0.10625 0 0 0.0025 1 1 2.5 0.005 157 5 1 -1.42109e-18 
-0.10375 0 0 0.0025 1 1 2.5 0.005 158 5 1 -1.42109e-18 
-0.10125 0 0 0.0025 1 1 2.5 0.005 159 5 1 -1.42109e-18 
-0.09875 0 0 0.0025 1 1 2.5 0.005 160 5 1 -1.42109e-18 
-0.09625 0 0 0.0025 1 1 2.5 0.005 161 5 1 -1.42109e-18 
-0.09375 0 0 0.0025 1 1 2.5 0.005 162 5 1 -1.42109e-18 
-0.09125 0 0 0.0025 1 1 2.5 0.005 163 5 1 -1.42109e-18 
-0.08875 0 0 0.0025 1 1 2.5 0.005 164 5 1 -1.42109e-18 
-0.08625 0 0 0.0025 1 1 2.5 0.005 165 5 1 -1.42109e-18 
-0.08375 0 0 0.0025 1 1 2.5 0.005 166 5 1 -1.42109e-18 
-0.08125 0 0 0.0025 1 1 2.5 0.005 167 5 1 -1.42109e-18 
-0.07875 -1.12353e-46 -3.36312e-44 0.0025 1 1 2.5 0.005 168 5 1 -1.42109e-18 
-0.07625 -6.90183e-17 -3.36312e-44 0.0025 1 1 2.5 0.005 169 5 1 -1.42109e-18 
-0.07375 -2.06333e-16 2.24208e-44 0.0025 1 1 2.5 0.005 170 5 1 -1.42109e-18 
-0.07125 -3.42826e-16 -7.84727e-44 0.0025 1 1 2.5 0.005 171 5 1 -1.42109e-18 
-0.06875 -7.20505e-16 -4.54747e-13 0.0025 1 1 2.5 0.005 172 5 1 2.46519e-33 
-0.06625 -2.04614e-15 -7.38964e-13 0.0025 1 1 2.5 0.005 173 5 1 -1.42109e-18 
-0.06375 -5.44265e-15 -6.82121e-13 0.0025 1 1 2.5 0.005 174 3 1 -3.90799e-18 
-0.06125 -4.79941e-16 1.98952e-12 0.0025 1 1 2.5 0.005 175 3 1 1.42109e-18 
-0.05875 -1.25139e-15 -3.41061e-13 0.0025 1 1 2.5 0.005 176 5 1 -1.42109e-18 
-0.05625 -1.12334e-15 5.68434e-14 0.0025 1 1 2.5 0.005 177 5 1 -2.13163e-18 
-0.05375 -2.6945e-16 2.27374e-13 0.0025 1 1 2.5 0.005 178 5 1 -1.77636e-18 
-0.05125 -8.98938e-17 -6.72623e-44 0.0025 1 1 2.5 0.005 179 5 1 -1.06581e-18 
-0.04875 -1.12537e-15 -5.68434e-14 0.0025 1 1 2.5 0.005 180 5 1 3.55271e-19 
-0.04625 -1.75058e-15 4.48416e-44 0.0025 1 1 2.5 0.005 181 5 1 -4.26326e-18 
-0.04375 -1.59028e-15 -1.13687e-13 0.0025 1 1 2.5 0.005 182 5 1 3.55271e-19 
-0.04125 -1.82264e-15 -5.68434e-14 0.0025 1 1 2.5 0.005 183 5 1 -4.26326e-18 
-0.03875 -3.83091e-15 -1.13687e-13 0.0025 1 1 2.5 0.005 184 5 1 3.90799e-18 
-0.03625 -8.79286e-16 2.27374e-13 0.0025 1 1 2.5 0.005 185 5 1 -1.20792e-17 
-0.03375 -3.38521e-15 5.68434e-14 0.0025 1 1 2.5 0.005 186 4 1 -1.06581e-18 
-0.03125 -4.04826e-16 -1.13687e-13 0.0025 1 1 2.5 0.005 187 3 1 2.20268e-17 
-0.02875 -2.75883e-15 -5.68434e-14 0.0025 1 1 2.5 0.005 188 4 1 -1.74083e-17 
-0.02625 -1.11031e-15 -2.06271e-42 0.0025 1 1 2.5 0.005 189 5 1 2.13163e-18 
-0.02375 -1.13437e-15 5.68434e-14 0.0025 1 1 2.5 0.005 190 4 1 -7.10543e-19 
-0.02125 -1.89357e-15 -1.13687e-12 0.0025 1 1 2.5 0.005 191 3 1 2.84217e-18 
-0.01875 -2.31151e-15 1.93268e-12 0.0025 1 1 2.5 0.005 192 4 1 -3.19744e-18 
-0.01625 1.24142e-15 -1.13687e-12 0.0025 1 1 2.5 0.005 193 5 1 1.77636e-18 
-0.01375 6.2112e-16 1.7053e-13 0.0025 1 1 2.5 0.005 194 4 1 -1.77636e-18 
-0.01125 7.421e-16 6.31089e-28 0.0025 1 1 2.5 0.005 195 5 1 -1.42109e-18 
-0.00875 8.44795e-16 1.13687e-13 0.0025 1 1 2.5 0.005 196 5 1 -1.42109e-18 
-0.00625 3.90878e-16 -2.84217e-13 0.0025 1 1 2.5 0.005 197 4 1 3.55271e-19 
-0.00375 -2.35043e-16 4.54747e-13 0.0025 1 1 2.5 0.005 198 3 1 0 
-0.00125 -1.04796e-16 3.9443e-29 0.0025 1 1 2.5 0.005 199 5 1 -1.06581e-18 
0.00125 1.13711e-16 -2.84217e-13 0.0025 1 1 2.5 0.005 200 3 1 3.55271e-19 
0.00375 -1.74266e-16 -2.07076e-28 0.0025 1 1 2.5 0.005 201 3 1 7.10543e-19 
0.00625 4.85791e-16 1.13687e-13 0.0025 1 1 2.5 0.005 202 4 1 1.42109e-18 
0.00875 -8.02257e-17 1.13687e-13 0.0025 1 1 2.5 0.005 203 4 1 -1.42109e-18 
0.01125 -9.0692e-17 8.87469e-29 0.0025 1 1 2.5 0.005 204 4 1 2.4869e-18 
0.01375 -9.59681e-16 4.48416e-44 0.0025 1 1 2.5 0.005 205 5 1 -4.26326e-18 
0.01625 -1.79525e-15 -5.68434e-14 0.0025 1 1 2.5 0.005 206 4 1 2.4869e-18 
0.01875 -3.31155e-16 -5.68434e-14 0.0025 1 1 2.5 0.005 207 4 1 -5.32907e-18 
0.02125 -1.54154e-15 -1.13687e-13 0.0025 1 1 2.5 0.005 208 3 1 7.4607e-18 
0.02375 7.20332e-16 1.7053e-13 0.0025 1 1 2.5 0.005 209 3 1 -1.42109e-18 
0.02625 -1.3568e-16 7.95808e-13 0.0025 1 1 2.5 0.005 210 5 1 1.42109e-18 
0.02875 1.33323e-15 -1.59162e-12 0.0025 1 1 2.5 0.005 211 4 1 -5.68434e-18 
0.03125 2.29468e-15 4.54747e-13 0.0025 1 1 2.5 0.005 212 3 1 2.13163e-18 
0.03375 1.49141e-16 1.13687e-13 0.0025 1 1 2.5 0.005 213 4 1 8.17124e-18 
0.03625 -1.71685e-15 -3.97904e-13 0.0025 1 1 2.5 0.005 214 5 1 -1.59872e-17 
0.03875 3.64226e-15 5.68434e-14 0.0025 1 1 2.5 0.005 215 5 1 6.39488e-18 
0.04125 1.20743e-15 -5.68434e-14 0.0025 1 1 2.5 0.005 216 5 1 -6.75016e-18 
0.04375 2.72643e-16 1.7053e-13 0.0025 1 1 2.5 0.005 217 5 1 2.4869e-18 
0.04625 -9.53343e-16 1.56945e-43 0.0025 1 1 2.5 0.005 218 5 1 -4.26326e-18 
0.04875 1.29336e-15 5.68434e-14 0.0025 1 1 2.5 0.005 219 5 1 -7.10543e-19 
0.05125 7.67058e-16 5.68434e-14 0.0025 1 1 2.5 0.005 220 5 1 -2.4869e-18 
0.05375 2.13887e-15 -5.68434e-14 0.0025 1 1 2.5 0.005 221 5 1 -2.4869e-18 
0.05625 -3.23933e-16 -5.68434e-14 0.0025 1 1 2.5 0.005 222 5 1 4.26326e-18 
0.05875 3.38363e-15 1.7053e-13 0.0025 1 1 2.5 0.005 223 5 1 -1.1724e-17 
0.06125 1.918e-15 1.13687e-13 0.0025 1 1 2.5 0.005 224 3 1 4.26326e-18 
0.06375 5.24218e-15 5.68434e-14 0.0025 1 1 2.5 0.005 225 3 1 7.10543e-18 
0.06625 3.2316e-15 5.68434e-14 0.0025 1 1 2.5 0.005 226 5 1 -1.38556e-17 
0.06875 4.54087e-15 5.68434e-14 0.0025 1 1 2.5 0.005 227 5 1 8.88178e-18 
0.07125 3.5288e-15 2.24208e-44 0.0025 1 1 2.5 0.005 228 5 1 -1.10134e-17 
0.07375 2.67581e-15 5.68434e-14 0.0025 1 1 2.5 0.005 229 5 1 8.52651e-18 
0.07625 5.40459e-15 1.13687e-13 0.0025 1 1 2.5 0.005 230 5 1 -1.24345e-17 
0.07875 5.14891e-15 5.68434e-14 0.0025 1 1 2.5 0.005 231 5 1 8.17124e-18 
0.08125 3.36805e-15 1.12104e-43 0.0025 1 1 2.5 0.005 232 5 1 -8.52651e-18 
0.08375 2.69652e-15 -2.24208e-44 0.0025 1 1 2.5 0.005 233 5 1 3.90799e-18 
0.08625 1.38914e-15 1.45735e-43 0.0025 1 1 2.5 0.005 234 5 1 -5.32907e-18 
0.08875 3.15518e-15 -1.12104e-43 0.0025 1 1 2.5 0.005 235 5 1 2.46519e-33 
0.09125 2.73209e-15 -3.36312e-44 0.0025 1 1 2.5 0.005 236 5 1 -3.90799e-18 
0.09375 2.27063e-15 0 0.0025 1 1 2.5 0.005 237 5 1 2.46519e-33 
0.09625 1.64004e-15 0 0.0025 1 1 2.5 0.005 238 5 1 -4.61853e-18 
0.09875 5.79052e-16 1.45735e-43 0.0025 1 1 2.5 0.005 239 5 1 1.42109e-18 
0.10125 2.57924e-15 -1.79366e-43 0.0025 1 1 2.5 0.005 240 5 1 -6.75016e-18 
0.10375 1.40154e-15 -1.12104e-44 0.0025 1 1 2.5 0.005 241 5 1 5.68434e-18 
0.10625 5.6678e-16 -3.36312e-44 0.0025 1 1 2.5 0.005 242 5 1 -1.03029e-17 
0.10875 -1.37786e-15 3.13891e-43 0.0025 1 1 2.5 0.005 243 5 1 9.9476e-18 
0.11125 1.34816e-15 -1.90577e-43 0.0025 1 1 2.5 0.005 244 5 1 -1.66978e-17 
0.11375 -1.34854e-15 1.79366e-43 0.0025 1 1 2.5 0.005 245 5 1 1.74083e-17 
0.11625 3.07538e-15 -5.68434e-14 0.0025 1 1 2.5 0.005 246 5 1 -2.41585e-17 
0.11875 1.34699e-15 1.7053e-13 0.0025 1 1 2.5 0.005 247 5 1 2.30926e-17 
0.12125 1.23066e-15 5.68434e-14 0.0025 1 1 2.5 0.005 248 5 1 -2.94875e-17 
0.12375 -4.08741e-16 -1.13687e-13 0.0025 1 1 2.5 0.005 249 3 1 1.49214e-17 
0.12625 4.32213e-15 7.14905e-27 0.0025 1 1 2.5 0.005 250 3 1 1.42109e-17 
0.12875 1.60176e-15 1.13687e-13 0.0025 1 1 2.5 0.005 251 5 1 -2.70006e-17 
0.13125 2.22323e-15 -3.9443e-29 0.0025 1 1 2.5 0.005 252 5 1 1.91847e-17 
0.13375 -2.76506e-16 3.13891e-43 0.0025 1 1 2.5 0.005 253 5 1 -1.77636e-17 
0.13625 3.12248e-15 -2.8026e-43 0.0025 1 1 2.5 0.005 254 5 1 1.03029e-17 
0.13875 1.58713e-15 1.13687e-13 0.0025 1 1 2.5 0.005 255 5 1 -1.13687e-17 
0.14125 1.40381e-15 -1.12104e-43 0.0025 1 1 2.5 0.005 256 5 1 4.9738e-18 
0.14375 -1.56198e-16 6.72623e-44 0.0025 1 1 2.5 0.005 257 5 1 -6.75016e-18 
0.14625 -1.31216e-15 -5.68434e-14 0.0025 1 1 2.5 0.005 258 5 1 4.26326e-18 
0.14875 -2.15111e-15 5.68434e-14 0.0025 1 1 2.5 0.005 259 5 1 -6.75016e-18 
0.15125 -1.76086e-15 -3.36312e-44 0.0025 1 1 2.5 0.005 260 5 1 1.42109e-18 
0.15375 -2.45079e-15 8.96831e-44 0.0025 1 1 2.5 0.005 261 5 1 -4.9738e-18 
0.15625 -7.49147e-16 -5.68434e-14 0.0025 1 1 2.5 0.005 262 5 1 2.46519e-33 
0.15875 -1.38232e-15 5.68434e-14 0.0025 1 1 2.5 0.005 263 5 1 -2.84217e-18 
0.16125 -1.82283e-15 1.12104e-44 0.0025 1 1 2.5 0.005 264 5 1 -7.10543e-19 
0.16375 -2.12318e-15 0 0.0025 1 1 2.5 0.005 265 5 1 -2.84217e-18 
0.16625 -2.44415e-15 -2.24208e-44 0.0025 1 1 2.5 0.005 266 5 1 -7.10543e-19 
0.16875 -2.90526e-15 -5.68434e-14 0.0025 1 1 2.5 0.005 267 5 1 -2.84217e-18 
0.17125 -3.0345e-15 3.41061e-13 0.0025 1 1 2.5 0.005 268 5 1 -3.55271e-18 
0.17375 -3.30404e-15 4.54747e-13 0.0025 1 1 2.5 0.005 269 5 1 -3.55271e-19 
0.17625 8.74001e-16 -1.7053e-13 0.0025 1 1 2.5 0.005 270 5 1 -1.06581e-18 
0.17875 4.1137e-16 -3.36312e-44 0.0025 1 1 2.5 0.005 271 5 1 -2.13163e-18 
0.18125 -1.45972e-16 5.68434e-14 0.0025 1 1 2.5 0.005 272 5 1 -2.13163e-18 
0.18375 -3.49908e-16 -5.68434e-14 0.0025 1 1 2.5 0.005 273 5 1 -2.13163e-18 
0.18625 1.63607e-15 1.7053e-13 0.0025 1 1 2.5 0.005 274 5 1 -3.90799e-18 
0.18875 7.77559e-16 5.68434e-14 0.0025 1 1 2.5 0.005 275 5 1 1.06581e-18 
0.19125 -2.26209e-16 1.13687e-13 0.0025 1 1 2.5 0.005 276 5 1 -3.90799e-18 
0.19375 -1.16884e-16 1.13687e-13 0.0025 1 1 2.5 0.005 277 5 1 2.46519e-33 
0.19625 -7.04659e-16 -5.11591e-13 0.0025 1 1 2.5 0.005 278 5 1 7.10543e-19 
0.19875 3.34945e-16 -6.25278e-13 0.0025 1 1 2.5 0.005 279 5 1 -3.55271e-18 
0.20125 2.73922e-15 -5.68434e-14 0.0025 1 1 2.5 0.005 280 5 1 -3.19744e-18 
0.20375 1.84229e-15 3.36312e-44 0.0025 1 1 2.5 0.005 281 5 1 2.46519e-33 
0.20625 1.7254e-15 -7.84727e-44 0.0025 1 1 2.5 0.005 282 5 1 -5.68434e-18 
0.20875 8.17679e-16 2.24208e-44 0.0025 1 1 2.5 0.005 283 5 1 2.84217e-18 
0.21125 2.04983e-16 -5.68434e-14 0.0025 1 1 2.5 0.005 284 5 1 -6.75016e-18 
0.21375 -6.38063e-16 -1.12104e-44 0.0025 1 1 2.5 0.005 285 5 1 3.55271e-18 
0.21625 -1.63225e-15 -4.48416e-44 0.0025 1 1 2.5 0.005 286 5 1 -7.4607e-18 
0.21875 -4.10859e-15 -5.68434e-14 0.0025 1 1 2.5 0.005 287 5 1 7.81597e-18 
0.22125 -1.23317e-16 2.84217e-13 0.0025 1 1 2.5 0.005 288 5 1 -1.56319e-17 
0.22375 -1.748e-15 5.11591e-13 0.0025 1 1 2.5 0.005 289 5 1 1.66978e-17 
0.22625 1.99219e-15 -3.29692e-12 0.0025 1 1 2.5 0.005 290 5 1 -1.13687e-17 
0.22875 -1.64225e-14 -1.66551e-11 0.0025 1 1 2.5 0.005 291 4 1 1.49214e-17 
0.23125 -2.87685e-14 1.17097e-11 0.0025 1 1 2.5 0.005 292 3 1 -3.73035e-17 
0.23375 1.14447e-14 2.54659e-11 0.0025 1 1 2.5 0.005 293 4 1 2.02505e-17 
0.23625 3.88995e-14 -7.90124e-12 0.0025 1 1 2.5 0.005 294 5 1 1.42109e-16 
0.23875 -2.04405e-13 -3.49985e-10 0.0025 1 1 2.5 0.005 295 4 1 6.39844e-16 
0.24125 -1.44899e-12 -1.26431e-09 0.0025 1 1 2.5 0.005 296 4 1 1.33689e-15 
0.24375 -5.0371e-12 -3.03413e-09 0.0025 1 1 2.5 0.005 297 4 1 2.24567e-15 
0.24625 -1.23544e-11 -4.96993e-09 0.0025 1 1 2.5 0.005 298 4 1 7.72005e-16 
0.24875 -2.09318e-11 -2.44745e-09 0.0025 1 1 2.5 0.005 299 3 1 -9.08926e-15 
0.25125 -1.49444e-11 1.78974e-08 0.0025 1 1 2.5 0.005 300 4 1 -1.55897e-14 
0.25375 3.67848e-11 2.40813e-08 0.0025 1 1 2.5 0.005 301 5 1 9.69766e-14 
0.25625 -7.80288e-11 -2.03592e-07 0.0025 1 1 2.5 0.005 302 4 1 4.36888e-13 
0.25875 -8.98322e-10 -8.80183e-07 0.0025 1 1 2.5 0.005 303 4 1 1.21436e-12 
0.26125 -3.71518e-09 -2.57452e-06 0.0025 1 1 2.5 0.005 304 4 1 2.6672e-12 
0.26375 -1.08998e-08 -5.76976e-06 0.0025 1 1 2.5 0.005 305 4 1 4.39359e-12 
0.26625 -2.52719e-08 -1.0032e-05 0.0025 1 1 2.5 0.005 306 4 1 4.29832e-12 
0.26875 -4.65755e-08 -1.12298e-05 0.0025 1 1 2.5 0.005 307 4 1 -3.69295e-12 
0.27125 -6.14333e-08 1.77908e-06 0.0025 1 1 2.5 0.005 308 3 1 -3.43248e-11 
0.27375 -1.77227e-08 6.61432e-05 0.0025 1 1 2.5 0.005 309 5 1 1.3755e-11 
0.27625 5.78417e-08 -5.20103e-05 0.0025 1 1 2.5 0.005 310 4 1 3.5005e-10 
0.27875 -4.63041e-07 -0.000653961 0.0025 1 1 2.5 0.005 311 4 1 1.28224e-09 
0.28125 -2.98442e-06 -0.00254378 0.0025 1 1 2.5 0.00499999 312 4 1 3.65165e-09 
0.28375 -1.13043e-05 -0.00753723 0.0025 1.00001 1.00001 2.50001 0.00499995 313 4 1 9.05926e-09 
0.28625 -3.39815e-05 -0.0191287 0.0025 1.00003 1.00004 2.50003 0.00499986 314 4 1 2.01313e-08 
0.28875 -8.84424e-05 -0.0434834 0.0025 1.00007 1.0001 2.50007 0.00499965 315 4 1 4.10137e-08 
0.29125 -0.00020725 -0.0905802 0.0025 1.00016 1.00023 2.50016 0.00499918 316 4 1 7.76029e-08 
0.293749 -0.000446623 -0.175148 0.0025 1.00035 1.0005 2.50035 0.00499825 317 4 1 1.37455e-07 
0.296248 -0.00089635 -0.31669 0.0025 1.0007 1.00099 2.5007 0.00499649 318 4 1 2.28956e-07 
0.298746 -0.0016884 -0.537399 0.0025 1.00132 1.00187 2.50131 0.0049934 319 4 1 3.59135e-07 
0.301241 -0.00299877 -0.856448 0.0025 1.00235 1.00331 2.50233 0.0049883 320 4 1 5.29204e-07 
0.303734 -0.0050342 -1.27951 0.0025 1.00394 1.00555 2.50392 0.00498037 321 4 1 7.26957e-07 
0.306222 -0.00799427 -1.78451 0.0025 1.00628 1.00884 2.50625 0.00496882 322 4 1 9.16879e-07 
0.308703 -0.0120053 -2.30931 0.0025 1.00946 1.01332 2.50943 0.00495313 323 4 1 1.03393e-06 
0.311175 -0.0170366 -2.74988 0.0025 1.0135 1.019 2.51347 0.00493338 324 4 1 9.91282e-07 
0.313636 -0.0228295 -2.97949 0.0025 1.01823 1.02566 2.51818 0.00491047 325 4 1 7.10064e-07 
0.316085 -0.0288732 -2.87654 0.0025 1.02327 1.03275 2.52318 0.0048863 326 4 1 1.45152e-07 
0.318522 -0.0344322 -2.35014 0.0025 1.02802 1.03944 2.5279 0.00486371 327 4 1 -7.58697e-07 
0.320949 -0.0385365 -1.24675 0.0025 1.03161 1.04445 2.53146 0.00484679 328 4 1 -2.36646e-06 
0.323369 -0.0395816 1.06898 0.0025 1.03217 1.04512 2.5321 0.00484415 329 3 1 -5.16618e-06 
0.325793 -0.0324664 6.34267 0.0025 1.02689 1.03787 2.52688 0.00486907 330 4 1 -1.46508e-06 
0.328238 -0.0217452 2.26236 0.0025 1.02012 1.0285 2.51999 0.00490138 331 4 1 5.15919e-06 
0.330695 -0.0219357 -0.873904 0.0025 1.0174 1.0243 2.51738 0.00491451 332 4 1 -2.0155e-06 
0.333153 -0.0168797 6.23782 0.0025 1.01166 1.01609 2.51198 0.00494237 333 4 1 -7.72887e-06 
0.335637 0.00243625 11.1718 0.0025 0.997792 0.99705 2.49804 0.00501106 334 4 1 2.16063e-06 
0.338164 0.0213804 6.4267 0.0025 0.983438 0.977162 2.48336 0.0050842 335 4 1 8.83661e-06 
0.340721 0.0312131 3.37361 0.0025 0.973734 0.963449 2.4736 0.00513487 336 4 1 2.16442e-06 
0.343299 0.0416983 6.14838 0.0025 0.964221 0.950211 2.46405 0.00518553 337 4 1 -1.51269e-06 
0.345907 0.0578122 8.00136 0.0025 0.951754 0.933182 2.45123 0.00525346 338 4 1 1.9383e-06 
0.348553 0.0748946 7.09463 0.0025 0.938462 0.915044 2.43742 0.00532787 339 4 1 4.40698e-06 
0.351235 0.0900955 6.32157 0.0025 0.926053 0.89811 2.42448 0.00539926 340 4 1 3.32911e-06 
0.353953 0.105227 6.63812 0.0025 0.913879 0.8816 2.41172 0.00547118 341 4 1 2.3922e-06 
0.356707 0.121522 7.06521 0.0025 0.901183 0.864521 2.39827 0.00554827 342 4 1 2.93987e-06 
0.359501 0.138503 6.95428 0.0025 0.88819 0.847138 2.38437 0.00562943 343 4 1 3.60708e-06 
0.362337 0.155375 6.80258 0.0025 0.875267 0.829929 2.37043 0.00571254 344 4 1 3.57197e-06 
0.365214 0.172417 6.84355 0.0025 0.862336 0.812811 2.35638 0.00579821 345 4 1 3.46261e-06 
0.368135 0.190037 6.94764 0.0025 0.849236 0.795584 2.342 0.00588765 346 4 1 3.68739e-06 
0.371102 0.207983 6.89517 0.0025 0.83602 0.778313 2.32735 0.00598072 347 4 1 3.97532e-06 
0.374116 0.226124 6.84651 0.0025 0.822785 0.761116 2.31255 0.00607692 348 4 1 4.00798e-06 
0.377179 0.244611 6.90828 0.0025 0.809458 0.743918 2.29751 0.00617697 349 4 1 4.1379e-06 
0.380294 0.263639 6.87048 0.0025 0.796034 0.726709 2.28219 0.00628114 350 4 1 4.38687e-06 
0.383461 0.282824 6.84456 0.0025 0.782567 0.709558 2.26668 0.00638923 351 4 1 4.49609e-06 
0.386683 0.302516 6.85356 0.0025 0.769027 0.692433 2.25092 0.00650173 352 4 1 4.65821e-06 
0.389963 0.322516 6.83312 0.0025 0.75541 0.675335 2.2349 0.00661892 353 4 1 4.88157e-06 
0.393303 0.342937 6.79822 0.0025 0.74175 0.658304 2.21865 0.00674082 354 4 1 5.05814e-06 
0.396705 0.363617 6.78314 0.0025 0.728052 0.641354 2.20218 0.00686764 355 4 1 5.29513e-06 
0.400171 0.384702 6.68577 0.0025 0.714379 0.624563 2.18555 0.00699909 356 4 1 5.54746e-06 
0.403704 0.405865 6.57771 0.0025 0.700825 0.608045 2.16887 0.00713445 357 4 1 5.74972e-06 
0.407306 0.427112 6.36614 0.0025 0.687513 0.591949 2.1523 0.00727259 358 4 1 5.94743e-06 
0.410978 0.447908 6.0709 0.0025 0.674627 0.576484 2.13608 0.0074115 359 4 1 5.99093e-06 
0.414719 0.468069 5.67126 0.0025 0.662348 0.561855 2.12045 0.0075489 360 4 1 5.83042e-06 
0.418527 0.487133 5.23212 0.0025 0.650802 0.548186 2.10559 0.00768283 361 4 1 5.32822e-06 
0.422402 0.505283 4.90642 0.0025 0.639908 0.535367 2.09143 0.00781363 362 4 1 4.56615e-06 
0.426342 0.523001 4.81633 0.0025 0.629334 0.523002 2.07755 0.00794491 363 4 1 3.79473e-06 
0.430348 0.541394 5.05958 0.0025 0.618562 0.5105 2.06327 0.00808326 364 4 1 3.5267e-06 
0.434425 0.561267 5.39748 0.0025 0.607208 0.497438 2.04806 0.00823441 365 4 1 4.10316e-06 
0.438583 0.582683 5.62906 0.0025 0.595296 0.483859 2.0319 0.00839918 366 4 1 5.29548e-06 
0.442826 0.604794 5.49495 0.0025 0.583298 0.470303 2.01542 0.00857195 367 4 1 6.62433e-06 
0.447156 0.625961 4.91003 0.0025 0.572033 0.457679 1.99976 0.00874075 368 4 1 7.37279e-06 
0.451567 0.644334 3.87157 0.0025 0.562426 0.446988 1.98626 0.00889006 369 4 1 7.198e-06 
0.456046 0.657885 2.46221 0.0025 0.5553 0.439081 1.97615 0.00900415 370 4 1 5.72465e-06 
0.460572 0.665912 1.28485 0.0025 0.550822 0.434091 1.96978 0.00907735 371 4 1 3.26636e-06 
0.465124 0.67034 0.812932 0.0025 0.548169 0.431118 1.966 0.00912128 372 4 1 1.2617e-06 
0.469693 0.673895 0.798152 0.0025 0.546271 0.429029 1.9633 0.00915296 373 4 1 9.37212e-07 
0.474277 0.676653 0.3238 0.0025 0.545016 0.427666 1.9615 0.00917404 374 4 1 1.21403e-06 
0.478867 0.676732 -0.138512 0.0025 0.544677 0.427272 1.96104 0.00917975 375 5 1 4.90626e-07 
0.483456 0.676554 -0.0203473 0.0025 0.544739 0.427327 1.96115 0.0091787 376 4 1 -1.50995e-09 
0.488046 0.676377 -0.0638754 0.0025 0.544811 0.427412 1.96127 0.0091775 377 4 1 7.56837e-08 
0.492634 0.676097 -0.0732395 0.0025 0.54494 0.427557 1.96148 0.00917532 378 4 1 2.6025e-08 
0.497221 0.67579 -0.0694494 0.0025 0.545089 0.427725 1.96172 0.00917281 379 4 1 4.51406e-10 
0.501807 0.67549 -0.0632345 0.0025 0.545237 0.427893 1.96196 0.00917033 380 4 1 -8.38444e-09 
0.506391 0.675217 -0.0561796 0.0025 0.545374 0.42805 1.96219 0.00916803 381 4 1 -1.76125e-08 
0.510975 0.674979 -0.0495476 0.0025 0.545496 0.428191 1.9624 0.00916597 382 4 1 -1.67204e-08 
0.515557 0.674773 -0.0431993 0.0025 0.545602 0.428315 1.96258 0.00916418 383 4 1 -1.25223e-08 
0.520139 0.674591 -0.037394 0.0025 0.545693 0.428423 1.96275 0.00916266 384 4 1 -1.61585e-08 
0.52472 0.674429 -0.0327853 0.0025 0.545771 0.428517 1.9629 0.00916135 385 4 1 -9.4728e-09 
0.5293 0.674288 -0.0292567 0.0025 0.545838 0.428601 1.96304 0.00916022 386 4 1 -6.57621e-09 
0.53388 0.674164 -0.0259941 0.0025 0.545896 0.428675 1.96317 0.00915925 387 4 1 -6.83366e-09 
0.53846 0.674055 -0.0226926 0.0025 0.545945 0.428739 1.96329 0.00915844 388 4 1 -4.01796e-09 
0.543039 0.673958 -0.0197891 0.0025 0.545985 0.428796 1.96341 0.00915776 389 4 1 -9.46577e-09 
0.547617 0.673873 -0.0175598 0.0025 0.546019 0.428846 1.96351 0.00915719 390 4 1 -5.54215e-10 
0.552196 0.673798 -0.0157257 0.0025 0.546047 0.428891 1.96362 0.00915673 391 4 1 -6.41975e-10 
0.556774 0.673731 -0.013987 0.0025 0.546068 0.428931 1.96372 0.00915637 392 4 1 3.39235e-09 
0.561352 0.673672 -0.0123976 0.0025 0.546086 0.428968 1.96383 0.00915606 393 4 1 -7.59902e-09 
0.56593 0.673619 -0.0110953 0.0025 0.546091 0.429001 1.96393 0.00915598 394 4 1 1.40334e-07 
0.570508 0.673572 -0.0100173 0.0025 0.546106 0.429058 1.9642 0.00915573 395 3 1 -1.41525e-07 
0.575086 0.67353 -0.00902212 0.0025 0.545731 0.428928 1.9643 0.00916203 396 5 1 3.48763e-06 
0.57967 0.673492 -0.0080832 0.0025 0.548015 0.430614 1.96818 0.00912383 397 3 1 -1.9062e-05 
0.58421 0.673458 -0.00724785 0.0025 0.536707 0.425967 1.94975 0.00931607 398 4 1 0.000179214 
0.588993 0.673425 -0.00645415 0.0025 0.510874 0.432517 2.1522 0.00978715 399 4 1 -0.00013424 
0.594004 0.673393 -0.00566129 0.0025 0.482649 0.42431 2.15521 0.0103595 400 4 1 0.000266025 
0.599366 0.673361 -0.00484351 0.0025 0.454184 0.432762 2.44388 0.0110088 401 4 1 -0.000240412 
0.605023 0.673329 -0.00406999 0.0025 0.446897 0.427111 2.37999 0.0111883 402 5 1 5.37932e-05 
0.610556 0.6733 -0.00342645 0.0025 0.452334 0.429491 2.37439 0.0110538 403 4 1 -3.01356e-06 
0.616077 0.673272 -0.00284852 0.0025 0.453522 0.42917 2.36501 0.0110248 404 4 1 3.91075e-06 
0.621581 0.673245 -0.00226705 0.0025 0.454607 0.429235 2.36023 0.0109985 405 4 1 1.26882e-06 
0.627075 0.673218 -0.00157401 0.0025 0.455233 0.429213 2.35694 0.0109834 406 4 1 8.386e-07 
0.632564 0.67319 -0.000579075 0.0025 0.455678 0.429202 2.35464 0.0109727 407 4 1 5.36147e-07 
0.638048 0.673156 0.00113272 0.0025 0.455995 0.429189 2.35297 0.010965 408 4 1 3.31516e-07 
0.643529 0.673109 0.0046115 0.0025 0.456221 0.429166 2.3517 0.0109596 409 4 1 2.06219e-07 
0.649008 0.673028 0.0124368 0.0025 0.456369 0.429112 2.35067 0.0109561 410 4 1 8.08691e-08 
0.654485 0.672864 0.0311326 0.0025 0.45642 0.428984 2.34974 0.0109548 411 3 1 -1.00246e-07 
0.659963 0.672495 0.076707 0.0025 0.456306 0.428672 2.34869 0.0109576 412 4 1 -4.54912e-07 
0.665443 0.671621 0.187355 0.0025 0.455846 0.427921 2.34709 0.0109686 413 4 1 -1.21049e-06 
0.670931 0.669555 0.446175 0.0025 0.454612 0.426148 2.34402 0.0109984 414 4 1 -2.7845e-06 
0.676441 0.66468 1.05574 0.0025 0.451671 0.422111 2.3375 0.01107 415 4 1 -5.4781e-06 
0.682001 0.653857 2.2515 0.0025 0.445285 0.413527 2.32381 0.0112288 416 4 1 -9.42575e-06 
0.687671 0.630562 4.94321 0.0025 0.432354 0.396548 2.29589 0.0115646 417 4 1 -9.03302e-06 
0.693571 0.584221 8.87575 0.0025 0.409686 0.367322 2.24509 0.0122045 418 4 1 2.43057e-06 
0.699892 0.500732 17.2422 0.0025 0.373427 0.322173 2.15732 0.0133895 419 4 1 4.63639e-05 
0.707019 0.339656 29.7294 0.0025 0.324864 0.264658 2.02569 0.0153911 420 4 1 0.000168337 
0.715427 0.138817 26.2894 0.0025 0.280476 0.214051 1.89131 0.0178268 421 4 1 0.000264179 
0.724967 0.0181521 9.50409 0.0025 0.256194 0.186985 1.8141 0.0195165 422 4 1 0.00015154 
0.734968 -0.00757056 -0.0803461 0.0025 0.249586 0.179414 1.79381 0.0200332 423 4 1 2.77245e-05 
0.745 -0.00163002 -0.701067 0.0025 0.249568 0.179086 1.79376 0.0200346 424 5 1 1.01478e-06 
0.755002 0.000252715 -0.0315037 0.0025 0.249994 0.179475 1.79498 0.0200005 425 4 1 -9.44558e-07 
0.765001 0.000171336 0.0248073 0.0025 0.250028 0.179526 1.79508 0.0199978 426 3 1 -1.21052e-07 
0.775 4.61878e-05 0.0112251 0.0025 0.25001 0.179511 1.79503 0.0199992 427 4 1 2.41688e-08 
0.785 6.19143e-06 0.00242244 0.0025 0.250002 0.179502 1.79501 0.0199998 428 4 1 1.52489e-08 
0.795 -5.25608e-07 0.000194469 0.0025 0.25 0.1795 1.795 0.02 429 4 1 3.94122e-09 
0.805 -3.34502e-07 -0.000101715 0.0025 0.25 0.1795 1.795 0.02 430 5 1 4.4958e-10 
0.815 3.17764e-09 -1.32344e-05 0.0025 0.25 0.1795 1.795 0.02 431 4 1 -9.70522e-11 
0.825 1.78073e-08 1.99416e-06 0.0025 0.25 0.1795 1.795 0.02 432 3 1 -2.74991e-11 
0.835 5.86522e-09 1.32419e-06 0.0025 0.25 0.1795 1.795 0.02 433 4 1 8.72475e-13 
0.845 9.54339e-10 3.30451e-07 0.0025 0.25 0.1795 1.795 0.02 434 4 1 1.59755e-12 
0.855 1.47842e-12 3.8134e-08 0.0025 0.25 0.1795 1.795 0.02 435 4 1 4.89986e-13 
0.865 -3.9675e-11 -8.5507e-09 0.0025 0.25 0.1795 1.795 0.02 436 5 1 7.22768e-14 
0.875 -2.43583e-12 -2.10265e-09 0.0025 0.25 0.1795 1.795 0.02 437 4 1 -5.31468e-15 
0.885 1.35136e-12 1.08514e-10 0.0025 0.25 0.1795 1.795 0.02 438 3 1 -3.43867e-15 
0.895 5.16342e-13 1.13431e-10 0.0025 0.25 0.1795 1.795 0.02 439 4 1 -1.06581e-16 
0.905 8.70536e-14 3.48024e-11 0.0025 0.25 0.1795 1.795 0.02 440 4 1 1.18305e-16 
0.915 -3.07767e-15 1.29319e-12 0.0025 0.25 0.1795 1.795 0.02 441 5 1 4.28102e-17 
0.925 -4.08316e-15 -3.97904e-13 0.0025 0.25 0.1795 1.795 0.02 442 5 1 3.37508e-18 
0.935 -4.72262e-15 -1.84741e-13 0.0025 0.25 0.1795 1.795 0.02 443 5 1 -7.10543e-19 
0.945 3.13698e-15 3.41061e-13 0.0025 0.25 0.1795 1.795 0.02 444 5 1 -1.45661e-17 
0.955 -9.36271e-16 3.55271e-13 0.0025 0.25 0.1795 1.795 0.02 445 5 1 1.84741e-17 
0.965 5.07553e-15 -1.27898e-13 0.0025 0.25 0.1795 1.795 0.02 446 5 1 -1.59872e-17 
0.975 9.86951e-16 -1.13687e-13 0.0025 0.25 0.1795 1.795 0.02 447 5 1 2.02505e-17 
0.985 6.76278e-16 -9.9476e-14 0.0025 0.25 0.1795 1.795 0.02 448 5 1 -3.14415e-17 
0.995 -6.32833e-15 -8.52651e-14 0.0025 0.25 0.1795 1.795 0.02 449 4 1 1.7053e-17 
1.005 6.19442e-15 7.10543e-14 0.0025 0.25 0.1795 1.795 0.02 450 4 1 1.7053e-17 
1.015 -7.79452e-16 5.68434e-14 0.0025 0.25 0.1795 1.795 0.02 451 5 1 -3.12639e-17 
1.025 -1.07587e-15 1.13687e-13 0.0025 0.25 0.1795 1.795 0.02 452 5 1 2.02505e-17 
1.035 -4.92867e-15 1.42109e-13 0.0025 0.25 0.1795 1.795 0.02 453 5 1 -1.65201e-17 
1.045 1.80573e-15 -3.2685e-13 0.0025 0.25 0.1795 1.795 0.02 454 5 1 1.84741e-17 
1.055 -2.5363e-15 -3.12639e-13 0.0025 0.25 0.1795 1.795 0.02 455 5 1 -1.42109e-17 
1.065 4.62789e-15 1.56319e-13 0.0025 0.25 0.1795 1.795 0.02 456 5 1 -7.10543e-19 
1.075 3.97124e-15 4.54747e-13 0.0025 0.25 0.1795 1.795 0.02 457 5 1 2.13163e-18 
1.085 4.05775e-15 -1.22213e-12 0.0025 0.25 0.1795 1.795 0.02 458 5 1 4.22773e-17 
1.095 -8.08238e-14 -3.37366e-11 0.0025 0.25 0.1795 1.795 0.02 459 4 1 1.20259e-16 
1.105 -5.17366e-13 -1.15563e-10 0.0025 0.25 0.1795 1.795 0.02 460 4 1 -1.12443e-16 
1.115 -1.3394e-12 -1.04023e-10 0.0025 0.25 0.1795 1.795 0.02 461 3 1 -3.40439e-15 
1.125 2.46281e-12 2.09485e-09 0.0025 0.25 0.1795 1.795 0.02 462 4 1 -5.37206e-15 
1.135 3.95899e-11 8.56673e-09 0.0025 0.25 0.1795 1.795 0.02 463 5 1 7.22835e-14 
1.145 -1.42787e-12 -3.81487e-08 0.0025 0.25 0.1795 1.795 0.02 464 4 1 4.9007e-13 
1.155 -9.54357e-10 -3.30451e-07 0.0025 0.25 0.1795 1.795 0.02 465 4 1 1.59748e-12 
1.165 -5.8652e-09 -1.32419e-06 0.0025 0.25 0.1795 1.795 0.02 466 4 1 8.72469e-13 
1.175 -1.78073e-08 -1.99416e-06 0.0025 0.25 0.1795 1.795 0.02 467 3 1 -2.7499e-11 
1.185 -3.17763e-09 1.32344e-05 0.0025 0.25 0.1795 1.795 0.02 468 4 1 -9.70522e-11 
1.195 3.34502e-07 0.000101715 0.0025 0.25 0.1795 1.795 0.02 469 5 1 4.49581e-10 
1.205 5.25608e-07 -0.000194469 0.0025 0.25 0.1795 1.795 0.02 470 4 1 3.94122e-09 
1.215 -6.19143e-06 -0.00242244 0.0025 0.250002 0.179502 1.79501 0.0199998 471 4 1 1.52489e-08 
1.225 -4.61878e-05 -0.0112251 0.0025 0.25001 0.179511 1.79503 0.0199992 472 4 1 2.41688e-08 
1.235 -0.000171336 -0.0248073 0.0025 0.250028 0.179526 1.79508 0.0199978 473 3 1 -1.21052e-07 
1.245 -0.000252715 0.0315037 0.0025 0.249994 0.179475 1.79498 0.0200005 474 4 1 -9.44558e-07 
1.255 0.00163002 0.701067 0.0025 0.249568 0.179086 1.79376 0.0200346 475 5 1 1.01478e-06 
1.26503 0.00757056 0.0803461 0.0025 0.249586 0.179414 1.79381 0.0200332 476 4 1 2.77245e-05 
1.27503 -0.0181521 -9.50409 0.0025 0.256194 0.186985 1.8141 0.0195165 477 4 1 0.00015154 
1.28457 -0.138817 -26.2894 0.0025 0.280476 0.214051 1.89131 0.0178268 478 4 1 0.000264179 
1.29298 -0.339656 -29.7294 0.0025 0.324864 0.264658 2.02569 0.0153911 479 4 1 0.000168337 
1.30011 -0.500732 -17.2422 0.0025 0.373427 0.322173 2.15732 0.0133895 480 4 1 4.63639e-05 
1.30643 -0.584221 -8.87575 0.0025 0.409686 0.367322 2.24509 0.0122045 481 4 1 2.43057e-06 
1.31233 -0.630562 -4.94321 0.0025 0.432354 0.396548 2.29589 0.0115646 482 4 1 -9.03302e-06 
1.318 -0.653857 -2.2515 0.0025 0.445285 0.413527 2.32381 0.0112288 483 4 1 -9.42575e-06 
1.32356 -0.66468 -1.05574 0.0025 0.451671 0.422111 2.3375 0.01107 484 4 1 -5.4781e-06 
1.32907 -0.669555 -0.446175 0.0025 0.454612 0.426148 2.34402 0.0109984 485 4 1 -2.7845e-06 
1.33456 -0.671621 -0.187355 0.0025 0.455846 0.427921 2.34709 0.0109686 486 4 1 -1.21049e-06 
1.34004 -0.672495 -0.076707 0.0025 0.456306 0.428672 2.34869 0.0109576 487 4 1 -4.54912e-07 
1.34551 -0.672864 -0.0311326 0.0025 0.45642 0.428984 2.34974 0.0109548 488 3 1 -1.00246e-07 
1.35099 -0.673028 -0.0124368 0.0025 0.456369 0.429112 2.35067 0.0109561 489 4 1 8.08691e-08 
1.35647 -0.673109 -0.0046115 0.0025 0.456221 0.429166 2.3517 0.0109596 490 4 1 2.06219e-07 
1.36195 -0.673156 -0.00113272 0.0025 0.455995 0.429189 2.35297 0.010965 491 4 1 3.31516e-07 
1.36744 -0.67319 0.000579075 0.0025 0.455678 0.429202 2.35464 0.0109727 492 4 1 5.36147e-07 
1.37292 -0.673218 0.00157401 0.0025 0.455233 0.429213 2.35694 0.0109834 493 4 1 8.386e-07 
1.37842 -0.673245 0.00226705 0.0025 0.454607 0.429235 2.36023 0.0109985 494 4 1 1.26882e-06 
1.38392 -0.673272 0.00284852 0.0025 0.453522 0.42917 2.36501 0.0110248 495 4 1 3.91075e-06 
1.38944 -0.6733 0.00342645 0.0025 0.452334 0.429491 2.37439 0.0110538 496 4 1 -3.01356e-06 
1.39498 -0.673329 0.00406999 0.0025 0.446897 0.427111 2.37999 0.0111883 497 5 1 5.37932e-05 
1.40063 -0.673361 0.00484351 0.0025 0.454184 0.432762 2.44388 0.0110088 498 4 1 -0.000240412 
1.406 -0.673393 0.00566129 0.0025 0.482649 0.42431 2.15521 0.0103595 499 4 1 0.000266025 
