# Time [s]: 0.141626
# Columns: pos [m], vel [m/s], acc [m/s^2], mass [kg], dens [kg/m^3], pres [Pa], ene [J/kg], sml [m], id, neighbor, alpha, gradh, ...additional?
1.40691 -0.673388 0.00576452 0.0025 0.510893 0.43254 2.15224 0.00978679 0 4 1 -0.000134238 
1.41169 -0.673416 0.00642534 0.0025 0.536729 0.425991 1.94978 0.00931569 1 4 1 0.000179219 
1.41623 -0.673446 0.00708656 0.0025 0.54804 0.430641 1.96822 0.00912343 2 3 1 -1.90613e-05 
1.42082 -0.673479 0.00779247 0.0025 0.545758 0.428958 1.96434 0.00916158 3 5 1 3.48764e-06 
1.4254 -0.673515 0.00859699 0.0025 0.546136 0.429091 1.96424 0.00915523 4 3 1 -1.41012e-07 
1.42997 -0.673556 0.00957657 0.0025 0.546125 0.429038 1.96398 0.00915541 5 4 1 1.40756e-07 
1.43455 -0.673602 0.0107111 0.0025 0.546124 0.42901 1.96389 0.00915543 6 4 1 -6.95407e-09 
1.43913 -0.673652 0.0119252 0.0025 0.54611 0.428978 1.96378 0.00915566 7 4 1 4.41077e-09 
1.44371 -0.67371 0.0132797 0.0025 0.546094 0.428944 1.96369 0.00915593 8 4 1 3.74566e-10 
1.44828 -0.673774 0.0149661 0.0025 0.546073 0.428906 1.96359 0.00915629 9 4 1 1.68239e-10 
1.45286 -0.673847 0.0170176 0.0025 0.546046 0.428863 1.9635 0.00915674 10 4 1 -8.48608e-09 
1.45744 -0.673928 0.0192358 0.0025 0.546013 0.428815 1.96339 0.00915729 11 4 1 -2.16338e-09 
1.46202 -0.67402 0.0215925 0.0025 0.545974 0.42876 1.96328 0.00915794 12 4 1 -4.75876e-09 
1.4666 -0.674125 0.0244427 0.0025 0.545927 0.428698 1.96317 0.00915873 13 4 1 -5.39777e-09 
1.47118 -0.674245 0.0280227 0.0025 0.545872 0.428628 1.96305 0.00915966 14 4 1 -8.54654e-09 
1.47576 -0.674379 0.0320123 0.0025 0.545807 0.428548 1.96291 0.00916075 15 4 1 -1.34859e-08 
1.48034 -0.674532 0.0360725 0.0025 0.545731 0.428457 1.96277 0.00916202 16 4 1 -7.99791e-09 
1.48492 -0.674706 0.0406279 0.0025 0.545644 0.428353 1.96261 0.00916349 17 4 1 -1.32841e-08 
1.4895 -0.674907 0.0465724 0.0025 0.545543 0.428236 1.96243 0.00916517 18 4 1 -1.86322e-08 
1.49409 -0.675134 0.0540264 0.0025 0.545428 0.428103 1.96224 0.00916712 19 4 1 -1.54525e-08 
1.49867 -0.675389 0.0614362 0.0025 0.545296 0.427952 1.96202 0.00916933 20 4 1 -1.13319e-08 
-0.496744 -0.67567 0.0661867 0.0025 0.545153 0.42779 1.96179 0.00917174 21 4 1 1.60419e-09 
-0.492158 -0.675968 0.0672221 0.0025 0.545009 0.427627 1.96156 0.00917417 22 4 1 2.03391e-08 
-0.48757 -0.676258 0.0639074 0.0025 0.54488 0.427483 1.96135 0.00917634 23 4 1 5.75606e-08 
-0.482982 -0.676473 0.0427131 0.0025 0.544797 0.427386 1.96121 0.00917773 24 4 1 2.69513e-08 
-0.478393 -0.676521 0.04092 0.0025 0.544737 0.427322 1.96111 0.00917874 25 5 1 1.8738e-07 
-0.473803 -0.676828 -0.018453 0.0025 0.54484 0.427462 1.96123 0.009177 26 4 1 9.78396e-07 
-0.469216 -0.67519 -0.676183 0.0025 0.545708 0.428416 1.96247 0.0091624 27 4 1 1.17316e-06 
-0.464641 -0.671723 -0.839161 0.0025 0.547419 0.430281 1.96491 0.00913377 28 4 1 9.43448e-07 
-0.460082 -0.667703 -1.02608 0.0025 0.54971 0.432833 1.96818 0.00909571 29 4 1 2.1306e-06 
-0.455545 -0.661559 -1.84705 0.0025 0.553231 0.436767 1.97319 0.00903782 30 4 1 4.39242e-06 
-0.451044 -0.650842 -3.15468 0.0025 0.558983 0.443154 1.98136 0.00894482 31 4 1 6.26472e-06 
-0.4466 -0.635044 -4.31758 0.0025 0.567245 0.452331 1.99303 0.00881453 32 4 1 6.93465e-06 
-0.442229 -0.615687 -5.06952 0.0025 0.577465 0.463745 2.00732 0.00865853 33 4 1 6.66555e-06 
-0.43794 -0.594567 -5.42091 0.0025 0.588816 0.476516 2.02301 0.00849162 34 4 1 5.71567e-06 
-0.433736 -0.573295 -5.38541 0.0025 0.600489 0.489759 2.03895 0.00832655 35 4 1 4.52688e-06 
-0.429613 -0.553089 -5.12903 0.0025 0.611868 0.502781 2.05431 0.0081717 36 4 1 3.60025e-06 
-0.425564 -0.534344 -4.81188 0.0025 0.62267 0.51525 2.06872 0.00802993 37 4 1 3.29005e-06 
-0.421582 -0.516867 -4.66009 0.0025 0.632989 0.527259 2.08235 0.00789904 38 4 1 3.70082e-06 
-0.417664 -0.499673 -4.80803 0.0025 0.643245 0.539277 2.09577 0.00777309 39 4 1 4.39096e-06 
-0.413809 -0.482008 -5.1222 0.0025 0.653873 0.551805 2.10954 0.00764674 40 4 1 5.07758e-06 
-0.410017 -0.463386 -5.55719 0.0025 0.665146 0.565169 2.12401 0.00751715 41 4 1 5.43305e-06 
-0.406291 -0.443914 -5.87524 0.0025 0.677078 0.579408 2.13916 0.00738468 42 4 1 5.55912e-06 
-0.402631 -0.423852 -6.17527 0.0025 0.689546 0.59439 2.15483 0.00725115 43 4 1 5.43825e-06 
-0.399039 -0.403494 -6.29602 0.0025 0.702364 0.609906 2.17076 0.00711881 44 4 1 5.27095e-06 
-0.395512 -0.383173 -6.43729 0.0025 0.715373 0.625772 2.18675 0.00698936 45 4 1 5.0678e-06 
-0.392049 -0.362996 -6.46858 0.0025 0.728475 0.641867 2.20267 0.00686366 46 4 1 4.85785e-06 
-0.388648 -0.343134 -6.52725 0.0025 0.741586 0.658094 2.21844 0.0067423 47 4 1 4.65225e-06 
-0.385306 -0.323596 -6.51991 0.0025 0.754667 0.674399 2.234 0.00662544 48 4 1 4.53387e-06 
-0.382022 -0.304416 -6.59789 0.0025 0.767722 0.690783 2.24937 0.00651278 49 4 1 4.30818e-06 
-0.378793 -0.285546 -6.53844 0.0025 0.780712 0.707196 2.26451 0.00640441 50 4 1 4.12544e-06 
-0.375617 -0.267116 -6.57597 0.0025 0.79361 0.723606 2.2794 0.00630033 51 4 1 4.07192e-06 
-0.372492 -0.248864 -6.6116 0.0025 0.806476 0.740078 2.2941 0.00619981 52 4 1 3.86752e-06 
-0.369417 -0.230994 -6.58038 0.0025 0.819268 0.756559 2.30858 0.00610301 53 4 1 3.66475e-06 
-0.366389 -0.213533 -6.54915 0.0025 0.831944 0.772999 2.3228 0.00601002 54 4 1 3.67013e-06 
-0.363406 -0.196303 -6.64875 0.0025 0.844591 0.789497 2.33685 0.00592003 55 4 1 3.5719e-06 
-0.360468 -0.179291 -6.63717 0.0025 0.857217 0.806062 2.35076 0.00583283 56 4 1 3.26347e-06 
-0.357573 -0.162665 -6.53384 0.0025 0.869696 0.822533 2.36438 0.00574913 57 4 1 3.13374e-06 
-0.354719 -0.146543 -6.52106 0.0025 0.882033 0.838919 2.37773 0.00566872 58 4 1 3.30734e-06 
-0.351904 -0.130418 -6.71714 0.0025 0.894414 0.855452 2.39102 0.00559025 59 4 1 3.2323e-06 
-0.349128 -0.114334 -6.72339 0.0025 0.906834 0.872109 2.40425 0.00551369 60 4 1 2.58731e-06 
-0.34639 -0.0988258 -6.3418 0.0025 0.918921 0.888412 2.41702 0.00544116 61 4 1 2.16408e-06 
-0.343687 -0.0844861 -6.04857 0.0025 0.930532 0.904187 2.42915 0.00537327 62 4 1 2.95951e-06 
-0.341017 -0.0700577 -6.70259 0.0025 0.942333 0.920323 2.44142 0.00530598 63 4 1 4.11511e-06 
-0.338381 -0.0539 -7.71587 0.0025 0.955032 0.937689 2.45459 0.00523543 64 4 1 2.0691e-06 
-0.335781 -0.0381207 -6.16552 0.0025 0.967157 0.954266 2.46704 0.00516979 65 4 1 -1.61832e-06 
-0.333211 -0.0278559 -3.159 0.0025 0.976341 0.967029 2.47625 0.00512116 66 4 1 1.10283e-06 
-0.33066 -0.0193601 -5.3813 0.0025 0.985062 0.979395 2.48498 0.00507582 67 4 1 8.15184e-06 
-0.328135 -0.00228968 -10.6375 0.0025 0.998291 0.997784 2.49849 0.00500856 68 4 1 3.46649e-06 
-0.325651 0.0172541 -6.97041 0.0025 1.01218 1.01687 2.51249 0.00493983 69 4 1 -7.0398e-06 
-0.323195 0.023663 0.197778 0.0025 1.01861 1.02597 2.51862 0.00490863 70 4 1 -3.21744e-06 
-0.320742 0.0230096 -1.01226 0.0025 1.02089 1.02954 2.52075 0.00489768 71 4 1 4.08444e-06 
-0.318297 0.0314686 -5.50601 0.0025 1.02632 1.03708 2.52628 0.00487178 72 4 1 -7.34163e-07 
-0.31587 0.0380131 -1.10445 0.0025 1.03101 1.0435 2.53093 0.00484962 73 3 1 -4.53136e-06 
-0.313447 0.0372488 1.03447 0.0025 1.03063 1.04306 2.53048 0.00485141 74 4 1 -2.23789e-06 
-0.311019 0.0335992 2.11226 0.0025 1.0274 1.03856 2.52728 0.00486664 75 4 1 -7.99671e-07 
-0.308581 0.028492 2.6559 0.0025 1.02301 1.03238 2.52293 0.00488753 76 4 1 2.65207e-08 
-0.306131 0.0228204 2.81009 0.0025 1.01827 1.0257 2.51821 0.00491031 77 4 1 5.75251e-07 
-0.30367 0.0172827 2.64272 0.0025 1.01373 1.01931 2.51369 0.00493229 78 4 1 8.74114e-07 
-0.301199 0.0123842 2.26199 0.0025 1.00978 1.01376 2.50975 0.00495158 79 4 1 9.51715e-07 
-0.298719 0.00840341 1.78324 0.0025 1.00661 1.0093 2.50658 0.00496718 80 4 1 8.7127e-07 
-0.296232 0.00540475 1.30619 0.0025 1.00424 1.00597 2.50422 0.0049789 81 4 1 7.10002e-07 
-0.29374 0.00329668 0.894661 0.0025 1.00258 1.00364 2.50257 0.00498713 82 4 1 5.30213e-07 
-0.291245 0.00190652 0.575658 0.0025 1.00149 1.00211 2.50148 0.00499255 83 4 1 3.68974e-07 
-0.288747 0.00104371 0.348825 0.0025 1.00082 1.00116 2.50081 0.00499592 84 4 1 2.41438e-07 
-0.286249 0.000539049 0.199113 0.0025 1.00042 1.0006 2.50042 0.00499789 85 4 1 1.49101e-07 
-0.283749 0.00026115 0.106825 0.0025 1.00021 1.00029 2.5002 0.00499897 86 4 1 8.6892e-08 
-0.28125 0.000117589 0.0535915 0.0025 1.00009 1.00013 2.50009 0.00499953 87 4 1 4.76437e-08 
-0.27875 4.8487e-05 0.0249136 0.0025 1.00004 1.00006 2.50004 0.00499981 88 4 1 2.44375e-08 
-0.27625 1.78522e-05 0.0105677 0.0025 1.00001 1.00002 2.50001 0.00499993 89 4 1 1.16179e-08 
-0.27375 5.58942e-06 0.00397714 0.0025 1 1.00001 2.5 0.00499998 90 4 1 5.04334e-09 
-0.27125 1.32099e-06 0.00125603 0.0025 1 1 2.5 0.00499999 91 4 1 1.9411e-09 
-0.26875 1.35378e-07 0.000283122 0.0025 1 1 2.5 0.005 92 4 1 6.48355e-10 
-0.26625 -4.39919e-08 -2.50757e-05 0.0025 1 1 2.5 0.005 93 5 1 1.49011e-10 
-0.26375 3.18872e-08 -2.94602e-05 0.0025 1 1 2.5 0.005 94 4 1 -1.95119e-11 
-0.26125 4.34674e-08 3.3019e-06 0.0025 1 1 2.5 0.005 95 3 1 -1.61563e-11 
-0.25875 2.92165e-08 8.52462e-06 0.0025 1 1 2.5 0.005 96 4 1 1.1392e-13 
-0.25625 1.48565e-08 6.37202e-06 0.0025 1 1 2.5 0.005 97 4 1 3.44151e-12 
-0.25375 6.08069e-09 3.41951e-06 0.0025 1 1 2.5 0.005 98 4 1 2.84988e-12 
-0.25125 1.95611e-09 1.43281e-06 0.0025 1 1 2.5 0.005 99 4 1 1.58464e-12 
-0.24875 4.2735e-10 4.59952e-07 0.0025 1 1 2.5 0.005 100 4 1 6.82946e-13 
-0.24625 1.59899e-11 9.63327e-08 0.0025 1 1 2.5 0.005 101 4 1 2.30547e-13 
-0.24375 -1.8185e-11 -2.75825e-08 0.0025 1 1 2.5 0.005 102 5 1 4.18353e-14 
-0.24125 1.30535e-11 -7.27721e-09 0.0025 1 1 2.5 0.005 103 4 1 -1.31106e-14 
-0.23875 1.33756e-11 2.33274e-09 0.0025 1 1 2.5 0.005 104 3 1 -4.05613e-15 
-0.23625 7.36318e-12 3.18903e-09 0.0025 1 1 2.5 0.005 105 4 1 9.50706e-16 
-0.23375 2.87975e-12 1.80864e-09 0.0025 1 1 2.5 0.005 106 4 1 1.42037e-15 
-0.23125 7.84638e-13 7.16113e-10 0.0025 1 1 2.5 0.005 107 4 1 8.26006e-16 
-0.22875 9.53774e-14 1.77124e-10 0.0025 1 1 2.5 0.005 108 4 1 3.33245e-16 
-0.22625 -2.74025e-14 1.76215e-11 0.0025 1 1 2.5 0.005 109 5 1 9.91207e-17 
-0.22375 5.49522e-16 -3.09797e-11 0.0025 1 1 2.5 0.005 110 5 1 1.77636e-18 
-0.22125 2.35622e-14 -9.37916e-12 0.0025 1 1 2.5 0.005 111 3 1 -2.4869e-17 
-0.21875 1.5275e-14 1.69962e-11 0.0025 1 1 2.5 0.005 112 4 1 4.26326e-18 
-0.21625 -5.16414e-17 1.76215e-12 0.0025 1 1 2.5 0.005 113 5 1 4.26326e-18 
-0.21375 -2.07605e-16 -2.27374e-13 0.0025 1 1 2.5 0.005 114 5 1 -1.42109e-18 
-0.21125 -3.41188e-47 -2.24208e-44 0.0025 1 1 2.5 0.005 115 5 1 -1.42109e-18 
-0.20875 0 0 0.0025 1 1 2.5 0.005 116 5 1 -1.42109e-18 
-0.20625 0 0 0.0025 1 1 2.5 0.005 117 5 1 -1.42109e-18 
-0.20375 0 0 0.0025 1 1 2.5 0.005 118 5 1 -1.42109e-18 
-0.20125 0 0 0.0025 1 1 2.5 0.005 119 5 1 -1.42109e-18 
-0.19875 0 0 0.0025 1 1 2.5 0.005 120 5 1 -1.42109e-18 
-0.19625 0 0 0.0025 1 1 2.5 0.005 121 5 1 -1.42109e-18 
-0.19375 0 0 0.0025 1 1 2.5 0.005 122 5 1 -1.42109e-18 
-0.19125 0 0 0.0025 1 1 2.5 0.005 123 5 1 -1.42109e-18 
-0.18875 0 0 0.0025 1 1 2.5 0.005 124 5 1 -1.42109e-18 
-0.18625 0 0 0.0025 1 1 2.5 0.005 125 5 1 -1.42109e-18 
-0.18375 0 0 0.0025 1 1 2.5 0.005 126 5 1 -1.42109e-18 
-0.18125 0 0 0.0025 1 1 2.5 0.005 127 5 1 -1.42109e-18 
-0.17875 0 0 0.0025 1 1 2.5 0.005 128 5 1 -1.42109e-18 
-0.17625 0 0 0.0025 1 1 2.5 0.005 129 5 1 -1.42109e-18 
-0.17375 0 0 0.0025 1 1 2.5 0.005 130 5 1 -1.42109e-18 
-0.17125 0 0 0.0025 1 1 2.5 0.005 131 5 1 -1.42109e-18 
-0.16875 0 0 0.0025 1 1 2.5 0.005 132 5 1 -1.42109e-18 
-0.16625 0 0 0.0025 1 1 2.5 0.005 133 5 1 -1.42109e-18 
-0.16375 0 0 0.0025 1 1 2.5 0.005 134 5 1 -1.42109e-18 
-0.16125 0 0 0.0025 1 1 2.5 0.005 135 5 1 -1.42109e-18 
-0.15875 0 0 0.0025 1 1 2.5 0.005 136 5 1 -1.42109e-18 
-0.15625 0 0 0.0025 1 1 2.5 0.005 137 5 1 -1.42109e-18 
-0.15375 0 0 0.0025 1 1 2.5 0.005 138 5 1 -1.42109e-18 
-0.15125 0 0 0.0025 1 1 2.5 0.005 139 5 1 -1.42109e-18 
-0.14875 0 0 0.0025 1 1 2.5 0.005 140 5 1 -1.42109e-18 
-0.14625 0 0 0.0025 1 1 2.5 0.005 141 5 1 -1.42109e-18 
-0.14375 0 0 0.0025 1 1 2.5 0.005 142 5 1 -1.42109e-18 
-0.14125 0 0 0.0025 1 1 2.5 0.005 143 5 1 -1.42109e-18 
-0.13875 0 0 0.0025 1 1 2.5 0.005 144 5 1 -1.42109e-18 
-0.13625 0 0 0.0025 1 1 2.5 0.005 145 5 1 -1.42109e-18 
-0.13375 0 0 0.0025 1 1 2.5 0.005 146 5 1 -1.42109e-18 
-0.13125 0 0 0.0025 1 1 2.5 0.005 147 5 1 -1.42109e-18 
-0.12875 0 0 0.0025 1 1 2.5 0.005 148 5 1 -1.42109e-18 
-0.12625 0 0 0.0025 1 1 2.5 0.005 149 5 1 -1.42109e-18 
-0.12375 0 0 0.0025 1 1 2.5 0.005 150 5 1 -1.42109e-18 
-0.12125 0 0 0.0025 1 1 2.5 0.005 151 5 1 -1.42109e-18 
-0.11875 0 0 0.0025 1 1 2.5 0.005 152 5 1 -1.42109e-18 
-0.11625 0 0 0.0025 1 1 2.5 0.005 153 5 1 -1.42109e-18 
-0.11375 0 0 0.0025 1 1 2.5 0.005 154 5 1 -1.42109e-18 
-0.11125 0 0 0.0025 1 1 2.5 0.005 155 5 1 -1.42109e-18 
-0.10875 0 0 0.0025 1 1 2.5 0.005 156 5 1 -1.42109e-18 
-0.10625 0 0 0.0025 1 1 2.5 0.005 157 5 1 -1.42109e-18 
-0.10375 0 0 0.0025 1 1 2.5 0.005 158 5 1 -1.42109e-18 
-0.10125 0 0 0.0025 1 1 2.5 0.005 159 5 1 -1.42109e-18 
-0.09875 0 0 0.0025 1 1 2.5 0.005 160 5 1 -1.42109e-18 
-0.09625 0 0 0.0025 1 1 2.5 0.005 161 5 1 -1.42109e-18 
-0.09375 0 0 0.0025 1 1 2.5 0.005 162 5 1 -1.42109e-18 
-0.09125 0 0 0.0025 1 1 2.5 0.005 163 5 1 -1.42109e-18 
-0.08875 0 0 0.0025 1 1 2.5 0.005 164 5 1 -1.42109e-18 
-0.08625 0 0 0.0025 1 1 2.5 0.005 165 5 1 -1.42109e-18 
-0.08375 0 0 0.0025 1 1 2.5 0.005 166 5 1 -1.42109e-18 
-0.08125 -7.16167e-47 -3.36312e-44 0.0025 1 1 2.5 0.005 167 5 1 -1.42109e-18 
-0.07875 -1.38338e-16 -4.48416e-44 0.0025 1 1 2.5 0.005 168 5 1 -1.42109e-18 
-0.07625 -3.11075e-16 -1.13687e-13 0.0025 1 1 2.5 0.005 169 5 1 -1.42109e-18 
-0.07375 -7.7691e-16 -1.7053e-13 0.0025 1 1 2.5 0.005 170 5 1 -1.42109e-18 
-0.07125 -1.48388e-15 -3.41061e-13 0.0025 1 1 2.5 0.005 171 5 1 -2.13163e-18 
-0.06875 -4.09107e-15 -3.97904e-13 0.0025 1 1 2.5 0.005 172 5 1 2.84217e-18 
-0.06625 -2.892e-15 5.68434e-13 0.0025 1 1 2.5 0.005 173 5 1 -1.52767e-17 
-0.06375 -4.23154e-15 5.68434e-13 0.0025 1 1 2.5 0.005 174 3 1 5.68434e-18 
-0.06125 2.38724e-15 -6.25278e-13 0.0025 1 1 2.5 0.005 175 3 1 9.9476e-18 
-0.05875 -2.0293e-15 -2.84217e-13 0.0025 1 1 2.5 0.005 176 5 1 -1.20792e-17 
-0.05625 1.2799e-15 6.82121e-13 0.0025 1 1 2.5 0.005 177 5 1 3.55271e-19 
-0.05375 3.52669e-16 1.13687e-13 0.0025 1 1 2.5 0.005 178 5 1 -2.4869e-18 
-0.05125 -2.07253e-17 1.13687e-13 0.0025 1 1 2.5 0.005 179 5 1 -1.06581e-18 
-0.04875 -1.26361e-15 -5.68434e-14 0.0025 1 1 2.5 0.005 180 5 1 3.55271e-19 
-0.04625 -1.88891e-15 4.48416e-44 0.0025 1 1 2.5 0.005 181 5 1 -4.26326e-18 
-0.04375 -2.07422e-15 -1.13687e-13 0.0025 1 1 2.5 0.005 182 5 1 3.55271e-19 
-0.04125 -2.28927e-15 -6.72623e-44 0.0025 1 1 2.5 0.005 183 5 1 -4.61853e-18 
-0.03875 -4.12463e-15 5.68434e-14 0.0025 1 1 2.5 0.005 184 5 1 3.19744e-18 
-0.03625 2.96161e-16 2.27374e-13 0.0025 1 1 2.5 0.005 185 5 1 -1.13687e-17 
-0.03375 -2.43493e-15 -1.13687e-12 0.0025 1 1 2.5 0.005 186 4 1 -2.84217e-18 
-0.03125 -2.34008e-15 1.81899e-12 0.0025 1 1 2.5 0.005 187 3 1 2.41585e-17 
-0.02875 -1.29065e-15 -1.25056e-12 0.0025 1 1 2.5 0.005 188 4 1 -1.7053e-17 
-0.02625 -2.00822e-15 2.27374e-13 0.0025 1 1 2.5 0.005 189 5 1 2.13163e-18 
-0.02375 -2.25786e-15 3.41061e-13 0.0025 1 1 2.5 0.005 190 3 1 -1.42109e-18 
-0.02125 -1.11501e-15 -5.68434e-14 0.0025 1 1 2.5 0.005 191 4 1 4.9738e-18 
-0.01875 6.76968e-16 -1.7053e-13 0.0025 1 1 2.5 0.005 192 5 1 -6.03961e-18 
-0.01625 -1.14317e-15 -1.13687e-13 0.0025 1 1 2.5 0.005 193 5 1 1.06581e-18 
-0.01375 5.34724e-16 -3.9443e-29 0.0025 1 1 2.5 0.005 194 4 1 -7.10543e-19 
-0.01125 7.24799e-16 -5.68434e-14 0.0025 1 1 2.5 0.005 195 5 1 -1.77636e-18 
-0.00875 8.1033e-16 3.9443e-29 0.0025 1 1 2.5 0.005 196 5 1 -1.42109e-18 
-0.00625 4.94688e-16 5.68434e-14 0.0025 1 1 2.5 0.005 197 4 1 -1.06581e-18 
-0.00375 -1.83745e-16 -3.97904e-13 0.0025 1 1 2.5 0.005 198 3 1 -7.10543e-19 
-0.00125 -2.08521e-16 2.27374e-13 0.0025 1 1 2.5 0.005 199 3 1 -1.06581e-18 
0.00125 -2.43292e-17 5.68434e-14 0.0025 1 1 2.5 0.005 200 3 1 0 
0.00375 2.92726e-16 1.7053e-13 0.0025 1 1 2.5 0.005 201 3 1 3.55271e-19 
0.00625 1.39826e-16 -1.13687e-13 0.0025 1 1 2.5 0.005 202 4 1 -1.06581e-18 
0.00875 1.26987e-16 -1.13687e-13 0.0025 1 1 2.5 0.005 203 4 1 -1.42109e-18 
0.01125 -5.60967e-17 1.13687e-13 0.0025 1 1 2.5 0.005 204 4 1 2.4869e-18 
0.01375 -9.59717e-16 6.72623e-44 0.0025 1 1 2.5 0.005 205 5 1 -4.26326e-18 
0.01625 -1.79513e-15 -5.68434e-14 0.0025 1 1 2.5 0.005 206 4 1 2.4869e-18 
0.01875 -4.5209e-16 -1.3312e-27 0.0025 1 1 2.5 0.005 207 4 1 -5.32907e-18 
0.02125 -1.23034e-15 1.13687e-13 0.0025 1 1 2.5 0.005 208 3 1 6.75016e-18 
0.02375 9.79115e-16 -3.41061e-13 0.0025 1 1 2.5 0.005 209 3 1 2.4869e-18 
0.02625 5.72193e-16 -1.7053e-13 0.0025 1 1 2.5 0.005 210 5 1 -5.32907e-18 
0.02875 -2.38163e-15 1.7053e-13 0.0025 1 1 2.5 0.005 211 4 1 -3.90799e-18 
0.03125 1.55066e-15 -3.97904e-13 0.0025 1 1 2.5 0.005 212 3 1 9.23706e-18 
0.03375 2.18307e-16 3.29349e-27 0.0025 1 1 2.5 0.005 213 4 1 -3.19744e-18 
0.03625 -3.50616e-16 4.54747e-13 0.0025 1 1 2.5 0.005 214 5 1 -1.06581e-17 
0.03875 3.29646e-15 -5.68434e-14 0.0025 1 1 2.5 0.005 215 5 1 6.39488e-18 
0.04125 1.41478e-15 -5.68434e-14 0.0025 1 1 2.5 0.005 216 5 1 -6.75016e-18 
0.04375 5.83714e-16 5.68434e-14 0.0025 1 1 2.5 0.005 217 5 1 2.4869e-18 
0.04625 -6.42152e-16 1.13687e-13 0.0025 1 1 2.5 0.005 218 5 1 -4.61853e-18 
0.04875 1.55261e-15 -4.48416e-44 0.0025 1 1 2.5 0.005 219 5 1 2.46519e-33 
0.05125 1.04357e-15 -5.68434e-14 0.0025 1 1 2.5 0.005 220 5 1 -2.84217e-18 
0.05375 2.06981e-15 -5.68434e-14 0.0025 1 1 2.5 0.005 221 5 1 -2.4869e-18 
0.05625 -4.27557e-16 -5.68434e-14 0.0025 1 1 2.5 0.005 222 5 1 4.26326e-18 
0.05875 3.97127e-15 1.7053e-13 0.0025 1 1 2.5 0.005 223 5 1 -1.13687e-17 
0.06125 2.55751e-15 5.68434e-14 0.0025 1 1 2.5 0.005 224 3 1 3.55271e-18 
0.06375 5.63973e-15 1.89327e-27 0.0025 1 1 2.5 0.005 225 3 1 7.81597e-18 
0.06625 3.56006e-15 1.13687e-13 0.0025 1 1 2.5 0.005 226 5 1 -1.38556e-17 
0.06875 4.99032e-15 5.68434e-14 0.0025 1 1 2.5 0.005 227 5 1 8.88178e-18 
0.07125 4.01271e-15 1.13687e-13 0.0025 1 1 2.5 0.005 228 5 1 -1.10134e-17 
0.07375 3.12524e-15 5.68434e-14 0.0025 1 1 2.5 0.005 229 5 1 8.52651e-18 
0.07625 5.69848e-15 5.68434e-14 0.0025 1 1 2.5 0.005 230 5 1 -1.24345e-17 
0.07875 5.339e-15 -1.68156e-43 0.0025 1 1 2.5 0.005 231 5 1 8.17124e-18 
0.08125 3.36805e-15 1.45735e-43 0.0025 1 1 2.5 0.005 232 5 1 -8.52651e-18 
0.08375 2.69652e-15 0 0.0025 1 1 2.5 0.005 233 5 1 3.90799e-18 
0.08625 1.38914e-15 1.45735e-43 0.0025 1 1 2.5 0.005 234 5 1 -5.32907e-18 
0.08875 3.15518e-15 -1.12104e-43 0.0025 1 1 2.5 0.005 235 5 1 2.46519e-33 
0.09125 2.73209e-15 -3.36312e-44 0.0025 1 1 2.5 0.005 236 5 1 -3.90799e-18 
0.09375 2.27063e-15 0 0.0025 1 1 2.5 0.005 237 5 1 2.46519e-33 
0.09625 1.64004e-15 0 0.0025 1 1 2.5 0.005 238 5 1 -4.61853e-18 
0.09875 5.79052e-16 1.45735e-43 0.0025 1 1 2.5 0.005 239 5 1 1.42109e-18 
0.10125 2.57924e-15 -1.79366e-43 0.0025 1 1 2.5 0.005 240 5 1 -6.75016e-18 
0.10375 1.40154e-15 -1.12104e-44 0.0025 1 1 2.5 0.005 241 5 1 5.68434e-18 
0.10625 5.6678e-16 -3.36312e-44 0.0025 1 1 2.5 0.005 242 5 1 -1.03029e-17 
0.10875 -1.37786e-15 3.13891e-43 0.0025 1 1 2.5 0.005 243 5 1 9.9476e-18 
0.11125 1.4173e-15 -2.01787e-43 0.0025 1 1 2.5 0.005 244 5 1 -1.66978e-17 
0.11375 -1.27938e-15 2.01787e-43 0.0025 1 1 2.5 0.005 245 5 1 1.74083e-17 
0.11625 3.17913e-15 1.7053e-13 0.0025 1 1 2.5 0.005 246 5 1 -2.45137e-17 
0.11875 1.46792e-15 3.9443e-29 0.0025 1 1 2.5 0.005 247 5 1 2.41585e-17 
0.12125 1.28248e-15 -1.13687e-13 0.0025 1 1 2.5 0.005 248 5 1 -3.05533e-17 
0.12375 -3.39531e-16 1.13687e-13 0.0025 1 1 2.5 0.005 249 3 1 1.52767e-17 
0.12625 4.42581e-15 7.14905e-27 0.0025 1 1 2.5 0.005 250 3 1 1.42109e-17 
0.12875 1.67087e-15 7.10961e-27 0.0025 1 1 2.5 0.005 251 5 1 -2.70006e-17 
0.13125 2.29236e-15 -3.9443e-29 0.0025 1 1 2.5 0.005 252 5 1 1.84741e-17 
0.13375 -1.55504e-16 5.68434e-14 0.0025 1 1 2.5 0.005 253 5 1 -1.81188e-17 
0.13625 3.29531e-15 1.13687e-13 0.0025 1 1 2.5 0.005 254 5 1 1.10134e-17 
0.13875 1.69086e-15 7.84727e-44 0.0025 1 1 2.5 0.005 255 5 1 -1.13687e-17 
0.14125 1.54211e-15 -1.13687e-13 0.0025 1 1 2.5 0.005 256 5 1 4.9738e-18 
0.14375 -1.21595e-16 1.13687e-13 0.0025 1 1 2.5 0.005 257 5 1 -6.39488e-18 
0.14625 -1.26032e-15 5.60519e-44 0.0025 1 1 2.5 0.005 258 5 1 4.26326e-18 
0.14875 -2.0647e-15 1.00893e-43 0.0025 1 1 2.5 0.005 259 5 1 -6.75016e-18 
0.15125 -1.76086e-15 -3.36312e-44 0.0025 1 1 2.5 0.005 260 5 1 1.42109e-18 
0.15375 -2.45079e-15 8.96831e-44 0.0025 1 1 2.5 0.005 261 5 1 -4.9738e-18 
0.15625 -7.49147e-16 -5.68434e-14 0.0025 1 1 2.5 0.005 262 5 1 2.46519e-33 
0.15875 -1.38232e-15 5.68434e-14 0.0025 1 1 2.5 0.005 263 5 1 -2.84217e-18 
0.16125 -1.82283e-15 1.12104e-44 0.0025 1 1 2.5 0.005 264 5 1 -7.10543e-19 
0.16375 -2.12318e-15 1.12104e-44 0.0025 1 1 2.5 0.005 265 5 1 -2.84217e-18 
0.16625 -2.44415e-15 2.24208e-44 0.0025 1 1 2.5 0.005 266 5 1 -1.06581e-18 
0.16875 -2.85338e-15 1.34525e-43 0.0025 1 1 2.5 0.005 267 5 1 -3.19744e-18 
0.17125 2.15231e-16 5.68434e-13 0.0025 1 1 2.5 0.005 268 5 1 -3.55271e-18 
0.17375 6.65335e-17 3.97904e-13 0.0025 1 1 2.5 0.005 269 5 1 3.55271e-19 
0.17625 -3.01306e-16 -5.68434e-14 0.0025 1 1 2.5 0.005 270 5 1 -7.10543e-19 
0.17875 -4.52904e-16 -1.13687e-13 0.0025 1 1 2.5 0.005 271 5 1 -2.4869e-18 
0.18125 1.65142e-16 5.68434e-14 0.0025 1 1 2.5 0.005 272 5 1 -2.13163e-18 
0.18375 -1.76965e-16 5.68434e-14 0.0025 1 1 2.5 0.005 273 5 1 -1.42109e-18 
0.18625 2.06808e-15 -7.84727e-44 0.0025 1 1 2.5 0.005 274 5 1 -3.90799e-18 
0.18875 1.19234e-15 5.68434e-14 0.0025 1 1 2.5 0.005 275 5 1 1.06581e-18 
0.19125 1.56676e-17 4.48416e-44 0.0025 1 1 2.5 0.005 276 5 1 -3.90799e-18 
0.19375 -4.62627e-16 -1.13687e-13 0.0025 1 1 2.5 0.005 277 5 1 2.46519e-33 
0.19625 -1.292e-15 -5.68434e-14 0.0025 1 1 2.5 0.005 278 5 1 -2.13163e-18 
0.19875 -2.24006e-15 -1.13687e-13 0.0025 1 1 2.5 0.005 279 5 1 2.46519e-33 
0.20125 9.58412e-16 -4.54747e-13 0.0025 1 1 2.5 0.005 280 5 1 -2.4869e-18 
0.20375 1.42719e-15 -3.41061e-13 0.0025 1 1 2.5 0.005 281 5 1 -2.13163e-18 
0.20625 1.65626e-15 -1.68156e-43 0.0025 1 1 2.5 0.005 282 5 1 -5.68434e-18 
0.20875 6.27507e-16 -5.68434e-14 0.0025 1 1 2.5 0.005 283 5 1 2.84217e-18 
0.21125 1.7042e-16 5.68434e-14 0.0025 1 1 2.5 0.005 284 5 1 -7.10543e-18 
0.21375 -5.86006e-16 1.7053e-13 0.0025 1 1 2.5 0.005 285 5 1 3.55271e-18 
0.21625 -1.51132e-15 -1.7053e-13 0.0025 1 1 2.5 0.005 286 5 1 -2.84217e-18 
0.21875 -9.99136e-15 -1.32445e-11 0.0025 1 1 2.5 0.005 287 4 1 8.52651e-18 
0.22125 -2.62484e-14 5.45697e-12 0.0025 1 1 2.5 0.005 288 3 1 -2.38032e-17 
0.22375 -1.00224e-14 1.37561e-11 0.0025 1 1 2.5 0.005 289 4 1 -1.06581e-18 
0.22625 3.74141e-14 4.37694e-12 0.0025 1 1 2.5 0.005 290 5 1 8.10019e-17 
0.22875 -9.67481e-14 -1.81046e-10 0.0025 1 1 2.5 0.005 291 4 1 3.6593e-16 
0.23125 -7.84293e-13 -7.19126e-10 0.0025 1 1 2.5 0.005 292 4 1 8.02558e-16 
0.23375 -2.87874e-12 -1.80864e-09 0.0025 1 1 2.5 0.005 293 4 1 1.43956e-15 
0.23625 -7.36109e-12 -3.18937e-09 0.0025 1 1 2.5 0.005 294 4 1 9.20508e-16 
0.23875 -1.33787e-11 -2.33337e-09 0.0025 1 1 2.5 0.005 295 3 1 -4.00995e-15 
0.24125 -1.30541e-11 7.28159e-09 0.0025 1 1 2.5 0.005 296 4 1 -1.31894e-14 
0.24375 1.81898e-11 2.75726e-08 0.0025 1 1 2.5 0.005 297 5 1 4.19242e-14 
0.24625 -1.60078e-11 -9.63296e-08 0.0025 1 1 2.5 0.005 298 4 1 2.30492e-13 
0.24875 -4.27333e-10 -4.59948e-07 0.0025 1 1 2.5 0.005 299 4 1 6.82973e-13 
0.25125 -1.9561e-09 -1.43281e-06 0.0025 1 1 2.5 0.005 300 4 1 1.58466e-12 
0.25375 -6.08069e-09 -3.41951e-06 0.0025 1 1 2.5 0.005 301 4 1 2.84978e-12 
0.25625 -1.48565e-08 -6.37202e-06 0.0025 1 1 2.5 0.005 302 4 1 3.4416e-12 
0.25875 -2.92165e-08 -8.52462e-06 0.0025 1 1 2.5 0.005 303 4 1 1.13913e-13 
0.26125 -4.34674e-08 -3.30189e-06 0.0025 1 1 2.5 0.005 304 3 1 -1.61563e-11 
0.26375 -3.18873e-08 2.94601e-05 0.0025 1 1 2.5 0.005 305 4 1 -1.9512e-11 
0.26625 4.39919e-08 2.50757e-05 0.0025 1 1 2.5 0.005 306 5 1 1.49011e-10 
0.26875 -1.35378e-07 -0.000283122 0.0025 1 1 2.5 0.005 307 4 1 6.48355e-10 
0.27125 -1.32099e-06 -0.00125603 0.0025 1 1 2.5 0.00499999 308 4 1 1.9411e-09 
0.27375 -5.58942e-06 -0.00397714 0.0025 1 1.00001 2.5 0.00499998 309 4 1 5.04334e-09 
0.27625 -1.78522e-05 -0.0105677 0.0025 1.00001 1.00002 2.50001 0.00499993 310 4 1 1.16179e-08 
0.27875 -4.8487e-05 -0.0249136 0.0025 1.00004 1.00006 2.50004 0.00499981 311 4 1 2.44375e-08 
0.28125 -0.000117589 -0.0535915 0.0025 1.00009 1.00013 2.50009 0.00499953 312 4 1 4.76437e-08 
0.283749 -0.00026115 -0.106825 0.0025 1.00021 1.00029 2.5002 0.00499897 313 4 1 8.6892e-08 
0.286249 -0.000539049 -0.199113 0.0025 1.00042 1.0006 2.50042 0.00499789 314 4 1 1.49101e-07 
0.288747 -0.00104371 -0.348825 0.0025 1.00082 1.00116 2.50081 0.00499592 315 4 1 2.41438e-07 
0.291245 -0.00190652 -0.575658 0.0025 1.00149 1.00211 2.50148 0.00499255 316 4 1 3.68974e-07 
0.29374 -0.00329668 -0.894661 0.0025 1.00258 1.00364 2.50257 0.00498713 317 4 1 5.30213e-07 
0.296232 -0.00540475 -1.30619 0.0025 1.00424 1.00597 2.50422 0.0049789 318 4 1 7.10002e-07 
0.298719 -0.00840341 -1.78324 0.0025 1.00661 1.0093 2.50658 0.00496718 319 4 1 8.7127e-07 
0.301199 -0.0123842 -2.26199 0.0025 1.00978 1.01376 2.50975 0.00495158 320 4 1 9.51715e-07 
0.30367 -0.0172827 -2.64272 0.0025 1.01373 1.01931 2.51369 0.00493229 321 4 1 8.74114e-07 
0.306131 -0.0228204 -2.81009 0.0025 1.01827 1.0257 2.51821 0.00491031 322 4 1 5.75251e-07 
0.308581 -0.028492 -2.6559 0.0025 1.02301 1.03238 2.52293 0.00488753 323 4 1 2.65207e-08 
0.311019 -0.0335992 -2.11226 0.0025 1.0274 1.03856 2.52728 0.00486664 324 4 1 -7.99671e-07 
0.313447 -0.0372488 -1.03447 0.0025 1.03063 1.04306 2.53048 0.00485141 325 4 1 -2.23789e-06 
0.31587 -0.0380131 1.10445 0.0025 1.03101 1.0435 2.53093 0.00484962 326 3 1 -4.53136e-06 
0.318297 -0.0314686 5.50601 0.0025 1.02632 1.03708 2.52628 0.00487178 327 4 1 -7.34163e-07 
0.320742 -0.0230096 1.01226 0.0025 1.02089 1.02954 2.52075 0.00489768 328 4 1 4.08444e-06 
0.323195 -0.023663 -0.197778 0.0025 1.01861 1.02597 2.51862 0.00490863 329 4 1 -3.21744e-06 
0.325651 -0.0172541 6.97041 0.0025 1.01218 1.01687 2.51249 0.00493983 330 4 1 -7.0398e-06 
0.328135 0.00228968 10.6375 0.0025 0.998291 0.997784 2.49849 0.00500856 331 4 1 3.46649e-06 
0.33066 0.0193601 5.3813 0.0025 0.985062 0.979395 2.48498 0.00507582 332 4 1 8.15184e-06 
0.333211 0.0278559 3.159 0.0025 0.976341 0.967029 2.47625 0.00512116 333 4 1 1.10283e-06 
0.335781 0.0381207 6.16552 0.0025 0.967157 0.954266 2.46704 0.00516979 334 4 1 -1.61832e-06 
0.338381 0.0539 7.71587 0.0025 0.955032 0.937689 2.45459 0.00523543 335 4 1 2.0691e-06 
0.341017 0.0700577 6.70259 0.0025 0.942333 0.920323 2.44142 0.00530598 336 4 1 4.11511e-06 
0.343687 0.0844861 6.04857 0.0025 0.930532 0.904187 2.42915 0.00537327 337 4 1 2.95951e-06 
0.34639 0.0988258 6.3418 0.0025 0.918921 0.888412 2.41702 0.00544116 338 4 1 2.16408e-06 
0.349128 0.114334 6.72339 0.0025 0.906834 0.872109 2.40425 0.00551369 339 4 1 2.58731e-06 
0.351904 0.130418 6.71714 0.0025 0.894414 0.855452 2.39102 0.00559025 340 4 1 3.2323e-06 
0.354719 0.146543 6.52106 0.0025 0.882033 0.838919 2.37773 0.00566872 341 4 1 3.30734e-06 
0.357573 0.162665 6.53384 0.0025 0.869696 0.822533 2.36438 0.00574913 342 4 1 3.13374e-06 
0.360468 0.179291 6.63717 0.0025 0.857217 0.806062 2.35076 0.00583283 343 4 1 3.26347e-06 
0.363406 0.196303 6.64875 0.0025 0.844591 0.789497 2.33685 0.00592003 344 4 1 3.5719e-06 
0.366389 0.213533 6.54915 0.0025 0.831944 0.772999 2.3228 0.00601002 345 4 1 3.67013e-06 
0.369417 0.230994 6.58038 0.0025 0.819268 0.756559 2.30858 0.00610301 346 4 1 3.66475e-06 
0.372492 0.248864 6.6116 0.0025 0.806476 0.740078 2.2941 0.00619981 347 4 1 3.86752e-06 
0.375617 0.267116 6.57597 0.0025 0.79361 0.723606 2.2794 0.00630033 348 4 1 4.07192e-06 
0.378793 0.285546 6.53844 0.0025 0.780712 0.707196 2.26451 0.00640441 349 4 1 4.12544e-06 
0.382022 0.304416 6.59789 0.0025 0.767722 0.690783 2.24937 0.00651278 350 4 1 4.30818e-06 
0.385306 0.323596 6.51991 0.0025 0.754667 0.674399 2.234 0.00662544 351 4 1 4.53387e-06 
0.388648 0.343134 6.52725 0.0025 0.741586 0.658094 2.21844 0.0067423 352 4 1 4.65225e-06 
0.392049 0.362996 6.46858 0.0025 0.728475 0.641867 2.20267 0.00686366 353 4 1 4.85785e-06 
0.395512 0.383173 6.43729 0.0025 0.715373 0.625772 2.18675 0.00698936 354 4 1 5.0678e-06 
0.399039 0.403494 6.29602 0.0025 0.702364 0.609906 2.17076 0.00711881 355 4 1 5.27095e-06 
0.402631 0.423852 6.17527 0.0025 0.689546 0.59439 2.15483 0.00725115 356 4 1 5.43825e-06 
0.406291 0.443914 5.87524 0.0025 0.677078 0.579408 2.13916 0.00738468 357 4 1 5.55912e-06 
0.410017 0.463386 5.55719 0.0025 0.665146 0.565169 2.12401 0.00751715 358 4 1 5.43305e-06 
0.413809 0.482008 5.1222 0.0025 0.653873 0.551805 2.10954 0.00764674 359 4 1 5.07758e-06 
0.417664 0.499673 4.80803 0.0025 0.643245 0.539277 2.09577 0.00777309 360 4 1 4.39096e-06 
0.421582 0.516867 4.66009 0.0025 0.632989 0.527259 2.08235 0.00789904 361 4 1 3.70082e-06 
0.425564 0.534344 4.81188 0.0025 0.62267 0.51525 2.06872 0.00802993 362 4 1 3.29005e-06 
0.429613 0.553089 5.12903 0.0025 0.611868 0.502781 2.05431 0.0081717 363 4 1 3.60025e-06 
0.433736 0.573295 5.38541 0.0025 0.600489 0.489759 2.03895 0.00832655 364 4 1 4.52688e-06 
0.43794 0.594567 5.42091 0.0025 0.588816 0.476516 2.02301 0.00849162 365 4 1 5.71567e-06 
0.442229 0.615687 5.06952 0.0025 0.577465 0.463745 2.00732 0.00865853 366 4 1 6.66555e-06 
0.4466 0.635044 4.31758 0.0025 0.567245 0.452331 1.99303 0.00881453 367 4 1 6.93465e-06 
0.451044 0.650842 3.15468 0.0025 0.558983 0.443154 1.98136 0.00894482 368 4 1 6.26472e-06 
0.455545 0.661559 1.84705 0.0025 0.553231 0.436767 1.97319 0.00903782 369 4 1 4.39242e-06 
0.460082 0.667703 1.02608 0.0025 0.54971 0.432833 1.96818 0.00909571 370 4 1 2.1306e-06 
0.464641 0.671723 0.839161 0.0025 0.547419 0.430281 1.96491 0.00913377 371 4 1 9.43448e-07 
0.469216 0.67519 0.676183 0.0025 0.545708 0.428416 1.96247 0.0091624 372 4 1 1.17316e-06 
0.473803 0.676828 0.018453 0.0025 0.54484 0.427462 1.96123 0.009177 373 4 1 9.78396e-07 
0.478393 0.676521 -0.04092 0.0025 0.544737 0.427322 1.96111 0.00917874 374 5 1 1.8738e-07 
0.482982 0.676473 -0.0427131 0.0025 0.544797 0.427386 1.96121 0.00917773 375 4 1 2.69513e-08 
0.48757 0.676258 -0.0639074 0.0025 0.54488 0.427483 1.96135 0.00917634 376 4 1 5.75606e-08 
0.492158 0.675968 -0.0672221 0.0025 0.545009 0.427627 1.96156 0.00917417 377 4 1 2.03391e-08 
0.496744 0.67567 -0.0661867 0.0025 0.545153 0.42779 1.96179 0.00917174 378 4 1 1.60419e-09 
0.50133 0.675389 -0.0614362 0.0025 0.545296 0.427952 1.96202 0.00916933 379 4 1 -1.13319e-08 
0.505914 0.675134 -0.0540264 0.0025 0.545428 0.428103 1.96224 0.00916712 380 4 1 -1.54525e-08 
0.510497 0.674907 -0.0465724 0.0025 0.545543 0.428236 1.96243 0.00916517 381 4 1 -1.86322e-08 
0.515079 0.674706 -0.0406279 0.0025 0.545644 0.428353 1.96261 0.00916349 382 4 1 -1.32841e-08 
0.51966 0.674532 -0.0360725 0.0025 0.545731 0.428457 1.96277 0.00916202 383 4 1 -7.99791e-09 
0.524241 0.674379 -0.0320123 0.0025 0.545807 0.428548 1.96291 0.00916075 384 4 1 -1.34859e-08 
0.528821 0.674245 -0.0280227 0.0025 0.545872 0.428628 1.96305 0.00915966 385 4 1 -8.54654e-09 
0.533401 0.674125 -0.0244427 0.0025 0.545927 0.428698 1.96317 0.00915873 386 4 1 -5.39777e-09 
0.53798 0.67402 -0.0215925 0.0025 0.545974 0.42876 1.96328 0.00915794 387 4 1 -4.75876e-09 
0.542559 0.673928 -0.0192358 0.0025 0.546013 0.428815 1.96339 0.00915729 388 4 1 -2.16338e-09 
0.547137 0.673847 -0.0170176 0.0025 0.546046 0.428863 1.9635 0.00915674 389 4 1 -8.48608e-09 
0.551715 0.673774 -0.0149661 0.0025 0.546073 0.428906 1.96359 0.00915629 390 4 1 1.68239e-10 
0.556293 0.67371 -0.0132797 0.0025 0.546094 0.428944 1.96369 0.00915593 391 4 1 3.74566e-10 
0.560871 0.673652 -0.0119252 0.0025 0.54611 0.428978 1.96378 0.00915566 392 4 1 4.41077e-09 
0.565449 0.673602 -0.0107111 0.0025 0.546124 0.42901 1.96389 0.00915543 393 4 1 -6.95407e-09 
0.570027 0.673556 -0.00957657 0.0025 0.546125 0.429038 1.96398 0.00915541 394 4 1 1.40756e-07 
0.574604 0.673515 -0.00859699 0.0025 0.546136 0.429091 1.96424 0.00915523 395 3 1 -1.41012e-07 
0.579182 0.673479 -0.00779247 0.0025 0.545758 0.428958 1.96434 0.00916158 396 5 1 3.48764e-06 
0.583766 0.673446 -0.00708656 0.0025 0.54804 0.430641 1.96822 0.00912343 397 3 1 -1.90613e-05 
0.588306 0.673416 -0.00642534 0.0025 0.536729 0.425991 1.94978 0.00931569 398 4 1 0.000179219 
0.593088 0.673388 -0.00576452 0.0025 0.510893 0.43254 2.15224 0.00978679 399 4 1 -0.000134238 
0.598099 0.673361 -0.00511578 0.0025 0.482666 0.424331 2.15524 0.0103591 400 4 1 0.000266031 
0.603461 0.673333 -0.00445068 0.0025 0.454199 0.432782 2.44391 0.0110084 401 4 1 -0.000240412 
0.609118 0.673305 -0.0037657 0.0025 0.446911 0.42713 2.38002 0.0111879 402 5 1 5.37947e-05 
0.61465 0.67328 -0.0031415 0.0025 0.452347 0.429509 2.37442 0.0110535 403 4 1 -3.01351e-06 
0.620171 0.673255 -0.00258894 0.0025 0.453535 0.429187 2.36503 0.0110245 404 4 1 3.91114e-06 
0.625675 0.673231 -0.00208802 0.0025 0.454619 0.429252 2.36026 0.0109982 405 4 1 1.26967e-06 
0.63117 0.673208 -0.00157427 0.0025 0.455246 0.42923 2.35697 0.0109831 406 4 1 8.40373e-07 
0.636658 0.673185 -0.000938312 0.0025 0.455692 0.42922 2.35467 0.0109723 407 4 1 5.4002e-07 
0.642142 0.673159 3.77811e-05 0.0025 0.456012 0.429212 2.35301 0.0109646 408 4 1 3.40447e-07 
0.647623 0.673128 0.00182679 0.0025 0.456246 0.4292 2.35175 0.010959 409 4 1 2.27701e-07 
0.653101 0.673081 0.00559127 0.0025 0.456414 0.429175 2.35077 0.010955 410 4 1 1.32817e-07 
0.658578 0.672996 0.0142642 0.0025 0.456516 0.429115 2.34994 0.0109525 411 4 1 2.50402e-08 
0.664054 0.672818 0.0350259 0.0025 0.456526 0.428973 2.34914 0.0109523 412 3 1 -1.56267e-07 
0.66953 0.672412 0.0855185 0.0025 0.456365 0.428628 2.34816 0.0109561 413 4 1 -5.2932e-07 
0.67501 0.671451 0.207198 0.0025 0.455832 0.427802 2.34653 0.010969 414 4 1 -1.34059e-06 
0.680499 0.669185 0.490947 0.0025 0.454461 0.425863 2.34328 0.011002 415 4 1 -3.00521e-06 
0.686012 0.66386 1.14974 0.0025 0.451254 0.421486 2.33629 0.0110802 416 4 1 -5.82822e-06 
0.691579 0.652172 2.43642 0.0025 0.444362 0.412255 2.32158 0.0112521 417 4 1 -9.69787e-06 
0.697265 0.627006 5.30729 0.0025 0.430596 0.394227 2.29183 0.0116118 418 4 1 -8.43548e-06 
0.703197 0.578011 9.36634 0.0025 0.406795 0.363615 2.23824 0.0122912 419 4 1 4.67883e-06 
0.709575 0.488816 18.4921 0.0025 0.369095 0.316903 2.14612 0.0135467 420 4 1 5.43696e-05 
0.71681 0.320132 30.3152 0.0025 0.320075 0.259106 2.01176 0.0156214 421 4 1 0.000182606 
0.725345 0.122497 24.8579 0.0025 0.277204 0.210375 1.88091 0.0180372 422 4 1 0.000261708 
0.734957 0.0126438 8.11993 0.0025 0.254993 0.185641 1.81033 0.0196084 423 4 1 0.000135497 
0.744972 -0.00738463 -0.428936 0.0025 0.249457 0.179236 1.79343 0.0200435 424 5 1 2.22638e-05 
0.755001 -0.00122667 -0.595119 0.0025 0.249629 0.179136 1.79394 0.0200297 425 4 1 4.3723e-07 
0.765002 0.000267654 -0.0150546 0.0025 0.250006 0.179489 1.79502 0.0199995 426 4 1 -8.57331e-07 
0.775001 0.000156862 0.0245959 0.0025 0.250027 0.179525 1.79508 0.0199979 427 3 1 -8.74304e-08 
0.785 4.00832e-05 0.0100263 0.0025 0.250009 0.179509 1.79503 0.0199993 428 4 1 2.50651e-08 
0.795 4.94733e-06 0.0020601 0.0025 0.250002 0.179502 1.795 0.0199999 429 4 1 1.38919e-08 
0.805 -6.10563e-07 0.000129039 0.0025 0.25 0.1795 1.795 0.02 430 4 1 3.41783e-09 
0.815 -2.83118e-07 -9.21795e-05 0.0025 0.25 0.1795 1.795 0.02 431 5 1 3.4344e-10 
0.825 9.63067e-09 -9.95414e-06 0.0025 0.25 0.1795 1.795 0.02 432 4 1 -9.76717e-11 
0.835 1.70731e-08 2.00739e-06 0.0025 0.25 0.1795 1.795 0.02 433 3 1 -2.27437e-11 
0.845 5.34163e-09 1.2307e-06 0.0025 0.25 0.1795 1.795 0.02 434 4 1 1.27864e-12 
0.855 8.28722e-10 2.95721e-07 0.0025 0.25 0.1795 1.795 0.02 435 4 1 1.53126e-12 
0.865 -1.31372e-11 3.17523e-08 0.0025 0.25 0.1795 1.795 0.02 436 4 1 4.46722e-13 
0.875 -3.68618e-11 -8.94136e-09 0.0025 0.25 0.1795 1.795 0.02 437 5 1 6.22737e-14 
0.885 -1.67013e-12 -1.81572e-09 0.0025 0.25 0.1795 1.795 0.02 438 4 1 -6.31637e-15 
0.895 1.37785e-12 1.29248e-10 0.0025 0.25 0.1795 1.795 0.02 439 3 1 -3.11005e-15 
0.905 4.9293e-13 1.09765e-10 0.0025 0.25 0.1795 1.795 0.02 440 4 1 -5.86198e-17 
0.915 8.24012e-14 3.35092e-11 0.0025 0.25 0.1795 1.795 0.02 441 4 1 1.24523e-16 
0.925 -5.08445e-15 1.0516e-12 0.0025 0.25 0.1795 1.795 0.02 442 5 1 3.74811e-17 
0.935 -6.81867e-15 -3.97904e-13 0.0025 0.25 0.1795 1.795 0.02 443 5 1 6.75016e-18 
0.945 5.06422e-15 2.27374e-13 0.0025 0.25 0.1795 1.795 0.02 444 5 1 -1.5099e-17 
0.955 1.17253e-15 3.55271e-13 0.0025 0.25 0.1795 1.795 0.02 445 5 1 1.82965e-17 
0.965 4.29768e-15 -1.27898e-13 0.0025 0.25 0.1795 1.795 0.02 446 5 1 -1.59872e-17 
0.975 2.95537e-16 -1.13687e-13 0.0025 0.25 0.1795 1.795 0.02 447 5 1 2.02505e-17 
0.985 1.31802e-16 -7.10543e-14 0.0025 0.25 0.1795 1.795 0.02 448 5 1 -3.14415e-17 
0.995 -6.84689e-15 -8.52651e-14 0.0025 0.25 0.1795 1.795 0.02 449 4 1 1.7053e-17 
1.005 6.60063e-15 7.10543e-14 0.0025 0.25 0.1795 1.795 0.02 450 4 1 1.7053e-17 
1.015 -3.38673e-16 8.52651e-14 0.0025 0.25 0.1795 1.795 0.02 451 5 1 -3.12639e-17 
1.025 -4.06073e-16 9.9476e-14 0.0025 0.25 0.1795 1.795 0.02 452 5 1 2.02505e-17 
1.035 -4.06441e-15 1.42109e-13 0.0025 0.25 0.1795 1.795 0.02 453 5 1 -1.65201e-17 
1.045 -1.25889e-16 -3.12639e-13 0.0025 0.25 0.1795 1.795 0.02 454 5 1 1.82965e-17 
1.055 -4.42039e-15 -2.84217e-13 0.0025 0.25 0.1795 1.795 0.02 455 5 1 -1.35003e-17 
1.065 6.75864e-15 5.40012e-13 0.0025 0.25 0.1795 1.795 0.02 456 5 1 2.66454e-18 
1.075 5.17608e-15 -9.80549e-13 0.0025 0.25 0.1795 1.795 0.02 457 5 1 4.28102e-17 
1.085 -6.73651e-14 -3.11218e-11 0.0025 0.25 0.1795 1.795 0.02 458 4 1 1.17595e-16 
1.095 -5.17315e-13 -1.15165e-10 0.0025 0.25 0.1795 1.795 0.02 459 4 1 -5.68434e-17 
1.105 -1.34749e-12 -1.23038e-10 0.0025 0.25 0.1795 1.795 0.02 460 3 1 -3.10756e-15 
1.115 1.67544e-12 1.81484e-09 0.0025 0.25 0.1795 1.795 0.02 461 4 1 -6.27907e-15 
1.125 3.68576e-11 8.93382e-09 0.0025 0.25 0.1795 1.795 0.02 462 5 1 6.21935e-14 
1.135 1.3116e-11 -3.17443e-08 0.0025 0.25 0.1795 1.795 0.02 463 4 1 4.4674e-13 
1.145 -8.28708e-10 -2.95722e-07 0.0025 0.25 0.1795 1.795 0.02 464 4 1 1.53135e-12 
1.155 -5.34167e-09 -1.23071e-06 0.0025 0.25 0.1795 1.795 0.02 465 4 1 1.27855e-12 
1.165 -1.70731e-08 -2.00739e-06 0.0025 0.25 0.1795 1.795 0.02 466 3 1 -2.27437e-11 
1.175 -9.63062e-09 9.95414e-06 0.0025 0.25 0.1795 1.795 0.02 467 4 1 -9.76717e-11 
1.185 2.83118e-07 9.21795e-05 0.0025 0.25 0.1795 1.795 0.02 468 5 1 3.4344e-10 
1.195 6.10563e-07 -0.000129039 0.0025 0.25 0.1795 1.795 0.02 469 4 1 3.41783e-09 
1.205 -4.94733e-06 -0.0020601 0.0025 0.250002 0.179502 1.795 0.0199999 470 4 1 1.38919e-08 
1.215 -4.00832e-05 -0.0100263 0.0025 0.250009 0.179509 1.79503 0.0199993 471 4 1 2.50651e-08 
1.225 -0.000156862 -0.0245959 0.0025 0.250027 0.179525 1.79508 0.0199979 472 3 1 -8.74304e-08 
1.235 -0.000267654 0.0150546 0.0025 0.250006 0.179489 1.79502 0.0199995 473 4 1 -8.57331e-07 
1.245 0.00122667 0.595119 0.0025 0.249629 0.179136 1.79394 0.0200297 474 4 1 4.3723e-07 
1.25503 0.00738463 0.428936 0.0025 0.249457 0.179236 1.79343 0.0200435 475 5 1 2.22638e-05 
1.26504 -0.0126438 -8.11993 0.0025 0.254993 0.185641 1.81033 0.0196084 476 4 1 0.000135497 
1.27465 -0.122497 -24.8579 0.0025 0.277204 0.210375 1.88091 0.0180372 477 4 1 0.000261708 
1.28319 -0.320132 -30.3152 0.0025 0.320075 0.259106 2.01176 0.0156214 478 4 1 0.000182606 
1.29043 -0.488816 -18.4921 0.0025 0.369095 0.316903 2.14612 0.0135467 479 4 1 5.43696e-05 
1.2968 -0.578011 -9.36634 0.0025 0.406795 0.363615 2.23824 0.0122912 480 4 1 4.67883e-06 
1.30273 -0.627006 -5.30729 0.0025 0.430596 0.394227 2.29183 0.0116118 481 4 1 -8.43548e-06 
1.30842 -0.652172 -2.43642 0.0025 0.444362 0.412255 2.32158 0.0112521 482 4 1 -9.69787e-06 
1.31399 -0.66386 -1.14974 0.0025 0.451254 0.421486 2.33629 0.0110802 483 4 1 -5.82822e-06 
1.3195 -0.669185 -0.490947 0.0025 0.454461 0.425863 2.34328 0.011002 484 4 1 -3.00521e-06 
1.32499 -0.671451 -0.207198 0.0025 0.455832 0.427802 2.34653 0.010969 485 4 1 -1.34059e-06 
1.33047 -0.672412 -0.0855185 0.0025 0.456365 0.428628 2.34816 0.0109561 486 4 1 -5.2932e-07 
1.33595 -0.672818 -0.0350259 0.0025 0.456526 0.428973 2.34914 0.0109523 487 3 1 -1.56267e-07 
1.34142 -0.672996 -0.0142642 0.0025 0.456516 0.429115 2.34994 0.0109525 488 4 1 2.50402e-08 
1.3469 -0.673081 -0.00559127 0.0025 0.456414 0.429175 2.35077 0.010955 489 4 1 1.32817e-07 
1.35238 -0.673128 -0.00182679 0.0025 0.456246 0.4292 2.35175 0.010959 490 4 1 2.27701e-07 
1.35786 -0.673159 -3.77812e-05 0.0025 0.456012 0.429212 2.35301 0.0109646 491 4 1 3.40447e-07 
1.36334 -0.673185 0.000938313 0.0025 0.455692 0.42922 2.35467 0.0109723 492 4 1 5.4002e-07 
1.36883 -0.673208 0.00157427 0.0025 0.455246 0.42923 2.35697 0.0109831 493 4 1 8.40373e-07 
1.37432 -0.673231 0.00208802 0.0025 0.454619 0.429252 2.36026 0.0109982 494 4 1 1.26967e-06 
1.37983 -0.673255 0.00258894 0.0025 0.453535 0.429187 2.36503 0.0110245 495 4 1 3.91114e-06 
1.38535 -0.67328 0.0031415 0.0025 0.452347 0.429509 2.37442 0.0110535 496 4 1 -3.01351e-06 
1.39088 -0.673305 0.0037657 0.0025 0.446911 0.42713 2.38002 0.0111879 497 5 1 5.37947e-05 
1.39654 -0.673333 0.00445068 0.0025 0.454199 0.432782 2.44391 0.0110084 498 4 1 -0.000240412 
1.4019 -0.673361 0.00511578 0.0025 0.482666 0.424331 2.15524 0.0103591 499 4 1 0.000266031 
