# Time [s]: 0.164213
# Columns: pos [m], vel [m/s], acc [m/s^2], mass [kg], dens [kg/m^3], pres [Pa], ene [J/kg], sml [m], id, neighbor, alpha, gradh, ...additional?
1.3917 -0.673283 0.0036788 0.0025 0.510945 0.432602 2.15232 0.00978578 0 4 1 -0.000134232 
1.39649 -0.673301 0.00400684 0.0025 0.536789 0.426057 1.94987 0.00931465 1 4 1 0.000179231 
1.40102 -0.67332 0.0043511 0.0025 0.548107 0.430715 1.96831 0.00912231 2 3 1 -1.90598e-05 
1.40561 -0.67334 0.0047524 0.0025 0.545832 0.42904 1.96444 0.00916033 3 5 1 3.48695e-06 
1.41018 -0.673363 0.00522017 0.0025 0.546218 0.429182 1.96436 0.00915385 4 3 1 -1.39942e-07 
1.41476 -0.673388 0.00574325 0.0025 0.546216 0.429138 1.96411 0.00915388 5 5 1 1.42172e-07 
1.41934 -0.673415 0.00631072 0.0025 0.546225 0.429121 1.96403 0.00915374 6 3 1 -5.26096e-09 
1.42392 -0.673445 0.00695074 0.0025 0.546223 0.429101 1.96395 0.00915377 7 4 1 6.21635e-09 
1.42849 -0.673479 0.0077106 0.0025 0.54622 0.429082 1.96387 0.00915383 8 4 1 2.40618e-09 
1.43307 -0.673516 0.00859405 0.0025 0.546213 0.42906 1.96379 0.00915394 9 4 1 2.76988e-09 
1.43765 -0.673557 0.00956415 0.0025 0.546203 0.429036 1.96372 0.00915411 10 4 1 -5.25498e-09 
1.44222 -0.673602 0.010633 0.0025 0.54619 0.429009 1.96364 0.00915433 11 4 1 1.32796e-09 
1.4468 -0.673654 0.0118976 0.0025 0.546173 0.428979 1.96357 0.00915461 12 4 1 -1.13688e-09 
1.45138 -0.673711 0.0134278 0.0025 0.546152 0.428945 1.96349 0.00915496 13 4 1 -1.12232e-09 
1.45596 -0.673775 0.0151596 0.0025 0.546126 0.428907 1.96341 0.0091554 14 4 1 -3.17731e-09 
1.46053 -0.673847 0.0170037 0.0025 0.546094 0.428864 1.96333 0.00915593 15 4 1 -7.40558e-09 
1.46511 -0.673929 0.0190721 0.0025 0.546058 0.428816 1.96324 0.00915654 16 4 1 -1.74754e-09 
1.46969 -0.674022 0.0216274 0.0025 0.546015 0.428762 1.96314 0.00915726 17 4 1 -6.42944e-09 
1.47427 -0.674127 0.0246783 0.0025 0.545965 0.4287 1.96304 0.0091581 18 4 1 -1.02718e-08 
1.47885 -0.674246 0.0278667 0.0025 0.545907 0.428629 1.96293 0.00915908 19 4 1 -7.00013e-09 
1.48343 -0.674383 0.03113 0.0025 0.54584 0.42855 1.9628 0.0091602 20 4 1 -9.35734e-09 
1.48801 -0.674539 0.0352061 0.0025 0.545764 0.42846 1.96267 0.00916148 21 4 1 -1.1475e-08 
1.49259 -0.674717 0.040686 0.0025 0.545676 0.428359 1.96252 0.00916295 22 4 1 -1.40314e-08 
1.49717 -0.674915 0.0467553 0.0025 0.545575 0.428244 1.96235 0.00916464 23 4 1 -1.50847e-08 
-0.498246 -0.675135 0.0520965 0.0025 0.545461 0.428114 1.96217 0.00916655 24 4 1 -9.63206e-09 
-0.493662 -0.67538 0.0566096 0.0025 0.545337 0.427974 1.96197 0.00916864 25 4 1 -3.93264e-09 
-0.489077 -0.675642 0.0600764 0.0025 0.545209 0.42783 1.96177 0.0091708 26 4 1 4.90757e-09 
-0.484491 -0.675899 0.0598974 0.0025 0.545084 0.427689 1.96157 0.00917291 27 4 1 2.37014e-08 
-0.479905 -0.676129 0.0526921 0.0025 0.544976 0.42757 1.9614 0.00917471 28 4 1 5.86667e-08 
-0.475317 -0.676293 0.0305697 0.0025 0.544916 0.427501 1.9613 0.00917572 29 4 1 5.95229e-08 
-0.470729 -0.676303 0.00286413 0.0025 0.544906 0.427487 1.96127 0.0091759 30 5 1 9.30484e-08 
-0.466141 -0.676445 0.0240976 0.0025 0.544981 0.427589 1.96136 0.00917464 31 4 1 6.87037e-07 
-0.461554 -0.675495 -0.478155 0.0025 0.545603 0.428289 1.96225 0.00916418 32 4 1 1.25665e-06 
-0.456977 -0.672346 -0.893982 0.0025 0.547149 0.429977 1.96446 0.00913828 33 4 1 1.11877e-06 
-0.452416 -0.668028 -1.06343 0.0025 0.549419 0.432479 1.9677 0.00910053 34 4 1 1.45307e-06 
-0.447876 -0.662541 -1.50329 0.0025 0.552501 0.43591 1.9721 0.00904976 35 4 1 2.86031e-06 
-0.443366 -0.654183 -2.41594 0.0025 0.55707 0.440991 1.9786 0.00897553 36 4 1 4.46728e-06 
-0.4389 -0.641783 -3.42146 0.0025 0.563618 0.44826 1.98786 0.00887126 37 4 1 5.35977e-06 
-0.434494 -0.625907 -4.18336 0.0025 0.571981 0.457578 1.99961 0.00874155 38 4 1 5.51495e-06 
-0.430158 -0.607838 -4.65901 0.0025 0.581623 0.468384 2.01303 0.00859664 39 4 1 5.10811e-06 
-0.425897 -0.588851 -4.82311 0.0025 0.591925 0.480012 2.02721 0.00844702 40 4 1 4.40698e-06 
-0.42171 -0.570054 -4.79024 0.0025 0.602353 0.491872 2.04142 0.00830078 41 4 1 3.68734e-06 
-0.417596 -0.551963 -4.63195 0.0025 0.612557 0.503561 2.05517 0.00816251 42 4 1 2.9818e-06 
-0.413547 -0.535051 -4.3663 0.0025 0.62231 0.514818 2.06819 0.00803458 43 4 1 2.66834e-06 
-0.40956 -0.519117 -4.22973 0.0025 0.631633 0.525655 2.08052 0.00791599 44 4 1 2.74238e-06 
-0.405631 -0.503772 -4.19659 0.0025 0.640748 0.536318 2.09246 0.00780338 45 4 1 3.14224e-06 
-0.401757 -0.488432 -4.393 0.0025 0.649969 0.547167 2.10445 0.00769267 46 4 1 3.63871e-06 
-0.397938 -0.47249 -4.65583 0.0025 0.659575 0.558527 2.11683 0.00758063 47 4 1 3.99321e-06 
-0.394176 -0.455968 -4.95026 0.0025 0.669668 0.570527 2.12972 0.00746638 48 4 1 4.18645e-06 
-0.390471 -0.438773 -5.19107 0.0025 0.680231 0.583159 2.14309 0.00735045 49 4 1 4.18416e-06 
-0.386825 -0.421268 -5.35855 0.0025 0.691146 0.596295 2.15678 0.00723436 50 4 1 4.13767e-06 
-0.383236 -0.403569 -5.49973 0.0025 0.70231 0.609815 2.17064 0.00711937 51 4 1 3.95755e-06 
-0.379705 -0.385933 -5.52776 0.0025 0.713592 0.623567 2.18452 0.00700681 52 4 1 3.84326e-06 
-0.376229 -0.368464 -5.61452 0.0025 0.724928 0.637477 2.19833 0.00689723 53 4 1 3.72572e-06 
-0.372807 -0.35116 -5.62512 0.0025 0.736291 0.651503 2.21204 0.0067908 54 4 1 3.53955e-06 
-0.369438 -0.334142 -5.62824 0.0025 0.747612 0.665568 2.22558 0.00668796 55 4 1 3.43865e-06 
-0.366119 -0.31742 -5.64755 0.0025 0.758892 0.679669 2.23895 0.00658855 56 4 1 3.38068e-06 
-0.362849 -0.300908 -5.69031 0.0025 0.770157 0.69383 2.25218 0.00649218 57 4 1 3.21974e-06 
-0.359626 -0.284615 -5.65515 0.0025 0.781368 0.708008 2.26523 0.00639904 58 4 1 3.11237e-06 
-0.356449 -0.26869 -5.68085 0.0025 0.792514 0.722186 2.27809 0.00630904 59 4 1 3.03805e-06 
-0.353317 -0.252961 -5.67519 0.0025 0.803616 0.736387 2.2908 0.00622188 60 4 1 2.98082e-06 
-0.350227 -0.237425 -5.72472 0.0025 0.814689 0.75063 2.30337 0.00613731 61 4 1 2.87201e-06 
-0.347179 -0.222098 -5.6973 0.0025 0.825721 0.764893 2.31579 0.00605531 62 4 1 2.71174e-06 
-0.344171 -0.207118 -5.66714 0.0025 0.836658 0.779114 2.32801 0.00597616 63 4 1 2.68633e-06 
-0.341203 -0.192344 -5.70304 0.0025 0.847546 0.793347 2.34007 0.00589938 64 4 1 2.6901e-06 
-0.338272 -0.177741 -5.75394 0.0025 0.858438 0.807654 2.35205 0.00582453 65 4 1 2.5834e-06 
-0.335378 -0.163249 -5.74316 0.0025 0.869301 0.821991 2.36391 0.00575175 66 4 1 2.36823e-06 
-0.33252 -0.149128 -5.64794 0.0025 0.880038 0.836237 2.37554 0.00568158 67 4 1 2.30205e-06 
-0.329696 -0.135281 -5.65717 0.0025 0.890664 0.850411 2.38697 0.00561379 68 4 1 2.37591e-06 
-0.326906 -0.121597 -5.72502 0.0025 0.901291 0.86465 2.39832 0.0055476 69 4 1 2.36615e-06 
-0.324148 -0.107881 -5.77754 0.0025 0.911946 0.878988 2.40962 0.00548278 70 4 1 2.19732e-06 
-0.321423 -0.0944402 -5.72521 0.0025 0.922535 0.893303 2.42077 0.00541985 71 4 1 1.94116e-06 
-0.318728 -0.0813478 -5.58882 0.0025 0.932917 0.907402 2.43163 0.00535953 72 4 1 1.64208e-06 
-0.316063 -0.0688499 -5.31314 0.0025 0.942976 0.921126 2.44207 0.00530236 73 4 1 1.65127e-06 
-0.313426 -0.0569548 -5.2858 0.0025 0.952842 0.934676 2.45223 0.00524746 74 4 1 2.7453e-06 
-0.310816 -0.044274 -6.3297 0.0025 0.963302 0.949098 2.46298 0.00519048 75 4 1 3.08939e-06 
-0.308235 -0.0298339 -6.69964 0.0025 0.974441 0.964396 2.47441 0.00513115 76 4 1 -5.08155e-07 
-0.305684 -0.0181364 -3.67023 0.0025 0.983697 0.977144 2.48376 0.00508287 77 4 1 -2.36022e-06 
-0.303152 -0.012491 -1.93382 0.0025 0.98995 0.986037 2.48989 0.00505076 78 4 1 3.55887e-06 
-0.300633 -0.00382677 -6.85773 0.0025 0.998192 0.997732 2.49819 0.00500906 79 4 1 7.4271e-06 
-0.298143 0.0140045 -9.35355 0.0025 1.0109 1.01529 2.51111 0.00494607 80 4 1 -1.82233e-06 
-0.295687 0.0269551 -2.77493 0.0025 1.02079 1.02897 2.52089 0.00489817 81 4 1 -6.16616e-06 
-0.293245 0.0282674 0.569419 0.0025 1.02387 1.03354 2.52375 0.00488342 82 4 1 -5.68141e-07 
-0.290804 0.0299102 -1.97192 0.0025 1.0256 1.03605 2.52546 0.00487521 83 4 1 4.00499e-07 
-0.28837 0.0331076 -0.766162 0.0025 1.02754 1.03869 2.52743 0.00486601 84 3 1 -2.00222e-06 
-0.285938 0.0328841 0.441538 0.0025 1.02733 1.03842 2.52721 0.00486697 85 4 1 -1.51357e-06 
-0.283503 0.0307016 1.30751 0.0025 1.02527 1.03554 2.52516 0.00487678 86 4 1 -8.2458e-07 
-0.281061 0.0271655 1.88204 0.0025 1.02213 1.03113 2.52205 0.00489173 87 4 1 -3.13358e-07 
-0.278611 0.022837 2.19117 0.0025 1.01844 1.02592 2.51838 0.00490949 88 4 1 1.37427e-07 
-0.276151 0.0182562 2.23429 0.0025 1.01462 1.02055 2.51458 0.00492795 89 4 1 4.67743e-07 
-0.273683 0.0138883 2.0646 0.0025 1.01105 1.01553 2.51102 0.00494536 90 4 1 6.48057e-07 
-0.271206 0.0100642 1.75705 0.0025 1.00796 1.0112 2.50794 0.0049605 91 4 1 6.8884e-07 
-0.268722 0.00695534 1.39177 0.0025 1.00548 1.00771 2.50547 0.00497274 92 4 1 6.30583e-07 
-0.266233 0.0045897 1.03406 0.0025 1.00361 1.00508 2.50359 0.00498203 93 4 1 5.20892e-07 
-0.26374 0.00289437 0.72488 0.0025 1.00227 1.0032 2.50226 0.00498867 94 4 1 3.98054e-07 
-0.261245 0.00174473 0.481469 0.0025 1.00137 1.00193 2.50136 0.00499317 95 4 1 2.8552e-07 
-0.258747 0.00100468 0.303801 0.0025 1.00079 1.00111 2.50078 0.00499607 96 4 1 1.93827e-07 
-0.256249 0.000551674 0.182287 0.0025 1.00043 1.00061 2.50043 0.00499784 97 4 1 1.25036e-07 
-0.253749 0.000287971 0.10394 0.0025 1.00023 1.00032 2.50022 0.00499887 98 4 1 7.67358e-08 
-0.25125 0.000142207 0.0561849 0.0025 1.00011 1.00016 2.50011 0.00499944 99 4 1 4.47589e-08 
-0.24875 6.59533e-05 0.0286649 0.0025 1.00005 1.00007 2.50005 0.00499974 100 4 1 2.47453e-08 
-0.24625 2.84116e-05 0.0137051 0.0025 1.00002 1.00003 2.50002 0.00499989 101 4 1 1.29076e-08 
-0.24375 1.11692e-05 0.00607179 0.0025 1.00001 1.00001 2.50001 0.00499995 102 4 1 6.30798e-09 
-0.24125 3.88504e-06 0.00244647 0.0025 1 1 2.5 0.00499998 103 4 1 2.85705e-09 
-0.23875 1.12262e-06 0.000865514 0.0025 1 1 2.5 0.005 104 4 1 1.1782e-09 
-0.23625 2.25759e-07 0.000248507 0.0025 1 1 2.5 0.005 105 4 1 4.28476e-10 
-0.23375 4.61036e-09 4.78011e-05 0.0025 1 1 2.5 0.005 106 4 1 1.32197e-10 
-0.23125 -5.91062e-09 -1.98605e-05 0.0025 1 1 2.5 0.005 107 5 1 2.13815e-11 
-0.22875 1.38301e-08 -3.90971e-06 0.0025 1 1 2.5 0.005 108 4 1 -9.38185e-12 
-0.22625 1.30517e-08 1.98798e-06 0.0025 1 1 2.5 0.005 109 3 1 -2.67355e-12 
-0.22375 8.05414e-09 2.60665e-06 0.0025 1 1 2.5 0.005 110 4 1 5.67443e-13 
-0.22125 3.94371e-09 1.75441e-06 0.0025 1 1 2.5 0.005 111 4 1 1.08696e-12 
-0.21875 1.58943e-09 8.9665e-07 0.0025 1 1 2.5 0.005 112 4 1 7.8419e-13 
-0.21625 5.12413e-10 3.70902e-07 0.0025 1 1 2.5 0.005 113 4 1 4.17543e-13 
-0.21375 1.15403e-10 1.19253e-07 0.0025 1 1 2.5 0.005 114 4 1 1.7656e-13 
-0.21125 6.68768e-12 2.60045e-08 0.0025 1 1 2.5 0.005 115 4 1 6.01826e-14 
-0.20875 -4.92809e-12 -5.76551e-09 0.0025 1 1 2.5 0.005 116 5 1 1.20142e-14 
-0.20625 3.10157e-12 -2.17472e-09 0.0025 1 1 2.5 0.005 117 4 1 -3.02194e-15 
-0.20375 3.51867e-12 4.76689e-10 0.0025 1 1 2.5 0.005 118 3 1 -1.22533e-15 
-0.20125 2.06233e-12 8.06665e-10 0.0025 1 1 2.5 0.005 119 4 1 1.8936e-16 
-0.19875 8.66396e-13 4.92719e-10 0.0025 1 1 2.5 0.005 120 4 1 3.66285e-16 
-0.19625 2.72164e-13 2.06057e-10 0.0025 1 1 2.5 0.005 121 4 1 2.19913e-16 
-0.19375 6.59164e-14 6.48015e-11 0.0025 1 1 2.5 0.005 122 4 1 8.81073e-17 
-0.19125 5.68516e-15 1.15392e-11 0.0025 1 1 2.5 0.005 123 4 1 3.01981e-17 
-0.18875 1.18187e-15 -1.93268e-12 0.0025 1 1 2.5 0.005 124 5 1 2.84217e-18 
-0.18625 8.696e-16 1.13687e-13 0.0025 1 1 2.5 0.005 125 5 1 3.55271e-19 
-0.18375 6.95837e-17 1.13687e-13 0.0025 1 1 2.5 0.005 126 5 1 -1.42109e-18 
-0.18125 3.43028e-47 4.48416e-44 0.0025 1 1 2.5 0.005 127 5 1 -1.42109e-18 
-0.17875 0 0 0.0025 1 1 2.5 0.005 128 5 1 -1.42109e-18 
-0.17625 0 0 0.0025 1 1 2.5 0.005 129 5 1 -1.42109e-18 
-0.17375 0 0 0.0025 1 1 2.5 0.005 130 5 1 -1.42109e-18 
-0.17125 0 0 0.0025 1 1 2.5 0.005 131 5 1 -1.42109e-18 
-0.16875 0 0 0.0025 1 1 2.5 0.005 132 5 1 -1.42109e-18 
-0.16625 0 0 0.0025 1 1 2.5 0.005 133 5 1 -1.42109e-18 
-0.16375 0 0 0.0025 1 1 2.5 0.005 134 5 1 -1.42109e-18 
-0.16125 0 0 0.0025 1 1 2.5 0.005 135 5 1 -1.42109e-18 
-0.15875 0 0 0.0025 1 1 2.5 0.005 136 5 1 -1.42109e-18 
-0.15625 0 0 0.0025 1 1 2.5 0.005 137 5 1 -1.42109e-18 
-0.15375 0 0 0.0025 1 1 2.5 0.005 138 5 1 -1.42109e-18 
-0.15125 0 0 0.0025 1 1 2.5 0.005 139 5 1 -1.42109e-18 
-0.14875 0 0 0.0025 1 1 2.5 0.005 140 5 1 -1.42109e-18 
-0.14625 0 0 0.0025 1 1 2.5 0.005 141 5 1 -1.42109e-18 
-0.14375 0 0 0.0025 1 1 2.5 0.005 142 5 1 -1.42109e-18 
-0.14125 0 0 0.0025 1 1 2.5 0.005 143 5 1 -1.42109e-18 
-0.13875 0 0 0.0025 1 1 2.5 0.005 144 5 1 -1.42109e-18 
-0.13625 0 0 0.0025 1 1 2.5 0.005 145 5 1 -1.42109e-18 
-0.13375 0 0 0.0025 1 1 2.5 0.005 146 5 1 -1.42109e-18 
-0.13125 0 0 0.0025 1 1 2.5 0.005 147 5 1 -1.42109e-18 
-0.12875 0 0 0.0025 1 1 2.5 0.005 148 5 1 -1.42109e-18 
-0.12625 0 0 0.0025 1 1 2.5 0.005 149 5 1 -1.42109e-18 
-0.12375 0 0 0.0025 1 1 2.5 0.005 150 5 1 -1.42109e-18 
-0.12125 0 0 0.0025 1 1 2.5 0.005 151 5 1 -1.42109e-18 
-0.11875 0 0 0.0025 1 1 2.5 0.005 152 5 1 -1.42109e-18 
-0.11625 0 0 0.0025 1 1 2.5 0.005 153 5 1 -1.42109e-18 
-0.11375 0 0 0.0025 1 1 2.5 0.005 154 5 1 -1.42109e-18 
-0.11125 0 0 0.0025 1 1 2.5 0.005 155 5 1 -1.42109e-18 
-0.10875 0 0 0.0025 1 1 2.5 0.005 156 5 1 -1.42109e-18 
-0.10625 0 0 0.0025 1 1 2.5 0.005 157 5 1 -1.42109e-18 
-0.10375 0 0 0.0025 1 1 2.5 0.005 158 5 1 -1.42109e-18 
-0.10125 0 0 0.0025 1 1 2.5 0.005 159 5 1 -1.42109e-18 
-0.09875 0 0 0.0025 1 1 2.5 0.005 160 5 1 -1.42109e-18 
-0.09625 0 0 0.0025 1 1 2.5 0.005 161 5 1 -1.42109e-18 
-0.09375 -1.13162e-46 -3.36312e-44 0.0025 1 1 2.5 0.005 162 5 1 -1.42109e-18 
-0.09125 -1.3907e-16 -3.36312e-44 0.0025 1 1 2.5 0.005 163 5 1 -1.42109e-18 
-0.08875 -3.1282e-16 -1.13687e-13 0.0025 1 1 2.5 0.005 164 5 1 -1.42109e-18 
-0.08625 -5.55862e-16 -1.12104e-44 0.0025 1 1 2.5 0.005 165 5 1 -1.42109e-18 
-0.08375 -9.02936e-16 -3.36312e-44 0.0025 1 1 2.5 0.005 166 5 1 -1.42109e-18 
-0.08125 -1.4232e-15 -1.13687e-13 0.0025 1 1 2.5 0.005 167 5 1 -1.42109e-18 
-0.07875 -2.30766e-15 -5.68434e-14 0.0025 1 1 2.5 0.005 168 5 1 -1.42109e-18 
-0.07625 -1.26097e-15 5.11591e-13 0.0025 1 1 2.5 0.005 169 5 1 -6.39488e-18 
-0.07375 -2.64249e-15 5.11591e-13 0.0025 1 1 2.5 0.005 170 5 1 6.75016e-18 
-0.07125 5.31323e-16 -3.41061e-13 0.0025 1 1 2.5 0.005 171 5 1 -7.4607e-18 
-0.06875 -1.10493e-15 -2.84217e-13 0.0025 1 1 2.5 0.005 172 5 1 6.75016e-18 
-0.06625 -1.76383e-16 -5.68434e-14 0.0025 1 1 2.5 0.005 173 5 1 -1.42109e-17 
-0.06375 -1.51514e-15 5.68434e-14 0.0025 1 1 2.5 0.005 174 3 1 5.68434e-18 
-0.06125 9.91009e-16 1.89327e-27 0.0025 1 1 2.5 0.005 175 3 1 4.61853e-18 
-0.05875 -8.63601e-16 -2.27374e-13 0.0025 1 1 2.5 0.005 176 5 1 -1.13687e-17 
-0.05625 -1.8488e-15 -1.13687e-13 0.0025 1 1 2.5 0.005 177 5 1 6.03961e-18 
-0.05375 -4.26561e-15 4.54747e-13 0.0025 1 1 2.5 0.005 178 5 1 -7.81597e-18 
-0.05125 8.10468e-16 -1.13687e-13 0.0025 1 1 2.5 0.005 179 5 1 2.4869e-18 
-0.04875 -8.65694e-16 -2.27374e-13 0.0025 1 1 2.5 0.005 180 5 1 -2.4869e-18 
-0.04625 -1.38547e-15 -5.68434e-14 0.0025 1 1 2.5 0.005 181 5 1 -3.90799e-18 
-0.04375 -1.96964e-15 2.27374e-13 0.0025 1 1 2.5 0.005 182 5 1 -3.55271e-19 
-0.04125 -2.47941e-15 -1.7053e-13 0.0025 1 1 2.5 0.005 183 5 1 -2.13163e-18 
-0.03875 -5.21903e-15 -9.09495e-13 0.0025 1 1 2.5 0.005 184 3 1 -3.55271e-19 
-0.03625 -2.84513e-15 3.0127e-12 0.0025 1 1 2.5 0.005 185 4 1 -3.90799e-18 
-0.03375 -4.96278e-16 -2.21689e-12 0.0025 1 1 2.5 0.005 186 4 1 3.55271e-19 
-0.03125 -1.08786e-15 6.25278e-13 0.0025 1 1 2.5 0.005 187 3 1 1.49214e-17 
-0.02875 -1.71674e-16 1.02318e-12 0.0025 1 1 2.5 0.005 188 4 1 -1.3145e-17 
-0.02625 -7.31046e-16 -1.25056e-12 0.0025 1 1 2.5 0.005 189 5 1 4.9738e-18 
-0.02375 7.24332e-16 -1.41995e-27 0.0025 1 1 2.5 0.005 190 3 1 -2.84217e-18 
-0.02125 -5.49611e-17 -1.13687e-13 0.0025 1 1 2.5 0.005 191 4 1 5.32907e-18 
-0.01875 -6.2223e-16 1.41995e-27 0.0025 1 1 2.5 0.005 192 4 1 -5.68434e-18 
-0.01625 -2.72039e-15 5.68434e-14 0.0025 1 1 2.5 0.005 193 4 1 1.42109e-18 
-0.01375 -7.49203e-16 -1.13687e-13 0.0025 1 1 2.5 0.005 194 4 1 -7.10543e-19 
-0.01125 -5.59127e-16 -5.68434e-14 0.0025 1 1 2.5 0.005 195 5 1 -1.77636e-18 
-0.00875 8.107e-16 3.9443e-29 0.0025 1 1 2.5 0.005 196 5 1 -1.42109e-18 
-0.00625 5.99591e-16 1.7053e-13 0.0025 1 1 2.5 0.005 197 4 1 1.2326e-33 
-0.00375 2.67586e-16 -2.84217e-13 0.0025 1 1 2.5 0.005 198 4 1 1.2326e-33 
-0.00125 -5.3225e-17 5.68434e-14 0.0025 1 1 2.5 0.005 199 3 1 0 
0.00125 -4.42186e-16 -5.68434e-14 0.0025 1 1 2.5 0.005 200 3 1 0 
0.00375 -3.14451e-16 1.13687e-13 0.0025 1 1 2.5 0.005 201 4 1 -7.10543e-19 
0.00625 4.52304e-16 7.84727e-44 0.0025 1 1 2.5 0.005 202 4 1 -1.06581e-18 
0.00875 2.3112e-16 1.13687e-13 0.0025 1 1 2.5 0.005 203 4 1 -1.42109e-18 
0.01125 -2.11313e-17 8.87469e-29 0.0025 1 1 2.5 0.005 204 4 1 2.4869e-18 
0.01375 -9.59649e-16 -2.27374e-13 0.0025 1 1 2.5 0.005 205 5 1 -4.26326e-18 
0.01625 -2.66476e-15 -6.25278e-13 0.0025 1 1 2.5 0.005 206 4 1 2.13163e-18 
0.01875 -1.65268e-15 1.19371e-12 0.0025 1 1 2.5 0.005 207 4 1 -7.10543e-18 
0.02125 -1.12627e-15 -4.54747e-13 0.0025 1 1 2.5 0.005 208 3 1 8.17124e-18 
0.02375 -8.88214e-16 -1.13687e-13 0.0025 1 1 2.5 0.005 209 3 1 0 
0.02625 5.42998e-16 1.7053e-13 0.0025 1 1 2.5 0.005 210 4 1 -7.10543e-19 
0.02875 -3.3506e-16 -5.68434e-14 0.0025 1 1 2.5 0.005 211 4 1 -4.26326e-18 
0.03125 -1.60613e-15 -5.68434e-14 0.0025 1 1 2.5 0.005 212 3 1 6.75016e-18 
0.03375 8.27568e-16 -5.68434e-14 0.0025 1 1 2.5 0.005 213 4 1 2.13163e-18 
0.03625 -5.14373e-16 -5.68434e-14 0.0025 1 1 2.5 0.005 214 5 1 -9.23706e-18 
0.03875 2.63624e-15 5.68434e-14 0.0025 1 1 2.5 0.005 215 5 1 3.90799e-18 
0.04125 1.64076e-15 -1.13687e-13 0.0025 1 1 2.5 0.005 216 5 1 -6.03961e-18 
0.04375 8.26101e-16 -5.68434e-14 0.0025 1 1 2.5 0.005 217 5 1 2.13163e-18 
0.04625 -1.90962e-16 1.23314e-43 0.0025 1 1 2.5 0.005 218 5 1 -4.26326e-18 
0.04875 1.9862e-15 5.68434e-14 0.0025 1 1 2.5 0.005 219 5 1 -7.10543e-19 
0.05125 1.45995e-15 5.68434e-14 0.0025 1 1 2.5 0.005 220 5 1 -2.4869e-18 
0.05375 3.56206e-15 -5.68434e-14 0.0025 1 1 2.5 0.005 221 5 1 -2.4869e-18 
0.05625 1.06468e-15 -5.68434e-14 0.0025 1 1 2.5 0.005 222 5 1 4.26326e-18 
0.05875 5.42872e-15 1.7053e-13 0.0025 1 1 2.5 0.005 223 5 1 -1.13687e-17 
0.06125 4.01482e-15 5.68434e-14 0.0025 1 1 2.5 0.005 224 3 1 3.55271e-18 
0.06375 7.23614e-15 1.13687e-13 0.0025 1 1 2.5 0.005 225 3 1 7.81597e-18 
0.06625 5.17373e-15 5.68434e-14 0.0025 1 1 2.5 0.005 226 5 1 -1.38556e-17 
0.06875 6.34356e-15 5.68434e-14 0.0025 1 1 2.5 0.005 227 5 1 8.88178e-18 
0.07125 5.43527e-15 2.24208e-44 0.0025 1 1 2.5 0.005 228 5 1 -1.10134e-17 
0.07375 4.46106e-15 1.13687e-13 0.0025 1 1 2.5 0.005 229 5 1 8.88178e-18 
0.07625 5.81962e-15 -6.72623e-44 0.0025 1 1 2.5 0.005 230 5 1 -1.3145e-17 
0.07875 5.339e-15 -1.68156e-43 0.0025 1 1 2.5 0.005 231 5 1 8.52651e-18 
0.08125 3.36805e-15 1.56945e-43 0.0025 1 1 2.5 0.005 232 5 1 -8.52651e-18 
0.08375 2.69652e-15 0 0.0025 1 1 2.5 0.005 233 5 1 3.90799e-18 
0.08625 1.38914e-15 1.45735e-43 0.0025 1 1 2.5 0.005 234 5 1 -5.32907e-18 
0.08875 3.15518e-15 -1.12104e-43 0.0025 1 1 2.5 0.005 235 5 1 2.46519e-33 
0.09125 2.73209e-15 -3.36312e-44 0.0025 1 1 2.5 0.005 236 5 1 -3.90799e-18 
0.09375 2.27063e-15 0 0.0025 1 1 2.5 0.005 237 5 1 2.46519e-33 
0.09625 1.64004e-15 0 0.0025 1 1 2.5 0.005 238 5 1 -4.61853e-18 
0.09875 5.79052e-16 1.45735e-43 0.0025 1 1 2.5 0.005 239 5 1 1.42109e-18 
0.10125 2.57924e-15 -1.79366e-43 0.0025 1 1 2.5 0.005 240 5 1 -6.75016e-18 
0.10375 1.40154e-15 -1.12104e-44 0.0025 1 1 2.5 0.005 241 5 1 5.68434e-18 
0.10625 5.6678e-16 -3.36312e-44 0.0025 1 1 2.5 0.005 242 5 1 -1.03029e-17 
0.10875 -1.37786e-15 3.13891e-43 0.0025 1 1 2.5 0.005 243 5 1 9.9476e-18 
0.11125 1.7643e-15 -1.90577e-43 0.0025 1 1 2.5 0.005 244 5 1 -1.66978e-17 
0.11375 -9.3232e-16 1.90577e-43 0.0025 1 1 2.5 0.005 245 5 1 1.74083e-17 
0.11625 3.50867e-15 -2.9147e-43 0.0025 1 1 2.5 0.005 246 5 1 -2.41585e-17 
0.11875 1.72812e-15 -5.68434e-14 0.0025 1 1 2.5 0.005 247 5 1 2.34479e-17 
0.12125 1.61214e-15 5.68434e-14 0.0025 1 1 2.5 0.005 248 5 1 -3.01981e-17 
0.12375 2.48791e-17 5.68434e-14 0.0025 1 1 2.5 0.005 249 3 1 1.52767e-17 
0.12625 4.77273e-15 7.14905e-27 0.0025 1 1 2.5 0.005 250 3 1 1.42109e-17 
0.12875 2.01769e-15 7.10961e-27 0.0025 1 1 2.5 0.005 251 5 1 -2.70006e-17 
0.13125 2.63912e-15 -3.9443e-29 0.0025 1 1 2.5 0.005 252 5 1 1.84741e-17 
0.13375 1.91493e-16 5.68434e-14 0.0025 1 1 2.5 0.005 253 5 1 -1.81188e-17 
0.13625 3.53805e-15 1.13687e-13 0.0025 1 1 2.5 0.005 254 5 1 1.10134e-17 
0.13875 1.96847e-15 5.60519e-44 0.0025 1 1 2.5 0.005 255 5 1 -1.1724e-17 
0.14125 1.78493e-15 -1.34525e-43 0.0025 1 1 2.5 0.005 256 5 1 4.9738e-18 
0.14375 2.59851e-16 6.72623e-44 0.0025 1 1 2.5 0.005 257 5 1 -6.75016e-18 
0.14625 -8.61371e-16 5.68434e-14 0.0025 1 1 2.5 0.005 258 5 1 4.26326e-18 
0.14875 -1.68309e-15 7.84727e-44 0.0025 1 1 2.5 0.005 259 5 1 -6.75016e-18 
0.15125 -1.72609e-15 -3.36312e-44 0.0025 1 1 2.5 0.005 260 5 1 1.42109e-18 
0.15375 -2.45079e-15 1.12104e-43 0.0025 1 1 2.5 0.005 261 5 1 -4.9738e-18 
0.15625 -8.36073e-16 -6.72623e-44 0.0025 1 1 2.5 0.005 262 5 1 -3.55271e-19 
0.15875 -1.43438e-15 1.34525e-43 0.0025 1 1 2.5 0.005 263 5 1 -3.19744e-18 
0.16125 1.63614e-15 3.97904e-13 0.0025 1 1 2.5 0.005 264 5 1 -3.55271e-18 
0.16375 1.14516e-15 3.41061e-13 0.0025 1 1 2.5 0.005 265 5 1 7.10543e-19 
0.16625 6.55884e-16 -5.68434e-14 0.0025 1 1 2.5 0.005 266 5 1 -2.13163e-18 
0.16875 1.15068e-15 -5.68434e-14 0.0025 1 1 2.5 0.005 267 5 1 -2.13163e-18 
0.17125 8.38605e-16 -1.12104e-44 0.0025 1 1 2.5 0.005 268 5 1 -2.13163e-18 
0.17375 6.01944e-16 -4.48416e-44 0.0025 1 1 2.5 0.005 269 5 1 -2.4869e-18 
0.17625 -7.63123e-17 4.48416e-44 0.0025 1 1 2.5 0.005 270 5 1 -7.10543e-19 
0.17875 -7.64628e-16 8.96831e-44 0.0025 1 1 2.5 0.005 271 5 1 -2.4869e-18 
0.18125 9.63166e-16 5.68434e-14 0.0025 1 1 2.5 0.005 272 5 1 -2.13163e-18 
0.18375 6.21036e-16 5.68434e-14 0.0025 1 1 2.5 0.005 273 5 1 -1.42109e-18 
0.18625 3.00551e-15 3.41061e-13 0.0025 1 1 2.5 0.005 274 5 1 -4.61853e-18 
0.18875 3.81797e-15 2.95586e-12 0.0025 1 1 2.5 0.005 275 5 1 3.55271e-18 
0.19125 3.02353e-15 -9.60654e-12 0.0025 1 1 2.5 0.005 276 4 1 3.23297e-17 
0.19375 -5.0788e-14 -6.6791e-11 0.0025 1 1 2.5 0.005 277 4 1 1.06226e-16 
0.19625 -2.8005e-13 -2.10093e-10 0.0025 1 1 2.5 0.005 278 4 1 2.04281e-16 
0.19875 -8.80061e-13 -4.93401e-10 0.0025 1 1 2.5 0.005 279 4 1 3.68061e-16 
0.20125 -2.05338e-12 -8.08086e-10 0.0025 1 1 2.5 0.005 280 4 1 1.91491e-16 
0.20375 -3.51997e-12 -4.65548e-10 0.0025 1 1 2.5 0.005 281 3 1 -1.24736e-15 
0.20625 -3.12304e-12 2.16698e-09 0.0025 1 1 2.5 0.005 282 4 1 -2.98535e-15 
0.20875 4.93484e-12 5.75943e-09 0.0025 1 1 2.5 0.005 283 5 1 1.19961e-14 
0.21125 -6.69165e-12 -2.59981e-08 0.0025 1 1 2.5 0.005 284 4 1 6.01702e-14 
0.21375 -1.15398e-10 -1.19253e-07 0.0025 1 1 2.5 0.005 285 4 1 1.76561e-13 
0.21625 -5.12418e-10 -3.709e-07 0.0025 1 1 2.5 0.005 286 4 1 4.17538e-13 
0.21875 -1.58944e-09 -8.96642e-07 0.0025 1 1 2.5 0.005 287 4 1 7.84241e-13 
0.22125 -3.9437e-09 -1.75443e-06 0.0025 1 1 2.5 0.005 288 4 1 1.08692e-12 
0.22375 -8.05414e-09 -2.60664e-06 0.0025 1 1 2.5 0.005 289 4 1 5.67438e-13 
0.22625 -1.30517e-08 -1.98798e-06 0.0025 1 1 2.5 0.005 290 3 1 -2.67354e-12 
0.22875 -1.38301e-08 3.9097e-06 0.0025 1 1 2.5 0.005 291 4 1 -9.38185e-12 
0.23125 5.91062e-09 1.98605e-05 0.0025 1 1 2.5 0.005 292 5 1 2.13815e-11 
0.23375 -4.61037e-09 -4.78011e-05 0.0025 1 1 2.5 0.005 293 4 1 1.32197e-10 
0.23625 -2.25759e-07 -0.000248507 0.0025 1 1 2.5 0.005 294 4 1 4.28476e-10 
0.23875 -1.12262e-06 -0.000865514 0.0025 1 1 2.5 0.005 295 4 1 1.1782e-09 
0.24125 -3.88504e-06 -0.00244647 0.0025 1 1 2.5 0.00499998 296 4 1 2.85705e-09 
0.24375 -1.11692e-05 -0.00607179 0.0025 1.00001 1.00001 2.50001 0.00499995 297 4 1 6.30798e-09 
0.24625 -2.84116e-05 -0.0137051 0.0025 1.00002 1.00003 2.50002 0.00499989 298 4 1 1.29076e-08 
0.24875 -6.59533e-05 -0.0286649 0.0025 1.00005 1.00007 2.50005 0.00499974 299 4 1 2.47453e-08 
0.25125 -0.000142207 -0.0561849 0.0025 1.00011 1.00016 2.50011 0.00499944 300 4 1 4.47589e-08 
0.253749 -0.000287971 -0.10394 0.0025 1.00023 1.00032 2.50022 0.00499887 301 4 1 7.67358e-08 
0.256249 -0.000551674 -0.182287 0.0025 1.00043 1.00061 2.50043 0.00499784 302 4 1 1.25036e-07 
0.258747 -0.00100468 -0.303801 0.0025 1.00079 1.00111 2.50078 0.00499607 303 4 1 1.93827e-07 
0.261245 -0.00174473 -0.481469 0.0025 1.00137 1.00193 2.50136 0.00499317 304 4 1 2.8552e-07 
0.26374 -0.00289437 -0.72488 0.0025 1.00227 1.0032 2.50226 0.00498867 305 4 1 3.98054e-07 
0.266233 -0.0045897 -1.03406 0.0025 1.00361 1.00508 2.50359 0.00498203 306 4 1 5.20892e-07 
0.268722 -0.00695534 -1.39177 0.0025 1.00548 1.00771 2.50547 0.00497274 307 4 1 6.30583e-07 
0.271206 -0.0100642 -1.75705 0.0025 1.00796 1.0112 2.50794 0.0049605 308 4 1 6.8884e-07 
0.273683 -0.0138883 -2.0646 0.0025 1.01105 1.01553 2.51102 0.00494536 309 4 1 6.48057e-07 
0.276151 -0.0182562 -2.23429 0.0025 1.01462 1.02055 2.51458 0.00492795 310 4 1 4.67743e-07 
0.278611 -0.022837 -2.19117 0.0025 1.01844 1.02592 2.51838 0.00490949 311 4 1 1.37427e-07 
0.281061 -0.0271655 -1.88204 0.0025 1.02213 1.03113 2.52205 0.00489173 312 4 1 -3.13358e-07 
0.283503 -0.0307016 -1.30751 0.0025 1.02527 1.03554 2.52516 0.00487678 313 4 1 -8.2458e-07 
0.285938 -0.0328841 -0.441538 0.0025 1.02733 1.03842 2.52721 0.00486697 314 4 1 -1.51357e-06 
0.28837 -0.0331076 0.766162 0.0025 1.02754 1.03869 2.52743 0.00486601 315 3 1 -2.00222e-06 
0.290804 -0.0299102 1.97192 0.0025 1.0256 1.03605 2.52546 0.00487521 316 4 1 4.00499e-07 
0.293245 -0.0282674 -0.569419 0.0025 1.02387 1.03354 2.52375 0.00488342 317 4 1 -5.68141e-07 
0.295687 -0.0269551 2.77493 0.0025 1.02079 1.02897 2.52089 0.00489817 318 4 1 -6.16616e-06 
0.298143 -0.0140045 9.35355 0.0025 1.0109 1.01529 2.51111 0.00494607 319 4 1 -1.82233e-06 
0.300633 0.00382677 6.85773 0.0025 0.998192 0.997732 2.49819 0.00500906 320 4 1 7.4271e-06 
0.303152 0.012491 1.93382 0.0025 0.98995 0.986037 2.48989 0.00505076 321 4 1 3.55887e-06 
0.305684 0.0181364 3.67023 0.0025 0.983697 0.977144 2.48376 0.00508287 322 4 1 -2.36022e-06 
0.308235 0.0298339 6.69964 0.0025 0.974441 0.964396 2.47441 0.00513115 323 4 1 -5.08155e-07 
0.310816 0.044274 6.3297 0.0025 0.963302 0.949098 2.46298 0.00519048 324 4 1 3.08939e-06 
0.313426 0.0569548 5.2858 0.0025 0.952842 0.934676 2.45223 0.00524746 325 4 1 2.7453e-06 
0.316063 0.0688499 5.31314 0.0025 0.942976 0.921126 2.44207 0.00530236 326 4 1 1.65127e-06 
0.318728 0.0813478 5.58882 0.0025 0.932917 0.907402 2.43163 0.00535953 327 4 1 1.64208e-06 
0.321423 0.0944402 5.72521 0.0025 0.922535 0.893303 2.42077 0.00541985 328 4 1 1.94116e-06 
0.324148 0.107881 5.77754 0.0025 0.911946 0.878988 2.40962 0.00548278 329 4 1 2.19732e-06 
0.326906 0.121597 5.72502 0.0025 0.901291 0.86465 2.39832 0.0055476 330 4 1 2.36615e-06 
0.329696 0.135281 5.65717 0.0025 0.890664 0.850411 2.38697 0.00561379 331 4 1 2.37591e-06 
0.33252 0.149128 5.64794 0.0025 0.880038 0.836237 2.37554 0.00568158 332 4 1 2.30205e-06 
0.335378 0.163249 5.74316 0.0025 0.869301 0.821991 2.36391 0.00575175 333 4 1 2.36823e-06 
0.338272 0.177741 5.75394 0.0025 0.858438 0.807654 2.35205 0.00582453 334 4 1 2.5834e-06 
0.341203 0.192344 5.70304 0.0025 0.847546 0.793347 2.34007 0.00589938 335 4 1 2.6901e-06 
0.344171 0.207118 5.66714 0.0025 0.836658 0.779114 2.32801 0.00597616 336 4 1 2.68633e-06 
0.347179 0.222098 5.6973 0.0025 0.825721 0.764893 2.31579 0.00605531 337 4 1 2.71174e-06 
0.350227 0.237425 5.72472 0.0025 0.814689 0.75063 2.30337 0.00613731 338 4 1 2.87201e-06 
0.353317 0.252961 5.67519 0.0025 0.803616 0.736387 2.2908 0.00622188 339 4 1 2.98082e-06 
0.356449 0.26869 5.68085 0.0025 0.792514 0.722186 2.27809 0.00630904 340 4 1 3.03805e-06 
0.359626 0.284615 5.65515 0.0025 0.781368 0.708008 2.26523 0.00639904 341 4 1 3.11237e-06 
0.362849 0.300908 5.69031 0.0025 0.770157 0.69383 2.25218 0.00649218 342 4 1 3.21974e-06 
0.366119 0.31742 5.64755 0.0025 0.758892 0.679669 2.23895 0.00658855 343 4 1 3.38068e-06 
0.369438 0.334142 5.62824 0.0025 0.747612 0.665568 2.22558 0.00668796 344 4 1 3.43865e-06 
0.372807 0.35116 5.62512 0.0025 0.736291 0.651503 2.21204 0.0067908 345 4 1 3.53955e-06 
0.376229 0.368464 5.61452 0.0025 0.724928 0.637477 2.19833 0.00689723 346 4 1 3.72572e-06 
0.379705 0.385933 5.52776 0.0025 0.713592 0.623567 2.18452 0.00700681 347 4 1 3.84326e-06 
0.383236 0.403569 5.49973 0.0025 0.70231 0.609815 2.17064 0.00711937 348 4 1 3.95755e-06 
0.386825 0.421268 5.35855 0.0025 0.691146 0.596295 2.15678 0.00723436 349 4 1 4.13767e-06 
0.390471 0.438773 5.19107 0.0025 0.680231 0.583159 2.14309 0.00735045 350 4 1 4.18416e-06 
0.394176 0.455968 4.95026 0.0025 0.669668 0.570527 2.12972 0.00746638 351 4 1 4.18645e-06 
0.397938 0.47249 4.65583 0.0025 0.659575 0.558527 2.11683 0.00758063 352 4 1 3.99321e-06 
0.401757 0.488432 4.393 0.0025 0.649969 0.547167 2.10445 0.00769267 353 4 1 3.63871e-06 
0.405631 0.503772 4.19659 0.0025 0.640748 0.536318 2.09246 0.00780338 354 4 1 3.14224e-06 
0.40956 0.519117 4.22973 0.0025 0.631633 0.525655 2.08052 0.00791599 355 4 1 2.74238e-06 
0.413547 0.535051 4.3663 0.0025 0.62231 0.514818 2.06819 0.00803458 356 4 1 2.66834e-06 
0.417596 0.551963 4.63195 0.0025 0.612557 0.503561 2.05517 0.00816251 357 4 1 2.9818e-06 
0.42171 0.570054 4.79024 0.0025 0.602353 0.491872 2.04142 0.00830078 358 4 1 3.68734e-06 
0.425897 0.588851 4.82311 0.0025 0.591925 0.480012 2.02721 0.00844702 359 4 1 4.40698e-06 
0.430158 0.607838 4.65901 0.0025 0.581623 0.468384 2.01303 0.00859664 360 4 1 5.10811e-06 
0.434494 0.625907 4.18336 0.0025 0.571981 0.457578 1.99961 0.00874155 361 4 1 5.51495e-06 
0.4389 0.641783 3.42146 0.0025 0.563618 0.44826 1.98786 0.00887126 362 4 1 5.35977e-06 
0.443366 0.654183 2.41594 0.0025 0.55707 0.440991 1.9786 0.00897553 363 4 1 4.46728e-06 
0.447876 0.662541 1.50329 0.0025 0.552501 0.43591 1.9721 0.00904976 364 4 1 2.86031e-06 
0.452416 0.668028 1.06343 0.0025 0.549419 0.432479 1.9677 0.00910053 365 4 1 1.45307e-06 
0.456977 0.672346 0.893982 0.0025 0.547149 0.429977 1.96446 0.00913828 366 4 1 1.11877e-06 
0.461554 0.675495 0.478155 0.0025 0.545603 0.428289 1.96225 0.00916418 367 4 1 1.25665e-06 
0.466141 0.676445 -0.0240976 0.0025 0.544981 0.427589 1.96136 0.00917464 368 4 1 6.87037e-07 
0.470729 0.676303 -0.00286413 0.0025 0.544906 0.427487 1.96127 0.0091759 369 5 1 9.30484e-08 
0.475317 0.676293 -0.0305697 0.0025 0.544916 0.427501 1.9613 0.00917572 370 4 1 5.95229e-08 
0.479905 0.676129 -0.0526921 0.0025 0.544976 0.42757 1.9614 0.00917471 371 4 1 5.86667e-08 
0.484491 0.675899 -0.0598974 0.0025 0.545084 0.427689 1.96157 0.00917291 372 4 1 2.37014e-08 
0.489077 0.675642 -0.0600764 0.0025 0.545209 0.42783 1.96177 0.0091708 373 4 1 4.90757e-09 
0.493662 0.67538 -0.0566096 0.0025 0.545337 0.427974 1.96197 0.00916864 374 4 1 -3.93264e-09 
0.498246 0.675135 -0.0520965 0.0025 0.545461 0.428114 1.96217 0.00916655 375 4 1 -9.63206e-09 
0.502829 0.674915 -0.0467553 0.0025 0.545575 0.428244 1.96235 0.00916464 376 4 1 -1.50847e-08 
0.507411 0.674717 -0.040686 0.0025 0.545676 0.428359 1.96252 0.00916295 377 4 1 -1.40314e-08 
0.511992 0.674539 -0.0352061 0.0025 0.545764 0.42846 1.96267 0.00916148 378 4 1 -1.1475e-08 
0.516572 0.674383 -0.03113 0.0025 0.54584 0.42855 1.9628 0.0091602 379 4 1 -9.35734e-09 
0.521152 0.674246 -0.0278667 0.0025 0.545907 0.428629 1.96293 0.00915908 380 4 1 -7.00013e-09 
0.525731 0.674127 -0.0246783 0.0025 0.545965 0.4287 1.96304 0.0091581 381 4 1 -1.02718e-08 
0.53031 0.674022 -0.0216274 0.0025 0.546015 0.428762 1.96314 0.00915726 382 4 1 -6.42944e-09 
0.534889 0.673929 -0.0190721 0.0025 0.546058 0.428816 1.96324 0.00915654 383 4 1 -1.74754e-09 
0.539467 0.673847 -0.0170037 0.0025 0.546094 0.428864 1.96333 0.00915593 384 4 1 -7.40558e-09 
0.544044 0.673775 -0.0151596 0.0025 0.546126 0.428907 1.96341 0.0091554 385 4 1 -3.17731e-09 
0.548622 0.673711 -0.0134278 0.0025 0.546152 0.428945 1.96349 0.00915496 386 4 1 -1.12232e-09 
0.553199 0.673654 -0.0118976 0.0025 0.546173 0.428979 1.96357 0.00915461 387 4 1 -1.13688e-09 
0.557777 0.673602 -0.010633 0.0025 0.54619 0.429009 1.96364 0.00915433 388 4 1 1.32796e-09 
0.562354 0.673557 -0.00956415 0.0025 0.546203 0.429036 1.96372 0.00915411 389 4 1 -5.25498e-09 
0.566931 0.673516 -0.00859405 0.0025 0.546213 0.42906 1.96379 0.00915394 390 4 1 2.76988e-09 
0.571508 0.673479 -0.0077106 0.0025 0.54622 0.429082 1.96387 0.00915383 391 4 1 2.40618e-09 
0.576085 0.673445 -0.00695074 0.0025 0.546223 0.429101 1.96395 0.00915377 392 4 1 6.21635e-09 
0.580661 0.673415 -0.00631072 0.0025 0.546225 0.429121 1.96403 0.00915374 393 3 1 -5.26096e-09 
0.585238 0.673388 -0.00574325 0.0025 0.546216 0.429138 1.96411 0.00915388 394 5 1 1.42172e-07 
0.589815 0.673363 -0.00522017 0.0025 0.546218 0.429182 1.96436 0.00915385 395 3 1 -1.39942e-07 
0.594392 0.67334 -0.0047524 0.0025 0.545832 0.42904 1.96444 0.00916033 396 5 1 3.48695e-06 
0.598976 0.67332 -0.0043511 0.0025 0.548107 0.430715 1.96831 0.00912231 397 3 1 -1.90598e-05 
0.603515 0.673301 -0.00400684 0.0025 0.536789 0.426057 1.94987 0.00931465 398 4 1 0.000179231 
0.608297 0.673283 -0.0036788 0.0025 0.510945 0.432602 2.15232 0.00978578 399 4 1 -0.000134232 
0.613307 0.673266 -0.00336233 0.0025 0.482712 0.424387 2.15532 0.0103581 400 4 1 0.00026605 
0.618669 0.673248 -0.00305258 0.0025 0.454239 0.432836 2.444 0.0110074 401 4 1 -0.00024041 
0.624325 0.673232 -0.00274581 0.0025 0.446948 0.42718 2.3801 0.011187 402 5 1 5.37999e-05 
0.629857 0.673216 -0.00244649 0.0025 0.452383 0.429557 2.37449 0.0110526 403 4 1 -3.01286e-06 
0.635378 0.673202 -0.00213422 0.0025 0.45357 0.429233 2.36511 0.0110237 404 4 1 3.91191e-06 
0.640881 0.673188 -0.00180531 0.0025 0.454653 0.429297 2.36033 0.0109974 405 4 1 1.27054e-06 
0.646375 0.673175 -0.0014615 0.0025 0.45528 0.429275 2.35704 0.0109823 406 4 1 8.41863e-07 
0.651863 0.673161 -0.0011091 0.0025 0.455726 0.429266 2.35474 0.0109715 407 4 1 5.43221e-07 
0.657347 0.673148 -0.000752886 0.0025 0.456049 0.429261 2.35309 0.0109637 408 4 1 3.47783e-07 
0.662827 0.673133 -0.000378205 0.0025 0.45629 0.429257 2.35184 0.0109579 409 4 1 2.44934e-07 
0.668305 0.673118 7.74372e-05 0.0025 0.456474 0.429254 2.35089 0.0109535 410 4 1 1.74145e-07 
0.67378 0.673101 0.000779454 0.0025 0.456615 0.42925 2.35014 0.0109501 411 4 1 1.24529e-07 
0.679255 0.673079 0.00212112 0.0025 0.456723 0.42924 2.34955 0.0109475 412 4 1 8.36624e-08 
0.684728 0.673044 0.00502723 0.0025 0.4568 0.42922 2.34905 0.0109457 413 4 1 4.17009e-08 
0.6902 0.67298 0.0117624 0.0025 0.45684 0.429173 2.3486 0.0109448 414 3 1 -2.14137e-08 
0.695673 0.672843 0.0278392 0.0025 0.456819 0.429063 2.34813 0.0109453 415 4 1 -1.45679e-07 
0.701146 0.672533 0.0663773 0.0025 0.456674 0.428799 2.34748 0.0109487 416 4 1 -4.19513e-07 
0.706621 0.671802 0.159104 0.0025 0.456254 0.428172 2.34633 0.0109588 417 4 1 -1.02566e-06 
0.712105 0.67008 0.374086 0.0025 0.455204 0.426701 2.34393 0.0109841 418 4 1 -2.34e-06 
0.717606 0.666059 0.878248 0.0025 0.452739 0.423346 2.33864 0.0110439 419 4 1 -4.67213e-06 
0.723149 0.656991 1.89887 0.0025 0.447381 0.416151 2.32732 0.0111762 420 4 1 -8.3982e-06 
0.728782 0.637746 4.10238 0.0025 0.436386 0.401667 2.30386 0.0114578 421 4 1 -9.83051e-06 
0.73461 0.597878 7.8124 0.0025 0.416473 0.375908 2.25994 0.0120056 422 4 1 -1.73865e-06 
0.7408 0.527059 14.248 0.0025 0.384116 0.335176 2.18361 0.0130169 423 4 1 2.95574e-05 
0.747669 0.388871 27.0275 0.0025 0.337908 0.279793 2.06232 0.0147969 424 4 1 0.000129142 
0.75572 0.188006 29.1358 0.0025 0.290568 0.225382 1.92281 0.0172077 425 4 1 0.000255443 
0.765018 0.0390853 13.7581 0.0025 0.260542 0.191802 1.82779 0.0191908 426 4 1 0.000193857 
0.774955 -0.00630169 1.48196 0.0025 0.250298 0.180292 1.79593 0.0199762 427 4 1 4.8746e-05 
0.784996 -0.00319269 -1.01925 0.0025 0.249402 0.178967 1.79328 0.0200479 428 5 1 3.66765e-06 
0.795003 0.000130088 -0.113237 0.0025 0.249936 0.179415 1.79482 0.0200051 429 4 1 -1.07246e-06 
0.805001 0.000217391 0.0233479 0.0025 0.250032 0.179527 1.79509 0.0199974 430 3 1 -2.65513e-07 
0.815 7.22169e-05 0.0153087 0.0025 0.250015 0.179515 1.79504 0.0199988 431 4 1 1.55996e-08 
0.825 1.26249e-05 0.00402696 0.0025 0.250003 0.179504 1.79501 0.0199997 432 4 1 1.9905e-08 
0.835 2.18262e-07 0.000532038 0.0025 0.25 0.1795 1.795 0.02 433 4 1 6.28569e-09 
0.845 -5.55555e-07 -9.49185e-05 0.0025 0.25 0.1795 1.795 0.02 434 5 1 1.02875e-09 
0.855 -4.27524e-08 -3.23411e-05 0.0025 0.25 0.1795 1.795 0.02 435 4 1 -5.53856e-11 
0.865 2.25397e-08 1.07748e-06 0.0025 0.25 0.1795 1.795 0.02 436 3 1 -5.37344e-11 
0.875 9.88372e-09 1.86301e-06 0.0025 0.25 0.1795 1.795 0.02 437 4 1 -2.39526e-12 
0.885 2.11734e-09 5.99371e-07 0.0025 0.25 0.1795 1.795 0.02 438 4 1 2.04947e-12 
0.895 1.70822e-10 1.00902e-07 0.0025 0.25 0.1795 1.795 0.02 439 4 1 8.54882e-13 
0.905 -5.78462e-11 -1.95215e-09 0.0025 0.25 0.1795 1.795 0.02 440 4 1 1.74474e-13 
0.915 -1.17191e-11 -5.09242e-09 0.0025 0.25 0.1795 1.795 0.02 441 5 1 7.42606e-15 
0.925 1.54041e-12 -2.11401e-10 0.0025 0.25 0.1795 1.795 0.02 442 4 1 -6.72049e-15 
0.935 1.02692e-12 1.65883e-10 0.0025 0.25 0.1795 1.795 0.02 443 3 1 -8.18723e-16 
0.945 2.58223e-13 6.80558e-11 0.0025 0.25 0.1795 1.795 0.02 444 4 1 1.40155e-16 
0.955 2.64874e-14 1.34719e-11 0.0025 0.25 0.1795 1.795 0.02 445 4 1 1.03206e-16 
0.965 -1.18204e-15 -3.83693e-13 0.0025 0.25 0.1795 1.795 0.02 446 5 1 3.90799e-18 
0.975 -3.20696e-15 -4.40536e-13 0.0025 0.25 0.1795 1.795 0.02 447 5 1 2.11386e-17 
0.985 -1.82008e-15 -9.9476e-14 0.0025 0.25 0.1795 1.795 0.02 448 5 1 -3.14415e-17 
0.995 -8.75539e-15 -5.68434e-14 0.0025 0.25 0.1795 1.795 0.02 449 4 1 1.65201e-17 
1.005 8.32718e-15 7.10543e-14 0.0025 0.25 0.1795 1.795 0.02 450 4 1 1.81188e-17 
1.015 1.57417e-15 4.26326e-14 0.0025 0.25 0.1795 1.795 0.02 451 5 1 -3.19744e-17 
1.025 2.81882e-15 4.54747e-13 0.0025 0.25 0.1795 1.795 0.02 452 5 1 2.02505e-17 
1.035 1.19344e-15 7.24754e-13 0.0025 0.25 0.1795 1.795 0.02 453 5 1 3.01981e-18 
1.045 -1.46616e-14 -1.21361e-11 0.0025 0.25 0.1795 1.795 0.02 454 4 1 1.09424e-16 
1.055 -2.62584e-13 -7.12532e-11 0.0025 0.25 0.1795 1.795 0.02 455 4 1 1.30385e-16 
1.065 -1.02289e-12 -1.62174e-10 0.0025 0.25 0.1795 1.795 0.02 456 3 1 -8.02203e-16 
1.075 -1.535e-12 2.11116e-10 0.0025 0.25 0.1795 1.795 0.02 457 4 1 -6.73879e-15 
1.085 1.16832e-11 5.08678e-09 0.0025 0.25 0.1795 1.795 0.02 458 5 1 7.39249e-15 
1.095 5.78798e-11 1.9557e-09 0.0025 0.25 0.1795 1.795 0.02 459 4 1 1.74544e-13 
1.105 -1.70804e-10 -1.009e-07 0.0025 0.25 0.1795 1.795 0.02 460 4 1 8.54882e-13 
1.115 -2.11738e-09 -5.99381e-07 0.0025 0.25 0.1795 1.795 0.02 461 4 1 2.04943e-12 
1.125 -9.88368e-09 -1.863e-06 0.0025 0.25 0.1795 1.795 0.02 462 4 1 -2.39529e-12 
1.135 -2.25397e-08 -1.07749e-06 0.0025 0.25 0.1795 1.795 0.02 463 3 1 -5.37343e-11 
1.145 4.27524e-08 3.23411e-05 0.0025 0.25 0.1795 1.795 0.02 464 4 1 -5.53856e-11 
1.155 5.55554e-07 9.49185e-05 0.0025 0.25 0.1795 1.795 0.02 465 5 1 1.02875e-09 
1.165 -2.18262e-07 -0.000532038 0.0025 0.25 0.1795 1.795 0.02 466 4 1 6.28569e-09 
1.175 -1.26249e-05 -0.00402696 0.0025 0.250003 0.179504 1.79501 0.0199997 467 4 1 1.9905e-08 
1.185 -7.22169e-05 -0.0153087 0.0025 0.250015 0.179515 1.79504 0.0199988 468 4 1 1.55996e-08 
1.195 -0.000217391 -0.0233479 0.0025 0.250032 0.179527 1.79509 0.0199974 469 3 1 -2.65513e-07 
1.205 -0.000130088 0.113237 0.0025 0.249936 0.179415 1.79482 0.0200051 470 4 1 -1.07246e-06 
1.215 0.00319269 1.01925 0.0025 0.249402 0.178967 1.79328 0.0200479 471 5 1 3.66765e-06 
1.22505 0.00630169 -1.48196 0.0025 0.250298 0.180292 1.79593 0.0199762 472 4 1 4.8746e-05 
1.23498 -0.0390853 -13.7581 0.0025 0.260542 0.191802 1.82779 0.0191908 473 4 1 0.000193857 
1.24428 -0.188006 -29.1358 0.0025 0.290568 0.225382 1.92281 0.0172077 474 4 1 0.000255443 
1.25233 -0.388871 -27.0275 0.0025 0.337908 0.279793 2.06232 0.0147969 475 4 1 0.000129142 
1.2592 -0.527059 -14.248 0.0025 0.384116 0.335176 2.18361 0.0130169 476 4 1 2.95574e-05 
1.26539 -0.597878 -7.8124 0.0025 0.416473 0.375908 2.25994 0.0120056 477 4 1 -1.73865e-06 
1.27122 -0.637746 -4.10238 0.0025 0.436386 0.401667 2.30386 0.0114578 478 4 1 -9.83051e-06 
1.27685 -0.656991 -1.89887 0.0025 0.447381 0.416151 2.32732 0.0111762 479 4 1 -8.3982e-06 
1.28239 -0.666059 -0.878248 0.0025 0.452739 0.423346 2.33864 0.0110439 480 4 1 -4.67213e-06 
1.2879 -0.67008 -0.374086 0.0025 0.455204 0.426701 2.34393 0.0109841 481 4 1 -2.34e-06 
1.29338 -0.671802 -0.159104 0.0025 0.456254 0.428172 2.34633 0.0109588 482 4 1 -1.02566e-06 
1.29885 -0.672533 -0.0663773 0.0025 0.456674 0.428799 2.34748 0.0109487 483 4 1 -4.19513e-07 
1.30433 -0.672843 -0.0278392 0.0025 0.456819 0.429063 2.34813 0.0109453 484 4 1 -1.45679e-07 
1.3098 -0.67298 -0.0117624 0.0025 0.45684 0.429173 2.3486 0.0109448 485 3 1 -2.14137e-08 
1.31527 -0.673044 -0.00502723 0.0025 0.4568 0.42922 2.34905 0.0109457 486 4 1 4.17009e-08 
1.32075 -0.673079 -0.00212112 0.0025 0.456723 0.42924 2.34955 0.0109475 487 4 1 8.36624e-08 
1.32622 -0.673101 -0.000779454 0.0025 0.456615 0.42925 2.35014 0.0109501 488 4 1 1.24529e-07 
1.3317 -0.673118 -7.74371e-05 0.0025 0.456474 0.429254 2.35089 0.0109535 489 4 1 1.74145e-07 
1.33717 -0.673133 0.000378205 0.0025 0.45629 0.429257 2.35184 0.0109579 490 4 1 2.44934e-07 
1.34265 -0.673148 0.000752886 0.0025 0.456049 0.429261 2.35309 0.0109637 491 4 1 3.47783e-07 
1.34814 -0.673161 0.0011091 0.0025 0.455726 0.429266 2.35474 0.0109715 492 4 1 5.43221e-07 
1.35362 -0.673175 0.0014615 0.0025 0.45528 0.429275 2.35704 0.0109823 493 4 1 8.41863e-07 
1.35912 -0.673188 0.00180531 0.0025 0.454653 0.429297 2.36033 0.0109974 494 4 1 1.27054e-06 
1.36462 -0.673202 0.00213422 0.0025 0.45357 0.429233 2.36511 0.0110237 495 4 1 3.91191e-06 
1.37014 -0.673216 0.00244649 0.0025 0.452383 0.429557 2.37449 0.0110526 496 4 1 -3.01286e-06 
1.37567 -0.673232 0.00274581 0.0025 0.446948 0.42718 2.3801 0.011187 497 5 1 5.37999e-05 
1.38133 -0.673248 0.00305258 0.0025 0.454239 0.432836 2.444 0.0110074 498 4 1 -0.00024041 
1.38669 -0.673266 0.00336233 0.0025 0.482712 0.424387 2.15532 0.0103581 499 4 1 0.00026605 
