# Time [s]: 0.167274
# Columns: pos [m], vel [m/s], acc [m/s^2], mass [kg], dens [kg/m^3], pres [Pa], ene [J/kg], sml [m], id, neighbor, alpha, gradh, ...additional?
1.38964 -0.673272 0.00345827 0.0025 0.510951 0.432608 2.15233 0.00978568 0 4 1 -0.000134231 
1.39442 -0.673289 0.00376248 0.0025 0.536795 0.426064 1.94988 0.00931454 1 4 1 0.000179232 
1.39896 -0.673307 0.00409045 0.0025 0.548114 0.430723 1.96832 0.00912219 2 3 1 -1.90597e-05 
1.40355 -0.673326 0.00447426 0.0025 0.545839 0.429048 1.96445 0.0091602 3 5 1 3.48686e-06 
1.40812 -0.673348 0.00490668 0.0025 0.546227 0.429191 1.96437 0.00915371 4 3 1 -1.39839e-07 
1.4127 -0.673371 0.00537714 0.0025 0.546225 0.429148 1.96412 0.00915373 5 5 1 1.42315e-07 
1.41728 -0.673397 0.00589849 0.0025 0.546235 0.429132 1.96405 0.00915357 6 3 1 -5.12274e-09 
1.42185 -0.673425 0.0065062 0.0025 0.546234 0.429114 1.96396 0.00915358 7 4 1 6.34991e-09 
1.42643 -0.673456 0.00721453 0.0025 0.546232 0.429095 1.96389 0.00915362 8 4 1 2.59564e-09 
1.43101 -0.67349 0.00800108 0.0025 0.546227 0.429075 1.96381 0.00915371 9 4 1 3.04533e-09 
1.43558 -0.673528 0.00886309 0.0025 0.546218 0.429053 1.96374 0.00915385 10 4 1 -4.96392e-09 
1.44016 -0.673571 0.00986365 0.0025 0.546207 0.429028 1.96367 0.00915404 11 4 1 1.56601e-09 
1.44474 -0.673618 0.0110706 0.0025 0.546192 0.429 1.9636 0.00915429 12 4 1 -8.68594e-10 
1.44932 -0.673671 0.0124583 0.0025 0.546173 0.428969 1.96352 0.00915461 13 4 1 -6.60689e-10 
1.45389 -0.67373 0.0139492 0.0025 0.546149 0.428934 1.96345 0.009155 14 4 1 -2.54282e-09 
1.45847 -0.673797 0.0155853 0.0025 0.546121 0.428894 1.96337 0.00915548 15 4 1 -6.83665e-09 
1.46305 -0.673873 0.0175577 0.0025 0.546089 0.42885 1.96328 0.00915602 16 4 1 -1.30663e-09 
1.46763 -0.673958 0.0199454 0.0025 0.54605 0.4288 1.96319 0.00915668 17 4 1 -5.74702e-09 
1.47221 -0.674055 0.0225376 0.0025 0.546004 0.428743 1.9631 0.00915744 18 4 1 -9.08633e-09 
1.47678 -0.674165 0.0252032 0.0025 0.545952 0.428679 1.96299 0.00915832 19 4 1 -5.85897e-09 
1.48136 -0.674292 0.028373 0.0025 0.545891 0.428606 1.96288 0.00915933 20 4 1 -8.99665e-09 
1.48594 -0.674436 0.0326216 0.0025 0.545822 0.428525 1.96275 0.0091605 21 4 1 -1.13957e-08 
1.49052 -0.674597 0.037693 0.0025 0.545741 0.428431 1.96261 0.00916185 22 4 1 -1.30751e-08 
1.49511 -0.674778 0.0427548 0.0025 0.545648 0.428324 1.96246 0.00916341 23 4 1 -1.39747e-08 
1.49969 -0.674982 0.047768 0.0025 0.545543 0.428204 1.96229 0.00916517 24 4 1 -1.09873e-08 
-0.49573 -0.675212 0.0532663 0.0025 0.545427 0.428073 1.9621 0.00916713 25 4 1 -9.1453e-09 
-0.491146 -0.67546 0.0583447 0.0025 0.545302 0.427932 1.9619 0.00916923 26 4 1 -2.88673e-09 
-0.48656 -0.675715 0.060076 0.0025 0.545174 0.427788 1.9617 0.00917139 27 4 1 1.31469e-08 
-0.481974 -0.675961 0.0563902 0.0025 0.545055 0.427655 1.96152 0.00917339 28 4 1 3.47082e-08 
-0.477387 -0.676174 0.0449961 0.0025 0.544963 0.427553 1.96137 0.00917493 29 4 1 7.11748e-08 
-0.472799 -0.676297 0.0124413 0.0025 0.54493 0.427511 1.96131 0.0091755 30 5 1 3.73085e-08 
-0.468212 -0.676288 0.0343967 0.0025 0.54493 0.427515 1.96129 0.00917549 31 4 1 1.99233e-07 
-0.463624 -0.676335 -0.0816031 0.0025 0.5451 0.427725 1.96152 0.00917263 32 4 1 9.01086e-07 
-0.459039 -0.674726 -0.62833 0.0025 0.545974 0.428694 1.96277 0.00915795 33 4 1 1.28094e-06 
-0.454466 -0.671125 -0.962611 0.0025 0.547765 0.430651 1.96533 0.00912801 34 4 1 1.13225e-06 
-0.449911 -0.666541 -1.15744 0.0025 0.550248 0.433396 1.96888 0.00908682 35 4 1 1.71674e-06 
-0.445379 -0.660449 -1.70867 0.0025 0.553667 0.437204 1.97375 0.0090307 36 4 1 3.21772e-06 
-0.44088 -0.651099 -2.65665 0.0025 0.558696 0.442791 1.9809 0.00894941 37 4 1 4.64738e-06 
-0.436429 -0.63784 -3.59217 0.0025 0.565661 0.450529 1.99074 0.00883921 38 4 1 5.31125e-06 
-0.43204 -0.621537 -4.26554 0.0025 0.574282 0.460146 2.00282 0.00870652 39 4 1 5.31672e-06 
-0.427722 -0.603399 -4.65743 0.0025 0.584004 0.471061 2.01631 0.00856159 40 4 1 4.82084e-06 
-0.423478 -0.584684 -4.75608 0.0025 0.594231 0.482625 2.03036 0.00841423 41 4 1 4.14026e-06 
-0.419307 -0.566289 -4.70549 0.0025 0.604493 0.494315 2.04431 0.0082714 42 4 1 3.4216e-06 
-0.415206 -0.548619 -4.50542 0.0025 0.614472 0.505763 2.05773 0.00813707 43 4 1 2.82239e-06 
-0.41117 -0.532135 -4.28378 0.0025 0.624001 0.516777 2.07042 0.00801281 44 4 1 2.60367e-06 
-0.407193 -0.516526 -4.15924 0.0025 0.633149 0.527421 2.0825 0.00789704 45 4 1 2.68848e-06 
-0.403272 -0.501468 -4.1485 0.0025 0.642125 0.537932 2.09425 0.00778664 46 4 1 3.11885e-06 
-0.399406 -0.486297 -4.36554 0.0025 0.651249 0.548673 2.1061 0.00767756 47 4 1 3.55729e-06 
-0.395594 -0.470576 -4.601 0.0025 0.660754 0.559921 2.11833 0.00756711 48 4 1 3.87815e-06 
-0.391838 -0.454232 -4.8958 0.0025 0.670724 0.571784 2.13106 0.00745463 49 4 1 4.05392e-06 
-0.388139 -0.437296 -5.11413 0.0025 0.681143 0.584251 2.14424 0.0073406 50 4 1 4.03604e-06 
-0.384497 -0.420083 -5.27581 0.0025 0.69189 0.597191 2.1577 0.00722658 51 4 1 3.98992e-06 
-0.380912 -0.402666 -5.4052 0.0025 0.702869 0.610492 2.17133 0.0071137 52 4 1 3.81931e-06 
-0.377383 -0.385381 -5.4367 0.0025 0.713958 0.624013 2.18496 0.00700321 53 4 1 3.69511e-06 
-0.373908 -0.368206 -5.50517 0.0025 0.725092 0.637676 2.19852 0.00689568 54 4 1 3.5985e-06 
-0.370487 -0.351227 -5.53149 0.0025 0.73625 0.65145 2.21199 0.00679117 55 4 1 3.42928e-06 
-0.367117 -0.334516 -5.5286 0.0025 0.747374 0.665268 2.22529 0.00669009 56 4 1 3.29721e-06 
-0.363796 -0.318085 -5.53177 0.0025 0.758445 0.679105 2.23841 0.00659244 57 4 1 3.27543e-06 
-0.360524 -0.301859 -5.59723 0.0025 0.769505 0.693007 2.25141 0.00649768 58 4 1 3.1261e-06 
-0.357298 -0.28587 -5.55168 0.0025 0.780523 0.706933 2.26424 0.00640596 59 4 1 2.99323e-06 
-0.354118 -0.270164 -5.5704 0.0025 0.791465 0.720846 2.27688 0.0063174 60 4 1 2.93565e-06 
-0.350981 -0.254714 -5.56901 0.0025 0.802363 0.734779 2.28937 0.00623159 61 4 1 2.8887e-06 
-0.347886 -0.239444 -5.61632 0.0025 0.813239 0.748758 2.30172 0.00614826 62 4 1 2.80364e-06 
-0.344832 -0.224355 -5.60868 0.0025 0.824086 0.762773 2.31395 0.00606733 63 4 1 2.65166e-06 
-0.341818 -0.209608 -5.57941 0.0025 0.834854 0.776761 2.32599 0.00598907 64 4 1 2.57487e-06 
-0.338843 -0.195072 -5.57988 0.0025 0.845551 0.79073 2.33786 0.0059133 65 4 1 2.57437e-06 
-0.335905 -0.180712 -5.62848 0.0025 0.856229 0.804744 2.34963 0.00583956 66 4 1 2.53755e-06 
-0.333003 -0.166421 -5.656 0.0025 0.866904 0.818819 2.3613 0.00576765 67 4 1 2.35119e-06 
-0.330137 -0.15246 -5.57726 0.0025 0.87749 0.832848 2.37279 0.00569807 68 4 1 2.2163e-06 
-0.327305 -0.138781 -5.54239 0.0025 0.88795 0.846782 2.38405 0.00563095 69 4 1 2.25938e-06 
-0.324506 -0.125351 -5.59501 0.0025 0.898372 0.860731 2.3952 0.00556562 70 4 1 2.29956e-06 
-0.321739 -0.111888 -5.66296 0.0025 0.908826 0.874782 2.40631 0.0055016 71 4 1 2.18666e-06 
-0.319004 -0.0986006 -5.64478 0.0025 0.919259 0.888866 2.41732 0.00543917 72 4 1 1.98133e-06 
-0.316299 -0.0856206 -5.56314 0.0025 0.929552 0.902825 2.42811 0.00537894 73 4 1 1.75595e-06 
-0.313625 -0.0730267 -5.39871 0.0025 0.939605 0.916517 2.43858 0.00532139 74 4 1 1.48025e-06 
-0.310978 -0.061066 -5.10437 0.0025 0.949336 0.929839 2.44863 0.00526684 75 4 1 1.87397e-06 
-0.308358 -0.0494046 -5.47556 0.0025 0.95912 0.943325 2.45867 0.00521311 76 4 1 3.17944e-06 
-0.305765 -0.0361 -6.71996 0.0025 0.969805 0.958054 2.46965 0.00515567 77 4 1 1.93115e-06 
-0.303202 -0.0222169 -5.68632 0.0025 0.980375 0.972561 2.48044 0.00510009 78 4 1 -2.23782e-06 
-0.300664 -0.0136006 -2.07231 0.0025 0.987898 0.983032 2.48792 0.00506125 79 4 1 -7.06465e-07 
-0.29814 -0.00867412 -3.28689 0.0025 0.993941 0.991722 2.49386 0.00503048 80 4 1 6.53566e-06 
-0.295634 0.00416698 -8.94317 0.0025 1.00421 1.0061 2.50431 0.00497904 81 4 1 4.43707e-06 
-0.293161 0.0218589 -7.04597 0.0025 1.01663 1.02319 2.51683 0.0049182 82 4 1 -5.37446e-06 
-0.290716 0.028944 -0.386828 0.0025 1.02324 1.03249 2.52321 0.00488643 83 4 1 -3.99742e-06 
-0.288275 0.0289558 -0.323966 0.0025 1.02495 1.03512 2.5248 0.00487828 84 4 1 4.4588e-07 
-0.285837 0.0317195 -1.43304 0.0025 1.0266 1.03743 2.52649 0.00487043 85 4 1 -8.66074e-07 
-0.283404 0.0327363 0.0289056 0.0025 1.02734 1.03842 2.52722 0.00486694 86 3 1 -1.71921e-06 
-0.28097 0.0314836 0.854408 0.0025 1.02607 1.03666 2.52595 0.00487296 87 4 1 -1.03001e-06 
-0.278531 0.0287015 1.54414 0.0025 1.02353 1.03308 2.52343 0.00488507 88 4 1 -5.6222e-07 
-0.276085 0.0248688 1.98769 0.0025 1.02019 1.02838 2.52012 0.00490106 89 4 1 -1.07754e-07 
-0.27363 0.0204996 2.1734 0.0025 1.0165 1.02319 2.51645 0.00491886 90 4 1 2.76176e-07 
-0.271166 0.0160856 2.12357 0.0025 1.01285 1.01806 2.51282 0.00493657 91 4 1 5.34661e-07 
-0.268694 0.012025 1.89668 0.0025 1.00955 1.01342 2.50952 0.00495271 92 4 1 6.50759e-07 
-0.266214 0.00857364 1.56937 0.0025 1.00678 1.00953 2.50676 0.00496635 93 4 1 6.47821e-07 
-0.263727 0.00583738 1.2139 0.0025 1.0046 1.00647 2.50458 0.00497712 94 4 1 5.68786e-07 
-0.261236 0.00379954 0.883783 0.0025 1.00298 1.0042 2.50297 0.00498512 95 4 1 4.5626e-07 
-0.258742 0.00236594 0.608773 0.0025 1.00186 1.00261 2.50185 0.00499074 96 4 1 3.41084e-07 
-0.256246 0.00140938 0.398176 0.0025 1.0011 1.00156 2.5011 0.00499448 97 4 1 2.40411e-07 
-0.253748 0.000802411 0.247788 0.0025 1.00063 1.00089 2.50062 0.00499686 98 4 1 1.60799e-07 
-0.251249 0.000435731 0.146781 0.0025 1.00034 1.00048 2.50034 0.00499829 99 4 1 1.02355e-07 
-0.248749 0.000224907 0.082671 0.0025 1.00018 1.00025 2.50018 0.00499912 100 4 1 6.20317e-08 
-0.24625 0.00010977 0.0441469 0.0025 1.00009 1.00012 2.50009 0.00499957 101 4 1 3.57418e-08 
-0.24375 5.02674e-05 0.0222431 0.0025 1.00004 1.00006 2.50004 0.0049998 102 4 1 1.95189e-08 
-0.24125 2.13434e-05 0.0104931 0.0025 1.00002 1.00002 2.50002 0.00499991 103 4 1 1.00533e-08 
-0.23875 8.24366e-06 0.00457852 0.0025 1.00001 1.00001 2.50001 0.00499997 104 4 1 4.84724e-09 
-0.23625 2.79939e-06 0.00181073 0.0025 1 1 2.5 0.00499999 105 4 1 2.16218e-09 
-0.23375 7.77898e-07 0.000624225 0.0025 1 1 2.5 0.005 106 4 1 8.7527e-10 
-0.23125 1.42458e-07 0.000171035 0.0025 1 1 2.5 0.005 107 4 1 3.11509e-10 
-0.22875 -4.65933e-09 2.62008e-05 0.0025 1 1 2.5 0.005 108 4 1 9.17252e-11 
-0.22625 -1.02497e-09 -1.58352e-05 0.0025 1 1 2.5 0.005 109 5 1 1.10739e-11 
-0.22375 1.24865e-08 -1.93011e-06 0.0025 1 1 2.5 0.005 110 3 1 -8.02086e-12 
-0.22125 1.069e-08 2.03003e-06 0.0025 1 1 2.5 0.005 111 4 1 -1.55081e-12 
-0.21875 6.34082e-09 2.15488e-06 0.0025 1 1 2.5 0.005 112 4 1 6.3495e-13 
-0.21625 3.02683e-09 1.39078e-06 0.0025 1 1 2.5 0.005 113 4 1 9.1642e-13 
-0.21375 1.19135e-09 6.89758e-07 0.0025 1 1 2.5 0.005 114 4 1 6.24484e-13 
-0.21125 3.73236e-10 2.77902e-07 0.0025 1 1 2.5 0.005 115 4 1 3.22042e-13 
-0.20875 7.95886e-11 8.65975e-08 0.0025 1 1 2.5 0.005 116 4 1 1.33069e-13 
-0.20625 2.34246e-12 1.77788e-08 0.0025 1 1 2.5 0.005 117 4 1 4.39119e-14 
-0.20375 -3.32962e-12 -5.71879e-09 0.0025 1 1 2.5 0.005 118 5 1 7.71792e-15 
-0.20125 2.84316e-12 -1.38078e-09 0.0025 1 1 2.5 0.005 119 4 1 -2.67733e-15 
-0.19875 2.84347e-12 4.98346e-10 0.0025 1 1 2.5 0.005 120 3 1 -7.86571e-16 
-0.19625 1.60708e-12 6.49038e-10 0.0025 1 1 2.5 0.005 121 4 1 1.87939e-16 
-0.19375 6.69148e-13 3.8159e-10 0.0025 1 1 2.5 0.005 122 4 1 2.77822e-16 
-0.19125 2.04233e-13 1.68086e-10 0.0025 1 1 2.5 0.005 123 4 1 1.70175e-16 
-0.18875 4.77924e-14 3.9563e-11 0.0025 1 1 2.5 0.005 124 4 1 7.95808e-17 
-0.18625 2.40199e-15 1.13687e-11 0.0025 1 1 2.5 0.005 125 4 1 2.20268e-17 
-0.18375 -1.16622e-15 -1.87583e-12 0.0025 1 1 2.5 0.005 126 5 1 2.4869e-18 
-0.18125 -1.04439e-16 -2.27374e-13 0.0025 1 1 2.5 0.005 127 5 1 -1.42109e-18 
-0.17875 -2.05971e-47 -4.48416e-44 0.0025 1 1 2.5 0.005 128 5 1 -1.42109e-18 
-0.17625 0 0 0.0025 1 1 2.5 0.005 129 5 1 -1.42109e-18 
-0.17375 0 0 0.0025 1 1 2.5 0.005 130 5 1 -1.42109e-18 
-0.17125 0 0 0.0025 1 1 2.5 0.005 131 5 1 -1.42109e-18 
-0.16875 0 0 0.0025 1 1 2.5 0.005 132 5 1 -1.42109e-18 
-0.16625 0 0 0.0025 1 1 2.5 0.005 133 5 1 -1.42109e-18 
-0.16375 0 0 0.0025 1 1 2.5 0.005 134 5 1 -1.42109e-18 
-0.16125 0 0 0.0025 1 1 2.5 0.005 135 5 1 -1.42109e-18 
-0.15875 0 0 0.0025 1 1 2.5 0.005 136 5 1 -1.42109e-18 
-0.15625 0 0 0.0025 1 1 2.5 0.005 137 5 1 -1.42109e-18 
-0.15375 0 0 0.0025 1 1 2.5 0.005 138 5 1 -1.42109e-18 
-0.15125 0 0 0.0025 1 1 2.5 0.005 139 5 1 -1.42109e-18 
-0.14875 0 0 0.0025 1 1 2.5 0.005 140 5 1 -1.42109e-18 
-0.14625 0 0 0.0025 1 1 2.5 0.005 141 5 1 -1.42109e-18 
-0.14375 0 0 0.0025 1 1 2.5 0.005 142 5 1 -1.42109e-18 
-0.14125 0 0 0.0025 1 1 2.5 0.005 143 5 1 -1.42109e-18 
-0.13875 0 0 0.0025 1 1 2.5 0.005 144 5 1 -1.42109e-18 
-0.13625 0 0 0.0025 1 1 2.5 0.005 145 5 1 -1.42109e-18 
-0.13375 0 0 0.0025 1 1 2.5 0.005 146 5 1 -1.42109e-18 
-0.13125 0 0 0.0025 1 1 2.5 0.005 147 5 1 -1.42109e-18 
-0.12875 0 0 0.0025 1 1 2.5 0.005 148 5 1 -1.42109e-18 
-0.12625 0 0 0.0025 1 1 2.5 0.005 149 5 1 -1.42109e-18 
-0.12375 0 0 0.0025 1 1 2.5 0.005 150 5 1 -1.42109e-18 
-0.12125 0 0 0.0025 1 1 2.5 0.005 151 5 1 -1.42109e-18 
-0.11875 0 0 0.0025 1 1 2.5 0.005 152 5 1 -1.42109e-18 
-0.11625 0 0 0.0025 1 1 2.5 0.005 153 5 1 -1.42109e-18 
-0.11375 0 0 0.0025 1 1 2.5 0.005 154 5 1 -1.42109e-18 
-0.11125 0 0 0.0025 1 1 2.5 0.005 155 5 1 -1.42109e-18 
-0.10875 0 0 0.0025 1 1 2.5 0.005 156 5 1 -1.42109e-18 
-0.10625 0 0 0.0025 1 1 2.5 0.005 157 5 1 -1.42109e-18 
-0.10375 0 0 0.0025 1 1 2.5 0.005 158 5 1 -1.42109e-18 
-0.10125 0 0 0.0025 1 1 2.5 0.005 159 5 1 -1.42109e-18 
-0.09875 0 0 0.0025 1 1 2.5 0.005 160 5 1 -1.42109e-18 
-0.09625 -5.14867e-47 -3.36312e-44 0.0025 1 1 2.5 0.005 161 5 1 -1.42109e-18 
-0.09375 -6.96107e-17 -3.36312e-44 0.0025 1 1 2.5 0.005 162 5 1 -1.42109e-18 
-0.09125 -2.43483e-16 -1.13687e-13 0.0025 1 1 2.5 0.005 163 5 1 -1.42109e-18 
-0.08875 -3.82429e-16 1.13687e-13 0.0025 1 1 2.5 0.005 164 5 1 -1.42109e-18 
-0.08625 -6.60276e-16 -1.13687e-13 0.0025 1 1 2.5 0.005 165 5 1 -1.42109e-18 
-0.08375 -1.07696e-15 -1.13687e-13 0.0025 1 1 2.5 0.005 166 5 1 -1.42109e-18 
-0.08125 -1.59723e-15 1.12104e-44 0.0025 1 1 2.5 0.005 167 5 1 -1.42109e-18 
-0.07875 -2.32506e-15 2.01787e-43 0.0025 1 1 2.5 0.005 168 5 1 -1.42109e-18 
-0.07625 -9.50341e-17 3.41061e-13 0.0025 1 1 2.5 0.005 169 5 1 -6.03961e-18 
-0.07375 -1.45914e-15 3.97904e-13 0.0025 1 1 2.5 0.005 170 5 1 5.32907e-18 
-0.07125 -2.34363e-16 -2.27374e-13 0.0025 1 1 2.5 0.005 171 5 1 -7.81597e-18 
-0.06875 -1.6618e-15 -1.7053e-13 0.0025 1 1 2.5 0.005 172 5 1 6.75016e-18 
-0.06625 -1.76383e-16 5.68434e-14 0.0025 1 1 2.5 0.005 173 5 1 -1.42109e-17 
-0.06375 -1.51514e-15 -5.68434e-14 0.0025 1 1 2.5 0.005 174 3 1 5.68434e-18 
-0.06125 9.56199e-16 1.89327e-27 0.0025 1 1 2.5 0.005 175 3 1 4.61853e-18 
-0.05875 -1.36824e-15 -5.68434e-14 0.0025 1 1 2.5 0.005 176 5 1 -1.06581e-17 
-0.05625 -1.79656e-15 5.68434e-14 0.0025 1 1 2.5 0.005 177 5 1 4.61853e-18 
-0.05375 -3.16929e-15 2.84217e-13 0.0025 1 1 2.5 0.005 178 5 1 -7.10543e-18 
-0.05125 4.27606e-16 -2.27374e-13 0.0025 1 1 2.5 0.005 179 5 1 3.19744e-18 
-0.04875 -1.59657e-15 -1.13687e-13 0.0025 1 1 2.5 0.005 180 5 1 -2.4869e-18 
-0.04625 -1.54211e-15 -1.13687e-13 0.0025 1 1 2.5 0.005 181 5 1 -3.19744e-18 
-0.04375 -2.40479e-15 -5.11591e-13 0.0025 1 1 2.5 0.005 182 5 1 6.16298e-32 
-0.04125 -5.43795e-15 -6.25278e-13 0.0025 1 1 2.5 0.005 183 3 1 -6.39488e-18 
-0.03875 -2.41311e-16 2.16005e-12 0.0025 1 1 2.5 0.005 184 3 1 3.55271e-18 
-0.03625 -8.09704e-16 -4.54747e-13 0.0025 1 1 2.5 0.005 185 5 1 -5.32907e-18 
-0.03375 -4.3245e-15 -3.97904e-13 0.0025 1 1 2.5 0.005 186 4 1 -3.55271e-18 
-0.03125 6.17557e-16 5.11591e-13 0.0025 1 1 2.5 0.005 187 3 1 2.06057e-17 
-0.02875 9.07086e-16 -2.27374e-13 0.0025 1 1 2.5 0.005 188 4 1 -1.74083e-17 
-0.02625 -2.47111e-15 -1.13687e-13 0.0025 1 1 2.5 0.005 189 5 1 5.68434e-18 
-0.02375 5.67711e-16 -5.68434e-14 0.0025 1 1 2.5 0.005 190 3 1 -2.13163e-18 
-0.02125 -1.9419e-16 -1.13687e-13 0.0025 1 1 2.5 0.005 191 4 1 4.9738e-18 
-0.01875 -6.04832e-16 -5.68434e-14 0.0025 1 1 2.5 0.005 192 5 1 -6.39488e-18 
-0.01625 -2.63338e-15 1.13687e-13 0.0025 1 1 2.5 0.005 193 5 1 1.42109e-18 
-0.01375 -9.23226e-16 -3.9443e-29 0.0025 1 1 2.5 0.005 194 4 1 -7.10543e-19 
-0.01125 -7.33151e-16 -5.68434e-14 0.0025 1 1 2.5 0.005 195 5 1 -1.77636e-18 
-0.00875 6.71469e-16 3.9443e-29 0.0025 1 1 2.5 0.005 196 5 1 -1.42109e-18 
-0.00625 6.16988e-16 -1.13687e-13 0.0025 1 1 2.5 0.005 197 5 1 -1.42109e-18 
-0.00375 4.13735e-17 5.60519e-45 0.0025 1 1 2.5 0.005 198 4 1 1.2326e-33 
-0.00125 -1.75033e-16 1.13687e-13 0.0025 1 1 2.5 0.005 199 3 1 0 
0.00125 3.40938e-16 -4.93038e-29 0.0025 1 1 2.5 0.005 200 3 1 0 
0.00375 2.0763e-16 2.27374e-13 0.0025 1 1 2.5 0.005 201 3 1 3.55271e-19 
0.00625 1.73864e-16 -3.9443e-29 0.0025 1 1 2.5 0.005 202 5 1 -1.06581e-18 
0.00875 -2.5624e-16 -7.95808e-13 0.0025 1 1 2.5 0.005 203 3 1 3.55271e-19 
0.01125 -1.34374e-15 3.41061e-13 0.0025 1 1 2.5 0.005 204 4 1 2.13163e-18 
0.01375 -2.98146e-16 1.13687e-13 0.0025 1 1 2.5 0.005 205 5 1 -4.26326e-18 
0.01625 -1.8295e-15 5.68434e-14 0.0025 1 1 2.5 0.005 206 4 1 2.4869e-18 
0.01875 -1.0437e-15 1.13687e-13 0.0025 1 1 2.5 0.005 207 4 1 -5.32907e-18 
0.02125 -1.43946e-15 -6.21228e-28 0.0025 1 1 2.5 0.005 208 3 1 6.75016e-18 
0.02375 -8.88207e-16 1.41995e-27 0.0025 1 1 2.5 0.005 209 3 1 1.06581e-18 
0.02625 5.60371e-16 1.41995e-27 0.0025 1 1 2.5 0.005 210 4 1 -1.42109e-18 
0.02875 -3.87266e-16 -1.13687e-13 0.0025 1 1 2.5 0.005 211 4 1 -4.26326e-18 
0.03125 -1.72794e-15 -1.93271e-27 0.0025 1 1 2.5 0.005 212 3 1 6.75016e-18 
0.03375 6.53544e-16 -5.68434e-14 0.0025 1 1 2.5 0.005 213 4 1 2.13163e-18 
0.03625 -7.75413e-16 -1.13687e-13 0.0025 1 1 2.5 0.005 214 5 1 -9.9476e-18 
0.03875 2.51441e-15 -3.9443e-29 0.0025 1 1 2.5 0.005 215 5 1 4.26326e-18 
0.04125 1.57116e-15 -2.24208e-44 0.0025 1 1 2.5 0.005 216 5 1 -6.03961e-18 
0.04375 7.91298e-16 -5.68434e-14 0.0025 1 1 2.5 0.005 217 5 1 2.13163e-18 
0.04625 -2.95368e-16 1.13687e-13 0.0025 1 1 2.5 0.005 218 5 1 -4.61853e-18 
0.04875 2.10801e-15 -1.13687e-13 0.0025 1 1 2.5 0.005 219 5 1 2.46519e-33 
0.05125 1.58175e-15 1.34525e-43 0.0025 1 1 2.5 0.005 220 5 1 -2.84217e-18 
0.05375 3.70131e-15 5.68434e-14 0.0025 1 1 2.5 0.005 221 5 1 -2.4869e-18 
0.05625 1.18652e-15 1.13687e-13 0.0025 1 1 2.5 0.005 222 5 1 4.9738e-18 
0.05875 5.63752e-15 5.68434e-14 0.0025 1 1 2.5 0.005 223 5 1 -1.13687e-17 
0.06125 4.27586e-15 -1.89327e-27 0.0025 1 1 2.5 0.005 224 3 1 3.55271e-18 
0.06375 7.47977e-15 1.89327e-27 0.0025 1 1 2.5 0.005 225 3 1 7.81597e-18 
0.06625 5.43476e-15 1.13687e-13 0.0025 1 1 2.5 0.005 226 5 1 -1.38556e-17 
0.06875 6.51759e-15 5.68434e-14 0.0025 1 1 2.5 0.005 227 5 1 8.88178e-18 
0.07125 5.6093e-15 1.13687e-13 0.0025 1 1 2.5 0.005 228 5 1 -1.10134e-17 
0.07375 4.63508e-15 1.00893e-43 0.0025 1 1 2.5 0.005 229 5 1 8.88178e-18 
0.07625 5.81962e-15 -6.72623e-44 0.0025 1 1 2.5 0.005 230 5 1 -1.3145e-17 
0.07875 5.339e-15 -1.68156e-43 0.0025 1 1 2.5 0.005 231 5 1 8.52651e-18 
0.08125 3.36805e-15 1.56945e-43 0.0025 1 1 2.5 0.005 232 5 1 -8.52651e-18 
0.08375 2.69652e-15 0 0.0025 1 1 2.5 0.005 233 5 1 3.90799e-18 
0.08625 1.38914e-15 1.45735e-43 0.0025 1 1 2.5 0.005 234 5 1 -5.32907e-18 
0.08875 3.15518e-15 -1.12104e-43 0.0025 1 1 2.5 0.005 235 5 1 2.46519e-33 
0.09125 2.73209e-15 -3.36312e-44 0.0025 1 1 2.5 0.005 236 5 1 -3.90799e-18 
0.09375 2.27063e-15 0 0.0025 1 1 2.5 0.005 237 5 1 2.46519e-33 
0.09625 1.64004e-15 0 0.0025 1 1 2.5 0.005 238 5 1 -4.61853e-18 
0.09875 5.79052e-16 1.45735e-43 0.0025 1 1 2.5 0.005 239 5 1 1.42109e-18 
0.10125 2.57924e-15 -1.79366e-43 0.0025 1 1 2.5 0.005 240 5 1 -6.75016e-18 
0.10375 1.40154e-15 -1.12104e-44 0.0025 1 1 2.5 0.005 241 5 1 5.68434e-18 
0.10625 5.6678e-16 -3.36312e-44 0.0025 1 1 2.5 0.005 242 5 1 -1.03029e-17 
0.10875 -1.37786e-15 3.36312e-43 0.0025 1 1 2.5 0.005 243 5 1 9.9476e-18 
0.11125 1.78171e-15 5.68434e-14 0.0025 1 1 2.5 0.005 244 5 1 -1.7053e-17 
0.11375 -9.3232e-16 1.90577e-43 0.0025 1 1 2.5 0.005 245 5 1 1.81188e-17 
0.11625 3.61309e-15 -1.13687e-13 0.0025 1 1 2.5 0.005 246 5 1 -2.45137e-17 
0.11875 1.79773e-15 1.7053e-13 0.0025 1 1 2.5 0.005 247 5 1 2.30926e-17 
0.12125 1.64694e-15 5.68434e-14 0.0025 1 1 2.5 0.005 248 5 1 -2.94875e-17 
0.12375 4.22818e-17 -1.13687e-13 0.0025 1 1 2.5 0.005 249 3 1 1.49214e-17 
0.12625 4.84235e-15 7.14905e-27 0.0025 1 1 2.5 0.005 250 3 1 1.42109e-17 
0.12875 2.08729e-15 7.10961e-27 0.0025 1 1 2.5 0.005 251 5 1 -2.70006e-17 
0.13125 2.70872e-15 -3.9443e-29 0.0025 1 1 2.5 0.005 252 5 1 1.84741e-17 
0.13375 2.26302e-16 5.68434e-14 0.0025 1 1 2.5 0.005 253 5 1 -1.81188e-17 
0.13625 3.71209e-15 1.13687e-13 0.0025 1 1 2.5 0.005 254 5 1 1.10134e-17 
0.13875 2.03806e-15 5.60519e-44 0.0025 1 1 2.5 0.005 255 5 1 -1.1724e-17 
0.14125 1.85454e-15 -1.34525e-43 0.0025 1 1 2.5 0.005 256 5 1 4.9738e-18 
0.14375 2.59851e-16 6.72623e-44 0.0025 1 1 2.5 0.005 257 5 1 -6.75016e-18 
0.14625 -8.61371e-16 -5.68434e-14 0.0025 1 1 2.5 0.005 258 5 1 4.26326e-18 
0.14875 -1.6657e-15 5.68434e-14 0.0025 1 1 2.5 0.005 259 5 1 -6.75016e-18 
0.15125 -1.69127e-15 -3.36312e-44 0.0025 1 1 2.5 0.005 260 5 1 1.42109e-18 
0.15375 -2.41598e-15 1.12104e-43 0.0025 1 1 2.5 0.005 261 5 1 -4.9738e-18 
0.15625 -8.36073e-16 -5.60519e-44 0.0025 1 1 2.5 0.005 262 5 1 -3.55271e-19 
0.15875 -1.43438e-15 1.34525e-43 0.0025 1 1 2.5 0.005 263 5 1 -3.19744e-18 
0.16125 2.80208e-15 2.27374e-13 0.0025 1 1 2.5 0.005 264 5 1 -2.84217e-18 
0.16375 2.01527e-15 2.27374e-13 0.0025 1 1 2.5 0.005 265 5 1 2.46519e-33 
0.16625 7.42933e-16 2.27374e-13 0.0025 1 1 2.5 0.005 266 5 1 -1.42109e-18 
0.16875 1.04626e-15 -5.68434e-14 0.0025 1 1 2.5 0.005 267 5 1 -2.13163e-18 
0.17125 7.51593e-16 -5.68434e-14 0.0025 1 1 2.5 0.005 268 5 1 -2.13163e-18 
0.17375 6.01944e-16 -4.48416e-44 0.0025 1 1 2.5 0.005 269 5 1 -2.4869e-18 
0.17625 -7.63123e-17 4.48416e-44 0.0025 1 1 2.5 0.005 270 5 1 -7.10543e-19 
0.17875 -7.64628e-16 1.23314e-43 0.0025 1 1 2.5 0.005 271 5 1 -2.4869e-18 
0.18125 1.11982e-15 3.41061e-13 0.0025 1 1 2.5 0.005 272 5 1 -3.19744e-18 
0.18375 2.2919e-15 1.53477e-12 0.0025 1 1 2.5 0.005 273 5 1 2.46519e-33 
0.18625 7.25178e-15 -1.13687e-13 0.0025 1 1 2.5 0.005 274 5 1 2.52243e-17 
0.18875 -3.84615e-14 -6.33804e-11 0.0025 1 1 2.5 0.005 275 4 1 7.28306e-17 
0.19125 -2.05721e-13 -1.47622e-10 0.0025 1 1 2.5 0.005 276 4 1 1.74794e-16 
0.19375 -6.72205e-13 -3.933e-10 0.0025 1 1 2.5 0.005 277 4 1 2.99494e-16 
0.19625 -1.59739e-12 -6.53301e-10 0.0025 1 1 2.5 0.005 278 4 1 1.58451e-16 
0.19875 -2.84866e-12 -4.8135e-10 0.0025 1 1 2.5 0.005 279 3 1 -7.86571e-16 
0.20125 -2.85202e-12 1.36828e-09 0.0025 1 1 2.5 0.005 280 4 1 -2.64748e-15 
0.20375 3.33533e-12 5.71566e-09 0.0025 1 1 2.5 0.005 281 5 1 7.67244e-15 
0.20625 -2.34593e-12 -1.77677e-08 0.0025 1 1 2.5 0.005 282 4 1 4.39353e-14 
0.20875 -7.96051e-11 -8.66006e-08 0.0025 1 1 2.5 0.005 283 4 1 1.33074e-13 
0.21125 -3.73236e-10 -2.77903e-07 0.0025 1 1 2.5 0.005 284 4 1 3.22029e-13 
0.21375 -1.19135e-09 -6.8976e-07 0.0025 1 1 2.5 0.005 285 4 1 6.24485e-13 
0.21625 -3.02683e-09 -1.39078e-06 0.0025 1 1 2.5 0.005 286 4 1 9.16405e-13 
0.21875 -6.34082e-09 -2.15489e-06 0.0025 1 1 2.5 0.005 287 4 1 6.35002e-13 
0.22125 -1.069e-08 -2.03001e-06 0.0025 1 1 2.5 0.005 288 4 1 -1.55084e-12 
0.22375 -1.24866e-08 1.93009e-06 0.0025 1 1 2.5 0.005 289 3 1 -8.02087e-12 
0.22625 1.02497e-09 1.58352e-05 0.0025 1 1 2.5 0.005 290 5 1 1.10739e-11 
0.22875 4.65932e-09 -2.62008e-05 0.0025 1 1 2.5 0.005 291 4 1 9.17252e-11 
0.23125 -1.42458e-07 -0.000171035 0.0025 1 1 2.5 0.005 292 4 1 3.11509e-10 
0.23375 -7.77898e-07 -0.000624225 0.0025 1 1 2.5 0.005 293 4 1 8.7527e-10 
0.23625 -2.79939e-06 -0.00181073 0.0025 1 1 2.5 0.00499999 294 4 1 2.16218e-09 
0.23875 -8.24366e-06 -0.00457852 0.0025 1.00001 1.00001 2.50001 0.00499997 295 4 1 4.84724e-09 
0.24125 -2.13434e-05 -0.0104931 0.0025 1.00002 1.00002 2.50002 0.00499991 296 4 1 1.00533e-08 
0.24375 -5.02674e-05 -0.0222431 0.0025 1.00004 1.00006 2.50004 0.0049998 297 4 1 1.95189e-08 
0.24625 -0.00010977 -0.0441469 0.0025 1.00009 1.00012 2.50009 0.00499957 298 4 1 3.57418e-08 
0.248749 -0.000224907 -0.082671 0.0025 1.00018 1.00025 2.50018 0.00499912 299 4 1 6.20317e-08 
0.251249 -0.000435731 -0.146781 0.0025 1.00034 1.00048 2.50034 0.00499829 300 4 1 1.02355e-07 
0.253748 -0.000802411 -0.247788 0.0025 1.00063 1.00089 2.50062 0.00499686 301 4 1 1.60799e-07 
0.256246 -0.00140938 -0.398176 0.0025 1.0011 1.00156 2.5011 0.00499448 302 4 1 2.40411e-07 
0.258742 -0.00236594 -0.608773 0.0025 1.00186 1.00261 2.50185 0.00499074 303 4 1 3.41084e-07 
0.261236 -0.00379954 -0.883783 0.0025 1.00298 1.0042 2.50297 0.00498512 304 4 1 4.5626e-07 
0.263727 -0.00583738 -1.2139 0.0025 1.0046 1.00647 2.50458 0.00497712 305 4 1 5.68786e-07 
0.266214 -0.00857364 -1.56937 0.0025 1.00678 1.00953 2.50676 0.00496635 306 4 1 6.47821e-07 
0.268694 -0.012025 -1.89668 0.0025 1.00955 1.01342 2.50952 0.00495271 307 4 1 6.50759e-07 
0.271166 -0.0160856 -2.12357 0.0025 1.01285 1.01806 2.51282 0.00493657 308 4 1 5.34661e-07 
0.27363 -0.0204996 -2.1734 0.0025 1.0165 1.02319 2.51645 0.00491886 309 4 1 2.76176e-07 
0.276085 -0.0248688 -1.98769 0.0025 1.02019 1.02838 2.52012 0.00490106 310 4 1 -1.07754e-07 
0.278531 -0.0287015 -1.54414 0.0025 1.02353 1.03308 2.52343 0.00488507 311 4 1 -5.6222e-07 
0.28097 -0.0314836 -0.854408 0.0025 1.02607 1.03666 2.52595 0.00487296 312 4 1 -1.03001e-06 
0.283404 -0.0327363 -0.0289056 0.0025 1.02734 1.03842 2.52722 0.00486694 313 3 1 -1.71921e-06 
0.285837 -0.0317195 1.43304 0.0025 1.0266 1.03743 2.52649 0.00487043 314 4 1 -8.66074e-07 
0.288275 -0.0289558 0.323966 0.0025 1.02495 1.03512 2.5248 0.00487828 315 4 1 4.4588e-07 
0.290716 -0.028944 0.386828 0.0025 1.02324 1.03249 2.52321 0.00488643 316 4 1 -3.99742e-06 
0.293161 -0.0218589 7.04597 0.0025 1.01663 1.02319 2.51683 0.0049182 317 4 1 -5.37446e-06 
0.295634 -0.00416698 8.94317 0.0025 1.00421 1.0061 2.50431 0.00497904 318 4 1 4.43707e-06 
0.29814 0.00867412 3.28689 0.0025 0.993941 0.991722 2.49386 0.00503048 319 4 1 6.53566e-06 
0.300664 0.0136006 2.07231 0.0025 0.987898 0.983032 2.48792 0.00506125 320 4 1 -7.06465e-07 
0.303202 0.0222169 5.68632 0.0025 0.980375 0.972561 2.48044 0.00510009 321 4 1 -2.23782e-06 
0.305765 0.0361 6.71996 0.0025 0.969805 0.958054 2.46965 0.00515567 322 4 1 1.93115e-06 
0.308358 0.0494046 5.47556 0.0025 0.95912 0.943325 2.45867 0.00521311 323 4 1 3.17944e-06 
0.310978 0.061066 5.10437 0.0025 0.949336 0.929839 2.44863 0.00526684 324 4 1 1.87397e-06 
0.313625 0.0730267 5.39871 0.0025 0.939605 0.916517 2.43858 0.00532139 325 4 1 1.48025e-06 
0.316299 0.0856206 5.56314 0.0025 0.929552 0.902825 2.42811 0.00537894 326 4 1 1.75595e-06 
0.319004 0.0986006 5.64478 0.0025 0.919259 0.888866 2.41732 0.00543917 327 4 1 1.98133e-06 
0.321739 0.111888 5.66296 0.0025 0.908826 0.874782 2.40631 0.0055016 328 4 1 2.18666e-06 
0.324506 0.125351 5.59501 0.0025 0.898372 0.860731 2.3952 0.00556562 329 4 1 2.29956e-06 
0.327305 0.138781 5.54239 0.0025 0.88795 0.846782 2.38405 0.00563095 330 4 1 2.25938e-06 
0.330137 0.15246 5.57726 0.0025 0.87749 0.832848 2.37279 0.00569807 331 4 1 2.2163e-06 
0.333003 0.166421 5.656 0.0025 0.866904 0.818819 2.3613 0.00576765 332 4 1 2.35119e-06 
0.335905 0.180712 5.62848 0.0025 0.856229 0.804744 2.34963 0.00583956 333 4 1 2.53755e-06 
0.338843 0.195072 5.57988 0.0025 0.845551 0.79073 2.33786 0.0059133 334 4 1 2.57437e-06 
0.341818 0.209608 5.57941 0.0025 0.834854 0.776761 2.32599 0.00598907 335 4 1 2.57487e-06 
0.344832 0.224355 5.60868 0.0025 0.824086 0.762773 2.31395 0.00606733 336 4 1 2.65166e-06 
0.347886 0.239444 5.61632 0.0025 0.813239 0.748758 2.30172 0.00614826 337 4 1 2.80364e-06 
0.350981 0.254714 5.56901 0.0025 0.802363 0.734779 2.28937 0.00623159 338 4 1 2.8887e-06 
0.354118 0.270164 5.5704 0.0025 0.791465 0.720846 2.27688 0.0063174 339 4 1 2.93565e-06 
0.357298 0.28587 5.55168 0.0025 0.780523 0.706933 2.26424 0.00640596 340 4 1 2.99323e-06 
0.360524 0.301859 5.59723 0.0025 0.769505 0.693007 2.25141 0.00649768 341 4 1 3.1261e-06 
0.363796 0.318085 5.53177 0.0025 0.758445 0.679105 2.23841 0.00659244 342 4 1 3.27543e-06 
0.367117 0.334516 5.5286 0.0025 0.747374 0.665268 2.22529 0.00669009 343 4 1 3.29721e-06 
0.370487 0.351227 5.53149 0.0025 0.73625 0.65145 2.21199 0.00679117 344 4 1 3.42928e-06 
0.373908 0.368206 5.50517 0.0025 0.725092 0.637676 2.19852 0.00689568 345 4 1 3.5985e-06 
0.377383 0.385381 5.4367 0.0025 0.713958 0.624013 2.18496 0.00700321 346 4 1 3.69511e-06 
0.380912 0.402666 5.4052 0.0025 0.702869 0.610492 2.17133 0.0071137 347 4 1 3.81931e-06 
0.384497 0.420083 5.27581 0.0025 0.69189 0.597191 2.1577 0.00722658 348 4 1 3.98992e-06 
0.388139 0.437296 5.11413 0.0025 0.681143 0.584251 2.14424 0.0073406 349 4 1 4.03604e-06 
0.391838 0.454232 4.8958 0.0025 0.670724 0.571784 2.13106 0.00745463 350 4 1 4.05392e-06 
0.395594 0.470576 4.601 0.0025 0.660754 0.559921 2.11833 0.00756711 351 4 1 3.87815e-06 
0.399406 0.486297 4.36554 0.0025 0.651249 0.548673 2.1061 0.00767756 352 4 1 3.55729e-06 
0.403272 0.501468 4.1485 0.0025 0.642125 0.537932 2.09425 0.00778664 353 4 1 3.11885e-06 
0.407193 0.516526 4.15924 0.0025 0.633149 0.527421 2.0825 0.00789704 354 4 1 2.68848e-06 
0.41117 0.532135 4.28378 0.0025 0.624001 0.516777 2.07042 0.00801281 355 4 1 2.60367e-06 
0.415206 0.548619 4.50542 0.0025 0.614472 0.505763 2.05773 0.00813707 356 4 1 2.82239e-06 
0.419307 0.566289 4.70549 0.0025 0.604493 0.494315 2.04431 0.0082714 357 4 1 3.4216e-06 
0.423478 0.584684 4.75608 0.0025 0.594231 0.482625 2.03036 0.00841423 358 4 1 4.14026e-06 
0.427722 0.603399 4.65743 0.0025 0.584004 0.471061 2.01631 0.00856159 359 4 1 4.82084e-06 
0.43204 0.621537 4.26554 0.0025 0.574282 0.460146 2.00282 0.00870652 360 4 1 5.31672e-06 
0.436429 0.63784 3.59217 0.0025 0.565661 0.450529 1.99074 0.00883921 361 4 1 5.31125e-06 
0.44088 0.651099 2.65665 0.0025 0.558696 0.442791 1.9809 0.00894941 362 4 1 4.64738e-06 
0.445379 0.660449 1.70867 0.0025 0.553667 0.437204 1.97375 0.0090307 363 4 1 3.21772e-06 
0.449911 0.666541 1.15744 0.0025 0.550248 0.433396 1.96888 0.00908682 364 4 1 1.71674e-06 
0.454466 0.671125 0.962611 0.0025 0.547765 0.430651 1.96533 0.00912801 365 4 1 1.13225e-06 
0.459039 0.674726 0.62833 0.0025 0.545974 0.428694 1.96277 0.00915795 366 4 1 1.28094e-06 
0.463624 0.676335 0.0816031 0.0025 0.5451 0.427725 1.96152 0.00917263 367 4 1 9.01086e-07 
0.468212 0.676288 -0.0343967 0.0025 0.54493 0.427515 1.96129 0.00917549 368 4 1 1.99233e-07 
0.472799 0.676297 -0.0124413 0.0025 0.54493 0.427511 1.96131 0.0091755 369 5 1 3.73085e-08 
0.477387 0.676174 -0.0449961 0.0025 0.544963 0.427553 1.96137 0.00917493 370 4 1 7.11748e-08 
0.481974 0.675961 -0.0563902 0.0025 0.545055 0.427655 1.96152 0.00917339 371 4 1 3.47082e-08 
0.48656 0.675715 -0.060076 0.0025 0.545174 0.427788 1.9617 0.00917139 372 4 1 1.31469e-08 
0.491146 0.67546 -0.0583447 0.0025 0.545302 0.427932 1.9619 0.00916923 373 4 1 -2.88673e-09 
0.49573 0.675212 -0.0532663 0.0025 0.545427 0.428073 1.9621 0.00916713 374 4 1 -9.1453e-09 
0.500313 0.674982 -0.047768 0.0025 0.545543 0.428204 1.96229 0.00916517 375 4 1 -1.09873e-08 
0.504895 0.674778 -0.0427548 0.0025 0.545648 0.428324 1.96246 0.00916341 376 4 1 -1.39747e-08 
0.509476 0.674597 -0.037693 0.0025 0.545741 0.428431 1.96261 0.00916185 377 4 1 -1.30751e-08 
0.514057 0.674436 -0.0326216 0.0025 0.545822 0.428525 1.96275 0.0091605 378 4 1 -1.13957e-08 
0.518637 0.674292 -0.028373 0.0025 0.545891 0.428606 1.96288 0.00915933 379 4 1 -8.99665e-09 
0.523216 0.674165 -0.0252032 0.0025 0.545952 0.428679 1.96299 0.00915832 380 4 1 -5.85897e-09 
0.527795 0.674055 -0.0225376 0.0025 0.546004 0.428743 1.9631 0.00915744 381 4 1 -9.08633e-09 
0.532373 0.673958 -0.0199454 0.0025 0.54605 0.4288 1.96319 0.00915668 382 4 1 -5.74702e-09 
0.536952 0.673873 -0.0175577 0.0025 0.546089 0.42885 1.96328 0.00915602 383 4 1 -1.30663e-09 
0.54153 0.673797 -0.0155853 0.0025 0.546121 0.428894 1.96337 0.00915548 384 4 1 -6.83665e-09 
0.546107 0.67373 -0.0139492 0.0025 0.546149 0.428934 1.96345 0.009155 385 4 1 -2.54282e-09 
0.550685 0.673671 -0.0124583 0.0025 0.546173 0.428969 1.96352 0.00915461 386 4 1 -6.60689e-10 
0.555262 0.673618 -0.0110706 0.0025 0.546192 0.429 1.9636 0.00915429 387 4 1 -8.68594e-10 
0.559839 0.673571 -0.00986365 0.0025 0.546207 0.429028 1.96367 0.00915404 388 4 1 1.56601e-09 
0.564416 0.673528 -0.00886309 0.0025 0.546218 0.429053 1.96374 0.00915385 389 4 1 -4.96392e-09 
0.568993 0.67349 -0.00800108 0.0025 0.546227 0.429075 1.96381 0.00915371 390 4 1 3.04533e-09 
0.573569 0.673456 -0.00721453 0.0025 0.546232 0.429095 1.96389 0.00915362 391 4 1 2.59564e-09 
0.578146 0.673425 -0.0065062 0.0025 0.546234 0.429114 1.96396 0.00915358 392 4 1 6.34991e-09 
0.582723 0.673397 -0.00589849 0.0025 0.546235 0.429132 1.96405 0.00915357 393 3 1 -5.12274e-09 
0.5873 0.673371 -0.00537714 0.0025 0.546225 0.429148 1.96412 0.00915373 394 5 1 1.42315e-07 
0.591877 0.673348 -0.00490668 0.0025 0.546227 0.429191 1.96437 0.00915371 395 3 1 -1.39839e-07 
0.596454 0.673326 -0.00447426 0.0025 0.545839 0.429048 1.96445 0.0091602 396 5 1 3.48686e-06 
0.601037 0.673307 -0.00409045 0.0025 0.548114 0.430723 1.96832 0.00912219 397 3 1 -1.90597e-05 
0.605576 0.673289 -0.00376248 0.0025 0.536795 0.426064 1.94988 0.00931454 398 4 1 0.000179232 
0.610358 0.673272 -0.00345827 0.0025 0.510951 0.432608 2.15233 0.00978568 399 4 1 -0.000134231 
0.615368 0.673256 -0.00316745 0.0025 0.482717 0.424393 2.15533 0.010358 400 4 1 0.000266052 
0.62073 0.673239 -0.00288035 0.0025 0.454243 0.432841 2.44401 0.0110073 401 4 1 -0.000240409 
0.626386 0.673223 -0.00259922 0.0025 0.446952 0.427185 2.38011 0.0111869 402 5 1 5.38005e-05 
0.631918 0.673209 -0.00233339 0.0025 0.452387 0.429562 2.3745 0.0110525 403 4 1 -3.01277e-06 
0.637439 0.673196 -0.00205951 0.0025 0.453573 0.429238 2.36511 0.0110236 404 4 1 3.91204e-06 
0.642942 0.673183 -0.00176795 0.0025 0.454657 0.429301 2.36033 0.0109973 405 4 1 1.27066e-06 
0.648436 0.67317 -0.00145703 0.0025 0.455283 0.429279 2.35704 0.0109822 406 4 1 8.41963e-07 
0.653924 0.673158 -0.00113052 0.0025 0.455729 0.42927 2.35475 0.0109714 407 4 1 5.43317e-07 
0.659407 0.673145 -0.00079404 0.0025 0.456052 0.429265 2.35309 0.0109637 408 4 1 3.47927e-07 
0.664888 0.673132 -0.000444596 0.0025 0.456293 0.429262 2.35185 0.0109579 409 4 1 2.45252e-07 
0.670365 0.673118 -4.69754e-05 0.0025 0.456478 0.429259 2.3509 0.0109534 410 4 1 1.74916e-07 
0.675841 0.673103 0.000507776 0.0025 0.45662 0.429256 2.35015 0.01095 411 4 1 1.26395e-07 
0.681315 0.673084 0.00148325 0.0025 0.45673 0.429249 2.34956 0.0109474 412 4 1 8.81558e-08 
0.686788 0.673057 0.00350748 0.0025 0.456811 0.429235 2.34907 0.0109454 413 4 1 5.25437e-08 
0.692261 0.67301 0.0081026 0.0025 0.456861 0.429203 2.34865 0.0109442 414 4 1 4.54568e-09 
0.697733 0.672914 0.0189799 0.0025 0.456866 0.429128 2.34823 0.0109441 415 3 1 -8.31532e-08 
0.703205 0.672701 0.0449687 0.0025 0.456785 0.428949 2.34771 0.0109461 416 4 1 -2.7261e-07 
0.708679 0.672205 0.107566 0.0025 0.456513 0.428524 2.34686 0.0109526 417 4 1 -6.94598e-07 
0.714157 0.671032 0.255351 0.0025 0.455808 0.427521 2.34517 0.0109695 418 4 1 -1.63012e-06 
0.719648 0.668294 0.597654 0.0025 0.454117 0.425198 2.34149 0.0110104 419 4 1 -3.47323e-06 
0.725168 0.661942 1.3609 0.0025 0.450312 0.420063 2.33343 0.0111034 420 4 1 -6.55216e-06 
0.730752 0.648302 2.86457 0.0025 0.442306 0.409416 2.31649 0.0113044 421 4 1 -1.00238e-05 
0.736474 0.619078 6.05355 0.0025 0.4268 0.38921 2.28292 0.0117151 422 4 1 -6.87739e-06 
0.742474 0.564484 10.4979 0.0025 0.400646 0.355764 2.2234 0.0124799 423 4 1 1.0193e-05 
0.748977 0.4627 21.0373 0.0025 0.36021 0.306169 2.12267 0.0138808 424 4 1 7.26256e-05 
0.756437 0.280979 30.8381 0.0025 0.310884 0.248496 1.98453 0.0160832 425 4 1 0.000208826 
0.765214 0.0934403 21.7362 0.0025 0.271419 0.203892 1.86244 0.0184217 426 4 1 0.000249692 
0.774948 0.00430944 5.73359 0.0025 0.253089 0.183498 1.80442 0.0197559 427 4 1 0.000105585 
0.784981 -0.00651137 -0.882951 0.0025 0.249327 0.179025 1.79305 0.020054 428 5 1 1.41621e-05 
0.795002 -0.000621346 -0.413349 0.0025 0.24974 0.179232 1.79426 0.0200209 429 4 1 -3.67682e-07 
0.805002 0.000273621 0.00666989 0.0025 0.250022 0.179509 1.79506 0.0199982 430 4 1 -6.7056e-07 
0.815001 0.000130636 0.0227643 0.0025 0.250023 0.179523 1.79507 0.0199981 431 3 1 -3.95433e-08 
0.825 3.0505e-05 0.00799154 0.0025 0.250007 0.179508 1.79502 0.0199994 432 4 1 2.51572e-08 
0.835 3.15968e-06 0.00150815 0.0025 0.250001 0.179501 1.795 0.0199999 433 4 1 1.15287e-08 
0.845 -6.83134e-07 4.00432e-05 0.0025 0.25 0.1795 1.795 0.02 434 4 1 2.6059e-09 
0.855 -2.03973e-07 -7.54724e-05 0.0025 0.25 0.1795 1.795 0.02 435 5 1 1.92415e-10 
0.865 1.78455e-08 -5.51772e-06 0.0025 0.25 0.1795 1.795 0.02 436 4 1 -9.29596e-11 
0.875 1.61634e-08 2.04178e-06 0.0025 0.25 0.1795 1.795 0.02 437 3 1 -1.58201e-11 
0.885 4.68399e-09 1.10569e-06 0.0025 0.25 0.1795 1.795 0.02 438 4 1 1.81291e-12 
0.895 6.84794e-10 2.51919e-07 0.0025 0.25 0.1795 1.795 0.02 439 4 1 1.44267e-12 
0.905 -2.95814e-11 2.48984e-08 0.0025 0.25 0.1795 1.795 0.02 440 4 1 3.96608e-13 
0.915 -3.39778e-11 -9.44242e-09 0.0025 0.25 0.1795 1.795 0.02 441 5 1 5.14419e-14 
0.925 -7.59538e-13 -1.52659e-09 0.0025 0.25 0.1795 1.795 0.02 442 4 1 -7.50209e-15 
0.935 1.5222e-12 1.52838e-10 0.0025 0.25 0.1795 1.795 0.02 443 3 1 -2.85514e-15 
0.945 5.33323e-13 1.15392e-10 0.0025 0.25 0.1795 1.795 0.02 444 4 1 -5.15143e-18 
0.955 9.85755e-14 3.5314e-11 0.0025 0.25 0.1795 1.795 0.02 445 4 1 1.49925e-16 
0.965 -4.94403e-16 1.20792e-12 0.0025 0.25 0.1795 1.795 0.02 446 5 1 2.89546e-17 
0.975 -4.71663e-15 -5.11591e-13 0.0025 0.25 0.1795 1.795 0.02 447 5 1 2.57572e-17 
0.985 -2.11157e-15 -8.52651e-14 0.0025 0.25 0.1795 1.795 0.02 448 5 1 -3.25073e-17 
0.995 -8.81193e-15 1.42109e-14 0.0025 0.25 0.1795 1.795 0.02 449 4 1 1.81188e-17 
1.005 8.44898e-15 1.42109e-14 0.0025 0.25 0.1795 1.795 0.02 450 4 1 1.98952e-17 
1.015 1.69599e-15 1.42109e-14 0.0025 0.25 0.1795 1.795 0.02 451 5 1 -3.35731e-17 
1.025 4.53298e-15 6.25278e-13 0.0025 0.25 0.1795 1.795 0.02 452 5 1 2.45137e-17 
1.035 1.55862e-15 -1.03739e-12 0.0025 0.25 0.1795 1.795 0.02 453 5 1 2.98428e-17 
1.045 -8.34823e-14 -3.31113e-11 0.0025 0.25 0.1795 1.795 0.02 454 4 1 1.55431e-16 
1.055 -5.43913e-13 -1.18732e-10 0.0025 0.25 0.1795 1.795 0.02 455 4 1 -1.68754e-17 
1.065 -1.51171e-12 -1.51516e-10 0.0025 0.25 0.1795 1.795 0.02 456 3 1 -2.83222e-15 
1.075 7.6441e-13 1.52893e-09 0.0025 0.25 0.1795 1.795 0.02 457 4 1 -7.53388e-15 
1.085 3.39326e-11 9.44316e-09 0.0025 0.25 0.1795 1.795 0.02 458 5 1 5.14151e-14 
1.095 2.96172e-11 -2.49045e-08 0.0025 0.25 0.1795 1.795 0.02 459 4 1 3.96695e-13 
1.105 -6.84773e-10 -2.51919e-07 0.0025 0.25 0.1795 1.795 0.02 460 4 1 1.44264e-12 
1.115 -4.68404e-09 -1.10569e-06 0.0025 0.25 0.1795 1.795 0.02 461 4 1 1.81288e-12 
1.125 -1.61634e-08 -2.04178e-06 0.0025 0.25 0.1795 1.795 0.02 462 3 1 -1.58201e-11 
1.135 -1.78455e-08 5.51772e-06 0.0025 0.25 0.1795 1.795 0.02 463 4 1 -9.29595e-11 
1.145 2.03973e-07 7.54724e-05 0.0025 0.25 0.1795 1.795 0.02 464 5 1 1.92415e-10 
1.155 6.83134e-07 -4.00432e-05 0.0025 0.25 0.1795 1.795 0.02 465 4 1 2.6059e-09 
1.165 -3.15968e-06 -0.00150815 0.0025 0.250001 0.179501 1.795 0.0199999 466 4 1 1.15287e-08 
1.175 -3.0505e-05 -0.00799154 0.0025 0.250007 0.179508 1.79502 0.0199994 467 4 1 2.51572e-08 
1.185 -0.000130636 -0.0227643 0.0025 0.250023 0.179523 1.79507 0.0199981 468 3 1 -3.95433e-08 
1.195 -0.000273621 -0.00666989 0.0025 0.250022 0.179509 1.79506 0.0199982 469 4 1 -6.7056e-07 
1.205 0.000621346 0.413349 0.0025 0.24974 0.179232 1.79426 0.0200209 470 4 1 -3.67682e-07 
1.21502 0.00651137 0.882951 0.0025 0.249327 0.179025 1.79305 0.020054 471 5 1 1.41621e-05 
1.22505 -0.00430944 -5.73359 0.0025 0.253089 0.183498 1.80442 0.0197559 472 4 1 0.000105585 
1.23479 -0.0934403 -21.7362 0.0025 0.271419 0.203892 1.86244 0.0184217 473 4 1 0.000249692 
1.24356 -0.280979 -30.8381 0.0025 0.310884 0.248496 1.98453 0.0160832 474 4 1 0.000208826 
1.25102 -0.4627 -21.0373 0.0025 0.36021 0.306169 2.12267 0.0138808 475 4 1 7.26256e-05 
1.25753 -0.564484 -10.4979 0.0025 0.400646 0.355764 2.2234 0.0124799 476 4 1 1.0193e-05 
1.26353 -0.619078 -6.05355 0.0025 0.4268 0.38921 2.28292 0.0117151 477 4 1 -6.87739e-06 
1.26925 -0.648302 -2.86457 0.0025 0.442306 0.409416 2.31649 0.0113044 478 4 1 -1.00238e-05 
1.27483 -0.661942 -1.3609 0.0025 0.450312 0.420063 2.33343 0.0111034 479 4 1 -6.55216e-06 
1.28035 -0.668294 -0.597654 0.0025 0.454117 0.425198 2.34149 0.0110104 480 4 1 -3.47323e-06 
1.28584 -0.671032 -0.255351 0.0025 0.455808 0.427521 2.34517 0.0109695 481 4 1 -1.63012e-06 
1.29132 -0.672205 -0.107566 0.0025 0.456513 0.428524 2.34686 0.0109526 482 4 1 -6.94598e-07 
1.2968 -0.672701 -0.0449687 0.0025 0.456785 0.428949 2.34771 0.0109461 483 4 1 -2.7261e-07 
1.30227 -0.672914 -0.0189799 0.0025 0.456866 0.429128 2.34823 0.0109441 484 3 1 -8.31532e-08 
1.30774 -0.67301 -0.0081026 0.0025 0.456861 0.429203 2.34865 0.0109442 485 4 1 4.54568e-09 
1.31321 -0.673057 -0.00350748 0.0025 0.456811 0.429235 2.34907 0.0109454 486 4 1 5.25437e-08 
1.31868 -0.673084 -0.00148325 0.0025 0.45673 0.429249 2.34956 0.0109474 487 4 1 8.81558e-08 
1.32416 -0.673103 -0.000507776 0.0025 0.45662 0.429256 2.35015 0.01095 488 4 1 1.26395e-07 
1.32963 -0.673118 4.69754e-05 0.0025 0.456478 0.429259 2.3509 0.0109534 489 4 1 1.74916e-07 
1.33511 -0.673132 0.000444596 0.0025 0.456293 0.429262 2.35185 0.0109579 490 4 1 2.45252e-07 
1.34059 -0.673145 0.00079404 0.0025 0.456052 0.429265 2.35309 0.0109637 491 4 1 3.47927e-07 
1.34608 -0.673158 0.00113052 0.0025 0.455729 0.42927 2.35475 0.0109714 492 4 1 5.43317e-07 
1.35156 -0.67317 0.00145703 0.0025 0.455283 0.429279 2.35704 0.0109822 493 4 1 8.41963e-07 
1.35706 -0.673183 0.00176795 0.0025 0.454657 0.429301 2.36033 0.0109973 494 4 1 1.27066e-06 
1.36256 -0.673196 0.00205951 0.0025 0.453573 0.429238 2.36511 0.0110236 495 4 1 3.91204e-06 
1.36808 -0.673209 0.00233339 0.0025 0.452387 0.429562 2.3745 0.0110525 496 4 1 -3.01277e-06 
1.37361 -0.673223 0.00259922 0.0025 0.446952 0.427185 2.38011 0.0111869 497 5 1 5.38005e-05 
1.37927 -0.673239 0.00288035 0.0025 0.454243 0.432841 2.44401 0.0110073 498 4 1 -0.000240409 
1.38463 -0.673256 0.00316745 0.0025 0.482717 0.424393 2.15533 0.010358 499 4 1 0.000266052 
