# Time [s]: 0.193643
# Columns: pos [m], vel [m/s], acc [m/s^2], mass [kg], dens [kg/m^3], pres [Pa], ene [J/kg], sml [m], id, neighbor, alpha, gradh, ...additional?
1.37189 -0.6732 0.00211496 0.0025 0.510988 0.432652 2.1524 0.00978497 0 4 1 -0.000134228 
1.37667 -0.673211 0.00229948 0.0025 0.536837 0.426111 1.94994 0.00931381 1 4 1 0.00017924 
1.38121 -0.673222 0.00249168 0.0025 0.54816 0.430774 1.96839 0.00912142 2 3 1 -1.90591e-05 
1.38579 -0.673234 0.00270435 0.0025 0.54589 0.429104 1.96453 0.00915936 3 5 1 3.48641e-06 
1.39037 -0.673247 0.00293938 0.0025 0.546282 0.429252 1.96445 0.00915279 4 4 1 -1.39298e-07 
1.39495 -0.673261 0.00320278 0.0025 0.546285 0.429214 1.96421 0.00915272 5 4 1 1.42962e-07 
1.39952 -0.673276 0.0034949 0.0025 0.546301 0.429205 1.96414 0.00915247 6 4 1 -4.36822e-09 
1.4041 -0.673293 0.00380878 0.0025 0.546306 0.429193 1.96407 0.00915238 7 4 1 7.29668e-09 
1.40867 -0.673311 0.00414013 0.0025 0.546311 0.429182 1.964 0.0091523 8 4 1 3.7594e-09 
1.41325 -0.67333 0.00449515 0.0025 0.546313 0.42917 1.96394 0.00915226 9 4 1 4.3897e-09 
1.41783 -0.673352 0.00488076 0.0025 0.546314 0.429158 1.96388 0.00915225 10 3 1 -3.42134e-09 
1.4224 -0.673376 0.00529348 0.0025 0.546313 0.429145 1.96382 0.00915226 11 4 1 3.44423e-09 
1.42698 -0.673403 0.00573811 0.0025 0.54631 0.42913 1.96376 0.00915231 12 4 1 1.42346e-09 
1.43156 -0.673433 0.00626162 0.0025 0.546305 0.429114 1.96371 0.0091524 13 4 1 1.87477e-09 
1.43613 -0.673466 0.00694046 0.0025 0.546297 0.429096 1.96366 0.00915253 14 4 1 -9.04379e-12 
1.44071 -0.673503 0.00781001 0.0025 0.546287 0.429077 1.96361 0.00915269 15 4 1 -4.2094e-09 
1.44528 -0.673543 0.00882997 0.0025 0.546275 0.429055 1.96355 0.0091529 16 4 1 1.83783e-09 
1.44986 -0.673587 0.009955 0.0025 0.546259 0.42903 1.96349 0.00915317 17 4 1 -1.96138e-09 
1.45444 -0.673636 0.0112139 0.0025 0.546239 0.429002 1.96343 0.0091535 18 4 1 -5.08041e-09 
1.45901 -0.67369 0.0126612 0.0025 0.546217 0.42897 1.96337 0.00915388 19 4 1 -1.71855e-09 
1.46359 -0.673751 0.0142737 0.0025 0.54619 0.428934 1.9633 0.00915433 20 4 1 -3.74275e-09 
1.46817 -0.673819 0.0159944 0.0025 0.546158 0.428894 1.96323 0.00915486 21 4 1 -4.18804e-09 
1.47275 -0.673896 0.0179082 0.0025 0.546121 0.428849 1.96316 0.00915548 22 4 1 -5.07144e-09 
1.47732 -0.673983 0.0202851 0.0025 0.546079 0.428797 1.96308 0.00915619 23 4 1 -7.62349e-09 
1.4819 -0.674082 0.0233482 0.0025 0.54603 0.428739 1.96299 0.00915701 24 4 1 -7.6426e-09 
1.48648 -0.674192 0.0269553 0.0025 0.545973 0.428673 1.96289 0.00915796 25 4 1 -9.56953e-09 
1.49106 -0.674316 0.0305618 0.0025 0.545907 0.428596 1.96277 0.00915907 26 4 1 -1.06469e-08 
1.49564 -0.674456 0.0337483 0.0025 0.545832 0.42851 1.96265 0.00916033 27 4 1 -8.31744e-09 
-0.499779 -0.674619 0.0370273 0.0025 0.545749 0.428415 1.96251 0.00916173 28 4 1 -8.91551e-09 
-0.495198 -0.674805 0.0416466 0.0025 0.545656 0.428311 1.96237 0.00916328 29 4 1 -1.22779e-08 
-0.490616 -0.675009 0.0476275 0.0025 0.545554 0.428195 1.96221 0.00916499 30 4 1 -1.09081e-08 
-0.486033 -0.675223 0.05255 0.0025 0.545442 0.428069 1.96203 0.00916688 31 4 1 -3.25528e-09 
-0.481449 -0.675444 0.0540461 0.0025 0.545324 0.427938 1.96185 0.00916886 32 4 1 6.13791e-09 
-0.476864 -0.675666 0.0512226 0.0025 0.545212 0.427813 1.96168 0.00917075 33 4 1 2.27521e-08 
-0.472278 -0.675871 0.0422166 0.0025 0.545118 0.427708 1.96153 0.00917232 34 4 1 3.59724e-08 
-0.467692 -0.676039 0.0363226 0.0025 0.545053 0.427636 1.96143 0.00917342 35 4 1 7.6484e-08 
-0.463105 -0.676116 -0.0121492 0.0025 0.54505 0.42763 1.96141 0.00917347 36 5 1 5.1806e-08 
-0.458519 -0.675985 0.0129669 0.0025 0.545093 0.427678 1.96146 0.00917275 37 4 1 1.4392e-07 
-0.453932 -0.675936 -0.0681881 0.0025 0.54526 0.427881 1.96169 0.00916994 38 4 1 7.37609e-07 
-0.449349 -0.674698 -0.518371 0.0025 0.546009 0.42872 1.96276 0.00915736 39 4 1 1.28235e-06 
-0.444775 -0.671379 -0.967158 0.0025 0.547687 0.430559 1.96517 0.00912929 40 4 1 1.25669e-06 
-0.440219 -0.666627 -1.20558 0.0025 0.550158 0.433276 1.9687 0.0090883 41 4 1 1.36931e-06 
-0.435687 -0.660761 -1.52943 0.0025 0.553352 0.436819 1.97326 0.00903584 42 4 1 2.24921e-06 
-0.431183 -0.65282 -2.18962 0.0025 0.55765 0.441595 1.97937 0.0089662 43 4 1 3.35713e-06 
-0.42672 -0.641945 -2.92864 0.0025 0.56341 0.447994 1.98752 0.00887453 44 4 1 4.05109e-06 
-0.422308 -0.628406 -3.55574 0.0025 0.570585 0.455988 1.9976 0.00876294 45 4 1 4.28842e-06 
-0.417957 -0.612914 -3.99126 0.0025 0.578855 0.465246 2.00914 0.00863775 46 4 1 4.0344e-06 
-0.41367 -0.596483 -4.15775 0.0025 0.587753 0.47527 2.02143 0.00850697 47 4 1 3.6198e-06 
-0.409449 -0.579953 -4.21619 0.0025 0.596882 0.485621 2.03393 0.00837687 48 4 1 3.18886e-06 
-0.405293 -0.563675 -4.1544 0.0025 0.605979 0.496003 2.04627 0.00825111 49 4 1 2.70339e-06 
-0.401198 -0.548086 -4.01545 0.0025 0.614841 0.50618 2.05818 0.00813219 50 4 1 2.35723e-06 
-0.39716 -0.533266 -3.88332 0.0025 0.623389 0.516056 2.06957 0.00802068 51 4 1 2.11205e-06 
-0.393177 -0.519128 -3.73633 0.0025 0.631621 0.525625 2.08045 0.00791613 52 4 1 2.07381e-06 
-0.389244 -0.505622 -3.69823 0.0025 0.639639 0.534997 2.09097 0.00781691 53 4 1 2.26855e-06 
-0.385359 -0.492236 -3.76396 0.0025 0.647642 0.5444 2.10139 0.00772031 54 4 1 2.52417e-06 
-0.381523 -0.478703 -3.90513 0.0025 0.655811 0.554042 2.11194 0.00762415 55 4 1 2.81372e-06 
-0.377735 -0.464767 -4.11767 0.0025 0.664283 0.56409 2.12281 0.00752692 56 4 1 3.00111e-06 
-0.373996 -0.450301 -4.30363 0.0025 0.673104 0.574603 2.13404 0.00742828 57 4 1 3.07315e-06 
-0.370306 -0.435545 -4.46959 0.0025 0.682234 0.585539 2.14557 0.00732887 58 4 1 3.06334e-06 
-0.366667 -0.420522 -4.5801 0.0025 0.691599 0.596819 2.1573 0.00722962 59 4 1 3.01216e-06 
-0.363076 -0.405441 -4.67434 0.0025 0.701127 0.608356 2.16913 0.00713138 60 4 1 2.9313e-06 
-0.359535 -0.39036 -4.72381 0.0025 0.710751 0.620074 2.18099 0.00703481 61 4 1 2.79014e-06 
-0.356041 -0.375455 -4.72933 0.0025 0.720394 0.631881 2.19277 0.00694065 62 4 1 2.73195e-06 
-0.352594 -0.360703 -4.7766 0.0025 0.730043 0.64376 2.20447 0.00684891 63 4 1 2.67114e-06 
-0.349192 -0.346065 -4.78849 0.0025 0.739695 0.655704 2.21608 0.00675954 64 4 1 2.55055e-06 
-0.345834 -0.331664 -4.78271 0.0025 0.74931 0.667665 2.22755 0.00667281 65 4 1 2.48884e-06 
-0.342519 -0.317467 -4.79901 0.0025 0.758889 0.679644 2.2389 0.00658858 66 4 1 2.41115e-06 
-0.339245 -0.303456 -4.7876 0.0025 0.76843 0.691635 2.25011 0.00650678 67 4 1 2.39579e-06 
-0.336012 -0.289612 -4.84162 0.0025 0.777957 0.703668 2.26122 0.00642709 68 4 1 2.31628e-06 
-0.332818 -0.275918 -4.81429 0.0025 0.787461 0.715729 2.27223 0.00634952 69 4 1 2.22334e-06 
-0.329662 -0.262464 -4.8268 0.0025 0.796912 0.727783 2.2831 0.00627422 70 4 1 2.17488e-06 
-0.326543 -0.249178 -4.81626 0.0025 0.806324 0.739843 2.29384 0.00620098 71 4 1 2.13222e-06 
-0.323461 -0.236059 -4.83955 0.0025 0.815704 0.751921 2.30447 0.00612968 72 4 1 2.12335e-06 
-0.320413 -0.223061 -4.86905 0.0025 0.82508 0.764047 2.31503 0.00606001 73 4 1 2.03123e-06 
-0.317401 -0.21022 -4.84673 0.0025 0.834422 0.776182 2.32548 0.00599217 74 4 1 1.94757e-06 
-0.314421 -0.197583 -4.84053 0.0025 0.843703 0.788295 2.33579 0.00592625 75 4 1 1.9002e-06 
-0.311474 -0.185151 -4.82819 0.0025 0.852933 0.800394 2.34597 0.00586213 76 4 1 1.89673e-06 
-0.308559 -0.17284 -4.8656 0.0025 0.862143 0.812519 2.35607 0.0057995 77 4 1 1.88797e-06 
-0.305674 -0.160599 -4.88816 0.0025 0.871356 0.824699 2.3661 0.00573818 78 4 1 1.81285e-06 
-0.30282 -0.148522 -4.88224 0.0025 0.880542 0.836892 2.37605 0.00567832 79 4 1 1.69845e-06 
-0.299996 -0.136614 -4.83216 0.0025 0.889649 0.849033 2.38584 0.0056202 80 4 1 1.63118e-06 
-0.2972 -0.124998 -4.80824 0.0025 0.898667 0.861107 2.39548 0.0055638 81 4 1 1.6525e-06 
-0.294432 -0.113468 -4.83621 0.0025 0.907653 0.873189 2.40503 0.00550871 82 4 1 1.71227e-06 
-0.291691 -0.102012 -4.91803 0.0025 0.916677 0.885365 2.41457 0.00545448 83 4 1 1.66145e-06 
-0.288977 -0.0905593 -4.91717 0.0025 0.925711 0.897596 2.42406 0.00540125 84 4 1 1.38748e-06 
-0.28629 -0.0794478 -4.73081 0.0025 0.934582 0.909657 2.43332 0.00534998 85 4 1 1.30144e-06 
-0.283627 -0.0687059 -4.70834 0.0025 0.943271 0.921529 2.44234 0.0053007 86 4 1 1.59367e-06 
-0.280989 -0.0578532 -4.9542 0.0025 0.952025 0.933522 2.45139 0.00525196 87 4 1 1.29979e-06 
-0.278375 -0.047082 -4.61749 0.0025 0.960662 0.945368 2.46027 0.00520475 88 4 1 4.98187e-07 
-0.275784 -0.0375123 -3.94185 0.0025 0.968683 0.956465 2.46842 0.00516165 89 4 1 1.76852e-06 
-0.273213 -0.028041 -5.23525 0.0025 0.977073 0.968159 2.47694 0.00511732 90 4 1 3.40488e-06 
-0.270667 -0.0149815 -6.55286 0.0025 0.986906 0.98171 2.487 0.00506634 91 4 1 -8.24327e-07 
-0.268147 -0.00449104 -2.80753 0.0025 0.994999 0.99286 2.49513 0.00502513 92 4 1 -3.33037e-06 
-0.265642 -0.00121002 -0.767738 0.0025 0.999394 0.99919 2.49935 0.00500303 93 4 1 2.21585e-06 
-0.263144 0.00443715 -5.00078 0.0025 1.00513 1.00742 2.50508 0.00497446 94 4 1 6.29769e-06 
-0.260667 0.0184412 -7.94938 0.0025 1.01529 1.02151 2.51539 0.00492469 95 4 1 -3.91369e-07 
-0.258219 0.0305288 -3.36547 0.0025 1.02421 1.03384 2.52424 0.00488181 96 4 1 -5.35524e-06 
-0.255785 0.0328099 0.299758 0.0025 1.02717 1.03809 2.52704 0.00486776 97 3 1 -2.78086e-06 
-0.253351 0.0316949 0.778798 0.0025 1.02655 1.03736 2.5264 0.00487066 98 4 1 -5.7142e-07 
-0.250915 0.0300112 0.861961 0.0025 1.02512 1.03535 2.52498 0.00487746 99 4 1 -2.37977e-07 
-0.248474 0.0280522 0.989697 0.0025 1.02334 1.03283 2.52322 0.00488597 100 4 1 -2.7706e-07 
-0.246029 0.0256509 1.23012 0.0025 1.02116 1.02975 2.52107 0.00489639 101 4 1 -2.67614e-07 
-0.243577 0.0227228 1.48975 0.0025 1.01858 1.02611 2.51851 0.0049088 102 4 1 -1.34023e-07 
-0.24112 0.019376 1.66915 0.0025 1.01571 1.02207 2.51566 0.00492267 103 4 1 7.16984e-08 
-0.238655 0.0158535 1.71432 0.0025 1.01276 1.01792 2.51272 0.00493702 104 4 1 2.70889e-07 
-0.236183 0.0124342 1.62301 0.0025 1.00994 1.01396 2.50992 0.00495078 105 4 1 4.08218e-07 
-0.233704 0.00935133 1.42864 0.0025 1.00744 1.01045 2.50742 0.00496309 106 4 1 4.65993e-07 
-0.23122 0.00675004 1.17875 0.0025 1.00535 1.00751 2.50533 0.00497341 107 4 1 4.55431e-07 
-0.228731 0.00468195 0.917913 0.0025 1.0037 1.0052 2.50368 0.00498159 108 4 1 4.00668e-07 
-0.226238 0.00312394 0.678406 0.0025 1.00246 1.00346 2.50245 0.00498773 109 4 1 3.25892e-07 
-0.223743 0.00200662 0.477935 0.0025 1.00158 1.00222 2.50157 0.00499213 110 4 1 2.49006e-07 
-0.221246 0.00124115 0.321959 0.0025 1.00097 1.00137 2.50097 0.00499513 111 4 1 1.80478e-07 
-0.218748 0.000738981 0.2078 0.0025 1.00058 1.00082 2.50058 0.0049971 112 4 1 1.24804e-07 
-0.216249 0.000423085 0.128611 0.0025 1.00033 1.00047 2.50033 0.00499834 113 4 1 8.25956e-08 
-0.213749 0.000232487 0.0763159 0.0025 1.00018 1.00026 2.50018 0.00499909 114 4 1 5.23763e-08 
-0.21125 0.000122269 0.0433614 0.0025 1.0001 1.00014 2.5001 0.00499952 115 4 1 3.18188e-08 
-0.20875 6.12953e-05 0.0235341 0.0025 1.00005 1.00007 2.50005 0.00499976 116 4 1 1.84943e-08 
-0.20625 2.91225e-05 0.0121552 0.0025 1.00002 1.00003 2.50002 0.00499988 117 4 1 1.02602e-08 
-0.20375 1.3005e-05 0.00594108 0.0025 1.00001 1.00001 2.50001 0.00499995 118 4 1 5.41315e-09 
-0.20125 5.39037e-06 0.0027251 0.0025 1 1.00001 2.5 0.00499998 119 4 1 2.70149e-09 
-0.19875 2.03207e-06 0.00115787 0.0025 1 1 2.5 0.00499999 120 4 1 1.26531e-09 
-0.19625 6.71636e-07 0.000445945 0.0025 1 1 2.5 0.005 121 4 1 5.49343e-10 
-0.19375 1.79832e-07 0.000149214 0.0025 1 1 2.5 0.005 122 4 1 2.16568e-10 
-0.19125 3.01818e-08 3.90838e-05 0.0025 1 1 2.5 0.005 123 4 1 7.51926e-11 
-0.18875 -2.30502e-09 4.50407e-06 0.0025 1 1 2.5 0.005 124 4 1 2.114e-11 
-0.18625 6.75222e-10 -3.95856e-06 0.0025 1 1 2.5 0.005 125 5 1 1.7223e-12 
-0.18375 3.67256e-09 -2.87431e-07 0.0025 1 1 2.5 0.005 126 3 1 -2.08601e-12 
-0.18125 2.98038e-09 6.0589e-07 0.0025 1 1 2.5 0.005 127 4 1 -3.19022e-13 
-0.17875 1.75321e-09 5.9438e-07 0.0025 1 1 2.5 0.005 128 4 1 1.99814e-13 
-0.17625 8.47406e-10 3.77238e-07 0.0025 1 1 2.5 0.005 129 4 1 2.49729e-13 
-0.17375 3.44041e-10 1.90271e-07 0.0025 1 1 2.5 0.005 130 4 1 1.68971e-13 
-0.17125 1.14416e-10 7.91512e-08 0.0025 1 1 2.5 0.005 131 4 1 8.82771e-14 
-0.16875 2.80452e-11 2.6553e-08 0.0025 1 1 2.5 0.005 132 4 1 3.77135e-14 
-0.16625 2.94724e-12 6.18479e-09 0.0025 1 1 2.5 0.005 133 4 1 1.33056e-14 
-0.16375 -1.07453e-12 -3.81306e-10 0.0025 1 1 2.5 0.005 134 5 1 3.15872e-15 
-0.16125 4.50095e-13 -6.2073e-10 0.0025 1 1 2.5 0.005 135 4 1 -3.65219e-16 
-0.15875 7.02005e-13 5.01927e-11 0.0025 1 1 2.5 0.005 136 3 1 -3.34666e-16 
-0.15625 4.62253e-13 1.55694e-10 0.0025 1 1 2.5 0.005 137 4 1 1.77636e-17 
-0.15375 2.16377e-13 1.01238e-10 0.0025 1 1 2.5 0.005 138 4 1 6.43041e-17 
-0.15125 8.35095e-14 5.70139e-11 0.0025 1 1 2.5 0.005 139 4 1 4.15668e-17 
-0.14875 1.57941e-14 2.02931e-11 0.0025 1 1 2.5 0.005 140 4 1 2.66454e-17 
-0.14625 -1.20173e-15 1.53477e-12 0.0025 1 1 2.5 0.005 141 5 1 1.13687e-17 
-0.14375 -4.702e-16 -6.25278e-13 0.0025 1 1 2.5 0.005 142 5 1 -1.42109e-18 
-0.14125 -9.27306e-47 -1.23314e-43 0.0025 1 1 2.5 0.005 143 5 1 -1.42109e-18 
-0.13875 0 0 0.0025 1 1 2.5 0.005 144 5 1 -1.42109e-18 
-0.13625 0 0 0.0025 1 1 2.5 0.005 145 5 1 -1.42109e-18 
-0.13375 0 0 0.0025 1 1 2.5 0.005 146 5 1 -1.42109e-18 
-0.13125 0 0 0.0025 1 1 2.5 0.005 147 5 1 -1.42109e-18 
-0.12875 0 0 0.0025 1 1 2.5 0.005 148 5 1 -1.42109e-18 
-0.12625 0 0 0.0025 1 1 2.5 0.005 149 5 1 -1.42109e-18 
-0.12375 0 0 0.0025 1 1 2.5 0.005 150 5 1 -1.42109e-18 
-0.12125 0 0 0.0025 1 1 2.5 0.005 151 5 1 -1.42109e-18 
-0.11875 0 0 0.0025 1 1 2.5 0.005 152 5 1 -1.42109e-18 
-0.11625 0 0 0.0025 1 1 2.5 0.005 153 5 1 -1.42109e-18 
-0.11375 0 0 0.0025 1 1 2.5 0.005 154 5 1 -1.42109e-18 
-0.11125 0 0 0.0025 1 1 2.5 0.005 155 5 1 -1.42109e-18 
-0.10875 0 0 0.0025 1 1 2.5 0.005 156 5 1 -1.42109e-18 
-0.10625 0 0 0.0025 1 1 2.5 0.005 157 5 1 -1.42109e-18 
-0.10375 -1.9582e-46 -3.36312e-44 0.0025 1 1 2.5 0.005 158 5 1 -1.42109e-18 
-0.10125 -1.39377e-16 -3.36312e-44 0.0025 1 1 2.5 0.005 159 5 1 -1.42109e-18 
-0.09875 -2.78947e-16 0 0.0025 1 1 2.5 0.005 160 5 1 -1.42109e-18 
-0.09625 -4.53132e-16 -1.13687e-13 0.0025 1 1 2.5 0.005 161 5 1 -1.42109e-18 
-0.09375 -5.92428e-16 1.13687e-13 0.0025 1 1 2.5 0.005 162 5 1 -1.42109e-18 
-0.09125 -8.36083e-16 -1.12104e-44 0.0025 1 1 2.5 0.005 163 5 1 -1.42109e-18 
-0.08875 -1.07971e-15 -1.13687e-13 0.0025 1 1 2.5 0.005 164 5 1 -1.42109e-18 
-0.08625 -1.35772e-15 1.13687e-13 0.0025 1 1 2.5 0.005 165 5 1 -1.77636e-18 
-0.08375 -1.96626e-15 -5.68434e-14 0.0025 1 1 2.5 0.005 166 5 1 -1.06581e-18 
-0.08125 1.29667e-15 1.13687e-13 0.0025 1 1 2.5 0.005 167 5 1 -3.55271e-18 
-0.07875 1.5036e-16 1.13687e-13 0.0025 1 1 2.5 0.005 168 5 1 3.19744e-18 
-0.07625 1.40203e-15 -2.01787e-43 0.0025 1 1 2.5 0.005 169 5 1 -8.17124e-18 
-0.07375 -1.18518e-16 -1.13687e-13 0.0025 1 1 2.5 0.005 170 5 1 7.10543e-18 
-0.07125 -1.12233e-15 -1.7053e-13 0.0025 1 1 2.5 0.005 171 5 1 -1.13687e-17 
-0.06875 -4.37795e-15 -6.25278e-13 0.0025 1 1 2.5 0.005 172 5 1 1.45661e-17 
-0.06625 -4.27032e-15 1.13687e-13 0.0025 1 1 2.5 0.005 173 5 1 -2.84217e-17 
-0.06375 -7.37007e-15 7.38964e-13 0.0025 1 1 2.5 0.005 174 3 1 1.20792e-17 
-0.06125 5.16697e-15 -3.41061e-13 0.0025 1 1 2.5 0.005 175 3 1 1.84741e-17 
-0.05875 -9.86068e-16 -2.84217e-13 0.0025 1 1 2.5 0.005 176 5 1 -2.4869e-17 
-0.05625 7.6423e-16 5.68434e-13 0.0025 1 1 2.5 0.005 177 5 1 1.06581e-17 
-0.05375 -2.13903e-15 1.13687e-13 0.0025 1 1 2.5 0.005 178 5 1 -7.10543e-18 
-0.05125 -4.05897e-17 1.7053e-13 0.0025 1 1 2.5 0.005 179 5 1 1.06581e-18 
-0.04875 -3.05319e-16 8.96831e-44 0.0025 1 1 2.5 0.005 180 5 1 -4.26326e-18 
-0.04625 1.25065e-15 -8.96831e-44 0.0025 1 1 2.5 0.005 181 5 1 2.46519e-33 
-0.04375 1.58395e-16 1.12104e-44 0.0025 1 1 2.5 0.005 182 5 1 -2.13163e-18 
-0.04125 -3.72012e-16 -8.96831e-44 0.0025 1 1 2.5 0.005 183 5 1 -3.55271e-18 
-0.03875 -3.15233e-15 -5.68434e-14 0.0025 1 1 2.5 0.005 184 5 1 4.9738e-18 
-0.03625 3.94082e-16 -3.97904e-13 0.0025 1 1 2.5 0.005 185 5 1 -1.13687e-17 
-0.03375 -2.65193e-15 -6.25278e-13 0.0025 1 1 2.5 0.005 186 4 1 -6.39488e-18 
-0.03125 -2.32688e-15 7.95808e-13 0.0025 1 1 2.5 0.005 187 3 1 3.41061e-17 
-0.02875 -1.35812e-15 5.68434e-13 0.0025 1 1 2.5 0.005 188 4 1 -2.77112e-17 
-0.02625 -1.25222e-15 -5.68434e-13 0.0025 1 1 2.5 0.005 189 5 1 8.88178e-18 
-0.02375 -7.87313e-17 -3.54987e-28 0.0025 1 1 2.5 0.005 190 3 1 7.10543e-19 
-0.02125 -2.63348e-15 -3.41061e-13 0.0025 1 1 2.5 0.005 191 4 1 3.55271e-19 
-0.01875 -1.56452e-15 5.68434e-13 0.0025 1 1 2.5 0.005 192 4 1 -4.61853e-18 
-0.01625 -1.83191e-15 -2.27374e-13 0.0025 1 1 2.5 0.005 193 4 1 -7.10543e-19 
-0.01375 -1.44498e-15 6.82121e-13 0.0025 1 1 2.5 0.005 194 4 1 2.84217e-18 
-0.01125 -1.60176e-15 -9.66338e-13 0.0025 1 1 2.5 0.005 195 4 1 -1.77636e-18 
-0.00875 -1.35043e-15 6.82121e-13 0.0025 1 1 2.5 0.005 196 4 1 1.06581e-18 
-0.00625 4.76109e-16 -6.82121e-13 0.0025 1 1 2.5 0.005 197 5 1 7.47261e-33 
-0.00375 -2.03217e-16 1.13687e-13 0.0025 1 1 2.5 0.005 198 3 1 0 
-0.00125 -8.87766e-17 1.7053e-13 0.0025 1 1 2.5 0.005 199 3 1 3.55271e-19 
0.00125 -7.91291e-16 2.84217e-13 0.0025 1 1 2.5 0.005 200 5 1 -1.06581e-18 
0.00375 -3.84942e-16 -5.68434e-13 0.0025 1 1 2.5 0.005 201 4 1 1.42109e-18 
0.00625 -1.01148e-15 4.54747e-13 0.0025 1 1 2.5 0.005 202 4 1 1.42109e-18 
0.00875 -9.5291e-16 -1.13687e-13 0.0025 1 1 2.5 0.005 203 4 1 -1.42109e-18 
0.01125 6.5938e-16 -5.68434e-14 0.0025 1 1 2.5 0.005 204 4 1 2.13163e-18 
0.01375 1.03269e-16 5.68434e-14 0.0025 1 1 2.5 0.005 205 5 1 -4.26326e-18 
0.01625 -6.44126e-16 -5.68434e-14 0.0025 1 1 2.5 0.005 206 4 1 2.4869e-18 
0.01875 -2.42146e-16 -1.3312e-27 0.0025 1 1 2.5 0.005 207 4 1 -5.32907e-18 
0.02125 -1.09088e-15 -6.21228e-28 0.0025 1 1 2.5 0.005 208 3 1 7.4607e-18 
0.02375 -1.38709e-16 5.68434e-14 0.0025 1 1 2.5 0.005 209 3 1 3.55271e-19 
0.02625 6.82423e-16 5.68434e-14 0.0025 1 1 2.5 0.005 210 4 1 -7.10543e-19 
0.02875 -5.61523e-16 -1.77494e-27 0.0025 1 1 2.5 0.005 211 4 1 -4.26326e-18 
0.03125 -1.60617e-15 2.84217e-13 0.0025 1 1 2.5 0.005 212 3 1 4.61853e-18 
0.03375 -9.64644e-17 3.41061e-13 0.0025 1 1 2.5 0.005 213 4 1 3.90799e-18 
0.03625 3.38769e-15 2.84217e-13 0.0025 1 1 2.5 0.005 214 5 1 -1.45661e-17 
0.03875 2.35808e-15 -6.25278e-13 0.0025 1 1 2.5 0.005 215 4 1 1.74083e-17 
0.04125 1.53984e-15 -2.27374e-13 0.0025 1 1 2.5 0.005 216 4 1 -1.42109e-17 
0.04375 -1.82551e-16 2.84217e-13 0.0025 1 1 2.5 0.005 217 4 1 -3.90799e-18 
0.04625 4.02608e-15 1.13687e-13 0.0025 1 1 2.5 0.005 218 4 1 7.4607e-18 
0.04875 2.12492e-15 -2.84217e-13 0.0025 1 1 2.5 0.005 219 5 1 -3.19744e-18 
0.05125 4.63078e-15 1.7053e-13 0.0025 1 1 2.5 0.005 220 5 1 -2.84217e-18 
0.05375 4.57327e-15 1.7053e-13 0.0025 1 1 2.5 0.005 221 4 1 7.10543e-19 
0.05625 4.77302e-15 -1.13687e-13 0.0025 1 1 2.5 0.005 222 4 1 1.27898e-17 
0.05875 5.03179e-15 -1.13687e-13 0.0025 1 1 2.5 0.005 223 5 1 -4.40536e-17 
0.06125 -1.04189e-15 -2.84217e-13 0.0025 1 1 2.5 0.005 224 4 1 3.23297e-17 
0.06375 7.5209e-15 4.03502e-26 0.0025 1 1 2.5 0.005 225 3 1 1.49214e-17 
0.06625 1.45709e-15 -1.13687e-13 0.0025 1 1 2.5 0.005 226 5 1 -2.70006e-17 
0.06875 7.36936e-15 -3.9443e-29 0.0025 1 1 2.5 0.005 227 5 1 1.52767e-17 
0.07125 4.80615e-15 1.12104e-43 0.0025 1 1 2.5 0.005 228 5 1 -1.42109e-17 
0.07375 4.58092e-15 -5.68434e-14 0.0025 1 1 2.5 0.005 229 5 1 9.59233e-18 
0.07625 4.52885e-15 1.12104e-44 0.0025 1 1 2.5 0.005 230 5 1 -1.35003e-17 
0.07875 4.44942e-15 5.68434e-14 0.0025 1 1 2.5 0.005 231 5 1 8.88178e-18 
0.08125 3.71674e-15 2.27374e-13 0.0025 1 1 2.5 0.005 232 5 1 -1.1724e-17 
0.08375 3.2781e-15 1.7053e-13 0.0025 1 1 2.5 0.005 233 5 1 7.4607e-18 
0.08625 9.73683e-16 3.9443e-29 0.0025 1 1 2.5 0.005 234 5 1 -4.9738e-18 
0.08875 2.59995e-15 2.27374e-13 0.0025 1 1 2.5 0.005 235 5 1 2.13163e-18 
0.09125 6.44445e-15 -4.60432e-12 0.0025 1 1 2.5 0.005 236 3 1 -4.61853e-18 
0.09375 8.43551e-15 2.6148e-12 0.0025 1 1 2.5 0.005 237 3 1 -1.77636e-18 
0.09625 2.49344e-15 1.53477e-12 0.0025 1 1 2.5 0.005 238 5 1 -1.42109e-18 
0.09875 7.53222e-16 1.13687e-13 0.0025 1 1 2.5 0.005 239 5 1 2.13163e-18 
0.10125 2.54441e-15 -1.13687e-13 0.0025 1 1 2.5 0.005 240 5 1 -6.75016e-18 
0.10375 1.40154e-15 -2.24208e-44 0.0025 1 1 2.5 0.005 241 5 1 5.68434e-18 
0.10625 5.6678e-16 -3.36312e-44 0.0025 1 1 2.5 0.005 242 5 1 -1.03029e-17 
0.10875 -1.37786e-15 3.13891e-43 0.0025 1 1 2.5 0.005 243 5 1 9.9476e-18 
0.11125 2.18259e-15 -2.01787e-43 0.0025 1 1 2.5 0.005 244 5 1 -1.66978e-17 
0.11375 -5.14019e-16 2.01787e-43 0.0025 1 1 2.5 0.005 245 5 1 1.74083e-17 
0.11625 3.99648e-15 1.13687e-13 0.0025 1 1 2.5 0.005 246 5 1 -2.45137e-17 
0.11875 2.16374e-15 -1.13687e-13 0.0025 1 1 2.5 0.005 247 5 1 2.41585e-17 
0.12125 1.99555e-15 5.68434e-14 0.0025 1 1 2.5 0.005 248 5 1 -3.05533e-17 
0.12375 4.4312e-16 5.68434e-14 0.0025 1 1 2.5 0.005 249 3 1 1.52767e-17 
0.12625 5.20837e-15 5.68434e-14 0.0025 1 1 2.5 0.005 250 3 1 1.42109e-17 
0.12875 2.48808e-15 -5.68434e-14 0.0025 1 1 2.5 0.005 251 5 1 -2.70006e-17 
0.13125 3.05728e-15 -3.9443e-29 0.0025 1 1 2.5 0.005 252 5 1 1.84741e-17 
0.13375 5.74956e-16 5.68434e-14 0.0025 1 1 2.5 0.005 253 5 1 -1.81188e-17 
0.13625 4.02589e-15 1.13687e-13 0.0025 1 1 2.5 0.005 254 5 1 1.10134e-17 
0.13875 2.38663e-15 1.23314e-43 0.0025 1 1 2.5 0.005 255 5 1 -1.1724e-17 
0.14125 2.46431e-15 1.7053e-13 0.0025 1 1 2.5 0.005 256 5 1 4.26326e-18 
0.14375 1.33986e-15 6.82121e-13 0.0025 1 1 2.5 0.005 257 5 1 -5.68434e-18 
0.14625 1.75134e-15 -9.66338e-13 0.0025 1 1 2.5 0.005 258 5 1 1.24345e-17 
0.14875 -1.45683e-14 -1.97815e-11 0.0025 1 1 2.5 0.005 259 4 1 2.4869e-17 
0.15125 -8.15215e-14 -5.67297e-11 0.0025 1 1 2.5 0.005 260 4 1 4.61853e-17 
0.15375 -2.12988e-13 -1.01068e-10 0.0025 1 1 2.5 0.005 261 4 1 6.2883e-17 
0.15625 -4.47882e-13 -1.51658e-10 0.0025 1 1 2.5 0.005 262 4 1 1.03029e-17 
0.15875 -7.07685e-13 -6.11067e-11 0.0025 1 1 2.5 0.005 263 3 1 -3.20455e-16 
0.16125 -4.22137e-13 6.2721e-10 0.0025 1 1 2.5 0.005 264 4 1 -3.5989e-16 
0.16375 1.06685e-12 3.75223e-10 0.0025 1 1 2.5 0.005 265 5 1 3.14948e-15 
0.16625 -2.95702e-12 -6.17115e-09 0.0025 1 1 2.5 0.005 266 4 1 1.33067e-14 
0.16875 -2.80494e-11 -2.65574e-08 0.0025 1 1 2.5 0.005 267 4 1 3.77028e-14 
0.17125 -1.14404e-10 -7.91629e-08 0.0025 1 1 2.5 0.005 268 4 1 8.82796e-14 
0.17375 -3.44038e-10 -1.90262e-07 0.0025 1 1 2.5 0.005 269 4 1 1.68997e-13 
0.17625 -8.47409e-10 -3.77248e-07 0.0025 1 1 2.5 0.005 270 4 1 2.49716e-13 
0.17875 -1.75322e-09 -5.94365e-07 0.0025 1 1 2.5 0.005 271 4 1 1.99779e-13 
0.18125 -2.98037e-09 -6.05899e-07 0.0025 1 1 2.5 0.005 272 4 1 -3.1897e-13 
0.18375 -3.67257e-09 2.87428e-07 0.0025 1 1 2.5 0.005 273 3 1 -2.08602e-12 
0.18625 -6.75248e-10 3.95857e-06 0.0025 1 1 2.5 0.005 274 5 1 1.72225e-12 
0.18875 2.30504e-09 -4.50409e-06 0.0025 1 1 2.5 0.005 275 4 1 2.11401e-11 
0.19125 -3.01818e-08 -3.90838e-05 0.0025 1 1 2.5 0.005 276 4 1 7.51926e-11 
0.19375 -1.79832e-07 -0.000149214 0.0025 1 1 2.5 0.005 277 4 1 2.16568e-10 
0.19625 -6.71636e-07 -0.000445945 0.0025 1 1 2.5 0.005 278 4 1 5.49343e-10 
0.19875 -2.03207e-06 -0.00115787 0.0025 1 1 2.5 0.00499999 279 4 1 1.26531e-09 
0.20125 -5.39037e-06 -0.0027251 0.0025 1 1.00001 2.5 0.00499998 280 4 1 2.70149e-09 
0.20375 -1.3005e-05 -0.00594108 0.0025 1.00001 1.00001 2.50001 0.00499995 281 4 1 5.41315e-09 
0.20625 -2.91225e-05 -0.0121552 0.0025 1.00002 1.00003 2.50002 0.00499988 282 4 1 1.02602e-08 
0.20875 -6.12953e-05 -0.0235341 0.0025 1.00005 1.00007 2.50005 0.00499976 283 4 1 1.84943e-08 
0.21125 -0.000122269 -0.0433614 0.0025 1.0001 1.00014 2.5001 0.00499952 284 4 1 3.18188e-08 
0.213749 -0.000232487 -0.0763159 0.0025 1.00018 1.00026 2.50018 0.00499909 285 4 1 5.23763e-08 
0.216249 -0.000423085 -0.128611 0.0025 1.00033 1.00047 2.50033 0.00499834 286 4 1 8.25956e-08 
0.218748 -0.000738981 -0.2078 0.0025 1.00058 1.00082 2.50058 0.0049971 287 4 1 1.24804e-07 
0.221246 -0.00124115 -0.321959 0.0025 1.00097 1.00137 2.50097 0.00499513 288 4 1 1.80478e-07 
0.223743 -0.00200662 -0.477935 0.0025 1.00158 1.00222 2.50157 0.00499213 289 4 1 2.49006e-07 
0.226238 -0.00312394 -0.678406 0.0025 1.00246 1.00346 2.50245 0.00498773 290 4 1 3.25892e-07 
0.228731 -0.00468195 -0.917913 0.0025 1.0037 1.0052 2.50368 0.00498159 291 4 1 4.00668e-07 
0.23122 -0.00675004 -1.17875 0.0025 1.00535 1.00751 2.50533 0.00497341 292 4 1 4.55431e-07 
0.233704 -0.00935133 -1.42864 0.0025 1.00744 1.01045 2.50742 0.00496309 293 4 1 4.65993e-07 
0.236183 -0.0124342 -1.62301 0.0025 1.00994 1.01396 2.50992 0.00495078 294 4 1 4.08218e-07 
0.238655 -0.0158535 -1.71432 0.0025 1.01276 1.01792 2.51272 0.00493702 295 4 1 2.70889e-07 
0.24112 -0.019376 -1.66915 0.0025 1.01571 1.02207 2.51566 0.00492267 296 4 1 7.16984e-08 
0.243577 -0.0227228 -1.48975 0.0025 1.01858 1.02611 2.51851 0.0049088 297 4 1 -1.34023e-07 
0.246029 -0.0256509 -1.23012 0.0025 1.02116 1.02975 2.52107 0.00489639 298 4 1 -2.67614e-07 
0.248474 -0.0280522 -0.989697 0.0025 1.02334 1.03283 2.52322 0.00488597 299 4 1 -2.7706e-07 
0.250915 -0.0300112 -0.861961 0.0025 1.02512 1.03535 2.52498 0.00487746 300 4 1 -2.37977e-07 
0.253351 -0.0316949 -0.778798 0.0025 1.02655 1.03736 2.5264 0.00487066 301 4 1 -5.7142e-07 
0.255785 -0.0328099 -0.299758 0.0025 1.02717 1.03809 2.52704 0.00486776 302 3 1 -2.78086e-06 
0.258219 -0.0305288 3.36547 0.0025 1.02421 1.03384 2.52424 0.00488181 303 4 1 -5.35524e-06 
0.260667 -0.0184412 7.94938 0.0025 1.01529 1.02151 2.51539 0.00492469 304 4 1 -3.91369e-07 
0.263144 -0.00443715 5.00078 0.0025 1.00513 1.00742 2.50508 0.00497446 305 4 1 6.29769e-06 
0.265642 0.00121002 0.767738 0.0025 0.999394 0.99919 2.49935 0.00500303 306 4 1 2.21585e-06 
0.268147 0.00449104 2.80753 0.0025 0.994999 0.99286 2.49513 0.00502513 307 4 1 -3.33037e-06 
0.270667 0.0149815 6.55286 0.0025 0.986906 0.98171 2.487 0.00506634 308 4 1 -8.24327e-07 
0.273213 0.028041 5.23525 0.0025 0.977073 0.968159 2.47694 0.00511732 309 4 1 3.40488e-06 
0.275784 0.0375123 3.94185 0.0025 0.968683 0.956465 2.46842 0.00516165 310 4 1 1.76852e-06 
0.278375 0.047082 4.61749 0.0025 0.960662 0.945368 2.46027 0.00520475 311 4 1 4.98187e-07 
0.280989 0.0578532 4.9542 0.0025 0.952025 0.933522 2.45139 0.00525196 312 4 1 1.29979e-06 
0.283627 0.0687059 4.70834 0.0025 0.943271 0.921529 2.44234 0.0053007 313 4 1 1.59367e-06 
0.28629 0.0794478 4.73081 0.0025 0.934582 0.909657 2.43332 0.00534998 314 4 1 1.30144e-06 
0.288977 0.0905593 4.91717 0.0025 0.925711 0.897596 2.42406 0.00540125 315 4 1 1.38748e-06 
0.291691 0.102012 4.91803 0.0025 0.916677 0.885365 2.41457 0.00545448 316 4 1 1.66145e-06 
0.294432 0.113468 4.83621 0.0025 0.907653 0.873189 2.40503 0.00550871 317 4 1 1.71227e-06 
0.2972 0.124998 4.80824 0.0025 0.898667 0.861107 2.39548 0.0055638 318 4 1 1.6525e-06 
0.299996 0.136614 4.83216 0.0025 0.889649 0.849033 2.38584 0.0056202 319 4 1 1.63118e-06 
0.30282 0.148522 4.88224 0.0025 0.880542 0.836892 2.37605 0.00567832 320 4 1 1.69845e-06 
0.305674 0.160599 4.88816 0.0025 0.871356 0.824699 2.3661 0.00573818 321 4 1 1.81285e-06 
0.308559 0.17284 4.8656 0.0025 0.862143 0.812519 2.35607 0.0057995 322 4 1 1.88797e-06 
0.311474 0.185151 4.82819 0.0025 0.852933 0.800394 2.34597 0.00586213 323 4 1 1.89673e-06 
0.314421 0.197583 4.84053 0.0025 0.843703 0.788295 2.33579 0.00592625 324 4 1 1.9002e-06 
0.317401 0.21022 4.84673 0.0025 0.834422 0.776182 2.32548 0.00599217 325 4 1 1.94757e-06 
0.320413 0.223061 4.86905 0.0025 0.82508 0.764047 2.31503 0.00606001 326 4 1 2.03123e-06 
0.323461 0.236059 4.83955 0.0025 0.815704 0.751921 2.30447 0.00612968 327 4 1 2.12335e-06 
0.326543 0.249178 4.81626 0.0025 0.806324 0.739843 2.29384 0.00620098 328 4 1 2.13222e-06 
0.329662 0.262464 4.8268 0.0025 0.796912 0.727783 2.2831 0.00627422 329 4 1 2.17488e-06 
0.332818 0.275918 4.81429 0.0025 0.787461 0.715729 2.27223 0.00634952 330 4 1 2.22334e-06 
0.336012 0.289612 4.84162 0.0025 0.777957 0.703668 2.26122 0.00642709 331 4 1 2.31628e-06 
0.339245 0.303456 4.7876 0.0025 0.76843 0.691635 2.25011 0.00650678 332 4 1 2.39579e-06 
0.342519 0.317467 4.79901 0.0025 0.758889 0.679644 2.2389 0.00658858 333 4 1 2.41115e-06 
0.345834 0.331664 4.78271 0.0025 0.74931 0.667665 2.22755 0.00667281 334 4 1 2.48884e-06 
0.349192 0.346065 4.78849 0.0025 0.739695 0.655704 2.21608 0.00675954 335 4 1 2.55055e-06 
0.352594 0.360703 4.7766 0.0025 0.730043 0.64376 2.20447 0.00684891 336 4 1 2.67114e-06 
0.356041 0.375455 4.72933 0.0025 0.720394 0.631881 2.19277 0.00694065 337 4 1 2.73195e-06 
0.359535 0.39036 4.72381 0.0025 0.710751 0.620074 2.18099 0.00703481 338 4 1 2.79014e-06 
0.363076 0.405441 4.67434 0.0025 0.701127 0.608356 2.16913 0.00713138 339 4 1 2.9313e-06 
0.366667 0.420522 4.5801 0.0025 0.691599 0.596819 2.1573 0.00722962 340 4 1 3.01216e-06 
0.370306 0.435545 4.46959 0.0025 0.682234 0.585539 2.14557 0.00732887 341 4 1 3.06334e-06 
0.373996 0.450301 4.30363 0.0025 0.673104 0.574603 2.13404 0.00742828 342 4 1 3.07315e-06 
0.377735 0.464767 4.11767 0.0025 0.664283 0.56409 2.12281 0.00752692 343 4 1 3.00111e-06 
0.381523 0.478703 3.90513 0.0025 0.655811 0.554042 2.11194 0.00762415 344 4 1 2.81372e-06 
0.385359 0.492236 3.76396 0.0025 0.647642 0.5444 2.10139 0.00772031 345 4 1 2.52417e-06 
0.389244 0.505622 3.69823 0.0025 0.639639 0.534997 2.09097 0.00781691 346 4 1 2.26855e-06 
0.393177 0.519128 3.73633 0.0025 0.631621 0.525625 2.08045 0.00791613 347 4 1 2.07381e-06 
0.39716 0.533266 3.88332 0.0025 0.623389 0.516056 2.06957 0.00802068 348 4 1 2.11205e-06 
0.401198 0.548086 4.01545 0.0025 0.614841 0.50618 2.05818 0.00813219 349 4 1 2.35723e-06 
0.405293 0.563675 4.1544 0.0025 0.605979 0.496003 2.04627 0.00825111 350 4 1 2.70339e-06 
0.409449 0.579953 4.21619 0.0025 0.596882 0.485621 2.03393 0.00837687 351 4 1 3.18886e-06 
0.41367 0.596483 4.15775 0.0025 0.587753 0.47527 2.02143 0.00850697 352 4 1 3.6198e-06 
0.417957 0.612914 3.99126 0.0025 0.578855 0.465246 2.00914 0.00863775 353 4 1 4.0344e-06 
0.422308 0.628406 3.55574 0.0025 0.570585 0.455988 1.9976 0.00876294 354 4 1 4.28842e-06 
0.42672 0.641945 2.92864 0.0025 0.56341 0.447994 1.98752 0.00887453 355 4 1 4.05109e-06 
0.431183 0.65282 2.18962 0.0025 0.55765 0.441595 1.97937 0.0089662 356 4 1 3.35713e-06 
0.435687 0.660761 1.52943 0.0025 0.553352 0.436819 1.97326 0.00903584 357 4 1 2.24921e-06 
0.440219 0.666627 1.20558 0.0025 0.550158 0.433276 1.9687 0.0090883 358 4 1 1.36931e-06 
0.444775 0.671379 0.967158 0.0025 0.547687 0.430559 1.96517 0.00912929 359 4 1 1.25669e-06 
0.449349 0.674698 0.518371 0.0025 0.546009 0.42872 1.96276 0.00915736 360 4 1 1.28235e-06 
0.453932 0.675936 0.0681881 0.0025 0.54526 0.427881 1.96169 0.00916994 361 4 1 7.37609e-07 
0.458519 0.675985 -0.0129669 0.0025 0.545093 0.427678 1.96146 0.00917275 362 4 1 1.4392e-07 
0.463105 0.676116 0.0121492 0.0025 0.54505 0.42763 1.96141 0.00917347 363 5 1 5.1806e-08 
0.467692 0.676039 -0.0363226 0.0025 0.545053 0.427636 1.96143 0.00917342 364 4 1 7.6484e-08 
0.472278 0.675871 -0.0422166 0.0025 0.545118 0.427708 1.96153 0.00917232 365 4 1 3.59724e-08 
0.476864 0.675666 -0.0512226 0.0025 0.545212 0.427813 1.96168 0.00917075 366 4 1 2.27521e-08 
0.481449 0.675444 -0.0540461 0.0025 0.545324 0.427938 1.96185 0.00916886 367 4 1 6.13791e-09 
0.486033 0.675223 -0.05255 0.0025 0.545442 0.428069 1.96203 0.00916688 368 4 1 -3.25528e-09 
0.490616 0.675009 -0.0476275 0.0025 0.545554 0.428195 1.96221 0.00916499 369 4 1 -1.09081e-08 
0.495198 0.674805 -0.0416466 0.0025 0.545656 0.428311 1.96237 0.00916328 370 4 1 -1.22779e-08 
0.499779 0.674619 -0.0370273 0.0025 0.545749 0.428415 1.96251 0.00916173 371 4 1 -8.91551e-09 
0.50436 0.674456 -0.0337483 0.0025 0.545832 0.42851 1.96265 0.00916033 372 4 1 -8.31744e-09 
0.50894 0.674316 -0.0305618 0.0025 0.545907 0.428596 1.96277 0.00915907 373 4 1 -1.06469e-08 
0.513519 0.674192 -0.0269553 0.0025 0.545973 0.428673 1.96289 0.00915796 374 4 1 -9.56953e-09 
0.518098 0.674082 -0.0233482 0.0025 0.54603 0.428739 1.96299 0.00915701 375 4 1 -7.6426e-09 
0.522676 0.673983 -0.0202851 0.0025 0.546079 0.428797 1.96308 0.00915619 376 4 1 -7.62349e-09 
0.527254 0.673896 -0.0179082 0.0025 0.546121 0.428849 1.96316 0.00915548 377 4 1 -5.07144e-09 
0.531831 0.673819 -0.0159944 0.0025 0.546158 0.428894 1.96323 0.00915486 378 4 1 -4.18804e-09 
0.536409 0.673751 -0.0142737 0.0025 0.54619 0.428934 1.9633 0.00915433 379 4 1 -3.74275e-09 
0.540986 0.67369 -0.0126612 0.0025 0.546217 0.42897 1.96337 0.00915388 380 4 1 -1.71855e-09 
0.545563 0.673636 -0.0112139 0.0025 0.546239 0.429002 1.96343 0.0091535 381 4 1 -5.08041e-09 
0.550139 0.673587 -0.009955 0.0025 0.546259 0.42903 1.96349 0.00915317 382 4 1 -1.96138e-09 
0.554716 0.673543 -0.00882997 0.0025 0.546275 0.429055 1.96355 0.0091529 383 4 1 1.83783e-09 
0.559292 0.673503 -0.00781001 0.0025 0.546287 0.429077 1.96361 0.00915269 384 4 1 -4.2094e-09 
0.563868 0.673466 -0.00694046 0.0025 0.546297 0.429096 1.96366 0.00915253 385 4 1 -9.04396e-12 
0.568445 0.673433 -0.00626162 0.0025 0.546305 0.429114 1.96371 0.0091524 386 4 1 1.87477e-09 
0.573021 0.673403 -0.00573811 0.0025 0.54631 0.42913 1.96376 0.00915231 387 4 1 1.42346e-09 
0.577597 0.673376 -0.00529348 0.0025 0.546313 0.429145 1.96382 0.00915226 388 4 1 3.44423e-09 
0.582173 0.673352 -0.00488076 0.0025 0.546314 0.429158 1.96388 0.00915225 389 3 1 -3.42135e-09 
0.586749 0.67333 -0.00449515 0.0025 0.546313 0.42917 1.96394 0.00915226 390 4 1 4.3897e-09 
0.591325 0.673311 -0.00414013 0.0025 0.546311 0.429182 1.964 0.0091523 391 4 1 3.7594e-09 
0.595902 0.673293 -0.00380878 0.0025 0.546306 0.429193 1.96407 0.00915238 392 4 1 7.29668e-09 
0.600478 0.673276 -0.0034949 0.0025 0.546301 0.429205 1.96414 0.00915247 393 4 1 -4.36822e-09 
0.605054 0.673261 -0.00320278 0.0025 0.546285 0.429214 1.96421 0.00915272 394 4 1 1.42962e-07 
0.60963 0.673247 -0.00293938 0.0025 0.546282 0.429252 1.96445 0.00915279 395 4 1 -1.39298e-07 
0.614207 0.673234 -0.00270435 0.0025 0.54589 0.429104 1.96453 0.00915936 396 5 1 3.48641e-06 
0.61879 0.673222 -0.00249168 0.0025 0.54816 0.430774 1.96839 0.00912142 397 3 1 -1.90591e-05 
0.623328 0.673211 -0.00229948 0.0025 0.536837 0.426111 1.94994 0.00931381 398 4 1 0.00017924 
0.62811 0.6732 -0.00211496 0.0025 0.510988 0.432652 2.1524 0.00978497 399 4 1 -0.000134228 
0.63312 0.67319 -0.00193956 0.0025 0.482749 0.424432 2.15539 0.0103573 400 4 1 0.000266064 
0.638481 0.673179 -0.00176851 0.0025 0.454271 0.432879 2.44407 0.0110066 401 4 1 -0.000240408 
0.644137 0.673169 -0.00160293 0.0025 0.446978 0.427219 2.38016 0.0111862 402 5 1 5.38039e-05 
0.649669 0.67316 -0.00145624 0.0025 0.452411 0.429594 2.37455 0.0110519 403 4 1 -3.01259e-06 
0.655189 0.673151 -0.00132465 0.0025 0.453596 0.429268 2.36516 0.011023 404 4 1 3.91255e-06 
0.660692 0.673143 -0.00120572 0.0025 0.454678 0.42933 2.36038 0.0109968 405 4 1 1.27132e-06 
0.666186 0.673136 -0.00109336 0.0025 0.455304 0.429306 2.35709 0.0109817 406 4 1 8.42677e-07 
0.671674 0.673129 -0.000980863 0.0025 0.45575 0.429297 2.35479 0.0109709 407 4 1 5.44079e-07 
0.677157 0.673122 -0.000860772 0.0025 0.456072 0.429292 2.35313 0.0109632 408 4 1 3.4875e-07 
0.682637 0.673115 -0.000725109 0.0025 0.456314 0.42929 2.35189 0.0109574 409 4 1 2.46308e-07 
0.688114 0.673109 -0.000566533 0.0025 0.4565 0.429288 2.35094 0.0109529 410 4 1 1.7672e-07 
0.69359 0.673102 -0.000379453 0.0025 0.456644 0.429288 2.3502 0.0109494 411 4 1 1.30239e-07 
0.699064 0.673095 -0.000158508 0.0025 0.456758 0.429287 2.34962 0.0109467 412 4 1 9.71342e-08 
0.704537 0.673087 0.000109364 0.0025 0.456849 0.429286 2.34915 0.0109445 413 4 1 7.40857e-08 
0.710008 0.673078 0.000464501 0.0025 0.456921 0.429284 2.34877 0.0109428 414 4 1 5.64592e-08 
0.715479 0.673067 0.00101838 0.0025 0.456979 0.42928 2.34846 0.0109414 415 4 1 4.15426e-08 
0.72095 0.673052 0.00205825 0.0025 0.457022 0.429272 2.3482 0.0109404 416 4 1 2.61746e-08 
0.72642 0.673027 0.00428948 0.0025 0.457051 0.429256 2.34797 0.0109397 417 4 1 4.52409e-09 
0.731889 0.672979 0.00941907 0.0025 0.457058 0.42922 2.34774 0.0109395 418 3 1 -3.5809e-08 
0.737359 0.672876 0.0215767 0.0025 0.457024 0.429136 2.34747 0.0109403 419 4 1 -1.22962e-07 
0.74283 0.672642 0.0504713 0.0025 0.456902 0.428938 2.34705 0.0109433 420 4 1 -3.22282e-07 
0.748303 0.672097 0.119564 0.0025 0.456577 0.428469 2.34625 0.010951 421 4 1 -7.71964e-07 
0.753781 0.670812 0.280904 0.0025 0.455786 0.427373 2.3445 0.0109701 422 4 1 -1.76897e-06 
0.759273 0.667827 0.653189 0.0025 0.453935 0.424856 2.34059 0.0110148 423 4 1 -3.69123e-06 
0.764796 0.660962 1.46561 0.0025 0.449835 0.419346 2.332 0.0111152 424 4 1 -6.87779e-06 
0.770388 0.646343 3.08171 0.0025 0.441288 0.408015 2.31396 0.0113305 425 4 1 -1.00623e-05 
0.776128 0.615191 6.39171 0.0025 0.424979 0.386807 2.27861 0.0117653 426 4 1 -6.01923e-06 
0.782161 0.557918 11.0788 0.0025 0.397738 0.352073 2.21629 0.0125711 427 4 1 1.31514e-05 
0.788725 0.450076 22.1581 0.0025 0.356166 0.301315 2.11181 0.0140384 428 4 1 8.17036e-05 
0.796289 0.263638 30.7952 0.0025 0.30696 0.243987 1.97273 0.0162887 429 4 1 0.000219127 
0.805168 0.0819642 20.2798 0.0025 0.269137 0.201341 1.85514 0.0185779 430 4 1 0.000241694 
0.814947 0.00154102 4.82656 0.0025 0.252419 0.182738 1.80236 0.0198083 431 4 1 9.3452e-05 
0.824984 -0.00598613 -1.00411 0.0025 0.249309 0.178978 1.793 0.0200555 432 5 1 1.14879e-05 
0.835003 -0.000421463 -0.345107 0.0025 0.249783 0.179271 1.79438 0.0200174 433 4 1 -6.05771e-07 
0.845002 0.000269772 0.0126976 0.0025 0.250027 0.179515 1.79508 0.0199979 434 3 1 -5.88974e-07 
0.855001 0.000120239 0.0216279 0.0025 0.250022 0.179522 1.79506 0.0199982 435 4 1 -2.45097e-08 
0.865 2.71135e-05 0.00722686 0.0025 0.250006 0.179507 1.79502 0.0199995 436 4 1 2.47433e-08 
0.875 2.57954e-06 0.00131804 0.0025 0.250001 0.179501 1.795 0.0199999 437 4 1 1.06142e-08 
0.885 -6.89408e-07 1.31797e-05 0.0025 0.25 0.1795 1.795 0.02 438 4 1 2.32072e-09 
0.895 -1.76498e-07 -6.90799e-05 0.0025 0.25 0.1795 1.795 0.02 439 5 1 1.44343e-10 
0.905 2.03698e-08 -4.22402e-06 0.0025 0.25 0.1795 1.795 0.02 440 4 1 -8.96697e-11 
0.915 1.59653e-08 2.12652e-06 0.0025 0.25 0.1795 1.795 0.02 441 3 1 -1.35366e-11 
0.925 4.53814e-09 1.06775e-06 0.0025 0.25 0.1795 1.795 0.02 442 4 1 1.98275e-12 
0.935 6.60268e-10 2.41906e-07 0.0025 0.25 0.1795 1.795 0.02 443 4 1 1.42565e-12 
0.945 -3.24997e-11 2.3919e-08 0.0025 0.25 0.1795 1.795 0.02 444 4 1 3.88563e-13 
0.955 -3.42095e-11 -9.53816e-09 0.0025 0.25 0.1795 1.795 0.02 445 5 1 5.02483e-14 
0.965 -5.61385e-13 -1.52147e-09 0.0025 0.25 0.1795 1.795 0.02 446 4 1 -7.92042e-15 
0.975 1.65943e-12 1.60725e-10 0.0025 0.25 0.1795 1.795 0.02 447 3 1 -2.88516e-15 
0.985 6.03123e-13 1.26505e-10 0.0025 0.25 0.1795 1.795 0.02 448 4 1 -3.03757e-17 
0.995 1.10959e-13 3.60529e-11 0.0025 0.25 0.1795 1.795 0.02 449 5 1 2.30393e-16 
1.005 -9.87618e-14 -3.6394e-11 0.0025 0.25 0.1795 1.795 0.02 450 5 1 2.4194e-16 
1.015 -5.95223e-13 -1.26647e-10 0.0025 0.25 0.1795 1.795 0.02 451 4 1 -3.09086e-17 
1.025 -1.68899e-12 -1.64874e-10 0.0025 0.25 0.1795 1.795 0.02 452 3 1 -2.90292e-15 
1.035 5.82689e-13 1.53366e-09 0.0025 0.25 0.1795 1.795 0.02 453 4 1 -7.89697e-15 
1.045 3.42273e-11 9.52816e-09 0.0025 0.25 0.1795 1.795 0.02 454 5 1 5.02611e-14 
1.055 3.24708e-11 -2.39179e-08 0.0025 0.25 0.1795 1.795 0.02 455 4 1 3.885e-13 
1.065 -6.6028e-10 -2.41904e-07 0.0025 0.25 0.1795 1.795 0.02 456 4 1 1.42576e-12 
1.075 -4.53807e-09 -1.06774e-06 0.0025 0.25 0.1795 1.795 0.02 457 4 1 1.98267e-12 
1.085 -1.59653e-08 -2.12652e-06 0.0025 0.25 0.1795 1.795 0.02 458 3 1 -1.35367e-11 
1.095 -2.03698e-08 4.22402e-06 0.0025 0.25 0.1795 1.795 0.02 459 4 1 -8.96696e-11 
1.105 1.76498e-07 6.90799e-05 0.0025 0.25 0.1795 1.795 0.02 460 5 1 1.44342e-10 
1.115 6.89408e-07 -1.31797e-05 0.0025 0.25 0.1795 1.795 0.02 461 4 1 2.32072e-09 
1.125 -2.57954e-06 -0.00131804 0.0025 0.250001 0.179501 1.795 0.0199999 462 4 1 1.06142e-08 
1.135 -2.71135e-05 -0.00722686 0.0025 0.250006 0.179507 1.79502 0.0199995 463 4 1 2.47433e-08 
1.145 -0.000120239 -0.0216279 0.0025 0.250022 0.179522 1.79506 0.0199982 464 4 1 -2.45097e-08 
1.155 -0.000269772 -0.0126976 0.0025 0.250027 0.179515 1.79508 0.0199979 465 3 1 -5.88974e-07 
1.165 0.000421463 0.345107 0.0025 0.249783 0.179271 1.79438 0.0200174 466 4 1 -6.05771e-07 
1.17502 0.00598613 1.00411 0.0025 0.249309 0.178978 1.793 0.0200555 467 5 1 1.14879e-05 
1.18505 -0.00154102 -4.82656 0.0025 0.252419 0.182738 1.80236 0.0198083 468 4 1 9.3452e-05 
1.19483 -0.0819642 -20.2798 0.0025 0.269137 0.201341 1.85514 0.0185779 469 4 1 0.000241694 
1.20371 -0.263638 -30.7952 0.0025 0.30696 0.243987 1.97273 0.0162887 470 4 1 0.000219127 
1.21127 -0.450076 -22.1581 0.0025 0.356166 0.301315 2.11181 0.0140384 471 4 1 8.17036e-05 
1.21784 -0.557918 -11.0788 0.0025 0.397738 0.352073 2.21629 0.0125711 472 4 1 1.31514e-05 
1.22387 -0.615191 -6.39171 0.0025 0.424979 0.386807 2.27861 0.0117653 473 4 1 -6.01923e-06 
1.22961 -0.646343 -3.08171 0.0025 0.441288 0.408015 2.31396 0.0113305 474 4 1 -1.00623e-05 
1.2352 -0.660962 -1.46561 0.0025 0.449835 0.419346 2.332 0.0111152 475 4 1 -6.87779e-06 
1.24073 -0.667827 -0.653189 0.0025 0.453935 0.424856 2.34059 0.0110148 476 4 1 -3.69123e-06 
1.24622 -0.670812 -0.280904 0.0025 0.455786 0.427373 2.3445 0.0109701 477 4 1 -1.76897e-06 
1.2517 -0.672097 -0.119564 0.0025 0.456577 0.428469 2.34625 0.010951 478 4 1 -7.71964e-07 
1.25717 -0.672642 -0.0504713 0.0025 0.456902 0.428938 2.34705 0.0109433 479 4 1 -3.22282e-07 
1.26264 -0.672876 -0.0215767 0.0025 0.457024 0.429136 2.34747 0.0109403 480 4 1 -1.22962e-07 
1.26811 -0.672979 -0.00941907 0.0025 0.457058 0.42922 2.34774 0.0109395 481 3 1 -3.5809e-08 
1.27358 -0.673027 -0.00428948 0.0025 0.457051 0.429256 2.34797 0.0109397 482 4 1 4.52409e-09 
1.27905 -0.673052 -0.00205825 0.0025 0.457022 0.429272 2.3482 0.0109404 483 4 1 2.61746e-08 
1.28452 -0.673067 -0.00101838 0.0025 0.456979 0.42928 2.34846 0.0109414 484 4 1 4.15426e-08 
1.28999 -0.673078 -0.000464501 0.0025 0.456921 0.429284 2.34877 0.0109428 485 4 1 5.64592e-08 
1.29546 -0.673087 -0.000109364 0.0025 0.456849 0.429286 2.34915 0.0109445 486 4 1 7.40857e-08 
1.30094 -0.673095 0.000158508 0.0025 0.456758 0.429287 2.34962 0.0109467 487 4 1 9.71342e-08 
1.30641 -0.673102 0.000379453 0.0025 0.456644 0.429288 2.3502 0.0109494 488 4 1 1.30239e-07 
1.31189 -0.673109 0.000566533 0.0025 0.4565 0.429288 2.35094 0.0109529 489 4 1 1.7672e-07 
1.31736 -0.673115 0.000725109 0.0025 0.456314 0.42929 2.35189 0.0109574 490 4 1 2.46308e-07 
1.32284 -0.673122 0.000860772 0.0025 0.456072 0.429292 2.35313 0.0109632 491 4 1 3.4875e-07 
1.32833 -0.673129 0.000980863 0.0025 0.45575 0.429297 2.35479 0.0109709 492 4 1 5.44079e-07 
1.33381 -0.673136 0.00109336 0.0025 0.455304 0.429306 2.35709 0.0109817 493 4 1 8.42677e-07 
1.33931 -0.673143 0.00120572 0.0025 0.454678 0.42933 2.36038 0.0109968 494 4 1 1.27132e-06 
1.34481 -0.673151 0.00132465 0.0025 0.453596 0.429268 2.36516 0.011023 495 4 1 3.91255e-06 
1.35033 -0.67316 0.00145624 0.0025 0.452411 0.429594 2.37455 0.0110519 496 4 1 -3.01259e-06 
1.35586 -0.673169 0.00160293 0.0025 0.446978 0.427219 2.38016 0.0111862 497 5 1 5.38039e-05 
1.36152 -0.673179 0.00176851 0.0025 0.454271 0.432879 2.44407 0.0110066 498 4 1 -0.000240408 
1.36688 -0.67319 0.00193956 0.0025 0.482749 0.424432 2.15539 0.0103573 499 4 1 0.000266064 
