# Time [s]: 0.205282
# Columns: pos [m], vel [m/s], acc [m/s^2], mass [kg], dens [kg/m^3], pres [Pa], ene [J/kg], sml [m], id, neighbor, alpha, gradh, ...additional?
1.36405 -0.673178 0.00173208 0.0025 0.510999 0.432666 2.15242 0.00978475 0 4 1 -0.000134227 
1.36884 -0.673187 0.00188014 0.0025 0.53685 0.426126 1.94996 0.00931358 1 4 1 0.000179242 
1.37337 -0.673196 0.00203435 0.0025 0.548175 0.43079 1.96841 0.00912118 2 3 1 -1.9059e-05 
1.37796 -0.673205 0.00220403 0.0025 0.545905 0.429121 1.96455 0.00915909 3 5 1 3.48627e-06 
1.38253 -0.673216 0.0023838 0.0025 0.546298 0.42927 1.96448 0.00915251 4 4 1 -1.39139e-07 
1.38711 -0.673227 0.00256952 0.0025 0.546304 0.429234 1.96424 0.00915242 5 4 1 1.43193e-07 
1.39169 -0.67324 0.00275975 0.0025 0.546321 0.429226 1.96417 0.00915213 6 4 1 -4.07393e-09 
1.39626 -0.673253 0.00295473 0.0025 0.546328 0.429217 1.9641 0.00915202 7 4 1 7.64239e-09 
1.40084 -0.673268 0.00315526 0.0025 0.546335 0.429208 1.96403 0.0091519 8 4 1 4.14263e-09 
1.40541 -0.673285 0.0033699 0.0025 0.54634 0.429199 1.96398 0.00915182 9 4 1 4.79277e-09 
1.40999 -0.673303 0.0036252 0.0025 0.546343 0.42919 1.96392 0.00915176 10 4 1 -3.05474e-09 
1.41457 -0.673323 0.00395952 0.0025 0.546345 0.42918 1.96387 0.00915172 11 4 1 3.69354e-09 
1.41914 -0.673345 0.00439603 0.0025 0.546346 0.429169 1.96382 0.00915171 12 3 1 1.54698e-09 
1.42372 -0.673369 0.0049248 0.0025 0.546344 0.429157 1.96377 0.00915174 13 4 1 2.01309e-09 
1.42829 -0.673394 0.00552103 0.0025 0.54634 0.429143 1.96372 0.00915181 14 4 1 3.48225e-10 
1.43287 -0.673422 0.00617587 0.0025 0.546334 0.429128 1.96367 0.00915192 15 4 1 -3.54782e-09 
1.43745 -0.673452 0.00689389 0.0025 0.546326 0.429111 1.96362 0.00915205 16 4 1 2.74034e-09 
1.44202 -0.673485 0.00766695 0.0025 0.546315 0.429091 1.96357 0.00915223 17 4 1 -8.64246e-10 
1.4466 -0.673522 0.00848713 0.0025 0.546301 0.42907 1.96352 0.00915246 18 4 1 -3.74777e-09 
1.45117 -0.673562 0.0094065 0.0025 0.546286 0.429046 1.96347 0.00915272 19 4 1 -2.24928e-10 
1.45575 -0.673608 0.0105511 0.0025 0.546267 0.42902 1.96342 0.00915303 20 4 1 -2.40099e-09 
1.46033 -0.673658 0.0120154 0.0025 0.546245 0.42899 1.96336 0.0091534 21 4 1 -3.17697e-09 
1.4649 -0.673714 0.0137167 0.0025 0.546218 0.428956 1.9633 0.00915385 22 4 1 -3.88852e-09 
1.46948 -0.673776 0.0154084 0.0025 0.546188 0.428917 1.96323 0.00915436 23 4 1 -5.22555e-09 
1.47406 -0.673846 0.0169559 0.0025 0.546152 0.428874 1.96316 0.00915496 24 4 1 -3.56988e-09 
1.47864 -0.673928 0.0186518 0.0025 0.546112 0.428826 1.96309 0.00915563 25 4 1 -5.05409e-09 
1.48321 -0.674021 0.0211015 0.0025 0.546067 0.428772 1.963 0.00915639 26 4 1 -8.06563e-09 
1.48779 -0.674126 0.0245643 0.0025 0.546015 0.428712 1.96291 0.00915726 27 4 1 -8.67905e-09 
1.49237 -0.674242 0.0285037 0.0025 0.545954 0.428642 1.96281 0.00915827 28 4 1 -9.99615e-09 
1.49695 -0.674372 0.0321244 0.0025 0.545884 0.428561 1.9627 0.00915945 29 4 1 -1.09665e-08 
-0.49847 -0.674519 0.035281 0.0025 0.545805 0.428472 1.96257 0.00916078 30 4 1 -8.58204e-09 
-0.493889 -0.674689 0.0385851 0.0025 0.545718 0.428373 1.96243 0.00916224 31 4 1 -6.86802e-09 
-0.489308 -0.674881 0.042879 0.0025 0.545623 0.428266 1.96228 0.00916384 32 4 1 -1.02497e-08 
-0.484725 -0.675087 0.0481275 0.0025 0.54552 0.42815 1.96212 0.00916557 33 4 1 -8.67436e-09 
-0.480142 -0.675299 0.0516533 0.0025 0.545409 0.428026 1.96195 0.00916743 34 4 1 2.52626e-09 
-0.475558 -0.675511 0.0505079 0.0025 0.545298 0.427903 1.96178 0.00916929 35 4 1 1.46621e-08 
-0.470973 -0.675717 0.0454868 0.0025 0.545199 0.427793 1.96163 0.00917096 36 4 1 2.5159e-08 
-0.466387 -0.675886 0.0351526 0.0025 0.545122 0.427706 1.96151 0.00917226 37 4 1 4.29022e-08 
-0.4618 -0.676031 0.0295028 0.0025 0.545079 0.427659 1.96144 0.00917299 38 5 1 9.28001e-08 
-0.457214 -0.675975 -0.0370061 0.0025 0.545111 0.427691 1.96148 0.00917245 39 4 1 5.63015e-08 
-0.452628 -0.675859 0.00767803 0.0025 0.545194 0.427788 1.96158 0.00917105 40 4 1 2.57225e-07 
-0.448043 -0.675578 -0.174379 0.0025 0.545492 0.428137 1.962 0.00916604 41 4 1 9.04351e-07 
-0.443462 -0.673784 -0.648085 0.0025 0.546487 0.429241 1.96343 0.00914935 42 4 1 1.32635e-06 
-0.438893 -0.669974 -1.06544 0.0025 0.548414 0.431352 1.96619 0.0091172 43 4 1 1.25852e-06 
-0.434345 -0.664845 -1.28827 0.0025 0.551094 0.434305 1.97002 0.00907286 44 4 1 1.45642e-06 
-0.429821 -0.65856 -1.65391 0.0025 0.55451 0.438095 1.97489 0.00901696 45 4 1 2.30229e-06 
-0.425328 -0.650189 -2.27394 0.0025 0.559011 0.443094 1.98128 0.00894437 46 4 1 3.19152e-06 
-0.420876 -0.639209 -2.91468 0.0025 0.564831 0.449564 1.9895 0.00885221 47 4 1 3.74831e-06 
-0.416475 -0.625928 -3.47203 0.0025 0.571891 0.457438 1.99941 0.00874292 48 4 1 3.88267e-06 
-0.412133 -0.610953 -3.82095 0.0025 0.579888 0.466398 2.01055 0.00862236 49 4 1 3.6262e-06 
-0.407852 -0.595288 -3.96974 0.0025 0.588404 0.475999 2.02231 0.00849756 50 4 1 3.26827e-06 
-0.403635 -0.579558 -4.00993 0.0025 0.59711 0.485875 2.03422 0.00837367 51 4 1 2.8879e-06 
-0.399478 -0.56406 -3.95616 0.0025 0.605775 0.495765 2.04597 0.00825388 52 4 1 2.48133e-06 
-0.39538 -0.549199 -3.83489 0.0025 0.614232 0.505476 2.05735 0.00814024 53 4 1 2.19287e-06 
-0.391338 -0.534947 -3.72762 0.0025 0.622418 0.514929 2.06826 0.00803319 54 4 1 1.98253e-06 
-0.387347 -0.521369 -3.60153 0.0025 0.630329 0.524115 2.07873 0.00793236 55 4 1 1.8747e-06 
-0.383405 -0.508365 -3.52628 0.0025 0.638012 0.533086 2.08882 0.00783684 56 4 1 1.99976e-06 
-0.37951 -0.495582 -3.56866 0.0025 0.645626 0.54202 2.09875 0.00774442 57 4 1 2.18836e-06 
-0.37566 -0.4828 -3.65094 0.0025 0.653328 0.5511 2.10873 0.00765312 58 4 1 2.43278e-06 
-0.371856 -0.469714 -3.83222 0.0025 0.661254 0.560486 2.11892 0.00756139 59 4 1 2.6416e-06 
-0.368098 -0.456214 -4.00255 0.0025 0.669486 0.570277 2.12943 0.00746842 60 4 1 2.7361e-06 
-0.364387 -0.442358 -4.16552 0.0025 0.67801 0.580465 2.14023 0.00737452 61 4 1 2.75608e-06 
-0.360724 -0.428236 -4.28182 0.0025 0.686776 0.590994 2.15125 0.00728039 62 4 1 2.70625e-06 
-0.357107 -0.414018 -4.36346 0.0025 0.695707 0.601778 2.1624 0.00718694 63 4 1 2.67258e-06 
-0.353536 -0.39974 -4.44439 0.0025 0.704757 0.612762 2.1736 0.00709465 64 4 1 2.58029e-06 
-0.350012 -0.385536 -4.46486 0.0025 0.713866 0.623875 2.18479 0.00700411 65 4 1 2.45368e-06 
-0.346532 -0.371513 -4.46887 0.0025 0.72297 0.635041 2.19589 0.00691591 66 4 1 2.43092e-06 
-0.343096 -0.357607 -4.51709 0.0025 0.732079 0.646269 2.20691 0.00682986 67 4 1 2.35397e-06 
-0.339702 -0.343844 -4.50559 0.0025 0.741179 0.657541 2.21784 0.00674601 68 4 1 2.28839e-06 
-0.336349 -0.330277 -4.53654 0.0025 0.750255 0.668839 2.22866 0.0066644 69 4 1 2.21007e-06 
-0.333037 -0.316871 -4.51091 0.0025 0.759296 0.680148 2.23936 0.00658504 70 4 1 2.14631e-06 
-0.329764 -0.30368 -4.53124 0.0025 0.768295 0.69146 2.24994 0.00650791 71 4 1 2.14025e-06 
-0.326529 -0.290611 -4.55304 0.0025 0.777286 0.702813 2.26043 0.00643264 72 4 1 2.07043e-06 
-0.323331 -0.277682 -4.55069 0.0025 0.786253 0.714188 2.27082 0.00635928 73 4 1 2.01338e-06 
-0.320169 -0.264934 -4.56107 0.0025 0.795188 0.725574 2.28111 0.00628782 74 4 1 1.9459e-06 
-0.317043 -0.252353 -4.54401 0.0025 0.804081 0.736959 2.29127 0.00621828 75 4 1 1.90278e-06 
-0.313951 -0.239946 -4.55766 0.0025 0.812936 0.748346 2.30133 0.00615054 76 4 1 1.90028e-06 
-0.310892 -0.227651 -4.58276 0.0025 0.821784 0.759772 2.31131 0.00608433 77 4 1 1.85665e-06 
-0.307866 -0.215491 -4.59091 0.0025 0.83062 0.771232 2.32122 0.0060196 78 4 1 1.80381e-06 
-0.304873 -0.203473 -4.59909 0.0025 0.839431 0.782706 2.33104 0.00595642 79 4 1 1.70035e-06 
-0.30191 -0.191637 -4.54814 0.0025 0.848176 0.794145 2.34072 0.005895 80 4 1 1.67587e-06 
-0.298977 -0.179945 -4.57611 0.0025 0.856871 0.805566 2.35028 0.00583519 81 4 1 1.68531e-06 
-0.296075 -0.168373 -4.58431 0.0025 0.865556 0.81702 2.35978 0.00577663 82 4 1 1.66626e-06 
-0.293201 -0.156896 -4.61888 0.0025 0.874239 0.828516 2.36922 0.00571926 83 4 1 1.60564e-06 
-0.290355 -0.14548 -4.5994 0.0025 0.882898 0.840025 2.37858 0.00566317 84 4 1 1.52912e-06 
-0.287537 -0.134303 -4.58887 0.0025 0.8915 0.851503 2.38782 0.00560852 85 4 1 1.45958e-06 
-0.284746 -0.123297 -4.54094 0.0025 0.900026 0.862925 2.39692 0.00555539 86 4 1 1.43445e-06 
-0.281982 -0.112423 -4.55001 0.0025 0.908494 0.874315 2.40592 0.00550361 87 4 1 1.49012e-06 
-0.279243 -0.101698 -4.5996 0.0025 0.916972 0.885759 2.41487 0.00545273 88 4 1 1.49996e-06 
-0.276529 -0.0908409 -4.65164 0.0025 0.925483 0.897287 2.42381 0.00540258 89 4 1 1.38061e-06 
-0.27384 -0.0802606 -4.5924 0.0025 0.933944 0.908785 2.43265 0.00535364 90 4 1 1.1454e-06 
-0.271175 -0.0698462 -4.41343 0.0025 0.942215 0.920064 2.44124 0.00530665 91 4 1 1.02674e-06 
-0.268533 -0.0601657 -4.30946 0.0025 0.950267 0.931119 2.44955 0.00526168 92 4 1 1.76302e-06 
-0.265913 -0.0497515 -5.03939 0.0025 0.958639 0.942611 2.45819 0.00521573 93 4 1 1.03861e-06 
-0.263317 -0.0392786 -4.13494 0.0025 0.966846 0.953873 2.46659 0.00517145 94 4 1 -1.27414e-07 
-0.260742 -0.0312616 -3.40178 0.0025 0.974049 0.963901 2.47386 0.00513321 95 4 1 2.03402e-06 
-0.258184 -0.0220718 -5.3179 0.0025 0.981968 0.974955 2.4819 0.00509182 96 4 1 3.1791e-06 
-0.25565 -0.00960409 -6.04992 0.0025 0.991364 0.987913 2.49148 0.00504356 97 4 1 -1.05379e-06 
-0.25314 7.14388e-05 -2.67048 0.0025 0.998885 0.998294 2.49901 0.00500558 98 4 1 -3.37078e-06 
-0.250644 0.0028895 -0.340088 0.0025 1.00273 1.00385 2.50268 0.00498637 99 4 1 1.82863e-06 
-0.248154 0.00741979 -4.55095 0.0025 1.00771 1.01104 2.50764 0.00496175 100 4 1 6.06514e-06 
-0.245683 0.0206689 -7.57028 0.0025 1.01712 1.02407 2.51719 0.00491584 101 4 1 -8.20181e-07 
-0.243238 0.0315362 -2.64622 0.0025 1.02513 1.03513 2.52513 0.00487745 102 4 1 -5.28587e-06 
-0.240805 0.0328966 0.455227 0.0025 1.02725 1.03823 2.52712 0.00486735 103 3 1 -2.47303e-06 
-0.238371 0.0313444 0.983183 0.0025 1.02616 1.0368 2.52601 0.00487252 104 4 1 -5.26408e-07 
-0.235933 0.0291774 1.10645 0.0025 1.02433 1.03423 2.52419 0.00488126 105 4 1 -1.5037e-07 
-0.23349 0.0267806 1.19151 0.0025 1.02222 1.03125 2.52211 0.00489133 106 4 1 -1.17352e-07 
-0.231041 0.0241248 1.32509 0.0025 1.01988 1.02794 2.51979 0.00490256 107 4 1 -9.66615e-08 
-0.228587 0.0211751 1.46729 0.0025 1.01731 1.02433 2.51725 0.00491492 108 4 1 -1.3264e-08 
-0.226126 0.0179979 1.56194 0.0025 1.0146 1.02051 2.51456 0.00492804 109 4 1 1.20032e-07 
-0.223659 0.0147525 1.56737 0.0025 1.01188 1.01669 2.51186 0.00494128 110 4 1 2.57667e-07 
-0.221185 0.0116371 1.47426 0.0025 1.00932 1.01309 2.5093 0.00495385 111 4 1 3.59065e-07 
-0.218705 0.00882877 1.30129 0.0025 1.00703 1.00988 2.50702 0.00496509 112 4 1 4.05149e-07 
-0.21622 0.00644486 1.0823 0.0025 1.00511 1.00718 2.5051 0.00497457 113 4 1 3.98785e-07 
-0.21373 0.00453076 0.852385 0.0025 1.00358 1.00503 2.50357 0.00498216 114 4 1 3.55599e-07 
-0.211238 0.00307043 0.638708 0.0025 1.00242 1.0034 2.50241 0.00498793 115 4 1 2.93905e-07 
-0.208743 0.00200742 0.457185 0.0025 1.00158 1.00222 2.50157 0.00499211 116 4 1 2.28497e-07 
-0.206246 0.00126666 0.313576 0.0025 1.001 1.0014 2.50099 0.00499503 117 4 1 1.68701e-07 
-0.203747 0.000771293 0.206518 0.0025 1.00061 1.00085 2.5006 0.00499697 118 4 1 1.18985e-07 
-0.201249 0.000452912 0.130743 0.0025 1.00036 1.0005 2.50035 0.00499822 119 4 1 8.04431e-08 
-0.198749 0.000256132 0.0795792 0.0025 1.0002 1.00028 2.5002 0.00499899 120 4 1 5.22175e-08 
-0.19625 0.00013921 0.0465365 0.0025 1.00011 1.00015 2.50011 0.00499945 121 4 1 3.25554e-08 
-0.19375 7.25003e-05 0.0261031 0.0025 1.00006 1.00008 2.50006 0.00499971 122 4 1 1.94813e-08 
-0.19125 3.60303e-05 0.0140069 0.0025 1.00003 1.00004 2.50003 0.00499986 123 4 1 1.11715e-08 
-0.18875 1.69875e-05 0.00716202 0.0025 1.00001 1.00002 2.50001 0.00499993 124 4 1 6.12347e-09 
-0.18625 7.53514e-06 0.00346976 0.0025 1.00001 1.00001 2.50001 0.00499997 125 4 1 3.19634e-09 
-0.18375 3.10522e-06 0.00157935 0.0025 1 1 2.5 0.00499999 126 4 1 1.58029e-09 
-0.18125 1.16493e-06 0.000666656 0.0025 1 1 2.5 0.005 127 4 1 7.34212e-10 
-0.17875 3.83491e-07 0.000255342 0.0025 1 1 2.5 0.005 128 4 1 3.16602e-10 
-0.17625 1.02353e-07 8.50483e-05 0.0025 1 1 2.5 0.005 129 4 1 1.24119e-10 
-0.17375 1.71474e-08 2.21858e-05 0.0025 1 1 2.5 0.005 130 4 1 4.29118e-11 
-0.17125 -1.27812e-09 2.52226e-06 0.0025 1 1 2.5 0.005 131 4 1 1.20238e-11 
-0.16875 4.53513e-10 -2.25317e-06 0.0025 1 1 2.5 0.005 132 5 1 9.62636e-13 
-0.16625 2.15121e-09 -1.59415e-07 0.0025 1 1 2.5 0.005 133 3 1 -1.19071e-12 
-0.16375 1.74726e-09 3.49915e-07 0.0025 1 1 2.5 0.005 134 4 1 -1.83055e-13 
-0.16125 1.03567e-09 3.4492e-07 0.0025 1 1 2.5 0.005 135 4 1 1.14128e-13 
-0.15875 5.0685e-10 2.20891e-07 0.0025 1 1 2.5 0.005 136 4 1 1.44038e-13 
-0.15625 2.09751e-10 1.12928e-07 0.0025 1 1 2.5 0.005 137 4 1 9.85668e-14 
-0.15375 7.19431e-11 4.79747e-08 0.0025 1 1 2.5 0.005 138 4 1 5.22235e-14 
-0.15125 1.87698e-11 1.66442e-08 0.0025 1 1 2.5 0.005 139 4 1 2.27832e-14 
-0.14875 2.56877e-12 4.18379e-09 0.0025 1 1 2.5 0.005 140 4 1 8.25366e-15 
-0.14625 -5.57576e-13 1.31536e-10 0.0025 1 1 2.5 0.005 141 5 1 2.18492e-15 
-0.14375 1.52106e-13 -4.24393e-10 0.0025 1 1 2.5 0.005 142 4 1 -4.12115e-17 
-0.14125 3.77524e-13 1.18234e-11 0.0025 1 1 2.5 0.005 143 3 1 -2.10676e-16 
-0.13875 2.82598e-13 7.53744e-11 0.0025 1 1 2.5 0.005 144 4 1 -1.38556e-17 
-0.13625 1.35347e-13 6.11635e-11 0.0025 1 1 2.5 0.005 145 4 1 3.01981e-17 
-0.13375 4.49356e-14 3.13207e-11 0.0025 1 1 2.5 0.005 146 4 1 2.45137e-17 
-0.13125 1.22909e-14 1.63709e-11 0.0025 1 1 2.5 0.005 147 4 1 2.27374e-17 
-0.12875 -1.4799e-15 1.7053e-13 0.0025 1 1 2.5 0.005 148 5 1 4.61853e-18 
-0.12625 -1.91498e-16 -2.84217e-13 0.0025 1 1 2.5 0.005 149 5 1 -1.42109e-18 
-0.12375 -3.77663e-47 -5.60519e-44 0.0025 1 1 2.5 0.005 150 5 1 -1.42109e-18 
-0.12125 0 0 0.0025 1 1 2.5 0.005 151 5 1 -1.42109e-18 
-0.11875 0 0 0.0025 1 1 2.5 0.005 152 5 1 -1.42109e-18 
-0.11625 0 0 0.0025 1 1 2.5 0.005 153 5 1 -1.42109e-18 
-0.11375 0 0 0.0025 1 1 2.5 0.005 154 5 1 -1.42109e-18 
-0.11125 0 0 0.0025 1 1 2.5 0.005 155 5 1 -1.42109e-18 
-0.10875 0 0 0.0025 1 1 2.5 0.005 156 5 1 -1.42109e-18 
-0.10625 -2.9873e-46 -3.36312e-44 0.0025 1 1 2.5 0.005 157 5 1 -1.42109e-18 
-0.10375 -1.39307e-16 -3.36312e-44 0.0025 1 1 2.5 0.005 158 5 1 -1.42109e-18 
-0.10125 -2.78626e-16 0 0.0025 1 1 2.5 0.005 159 5 1 -1.42109e-18 
-0.09875 -4.18258e-16 0 0.0025 1 1 2.5 0.005 160 5 1 -1.42109e-18 
-0.09625 -5.57604e-16 0 0.0025 1 1 2.5 0.005 161 5 1 -1.42109e-18 
-0.09375 -6.969e-16 0 0.0025 1 1 2.5 0.005 162 5 1 -1.42109e-18 
-0.09125 -8.70898e-16 -1.13687e-13 0.0025 1 1 2.5 0.005 163 5 1 -1.42109e-18 
-0.08875 -1.07971e-15 1.13687e-13 0.0025 1 1 2.5 0.005 164 5 1 -1.42109e-18 
-0.08625 -1.28807e-15 -1.13687e-13 0.0025 1 1 2.5 0.005 165 5 1 -1.77636e-18 
-0.08375 -1.75733e-15 5.68434e-14 0.0025 1 1 2.5 0.005 166 5 1 -7.10543e-19 
-0.08125 2.04539e-15 -5.68434e-14 0.0025 1 1 2.5 0.005 167 5 1 -3.55271e-18 
-0.07875 -4.41572e-16 -2.27374e-13 0.0025 1 1 2.5 0.005 168 5 1 6.03961e-18 
-0.07625 -7.91596e-16 -2.27374e-13 0.0025 1 1 2.5 0.005 169 5 1 -1.35003e-17 
-0.07375 -3.3919e-15 3.81153e-43 0.0025 1 1 2.5 0.005 170 5 1 1.35003e-17 
-0.07125 -1.2793e-15 4.54747e-13 0.0025 1 1 2.5 0.005 171 5 1 -2.30926e-17 
-0.06875 -3.29857e-15 6.25278e-13 0.0025 1 1 2.5 0.005 172 5 1 2.27374e-17 
-0.06625 5.70086e-16 -7.95808e-13 0.0025 1 1 2.5 0.005 173 5 1 -2.34479e-17 
-0.06375 -1.36302e-15 1.13687e-13 0.0025 1 1 2.5 0.005 174 4 1 3.19744e-18 
-0.06125 -3.9214e-15 5.68434e-13 0.0025 1 1 2.5 0.005 175 3 1 2.13163e-17 
-0.05875 4.49711e-15 2.27374e-13 0.0025 1 1 2.5 0.005 176 4 1 -1.7053e-17 
-0.05625 -1.5332e-15 -3.41061e-13 0.0025 1 1 2.5 0.005 177 5 1 7.81597e-18 
-0.05375 -1.98221e-15 -1.7053e-13 0.0025 1 1 2.5 0.005 178 4 1 -6.75016e-18 
-0.05125 1.82242e-15 1.38051e-27 0.0025 1 1 2.5 0.005 179 5 1 7.10543e-19 
-0.04875 1.27908e-15 1.7053e-13 0.0025 1 1 2.5 0.005 180 5 1 -4.26326e-18 
-0.04625 1.25065e-15 -5.60519e-44 0.0025 1 1 2.5 0.005 181 5 1 2.46519e-33 
-0.04375 1.93201e-16 4.48416e-44 0.0025 1 1 2.5 0.005 182 5 1 -2.13163e-18 
-0.04125 -4.06818e-16 -1.79366e-43 0.0025 1 1 2.5 0.005 183 5 1 -3.19744e-18 
-0.03875 -3.43088e-15 -5.68434e-14 0.0025 1 1 2.5 0.005 184 5 1 4.26326e-18 
-0.03625 -2.1481e-15 2.84217e-13 0.0025 1 1 2.5 0.005 185 5 1 -1.38556e-17 
-0.03375 -3.71439e-15 2.27374e-13 0.0025 1 1 2.5 0.005 186 4 1 -7.4607e-18 
-0.03125 4.76613e-16 -2.84217e-13 0.0025 1 1 2.5 0.005 187 3 1 4.47642e-17 
-0.02875 -1.54938e-15 -1.7053e-13 0.0025 1 1 2.5 0.005 188 4 1 -3.58824e-17 
-0.02625 -1.705e-15 -1.13687e-13 0.0025 1 1 2.5 0.005 189 5 1 9.59233e-18 
-0.02375 -2.22027e-15 5.68434e-14 0.0025 1 1 2.5 0.005 190 3 1 -2.4869e-18 
-0.02125 -2.30589e-16 -1.13687e-13 0.0025 1 1 2.5 0.005 191 4 1 4.61853e-18 
-0.01875 -2.76347e-16 1.13687e-13 0.0025 1 1 2.5 0.005 192 5 1 -5.32907e-18 
-0.01625 -2.31952e-15 -6.82121e-13 0.0025 1 1 2.5 0.005 193 4 1 1.42109e-18 
-0.01375 -1.18334e-15 9.66338e-13 0.0025 1 1 2.5 0.005 194 3 1 2.84217e-18 
-0.01125 -1.202e-15 -5.68434e-13 0.0025 1 1 2.5 0.005 195 4 1 -1.77636e-18 
-0.00875 -1.7329e-15 1.13687e-13 0.0025 1 1 2.5 0.005 196 3 1 0 
-0.00625 -3.94529e-16 -1.13687e-13 0.0025 1 1 2.5 0.005 197 4 1 -7.10543e-19 
-0.00375 -7.78024e-16 7.38964e-13 0.0025 1 1 2.5 0.005 198 4 1 1.42109e-18 
-0.00125 -3.84864e-16 -1.13687e-13 0.0025 1 1 2.5 0.005 199 5 1 2.46519e-33 
0.00125 -4.77924e-16 -1.7053e-13 0.0025 1 1 2.5 0.005 200 4 1 -1.06581e-18 
0.00375 -5.23857e-16 3.9443e-29 0.0025 1 1 2.5 0.005 201 3 1 3.55271e-19 
0.00625 -2.45522e-16 -1.13687e-13 0.0025 1 1 2.5 0.005 202 5 1 -1.42109e-18 
0.00875 -1.14436e-15 5.68434e-14 0.0025 1 1 2.5 0.005 203 3 1 3.55271e-19 
0.01125 3.11126e-16 -1.7053e-13 0.0025 1 1 2.5 0.005 204 4 1 2.13163e-18 
0.01375 -3.49354e-16 5.68434e-14 0.0025 1 1 2.5 0.005 205 5 1 -4.26326e-18 
0.01625 -1.23614e-15 -5.68434e-14 0.0025 1 1 2.5 0.005 206 4 1 2.4869e-18 
0.01875 -5.06279e-17 5.68434e-14 0.0025 1 1 2.5 0.005 207 4 1 -5.32907e-18 
0.02125 -6.90421e-16 5.68434e-14 0.0025 1 1 2.5 0.005 208 3 1 6.75016e-18 
0.02375 3.54136e-17 -5.68434e-14 0.0025 1 1 2.5 0.005 209 3 1 1.06581e-18 
0.02625 1.53551e-15 2.27374e-13 0.0025 1 1 2.5 0.005 210 4 1 -2.13163e-18 
0.02875 6.22429e-16 1.13687e-13 0.0025 1 1 2.5 0.005 211 4 1 -4.26326e-18 
0.03125 3.49537e-15 2.27374e-13 0.0025 1 1 2.5 0.005 212 3 1 2.84217e-18 
0.03375 2.6546e-15 1.13687e-13 0.0025 1 1 2.5 0.005 213 4 1 1.10134e-17 
0.03625 1.6987e-15 1.13687e-13 0.0025 1 1 2.5 0.005 214 5 1 -1.91847e-17 
0.03875 6.34339e-16 3.9443e-29 0.0025 1 1 2.5 0.005 215 4 1 1.81188e-17 
0.04125 8.25998e-16 -5.68434e-14 0.0025 1 1 2.5 0.005 216 4 1 -1.35003e-17 
0.04375 2.70164e-16 -5.68434e-14 0.0025 1 1 2.5 0.005 217 4 1 -3.90799e-18 
0.04625 4.51362e-15 -7.88861e-29 0.0025 1 1 2.5 0.005 218 4 1 6.03961e-18 
0.04875 1.84631e-15 5.68434e-14 0.0025 1 1 2.5 0.005 219 5 1 -2.84217e-18 
0.05125 4.50903e-15 -1.13687e-13 0.0025 1 1 2.5 0.005 220 5 1 -1.42109e-18 
0.05375 4.13807e-15 -2.27374e-13 0.0025 1 1 2.5 0.005 221 4 1 -7.10543e-19 
0.05625 4.80772e-15 2.27374e-13 0.0025 1 1 2.5 0.005 222 5 1 1.66978e-17 
0.05875 -6.79181e-16 -4.54747e-13 0.0025 1 1 2.5 0.005 223 5 1 -5.50671e-17 
0.06125 5.99222e-15 1.08002e-12 0.0025 1 1 2.5 0.005 224 3 1 4.44089e-17 
0.06375 5.41413e-15 -5.11591e-13 0.0025 1 1 2.5 0.005 225 3 1 9.9476e-18 
0.06625 1.77041e-15 1.49193e-26 0.0025 1 1 2.5 0.005 226 5 1 -2.8777e-17 
0.06875 6.95154e-15 -1.13687e-13 0.0025 1 1 2.5 0.005 227 5 1 1.95399e-17 
0.07125 3.5526e-15 -1.13687e-13 0.0025 1 1 2.5 0.005 228 5 1 -1.66978e-17 
0.07375 4.7376e-15 -8.96831e-44 0.0025 1 1 2.5 0.005 229 5 1 9.59233e-18 
0.07625 4.52885e-15 6.72623e-44 0.0025 1 1 2.5 0.005 230 5 1 -1.35003e-17 
0.07875 5.66823e-15 5.68434e-14 0.0025 1 1 2.5 0.005 231 5 1 8.88178e-18 
0.08125 4.76147e-15 1.12104e-44 0.0025 1 1 2.5 0.005 232 5 1 -1.03029e-17 
0.08375 4.30536e-15 -1.79366e-43 0.0025 1 1 2.5 0.005 233 5 1 4.61853e-18 
0.08625 1.89639e-15 1.7053e-13 0.0025 1 1 2.5 0.005 234 5 1 -3.90799e-18 
0.08875 1.15469e-15 5.68434e-14 0.0025 1 1 2.5 0.005 235 5 1 -3.55271e-19 
0.09125 1.44804e-15 1.12104e-44 0.0025 1 1 2.5 0.005 236 5 1 -5.32907e-18 
0.09375 1.45123e-15 5.68434e-14 0.0025 1 1 2.5 0.005 237 5 1 1.42109e-18 
0.09625 1.58865e-15 5.68434e-14 0.0025 1 1 2.5 0.005 238 5 1 -4.61853e-18 
0.09875 7.91168e-16 -7.10961e-27 0.0025 1 1 2.5 0.005 239 5 1 3.55271e-18 
0.10125 -1.70452e-15 -3.97904e-12 0.0025 1 1 2.5 0.005 240 3 1 -1.42109e-18 
0.10375 1.1238e-14 1.3074e-12 0.0025 1 1 2.5 0.005 241 3 1 7.10543e-19 
0.10625 4.53633e-15 1.36424e-12 0.0025 1 1 2.5 0.005 242 5 1 -1.42109e-17 
0.10875 6.24352e-16 1.19371e-12 0.0025 1 1 2.5 0.005 243 5 1 1.45661e-17 
0.11125 2.04331e-15 -1.13687e-13 0.0025 1 1 2.5 0.005 244 5 1 -1.7053e-17 
0.11375 -3.92146e-16 -5.68434e-14 0.0025 1 1 2.5 0.005 245 5 1 1.81188e-17 
0.11625 4.10098e-15 -3.0268e-43 0.0025 1 1 2.5 0.005 246 5 1 -2.45137e-17 
0.11875 2.37267e-15 -1.13687e-13 0.0025 1 1 2.5 0.005 247 5 1 2.34479e-17 
0.12125 2.18707e-15 -7.10961e-27 0.0025 1 1 2.5 0.005 248 5 1 -3.01981e-17 
0.12375 5.64995e-16 1.13687e-13 0.0025 1 1 2.5 0.005 249 3 1 1.52767e-17 
0.12625 5.95702e-15 4.54747e-13 0.0025 1 1 2.5 0.005 250 3 1 1.42109e-17 
0.12875 3.86348e-15 7.95808e-13 0.0025 1 1 2.5 0.005 251 5 1 -2.13163e-17 
0.13125 -2.54817e-15 -1.56888e-11 0.0025 1 1 2.5 0.005 252 4 1 4.08562e-17 
0.13375 -4.88175e-14 -2.75122e-11 0.0025 1 1 2.5 0.005 253 4 1 4.26326e-18 
0.13625 -1.26203e-13 -6.68479e-11 0.0025 1 1 2.5 0.005 254 4 1 5.79092e-17 
0.13875 -2.73144e-13 -7.90124e-11 0.0025 1 1 2.5 0.005 255 4 1 -3.48166e-17 
0.14125 -3.70479e-13 -3.41061e-13 0.0025 1 1 2.5 0.005 256 3 1 -2.13873e-16 
0.14375 -1.43924e-13 4.16264e-10 0.0025 1 1 2.5 0.005 257 4 1 -2.59348e-17 
0.14625 5.61017e-13 -1.37561e-10 0.0025 1 1 2.5 0.005 258 5 1 2.17746e-15 
0.14875 -2.57912e-12 -4.17094e-09 0.0025 1 1 2.5 0.005 259 4 1 8.25153e-15 
0.15125 -1.87665e-11 -1.66611e-08 0.0025 1 1 2.5 0.005 260 4 1 2.27786e-14 
0.15375 -7.19475e-11 -4.79551e-08 0.0025 1 1 2.5 0.005 261 4 1 5.22249e-14 
0.15625 -2.09743e-10 -1.12936e-07 0.0025 1 1 2.5 0.005 262 4 1 9.858e-14 
0.15875 -5.06847e-10 -2.20891e-07 0.0025 1 1 2.5 0.005 263 4 1 1.44045e-13 
0.16125 -1.03567e-09 -3.44925e-07 0.0025 1 1 2.5 0.005 264 4 1 1.14125e-13 
0.16375 -1.74727e-09 -3.49911e-07 0.0025 1 1 2.5 0.005 265 4 1 -1.83081e-13 
0.16625 -2.15121e-09 1.59416e-07 0.0025 1 1 2.5 0.005 266 3 1 -1.1907e-12 
0.16875 -4.53512e-10 2.25317e-06 0.0025 1 1 2.5 0.005 267 5 1 9.62638e-13 
0.17125 1.27811e-09 -2.52227e-06 0.0025 1 1 2.5 0.005 268 4 1 1.20238e-11 
0.17375 -1.71474e-08 -2.21858e-05 0.0025 1 1 2.5 0.005 269 4 1 4.29117e-11 
0.17625 -1.02353e-07 -8.50482e-05 0.0025 1 1 2.5 0.005 270 4 1 1.24119e-10 
0.17875 -3.83491e-07 -0.000255342 0.0025 1 1 2.5 0.005 271 4 1 3.16602e-10 
0.18125 -1.16493e-06 -0.000666656 0.0025 1 1 2.5 0.005 272 4 1 7.34212e-10 
0.18375 -3.10522e-06 -0.00157935 0.0025 1 1 2.5 0.00499999 273 4 1 1.58029e-09 
0.18625 -7.53514e-06 -0.00346976 0.0025 1.00001 1.00001 2.50001 0.00499997 274 4 1 3.19634e-09 
0.18875 -1.69875e-05 -0.00716202 0.0025 1.00001 1.00002 2.50001 0.00499993 275 4 1 6.12347e-09 
0.19125 -3.60303e-05 -0.0140069 0.0025 1.00003 1.00004 2.50003 0.00499986 276 4 1 1.11715e-08 
0.19375 -7.25003e-05 -0.0261031 0.0025 1.00006 1.00008 2.50006 0.00499971 277 4 1 1.94813e-08 
0.19625 -0.00013921 -0.0465365 0.0025 1.00011 1.00015 2.50011 0.00499945 278 4 1 3.25554e-08 
0.198749 -0.000256132 -0.0795792 0.0025 1.0002 1.00028 2.5002 0.00499899 279 4 1 5.22175e-08 
0.201249 -0.000452912 -0.130743 0.0025 1.00036 1.0005 2.50035 0.00499822 280 4 1 8.04431e-08 
0.203747 -0.000771293 -0.206518 0.0025 1.00061 1.00085 2.5006 0.00499697 281 4 1 1.18985e-07 
0.206246 -0.00126666 -0.313576 0.0025 1.001 1.0014 2.50099 0.00499503 282 4 1 1.68701e-07 
0.208743 -0.00200742 -0.457185 0.0025 1.00158 1.00222 2.50157 0.00499211 283 4 1 2.28497e-07 
0.211238 -0.00307043 -0.638708 0.0025 1.00242 1.0034 2.50241 0.00498793 284 4 1 2.93905e-07 
0.21373 -0.00453076 -0.852385 0.0025 1.00358 1.00503 2.50357 0.00498216 285 4 1 3.55599e-07 
0.21622 -0.00644486 -1.0823 0.0025 1.00511 1.00718 2.5051 0.00497457 286 4 1 3.98785e-07 
0.218705 -0.00882877 -1.30129 0.0025 1.00703 1.00988 2.50702 0.00496509 287 4 1 4.05149e-07 
0.221185 -0.0116371 -1.47426 0.0025 1.00932 1.01309 2.5093 0.00495385 288 4 1 3.59065e-07 
0.223659 -0.0147525 -1.56737 0.0025 1.01188 1.01669 2.51186 0.00494128 289 4 1 2.57667e-07 
0.226126 -0.0179979 -1.56194 0.0025 1.0146 1.02051 2.51456 0.00492804 290 4 1 1.20032e-07 
0.228587 -0.0211751 -1.46729 0.0025 1.01731 1.02433 2.51725 0.00491492 291 4 1 -1.3264e-08 
0.231041 -0.0241248 -1.32509 0.0025 1.01988 1.02794 2.51979 0.00490256 292 4 1 -9.66615e-08 
0.23349 -0.0267806 -1.19151 0.0025 1.02222 1.03125 2.52211 0.00489133 293 4 1 -1.17352e-07 
0.235933 -0.0291774 -1.10645 0.0025 1.02433 1.03423 2.52419 0.00488126 294 4 1 -1.5037e-07 
0.238371 -0.0313444 -0.983183 0.0025 1.02616 1.0368 2.52601 0.00487252 295 4 1 -5.26408e-07 
0.240805 -0.0328966 -0.455227 0.0025 1.02725 1.03823 2.52712 0.00486735 296 3 1 -2.47303e-06 
0.243238 -0.0315362 2.64622 0.0025 1.02513 1.03513 2.52513 0.00487745 297 4 1 -5.28587e-06 
0.245683 -0.0206689 7.57028 0.0025 1.01712 1.02407 2.51719 0.00491584 298 4 1 -8.20181e-07 
0.248154 -0.00741979 4.55095 0.0025 1.00771 1.01104 2.50764 0.00496175 299 4 1 6.06514e-06 
0.250644 -0.0028895 0.340088 0.0025 1.00273 1.00385 2.50268 0.00498637 300 4 1 1.82863e-06 
0.25314 -7.14388e-05 2.67048 0.0025 0.998885 0.998294 2.49901 0.00500558 301 4 1 -3.37078e-06 
0.25565 0.00960409 6.04992 0.0025 0.991364 0.987913 2.49148 0.00504356 302 4 1 -1.05379e-06 
0.258184 0.0220718 5.3179 0.0025 0.981968 0.974955 2.4819 0.00509182 303 4 1 3.1791e-06 
0.260742 0.0312616 3.40178 0.0025 0.974049 0.963901 2.47386 0.00513321 304 4 1 2.03402e-06 
0.263317 0.0392786 4.13494 0.0025 0.966846 0.953873 2.46659 0.00517145 305 4 1 -1.27414e-07 
0.265913 0.0497515 5.03939 0.0025 0.958639 0.942611 2.45819 0.00521573 306 4 1 1.03861e-06 
0.268533 0.0601657 4.30946 0.0025 0.950267 0.931119 2.44955 0.00526168 307 4 1 1.76302e-06 
0.271175 0.0698462 4.41343 0.0025 0.942215 0.920064 2.44124 0.00530665 308 4 1 1.02674e-06 
0.27384 0.0802606 4.5924 0.0025 0.933944 0.908785 2.43265 0.00535364 309 4 1 1.1454e-06 
0.276529 0.0908409 4.65164 0.0025 0.925483 0.897287 2.42381 0.00540258 310 4 1 1.38061e-06 
0.279243 0.101698 4.5996 0.0025 0.916972 0.885759 2.41487 0.00545273 311 4 1 1.49996e-06 
0.281982 0.112423 4.55001 0.0025 0.908494 0.874315 2.40592 0.00550361 312 4 1 1.49012e-06 
0.284746 0.123297 4.54094 0.0025 0.900026 0.862925 2.39692 0.00555539 313 4 1 1.43445e-06 
0.287537 0.134303 4.58887 0.0025 0.8915 0.851503 2.38782 0.00560852 314 4 1 1.45958e-06 
0.290355 0.14548 4.5994 0.0025 0.882898 0.840025 2.37858 0.00566317 315 4 1 1.52912e-06 
0.293201 0.156896 4.61888 0.0025 0.874239 0.828516 2.36922 0.00571926 316 4 1 1.60564e-06 
0.296075 0.168373 4.58431 0.0025 0.865556 0.81702 2.35978 0.00577663 317 4 1 1.66626e-06 
0.298977 0.179945 4.57611 0.0025 0.856871 0.805566 2.35028 0.00583519 318 4 1 1.68531e-06 
0.30191 0.191637 4.54814 0.0025 0.848176 0.794145 2.34072 0.005895 319 4 1 1.67587e-06 
0.304873 0.203473 4.59909 0.0025 0.839431 0.782706 2.33104 0.00595642 320 4 1 1.70035e-06 
0.307866 0.215491 4.59091 0.0025 0.83062 0.771232 2.32122 0.0060196 321 4 1 1.80381e-06 
0.310892 0.227651 4.58276 0.0025 0.821784 0.759772 2.31131 0.00608433 322 4 1 1.85665e-06 
0.313951 0.239946 4.55766 0.0025 0.812936 0.748346 2.30133 0.00615054 323 4 1 1.90028e-06 
0.317043 0.252353 4.54401 0.0025 0.804081 0.736959 2.29127 0.00621828 324 4 1 1.90278e-06 
0.320169 0.264934 4.56107 0.0025 0.795188 0.725574 2.28111 0.00628782 325 4 1 1.9459e-06 
0.323331 0.277682 4.55069 0.0025 0.786253 0.714188 2.27082 0.00635928 326 4 1 2.01338e-06 
0.326529 0.290611 4.55304 0.0025 0.777286 0.702813 2.26043 0.00643264 327 4 1 2.07043e-06 
0.329764 0.30368 4.53124 0.0025 0.768295 0.69146 2.24994 0.00650791 328 4 1 2.14025e-06 
0.333037 0.316871 4.51091 0.0025 0.759296 0.680148 2.23936 0.00658504 329 4 1 2.14631e-06 
0.336349 0.330277 4.53654 0.0025 0.750255 0.668839 2.22866 0.0066644 330 4 1 2.21007e-06 
0.339702 0.343844 4.50559 0.0025 0.741179 0.657541 2.21784 0.00674601 331 4 1 2.28839e-06 
0.343096 0.357607 4.51709 0.0025 0.732079 0.646269 2.20691 0.00682986 332 4 1 2.35397e-06 
0.346532 0.371513 4.46887 0.0025 0.72297 0.635041 2.19589 0.00691591 333 4 1 2.43092e-06 
0.350012 0.385536 4.46486 0.0025 0.713866 0.623875 2.18479 0.00700411 334 4 1 2.45368e-06 
0.353536 0.39974 4.44439 0.0025 0.704757 0.612762 2.1736 0.00709465 335 4 1 2.58029e-06 
0.357107 0.414018 4.36346 0.0025 0.695707 0.601778 2.1624 0.00718694 336 4 1 2.67258e-06 
0.360724 0.428236 4.28182 0.0025 0.686776 0.590994 2.15125 0.00728039 337 4 1 2.70625e-06 
0.364387 0.442358 4.16552 0.0025 0.67801 0.580465 2.14023 0.00737452 338 4 1 2.75608e-06 
0.368098 0.456214 4.00255 0.0025 0.669486 0.570277 2.12943 0.00746842 339 4 1 2.7361e-06 
0.371856 0.469714 3.83222 0.0025 0.661254 0.560486 2.11892 0.00756139 340 4 1 2.6416e-06 
0.37566 0.4828 3.65094 0.0025 0.653328 0.5511 2.10873 0.00765312 341 4 1 2.43278e-06 
0.37951 0.495582 3.56866 0.0025 0.645626 0.54202 2.09875 0.00774442 342 4 1 2.18836e-06 
0.383405 0.508365 3.52628 0.0025 0.638012 0.533086 2.08882 0.00783684 343 4 1 1.99976e-06 
0.387347 0.521369 3.60153 0.0025 0.630329 0.524115 2.07873 0.00793236 344 4 1 1.8747e-06 
0.391338 0.534947 3.72762 0.0025 0.622418 0.514929 2.06826 0.00803319 345 4 1 1.98253e-06 
0.39538 0.549199 3.83489 0.0025 0.614232 0.505476 2.05735 0.00814024 346 4 1 2.19287e-06 
0.399478 0.56406 3.95616 0.0025 0.605775 0.495765 2.04597 0.00825388 347 4 1 2.48133e-06 
0.403635 0.579558 4.00993 0.0025 0.59711 0.485875 2.03422 0.00837367 348 4 1 2.8879e-06 
0.407852 0.595288 3.96974 0.0025 0.588404 0.475999 2.02231 0.00849756 349 4 1 3.26827e-06 
0.412133 0.610953 3.82095 0.0025 0.579888 0.466398 2.01055 0.00862236 350 4 1 3.6262e-06 
0.416475 0.625928 3.47203 0.0025 0.571891 0.457438 1.99941 0.00874292 351 4 1 3.88267e-06 
0.420876 0.639209 2.91468 0.0025 0.564831 0.449564 1.9895 0.00885221 352 4 1 3.74831e-06 
0.425328 0.650189 2.27394 0.0025 0.559011 0.443094 1.98128 0.00894437 353 4 1 3.19152e-06 
0.429821 0.65856 1.65391 0.0025 0.55451 0.438095 1.97489 0.00901696 354 4 1 2.30229e-06 
0.434345 0.664845 1.28827 0.0025 0.551094 0.434305 1.97002 0.00907286 355 4 1 1.45642e-06 
0.438893 0.669974 1.06544 0.0025 0.548414 0.431352 1.96619 0.0091172 356 4 1 1.25852e-06 
0.443462 0.673784 0.648085 0.0025 0.546487 0.429241 1.96343 0.00914935 357 4 1 1.32635e-06 
0.448043 0.675578 0.174379 0.0025 0.545492 0.428137 1.962 0.00916604 358 4 1 9.04351e-07 
0.452628 0.675859 -0.00767803 0.0025 0.545194 0.427788 1.96158 0.00917105 359 4 1 2.57225e-07 
0.457214 0.675975 0.0370061 0.0025 0.545111 0.427691 1.96148 0.00917245 360 4 1 5.63015e-08 
0.4618 0.676031 -0.0295028 0.0025 0.545079 0.427659 1.96144 0.00917299 361 5 1 9.28001e-08 
0.466387 0.675886 -0.0351526 0.0025 0.545122 0.427706 1.96151 0.00917226 362 4 1 4.29022e-08 
0.470973 0.675717 -0.0454868 0.0025 0.545199 0.427793 1.96163 0.00917096 363 4 1 2.5159e-08 
0.475558 0.675511 -0.0505079 0.0025 0.545298 0.427903 1.96178 0.00916929 364 4 1 1.46621e-08 
0.480142 0.675299 -0.0516533 0.0025 0.545409 0.428026 1.96195 0.00916743 365 4 1 2.52626e-09 
0.484725 0.675087 -0.0481275 0.0025 0.54552 0.42815 1.96212 0.00916557 366 4 1 -8.67436e-09 
0.489308 0.674881 -0.042879 0.0025 0.545623 0.428266 1.96228 0.00916384 367 4 1 -1.02497e-08 
0.493889 0.674689 -0.0385851 0.0025 0.545718 0.428373 1.96243 0.00916224 368 4 1 -6.86802e-09 
0.49847 0.674519 -0.035281 0.0025 0.545805 0.428472 1.96257 0.00916078 369 4 1 -8.58204e-09 
0.50305 0.674372 -0.0321244 0.0025 0.545884 0.428561 1.9627 0.00915945 370 4 1 -1.09665e-08 
0.507629 0.674242 -0.0285037 0.0025 0.545954 0.428642 1.96281 0.00915827 371 4 1 -9.99615e-09 
0.512208 0.674126 -0.0245643 0.0025 0.546015 0.428712 1.96291 0.00915726 372 4 1 -8.67905e-09 
0.516787 0.674021 -0.0211015 0.0025 0.546067 0.428772 1.963 0.00915639 373 4 1 -8.06563e-09 
0.521365 0.673928 -0.0186518 0.0025 0.546112 0.428826 1.96309 0.00915563 374 4 1 -5.05409e-09 
0.525942 0.673846 -0.0169559 0.0025 0.546152 0.428874 1.96316 0.00915496 375 4 1 -3.56988e-09 
0.530519 0.673776 -0.0154084 0.0025 0.546188 0.428917 1.96323 0.00915436 376 4 1 -5.22555e-09 
0.535097 0.673714 -0.0137167 0.0025 0.546218 0.428956 1.9633 0.00915385 377 4 1 -3.88852e-09 
0.539673 0.673658 -0.0120154 0.0025 0.546245 0.42899 1.96336 0.0091534 378 4 1 -3.17697e-09 
0.54425 0.673608 -0.0105511 0.0025 0.546267 0.42902 1.96342 0.00915303 379 4 1 -2.40099e-09 
0.548826 0.673562 -0.0094065 0.0025 0.546286 0.429046 1.96347 0.00915272 380 4 1 -2.24927e-10 
0.553403 0.673522 -0.00848713 0.0025 0.546301 0.42907 1.96352 0.00915246 381 4 1 -3.74777e-09 
0.557979 0.673485 -0.00766695 0.0025 0.546315 0.429091 1.96357 0.00915223 382 4 1 -8.64246e-10 
0.562555 0.673452 -0.00689389 0.0025 0.546326 0.429111 1.96362 0.00915205 383 4 1 2.74034e-09 
0.567131 0.673422 -0.00617587 0.0025 0.546334 0.429128 1.96367 0.00915192 384 4 1 -3.54782e-09 
0.571707 0.673394 -0.00552103 0.0025 0.54634 0.429143 1.96372 0.00915181 385 4 1 3.48225e-10 
0.576283 0.673369 -0.0049248 0.0025 0.546344 0.429157 1.96377 0.00915174 386 4 1 2.01309e-09 
0.580859 0.673345 -0.00439603 0.0025 0.546346 0.429169 1.96382 0.00915171 387 3 1 1.54698e-09 
0.585434 0.673323 -0.00395952 0.0025 0.546345 0.42918 1.96387 0.00915172 388 4 1 3.69354e-09 
0.59001 0.673303 -0.0036252 0.0025 0.546343 0.42919 1.96392 0.00915176 389 4 1 -3.05474e-09 
0.594586 0.673285 -0.0033699 0.0025 0.54634 0.429199 1.96398 0.00915182 390 4 1 4.79277e-09 
0.599162 0.673268 -0.00315526 0.0025 0.546335 0.429208 1.96403 0.0091519 391 4 1 4.14263e-09 
0.603738 0.673253 -0.00295473 0.0025 0.546328 0.429217 1.9641 0.00915202 392 4 1 7.64239e-09 
0.608314 0.67324 -0.00275975 0.0025 0.546321 0.429226 1.96417 0.00915213 393 4 1 -4.07392e-09 
0.61289 0.673227 -0.00256952 0.0025 0.546304 0.429234 1.96424 0.00915242 394 4 1 1.43193e-07 
0.617467 0.673216 -0.0023838 0.0025 0.546298 0.42927 1.96448 0.00915251 395 4 1 -1.39139e-07 
0.622043 0.673205 -0.00220403 0.0025 0.545905 0.429121 1.96455 0.00915909 396 5 1 3.48627e-06 
0.626626 0.673196 -0.00203435 0.0025 0.548175 0.43079 1.96841 0.00912118 397 3 1 -1.9059e-05 
0.631164 0.673187 -0.00188014 0.0025 0.53685 0.426126 1.94996 0.00931358 398 4 1 0.000179242 
0.635946 0.673178 -0.00173208 0.0025 0.510999 0.432666 2.15242 0.00978475 399 4 1 -0.000134227 
0.640956 0.673169 -0.00158984 0.0025 0.48276 0.424445 2.15541 0.0103571 400 4 1 0.000266068 
0.646317 0.673161 -0.0014495 0.0025 0.45428 0.432891 2.44409 0.0110064 401 4 1 -0.000240408 
0.651973 0.673152 -0.00131366 0.0025 0.446986 0.42723 2.38018 0.011186 402 5 1 5.38049e-05 
0.657504 0.673145 -0.00119291 0.0025 0.452419 0.429604 2.37457 0.0110517 403 4 1 -3.01262e-06 
0.663024 0.673137 -0.0010826 0.0025 0.453603 0.429278 2.36518 0.0110229 404 4 1 3.91259e-06 
0.668527 0.673131 -0.000982039 0.0025 0.454685 0.429339 2.36039 0.0109966 405 4 1 1.27138e-06 
0.674021 0.673124 -0.000890399 0.0025 0.45531 0.429315 2.3571 0.0109815 406 4 1 8.42763e-07 
0.679508 0.673118 -0.000806221 0.0025 0.455756 0.429305 2.3548 0.0109708 407 4 1 5.44209e-07 
0.684992 0.673113 -0.000725979 0.0025 0.456078 0.4293 2.35315 0.010963 408 4 1 3.48929e-07 
0.690472 0.673107 -0.000644336 0.0025 0.45632 0.429297 2.3519 0.0109572 409 4 1 2.46539e-07 
0.695949 0.673102 -0.000554798 0.0025 0.456505 0.429296 2.35095 0.0109528 410 4 1 1.77001e-07 
0.701424 0.673097 -0.000450239 0.0025 0.45665 0.429295 2.35022 0.0109493 411 4 1 1.30579e-07 
0.706898 0.673092 -0.000323466 0.0025 0.456764 0.429295 2.34963 0.0109466 412 4 1 9.75831e-08 
0.712371 0.673086 -0.000167199 0.0025 0.456856 0.429294 2.34917 0.0109444 413 4 1 7.48137e-08 
0.717843 0.673081 2.85462e-05 0.0025 0.456929 0.429294 2.34879 0.0109426 414 4 1 5.79266e-08 
0.723313 0.673074 0.000285359 0.0025 0.456988 0.429292 2.34848 0.0109412 415 4 1 4.48927e-08 
0.728784 0.673066 0.00066009 0.0025 0.457036 0.42929 2.34822 0.0109401 416 4 1 3.41697e-08 
0.734254 0.673055 0.00130098 0.0025 0.457073 0.429285 2.34801 0.0109392 417 4 1 2.37562e-08 
0.739723 0.673039 0.00257882 0.0025 0.457099 0.429276 2.34782 0.0109385 418 4 1 1.0391e-08 
0.745192 0.673011 0.00540406 0.0025 0.457112 0.429256 2.34765 0.0109382 419 3 1 -1.25351e-08 
0.750661 0.672952 0.011965 0.0025 0.457102 0.42921 2.34746 0.0109385 420 4 1 -6.03338e-08 
0.756131 0.672824 0.027532 0.0025 0.457043 0.429103 2.3472 0.0109399 421 4 1 -1.68266e-07 
0.761601 0.672529 0.0644617 0.0025 0.456874 0.42885 2.34674 0.0109439 422 4 1 -4.17431e-07 
0.767075 0.671836 0.152424 0.0025 0.45645 0.428256 2.34577 0.0109541 423 4 1 -9.76093e-07 
0.772555 0.67021 0.355072 0.0025 0.455442 0.426873 2.34361 0.0109783 424 4 1 -2.19732e-06 
0.778053 0.666442 0.825363 0.0025 0.453117 0.423729 2.33875 0.0110347 425 4 1 -4.40376e-06 
0.78359 0.657929 1.79247 0.0025 0.448079 0.41698 2.32821 0.0111588 426 4 1 -7.96957e-06 
0.789212 0.639956 3.8244 0.0025 0.43774 0.403353 2.30629 0.0114223 427 4 1 -9.93305e-06 
0.795015 0.60242 7.4473 0.0025 0.418799 0.378833 2.26478 0.0119389 428 4 1 -2.9255e-06 
0.801162 0.535572 13.289 0.0025 0.387873 0.339771 2.19251 0.0128908 429 4 1 2.45902e-05 
0.807943 0.406113 25.742 0.0025 0.34285 0.285555 2.07578 0.0145836 430 4 1 0.000115168 
0.81586 0.208043 29.8043 0.0025 0.294807 0.230156 1.93581 0.0169602 431 4 1 0.000247344 
0.82505 0.0493628 15.4957 0.0025 0.26262 0.194098 1.83437 0.0190389 432 4 1 0.000208363 
0.834951 -0.00486239 2.32727 0.0025 0.250745 0.180816 1.79727 0.0199406 433 4 1 5.92459e-05 
0.844994 -0.00395578 -1.13341 0.0025 0.249354 0.178942 1.79314 0.0200518 434 5 1 5.25299e-06 
0.855003 3.04118e-05 -0.164093 0.0025 0.249902 0.179382 1.79472 0.0200078 435 4 1 -1.03454e-06 
0.865001 0.000235988 0.0226771 0.0025 0.250033 0.179526 1.79509 0.0199974 436 3 1 -3.42936e-07 
0.875 8.53771e-05 0.0171302 0.0025 0.250017 0.179517 1.79505 0.0199986 437 4 1 8.52674e-09 
0.885 1.63973e-05 0.00486163 0.0025 0.250004 0.179505 1.79501 0.0199997 438 4 1 2.1664e-08 
0.895 7.92213e-07 0.000733077 0.0025 0.25 0.179501 1.795 0.02 439 4 1 7.4939e-09 
0.905 -6.29947e-07 -7.01928e-05 0.0025 0.25 0.1795 1.795 0.02 440 5 1 1.37562e-09 
0.915 -7.75038e-08 -4.355e-05 0.0025 0.25 0.1795 1.795 0.02 441 4 1 -9.05465e-12 
0.925 2.40161e-08 -7.47094e-08 0.0025 0.25 0.1795 1.795 0.02 442 4 1 -6.73376e-11 
0.935 1.23732e-08 2.0785e-06 0.0025 0.25 0.1795 1.795 0.02 443 3 1 -5.18427e-12 
0.945 2.99768e-09 7.7201e-07 0.0025 0.25 0.1795 1.795 0.02 444 4 1 2.20185e-12 
0.955 3.37492e-10 1.50608e-07 0.0025 0.25 0.1795 1.795 0.02 445 4 1 1.08943e-12 
0.965 -5.69531e-11 6.58834e-09 0.0025 0.25 0.1795 1.795 0.02 446 4 1 2.55316e-13 
0.975 -2.06098e-11 -7.16368e-09 0.0025 0.25 0.1795 1.795 0.02 447 5 1 2.22055e-14 
0.985 1.16364e-12 -6.54452e-10 0.0025 0.25 0.1795 1.795 0.02 448 4 1 -8.17888e-15 
0.995 1.00946e-12 6.0453e-11 0.0025 0.25 0.1795 1.795 0.02 449 3 1 -1.47082e-15 
1.005 -1.0089e-12 -6.08082e-11 0.0025 0.25 0.1795 1.795 0.02 450 3 1 -1.45146e-15 
1.015 -1.17186e-12 6.51525e-10 0.0025 0.25 0.1795 1.795 0.02 451 4 1 -8.21316e-15 
1.025 2.06204e-11 7.17304e-09 0.0025 0.25 0.1795 1.795 0.02 452 5 1 2.22322e-14 
1.035 5.69837e-11 -6.60033e-09 0.0025 0.25 0.1795 1.795 0.02 453 4 1 2.55322e-13 
1.045 -3.37527e-10 -1.50599e-07 0.0025 0.25 0.1795 1.795 0.02 454 4 1 1.08941e-12 
1.055 -2.99766e-09 -7.72017e-07 0.0025 0.25 0.1795 1.795 0.02 455 4 1 2.2018e-12 
1.065 -1.23732e-08 -2.07849e-06 0.0025 0.25 0.1795 1.795 0.02 456 3 1 -5.18415e-12 
1.075 -2.40161e-08 7.46937e-08 0.0025 0.25 0.1795 1.795 0.02 457 4 1 -6.73377e-11 
1.085 7.75038e-08 4.355e-05 0.0025 0.25 0.1795 1.795 0.02 458 4 1 -9.05478e-12 
1.095 6.29947e-07 7.01928e-05 0.0025 0.25 0.1795 1.795 0.02 459 5 1 1.37562e-09 
1.105 -7.92213e-07 -0.000733077 0.0025 0.25 0.179501 1.795 0.02 460 4 1 7.4939e-09 
1.115 -1.63973e-05 -0.00486163 0.0025 0.250004 0.179505 1.79501 0.0199997 461 4 1 2.1664e-08 
1.125 -8.53771e-05 -0.0171302 0.0025 0.250017 0.179517 1.79505 0.0199986 462 4 1 8.52674e-09 
1.135 -0.000235988 -0.0226771 0.0025 0.250033 0.179526 1.79509 0.0199974 463 3 1 -3.42936e-07 
1.145 -3.04118e-05 0.164093 0.0025 0.249902 0.179382 1.79472 0.0200078 464 4 1 -1.03454e-06 
1.15501 0.00395578 1.13341 0.0025 0.249354 0.178942 1.79314 0.0200518 465 5 1 5.25299e-06 
1.16505 0.00486239 -2.32727 0.0025 0.250745 0.180816 1.79727 0.0199406 466 4 1 5.92459e-05 
1.17495 -0.0493628 -15.4957 0.0025 0.26262 0.194098 1.83437 0.0190389 467 4 1 0.000208363 
1.18414 -0.208043 -29.8043 0.0025 0.294807 0.230156 1.93581 0.0169602 468 4 1 0.000247344 
1.19206 -0.406113 -25.742 0.0025 0.34285 0.285555 2.07578 0.0145836 469 4 1 0.000115168 
1.19884 -0.535572 -13.289 0.0025 0.387873 0.339771 2.19251 0.0128908 470 4 1 2.45902e-05 
1.20498 -0.60242 -7.4473 0.0025 0.418799 0.378833 2.26478 0.0119389 471 4 1 -2.9255e-06 
1.21079 -0.639956 -3.8244 0.0025 0.43774 0.403353 2.30629 0.0114223 472 4 1 -9.93305e-06 
1.21641 -0.657929 -1.79247 0.0025 0.448079 0.41698 2.32821 0.0111588 473 4 1 -7.96957e-06 
1.22195 -0.666442 -0.825363 0.0025 0.453117 0.423729 2.33875 0.0110347 474 4 1 -4.40376e-06 
1.22744 -0.67021 -0.355072 0.0025 0.455442 0.426873 2.34361 0.0109783 475 4 1 -2.19732e-06 
1.23293 -0.671836 -0.152424 0.0025 0.45645 0.428256 2.34577 0.0109541 476 4 1 -9.76093e-07 
1.2384 -0.672529 -0.0644617 0.0025 0.456874 0.42885 2.34674 0.0109439 477 4 1 -4.17431e-07 
1.24387 -0.672824 -0.027532 0.0025 0.457043 0.429103 2.3472 0.0109399 478 4 1 -1.68266e-07 
1.24934 -0.672952 -0.011965 0.0025 0.457102 0.42921 2.34746 0.0109385 479 4 1 -6.03338e-08 
1.25481 -0.673011 -0.00540406 0.0025 0.457112 0.429256 2.34765 0.0109382 480 3 1 -1.25351e-08 
1.26028 -0.673039 -0.00257882 0.0025 0.457099 0.429276 2.34782 0.0109385 481 4 1 1.0391e-08 
1.26575 -0.673055 -0.00130098 0.0025 0.457073 0.429285 2.34801 0.0109392 482 4 1 2.37562e-08 
1.27122 -0.673066 -0.00066009 0.0025 0.457036 0.42929 2.34822 0.0109401 483 4 1 3.41697e-08 
1.27669 -0.673074 -0.000285359 0.0025 0.456988 0.429292 2.34848 0.0109412 484 4 1 4.48927e-08 
1.28216 -0.673081 -2.85461e-05 0.0025 0.456929 0.429294 2.34879 0.0109426 485 4 1 5.79266e-08 
1.28763 -0.673086 0.000167199 0.0025 0.456856 0.429294 2.34917 0.0109444 486 4 1 7.48137e-08 
1.2931 -0.673092 0.000323466 0.0025 0.456764 0.429295 2.34963 0.0109466 487 4 1 9.75831e-08 
1.29858 -0.673097 0.000450239 0.0025 0.45665 0.429295 2.35022 0.0109493 488 4 1 1.30579e-07 
1.30405 -0.673102 0.000554798 0.0025 0.456505 0.429296 2.35095 0.0109528 489 4 1 1.77001e-07 
1.30953 -0.673107 0.000644336 0.0025 0.45632 0.429297 2.3519 0.0109572 490 4 1 2.46539e-07 
1.31501 -0.673113 0.000725979 0.0025 0.456078 0.4293 2.35315 0.010963 491 4 1 3.48929e-07 
1.32049 -0.673118 0.000806221 0.0025 0.455756 0.429305 2.3548 0.0109708 492 4 1 5.44209e-07 
1.32598 -0.673124 0.000890399 0.0025 0.45531 0.429315 2.3571 0.0109815 493 4 1 8.42763e-07 
1.33147 -0.673131 0.000982039 0.0025 0.454685 0.429339 2.36039 0.0109966 494 4 1 1.27138e-06 
1.33698 -0.673137 0.0010826 0.0025 0.453603 0.429278 2.36518 0.0110229 495 4 1 3.91259e-06 
1.3425 -0.673145 0.00119291 0.0025 0.452419 0.429604 2.37457 0.0110517 496 4 1 -3.01262e-06 
1.34803 -0.673152 0.00131366 0.0025 0.446986 0.42723 2.38018 0.011186 497 5 1 5.38049e-05 
1.35368 -0.673161 0.0014495 0.0025 0.45428 0.432891 2.44409 0.0110064 498 4 1 -0.000240408 
1.35904 -0.673169 0.00158984 0.0025 0.48276 0.424445 2.15541 0.0103571 499 4 1 0.000266068 
