# Time [s]: 0.20467
# Columns: pos [m], vel [m/s], acc [m/s^2], mass [kg], dens [kg/m^3], pres [Pa], ene [J/kg], sml [m], id, neighbor, alpha, gradh, ...additional?
1.36447 -0.673179 0.00175002 0.0025 0.510999 0.432665 2.15241 0.00978476 0 4 1 -0.000134227 
1.36925 -0.673188 0.00189962 0.0025 0.53685 0.426125 1.94996 0.00931359 1 4 1 0.000179242 
1.37379 -0.673197 0.00205556 0.0025 0.548174 0.430789 1.96841 0.00912119 2 3 1 -1.9059e-05 
1.37837 -0.673207 0.00222781 0.0025 0.545905 0.42912 1.96455 0.00915911 3 5 1 3.48628e-06 
1.38295 -0.673217 0.00241135 0.0025 0.546298 0.429269 1.96448 0.00915252 4 4 1 -1.39149e-07 
1.38752 -0.673229 0.00260179 0.0025 0.546303 0.429233 1.96424 0.00915243 5 4 1 1.43179e-07 
1.3921 -0.673241 0.00279735 0.0025 0.54632 0.429225 1.96417 0.00915215 6 4 1 -4.08936e-09 
1.39667 -0.673255 0.00299839 0.0025 0.546327 0.429215 1.9641 0.00915204 7 4 1 7.62506e-09 
1.40125 -0.67327 0.00320535 0.0025 0.546334 0.429207 1.96403 0.00915192 8 4 1 4.1254e-09 
1.40583 -0.673287 0.00342462 0.0025 0.546338 0.429198 1.96397 0.00915184 9 4 1 4.78057e-09 
1.4104 -0.673305 0.00368023 0.0025 0.546342 0.429189 1.96392 0.00915178 10 4 1 -3.05775e-09 
1.41498 -0.673326 0.00401134 0.0025 0.546344 0.429178 1.96387 0.00915175 11 4 1 3.69644e-09 
1.41955 -0.673348 0.00444613 0.0025 0.546344 0.429167 1.96381 0.00915174 12 3 1 1.54524e-09 
1.42413 -0.673372 0.00497899 0.0025 0.546342 0.429155 1.96376 0.00915177 13 4 1 1.99856e-09 
1.42871 -0.673398 0.00558423 0.0025 0.546338 0.429141 1.96372 0.00915185 14 4 1 3.21818e-10 
1.43328 -0.673426 0.00625015 0.0025 0.546331 0.429125 1.96367 0.00915195 15 4 1 -3.58267e-09 
1.43786 -0.673456 0.00698262 0.0025 0.546323 0.429108 1.96362 0.00915209 16 4 1 2.69439e-09 
1.44243 -0.67349 0.00777644 0.0025 0.546312 0.429089 1.96357 0.00915228 17 4 1 -9.22979e-10 
1.44701 -0.673527 0.00861882 0.0025 0.546298 0.429067 1.96352 0.00915251 18 4 1 -3.8055e-09 
1.45159 -0.673568 0.00954942 0.0025 0.546283 0.429043 1.96347 0.00915277 19 4 1 -2.59636e-10 
1.45616 -0.673614 0.0106912 0.0025 0.546264 0.429016 1.96341 0.00915309 20 4 1 -2.41618e-09 
1.46074 -0.673666 0.0121597 0.0025 0.546241 0.428986 1.96335 0.00915347 21 4 1 -3.22263e-09 
1.46532 -0.673723 0.0139047 0.0025 0.546214 0.428951 1.96329 0.00915392 22 4 1 -4.02465e-09 
1.46989 -0.673786 0.0156846 0.0025 0.546183 0.428912 1.96323 0.00915445 23 4 1 -5.44155e-09 
1.47447 -0.673857 0.0173135 0.0025 0.546147 0.428868 1.96315 0.00915505 24 4 1 -3.75023e-09 
1.47905 -0.673939 0.0190158 0.0025 0.546106 0.428819 1.96308 0.00915573 25 4 1 -5.08176e-09 
1.48363 -0.674034 0.0214072 0.0025 0.54606 0.428764 1.96299 0.00915651 26 4 1 -7.99518e-09 
1.4882 -0.674141 0.0248612 0.0025 0.546007 0.428703 1.9629 0.00915739 27 4 1 -8.73376e-09 
1.49278 -0.67426 0.0289289 0.0025 0.545945 0.428632 1.9628 0.00915843 28 4 1 -1.03032e-08 
1.49736 -0.674391 0.032748 0.0025 0.545874 0.42855 1.96268 0.00915962 29 4 1 -1.13598e-08 
-0.498057 -0.674541 0.0360252 0.0025 0.545794 0.428459 1.96255 0.00916097 30 4 1 -8.73814e-09 
-0.493476 -0.674713 0.0392692 0.0025 0.545705 0.428358 1.96241 0.00916246 31 4 1 -6.5382e-09 
-0.488894 -0.674907 0.0433128 0.0025 0.545608 0.42825 1.96226 0.00916408 32 4 1 -9.47596e-09 
-0.484312 -0.675116 0.0483658 0.0025 0.545504 0.428133 1.9621 0.00916583 33 4 1 -7.98547e-09 
-0.479728 -0.67533 0.0520111 0.0025 0.545394 0.428009 1.96193 0.00916769 34 4 1 3.05556e-09 
-0.475144 -0.675542 0.0506209 0.0025 0.545283 0.427887 1.96176 0.00916955 35 4 1 1.63698e-08 
-0.470559 -0.675745 0.0446317 0.0025 0.545186 0.427778 1.96161 0.00917118 36 4 1 2.55738e-08 
-0.465973 -0.675908 0.0350199 0.0025 0.54511 0.427694 1.96149 0.00917245 37 4 1 5.12802e-08 
-0.461386 -0.676046 0.0202533 0.0025 0.545076 0.427656 1.96143 0.00917303 38 5 1 9.26436e-08 
-0.4568 -0.675953 -0.034465 0.0025 0.545117 0.427698 1.96148 0.00917234 39 4 1 5.56007e-08 
-0.452214 -0.675864 0.00658088 0.0025 0.54521 0.427808 1.96161 0.00917079 40 4 1 3.30624e-07 
-0.447629 -0.675454 -0.231295 0.0025 0.545575 0.428231 1.96212 0.00916465 41 4 1 1.00019e-06 
-0.443049 -0.673365 -0.720222 0.0025 0.546702 0.429478 1.96374 0.00914574 42 4 1 1.33472e-06 
-0.438483 -0.66931 -1.1037 0.0025 0.548751 0.431722 1.96667 0.0091116 43 4 1 1.24908e-06 
-0.433938 -0.664046 -1.32283 0.0025 0.551526 0.434783 1.97064 0.00906575 44 4 1 1.54957e-06 
-0.429418 -0.657523 -1.73262 0.0025 0.555075 0.438723 1.97569 0.00900779 45 4 1 2.45907e-06 
-0.42493 -0.648764 -2.37699 0.0025 0.559768 0.443936 1.98235 0.00893227 46 4 1 3.31379e-06 
-0.420485 -0.637394 -3.01094 0.0025 0.565796 0.450639 1.99086 0.00883711 47 4 1 3.8177e-06 
-0.416092 -0.623778 -3.55101 0.0025 0.573038 0.45872 2.00102 0.00872543 48 4 1 3.88179e-06 
-0.411759 -0.6086 -3.86212 0.0025 0.581159 0.467828 2.01231 0.00860349 49 4 1 3.58418e-06 
-0.407488 -0.59285 -3.98997 0.0025 0.589741 0.477513 2.02415 0.00847829 50 4 1 3.2338e-06 
-0.40328 -0.577099 -4.02103 0.0025 0.598477 0.487431 2.03608 0.00835455 51 4 1 2.83579e-06 
-0.399133 -0.56164 -3.94704 0.0025 0.60714 0.497329 2.04782 0.00823533 52 4 1 2.43904e-06 
-0.395045 -0.546852 -3.82885 0.0025 0.615577 0.507026 2.05915 0.00812246 53 4 1 2.16323e-06 
-0.391011 -0.532668 -3.71436 0.0025 0.623738 0.516458 2.07002 0.00801619 54 4 1 1.95893e-06 
-0.387028 -0.519166 -3.59122 0.0025 0.631622 0.525622 2.08044 0.00791612 55 4 1 1.89328e-06 
-0.383094 -0.506202 -3.53536 0.0025 0.6393 0.534594 2.09051 0.00782106 56 4 1 2.03699e-06 
-0.379207 -0.49339 -3.58608 0.0025 0.646936 0.543561 2.10046 0.00772874 57 4 1 2.24175e-06 
-0.375365 -0.480553 -3.68835 0.0025 0.654688 0.552707 2.11048 0.00763722 58 4 1 2.49168e-06 
-0.371569 -0.467353 -3.87526 0.0025 0.662687 0.562188 2.12076 0.00754504 59 4 1 2.68038e-06 
-0.36782 -0.45375 -4.04413 0.0025 0.670997 0.57208 2.13135 0.0074516 60 4 1 2.76121e-06 
-0.364117 -0.439795 -4.20308 0.0025 0.679594 0.582365 2.14223 0.00735733 61 4 1 2.76518e-06 
-0.360462 -0.425604 -4.31027 0.0025 0.688421 0.592977 2.15331 0.007263 62 4 1 2.71602e-06 
-0.356854 -0.411336 -4.39363 0.0025 0.697403 0.603833 2.1645 0.00716945 63 4 1 2.67444e-06 
-0.353292 -0.397011 -4.46433 0.0025 0.706496 0.614879 2.17575 0.00707719 64 4 1 2.56848e-06 
-0.349776 -0.382798 -4.47804 0.0025 0.715633 0.626037 2.18695 0.00698682 65 4 1 2.45931e-06 
-0.346305 -0.368769 -4.4902 0.0025 0.724764 0.637248 2.19807 0.0068988 66 4 1 2.4365e-06 
-0.342877 -0.354835 -4.53343 0.0025 0.733901 0.648521 2.20911 0.00681291 67 4 1 2.34987e-06 
-0.339492 -0.34108 -4.51996 0.0025 0.743023 0.659832 2.22005 0.00672926 68 4 1 2.28784e-06 
-0.336148 -0.327494 -4.55104 0.0025 0.75212 0.671167 2.23088 0.00664788 69 4 1 2.20757e-06 
-0.332844 -0.314105 -4.52254 0.0025 0.761179 0.68251 2.24158 0.00656876 70 4 1 2.15299e-06 
-0.329579 -0.300899 -4.55061 0.0025 0.7702 0.693861 2.25217 0.00649182 71 4 1 2.14631e-06 
-0.326352 -0.287817 -4.56942 0.0025 0.779215 0.705256 2.26267 0.00641671 72 4 1 2.06625e-06 
-0.323162 -0.274891 -4.56358 0.0025 0.788202 0.716668 2.27307 0.00634355 73 4 1 2.01032e-06 
-0.320008 -0.262137 -4.57374 0.0025 0.797155 0.728088 2.28336 0.00627231 74 4 1 1.94584e-06 
-0.316889 -0.249566 -4.557 0.0025 0.806065 0.739506 2.29353 0.00620297 75 4 1 1.91021e-06 
-0.313805 -0.237148 -4.57676 0.0025 0.814942 0.750932 2.3036 0.00613541 76 4 1 1.90373e-06 
-0.310754 -0.22484 -4.59822 0.0025 0.823812 0.762399 2.31359 0.00606934 77 4 1 1.85455e-06 
-0.307735 -0.212674 -4.60566 0.0025 0.832668 0.773896 2.32351 0.00600479 78 4 1 1.7952e-06 
-0.304749 -0.200654 -4.6061 0.0025 0.841493 0.7854 2.33333 0.00594182 79 4 1 1.70223e-06 
-0.301793 -0.188847 -4.56471 0.0025 0.850254 0.79687 2.34301 0.0058806 80 4 1 1.68281e-06 
-0.298868 -0.177138 -4.59063 0.0025 0.858969 0.80833 2.35258 0.00582093 81 4 1 1.69006e-06 
-0.295972 -0.165559 -4.60416 0.0025 0.867678 0.819826 2.36209 0.00576251 82 4 1 1.67515e-06 
-0.293105 -0.15406 -4.64106 0.0025 0.876388 0.831368 2.37155 0.00570524 83 4 1 1.58737e-06 
-0.290267 -0.142663 -4.59854 0.0025 0.88506 0.842905 2.38091 0.00564934 84 4 1 1.51328e-06 
-0.287456 -0.13149 -4.59537 0.0025 0.893663 0.854397 2.39013 0.00559495 85 4 1 1.46996e-06 
-0.284672 -0.120512 -4.55531 0.0025 0.902201 0.865846 2.39924 0.005542 86 4 1 1.4359e-06 
-0.281914 -0.109633 -4.55924 0.0025 0.910685 0.877269 2.40823 0.00549037 87 4 1 1.52822e-06 
-0.279181 -0.0988646 -4.65372 0.0025 0.919204 0.888778 2.41722 0.00543949 88 4 1 1.47873e-06 
-0.276474 -0.0879958 -4.63873 0.0025 0.927737 0.900347 2.42617 0.00538946 89 4 1 1.33824e-06 
-0.273792 -0.0774483 -4.59103 0.0025 0.936185 0.911836 2.43499 0.00534083 90 4 1 1.05986e-06 
-0.271133 -0.0671715 -4.32075 0.0025 0.944395 0.923051 2.44349 0.0052944 91 4 1 1.21161e-06 
-0.268497 -0.0574584 -4.53085 0.0025 0.952518 0.934212 2.45187 0.00524925 92 4 1 1.80244e-06 
-0.265884 -0.0466763 -5.00226 0.0025 0.960989 0.945829 2.46061 0.00520297 93 4 1 5.02419e-07 
-0.263294 -0.0368803 -3.69643 0.0025 0.968908 0.956728 2.46867 0.00516045 94 4 1 2.13186e-07 
-0.260723 -0.0290582 -3.79314 0.0025 0.976097 0.966773 2.47592 0.00512244 95 4 1 2.88591e-06 
-0.258172 -0.0186172 -5.96283 0.0025 0.984632 0.978642 2.48462 0.00507804 96 4 1 2.31723e-06 
-0.255645 -0.00610961 -5.36105 0.0025 0.993934 0.991441 2.49409 0.00503052 97 4 1 -2.51586e-06 
-0.253141 0.00131983 -1.40604 0.0025 1.0002 1.00015 2.50028 0.00499902 98 4 1 -2.39061e-06 
-0.250646 0.00332455 -1.08051 0.0025 1.00371 1.00531 2.50362 0.00498151 99 4 1 4.02218e-06 
-0.24816 0.0107306 -6.26026 0.0025 1.01021 1.01453 2.51019 0.00494946 100 4 1 4.90509e-06 
-0.245697 0.0250335 -6.68179 0.0025 1.0201 1.02817 2.52018 0.00490146 101 4 1 -3.23252e-06 
-0.243258 0.0326738 -1.06833 0.0025 1.02638 1.03691 2.52633 0.00487149 102 4 1 -4.83045e-06 
-0.240825 0.0325529 0.667069 0.0025 1.02709 1.03805 2.52693 0.00486815 103 3 1 -1.55471e-06 
-0.23839 0.030725 1.0393 0.0025 1.02566 1.0361 2.52551 0.00487492 104 4 1 -3.34579e-07 
-0.23595 0.0284965 1.11684 0.0025 1.02373 1.03339 2.52361 0.00488409 105 4 1 -1.32763e-07 
-0.233506 0.026041 1.22356 0.0025 1.02156 1.03032 2.52146 0.00489447 106 4 1 -1.2167e-07 
-0.231056 0.0232998 1.36882 0.0025 1.01915 1.02692 2.51908 0.00490605 107 4 1 -8.46849e-08 
-0.2286 0.0202642 1.50712 0.0025 1.01653 1.02322 2.51647 0.00491871 108 4 1 2.07862e-08 
-0.226137 0.0170357 1.57996 0.0025 1.01379 1.01937 2.51375 0.004932 109 4 1 1.63626e-07 
-0.223668 0.0137962 1.55531 0.0025 1.01109 1.01558 2.51106 0.00494516 110 4 1 2.95929e-07 
-0.221192 0.0107465 1.43383 0.0025 1.00859 1.01206 2.50857 0.00495743 111 4 1 3.82246e-07 
-0.21871 0.00805015 1.24126 0.0025 1.0064 1.00899 2.50639 0.00496819 112 4 1 4.11071e-07 
-0.216224 0.00580296 1.01378 0.0025 1.0046 1.00646 2.50459 0.00497712 113 4 1 3.90835e-07 
-0.213733 0.00402929 0.785123 0.0025 1.00318 1.00447 2.50317 0.00498414 114 4 1 3.3935e-07 
-0.211239 0.00269745 0.579222 0.0025 1.00213 1.00299 2.50212 0.0049894 115 4 1 2.74528e-07 
-0.208744 0.00174229 0.4086 0.0025 1.00137 1.00193 2.50136 0.00499316 116 4 1 2.09619e-07 
-0.206246 0.001086 0.276376 0.0025 1.00085 1.0012 2.50085 0.00499574 117 4 1 1.52323e-07 
-0.203748 0.00065306 0.179562 0.0025 1.00051 1.00072 2.50051 0.00499744 118 4 1 1.05872e-07 
-0.201249 0.00037853 0.112147 0.0025 1.0003 1.00042 2.5003 0.00499852 119 4 1 7.05791e-08 
-0.198749 0.000211145 0.0673232 0.0025 1.00017 1.00023 2.50016 0.00499917 120 4 1 4.51812e-08 
-0.19625 0.000113075 0.0388062 0.0025 1.00009 1.00013 2.50009 0.00499956 121 4 1 2.77725e-08 
-0.19375 5.7942e-05 0.0214358 0.0025 1.00005 1.00006 2.50005 0.00499977 122 4 1 1.63762e-08 
-0.19125 2.82766e-05 0.0113121 0.0025 1.00002 1.00003 2.50002 0.00499989 123 4 1 9.24539e-09 
-0.18875 1.30555e-05 0.00567755 0.0025 1.00001 1.00001 2.50001 0.00499995 124 4 1 4.98274e-09 
-0.18625 5.64805e-06 0.00269242 0.0025 1 1.00001 2.5 0.00499998 125 4 1 2.55264e-09 
-0.18375 2.25572e-06 0.00119464 0.0025 1 1 2.5 0.00499999 126 4 1 1.23537e-09 
-0.18125 8.11244e-07 0.000488268 0.0025 1 1 2.5 0.005 127 4 1 5.59633e-10 
-0.17875 2.50533e-07 0.000178824 0.0025 1 1 2.5 0.005 128 4 1 2.33874e-10 
-0.17625 5.9273e-08 5.56278e-05 0.0025 1 1 2.5 0.005 129 4 1 8.76245e-11 
-0.17375 6.52776e-09 1.24918e-05 0.0025 1 1 2.5 0.005 130 4 1 2.88802e-11 
-0.17125 -1.78193e-09 -8.77093e-07 0.0025 1 1 2.5 0.005 131 5 1 6.76456e-12 
-0.16875 1.56693e-09 -1.38261e-06 0.0025 1 1 2.5 0.005 132 4 1 -7.86524e-13 
-0.16625 2.15899e-09 1.3404e-07 0.0025 1 1 2.5 0.005 133 3 1 -7.69334e-13 
-0.16375 1.52116e-09 3.88416e-07 0.0025 1 1 2.5 0.005 134 4 1 -2.11411e-14 
-0.16125 8.34776e-10 3.11075e-07 0.0025 1 1 2.5 0.005 135 4 1 1.47398e-13 
-0.15875 3.83611e-10 1.81538e-07 0.0025 1 1 2.5 0.005 136 4 1 1.34069e-13 
-0.15625 1.48701e-10 8.64268e-08 0.0025 1 1 2.5 0.005 137 4 1 8.21505e-14 
-0.15375 4.67635e-11 3.42475e-08 0.0025 1 1 2.5 0.005 138 4 1 4.04732e-14 
-0.15125 1.0381e-11 1.07488e-08 0.0025 1 1 2.5 0.005 139 4 1 1.64135e-14 
-0.14875 5.81615e-13 2.30511e-09 0.0025 1 1 2.5 0.005 140 4 1 5.48432e-15 
-0.14625 -4.28933e-13 -5.51609e-10 0.0025 1 1 2.5 0.005 141 5 1 1.08322e-15 
-0.14375 3.42076e-13 -1.95939e-10 0.0025 1 1 2.5 0.005 142 4 1 -2.89546e-16 
-0.14125 3.6238e-13 3.76303e-11 0.0025 1 1 2.5 0.005 143 3 1 -1.08002e-16 
-0.13875 2.31158e-13 9.25979e-11 0.0025 1 1 2.5 0.005 144 4 1 7.4607e-18 
-0.13625 1.01298e-13 5.00222e-11 0.0025 1 1 2.5 0.005 145 4 1 3.44613e-17 
-0.13375 2.90424e-14 2.05773e-11 0.0025 1 1 2.5 0.005 146 4 1 2.20268e-17 
-0.13125 3.69153e-15 1.17097e-11 0.0025 1 1 2.5 0.005 147 4 1 1.66978e-17 
-0.12875 -1.07952e-15 -1.47793e-12 0.0025 1 1 2.5 0.005 148 5 1 7.10543e-19 
-0.12625 -5.22367e-17 -1.7053e-13 0.0025 1 1 2.5 0.005 149 5 1 -1.42109e-18 
-0.12375 -1.03019e-47 -3.36312e-44 0.0025 1 1 2.5 0.005 150 5 1 -1.42109e-18 
-0.12125 0 0 0.0025 1 1 2.5 0.005 151 5 1 -1.42109e-18 
-0.11875 0 0 0.0025 1 1 2.5 0.005 152 5 1 -1.42109e-18 
-0.11625 0 0 0.0025 1 1 2.5 0.005 153 5 1 -1.42109e-18 
-0.11375 0 0 0.0025 1 1 2.5 0.005 154 5 1 -1.42109e-18 
-0.11125 0 0 0.0025 1 1 2.5 0.005 155 5 1 -1.42109e-18 
-0.10875 0 0 0.0025 1 1 2.5 0.005 156 5 1 -1.42109e-18 
-0.10625 -2.78132e-46 -3.36312e-44 0.0025 1 1 2.5 0.005 157 5 1 -1.42109e-18 
-0.10375 -1.39307e-16 -3.36312e-44 0.0025 1 1 2.5 0.005 158 5 1 -1.42109e-18 
-0.10125 -2.78626e-16 0 0.0025 1 1 2.5 0.005 159 5 1 -1.42109e-18 
-0.09875 -4.18258e-16 0 0.0025 1 1 2.5 0.005 160 5 1 -1.42109e-18 
-0.09625 -5.57604e-16 0 0.0025 1 1 2.5 0.005 161 5 1 -1.42109e-18 
-0.09375 -6.969e-16 0 0.0025 1 1 2.5 0.005 162 5 1 -1.42109e-18 
-0.09125 -8.36083e-16 0 0.0025 1 1 2.5 0.005 163 5 1 -1.42109e-18 
-0.08875 -1.07971e-15 -1.13687e-13 0.0025 1 1 2.5 0.005 164 5 1 -1.42109e-18 
-0.08625 -1.28807e-15 1.13687e-13 0.0025 1 1 2.5 0.005 165 5 1 -1.77636e-18 
-0.08375 -1.75733e-15 -5.68434e-14 0.0025 1 1 2.5 0.005 166 5 1 -7.10543e-19 
-0.08125 2.0628e-15 -3.36312e-43 0.0025 1 1 2.5 0.005 167 5 1 -3.55271e-18 
-0.07875 -2.84903e-16 -2.84217e-13 0.0025 1 1 2.5 0.005 168 5 1 6.03961e-18 
-0.07625 -6.34927e-16 -2.84217e-13 0.0025 1 1 2.5 0.005 169 5 1 -1.35003e-17 
-0.07375 -3.42672e-15 1.13687e-13 0.0025 1 1 2.5 0.005 170 5 1 1.35003e-17 
-0.07125 -1.55782e-15 4.54747e-13 0.0025 1 1 2.5 0.005 171 5 1 -2.30926e-17 
-0.06875 -3.68153e-15 6.25278e-13 0.0025 1 1 2.5 0.005 172 5 1 2.27374e-17 
-0.06625 1.0575e-15 -7.95808e-13 0.0025 1 1 2.5 0.005 173 5 1 -2.41585e-17 
-0.06375 -1.38043e-15 -5.68434e-14 0.0025 1 1 2.5 0.005 174 4 1 6.39488e-18 
-0.06125 -4.23474e-15 4.54747e-13 0.0025 1 1 2.5 0.005 175 3 1 1.77636e-17 
-0.05875 4.14896e-15 9.09495e-13 0.0025 1 1 2.5 0.005 176 4 1 -1.74083e-17 
-0.05625 -1.28949e-15 -4.54747e-13 0.0025 1 1 2.5 0.005 177 5 1 9.9476e-18 
-0.05375 -1.82554e-15 -3.41061e-13 0.0025 1 1 2.5 0.005 178 4 1 -7.81597e-18 
-0.05125 1.77019e-15 1.7053e-13 0.0025 1 1 2.5 0.005 179 5 1 7.10543e-19 
-0.04875 1.20945e-15 5.68434e-14 0.0025 1 1 2.5 0.005 180 5 1 -4.26326e-18 
-0.04625 1.25065e-15 -6.72623e-44 0.0025 1 1 2.5 0.005 181 5 1 2.46519e-33 
-0.04375 1.93201e-16 4.48416e-44 0.0025 1 1 2.5 0.005 182 5 1 -2.13163e-18 
-0.04125 -4.06818e-16 -1.79366e-43 0.0025 1 1 2.5 0.005 183 5 1 -3.19744e-18 
-0.03875 -3.39606e-15 -5.68434e-14 0.0025 1 1 2.5 0.005 184 5 1 4.26326e-18 
-0.03625 -2.33959e-15 3.41061e-13 0.0025 1 1 2.5 0.005 185 5 1 -1.38556e-17 
-0.03375 -3.85365e-15 2.27374e-13 0.0025 1 1 2.5 0.005 186 4 1 -7.4607e-18 
-0.03125 6.50689e-16 -2.84217e-13 0.0025 1 1 2.5 0.005 187 3 1 4.47642e-17 
-0.02875 -1.44494e-15 -1.7053e-13 0.0025 1 1 2.5 0.005 188 4 1 -3.58824e-17 
-0.02625 -1.61796e-15 -1.7053e-13 0.0025 1 1 2.5 0.005 189 5 1 9.59233e-18 
-0.02375 -2.23768e-15 -1.93271e-27 0.0025 1 1 2.5 0.005 190 3 1 -2.4869e-18 
-0.02125 -2.30589e-16 1.13687e-13 0.0025 1 1 2.5 0.005 191 4 1 4.26326e-18 
-0.01875 -2.76347e-16 -1.13687e-13 0.0025 1 1 2.5 0.005 192 5 1 -5.32907e-18 
-0.01625 -2.07581e-15 -1.13687e-13 0.0025 1 1 2.5 0.005 193 4 1 3.55271e-19 
-0.01375 -1.44446e-15 -1.13687e-13 0.0025 1 1 2.5 0.005 194 3 1 4.26326e-18 
-0.01125 -1.27163e-15 7.95808e-13 0.0025 1 1 2.5 0.005 195 5 1 -1.42109e-18 
-0.00875 -1.45438e-15 -1.02318e-12 0.0025 1 1 2.5 0.005 196 5 1 5.00742e-33 
-0.00625 -5.68606e-16 6.82121e-13 0.0025 1 1 2.5 0.005 197 3 1 7.10543e-19 
-0.00375 -1.05655e-15 1.7053e-13 0.0025 1 1 2.5 0.005 198 4 1 1.10934e-32 
-0.00125 -2.80418e-16 -2.27374e-13 0.0025 1 1 2.5 0.005 199 5 1 -1.42109e-18 
0.00125 -5.30147e-16 3.41061e-13 0.0025 1 1 2.5 0.005 200 5 1 -1.42109e-18 
0.00375 -4.19411e-16 -3.41061e-13 0.0025 1 1 2.5 0.005 201 4 1 1.42109e-18 
0.00625 -1.41076e-16 -2.27374e-13 0.0025 1 1 2.5 0.005 202 5 1 5.00742e-33 
0.00875 -1.16177e-15 -4.93038e-29 0.0025 1 1 2.5 0.005 203 3 1 0 
0.01125 3.28534e-16 1.13687e-13 0.0025 1 1 2.5 0.005 204 4 1 2.13163e-18 
0.01375 -3.31946e-16 -1.13687e-13 0.0025 1 1 2.5 0.005 205 5 1 -4.26326e-18 
0.01625 -1.20132e-15 -5.68434e-14 0.0025 1 1 2.5 0.005 206 4 1 2.4869e-18 
0.01875 -8.54432e-17 5.68434e-14 0.0025 1 1 2.5 0.005 207 4 1 -5.32907e-18 
0.02125 -7.25237e-16 5.68434e-14 0.0025 1 1 2.5 0.005 208 3 1 6.75016e-18 
0.02375 7.02288e-17 -5.68434e-14 0.0025 1 1 2.5 0.005 209 3 1 1.06581e-18 
0.02625 1.39625e-15 2.27374e-13 0.0025 1 1 2.5 0.005 210 4 1 -2.13163e-18 
0.02875 5.52799e-16 1.13687e-13 0.0025 1 1 2.5 0.005 211 4 1 -4.26326e-18 
0.03125 3.32129e-15 3.41061e-13 0.0025 1 1 2.5 0.005 212 3 1 2.84217e-18 
0.03375 2.61979e-15 1.73549e-27 0.0025 1 1 2.5 0.005 213 4 1 1.10134e-17 
0.03625 1.66389e-15 4.73317e-28 0.0025 1 1 2.5 0.005 214 5 1 -1.91847e-17 
0.03875 6.34339e-16 3.9443e-29 0.0025 1 1 2.5 0.005 215 4 1 1.81188e-17 
0.04125 8.43405e-16 1.45939e-27 0.0025 1 1 2.5 0.005 216 4 1 -1.35003e-17 
0.04375 3.04979e-16 -5.68434e-14 0.0025 1 1 2.5 0.005 217 4 1 -3.90799e-18 
0.04625 4.49621e-15 5.68434e-14 0.0025 1 1 2.5 0.005 218 4 1 6.03961e-18 
0.04875 1.81149e-15 5.68434e-14 0.0025 1 1 2.5 0.005 219 5 1 -2.84217e-18 
0.05125 4.59606e-15 -1.7053e-13 0.0025 1 1 2.5 0.005 220 5 1 -1.42109e-18 
0.05375 4.24252e-15 -1.13687e-13 0.0025 1 1 2.5 0.005 221 4 1 -1.42109e-18 
0.05625 4.63365e-15 3.41061e-13 0.0025 1 1 2.5 0.005 222 5 1 1.81188e-17 
0.05875 -2.96213e-16 -7.95808e-13 0.0025 1 1 2.5 0.005 223 5 1 -5.50671e-17 
0.06125 5.27851e-15 1.25056e-12 0.0025 1 1 2.5 0.005 224 3 1 4.29878e-17 
0.06375 5.74487e-15 -5.68434e-13 0.0025 1 1 2.5 0.005 225 3 1 1.10134e-17 
0.06625 1.77041e-15 1.49193e-26 0.0025 1 1 2.5 0.005 226 5 1 -2.8777e-17 
0.06875 7.02117e-15 -1.13687e-13 0.0025 1 1 2.5 0.005 227 5 1 1.95399e-17 
0.07125 3.62223e-15 -1.13687e-13 0.0025 1 1 2.5 0.005 228 5 1 -1.66978e-17 
0.07375 4.7376e-15 -8.96831e-44 0.0025 1 1 2.5 0.005 229 5 1 9.59233e-18 
0.07625 4.52885e-15 6.72623e-44 0.0025 1 1 2.5 0.005 230 5 1 -1.35003e-17 
0.07875 5.616e-15 1.13687e-13 0.0025 1 1 2.5 0.005 231 5 1 8.88178e-18 
0.08125 4.77888e-15 -5.68434e-14 0.0025 1 1 2.5 0.005 232 5 1 -1.03029e-17 
0.08375 4.30536e-15 -1.79366e-43 0.0025 1 1 2.5 0.005 233 5 1 4.61853e-18 
0.08625 1.79195e-15 1.7053e-13 0.0025 1 1 2.5 0.005 234 5 1 -3.90799e-18 
0.08875 1.11987e-15 5.68434e-14 0.0025 1 1 2.5 0.005 235 5 1 -3.55271e-19 
0.09125 1.44804e-15 -1.12104e-44 0.0025 1 1 2.5 0.005 236 5 1 -5.32907e-18 
0.09375 1.45123e-15 -5.68434e-14 0.0025 1 1 2.5 0.005 237 5 1 1.42109e-18 
0.09625 1.4668e-15 3.41061e-13 0.0025 1 1 2.5 0.005 238 5 1 -4.9738e-18 
0.09875 6.17091e-16 5.68434e-13 0.0025 1 1 2.5 0.005 239 5 1 6.03961e-18 
0.10125 1.01107e-15 -4.88853e-12 0.0025 1 1 2.5 0.005 240 3 1 -3.90799e-18 
0.10375 1.03328e-14 1.64846e-12 0.0025 1 1 2.5 0.005 241 3 1 1.06581e-18 
0.10625 3.68335e-15 1.42109e-12 0.0025 1 1 2.5 0.005 242 5 1 -1.24345e-17 
0.10875 -3.71386e-17 9.66338e-13 0.0025 1 1 2.5 0.005 243 5 1 1.38556e-17 
0.11125 2.13035e-15 -1.7053e-13 0.0025 1 1 2.5 0.005 244 5 1 -1.7053e-17 
0.11375 -3.74738e-16 1.68156e-43 0.0025 1 1 2.5 0.005 245 5 1 1.81188e-17 
0.11625 4.10098e-15 -2.57839e-43 0.0025 1 1 2.5 0.005 246 5 1 -2.45137e-17 
0.11875 2.39007e-15 5.68434e-14 0.0025 1 1 2.5 0.005 247 5 1 2.30926e-17 
0.12125 2.18707e-15 -7.10961e-27 0.0025 1 1 2.5 0.005 248 5 1 -2.94875e-17 
0.12375 5.30179e-16 -7.14905e-27 0.0025 1 1 2.5 0.005 249 3 1 1.49214e-17 
0.12625 5.73072e-15 2.84217e-13 0.0025 1 1 2.5 0.005 250 3 1 1.38556e-17 
0.12875 3.48052e-15 4.54747e-13 0.0025 1 1 2.5 0.005 251 5 1 -2.45137e-17 
0.13125 3.0745e-15 -2.67164e-12 0.0025 1 1 2.5 0.005 252 5 1 3.48166e-17 
0.13375 -2.96865e-14 -3.49587e-11 0.0025 1 1 2.5 0.005 253 4 1 2.13163e-18 
0.13625 -9.30758e-14 -4.13252e-11 0.0025 1 1 2.5 0.005 254 4 1 6.03961e-17 
0.13875 -2.20103e-13 -9.41895e-11 0.0025 1 1 2.5 0.005 255 4 1 -8.88178e-18 
0.14125 -3.61827e-13 -2.79101e-11 0.0025 1 1 2.5 0.005 256 3 1 -1.12621e-16 
0.14375 -3.2794e-13 1.84627e-10 0.0025 1 1 2.5 0.005 257 4 1 -2.77822e-16 
0.14625 4.32792e-13 5.5627e-10 0.0025 1 1 2.5 0.005 258 5 1 1.08464e-15 
0.14875 -5.93817e-13 -2.31194e-09 0.0025 1 1 2.5 0.005 259 4 1 5.47651e-15 
0.15125 -1.0373e-11 -1.07473e-08 0.0025 1 1 2.5 0.005 260 4 1 1.64089e-14 
0.15375 -4.67744e-11 -3.42457e-08 0.0025 1 1 2.5 0.005 261 4 1 4.04746e-14 
0.15625 -1.48692e-10 -8.64227e-08 0.0025 1 1 2.5 0.005 262 4 1 8.21576e-14 
0.15875 -3.83606e-10 -1.81543e-07 0.0025 1 1 2.5 0.005 263 4 1 1.34083e-13 
0.16125 -8.34773e-10 -3.11079e-07 0.0025 1 1 2.5 0.005 264 4 1 1.47394e-13 
0.16375 -1.52116e-09 -3.88413e-07 0.0025 1 1 2.5 0.005 265 4 1 -2.11681e-14 
0.16625 -2.15899e-09 -1.34037e-07 0.0025 1 1 2.5 0.005 266 3 1 -7.69321e-13 
0.16875 -1.56693e-09 1.38261e-06 0.0025 1 1 2.5 0.005 267 4 1 -7.8652e-13 
0.17125 1.78193e-09 8.77086e-07 0.0025 1 1 2.5 0.005 268 5 1 6.76457e-12 
0.17375 -6.52776e-09 -1.24918e-05 0.0025 1 1 2.5 0.005 269 4 1 2.88802e-11 
0.17625 -5.9273e-08 -5.56277e-05 0.0025 1 1 2.5 0.005 270 4 1 8.76245e-11 
0.17875 -2.50533e-07 -0.000178824 0.0025 1 1 2.5 0.005 271 4 1 2.33874e-10 
0.18125 -8.11244e-07 -0.000488268 0.0025 1 1 2.5 0.005 272 4 1 5.59633e-10 
0.18375 -2.25572e-06 -0.00119464 0.0025 1 1 2.5 0.00499999 273 4 1 1.23537e-09 
0.18625 -5.64805e-06 -0.00269242 0.0025 1 1.00001 2.5 0.00499998 274 4 1 2.55264e-09 
0.18875 -1.30555e-05 -0.00567755 0.0025 1.00001 1.00001 2.50001 0.00499995 275 4 1 4.98274e-09 
0.19125 -2.82766e-05 -0.0113121 0.0025 1.00002 1.00003 2.50002 0.00499989 276 4 1 9.24539e-09 
0.19375 -5.7942e-05 -0.0214358 0.0025 1.00005 1.00006 2.50005 0.00499977 277 4 1 1.63762e-08 
0.19625 -0.000113075 -0.0388062 0.0025 1.00009 1.00013 2.50009 0.00499956 278 4 1 2.77725e-08 
0.198749 -0.000211145 -0.0673232 0.0025 1.00017 1.00023 2.50016 0.00499917 279 4 1 4.51812e-08 
0.201249 -0.00037853 -0.112147 0.0025 1.0003 1.00042 2.5003 0.00499852 280 4 1 7.05791e-08 
0.203748 -0.00065306 -0.179562 0.0025 1.00051 1.00072 2.50051 0.00499744 281 4 1 1.05872e-07 
0.206246 -0.001086 -0.276376 0.0025 1.00085 1.0012 2.50085 0.00499574 282 4 1 1.52323e-07 
0.208744 -0.00174229 -0.4086 0.0025 1.00137 1.00193 2.50136 0.00499316 283 4 1 2.09619e-07 
0.211239 -0.00269745 -0.579222 0.0025 1.00213 1.00299 2.50212 0.0049894 284 4 1 2.74528e-07 
0.213733 -0.00402929 -0.785123 0.0025 1.00318 1.00447 2.50317 0.00498414 285 4 1 3.3935e-07 
0.216224 -0.00580296 -1.01378 0.0025 1.0046 1.00646 2.50459 0.00497712 286 4 1 3.90835e-07 
0.21871 -0.00805015 -1.24126 0.0025 1.0064 1.00899 2.50639 0.00496819 287 4 1 4.11071e-07 
0.221192 -0.0107465 -1.43383 0.0025 1.00859 1.01206 2.50857 0.00495743 288 4 1 3.82246e-07 
0.223668 -0.0137962 -1.55531 0.0025 1.01109 1.01558 2.51106 0.00494516 289 4 1 2.95929e-07 
0.226137 -0.0170357 -1.57996 0.0025 1.01379 1.01937 2.51375 0.004932 290 4 1 1.63626e-07 
0.2286 -0.0202642 -1.50712 0.0025 1.01653 1.02322 2.51647 0.00491871 291 4 1 2.07862e-08 
0.231056 -0.0232998 -1.36882 0.0025 1.01915 1.02692 2.51908 0.00490605 292 4 1 -8.46849e-08 
0.233506 -0.026041 -1.22356 0.0025 1.02156 1.03032 2.52146 0.00489447 293 4 1 -1.2167e-07 
0.23595 -0.0284965 -1.11684 0.0025 1.02373 1.03339 2.52361 0.00488409 294 4 1 -1.32763e-07 
0.23839 -0.030725 -1.0393 0.0025 1.02566 1.0361 2.52551 0.00487492 295 4 1 -3.34579e-07 
0.240825 -0.0325529 -0.667069 0.0025 1.02709 1.03805 2.52693 0.00486815 296 3 1 -1.55471e-06 
0.243258 -0.0326738 1.06833 0.0025 1.02638 1.03691 2.52633 0.00487149 297 4 1 -4.83045e-06 
0.245697 -0.0250335 6.68179 0.0025 1.0201 1.02817 2.52018 0.00490146 298 4 1 -3.23252e-06 
0.24816 -0.0107306 6.26026 0.0025 1.01021 1.01453 2.51019 0.00494946 299 4 1 4.90509e-06 
0.250646 -0.00332455 1.08051 0.0025 1.00371 1.00531 2.50362 0.00498151 300 4 1 4.02218e-06 
0.253141 -0.00131983 1.40604 0.0025 1.0002 1.00015 2.50028 0.00499902 301 4 1 -2.39061e-06 
0.255645 0.00610961 5.36105 0.0025 0.993934 0.991441 2.49409 0.00503052 302 4 1 -2.51586e-06 
0.258172 0.0186172 5.96283 0.0025 0.984632 0.978642 2.48462 0.00507804 303 4 1 2.31723e-06 
0.260723 0.0290582 3.79314 0.0025 0.976097 0.966773 2.47592 0.00512244 304 4 1 2.88591e-06 
0.263294 0.0368803 3.69643 0.0025 0.968908 0.956728 2.46867 0.00516045 305 4 1 2.13186e-07 
0.265884 0.0466763 5.00226 0.0025 0.960989 0.945829 2.46061 0.00520297 306 4 1 5.02419e-07 
0.268497 0.0574584 4.53085 0.0025 0.952518 0.934212 2.45187 0.00524925 307 4 1 1.80244e-06 
0.271133 0.0671715 4.32075 0.0025 0.944395 0.923051 2.44349 0.0052944 308 4 1 1.21161e-06 
0.273792 0.0774483 4.59103 0.0025 0.936185 0.911836 2.43499 0.00534083 309 4 1 1.05986e-06 
0.276474 0.0879958 4.63873 0.0025 0.927737 0.900347 2.42617 0.00538946 310 4 1 1.33824e-06 
0.279181 0.0988646 4.65372 0.0025 0.919204 0.888778 2.41722 0.00543949 311 4 1 1.47873e-06 
0.281914 0.109633 4.55924 0.0025 0.910685 0.877269 2.40823 0.00549037 312 4 1 1.52822e-06 
0.284672 0.120512 4.55531 0.0025 0.902201 0.865846 2.39924 0.005542 313 4 1 1.4359e-06 
0.287456 0.13149 4.59537 0.0025 0.893663 0.854397 2.39013 0.00559495 314 4 1 1.46996e-06 
0.290267 0.142663 4.59854 0.0025 0.88506 0.842905 2.38091 0.00564934 315 4 1 1.51328e-06 
0.293105 0.15406 4.64106 0.0025 0.876388 0.831368 2.37155 0.00570524 316 4 1 1.58737e-06 
0.295972 0.165559 4.60416 0.0025 0.867678 0.819826 2.36209 0.00576251 317 4 1 1.67515e-06 
0.298868 0.177138 4.59063 0.0025 0.858969 0.80833 2.35258 0.00582093 318 4 1 1.69006e-06 
0.301793 0.188847 4.56471 0.0025 0.850254 0.79687 2.34301 0.0058806 319 4 1 1.68281e-06 
0.304749 0.200654 4.6061 0.0025 0.841493 0.7854 2.33333 0.00594182 320 4 1 1.70223e-06 
0.307735 0.212674 4.60566 0.0025 0.832668 0.773896 2.32351 0.00600479 321 4 1 1.7952e-06 
0.310754 0.22484 4.59822 0.0025 0.823812 0.762399 2.31359 0.00606934 322 4 1 1.85455e-06 
0.313805 0.237148 4.57676 0.0025 0.814942 0.750932 2.3036 0.00613541 323 4 1 1.90373e-06 
0.316889 0.249566 4.557 0.0025 0.806065 0.739506 2.29353 0.00620297 324 4 1 1.91021e-06 
0.320008 0.262137 4.57374 0.0025 0.797155 0.728088 2.28336 0.00627231 325 4 1 1.94584e-06 
0.323162 0.274891 4.56358 0.0025 0.788202 0.716668 2.27307 0.00634355 326 4 1 2.01032e-06 
0.326352 0.287817 4.56942 0.0025 0.779215 0.705256 2.26267 0.00641671 327 4 1 2.06625e-06 
0.329579 0.300899 4.55061 0.0025 0.7702 0.693861 2.25217 0.00649182 328 4 1 2.14631e-06 
0.332844 0.314105 4.52254 0.0025 0.761179 0.68251 2.24158 0.00656876 329 4 1 2.15299e-06 
0.336148 0.327494 4.55104 0.0025 0.75212 0.671167 2.23088 0.00664788 330 4 1 2.20757e-06 
0.339492 0.34108 4.51996 0.0025 0.743023 0.659832 2.22005 0.00672926 331 4 1 2.28784e-06 
0.342877 0.354835 4.53343 0.0025 0.733901 0.648521 2.20911 0.00681291 332 4 1 2.34987e-06 
0.346305 0.368769 4.4902 0.0025 0.724764 0.637248 2.19807 0.0068988 333 4 1 2.4365e-06 
0.349776 0.382798 4.47804 0.0025 0.715633 0.626037 2.18695 0.00698682 334 4 1 2.45931e-06 
0.353292 0.397011 4.46433 0.0025 0.706496 0.614879 2.17575 0.00707719 335 4 1 2.56848e-06 
0.356854 0.411336 4.39363 0.0025 0.697403 0.603833 2.1645 0.00716945 336 4 1 2.67444e-06 
0.360462 0.425604 4.31027 0.0025 0.688421 0.592977 2.15331 0.007263 337 4 1 2.71602e-06 
0.364117 0.439795 4.20308 0.0025 0.679594 0.582365 2.14223 0.00735733 338 4 1 2.76518e-06 
0.36782 0.45375 4.04413 0.0025 0.670997 0.57208 2.13135 0.0074516 339 4 1 2.76121e-06 
0.371569 0.467353 3.87526 0.0025 0.662687 0.562188 2.12076 0.00754504 340 4 1 2.68038e-06 
0.375365 0.480553 3.68835 0.0025 0.654688 0.552707 2.11048 0.00763722 341 4 1 2.49168e-06 
0.379207 0.49339 3.58608 0.0025 0.646936 0.543561 2.10046 0.00772874 342 4 1 2.24175e-06 
0.383094 0.506202 3.53536 0.0025 0.6393 0.534594 2.09051 0.00782106 343 4 1 2.03699e-06 
0.387028 0.519166 3.59122 0.0025 0.631622 0.525622 2.08044 0.00791612 344 4 1 1.89328e-06 
0.391011 0.532668 3.71436 0.0025 0.623738 0.516458 2.07002 0.00801619 345 4 1 1.95893e-06 
0.395045 0.546852 3.82885 0.0025 0.615577 0.507026 2.05915 0.00812246 346 4 1 2.16323e-06 
0.399133 0.56164 3.94704 0.0025 0.60714 0.497329 2.04782 0.00823533 347 4 1 2.43904e-06 
0.40328 0.577099 4.02103 0.0025 0.598477 0.487431 2.03608 0.00835455 348 4 1 2.83579e-06 
0.407488 0.59285 3.98997 0.0025 0.589741 0.477513 2.02415 0.00847829 349 4 1 3.2338e-06 
0.411759 0.6086 3.86212 0.0025 0.581159 0.467828 2.01231 0.00860349 350 4 1 3.58418e-06 
0.416092 0.623778 3.55101 0.0025 0.573038 0.45872 2.00102 0.00872543 351 4 1 3.88179e-06 
0.420485 0.637394 3.01094 0.0025 0.565796 0.450639 1.99086 0.00883711 352 4 1 3.8177e-06 
0.42493 0.648764 2.37699 0.0025 0.559768 0.443936 1.98235 0.00893227 353 4 1 3.31379e-06 
0.429418 0.657523 1.73262 0.0025 0.555075 0.438723 1.97569 0.00900779 354 4 1 2.45907e-06 
0.433938 0.664046 1.32283 0.0025 0.551526 0.434783 1.97064 0.00906575 355 4 1 1.54957e-06 
0.438483 0.66931 1.1037 0.0025 0.548751 0.431722 1.96667 0.0091116 356 4 1 1.24908e-06 
0.443049 0.673365 0.720222 0.0025 0.546702 0.429478 1.96374 0.00914574 357 4 1 1.33472e-06 
0.447629 0.675454 0.231295 0.0025 0.545575 0.428231 1.96212 0.00916465 358 4 1 1.00019e-06 
0.452214 0.675864 -0.00658088 0.0025 0.54521 0.427808 1.96161 0.00917079 359 4 1 3.30624e-07 
0.4568 0.675953 0.034465 0.0025 0.545117 0.427698 1.96148 0.00917234 360 4 1 5.56007e-08 
0.461386 0.676046 -0.0202533 0.0025 0.545076 0.427656 1.96143 0.00917303 361 5 1 9.26436e-08 
0.465973 0.675908 -0.0350199 0.0025 0.54511 0.427694 1.96149 0.00917245 362 4 1 5.12802e-08 
0.470559 0.675745 -0.0446317 0.0025 0.545186 0.427778 1.96161 0.00917118 363 4 1 2.55738e-08 
0.475144 0.675542 -0.0506209 0.0025 0.545283 0.427887 1.96176 0.00916955 364 4 1 1.63698e-08 
0.479728 0.67533 -0.0520111 0.0025 0.545394 0.428009 1.96193 0.00916769 365 4 1 3.05556e-09 
0.484312 0.675116 -0.0483658 0.0025 0.545504 0.428133 1.9621 0.00916583 366 4 1 -7.98547e-09 
0.488894 0.674907 -0.0433128 0.0025 0.545608 0.42825 1.96226 0.00916408 367 4 1 -9.47596e-09 
0.493476 0.674713 -0.0392692 0.0025 0.545705 0.428358 1.96241 0.00916246 368 4 1 -6.5382e-09 
0.498057 0.674541 -0.0360252 0.0025 0.545794 0.428459 1.96255 0.00916097 369 4 1 -8.73814e-09 
0.502637 0.674391 -0.032748 0.0025 0.545874 0.42855 1.96268 0.00915962 370 4 1 -1.13598e-08 
0.507216 0.67426 -0.0289289 0.0025 0.545945 0.428632 1.9628 0.00915843 371 4 1 -1.03032e-08 
0.511795 0.674141 -0.0248612 0.0025 0.546007 0.428703 1.9629 0.00915739 372 4 1 -8.73376e-09 
0.516374 0.674034 -0.0214072 0.0025 0.54606 0.428764 1.96299 0.00915651 373 4 1 -7.99518e-09 
0.520952 0.673939 -0.0190158 0.0025 0.546106 0.428819 1.96308 0.00915573 374 4 1 -5.08176e-09 
0.525529 0.673857 -0.0173135 0.0025 0.546147 0.428868 1.96315 0.00915505 375 4 1 -3.75023e-09 
0.530107 0.673786 -0.0156846 0.0025 0.546183 0.428912 1.96323 0.00915445 376 4 1 -5.44155e-09 
0.534684 0.673723 -0.0139047 0.0025 0.546214 0.428951 1.96329 0.00915392 377 4 1 -4.02465e-09 
0.539261 0.673666 -0.0121597 0.0025 0.546241 0.428986 1.96335 0.00915347 378 4 1 -3.22263e-09 
0.543837 0.673614 -0.0106912 0.0025 0.546264 0.429016 1.96341 0.00915309 379 4 1 -2.41618e-09 
0.548414 0.673568 -0.00954942 0.0025 0.546283 0.429043 1.96347 0.00915277 380 4 1 -2.59635e-10 
0.55299 0.673527 -0.00861882 0.0025 0.546298 0.429067 1.96352 0.00915251 381 4 1 -3.8055e-09 
0.557566 0.67349 -0.00777644 0.0025 0.546312 0.429089 1.96357 0.00915228 382 4 1 -9.22979e-10 
0.562142 0.673456 -0.00698262 0.0025 0.546323 0.429108 1.96362 0.00915209 383 4 1 2.69439e-09 
0.566718 0.673426 -0.00625015 0.0025 0.546331 0.429125 1.96367 0.00915195 384 4 1 -3.58267e-09 
0.571294 0.673398 -0.00558423 0.0025 0.546338 0.429141 1.96372 0.00915185 385 4 1 3.21818e-10 
0.57587 0.673372 -0.00497899 0.0025 0.546342 0.429155 1.96376 0.00915177 386 4 1 1.99856e-09 
0.580446 0.673348 -0.00444613 0.0025 0.546344 0.429167 1.96381 0.00915174 387 3 1 1.54524e-09 
0.585022 0.673326 -0.00401134 0.0025 0.546344 0.429178 1.96387 0.00915175 388 4 1 3.69644e-09 
0.589598 0.673305 -0.00368023 0.0025 0.546342 0.429189 1.96392 0.00915178 389 4 1 -3.05775e-09 
0.594174 0.673287 -0.00342462 0.0025 0.546338 0.429198 1.96397 0.00915184 390 4 1 4.78057e-09 
0.59875 0.67327 -0.00320535 0.0025 0.546334 0.429207 1.96403 0.00915192 391 4 1 4.1254e-09 
0.603326 0.673255 -0.00299839 0.0025 0.546327 0.429215 1.9641 0.00915204 392 4 1 7.62506e-09 
0.607902 0.673241 -0.00279735 0.0025 0.54632 0.429225 1.96417 0.00915215 393 4 1 -4.08936e-09 
0.612478 0.673229 -0.00260179 0.0025 0.546303 0.429233 1.96424 0.00915243 394 4 1 1.43179e-07 
0.617054 0.673217 -0.00241135 0.0025 0.546298 0.429269 1.96448 0.00915252 395 4 1 -1.39149e-07 
0.62163 0.673207 -0.00222781 0.0025 0.545905 0.42912 1.96455 0.00915911 396 5 1 3.48628e-06 
0.626213 0.673197 -0.00205556 0.0025 0.548174 0.430789 1.96841 0.00912119 397 3 1 -1.9059e-05 
0.630752 0.673188 -0.00189962 0.0025 0.53685 0.426125 1.94996 0.00931359 398 4 1 0.000179242 
0.635533 0.673179 -0.00175002 0.0025 0.510999 0.432665 2.15241 0.00978476 399 4 1 -0.000134227 
0.640543 0.67317 -0.0016062 0.0025 0.482759 0.424445 2.1554 0.0103571 400 4 1 0.000266068 
0.645904 0.673162 -0.00146433 0.0025 0.45428 0.43289 2.44409 0.0110064 401 4 1 -0.000240408 
0.65156 0.673153 -0.00132716 0.0025 0.446985 0.42723 2.38018 0.011186 402 5 1 5.38048e-05 
0.657092 0.673145 -0.00120526 0.0025 0.452418 0.429604 2.37457 0.0110517 403 4 1 -3.01262e-06 
0.662612 0.673138 -0.00109388 0.0025 0.453603 0.429277 2.36518 0.0110229 404 4 1 3.91258e-06 
0.668115 0.673131 -0.000992392 0.0025 0.454685 0.429338 2.36039 0.0109966 405 4 1 1.27138e-06 
0.673609 0.673125 -0.000899976 0.0025 0.45531 0.429314 2.3571 0.0109815 406 4 1 8.42761e-07 
0.679096 0.673119 -0.000814964 0.0025 0.455755 0.429305 2.3548 0.0109708 407 4 1 5.44205e-07 
0.684579 0.673113 -0.000733525 0.0025 0.456078 0.4293 2.35315 0.010963 408 4 1 3.48923e-07 
0.690059 0.673108 -0.000650086 0.0025 0.45632 0.429297 2.3519 0.0109572 409 4 1 2.4653e-07 
0.695537 0.673102 -0.000557999 0.0025 0.456505 0.429295 2.35095 0.0109528 410 4 1 1.7699e-07 
0.701012 0.673097 -0.00045007 0.0025 0.45665 0.429295 2.35022 0.0109493 411 4 1 1.30565e-07 
0.706486 0.673092 -0.000319128 0.0025 0.456764 0.429294 2.34963 0.0109466 412 4 1 9.75652e-08 
0.711959 0.673086 -0.000157915 0.0025 0.456855 0.429294 2.34916 0.0109444 413 4 1 7.47891e-08 
0.71743 0.67308 4.39494e-05 0.0025 0.456929 0.429293 2.34879 0.0109426 414 4 1 5.78857e-08 
0.722901 0.673074 0.000309794 0.0025 0.456988 0.429292 2.34848 0.0109412 415 4 1 4.48095e-08 
0.728372 0.673065 0.000701495 0.0025 0.457035 0.429289 2.34822 0.0109401 416 4 1 3.39797e-08 
0.733841 0.673054 0.00138026 0.0025 0.457072 0.429284 2.34801 0.0109392 417 4 1 2.33038e-08 
0.739311 0.673038 0.00274827 0.0025 0.457098 0.429274 2.34782 0.0109386 418 4 1 9.3045e-09 
0.74478 0.673007 0.00579173 0.0025 0.45711 0.429253 2.34765 0.0109383 419 3 1 -1.51453e-08 
0.750249 0.672945 0.0128802 0.0025 0.457097 0.429203 2.34745 0.0109386 420 4 1 -6.65616e-08 
0.755718 0.672807 0.0297089 0.0025 0.457032 0.429087 2.34718 0.0109402 421 4 1 -1.8306e-07 
0.761189 0.672488 0.0696618 0.0025 0.456848 0.428814 2.34668 0.0109446 422 4 1 -4.51613e-07 
0.766663 0.671738 0.164717 0.0025 0.456389 0.428172 2.34564 0.0109556 423 4 1 -1.05245e-06 
0.772145 0.669984 0.383062 0.0025 0.4553 0.426681 2.34332 0.0109818 424 4 1 -2.35502e-06 
0.777645 0.665916 0.890163 0.0025 0.452798 0.423301 2.33809 0.0110424 425 4 1 -4.6639e-06 
0.783187 0.656794 1.91395 0.0025 0.44741 0.416089 2.32681 0.0111754 426 4 1 -8.33094e-06 
0.788821 0.637528 4.1054 0.0025 0.436417 0.401627 2.30345 0.0114569 427 4 1 -9.74195e-06 
0.794648 0.597747 7.81006 0.0025 0.416549 0.375944 2.25972 0.0120034 428 4 1 -1.64745e-06 
0.800837 0.527161 14.1778 0.0025 0.384324 0.335388 2.18381 0.0130099 429 4 1 2.93929e-05 
0.807699 0.390013 26.8316 0.0025 0.33831 0.280229 2.06324 0.0147793 430 4 1 0.000127686 
0.815738 0.190002 29.1092 0.0025 0.291003 0.225852 1.92406 0.0171819 431 4 1 0.00025373 
0.825023 0.0403545 13.9202 0.0025 0.260792 0.19207 1.82856 0.0191724 432 4 1 0.000194815 
0.834954 -0.00606367 1.59545 0.0025 0.250361 0.180363 1.79611 0.0199711 433 4 1 4.98769e-05 
0.844996 -0.00329303 -1.03076 0.0025 0.249397 0.178965 1.79326 0.0200483 434 5 1 3.87463e-06 
0.855003 0.000117543 -0.120429 0.0025 0.249932 0.179411 1.79481 0.0200055 435 4 1 -1.06438e-06 
0.865001 0.000221928 0.023237 0.0025 0.250033 0.179527 1.79509 0.0199974 436 3 1 -2.76881e-07 
0.875 7.5337e-05 0.015655 0.0025 0.250015 0.179516 1.79504 0.0199988 437 4 1 1.45952e-08 
0.885 1.36172e-05 0.00421659 0.0025 0.250004 0.179504 1.79501 0.0199997 438 4 1 2.035e-08 
0.895 3.8817e-07 0.000586298 0.0025 0.25 0.179501 1.795 0.02 439 4 1 6.59378e-09 
0.905 -5.81949e-07 -8.65415e-05 0.0025 0.25 0.1795 1.795 0.02 440 5 1 1.12873e-09 
0.915 -5.31498e-08 -3.59763e-05 0.0025 0.25 0.1795 1.795 0.02 441 4 1 -4.15475e-11 
0.925 2.38107e-08 7.45167e-07 0.0025 0.25 0.1795 1.795 0.02 442 4 1 -5.86914e-11 
0.935 1.11319e-08 1.97503e-06 0.0025 0.25 0.1795 1.795 0.02 443 3 1 -3.27088e-12 
0.945 2.55299e-09 6.80093e-07 0.0025 0.25 0.1795 1.795 0.02 444 4 1 2.17262e-12 
0.955 2.53003e-10 1.25284e-07 0.0025 0.25 0.1795 1.795 0.02 445 4 1 9.77014e-13 
0.965 -5.96655e-11 2.26876e-09 0.0025 0.25 0.1795 1.795 0.02 446 4 1 2.16427e-13 
0.975 -1.64897e-11 -6.28998e-09 0.0025 0.25 0.1795 1.795 0.02 447 5 1 1.48006e-14 
0.985 1.49876e-12 -4.39869e-10 0.0025 0.25 0.1795 1.795 0.02 448 4 1 -7.78222e-15 
0.995 9.65939e-13 8.16556e-11 0.0025 0.25 0.1795 1.795 0.02 449 4 1 -1.07843e-15 
1.005 -9.64785e-13 -8.32614e-11 0.0025 0.25 0.1795 1.795 0.02 450 3 1 -1.05782e-15 
1.015 -1.50567e-12 4.3849e-10 0.0025 0.25 0.1795 1.795 0.02 451 4 1 -7.81704e-15 
1.025 1.64953e-11 6.29743e-09 0.0025 0.25 0.1795 1.795 0.02 452 5 1 1.48262e-14 
1.035 5.97021e-11 -2.27654e-09 0.0025 0.25 0.1795 1.795 0.02 453 4 1 2.16435e-13 
1.045 -2.53043e-10 -1.2528e-07 0.0025 0.25 0.1795 1.795 0.02 454 4 1 9.76999e-13 
1.055 -2.55297e-09 -6.80096e-07 0.0025 0.25 0.1795 1.795 0.02 455 4 1 2.17257e-12 
1.065 -1.11319e-08 -1.97502e-06 0.0025 0.25 0.1795 1.795 0.02 456 3 1 -3.27075e-12 
1.075 -2.38107e-08 -7.45183e-07 0.0025 0.25 0.1795 1.795 0.02 457 4 1 -5.86915e-11 
1.085 5.31498e-08 3.59763e-05 0.0025 0.25 0.1795 1.795 0.02 458 4 1 -4.15476e-11 
1.095 5.81949e-07 8.65415e-05 0.0025 0.25 0.1795 1.795 0.02 459 5 1 1.12873e-09 
1.105 -3.8817e-07 -0.000586298 0.0025 0.25 0.179501 1.795 0.02 460 4 1 6.59378e-09 
1.115 -1.36172e-05 -0.00421659 0.0025 0.250004 0.179504 1.79501 0.0199997 461 4 1 2.035e-08 
1.125 -7.5337e-05 -0.015655 0.0025 0.250015 0.179516 1.79504 0.0199988 462 4 1 1.45952e-08 
1.135 -0.000221928 -0.023237 0.0025 0.250033 0.179527 1.79509 0.0199974 463 3 1 -2.76881e-07 
1.145 -0.000117543 0.120429 0.0025 0.249932 0.179411 1.79481 0.0200055 464 4 1 -1.06438e-06 
1.155 0.00329303 1.03076 0.0025 0.249397 0.178965 1.79326 0.0200483 465 5 1 3.87463e-06 
1.16505 0.00606367 -1.59545 0.0025 0.250361 0.180363 1.79611 0.0199711 466 4 1 4.98769e-05 
1.17498 -0.0403545 -13.9202 0.0025 0.260792 0.19207 1.82856 0.0191724 467 4 1 0.000194815 
1.18426 -0.190002 -29.1092 0.0025 0.291003 0.225852 1.92406 0.0171819 468 4 1 0.00025373 
1.1923 -0.390013 -26.8316 0.0025 0.33831 0.280229 2.06324 0.0147793 469 4 1 0.000127686 
1.19916 -0.527161 -14.1778 0.0025 0.384324 0.335388 2.18381 0.0130099 470 4 1 2.93929e-05 
1.20535 -0.597747 -7.81006 0.0025 0.416549 0.375944 2.25972 0.0120034 471 4 1 -1.64745e-06 
1.21118 -0.637528 -4.1054 0.0025 0.436417 0.401627 2.30345 0.0114569 472 4 1 -9.74195e-06 
1.21681 -0.656794 -1.91395 0.0025 0.44741 0.416089 2.32681 0.0111754 473 4 1 -8.33094e-06 
1.22236 -0.665916 -0.890163 0.0025 0.452798 0.423301 2.33809 0.0110424 474 4 1 -4.6639e-06 
1.22786 -0.669984 -0.383062 0.0025 0.4553 0.426681 2.34332 0.0109818 475 4 1 -2.35502e-06 
1.23334 -0.671738 -0.164717 0.0025 0.456389 0.428172 2.34564 0.0109556 476 4 1 -1.05245e-06 
1.23881 -0.672488 -0.0696618 0.0025 0.456848 0.428814 2.34668 0.0109446 477 4 1 -4.51613e-07 
1.24428 -0.672807 -0.0297089 0.0025 0.457032 0.429087 2.34718 0.0109402 478 4 1 -1.8306e-07 
1.24975 -0.672945 -0.0128802 0.0025 0.457097 0.429203 2.34745 0.0109386 479 4 1 -6.65616e-08 
1.25522 -0.673007 -0.00579173 0.0025 0.45711 0.429253 2.34765 0.0109383 480 3 1 -1.51453e-08 
1.26069 -0.673038 -0.00274827 0.0025 0.457098 0.429274 2.34782 0.0109386 481 4 1 9.3045e-09 
1.26616 -0.673054 -0.00138026 0.0025 0.457072 0.429284 2.34801 0.0109392 482 4 1 2.33038e-08 
1.27163 -0.673065 -0.000701495 0.0025 0.457035 0.429289 2.34822 0.0109401 483 4 1 3.39797e-08 
1.2771 -0.673074 -0.000309794 0.0025 0.456988 0.429292 2.34848 0.0109412 484 4 1 4.48095e-08 
1.28257 -0.67308 -4.39494e-05 0.0025 0.456929 0.429293 2.34879 0.0109426 485 4 1 5.78857e-08 
1.28804 -0.673086 0.000157915 0.0025 0.456855 0.429294 2.34916 0.0109444 486 4 1 7.47891e-08 
1.29351 -0.673092 0.000319128 0.0025 0.456764 0.429294 2.34963 0.0109466 487 4 1 9.75652e-08 
1.29899 -0.673097 0.00045007 0.0025 0.45665 0.429295 2.35022 0.0109493 488 4 1 1.30565e-07 
1.30446 -0.673102 0.000557999 0.0025 0.456505 0.429295 2.35095 0.0109528 489 4 1 1.7699e-07 
1.30994 -0.673108 0.000650086 0.0025 0.45632 0.429297 2.3519 0.0109572 490 4 1 2.4653e-07 
1.31542 -0.673113 0.000733525 0.0025 0.456078 0.4293 2.35315 0.010963 491 4 1 3.48923e-07 
1.3209 -0.673119 0.000814964 0.0025 0.455755 0.429305 2.3548 0.0109708 492 4 1 5.44205e-07 
1.32639 -0.673125 0.000899976 0.0025 0.45531 0.429314 2.3571 0.0109815 493 4 1 8.42761e-07 
1.33189 -0.673131 0.000992392 0.0025 0.454685 0.429338 2.36039 0.0109966 494 4 1 1.27138e-06 
1.33739 -0.673138 0.00109388 0.0025 0.453603 0.429277 2.36518 0.0110229 495 4 1 3.91258e-06 
1.34291 -0.673145 0.00120526 0.0025 0.452418 0.429604 2.37457 0.0110517 496 4 1 -3.01262e-06 
1.34844 -0.673153 0.00132716 0.0025 0.446985 0.42723 2.38018 0.011186 497 5 1 5.38048e-05 
1.3541 -0.673162 0.00146433 0.0025 0.45428 0.43289 2.44409 0.0110064 498 4 1 -0.000240408 
1.35946 -0.67317 0.0016062 0.0025 0.482759 0.424445 2.1554 0.0103571 499 4 1 0.000266068 
