# Time [s]: 0.21447
# Columns: pos [m], vel [m/s], acc [m/s^2], mass [kg], dens [kg/m^3], pres [Pa], ene [J/kg], sml [m], id, neighbor, alpha, gradh, ...additional?
1.35787 -0.673163 0.00148915 0.0025 0.511007 0.432675 2.15243 0.0097846 0 4 1 -0.000134227 
1.36265 -0.673171 0.00161136 0.0025 0.536859 0.426135 1.94997 0.00931343 1 4 1 0.000179244 
1.36719 -0.673178 0.00173059 0.0025 0.548184 0.430801 1.96842 0.00912102 2 3 1 -1.90588e-05 
1.37177 -0.673187 0.00185106 0.0025 0.545916 0.429132 1.96456 0.00915892 3 5 1 3.48624e-06 
1.37635 -0.673196 0.00196902 0.0025 0.54631 0.429282 1.96449 0.00915232 4 4 1 -1.38974e-07 
1.38092 -0.673206 0.00208405 0.0025 0.546316 0.429248 1.96425 0.00915221 5 4 1 1.4339e-07 
1.3855 -0.673217 0.00219957 0.0025 0.546334 0.429241 1.96419 0.00915191 6 4 1 -3.86833e-09 
1.39008 -0.673229 0.00232774 0.0025 0.546342 0.429233 1.96412 0.00915177 7 4 1 7.82238e-09 
1.39465 -0.673243 0.00249128 0.0025 0.546351 0.429226 1.96406 0.00915162 8 4 1 4.24736e-09 
1.39923 -0.673257 0.00271474 0.0025 0.546358 0.429219 1.964 0.00915152 9 4 1 4.79881e-09 
1.4038 -0.673273 0.0030092 0.0025 0.546362 0.429212 1.96395 0.00915143 10 4 1 -3.10173e-09 
1.40838 -0.67329 0.00336613 0.0025 0.546366 0.429203 1.9639 0.00915137 11 4 1 3.69635e-09 
1.41295 -0.673308 0.00376804 0.0025 0.546368 0.429194 1.96385 0.00915133 12 3 1 1.68463e-09 
1.41753 -0.673327 0.00420179 0.0025 0.546368 0.429184 1.9638 0.00915134 13 4 1 2.30204e-09 
1.42211 -0.673348 0.00465872 0.0025 0.546366 0.429172 1.96376 0.00915137 14 4 1 7.6825e-10 
1.42668 -0.67337 0.00513227 0.0025 0.546362 0.429159 1.96371 0.00915144 15 4 1 -3.00993e-09 
1.43126 -0.673395 0.00563426 0.0025 0.546357 0.429145 1.96367 0.00915153 16 4 1 3.34666e-09 
1.43583 -0.673422 0.00621634 0.0025 0.546349 0.429129 1.96362 0.00915166 17 4 1 -3.30937e-10 
1.44041 -0.673451 0.00694902 0.0025 0.54634 0.429112 1.96358 0.00915182 18 4 1 -3.40435e-09 
1.44499 -0.673484 0.00784679 0.0025 0.546328 0.429093 1.96353 0.00915201 19 4 1 9.06988e-11 
1.44956 -0.673519 0.00881411 0.0025 0.546313 0.429071 1.96348 0.00915225 20 4 1 -1.626e-09 
1.45414 -0.673558 0.00971469 0.0025 0.546296 0.429046 1.96343 0.00915255 21 4 1 -1.55922e-09 
1.45871 -0.673602 0.0105524 0.0025 0.546276 0.429019 1.96338 0.00915288 22 4 1 -1.75766e-09 
1.46329 -0.673653 0.0115744 0.0025 0.546253 0.42899 1.96333 0.00915326 23 4 1 -3.62022e-09 
1.46787 -0.673711 0.0130954 0.0025 0.546227 0.428957 1.96327 0.0091537 24 4 1 -3.20466e-09 
1.47244 -0.673774 0.0151465 0.0025 0.546197 0.428919 1.96321 0.00915421 25 4 1 -5.15164e-09 
1.47702 -0.673844 0.0173691 0.0025 0.546161 0.428876 1.96314 0.0091548 26 4 1 -6.72466e-09 
1.4816 -0.673923 0.0193904 0.0025 0.54612 0.428827 1.96306 0.00915549 27 4 1 -4.98076e-09 
1.48618 -0.674013 0.0213056 0.0025 0.546074 0.428773 1.96298 0.00915627 28 4 1 -5.50858e-09 
1.49076 -0.674118 0.0237101 0.0025 0.546021 0.428712 1.96289 0.00915716 29 4 1 -8.53551e-09 
1.49533 -0.674237 0.0271756 0.0025 0.545962 0.428644 1.96279 0.00915815 30 4 1 -9.57924e-09 
1.49991 -0.67437 0.0315379 0.0025 0.545894 0.428566 1.96268 0.00915929 31 4 1 -9.67968e-09 
-0.495507 -0.674516 0.0358151 0.0025 0.545816 0.428478 1.96256 0.0091606 32 4 1 -1.18627e-08 
-0.490926 -0.67468 0.0393735 0.0025 0.545728 0.428379 1.96242 0.00916207 33 4 1 -9.71953e-09 
-0.486345 -0.674864 0.042703 0.0025 0.545632 0.428271 1.96227 0.00916368 34 4 1 -4.58036e-09 
-0.481762 -0.675065 0.045944 0.0025 0.545531 0.428157 1.96212 0.00916539 35 4 1 -3.72107e-09 
-0.477179 -0.675277 0.0481793 0.0025 0.545425 0.42804 1.96195 0.00916716 36 4 1 1.1086e-09 
-0.472595 -0.675488 0.048738 0.0025 0.545321 0.427924 1.96179 0.0091689 37 4 1 1.30786e-08 
-0.46801 -0.675682 0.0443589 0.0025 0.545226 0.427818 1.96165 0.0091705 38 4 1 2.51234e-08 
-0.463425 -0.675841 0.0330382 0.0025 0.545152 0.427735 1.96153 0.00917176 39 4 1 3.23414e-08 
-0.458839 -0.675973 0.0352351 0.0025 0.545105 0.427684 1.96146 0.00917254 40 5 1 9.58388e-08 
-0.454252 -0.675929 -0.0428135 0.0025 0.545136 0.427716 1.9615 0.00917203 41 4 1 7.88377e-08 
-0.449667 -0.675772 -0.0111662 0.0025 0.545233 0.427826 1.96163 0.00917039 42 4 1 1.94024e-07 
-0.445082 -0.675513 -0.131304 0.0025 0.545496 0.428134 1.962 0.00916597 43 4 1 7.78161e-07 
-0.440501 -0.674038 -0.566794 0.0025 0.546366 0.429104 1.96324 0.00915138 44 4 1 1.2933e-06 
-0.43593 -0.670514 -1.01938 0.0025 0.548157 0.431068 1.96581 0.00912148 45 4 1 1.29034e-06 
-0.431379 -0.665489 -1.27041 0.0025 0.550744 0.433913 1.96951 0.00907863 46 4 1 1.3393e-06 
-0.426852 -0.65941 -1.56328 0.0025 0.554015 0.437537 1.97417 0.00902503 47 4 1 1.99481e-06 
-0.422354 -0.651591 -2.10117 0.0025 0.558221 0.442207 1.98015 0.00895703 48 4 1 2.81595e-06 
-0.417894 -0.64147 -2.68904 0.0025 0.563615 0.448203 1.98778 0.0088713 49 4 1 3.38778e-06 
-0.413482 -0.6291 -3.23322 0.0025 0.570187 0.455528 1.99702 0.00876905 50 4 1 3.62763e-06 
-0.409125 -0.615005 -3.61909 0.0025 0.577717 0.463955 2.00753 0.00865476 51 4 1 3.44944e-06 
-0.404827 -0.600001 -3.7897 0.0025 0.585828 0.473083 2.01875 0.00853493 52 4 1 3.1313e-06 
-0.40059 -0.584828 -3.85834 0.0025 0.594185 0.482547 2.03022 0.00841488 53 4 1 2.80678e-06 
-0.396412 -0.569762 -3.83477 0.0025 0.602569 0.492095 2.04162 0.00829781 54 4 1 2.4516e-06 
-0.392291 -0.555194 -3.74729 0.0025 0.61081 0.501536 2.05274 0.00818586 55 4 1 2.16113e-06 
-0.388226 -0.541221 -3.64532 0.0025 0.618822 0.510767 2.06347 0.00807987 56 4 1 1.94726e-06 
-0.384211 -0.527791 -3.54011 0.0025 0.626583 0.519756 2.07377 0.00797978 57 4 1 1.78021e-06 
-0.380245 -0.514994 -3.43287 0.0025 0.634101 0.52851 2.08368 0.00788518 58 4 1 1.78894e-06 
-0.376326 -0.502559 -3.42048 0.0025 0.641469 0.537132 2.09333 0.00779461 59 4 1 1.90884e-06 
-0.372451 -0.490264 -3.45223 0.0025 0.648823 0.545778 2.10289 0.00770626 60 4 1 2.09626e-06 
-0.368619 -0.477871 -3.57371 0.0025 0.656298 0.554607 2.11254 0.00761849 61 4 1 2.32264e-06 
-0.364832 -0.465161 -3.73425 0.0025 0.664015 0.563759 2.12244 0.00752995 62 4 1 2.46182e-06 
-0.361089 -0.452106 -3.88766 0.0025 0.672007 0.57328 2.13262 0.0074404 63 4 1 2.53664e-06 
-0.357391 -0.438712 -4.03178 0.0025 0.680258 0.583156 2.14305 0.00735015 64 4 1 2.52721e-06 
-0.353739 -0.425142 -4.1232 0.0025 0.688712 0.593323 2.15367 0.00725992 65 4 1 2.47468e-06 
-0.350131 -0.411504 -4.19548 0.0025 0.6973 0.603703 2.16436 0.00717052 66 4 1 2.45278e-06 
-0.346568 -0.397836 -4.26827 0.0025 0.705989 0.614258 2.17511 0.00708226 67 4 1 2.34559e-06 
-0.343048 -0.38422 -4.26859 0.0025 0.714717 0.624912 2.18582 0.00699577 68 4 1 2.25884e-06 
-0.339572 -0.370818 -4.29536 0.0025 0.723441 0.635615 2.19645 0.00691142 69 4 1 2.22019e-06 
-0.336137 -0.357487 -4.30928 0.0025 0.732163 0.646367 2.207 0.00682908 70 4 1 2.15938e-06 
-0.332742 -0.344342 -4.32348 0.0025 0.740872 0.657155 2.21746 0.0067488 71 4 1 2.10984e-06 
-0.329388 -0.331321 -4.33533 0.0025 0.749565 0.667974 2.22783 0.00667053 72 4 1 2.03689e-06 
-0.326072 -0.318464 -4.32801 0.0025 0.758226 0.678803 2.23809 0.00659434 73 4 1 1.98531e-06 
-0.322793 -0.305825 -4.33664 0.0025 0.766854 0.68964 2.24824 0.00652015 74 4 1 1.96739e-06 
-0.319551 -0.293304 -4.35799 0.0025 0.775467 0.700507 2.2583 0.00644773 75 4 1 1.91765e-06 
-0.316345 -0.280922 -4.35951 0.0025 0.784062 0.7114 2.26828 0.00637705 76 4 1 1.85788e-06 
-0.313174 -0.268656 -4.36207 0.0025 0.792626 0.7223 2.27816 0.00630815 77 4 1 1.80913e-06 
-0.310037 -0.256538 -4.36129 0.0025 0.801156 0.733204 2.28793 0.00624099 78 4 1 1.76127e-06 
-0.306933 -0.244626 -4.35848 0.0025 0.809648 0.744108 2.2976 0.00617552 79 4 1 1.7306e-06 
-0.303861 -0.232788 -4.36763 0.0025 0.818113 0.755022 2.30717 0.00611162 80 4 1 1.71462e-06 
-0.300821 -0.221107 -4.38711 0.0025 0.826567 0.765966 2.31668 0.00604912 81 4 1 1.69376e-06 
-0.297812 -0.20951 -4.40661 0.0025 0.835015 0.776946 2.32612 0.00598792 82 4 1 1.59982e-06 
-0.294833 -0.198052 -4.36714 0.0025 0.843417 0.787912 2.33545 0.00592826 83 4 1 1.56882e-06 
-0.291883 -0.186773 -4.39151 0.0025 0.851775 0.798864 2.34468 0.00587009 84 4 1 1.5346e-06 
-0.288963 -0.175633 -4.36147 0.0025 0.860098 0.809813 2.35381 0.00581329 85 4 1 1.52047e-06 
-0.28607 -0.164579 -4.40186 0.0025 0.868399 0.820777 2.36287 0.00575772 86 4 1 1.53737e-06 
-0.283205 -0.153631 -4.42244 0.0025 0.876712 0.831795 2.37189 0.00570313 87 4 1 1.46056e-06 
-0.280367 -0.142723 -4.40763 0.0025 0.884999 0.842821 2.38083 0.00564972 88 4 1 1.39804e-06 
-0.277555 -0.132083 -4.3931 0.0025 0.893232 0.853817 2.38967 0.00559765 89 4 1 1.35349e-06 
-0.274769 -0.121461 -4.37277 0.0025 0.901408 0.864775 2.39839 0.00554688 90 4 1 1.28147e-06 
-0.272008 -0.111183 -4.32255 0.0025 0.909505 0.875676 2.40698 0.00549749 91 4 1 1.4059e-06 
-0.269271 -0.100777 -4.46449 0.0025 0.917635 0.88665 2.41556 0.00544879 92 4 1 1.26541e-06 
-0.266559 -0.090575 -4.30246 0.0025 0.925731 0.897622 2.42406 0.00540114 93 4 1 1.39113e-06 
-0.26387 -0.0804091 -4.58584 0.0025 0.933861 0.908678 2.43256 0.00535412 94 4 1 1.22239e-06 
-0.261205 -0.0700924 -4.29471 0.0025 0.94194 0.919678 2.44096 0.00530819 95 4 1 6.11762e-07 
-0.258562 -0.0609777 -3.88928 0.0025 0.949553 0.930127 2.44881 0.00526563 96 4 1 1.46675e-06 
-0.255939 -0.0515097 -4.69003 0.0025 0.957367 0.940881 2.45686 0.00522266 97 4 1 1.70244e-06 
-0.253339 -0.0409276 -4.65313 0.0025 0.965587 0.952154 2.46531 0.0051782 98 4 1 9.47115e-08 
-0.250761 -0.0320224 -3.42806 0.0025 0.972982 0.962367 2.47281 0.00513884 99 4 1 1.96958e-07 
-0.2482 -0.0246096 -3.57551 0.0025 0.979722 0.971796 2.4796 0.00510349 100 4 1 2.58416e-06 
-0.245657 -0.0149809 -5.53743 0.0025 0.987728 0.982956 2.48773 0.00506212 101 4 1 2.49954e-06 
-0.243138 -0.00290386 -5.49384 0.0025 0.996728 0.995358 2.49689 0.00501641 102 4 1 -2.35905e-06 
-0.240641 0.00472288 -1.31818 0.0025 1.00289 1.0039 2.50298 0.0049856 103 4 1 -2.95794e-06 
-0.238152 0.00585628 -0.464512 0.0025 1.00581 1.00824 2.50572 0.00497112 104 4 1 3.65088e-06 
-0.23567 0.0121609 -5.86224 0.0025 1.01149 1.01634 2.51146 0.00494318 105 4 1 4.80986e-06 
-0.233209 0.0257495 -6.28955 0.0025 1.02071 1.02903 2.52077 0.00489855 106 4 1 -3.20985e-06 
-0.230771 0.0326409 -0.875613 0.0025 1.02643 1.03699 2.52638 0.00487123 107 4 1 -4.61282e-06 
-0.228338 0.032275 0.753642 0.0025 1.02682 1.03768 2.52667 0.00486941 108 3 1 -1.46667e-06 
-0.225902 0.0302444 1.13678 0.0025 1.0252 1.03545 2.52505 0.00487711 109 4 1 -3.23742e-07 
-0.223461 0.0277879 1.23221 0.0025 1.02309 1.03248 2.52297 0.00488716 110 4 1 -8.05697e-08 
-0.221014 0.0251401 1.30918 0.0025 1.02078 1.02922 2.52069 0.0048982 111 4 1 -3.51805e-08 
-0.218562 0.022309 1.39637 0.0025 1.01832 1.02576 2.51826 0.00491003 112 4 1 3.9277e-09 
-0.216104 0.0193084 1.47239 0.0025 1.01575 1.02213 2.5157 0.00492247 113 4 1 8.12748e-08 
-0.21364 0.0162173 1.49999 0.0025 1.01314 1.01845 2.5131 0.00493517 114 4 1 1.83624e-07 
-0.211169 0.0131707 1.45565 0.0025 1.0106 1.01489 2.51058 0.00494755 115 4 1 2.80788e-07 
-0.208692 0.0103215 1.33722 0.0025 1.00826 1.0116 2.50824 0.00495904 116 4 1 3.46581e-07 
-0.20621 0.00779911 1.16189 0.0025 1.00621 1.00872 2.5062 0.00496914 117 4 1 3.69747e-07 
-0.203723 0.00568292 0.956849 0.0025 1.00451 1.00633 2.5045 0.00497756 118 4 1 3.53855e-07 
-0.201233 0.00399582 0.749397 0.0025 1.00316 1.00444 2.50315 0.00498425 119 4 1 3.11131e-07 
-0.198739 0.00271327 0.560232 0.0025 1.00214 1.00301 2.50213 0.00498932 120 4 1 2.55523e-07 
-0.196243 0.00178041 0.401108 0.0025 1.0014 1.00197 2.5014 0.004993 121 4 1 1.98289e-07 
-0.193746 0.00112937 0.275773 0.0025 1.00089 1.00125 2.50088 0.00499556 122 4 1 1.46548e-07 
-0.191248 0.000692458 0.182408 0.0025 1.00054 1.00077 2.50054 0.00499728 123 4 1 1.0368e-07 
-0.188749 0.000410139 0.116192 0.0025 1.00032 1.00045 2.50032 0.00499839 124 4 1 7.0434e-08 
-0.186249 0.000234389 0.0712904 0.0025 1.00018 1.00026 2.50018 0.00499908 125 4 1 4.60154e-08 
-0.18375 0.00012901 0.0421066 0.0025 1.0001 1.00014 2.5001 0.00499949 126 4 1 2.89223e-08 
-0.18125 6.82123e-05 0.0239072 0.0025 1.00005 1.00008 2.50005 0.00499973 127 4 1 1.74803e-08 
-0.17875 3.45232e-05 0.0130191 0.0025 1.00003 1.00004 2.50003 0.00499986 128 4 1 1.01458e-08 
-0.17625 1.66429e-05 0.00677728 0.0025 1.00001 1.00002 2.50001 0.00499993 129 4 1 5.64294e-09 
-0.17375 7.58952e-06 0.00335647 0.0025 1.00001 1.00001 2.50001 0.00499997 130 4 1 2.99808e-09 
-0.17125 3.24092e-06 0.0015706 0.0025 1 1 2.5 0.00499999 131 4 1 1.51478e-09 
-0.16875 1.27577e-06 0.000687265 0.0025 1 1 2.5 0.00499999 132 4 1 7.23113e-10 
-0.16625 4.50796e-07 0.000276601 0.0025 1 1 2.5 0.005 133 4 1 3.22995e-10 
-0.16375 1.35785e-07 9.94156e-05 0.0025 1 1 2.5 0.005 134 4 1 1.32934e-10 
-0.16125 3.06426e-08 2.99974e-05 0.0025 1 1 2.5 0.005 135 4 1 4.89112e-11 
-0.15875 2.66946e-09 6.51268e-06 0.0025 1 1 2.5 0.005 136 4 1 1.57653e-11 
-0.15625 -9.11092e-10 -1.09549e-06 0.0025 1 1 2.5 0.005 137 5 1 3.38787e-12 
-0.15375 1.15367e-09 -6.66648e-07 0.0025 1 1 2.5 0.005 138 4 1 -6.67505e-13 
-0.15125 1.34995e-09 1.09818e-07 0.0025 1 1 2.5 0.005 139 3 1 -4.00136e-13 
-0.14875 9.22678e-10 2.48046e-07 0.0025 1 1 2.5 0.005 140 4 1 8.95817e-15 
-0.14625 4.99301e-10 1.88472e-07 0.0025 1 1 2.5 0.005 141 4 1 9.48504e-14 
-0.14375 2.27902e-10 1.08519e-07 0.0025 1 1 2.5 0.005 142 4 1 8.18066e-14 
-0.14125 8.81271e-11 5.12015e-08 0.0025 1 1 2.5 0.005 143 4 1 4.90957e-14 
-0.13875 2.77824e-11 2.02241e-08 0.0025 1 1 2.5 0.005 144 4 1 2.39869e-14 
-0.13625 6.22432e-12 6.38408e-09 0.0025 1 1 2.5 0.005 145 4 1 9.69465e-15 
-0.13375 4.02474e-13 1.38544e-09 0.0025 1 1 2.5 0.005 146 4 1 3.2454e-15 
-0.13125 -2.4593e-13 -3.10422e-10 0.0025 1 1 2.5 0.005 147 5 1 6.93134e-16 
-0.12875 2.00195e-13 -1.1687e-10 0.0025 1 1 2.5 0.005 148 4 1 -1.8936e-16 
-0.12625 2.18846e-13 2.27374e-11 0.0025 1 1 2.5 0.005 149 3 1 -6.60805e-17 
-0.12375 1.33858e-13 5.25233e-11 0.0025 1 1 2.5 0.005 150 4 1 1.03029e-17 
-0.12125 5.65525e-14 3.18323e-11 0.0025 1 1 2.5 0.005 151 4 1 1.81188e-17 
-0.11875 1.77081e-14 1.1994e-11 0.0025 1 1 2.5 0.005 152 4 1 1.38556e-17 
-0.11625 1.34106e-15 6.65068e-12 0.0025 1 1 2.5 0.005 153 4 1 8.88178e-18 
-0.11375 -6.26857e-16 -1.02318e-12 0.0025 1 1 2.5 0.005 154 5 1 -3.55271e-19 
-0.11125 -1.74141e-17 -5.68434e-14 0.0025 1 1 2.5 0.005 155 5 1 -1.42109e-18 
-0.10875 -1.78542e-46 -4.48416e-44 0.0025 1 1 2.5 0.005 156 5 1 -1.42109e-18 
-0.10625 -6.9602e-17 -3.36312e-44 0.0025 1 1 2.5 0.005 157 5 1 -1.42109e-18 
-0.10375 -2.08964e-16 0 0.0025 1 1 2.5 0.005 158 5 1 -1.42109e-18 
-0.10125 -3.48264e-16 0 0.0025 1 1 2.5 0.005 159 5 1 -1.42109e-18 
-0.09875 -4.87877e-16 0 0.0025 1 1 2.5 0.005 160 5 1 -1.42109e-18 
-0.09625 -6.27256e-16 0 0.0025 1 1 2.5 0.005 161 5 1 -1.42109e-18 
-0.09375 -8.01372e-16 -1.13687e-13 0.0025 1 1 2.5 0.005 162 5 1 -1.42109e-18 
-0.09125 -9.40536e-16 1.13687e-13 0.0025 1 1 2.5 0.005 163 5 1 -1.42109e-18 
-0.08875 -1.07971e-15 -1.13687e-13 0.0025 1 1 2.5 0.005 164 5 1 -1.42109e-18 
-0.08625 -1.28807e-15 1.13687e-13 0.0025 1 1 2.5 0.005 165 5 1 -1.77636e-18 
-0.08375 -1.75733e-15 -5.68434e-14 0.0025 1 1 2.5 0.005 166 5 1 -7.10543e-19 
-0.08125 1.05307e-15 -1.13687e-13 0.0025 1 1 2.5 0.005 167 5 1 -3.55271e-18 
-0.07875 -1.78206e-15 -5.68434e-14 0.0025 1 1 2.5 0.005 168 5 1 6.03961e-18 
-0.07625 -1.7839e-15 -5.68434e-14 0.0025 1 1 2.5 0.005 169 5 1 -1.38556e-17 
-0.07375 -3.61821e-15 5.68434e-14 0.0025 1 1 2.5 0.005 170 5 1 1.27898e-17 
-0.07125 1.03588e-15 -2.84217e-13 0.0025 1 1 2.5 0.005 171 5 1 -1.81188e-17 
-0.06875 -4.08738e-16 5.68434e-14 0.0025 1 1 2.5 0.005 172 5 1 1.42109e-17 
-0.06625 -1.81464e-15 5.11591e-13 0.0025 1 1 2.5 0.005 173 5 1 -1.88294e-17 
-0.06375 3.28516e-15 2.84217e-13 0.0025 1 1 2.5 0.005 174 4 1 -7.10543e-19 
-0.06125 9.53057e-16 1.13687e-13 0.0025 1 1 2.5 0.005 175 3 1 3.12639e-17 
-0.05875 -7.60219e-16 1.66647e-26 0.0025 1 1 2.5 0.005 176 4 1 -2.0961e-17 
-0.05625 -3.51802e-15 -1.13687e-13 0.0025 1 1 2.5 0.005 177 5 1 3.55271e-19 
-0.05375 1.34291e-15 -7.88861e-29 0.0025 1 1 2.5 0.005 178 4 1 3.55271e-19 
-0.05125 -2.4921e-16 5.68434e-14 0.0025 1 1 2.5 0.005 179 5 1 -1.77636e-18 
-0.04875 1.95808e-15 2.27374e-13 0.0025 1 1 2.5 0.005 180 5 1 -3.90799e-18 
-0.04625 1.63361e-15 -2.27374e-13 0.0025 1 1 2.5 0.005 181 5 1 -7.10543e-19 
-0.04375 -8.52722e-17 1.13687e-13 0.0025 1 1 2.5 0.005 182 5 1 -1.06581e-18 
-0.04125 -1.63086e-16 1.13687e-13 0.0025 1 1 2.5 0.005 183 5 1 -6.03961e-18 
-0.03875 -2.43862e-15 3.9443e-29 0.0025 1 1 2.5 0.005 184 5 1 6.39488e-18 
-0.03625 -8.77227e-16 1.13687e-13 0.0025 1 1 2.5 0.005 185 5 1 -1.38556e-17 
-0.03375 -2.30421e-15 1.7053e-13 0.0025 1 1 2.5 0.005 186 4 1 -7.81597e-18 
-0.03125 -2.34376e-15 -5.11591e-13 0.0025 1 1 2.5 0.005 187 3 1 4.40536e-17 
-0.02875 -2.19363e-15 1.13687e-13 0.0025 1 1 2.5 0.005 188 4 1 -3.55271e-17 
-0.02625 -2.71456e-15 1.13687e-13 0.0025 1 1 2.5 0.005 189 5 1 9.23706e-18 
-0.02375 -1.08854e-15 -7.95808e-13 0.0025 1 1 2.5 0.005 190 3 1 0 
-0.02125 -2.31963e-15 1.7053e-12 0.0025 1 1 2.5 0.005 191 4 1 4.9738e-18 
-0.01875 -2.48735e-15 -1.3074e-12 0.0025 1 1 2.5 0.005 192 5 1 -5.32907e-18 
-0.01625 -1.9019e-15 -7.19836e-28 0.0025 1 1 2.5 0.005 193 4 1 3.55271e-19 
-0.01375 6.96914e-16 2.84217e-13 0.0025 1 1 2.5 0.005 194 3 1 3.55271e-18 
-0.01125 2.60441e-16 -4.54747e-13 0.0025 1 1 2.5 0.005 195 4 1 -2.4869e-18 
-0.00875 -1.19324e-15 1.08002e-12 0.0025 1 1 2.5 0.005 196 5 1 3.55271e-19 
-0.00625 -2.5541e-16 -5.68434e-13 0.0025 1 1 2.5 0.005 197 5 1 1.42109e-18 
-0.00375 5.78405e-17 -1.7053e-13 0.0025 1 1 2.5 0.005 198 3 1 -2.13163e-18 
-0.00125 -5.41547e-16 2.84217e-13 0.0025 1 1 2.5 0.005 199 4 1 3.77482e-33 
0.00125 -5.30069e-16 2.27374e-13 0.0025 1 1 2.5 0.005 200 4 1 1.2326e-33 
0.00375 1.58544e-17 5.68434e-14 0.0025 1 1 2.5 0.005 201 4 1 -7.10543e-19 
0.00625 -2.97715e-16 5.68434e-14 0.0025 1 1 2.5 0.005 202 5 1 1.48682e-32 
0.00875 -1.26606e-15 -4.54747e-13 0.0025 1 1 2.5 0.005 203 4 1 7.10543e-19 
0.01125 -1.32538e-15 6.25278e-13 0.0025 1 1 2.5 0.005 204 4 1 2.4869e-18 
0.01375 -8.54319e-16 -4.54747e-13 0.0025 1 1 2.5 0.005 205 5 1 -4.61853e-18 
0.01625 -1.54952e-15 -5.68434e-14 0.0025 1 1 2.5 0.005 206 4 1 2.4869e-18 
0.01875 3.14946e-16 -1.14385e-27 0.0025 1 1 2.5 0.005 207 4 1 -5.32907e-18 
0.02125 -5.16385e-16 -1.7053e-13 0.0025 1 1 2.5 0.005 208 3 1 6.75016e-18 
0.02375 1.01059e-15 1.08002e-12 0.0025 1 1 2.5 0.005 209 4 1 -3.55271e-19 
0.02625 1.41326e-15 -1.42109e-12 0.0025 1 1 2.5 0.005 210 5 1 -2.13163e-18 
0.02875 2.90324e-15 9.66338e-13 0.0025 1 1 2.5 0.005 211 4 1 -6.03961e-18 
0.03125 4.74883e-15 -1.57772e-27 0.0025 1 1 2.5 0.005 212 3 1 3.19744e-18 
0.03375 3.80355e-15 9.46633e-28 0.0025 1 1 2.5 0.005 213 4 1 9.59233e-18 
0.03625 2.39509e-15 1.13687e-13 0.0025 1 1 2.5 0.005 214 5 1 -1.84741e-17 
0.03875 8.25863e-16 5.68434e-14 0.0025 1 1 2.5 0.005 215 4 1 1.81188e-17 
0.04125 1.64419e-15 -1.13687e-13 0.0025 1 1 2.5 0.005 216 4 1 -1.52767e-17 
0.04375 3.92037e-16 2.27374e-13 0.0025 1 1 2.5 0.005 217 4 1 -7.10543e-19 
0.04625 2.98168e-15 0 0.0025 1 1 2.5 0.005 218 3 1 5.68434e-18 
0.04875 4.44065e-15 1.13687e-12 0.0025 1 1 2.5 0.005 219 4 1 -3.55271e-18 
0.05125 2.22836e-15 -1.53477e-12 0.0025 1 1 2.5 0.005 220 4 1 3.55271e-18 
0.05375 1.35167e-15 -3.41061e-13 0.0025 1 1 2.5 0.005 221 3 1 -7.10543e-19 
0.05625 4.12986e-15 2.84217e-13 0.0025 1 1 2.5 0.005 222 5 1 1.63425e-17 
0.05875 2.97542e-15 4.54747e-13 0.0025 1 1 2.5 0.005 223 5 1 -6.82121e-17 
0.06125 1.60635e-15 2.84217e-13 0.0025 1 1 2.5 0.005 224 4 1 6.2883e-17 
0.06375 7.03289e-15 -5.68434e-13 0.0025 1 1 2.5 0.005 225 4 1 3.90799e-18 
0.06625 3.05845e-15 2.66241e-26 0.0025 1 1 2.5 0.005 226 5 1 -2.94875e-17 
0.06875 6.3074e-15 -1.7053e-13 0.0025 1 1 2.5 0.005 227 5 1 1.88294e-17 
0.07125 2.54292e-15 1.68156e-43 0.0025 1 1 2.5 0.005 228 5 1 -1.52767e-17 
0.07375 4.52872e-15 -8.96831e-44 0.0025 1 1 2.5 0.005 229 5 1 9.59233e-18 
0.07625 4.42433e-15 -1.13687e-13 0.0025 1 1 2.5 0.005 230 5 1 -1.38556e-17 
0.07875 6.1905e-15 5.68434e-14 0.0025 1 1 2.5 0.005 231 5 1 8.88178e-18 
0.08125 5.02264e-15 5.68434e-14 0.0025 1 1 2.5 0.005 232 5 1 -1.03029e-17 
0.08375 4.84505e-15 5.68434e-14 0.0025 1 1 2.5 0.005 233 5 1 4.61853e-18 
0.08625 2.52311e-15 5.68434e-14 0.0025 1 1 2.5 0.005 234 5 1 -3.90799e-18 
0.08875 1.71175e-15 5.68434e-14 0.0025 1 1 2.5 0.005 235 5 1 -3.55271e-19 
0.09125 1.63956e-15 -5.68434e-14 0.0025 1 1 2.5 0.005 236 5 1 -5.32907e-18 
0.09375 1.59051e-15 5.68434e-14 0.0025 1 1 2.5 0.005 237 5 1 1.42109e-18 
0.09625 7.70502e-16 6.72623e-44 0.0025 1 1 2.5 0.005 238 5 1 -3.19744e-18 
0.09875 5.12538e-16 6.72623e-44 0.0025 1 1 2.5 0.005 239 5 1 -1.42109e-18 
0.10125 1.21984e-15 -1.12104e-43 0.0025 1 1 2.5 0.005 240 5 1 -4.26326e-18 
0.10375 -8.08369e-16 -5.68434e-14 0.0025 1 1 2.5 0.005 241 5 1 4.26326e-18 
0.10625 1.68248e-15 5.68434e-13 0.0025 1 1 2.5 0.005 242 5 1 -1.35003e-17 
0.10875 -7.69977e-16 -5.11591e-13 0.0025 1 1 2.5 0.005 243 5 1 2.02505e-17 
0.11125 2.52989e-15 2.27374e-13 0.0025 1 1 2.5 0.005 244 5 1 -2.38032e-17 
0.11375 1.02104e-14 -5.11591e-12 0.0025 1 1 2.5 0.005 245 3 1 2.06057e-17 
0.11625 7.21788e-15 4.718e-12 0.0025 1 1 2.5 0.005 246 5 1 -1.59872e-17 
0.11875 -7.97068e-15 -1.65983e-11 0.0025 1 1 2.5 0.005 247 4 1 4.05009e-17 
0.12125 -5.61423e-14 -3.28555e-11 0.0025 1 1 2.5 0.005 248 4 1 -3.19744e-18 
0.12375 -1.24275e-13 -5.20686e-11 0.0025 1 1 2.5 0.005 249 4 1 2.80664e-17 
0.12625 -2.205e-13 -2.40448e-11 0.0025 1 1 2.5 0.005 250 3 1 -6.82121e-17 
0.12875 -1.80273e-13 1.31763e-10 0.0025 1 1 2.5 0.005 251 4 1 -1.86873e-16 
0.13125 2.41916e-13 2.98598e-10 0.0025 1 1 2.5 0.005 252 5 1 6.94556e-16 
0.13375 -3.93318e-13 -1.39318e-09 0.0025 1 1 2.5 0.005 253 4 1 3.22196e-15 
0.13625 -6.23068e-12 -6.37039e-09 0.0025 1 1 2.5 0.005 254 4 1 9.72769e-15 
0.13875 -2.77843e-11 -2.02401e-08 0.0025 1 1 2.5 0.005 255 4 1 2.39822e-14 
0.14125 -8.81231e-11 -5.11928e-08 0.0025 1 1 2.5 0.005 256 4 1 4.90857e-14 
0.14375 -2.27899e-10 -1.0852e-07 0.0025 1 1 2.5 0.005 257 4 1 8.18076e-14 
0.14625 -4.993e-10 -1.88473e-07 0.0025 1 1 2.5 0.005 258 4 1 9.4867e-14 
0.14875 -9.22672e-10 -2.48046e-07 0.0025 1 1 2.5 0.005 259 4 1 8.91056e-15 
0.15125 -1.34995e-09 -1.09818e-07 0.0025 1 1 2.5 0.005 260 3 1 -4.00106e-13 
0.15375 -1.15366e-09 6.66653e-07 0.0025 1 1 2.5 0.005 261 4 1 -6.67485e-13 
0.15625 9.11084e-10 1.09548e-06 0.0025 1 1 2.5 0.005 262 5 1 3.38785e-12 
0.15875 -2.66947e-09 -6.51267e-06 0.0025 1 1 2.5 0.005 263 4 1 1.57653e-11 
0.16125 -3.06426e-08 -2.99974e-05 0.0025 1 1 2.5 0.005 264 4 1 4.89112e-11 
0.16375 -1.35785e-07 -9.94156e-05 0.0025 1 1 2.5 0.005 265 4 1 1.32934e-10 
0.16625 -4.50796e-07 -0.000276601 0.0025 1 1 2.5 0.005 266 4 1 3.22995e-10 
0.16875 -1.27577e-06 -0.000687265 0.0025 1 1 2.5 0.00499999 267 4 1 7.23113e-10 
0.17125 -3.24092e-06 -0.0015706 0.0025 1 1 2.5 0.00499999 268 4 1 1.51478e-09 
0.17375 -7.58952e-06 -0.00335647 0.0025 1.00001 1.00001 2.50001 0.00499997 269 4 1 2.99808e-09 
0.17625 -1.66429e-05 -0.00677728 0.0025 1.00001 1.00002 2.50001 0.00499993 270 4 1 5.64294e-09 
0.17875 -3.45232e-05 -0.0130191 0.0025 1.00003 1.00004 2.50003 0.00499986 271 4 1 1.01458e-08 
0.18125 -6.82123e-05 -0.0239072 0.0025 1.00005 1.00008 2.50005 0.00499973 272 4 1 1.74803e-08 
0.18375 -0.00012901 -0.0421066 0.0025 1.0001 1.00014 2.5001 0.00499949 273 4 1 2.89223e-08 
0.186249 -0.000234389 -0.0712904 0.0025 1.00018 1.00026 2.50018 0.00499908 274 4 1 4.60154e-08 
0.188749 -0.000410139 -0.116192 0.0025 1.00032 1.00045 2.50032 0.00499839 275 4 1 7.0434e-08 
0.191248 -0.000692458 -0.182408 0.0025 1.00054 1.00077 2.50054 0.00499728 276 4 1 1.0368e-07 
0.193746 -0.00112937 -0.275773 0.0025 1.00089 1.00125 2.50088 0.00499556 277 4 1 1.46548e-07 
0.196243 -0.00178041 -0.401108 0.0025 1.0014 1.00197 2.5014 0.004993 278 4 1 1.98289e-07 
0.198739 -0.00271327 -0.560232 0.0025 1.00214 1.00301 2.50213 0.00498932 279 4 1 2.55523e-07 
0.201233 -0.00399582 -0.749397 0.0025 1.00316 1.00444 2.50315 0.00498425 280 4 1 3.11131e-07 
0.203723 -0.00568292 -0.956849 0.0025 1.00451 1.00633 2.5045 0.00497756 281 4 1 3.53855e-07 
0.20621 -0.00779911 -1.16189 0.0025 1.00621 1.00872 2.5062 0.00496914 282 4 1 3.69747e-07 
0.208692 -0.0103215 -1.33722 0.0025 1.00826 1.0116 2.50824 0.00495904 283 4 1 3.46581e-07 
0.211169 -0.0131707 -1.45565 0.0025 1.0106 1.01489 2.51058 0.00494755 284 4 1 2.80788e-07 
0.21364 -0.0162173 -1.49999 0.0025 1.01314 1.01845 2.5131 0.00493517 285 4 1 1.83624e-07 
0.216104 -0.0193084 -1.47239 0.0025 1.01575 1.02213 2.5157 0.00492247 286 4 1 8.12748e-08 
0.218562 -0.022309 -1.39637 0.0025 1.01832 1.02576 2.51826 0.00491003 287 4 1 3.9277e-09 
0.221014 -0.0251401 -1.30918 0.0025 1.02078 1.02922 2.52069 0.0048982 288 4 1 -3.51805e-08 
0.223461 -0.0277879 -1.23221 0.0025 1.02309 1.03248 2.52297 0.00488716 289 4 1 -8.05697e-08 
0.225902 -0.0302444 -1.13678 0.0025 1.0252 1.03545 2.52505 0.00487711 290 4 1 -3.23742e-07 
0.228338 -0.032275 -0.753642 0.0025 1.02682 1.03768 2.52667 0.00486941 291 3 1 -1.46667e-06 
0.230771 -0.0326409 0.875613 0.0025 1.02643 1.03699 2.52638 0.00487123 292 4 1 -4.61282e-06 
0.233209 -0.0257495 6.28955 0.0025 1.02071 1.02903 2.52077 0.00489855 293 4 1 -3.20985e-06 
0.23567 -0.0121609 5.86224 0.0025 1.01149 1.01634 2.51146 0.00494318 294 4 1 4.80986e-06 
0.238152 -0.00585628 0.464512 0.0025 1.00581 1.00824 2.50572 0.00497112 295 4 1 3.65088e-06 
0.240641 -0.00472288 1.31818 0.0025 1.00289 1.0039 2.50298 0.0049856 296 4 1 -2.95794e-06 
0.243138 0.00290386 5.49384 0.0025 0.996728 0.995358 2.49689 0.00501641 297 4 1 -2.35905e-06 
0.245657 0.0149809 5.53743 0.0025 0.987728 0.982956 2.48773 0.00506212 298 4 1 2.49954e-06 
0.2482 0.0246096 3.57551 0.0025 0.979722 0.971796 2.4796 0.00510349 299 4 1 2.58416e-06 
0.250761 0.0320224 3.42806 0.0025 0.972982 0.962367 2.47281 0.00513884 300 4 1 1.96958e-07 
0.253339 0.0409276 4.65313 0.0025 0.965587 0.952154 2.46531 0.0051782 301 4 1 9.47115e-08 
0.255939 0.0515097 4.69003 0.0025 0.957367 0.940881 2.45686 0.00522266 302 4 1 1.70244e-06 
0.258562 0.0609777 3.88928 0.0025 0.949553 0.930127 2.44881 0.00526563 303 4 1 1.46675e-06 
0.261205 0.0700924 4.29471 0.0025 0.94194 0.919678 2.44096 0.00530819 304 4 1 6.11762e-07 
0.26387 0.0804091 4.58584 0.0025 0.933861 0.908678 2.43256 0.00535412 305 4 1 1.22239e-06 
0.266559 0.090575 4.30246 0.0025 0.925731 0.897622 2.42406 0.00540114 306 4 1 1.39113e-06 
0.269271 0.100777 4.46449 0.0025 0.917635 0.88665 2.41556 0.00544879 307 4 1 1.26541e-06 
0.272008 0.111183 4.32255 0.0025 0.909505 0.875676 2.40698 0.00549749 308 4 1 1.4059e-06 
0.274769 0.121461 4.37277 0.0025 0.901408 0.864775 2.39839 0.00554688 309 4 1 1.28147e-06 
0.277555 0.132083 4.3931 0.0025 0.893232 0.853817 2.38967 0.00559765 310 4 1 1.35349e-06 
0.280367 0.142723 4.40763 0.0025 0.884999 0.842821 2.38083 0.00564972 311 4 1 1.39804e-06 
0.283205 0.153631 4.42244 0.0025 0.876712 0.831795 2.37189 0.00570313 312 4 1 1.46056e-06 
0.28607 0.164579 4.40186 0.0025 0.868399 0.820777 2.36287 0.00575772 313 4 1 1.53737e-06 
0.288963 0.175633 4.36147 0.0025 0.860098 0.809813 2.35381 0.00581329 314 4 1 1.52047e-06 
0.291883 0.186773 4.39151 0.0025 0.851775 0.798864 2.34468 0.00587009 315 4 1 1.5346e-06 
0.294833 0.198052 4.36714 0.0025 0.843417 0.787912 2.33545 0.00592826 316 4 1 1.56882e-06 
0.297812 0.20951 4.40661 0.0025 0.835015 0.776946 2.32612 0.00598792 317 4 1 1.59982e-06 
0.300821 0.221107 4.38711 0.0025 0.826567 0.765966 2.31668 0.00604912 318 4 1 1.69376e-06 
0.303861 0.232788 4.36763 0.0025 0.818113 0.755022 2.30717 0.00611162 319 4 1 1.71462e-06 
0.306933 0.244626 4.35848 0.0025 0.809648 0.744108 2.2976 0.00617552 320 4 1 1.7306e-06 
0.310037 0.256538 4.36129 0.0025 0.801156 0.733204 2.28793 0.00624099 321 4 1 1.76127e-06 
0.313174 0.268656 4.36207 0.0025 0.792626 0.7223 2.27816 0.00630815 322 4 1 1.80913e-06 
0.316345 0.280922 4.35951 0.0025 0.784062 0.7114 2.26828 0.00637705 323 4 1 1.85788e-06 
0.319551 0.293304 4.35799 0.0025 0.775467 0.700507 2.2583 0.00644773 324 4 1 1.91765e-06 
0.322793 0.305825 4.33664 0.0025 0.766854 0.68964 2.24824 0.00652015 325 4 1 1.96739e-06 
0.326072 0.318464 4.32801 0.0025 0.758226 0.678803 2.23809 0.00659434 326 4 1 1.98531e-06 
0.329388 0.331321 4.33533 0.0025 0.749565 0.667974 2.22783 0.00667053 327 4 1 2.03689e-06 
0.332742 0.344342 4.32348 0.0025 0.740872 0.657155 2.21746 0.0067488 328 4 1 2.10984e-06 
0.336137 0.357487 4.30928 0.0025 0.732163 0.646367 2.207 0.00682908 329 4 1 2.15938e-06 
0.339572 0.370818 4.29536 0.0025 0.723441 0.635615 2.19645 0.00691142 330 4 1 2.22019e-06 
0.343048 0.38422 4.26859 0.0025 0.714717 0.624912 2.18582 0.00699577 331 4 1 2.25884e-06 
0.346568 0.397836 4.26827 0.0025 0.705989 0.614258 2.17511 0.00708226 332 4 1 2.34559e-06 
0.350131 0.411504 4.19548 0.0025 0.6973 0.603703 2.16436 0.00717052 333 4 1 2.45278e-06 
0.353739 0.425142 4.1232 0.0025 0.688712 0.593323 2.15367 0.00725992 334 4 1 2.47468e-06 
0.357391 0.438712 4.03178 0.0025 0.680258 0.583156 2.14305 0.00735015 335 4 1 2.52721e-06 
0.361089 0.452106 3.88766 0.0025 0.672007 0.57328 2.13262 0.0074404 336 4 1 2.53664e-06 
0.364832 0.465161 3.73425 0.0025 0.664015 0.563759 2.12244 0.00752995 337 4 1 2.46182e-06 
0.368619 0.477871 3.57371 0.0025 0.656298 0.554607 2.11254 0.00761849 338 4 1 2.32264e-06 
0.372451 0.490264 3.45223 0.0025 0.648823 0.545778 2.10289 0.00770626 339 4 1 2.09626e-06 
0.376326 0.502559 3.42048 0.0025 0.641469 0.537132 2.09333 0.00779461 340 4 1 1.90884e-06 
0.380245 0.514994 3.43287 0.0025 0.634101 0.52851 2.08368 0.00788518 341 4 1 1.78894e-06 
0.384211 0.527791 3.54011 0.0025 0.626583 0.519756 2.07377 0.00797978 342 4 1 1.78021e-06 
0.388226 0.541221 3.64532 0.0025 0.618822 0.510767 2.06347 0.00807987 343 4 1 1.94726e-06 
0.392291 0.555194 3.74729 0.0025 0.61081 0.501536 2.05274 0.00818586 344 4 1 2.16113e-06 
0.396412 0.569762 3.83477 0.0025 0.602569 0.492095 2.04162 0.00829781 345 4 1 2.4516e-06 
0.40059 0.584828 3.85834 0.0025 0.594185 0.482547 2.03022 0.00841488 346 4 1 2.80678e-06 
0.404827 0.600001 3.7897 0.0025 0.585828 0.473083 2.01875 0.00853493 347 4 1 3.1313e-06 
0.409125 0.615005 3.61909 0.0025 0.577717 0.463955 2.00753 0.00865476 348 4 1 3.44944e-06 
0.413482 0.6291 3.23322 0.0025 0.570187 0.455528 1.99702 0.00876905 349 4 1 3.62763e-06 
0.417894 0.64147 2.68904 0.0025 0.563615 0.448203 1.98778 0.0088713 350 4 1 3.38778e-06 
0.422354 0.651591 2.10117 0.0025 0.558221 0.442207 1.98015 0.00895703 351 4 1 2.81595e-06 
0.426852 0.65941 1.56328 0.0025 0.554015 0.437537 1.97417 0.00902503 352 4 1 1.99481e-06 
0.431379 0.665489 1.27041 0.0025 0.550744 0.433913 1.96951 0.00907863 353 4 1 1.3393e-06 
0.43593 0.670514 1.01938 0.0025 0.548157 0.431068 1.96581 0.00912148 354 4 1 1.29034e-06 
0.440501 0.674038 0.566794 0.0025 0.546366 0.429104 1.96324 0.00915138 355 4 1 1.2933e-06 
0.445082 0.675513 0.131304 0.0025 0.545496 0.428134 1.962 0.00916597 356 4 1 7.78161e-07 
0.449667 0.675772 0.0111662 0.0025 0.545233 0.427826 1.96163 0.00917039 357 4 1 1.94024e-07 
0.454252 0.675929 0.0428135 0.0025 0.545136 0.427716 1.9615 0.00917203 358 4 1 7.88377e-08 
0.458839 0.675973 -0.0352351 0.0025 0.545105 0.427684 1.96146 0.00917254 359 5 1 9.58388e-08 
0.463425 0.675841 -0.0330382 0.0025 0.545152 0.427735 1.96153 0.00917176 360 4 1 3.23414e-08 
0.46801 0.675682 -0.0443589 0.0025 0.545226 0.427818 1.96165 0.0091705 361 4 1 2.51234e-08 
0.472595 0.675488 -0.048738 0.0025 0.545321 0.427924 1.96179 0.0091689 362 4 1 1.30786e-08 
0.477179 0.675277 -0.0481793 0.0025 0.545425 0.42804 1.96195 0.00916716 363 4 1 1.1086e-09 
0.481762 0.675065 -0.045944 0.0025 0.545531 0.428157 1.96212 0.00916539 364 4 1 -3.72107e-09 
0.486345 0.674864 -0.042703 0.0025 0.545632 0.428271 1.96227 0.00916368 365 4 1 -4.58036e-09 
0.490926 0.67468 -0.0393735 0.0025 0.545728 0.428379 1.96242 0.00916207 366 4 1 -9.71953e-09 
0.495507 0.674516 -0.0358151 0.0025 0.545816 0.428478 1.96256 0.0091606 367 4 1 -1.18627e-08 
0.500087 0.67437 -0.0315379 0.0025 0.545894 0.428566 1.96268 0.00915929 368 4 1 -9.67968e-09 
0.504666 0.674237 -0.0271756 0.0025 0.545962 0.428644 1.96279 0.00915815 369 4 1 -9.57924e-09 
0.509245 0.674118 -0.0237101 0.0025 0.546021 0.428712 1.96289 0.00915716 370 4 1 -8.53551e-09 
0.513823 0.674013 -0.0213056 0.0025 0.546074 0.428773 1.96298 0.00915627 371 4 1 -5.50858e-09 
0.518401 0.673923 -0.0193904 0.0025 0.54612 0.428827 1.96306 0.00915549 372 4 1 -4.98076e-09 
0.522979 0.673844 -0.0173691 0.0025 0.546161 0.428876 1.96314 0.0091548 373 4 1 -6.72466e-09 
0.527556 0.673774 -0.0151465 0.0025 0.546197 0.428919 1.96321 0.00915421 374 4 1 -5.15164e-09 
0.532133 0.673711 -0.0130954 0.0025 0.546227 0.428957 1.96327 0.0091537 375 4 1 -3.20466e-09 
0.53671 0.673653 -0.0115744 0.0025 0.546253 0.42899 1.96333 0.00915326 376 4 1 -3.62022e-09 
0.541286 0.673602 -0.0105524 0.0025 0.546276 0.429019 1.96338 0.00915288 377 4 1 -1.75766e-09 
0.545862 0.673558 -0.00971469 0.0025 0.546296 0.429046 1.96343 0.00915255 378 4 1 -1.55922e-09 
0.550439 0.673519 -0.00881411 0.0025 0.546313 0.429071 1.96348 0.00915225 379 4 1 -1.626e-09 
0.555015 0.673484 -0.00784679 0.0025 0.546328 0.429093 1.96353 0.00915201 380 4 1 9.0699e-11 
0.559591 0.673451 -0.00694902 0.0025 0.54634 0.429112 1.96358 0.00915182 381 4 1 -3.40435e-09 
0.564167 0.673422 -0.00621634 0.0025 0.546349 0.429129 1.96362 0.00915166 382 4 1 -3.30937e-10 
0.568742 0.673395 -0.00563426 0.0025 0.546357 0.429145 1.96367 0.00915153 383 4 1 3.34666e-09 
0.573318 0.67337 -0.00513227 0.0025 0.546362 0.429159 1.96371 0.00915144 384 4 1 -3.00993e-09 
0.577894 0.673348 -0.00465872 0.0025 0.546366 0.429172 1.96376 0.00915137 385 4 1 7.68249e-10 
0.582469 0.673327 -0.00420179 0.0025 0.546368 0.429184 1.9638 0.00915134 386 4 1 2.30204e-09 
0.587045 0.673308 -0.00376804 0.0025 0.546368 0.429194 1.96385 0.00915133 387 3 1 1.68463e-09 
0.591621 0.67329 -0.00336613 0.0025 0.546366 0.429203 1.9639 0.00915137 388 4 1 3.69635e-09 
0.596196 0.673273 -0.0030092 0.0025 0.546362 0.429212 1.96395 0.00915143 389 4 1 -3.10173e-09 
0.600772 0.673257 -0.00271474 0.0025 0.546358 0.429219 1.964 0.00915152 390 4 1 4.79881e-09 
0.605348 0.673243 -0.00249128 0.0025 0.546351 0.429226 1.96406 0.00915162 391 4 1 4.24736e-09 
0.609924 0.673229 -0.00232774 0.0025 0.546342 0.429233 1.96412 0.00915177 392 4 1 7.82238e-09 
0.6145 0.673217 -0.00219957 0.0025 0.546334 0.429241 1.96419 0.00915191 393 4 1 -3.86833e-09 
0.619076 0.673206 -0.00208405 0.0025 0.546316 0.429248 1.96425 0.00915221 394 4 1 1.4339e-07 
0.623652 0.673196 -0.00196902 0.0025 0.54631 0.429282 1.96449 0.00915232 395 4 1 -1.38974e-07 
0.628228 0.673187 -0.00185106 0.0025 0.545916 0.429132 1.96456 0.00915892 396 5 1 3.48624e-06 
0.632811 0.673178 -0.00173059 0.0025 0.548184 0.430801 1.96842 0.00912102 397 3 1 -1.90588e-05 
0.637349 0.673171 -0.00161136 0.0025 0.536859 0.426135 1.94997 0.00931343 398 4 1 0.000179244 
0.642131 0.673163 -0.00148915 0.0025 0.511007 0.432675 2.15243 0.0097846 399 4 1 -0.000134227 
0.647141 0.673156 -0.00136808 0.0025 0.482766 0.424454 2.15542 0.010357 400 4 1 0.000266071 
0.652502 0.673148 -0.00124776 0.0025 0.454286 0.432899 2.4441 0.0110063 401 4 1 -0.000240408 
0.658157 0.673141 -0.00113078 0.0025 0.446991 0.427238 2.38019 0.0111859 402 5 1 5.38055e-05 
0.663689 0.673134 -0.00102587 0.0025 0.452424 0.429611 2.37458 0.0110516 403 4 1 -3.01264e-06 
0.669209 0.673128 -0.000929676 0.0025 0.453608 0.429284 2.36519 0.0110227 404 4 1 3.91261e-06 
0.674712 0.673122 -0.000841819 0.0025 0.45469 0.429345 2.3604 0.0109965 405 4 1 1.27141e-06 
0.680206 0.673117 -0.000761176 0.0025 0.455315 0.429321 2.35711 0.0109814 406 4 1 8.42791e-07 
0.685693 0.673111 -0.000687011 0.0025 0.45576 0.429311 2.35481 0.0109707 407 4 1 5.44247e-07 
0.691176 0.673106 -0.000618537 0.0025 0.456082 0.429305 2.35315 0.0109629 408 4 1 3.48987e-07 
0.696656 0.673102 -0.00055411 0.0025 0.456324 0.429302 2.35191 0.0109571 409 4 1 2.46626e-07 
0.702133 0.673097 -0.000490504 0.0025 0.456509 0.429301 2.35096 0.0109527 410 4 1 1.77125e-07 
0.707609 0.673093 -0.00042287 0.0025 0.456654 0.4293 2.35022 0.0109492 411 4 1 1.30745e-07 
0.713083 0.673089 -0.000345132 0.0025 0.456768 0.4293 2.34964 0.0109465 412 4 1 9.77978e-08 
0.718555 0.673084 -0.000250428 0.0025 0.456859 0.429299 2.34917 0.0109443 413 4 1 7.50993e-08 
0.724027 0.67308 -0.000131063 0.0025 0.456933 0.429299 2.3488 0.0109425 414 4 1 5.83558e-08 
0.729498 0.673075 2.31677e-05 0.0025 0.456993 0.429299 2.34849 0.0109411 415 4 1 4.56713e-08 
0.734968 0.67307 0.000230989 0.0025 0.457041 0.429298 2.34824 0.0109399 416 4 1 3.58279e-08 
0.740438 0.673063 0.000536228 0.0025 0.45708 0.429296 2.34803 0.010939 417 4 1 2.7598e-08 
0.745907 0.673055 0.00104801 0.0025 0.457111 0.429292 2.34785 0.0109383 418 4 1 1.95633e-08 
0.751376 0.673042 0.00203543 0.0025 0.457134 0.429285 2.3477 0.0109377 419 4 1 9.46906e-09 
0.756845 0.67302 0.00415833 0.0025 0.457146 0.429269 2.34755 0.0109374 420 3 1 -7.56781e-09 
0.762313 0.672976 0.00901319 0.0025 0.45714 0.429235 2.3474 0.0109376 421 4 1 -4.27676e-08 
0.767782 0.672881 0.0204547 0.0025 0.457099 0.429156 2.3472 0.0109386 422 4 1 -1.22008e-07 
0.773252 0.672662 0.0475467 0.0025 0.456976 0.42897 2.34685 0.0109415 423 4 1 -3.05812e-07 
0.778724 0.672153 0.112053 0.0025 0.456666 0.428533 2.34613 0.0109489 424 4 1 -7.23289e-07 
0.784201 0.670954 0.262759 0.0025 0.455923 0.427511 2.34453 0.0109668 425 4 1 -1.65059e-06 
0.78969 0.668174 0.608463 0.0025 0.454194 0.425165 2.34091 0.0110085 426 4 1 -3.47708e-06 
0.795209 0.661773 1.37431 0.0025 0.450355 0.420009 2.33291 0.0111024 427 4 1 -6.51325e-06 
0.800793 0.648086 2.87581 0.0025 0.442336 0.409364 2.31603 0.0113036 428 4 1 -9.93239e-06 
0.806515 0.618919 6.0474 0.0025 0.426859 0.389215 2.28262 0.0117135 429 4 1 -6.79138e-06 
0.812514 0.564451 10.4774 0.0025 0.400795 0.355901 2.2234 0.0124752 430 4 1 1.02151e-05 
0.819013 0.463336 20.87 0.0025 0.360554 0.30654 2.12332 0.0138676 431 4 1 7.18395e-05 
0.826462 0.282868 30.6957 0.0025 0.311363 0.249018 1.98582 0.0160584 432 4 1 0.000206677 
0.835224 0.0952853 21.8541 0.0025 0.271786 0.204286 1.86356 0.0183969 433 4 1 0.000249444 
0.844949 0.00497817 5.88324 0.0025 0.25323 0.183652 1.80485 0.0197449 434 4 1 0.000107152 
0.85498 -0.00656352 -0.837305 0.0025 0.24934 0.179044 1.79309 0.020053 435 5 1 1.46879e-05 
0.865002 -0.000668827 -0.427224 0.0025 0.249731 0.179225 1.79423 0.0200215 436 4 1 -2.97054e-07 
0.875002 0.000275847 0.00478356 0.0025 0.250021 0.179508 1.79506 0.0199983 437 4 1 -6.86562e-07 
0.885001 0.000135081 0.0230039 0.0025 0.250024 0.179523 1.79507 0.0199981 438 3 1 -4.37693e-08 
0.895 3.23534e-05 0.00828323 0.0025 0.250008 0.179508 1.79502 0.0199994 439 4 1 2.53559e-08 
0.905 3.59427e-06 0.00161388 0.0025 0.250001 0.179501 1.795 0.0199999 440 4 1 1.19656e-08 
0.915 -6.59499e-07 6.6309e-05 0.0025 0.25 0.1795 1.795 0.02 441 4 1 2.78969e-09 
0.925 -2.2918e-07 -8.01307e-05 0.0025 0.25 0.1795 1.795 0.02 442 5 1 2.36103e-10 
0.935 1.67657e-08 -6.87566e-06 0.0025 0.25 0.1795 1.795 0.02 443 4 1 -9.56522e-11 
0.945 1.77082e-08 2.00184e-06 0.0025 0.25 0.1795 1.795 0.02 444 3 1 -1.84271e-11 
0.955 5.47943e-09 1.21739e-06 0.0025 0.25 0.1795 1.795 0.02 445 4 1 1.74095e-12 
0.965 8.88645e-10 2.99257e-07 0.0025 0.25 0.1795 1.795 0.02 446 4 1 1.60321e-12 
0.975 -7.43439e-12 3.53948e-08 0.0025 0.25 0.1795 1.795 0.02 447 4 1 4.74057e-13 
0.985 -4.32168e-11 -9.19702e-09 0.0025 0.25 0.1795 1.795 0.02 448 5 1 7.06709e-14 
0.995 -4.18908e-12 -2.3571e-09 0.0025 0.25 0.1795 1.795 0.02 449 3 1 -1.04446e-14 
1.005 4.20144e-12 2.36132e-09 0.0025 0.25 0.1795 1.795 0.02 450 4 1 -1.04375e-14 
1.015 4.32012e-11 9.19515e-09 0.0025 0.25 0.1795 1.795 0.02 451 5 1 7.06455e-14 
1.025 7.44268e-12 -3.53993e-08 0.0025 0.25 0.1795 1.795 0.02 452 4 1 4.74097e-13 
1.035 -8.88634e-10 -2.99255e-07 0.0025 0.25 0.1795 1.795 0.02 453 4 1 1.6032e-12 
1.045 -5.47944e-09 -1.21739e-06 0.0025 0.25 0.1795 1.795 0.02 454 4 1 1.74093e-12 
1.055 -1.77082e-08 -2.00184e-06 0.0025 0.25 0.1795 1.795 0.02 455 3 1 -1.84271e-11 
1.065 -1.67657e-08 6.87565e-06 0.0025 0.25 0.1795 1.795 0.02 456 4 1 -9.56521e-11 
1.075 2.2918e-07 8.01307e-05 0.0025 0.25 0.1795 1.795 0.02 457 5 1 2.36103e-10 
1.085 6.59499e-07 -6.6309e-05 0.0025 0.25 0.1795 1.795 0.02 458 4 1 2.78969e-09 
1.095 -3.59427e-06 -0.00161388 0.0025 0.250001 0.179501 1.795 0.0199999 459 4 1 1.19656e-08 
1.105 -3.23534e-05 -0.00828323 0.0025 0.250008 0.179508 1.79502 0.0199994 460 4 1 2.53559e-08 
1.115 -0.000135081 -0.0230039 0.0025 0.250024 0.179523 1.79507 0.0199981 461 3 1 -4.37693e-08 
1.125 -0.000275847 -0.00478356 0.0025 0.250021 0.179508 1.79506 0.0199983 462 4 1 -6.86562e-07 
1.135 0.000668827 0.427224 0.0025 0.249731 0.179225 1.79423 0.0200215 463 4 1 -2.97054e-07 
1.14502 0.00656352 0.837305 0.0025 0.24934 0.179044 1.79309 0.020053 464 5 1 1.46879e-05 
1.15505 -0.00497817 -5.88324 0.0025 0.25323 0.183652 1.80485 0.0197449 465 4 1 0.000107152 
1.16478 -0.0952853 -21.8541 0.0025 0.271786 0.204286 1.86356 0.0183969 466 4 1 0.000249444 
1.17354 -0.282868 -30.6957 0.0025 0.311363 0.249018 1.98582 0.0160584 467 4 1 0.000206677 
1.18099 -0.463336 -20.87 0.0025 0.360554 0.30654 2.12332 0.0138676 468 4 1 7.18395e-05 
1.18749 -0.564451 -10.4774 0.0025 0.400795 0.355901 2.2234 0.0124752 469 4 1 1.02151e-05 
1.19349 -0.618919 -6.0474 0.0025 0.426859 0.389215 2.28262 0.0117135 470 4 1 -6.79138e-06 
1.19921 -0.648086 -2.87581 0.0025 0.442336 0.409364 2.31603 0.0113036 471 4 1 -9.93239e-06 
1.20479 -0.661773 -1.37431 0.0025 0.450355 0.420009 2.33291 0.0111024 472 4 1 -6.51325e-06 
1.21031 -0.668174 -0.608463 0.0025 0.454194 0.425165 2.34091 0.0110085 473 4 1 -3.47708e-06 
1.2158 -0.670954 -0.262759 0.0025 0.455923 0.427511 2.34453 0.0109668 474 4 1 -1.65059e-06 
1.22128 -0.672153 -0.112053 0.0025 0.456666 0.428533 2.34613 0.0109489 475 4 1 -7.23289e-07 
1.22675 -0.672662 -0.0475467 0.0025 0.456976 0.42897 2.34685 0.0109415 476 4 1 -3.05812e-07 
1.23222 -0.672881 -0.0204547 0.0025 0.457099 0.429156 2.3472 0.0109386 477 4 1 -1.22008e-07 
1.23769 -0.672976 -0.00901319 0.0025 0.45714 0.429235 2.3474 0.0109376 478 4 1 -4.27676e-08 
1.24316 -0.67302 -0.00415833 0.0025 0.457146 0.429269 2.34755 0.0109374 479 3 1 -7.56781e-09 
1.24862 -0.673042 -0.00203543 0.0025 0.457134 0.429285 2.3477 0.0109377 480 4 1 9.46906e-09 
1.25409 -0.673055 -0.00104801 0.0025 0.457111 0.429292 2.34785 0.0109383 481 4 1 1.95633e-08 
1.25956 -0.673063 -0.000536228 0.0025 0.45708 0.429296 2.34803 0.010939 482 4 1 2.7598e-08 
1.26503 -0.67307 -0.000230989 0.0025 0.457041 0.429298 2.34824 0.0109399 483 4 1 3.58279e-08 
1.2705 -0.673075 -2.31676e-05 0.0025 0.456993 0.429299 2.34849 0.0109411 484 4 1 4.56713e-08 
1.27597 -0.67308 0.000131063 0.0025 0.456933 0.429299 2.3488 0.0109425 485 4 1 5.83558e-08 
1.28144 -0.673084 0.000250428 0.0025 0.456859 0.429299 2.34917 0.0109443 486 4 1 7.50993e-08 
1.28692 -0.673089 0.000345132 0.0025 0.456768 0.4293 2.34964 0.0109465 487 4 1 9.77978e-08 
1.29239 -0.673093 0.00042287 0.0025 0.456654 0.4293 2.35022 0.0109492 488 4 1 1.30745e-07 
1.29787 -0.673097 0.000490504 0.0025 0.456509 0.429301 2.35096 0.0109527 489 4 1 1.77125e-07 
1.30334 -0.673102 0.00055411 0.0025 0.456324 0.429302 2.35191 0.0109571 490 4 1 2.46626e-07 
1.30882 -0.673106 0.000618537 0.0025 0.456082 0.429305 2.35315 0.0109629 491 4 1 3.48987e-07 
1.31431 -0.673111 0.000687011 0.0025 0.45576 0.429311 2.35481 0.0109707 492 4 1 5.44247e-07 
1.31979 -0.673117 0.000761176 0.0025 0.455315 0.429321 2.35711 0.0109814 493 4 1 8.42791e-07 
1.32529 -0.673122 0.000841819 0.0025 0.45469 0.429345 2.3604 0.0109965 494 4 1 1.27141e-06 
1.33079 -0.673128 0.000929676 0.0025 0.453608 0.429284 2.36519 0.0110227 495 4 1 3.91261e-06 
1.33631 -0.673134 0.00102587 0.0025 0.452424 0.429611 2.37458 0.0110516 496 4 1 -3.01264e-06 
1.34184 -0.673141 0.00113078 0.0025 0.446991 0.427238 2.38019 0.0111859 497 5 1 5.38055e-05 
1.3475 -0.673148 0.00124776 0.0025 0.454286 0.432899 2.4441 0.0110063 498 4 1 -0.000240408 
1.35286 -0.673156 0.00136808 0.0025 0.482766 0.424454 2.15542 0.010357 499 4 1 0.000266071 
