# Time [s]: 0.217533
# Columns: pos [m], vel [m/s], acc [m/s^2], mass [kg], dens [kg/m^3], pres [Pa], ene [J/kg], sml [m], id, neighbor, alpha, gradh, ...additional?
1.35581 -0.673159 0.00141503 0.0025 0.511009 0.432678 2.15243 0.00978456 0 4 1 -0.000134227 
1.36059 -0.673166 0.00152514 0.0025 0.536862 0.426138 1.94997 0.00931339 1 4 1 0.000179244 
1.36513 -0.673173 0.00162899 0.0025 0.548187 0.430804 1.96843 0.00912097 2 3 1 -1.90588e-05 
1.36971 -0.673181 0.00173047 0.0025 0.545919 0.429136 1.96457 0.00915887 3 5 1 3.48623e-06 
1.37429 -0.67319 0.00182735 0.0025 0.546313 0.429286 1.9645 0.00915226 4 4 1 -1.3892e-07 
1.37886 -0.6732 0.00192211 0.0025 0.54632 0.429252 1.96426 0.00915215 5 4 1 1.43443e-07 
1.38344 -0.673211 0.00202417 0.0025 0.546338 0.429246 1.9642 0.00915184 6 4 1 -3.83372e-09 
1.38801 -0.673222 0.00215226 0.0025 0.546347 0.429238 1.96413 0.00915169 7 4 1 7.82633e-09 
1.39259 -0.673235 0.0023291 0.0025 0.546356 0.429232 1.96406 0.00915154 8 4 1 4.22368e-09 
1.39717 -0.673249 0.00256883 0.0025 0.546363 0.429225 1.96401 0.00915143 9 4 1 4.77176e-09 
1.40174 -0.673264 0.00286857 0.0025 0.546368 0.429218 1.96396 0.00915134 10 4 1 -3.10258e-09 
1.40632 -0.67328 0.00321343 0.0025 0.546372 0.42921 1.96391 0.00915127 11 4 1 3.73672e-09 
1.41089 -0.673296 0.00358817 0.0025 0.546375 0.429201 1.96386 0.00915122 12 4 1 1.76544e-09 
1.41547 -0.673314 0.00398178 0.0025 0.546375 0.429191 1.96381 0.00915122 13 3 1 2.4193e-09 
1.42004 -0.673334 0.00438691 0.0025 0.546374 0.42918 1.96377 0.00915125 14 4 1 9.11211e-10 
1.42462 -0.673355 0.00480975 0.0025 0.54637 0.429168 1.96372 0.0091513 15 4 1 -2.87656e-09 
1.4292 -0.673378 0.00528733 0.0025 0.546366 0.429155 1.96368 0.00915138 16 4 1 3.42377e-09 
1.43377 -0.673403 0.00587809 0.0025 0.546359 0.42914 1.96364 0.00915149 17 4 1 -3.02178e-10 
1.43835 -0.673431 0.00660682 0.0025 0.54635 0.429124 1.96359 0.00915164 18 4 1 -3.31131e-09 
1.44292 -0.67346 0.00741085 0.0025 0.54634 0.429106 1.96355 0.00915181 19 4 1 3.94737e-10 
1.4475 -0.673493 0.00817359 0.0025 0.546327 0.429085 1.9635 0.00915203 20 4 1 -1.11e-09 
1.45207 -0.67353 0.00886212 0.0025 0.546311 0.429063 1.96345 0.0091523 21 4 1 -1.07182e-09 
1.45665 -0.673572 0.00964011 0.0025 0.546293 0.429038 1.96341 0.0091526 22 4 1 -1.59201e-09 
1.46123 -0.673619 0.0107782 0.0025 0.546272 0.429011 1.96336 0.00915295 23 4 1 -3.74778e-09 
1.4658 -0.673672 0.0123776 0.0025 0.546248 0.42898 1.9633 0.00915334 24 4 1 -3.16057e-09 
1.47038 -0.673729 0.0142071 0.0025 0.54622 0.428945 1.96324 0.00915382 25 4 1 -4.46851e-09 
1.47496 -0.673793 0.0159205 0.0025 0.546187 0.428905 1.96318 0.00915437 26 4 1 -5.51544e-09 
1.47954 -0.673866 0.0174808 0.0025 0.54615 0.42886 1.96311 0.00915499 27 4 1 -3.94547e-09 
1.48411 -0.673951 0.0193139 0.0025 0.546108 0.428811 1.96303 0.0091557 28 4 1 -5.24999e-09 
1.48869 -0.674048 0.021961 0.0025 0.54606 0.428755 1.96295 0.0091565 29 4 1 -8.83e-09 
1.49327 -0.674157 0.0254867 0.0025 0.546006 0.428692 1.96286 0.00915741 30 4 1 -9.41057e-09 
1.49785 -0.674277 0.02927 0.0025 0.545943 0.42862 1.96275 0.00915847 31 4 1 -8.43915e-09 
-0.497572 -0.674411 0.0327069 0.0025 0.54587 0.428538 1.96264 0.00915969 32 4 1 -1.055e-08 
-0.492992 -0.674564 0.0360404 0.0025 0.545789 0.428446 1.96251 0.00916104 33 4 1 -9.89548e-09 
-0.488411 -0.674737 0.0397801 0.0025 0.545701 0.428346 1.96237 0.00916253 34 4 1 -6.4993e-09 
-0.483829 -0.674928 0.0437028 0.0025 0.545604 0.428238 1.96222 0.00916415 35 4 1 -7.15696e-09 
-0.479247 -0.67513 0.0471207 0.0025 0.545501 0.428123 1.96206 0.00916588 36 4 1 -3.61052e-09 
-0.474663 -0.675338 0.0486277 0.0025 0.545396 0.428006 1.9619 0.00916765 37 4 1 6.93775e-09 
-0.470079 -0.675542 0.0467916 0.0025 0.545294 0.427893 1.96175 0.00916936 38 4 1 1.754e-08 
-0.465494 -0.675727 0.0414576 0.0025 0.545207 0.427795 1.96161 0.00917083 39 4 1 2.32419e-08 
-0.460908 -0.675864 0.0315721 0.0025 0.545139 0.42772 1.96151 0.00917197 40 4 1 5.36677e-08 
-0.456322 -0.675985 0.0124803 0.0025 0.545115 0.427694 1.96147 0.00917237 41 5 1 9.94829e-08 
-0.451736 -0.675853 -0.0415217 0.0025 0.545172 0.427754 1.96154 0.00917141 42 4 1 8.04728e-08 
-0.447151 -0.675705 -0.0230487 0.0025 0.5453 0.427902 1.96172 0.00916927 43 4 1 3.16979e-07 
-0.442567 -0.675228 -0.226809 0.0025 0.545689 0.428351 1.96226 0.00916273 44 4 1 9.52218e-07 
-0.437988 -0.673186 -0.70679 0.0025 0.546804 0.429585 1.96386 0.00914405 45 4 1 1.34027e-06 
-0.433423 -0.669147 -1.10941 0.0025 0.548843 0.43182 1.96679 0.00911007 46 4 1 1.26829e-06 
-0.428878 -0.663817 -1.33873 0.0025 0.551624 0.434885 1.97076 0.00906415 47 4 1 1.45779e-06 
-0.424358 -0.657379 -1.69328 0.0025 0.555121 0.438762 1.97574 0.00900705 48 4 1 2.16259e-06 
-0.419871 -0.648998 -2.23177 0.0025 0.559602 0.443739 1.9821 0.00893492 49 4 1 2.91577e-06 
-0.415423 -0.638362 -2.80881 0.0025 0.565256 0.450027 1.99009 0.00884555 50 4 1 3.40609e-06 
-0.411025 -0.625636 -3.30642 0.0025 0.572024 0.457578 1.99958 0.00874089 51 4 1 3.53789e-06 
-0.406682 -0.611396 -3.63819 0.0025 0.579646 0.466119 2.0102 0.00862595 52 4 1 3.29379e-06 
-0.402399 -0.596502 -3.76151 0.0025 0.587746 0.475248 2.02139 0.00850708 53 4 1 2.98662e-06 
-0.398175 -0.581496 -3.81878 0.0025 0.596027 0.484638 2.03273 0.00838888 54 4 1 2.67476e-06 
-0.394009 -0.566717 -3.77476 0.0025 0.604296 0.494068 2.04396 0.00827408 55 4 1 2.31451e-06 
-0.3899 -0.552427 -3.67542 0.0025 0.612393 0.503355 2.05486 0.00816469 56 4 1 2.07744e-06 
-0.385844 -0.538723 -3.59225 0.0025 0.620264 0.512434 2.06538 0.00806108 57 4 1 1.87107e-06 
-0.381839 -0.525553 -3.4739 0.0025 0.627893 0.521276 2.0755 0.00796314 58 4 1 1.73048e-06 
-0.377881 -0.512979 -3.39079 0.0025 0.635291 0.529898 2.08524 0.00787041 59 4 1 1.76379e-06 
-0.373968 -0.50071 -3.38045 0.0025 0.642563 0.538415 2.09475 0.00778133 60 4 1 1.88407e-06 
-0.370099 -0.488573 -3.42601 0.0025 0.64984 0.546976 2.10421 0.0076942 61 4 1 2.07382e-06 
-0.366274 -0.476308 -3.54746 0.0025 0.657251 0.555733 2.11377 0.00760744 62 4 1 2.27063e-06 
-0.362491 -0.463714 -3.69681 0.0025 0.664895 0.564804 2.12356 0.00751998 63 4 1 2.41027e-06 
-0.358753 -0.450798 -3.85509 0.0025 0.672809 0.574236 2.13363 0.00743153 64 4 1 2.47554e-06 
-0.35506 -0.437564 -3.98614 0.0025 0.680974 0.584013 2.14395 0.00734242 65 4 1 2.45439e-06 
-0.351411 -0.424162 -4.07406 0.0025 0.689327 0.594063 2.15443 0.00725345 66 4 1 2.40113e-06 
-0.347806 -0.410713 -4.13828 0.0025 0.697804 0.604312 2.16499 0.00716534 67 4 1 2.38788e-06 
-0.344245 -0.397225 -4.2164 0.0025 0.706379 0.614731 2.17559 0.00707835 68 4 1 2.27629e-06 
-0.340727 -0.383819 -4.20542 0.0025 0.714988 0.625242 2.18615 0.00699312 69 4 1 2.19444e-06 
-0.337252 -0.370585 -4.23938 0.0025 0.72359 0.635797 2.19663 0.00690999 70 4 1 2.15914e-06 
-0.333817 -0.357457 -4.24573 0.0025 0.73219 0.6464 2.20703 0.00682883 71 4 1 2.0958e-06 
-0.330422 -0.344484 -4.26142 0.0025 0.740775 0.657035 2.21735 0.00674968 72 4 1 2.06916e-06 
-0.327067 -0.331659 -4.28482 0.0025 0.749355 0.66771 2.22758 0.00667241 73 4 1 1.99142e-06 
-0.32375 -0.318994 -4.27176 0.0025 0.757907 0.678401 2.23771 0.00659712 74 4 1 1.92038e-06 
-0.32047 -0.306523 -4.27158 0.0025 0.766414 0.689085 2.24772 0.00652389 75 4 1 1.89574e-06 
-0.317226 -0.294151 -4.2832 0.0025 0.774896 0.699784 2.25764 0.00645248 76 4 1 1.86886e-06 
-0.314017 -0.281916 -4.29884 0.0025 0.783362 0.710511 2.26747 0.00638274 77 4 1 1.82926e-06 
-0.310843 -0.269827 -4.30757 0.0025 0.791813 0.721262 2.27722 0.00631462 78 4 1 1.75624e-06 
-0.307702 -0.257848 -4.29177 0.0025 0.800225 0.732012 2.28686 0.00624824 79 4 1 1.71971e-06 
-0.304594 -0.246077 -4.305 0.0025 0.808603 0.742762 2.29641 0.00618351 80 4 1 1.69586e-06 
-0.301519 -0.234409 -4.30616 0.0025 0.816958 0.753528 2.30587 0.00612027 81 4 1 1.6532e-06 
-0.298474 -0.222866 -4.31181 0.0025 0.825288 0.764307 2.31524 0.00605849 82 4 1 1.65987e-06 
-0.29546 -0.211408 -4.35255 0.0025 0.833619 0.775127 2.32456 0.00599795 83 4 1 1.57837e-06 
-0.292476 -0.200096 -4.30985 0.0025 0.841917 0.785949 2.33378 0.00593883 84 4 1 1.52471e-06 
-0.289521 -0.188921 -4.32745 0.0025 0.850165 0.79675 2.3429 0.00588121 85 4 1 1.50572e-06 
-0.286594 -0.177924 -4.30941 0.0025 0.858382 0.807551 2.35193 0.00582491 86 4 1 1.473e-06 
-0.283696 -0.167002 -4.32484 0.0025 0.866569 0.818355 2.36087 0.00576988 87 4 1 1.49731e-06 
-0.280824 -0.15621 -4.36283 0.0025 0.874764 0.829208 2.36978 0.00571583 88 4 1 1.4427e-06 
-0.27798 -0.145404 -4.3481 0.0025 0.882945 0.840083 2.37862 0.00566286 89 4 1 1.36703e-06 
-0.275161 -0.134878 -4.33274 0.0025 0.891075 0.850932 2.38735 0.0056112 90 4 1 1.35549e-06 
-0.272369 -0.124337 -4.34317 0.0025 0.899167 0.861766 2.396 0.0055607 91 4 1 1.22266e-06 
-0.269601 -0.114158 -4.22896 0.0025 0.90716 0.872515 2.40449 0.00551171 92 4 1 1.36921e-06 
-0.266857 -0.103922 -4.42163 0.0025 0.915174 0.883322 2.41297 0.00546344 93 4 1 1.2561e-06 
-0.264137 -0.0937545 -4.23116 0.0025 0.92317 0.894143 2.42138 0.00541612 94 4 1 1.25478e-06 
-0.261441 -0.0838911 -4.41943 0.0025 0.931133 0.904971 2.42971 0.0053698 95 4 1 1.44415e-06 
-0.258767 -0.0735453 -4.50028 0.0025 0.939217 0.915964 2.43814 0.00532358 96 4 1 6.9023e-07 
-0.256117 -0.064044 -3.8444 0.0025 0.946904 0.926476 2.44608 0.00528037 97 4 1 8.84578e-07 
-0.253487 -0.0552369 -4.18835 0.0025 0.954365 0.936752 2.45376 0.00523909 98 4 1 1.86316e-06 
-0.250878 -0.0451086 -4.83006 0.0025 0.962383 0.947767 2.46202 0.00519544 99 4 1 9.49498e-07 
-0.248291 -0.0351799 -4.05004 0.0025 0.970251 0.958581 2.47006 0.00515331 100 4 1 -2.53912e-07 
-0.245724 -0.0273764 -3.15315 0.0025 0.97706 0.968046 2.47693 0.00511739 101 4 1 1.04629e-06 
-0.243174 -0.0196558 -4.20036 0.0025 0.983974 0.977735 2.4839 0.00508143 102 4 1 3.18838e-06 
-0.240643 -0.00878516 -6.03765 0.0025 0.992573 0.989667 2.49266 0.00503742 103 4 1 7.5373e-07 
-0.238136 0.00245334 -3.99267 0.0025 1.00081 1.00099 2.50097 0.00499596 104 4 1 -3.82533e-06 
-0.235647 0.00642439 0.171684 0.0025 1.00501 1.00695 2.50501 0.00497508 105 4 1 -6.48175e-07 
-0.233161 0.00787426 -2.41542 0.0025 1.00814 1.01161 2.50803 0.00495964 106 4 1 5.75059e-06 
-0.230687 0.0183024 -7.16058 0.0025 1.01575 1.02222 2.51578 0.00492248 107 4 1 1.3263e-06 
-0.228239 0.0302092 -3.71215 0.0025 1.02403 1.03362 2.52406 0.00488265 108 4 1 -4.91386e-06 
-0.225804 0.0327559 0.257832 0.0025 1.027 1.03784 2.52688 0.00486856 109 3 1 -3.0996e-06 
-0.22337 0.031332 1.00134 0.0025 1.02608 1.03667 2.52593 0.00487293 110 4 1 -7.41895e-07 
-0.220931 0.0290039 1.21384 0.0025 1.02413 1.03395 2.524 0.00488219 111 4 1 -1.61499e-07 
-0.218488 0.0264074 1.28848 0.0025 1.02189 1.03078 2.52178 0.00489291 112 4 1 -3.69522e-08 
-0.216039 0.0236466 1.36025 0.0025 1.01949 1.0274 2.51941 0.00490442 113 4 1 -5.11249e-10 
-0.213583 0.0207292 1.43255 0.0025 1.01697 1.02385 2.51691 0.00491655 114 4 1 5.27798e-08 
-0.211122 0.0176979 1.47713 0.0025 1.01439 1.02022 2.51435 0.00492906 115 4 1 1.36401e-07 
-0.208654 0.0146525 1.46545 0.0025 1.01184 1.01663 2.51181 0.0049415 116 4 1 2.30576e-07 
-0.20618 0.0117295 1.38437 0.0025 1.00942 1.01323 2.5094 0.00495334 117 4 1 3.08497e-07 
-0.203701 0.00906447 1.24016 0.0025 1.00724 1.01017 2.50723 0.00496406 118 4 1 3.51766e-07 
-0.201216 0.00675913 1.05349 0.0025 1.00538 1.00755 2.50536 0.00497327 119 4 1 3.5593e-07 
-0.198728 0.0048646 0.850503 0.0025 1.00385 1.00542 2.50385 0.0049808 120 4 1 3.28039e-07 
-0.196236 0.00338141 0.654632 0.0025 1.00267 1.00376 2.50266 0.00498668 121 4 1 2.80474e-07 
-0.193741 0.00227171 0.481993 0.0025 1.00179 1.00252 2.50179 0.00499106 122 4 1 2.25428e-07 
-0.191245 0.00147585 0.340475 0.0025 1.00116 1.00163 2.50116 0.0049942 123 4 1 1.71933e-07 
-0.188747 0.000927363 0.231271 0.0025 1.00073 1.00103 2.50073 0.00499636 124 4 1 1.2524e-07 
-0.186248 0.000563458 0.151287 0.0025 1.00044 1.00062 2.50044 0.00499779 125 4 1 8.74915e-08 
-0.183749 0.000330787 0.0953749 0.0025 1.00026 1.00037 2.50026 0.0049987 126 4 1 5.87586e-08 
-0.181249 0.000187385 0.0579422 0.0025 1.00015 1.00021 2.50015 0.00499926 127 4 1 3.79787e-08 
-0.17875 0.000102227 0.0338947 0.0025 1.00008 1.00011 2.50008 0.0049996 128 4 1 2.36276e-08 
-0.17625 5.35603e-05 0.0190613 0.0025 1.00004 1.00006 2.50004 0.00499979 129 4 1 1.41382e-08 
-0.17375 2.68493e-05 0.0102797 0.0025 1.00002 1.00003 2.50002 0.00499989 130 4 1 8.1249e-09 
-0.17125 1.28108e-05 0.00529756 0.0025 1.00001 1.00001 2.50001 0.00499995 131 4 1 4.47384e-09 
-0.16875 5.77538e-06 0.00259554 0.0025 1 1.00001 2.5 0.00499998 132 4 1 2.35248e-09 
-0.16625 2.4336e-06 0.00120019 0.0025 1 1 2.5 0.00499999 133 4 1 1.17566e-09 
-0.16375 9.42339e-07 0.000517986 0.0025 1 1 2.5 0.005 134 4 1 5.54557e-10 
-0.16125 3.25644e-07 0.000204936 0.0025 1 1 2.5 0.005 135 4 1 2.44343e-10 
-0.15875 9.47267e-08 7.19085e-05 0.0025 1 1 2.5 0.005 136 4 1 9.88879e-11 
-0.15625 1.98207e-08 2.08053e-05 0.0025 1 1 2.5 0.005 137 4 1 3.56076e-11 
-0.15375 9.76328e-10 4.22384e-06 0.0025 1 1 2.5 0.005 138 4 1 1.10872e-11 
-0.15125 -4.99407e-10 -1.39032e-06 0.0025 1 1 2.5 0.005 139 5 1 2.02196e-12 
-0.14875 1.12612e-09 -3.79668e-07 0.0025 1 1 2.5 0.005 140 4 1 -6.90712e-13 
-0.14625 1.1295e-09 1.32159e-07 0.0025 1 1 2.5 0.005 141 3 1 -2.55612e-13 
-0.14375 7.3818e-10 2.12466e-07 0.0025 1 1 2.5 0.005 142 4 1 3.01412e-14 
-0.14125 3.88608e-10 1.52505e-07 0.0025 1 1 2.5 0.005 143 4 1 8.39005e-14 
-0.13875 1.73504e-10 8.47394e-08 0.0025 1 1 2.5 0.005 144 4 1 6.64748e-14 
-0.13625 6.55468e-11 3.91199e-08 0.0025 1 1 2.5 0.005 145 4 1 3.86166e-14 
-0.13375 2.00363e-11 1.50559e-08 0.0025 1 1 2.5 0.005 146 4 1 1.83604e-14 
-0.13125 4.22376e-12 4.58061e-09 0.0025 1 1 2.5 0.005 147 4 1 7.29194e-15 
-0.12875 1.27623e-13 9.30982e-10 0.0025 1 1 2.5 0.005 148 4 1 2.33769e-15 
-0.12625 -1.49258e-13 -3.22757e-10 0.0025 1 1 2.5 0.005 149 5 1 4.16733e-16 
-0.12375 1.78491e-13 -7.20775e-11 0.0025 1 1 2.5 0.005 150 4 1 -1.55254e-16 
-0.12125 1.79411e-13 3.33102e-11 0.0025 1 1 2.5 0.005 151 3 1 -4.22773e-17 
-0.11875 1.04691e-13 3.99041e-11 0.0025 1 1 2.5 0.005 152 4 1 9.59233e-18 
-0.11625 4.04542e-14 1.90994e-11 0.0025 1 1 2.5 0.005 153 4 1 1.91847e-17 
-0.11375 1.45167e-14 1.65983e-11 0.0025 1 1 2.5 0.005 154 4 1 1.10134e-17 
-0.11125 -3.48467e-17 1.02318e-12 0.0025 1 1 2.5 0.005 155 5 1 5.32907e-18 
-0.10875 -3.48121e-16 -2.27374e-13 0.0025 1 1 2.5 0.005 156 5 1 -3.55271e-19 
-0.10625 -1.21832e-16 -1.7053e-13 0.0025 1 1 2.5 0.005 157 5 1 -1.42109e-18 
-0.10375 -2.43754e-16 1.13687e-13 0.0025 1 1 2.5 0.005 158 5 1 -1.42109e-18 
-0.10125 -3.83096e-16 -1.13687e-13 0.0025 1 1 2.5 0.005 159 5 1 -1.42109e-18 
-0.09875 -5.22697e-16 1.13687e-13 0.0025 1 1 2.5 0.005 160 5 1 -1.42109e-18 
-0.09625 -6.62062e-16 -1.13687e-13 0.0025 1 1 2.5 0.005 161 5 1 -1.42109e-18 
-0.09375 -8.01372e-16 1.13687e-13 0.0025 1 1 2.5 0.005 162 5 1 -1.42109e-18 
-0.09125 -9.40536e-16 -1.13687e-13 0.0025 1 1 2.5 0.005 163 5 1 -1.42109e-18 
-0.08875 -1.07971e-15 1.13687e-13 0.0025 1 1 2.5 0.005 164 5 1 -1.42109e-18 
-0.08625 -1.28807e-15 -1.13687e-13 0.0025 1 1 2.5 0.005 165 5 1 -1.77636e-18 
-0.08375 -1.75733e-15 5.68434e-14 0.0025 1 1 2.5 0.005 166 5 1 -7.10543e-19 
-0.08125 6.70103e-16 -1.13687e-13 0.0025 1 1 2.5 0.005 167 5 1 -3.55271e-18 
-0.07875 -2.07795e-15 -1.13687e-13 0.0025 1 1 2.5 0.005 168 5 1 5.68434e-18 
-0.07625 -1.97538e-15 -7.84727e-44 0.0025 1 1 2.5 0.005 169 5 1 -1.38556e-17 
-0.07375 -3.61821e-15 1.7053e-13 0.0025 1 1 2.5 0.005 170 5 1 1.13687e-17 
-0.07125 7.74762e-16 1.13687e-13 0.0025 1 1 2.5 0.005 171 5 1 -1.66978e-17 
-0.06875 4.2682e-16 1.7053e-13 0.0025 1 1 2.5 0.005 172 5 1 1.27898e-17 
-0.06625 -3.52483e-16 3.97904e-13 0.0025 1 1 2.5 0.005 173 5 1 -1.56319e-17 
-0.06375 2.55405e-15 -3.97904e-13 0.0025 1 1 2.5 0.005 174 4 1 -1.42109e-18 
-0.06125 2.56762e-16 -3.41061e-13 0.0025 1 1 2.5 0.005 175 3 1 2.94875e-17 
-0.05875 -3.42437e-16 1.13687e-13 0.0025 1 1 2.5 0.005 176 4 1 -2.59348e-17 
-0.05625 -2.9088e-15 5.11591e-13 0.0025 1 1 2.5 0.005 177 5 1 2.84217e-18 
-0.05375 1.23849e-15 -7.88861e-29 0.0025 1 1 2.5 0.005 178 4 1 1.06581e-18 
-0.05125 -2.66633e-16 1.38051e-27 0.0025 1 1 2.5 0.005 179 5 1 -1.77636e-18 
-0.04875 2.16694e-15 -1.00893e-43 0.0025 1 1 2.5 0.005 180 5 1 -3.90799e-18 
-0.04625 1.72072e-15 1.7053e-13 0.0025 1 1 2.5 0.005 181 5 1 -1.06581e-18 
-0.04375 8.87695e-17 1.79366e-43 0.0025 1 1 2.5 0.005 182 5 1 -3.55271e-19 
-0.04125 4.57546e-17 -1.23314e-43 0.0025 1 1 2.5 0.005 183 5 1 -6.39488e-18 
-0.03875 -2.10786e-15 5.68434e-14 0.0025 1 1 2.5 0.005 184 5 1 6.39488e-18 
-0.03625 -6.50936e-16 -5.68434e-14 0.0025 1 1 2.5 0.005 185 5 1 -1.38556e-17 
-0.03375 -3.33114e-15 -5.68434e-13 0.0025 1 1 2.5 0.005 186 4 1 -8.17124e-18 
-0.03125 -1.05584e-15 9.66338e-13 0.0025 1 1 2.5 0.005 187 3 1 4.51195e-17 
-0.02875 -3.29022e-15 -1.53477e-12 0.0025 1 1 2.5 0.005 188 4 1 -3.33955e-17 
-0.02625 -2.26186e-15 1.93268e-12 0.0025 1 1 2.5 0.005 189 5 1 6.03961e-18 
-0.02375 -2.23745e-15 -1.25056e-12 0.0025 1 1 2.5 0.005 190 3 1 0 
-0.02125 -1.8845e-15 -5.68434e-14 0.0025 1 1 2.5 0.005 191 3 1 3.55271e-18 
-0.01875 -2.43491e-15 -2.27374e-13 0.0025 1 1 2.5 0.005 192 5 1 -8.17124e-18 
-0.01625 -1.50186e-15 8.52651e-13 0.0025 1 1 2.5 0.005 193 5 1 3.55271e-19 
-0.01375 -8.62559e-17 -5.68434e-13 0.0025 1 1 2.5 0.005 194 4 1 2.13163e-18 
-0.01125 3.64932e-16 2.27374e-13 0.0025 1 1 2.5 0.005 195 4 1 -1.77636e-18 
-0.00875 6.00074e-17 -2.84217e-13 0.0025 1 1 2.5 0.005 196 4 1 7.10543e-19 
-0.00625 -5.51336e-16 5.11591e-13 0.0025 1 1 2.5 0.005 197 4 1 7.10543e-19 
-0.00375 -7.25488e-16 -2.27374e-13 0.0025 1 1 2.5 0.005 198 5 1 2.46519e-33 
-0.00125 2.94029e-16 -5.68434e-14 0.0025 1 1 2.5 0.005 199 3 1 -7.10543e-19 
0.00125 3.40248e-16 8.87469e-29 0.0025 1 1 2.5 0.005 200 4 1 3.55271e-19 
0.00375 -5.41098e-16 2.84217e-13 0.0025 1 1 2.5 0.005 201 5 1 -1.42109e-18 
0.00625 -6.4605e-16 -5.68434e-14 0.0025 1 1 2.5 0.005 202 5 1 -1.42109e-18 
0.00875 -1.02215e-15 -4.54747e-13 0.0025 1 1 2.5 0.005 203 3 1 0 
0.01125 -1.32535e-15 7.38964e-13 0.0025 1 1 2.5 0.005 204 4 1 2.4869e-18 
0.01375 -9.58916e-16 -3.41061e-13 0.0025 1 1 2.5 0.005 205 5 1 -4.26326e-18 
0.01625 -2.29796e-15 -2.27374e-13 0.0025 1 1 2.5 0.005 206 4 1 2.4869e-18 
0.01875 3.49751e-16 -1.41995e-27 0.0025 1 1 2.5 0.005 207 4 1 -5.68434e-18 
0.02125 -9.16754e-16 -1.13687e-13 0.0025 1 1 2.5 0.005 208 3 1 8.17124e-18 
0.02375 2.55982e-15 2.27374e-13 0.0025 1 1 2.5 0.005 209 4 1 -1.06581e-18 
0.02625 1.29156e-15 1.25056e-12 0.0025 1 1 2.5 0.005 210 5 1 -4.26326e-18 
0.02875 3.12894e-15 -1.02318e-12 0.0025 1 1 2.5 0.005 211 4 1 1.06581e-18 
0.03125 3.61782e-15 3.97904e-13 0.0025 1 1 2.5 0.005 212 4 1 1.06581e-18 
0.03375 3.71677e-15 -1.64846e-12 0.0025 1 1 2.5 0.005 213 3 1 8.17124e-18 
0.03625 4.50096e-15 1.19371e-12 0.0025 1 1 2.5 0.005 214 4 1 -1.81188e-17 
0.03875 9.30389e-16 5.11591e-13 0.0025 1 1 2.5 0.005 215 4 1 1.84741e-17 
0.04125 1.6616e-15 1.7053e-13 0.0025 1 1 2.5 0.005 216 4 1 -1.52767e-17 
0.04375 1.45381e-15 5.11591e-13 0.0025 1 1 2.5 0.005 217 4 1 -3.90799e-18 
0.04625 3.29503e-15 1.13687e-13 0.0025 1 1 2.5 0.005 218 3 1 1.27898e-17 
0.04875 4.89328e-15 -6.82121e-13 0.0025 1 1 2.5 0.005 219 4 1 -5.68434e-18 
0.05125 -6.93486e-17 -1.7053e-13 0.0025 1 1 2.5 0.005 220 4 1 -2.13163e-18 
0.05375 5.16124e-16 -3.9443e-29 0.0025 1 1 2.5 0.005 221 3 1 3.90799e-18 
0.05625 4.70426e-15 -1.13687e-13 0.0025 1 1 2.5 0.005 222 5 1 1.63425e-17 
0.05875 4.19393e-15 4.54747e-13 0.0025 1 1 2.5 0.005 223 5 1 -6.99885e-17 
0.06125 2.75523e-15 3.97904e-13 0.0025 1 1 2.5 0.005 224 4 1 6.57252e-17 
0.06375 5.50107e-15 -4.54747e-13 0.0025 1 1 2.5 0.005 225 4 1 2.4869e-18 
0.06625 2.6407e-15 -2.27374e-13 0.0025 1 1 2.5 0.005 226 5 1 -2.94875e-17 
0.06875 5.95928e-15 -5.68434e-14 0.0025 1 1 2.5 0.005 227 5 1 1.88294e-17 
0.07125 2.2992e-15 -1.13687e-13 0.0025 1 1 2.5 0.005 228 5 1 -1.52767e-17 
0.07375 4.45906e-15 -1.13687e-13 0.0025 1 1 2.5 0.005 229 5 1 8.88178e-18 
0.07625 4.31994e-15 6.72623e-44 0.0025 1 1 2.5 0.005 230 5 1 -1.3145e-17 
0.07875 6.34716e-15 -1.00893e-43 0.0025 1 1 2.5 0.005 231 5 1 8.17124e-18 
0.08125 5.19672e-15 1.7053e-13 0.0025 1 1 2.5 0.005 232 5 1 -1.03029e-17 
0.08375 4.9843e-15 5.68434e-14 0.0025 1 1 2.5 0.005 233 5 1 4.61853e-18 
0.08625 2.69717e-15 5.68434e-14 0.0025 1 1 2.5 0.005 234 5 1 -3.90799e-18 
0.08875 1.86842e-15 8.96831e-44 0.0025 1 1 2.5 0.005 235 5 1 -3.55271e-19 
0.09125 1.7266e-15 1.13687e-13 0.0025 1 1 2.5 0.005 236 5 1 -5.32907e-18 
0.09375 1.60792e-15 -6.72623e-44 0.0025 1 1 2.5 0.005 237 5 1 1.42109e-18 
0.09625 8.053e-16 6.72623e-44 0.0025 1 1 2.5 0.005 238 5 1 -3.19744e-18 
0.09875 5.47364e-16 6.72623e-44 0.0025 1 1 2.5 0.005 239 5 1 -1.42109e-18 
0.10125 1.21984e-15 -1.12104e-43 0.0025 1 1 2.5 0.005 240 5 1 -4.26326e-18 
0.10375 -8.43182e-16 -5.68434e-14 0.0025 1 1 2.5 0.005 241 5 1 4.26326e-18 
0.10625 2.46579e-15 1.7053e-13 0.0025 1 1 2.5 0.005 242 5 1 -1.35003e-17 
0.10875 -9.61469e-16 3.41061e-13 0.0025 1 1 2.5 0.005 243 5 1 1.66978e-17 
0.11125 4.28807e-15 -1.7053e-13 0.0025 1 1 2.5 0.005 244 5 1 -1.66978e-17 
0.11375 -3.88927e-15 -1.13687e-11 0.0025 1 1 2.5 0.005 245 4 1 3.44613e-17 
0.11625 -3.64373e-14 -2.74554e-11 0.0025 1 1 2.5 0.005 246 4 1 -3.55271e-18 
0.11875 -9.08111e-14 -4.17799e-11 0.0025 1 1 2.5 0.005 247 4 1 2.27374e-17 
0.12125 -1.77016e-13 -2.67164e-11 0.0025 1 1 2.5 0.005 248 3 1 -6.96332e-17 
0.12375 -1.70214e-13 7.57723e-11 0.0025 1 1 2.5 0.005 249 4 1 -1.3074e-16 
0.12625 1.62158e-13 3.22473e-10 0.0025 1 1 2.5 0.005 250 5 1 4.23128e-16 
0.12875 -1.29742e-13 -9.45647e-10 0.0025 1 1 2.5 0.005 251 4 1 2.33378e-15 
0.13125 -4.21179e-12 -4.56924e-09 0.0025 1 1 2.5 0.005 252 4 1 7.28519e-15 
0.13375 -2.00403e-11 -1.50596e-08 0.0025 1 1 2.5 0.005 253 4 1 1.83483e-14 
0.13625 -6.55529e-11 -3.91211e-08 0.0025 1 1 2.5 0.005 254 4 1 3.86294e-14 
0.13875 -1.73506e-10 -8.4735e-08 0.0025 1 1 2.5 0.005 255 4 1 6.64809e-14 
0.14125 -3.88606e-10 -1.52508e-07 0.0025 1 1 2.5 0.005 256 4 1 8.39041e-14 
0.14375 -7.38176e-10 -2.12466e-07 0.0025 1 1 2.5 0.005 257 4 1 3.01231e-14 
0.14625 -1.12949e-09 -1.32155e-07 0.0025 1 1 2.5 0.005 258 3 1 -2.55585e-13 
0.14875 -1.12611e-09 3.79664e-07 0.0025 1 1 2.5 0.005 259 4 1 -6.90753e-13 
0.15125 4.99406e-10 1.39031e-06 0.0025 1 1 2.5 0.005 260 5 1 2.02199e-12 
0.15375 -9.76333e-10 -4.22383e-06 0.0025 1 1 2.5 0.005 261 4 1 1.10872e-11 
0.15625 -1.98207e-08 -2.08053e-05 0.0025 1 1 2.5 0.005 262 4 1 3.56076e-11 
0.15875 -9.47267e-08 -7.19085e-05 0.0025 1 1 2.5 0.005 263 4 1 9.8888e-11 
0.16125 -3.25644e-07 -0.000204936 0.0025 1 1 2.5 0.005 264 4 1 2.44343e-10 
0.16375 -9.42339e-07 -0.000517986 0.0025 1 1 2.5 0.005 265 4 1 5.54557e-10 
0.16625 -2.4336e-06 -0.00120019 0.0025 1 1 2.5 0.00499999 266 4 1 1.17566e-09 
0.16875 -5.77538e-06 -0.00259554 0.0025 1 1.00001 2.5 0.00499998 267 4 1 2.35248e-09 
0.17125 -1.28108e-05 -0.00529756 0.0025 1.00001 1.00001 2.50001 0.00499995 268 4 1 4.47384e-09 
0.17375 -2.68493e-05 -0.0102797 0.0025 1.00002 1.00003 2.50002 0.00499989 269 4 1 8.1249e-09 
0.17625 -5.35603e-05 -0.0190613 0.0025 1.00004 1.00006 2.50004 0.00499979 270 4 1 1.41382e-08 
0.17875 -0.000102227 -0.0338947 0.0025 1.00008 1.00011 2.50008 0.0049996 271 4 1 2.36276e-08 
0.181249 -0.000187385 -0.0579422 0.0025 1.00015 1.00021 2.50015 0.00499926 272 4 1 3.79787e-08 
0.183749 -0.000330787 -0.0953749 0.0025 1.00026 1.00037 2.50026 0.0049987 273 4 1 5.87586e-08 
0.186248 -0.000563458 -0.151287 0.0025 1.00044 1.00062 2.50044 0.00499779 274 4 1 8.74915e-08 
0.188747 -0.000927363 -0.231271 0.0025 1.00073 1.00103 2.50073 0.00499636 275 4 1 1.2524e-07 
0.191245 -0.00147585 -0.340475 0.0025 1.00116 1.00163 2.50116 0.0049942 276 4 1 1.71933e-07 
0.193741 -0.00227171 -0.481993 0.0025 1.00179 1.00252 2.50179 0.00499106 277 4 1 2.25428e-07 
0.196236 -0.00338141 -0.654632 0.0025 1.00267 1.00376 2.50266 0.00498668 278 4 1 2.80474e-07 
0.198728 -0.0048646 -0.850503 0.0025 1.00385 1.00542 2.50385 0.0049808 279 4 1 3.28039e-07 
0.201216 -0.00675913 -1.05349 0.0025 1.00538 1.00755 2.50536 0.00497327 280 4 1 3.5593e-07 
0.203701 -0.00906447 -1.24016 0.0025 1.00724 1.01017 2.50723 0.00496406 281 4 1 3.51766e-07 
0.20618 -0.0117295 -1.38437 0.0025 1.00942 1.01323 2.5094 0.00495334 282 4 1 3.08497e-07 
0.208654 -0.0146525 -1.46545 0.0025 1.01184 1.01663 2.51181 0.0049415 283 4 1 2.30576e-07 
0.211122 -0.0176979 -1.47713 0.0025 1.01439 1.02022 2.51435 0.00492906 284 4 1 1.36401e-07 
0.213583 -0.0207292 -1.43255 0.0025 1.01697 1.02385 2.51691 0.00491655 285 4 1 5.27798e-08 
0.216039 -0.0236466 -1.36025 0.0025 1.01949 1.0274 2.51941 0.00490442 286 4 1 -5.11249e-10 
0.218488 -0.0264074 -1.28848 0.0025 1.02189 1.03078 2.52178 0.00489291 287 4 1 -3.69522e-08 
0.220931 -0.0290039 -1.21384 0.0025 1.02413 1.03395 2.524 0.00488219 288 4 1 -1.61499e-07 
0.22337 -0.031332 -1.00134 0.0025 1.02608 1.03667 2.52593 0.00487293 289 4 1 -7.41895e-07 
0.225804 -0.0327559 -0.257832 0.0025 1.027 1.03784 2.52688 0.00486856 290 3 1 -3.0996e-06 
0.228239 -0.0302092 3.71215 0.0025 1.02403 1.03362 2.52406 0.00488265 291 4 1 -4.91386e-06 
0.230687 -0.0183024 7.16058 0.0025 1.01575 1.02222 2.51578 0.00492248 292 4 1 1.3263e-06 
0.233161 -0.00787426 2.41542 0.0025 1.00814 1.01161 2.50803 0.00495964 293 4 1 5.75059e-06 
0.235647 -0.00642439 -0.171684 0.0025 1.00501 1.00695 2.50501 0.00497508 294 4 1 -6.48175e-07 
0.238136 -0.00245334 3.99267 0.0025 1.00081 1.00099 2.50097 0.00499596 295 4 1 -3.82533e-06 
0.240643 0.00878516 6.03765 0.0025 0.992573 0.989667 2.49266 0.00503742 296 4 1 7.5373e-07 
0.243174 0.0196558 4.20036 0.0025 0.983974 0.977735 2.4839 0.00508143 297 4 1 3.18838e-06 
0.245724 0.0273764 3.15315 0.0025 0.97706 0.968046 2.47693 0.00511739 298 4 1 1.04629e-06 
0.248291 0.0351799 4.05004 0.0025 0.970251 0.958581 2.47006 0.00515331 299 4 1 -2.53912e-07 
0.250878 0.0451086 4.83006 0.0025 0.962383 0.947767 2.46202 0.00519544 300 4 1 9.49498e-07 
0.253487 0.0552369 4.18835 0.0025 0.954365 0.936752 2.45376 0.00523909 301 4 1 1.86316e-06 
0.256117 0.064044 3.8444 0.0025 0.946904 0.926476 2.44608 0.00528037 302 4 1 8.84578e-07 
0.258767 0.0735453 4.50028 0.0025 0.939217 0.915964 2.43814 0.00532358 303 4 1 6.9023e-07 
0.261441 0.0838911 4.41943 0.0025 0.931133 0.904971 2.42971 0.0053698 304 4 1 1.44415e-06 
0.264137 0.0937545 4.23116 0.0025 0.92317 0.894143 2.42138 0.00541612 305 4 1 1.25478e-06 
0.266857 0.103922 4.42163 0.0025 0.915174 0.883322 2.41297 0.00546344 306 4 1 1.2561e-06 
0.269601 0.114158 4.22896 0.0025 0.90716 0.872515 2.40449 0.00551171 307 4 1 1.36921e-06 
0.272369 0.124337 4.34317 0.0025 0.899167 0.861766 2.396 0.0055607 308 4 1 1.22266e-06 
0.275161 0.134878 4.33274 0.0025 0.891075 0.850932 2.38735 0.0056112 309 4 1 1.35549e-06 
0.27798 0.145404 4.3481 0.0025 0.882945 0.840083 2.37862 0.00566286 310 4 1 1.36703e-06 
0.280824 0.15621 4.36283 0.0025 0.874764 0.829208 2.36978 0.00571583 311 4 1 1.4427e-06 
0.283696 0.167002 4.32484 0.0025 0.866569 0.818355 2.36087 0.00576988 312 4 1 1.49731e-06 
0.286594 0.177924 4.30941 0.0025 0.858382 0.807551 2.35193 0.00582491 313 4 1 1.473e-06 
0.289521 0.188921 4.32745 0.0025 0.850165 0.79675 2.3429 0.00588121 314 4 1 1.50572e-06 
0.292476 0.200096 4.30985 0.0025 0.841917 0.785949 2.33378 0.00593883 315 4 1 1.52471e-06 
0.29546 0.211408 4.35255 0.0025 0.833619 0.775127 2.32456 0.00599795 316 4 1 1.57837e-06 
0.298474 0.222866 4.31181 0.0025 0.825288 0.764307 2.31524 0.00605849 317 4 1 1.65987e-06 
0.301519 0.234409 4.30616 0.0025 0.816958 0.753528 2.30587 0.00612027 318 4 1 1.6532e-06 
0.304594 0.246077 4.305 0.0025 0.808603 0.742762 2.29641 0.00618351 319 4 1 1.69586e-06 
0.307702 0.257848 4.29177 0.0025 0.800225 0.732012 2.28686 0.00624824 320 4 1 1.71971e-06 
0.310843 0.269827 4.30757 0.0025 0.791813 0.721262 2.27722 0.00631462 321 4 1 1.75624e-06 
0.314017 0.281916 4.29884 0.0025 0.783362 0.710511 2.26747 0.00638274 322 4 1 1.82926e-06 
0.317226 0.294151 4.2832 0.0025 0.774896 0.699784 2.25764 0.00645248 323 4 1 1.86886e-06 
0.32047 0.306523 4.27158 0.0025 0.766414 0.689085 2.24772 0.00652389 324 4 1 1.89574e-06 
0.32375 0.318994 4.27176 0.0025 0.757907 0.678401 2.23771 0.00659712 325 4 1 1.92038e-06 
0.327067 0.331659 4.28482 0.0025 0.749355 0.66771 2.22758 0.00667241 326 4 1 1.99142e-06 
0.330422 0.344484 4.26142 0.0025 0.740775 0.657035 2.21735 0.00674968 327 4 1 2.06916e-06 
0.333817 0.357457 4.24573 0.0025 0.73219 0.6464 2.20703 0.00682883 328 4 1 2.0958e-06 
0.337252 0.370585 4.23938 0.0025 0.72359 0.635797 2.19663 0.00690999 329 4 1 2.15914e-06 
0.340727 0.383819 4.20542 0.0025 0.714988 0.625242 2.18615 0.00699312 330 4 1 2.19444e-06 
0.344245 0.397225 4.2164 0.0025 0.706379 0.614731 2.17559 0.00707835 331 4 1 2.27629e-06 
0.347806 0.410713 4.13828 0.0025 0.697804 0.604312 2.16499 0.00716534 332 4 1 2.38788e-06 
0.351411 0.424162 4.07406 0.0025 0.689327 0.594063 2.15443 0.00725345 333 4 1 2.40113e-06 
0.35506 0.437564 3.98614 0.0025 0.680974 0.584013 2.14395 0.00734242 334 4 1 2.45439e-06 
0.358753 0.450798 3.85509 0.0025 0.672809 0.574236 2.13363 0.00743153 335 4 1 2.47554e-06 
0.362491 0.463714 3.69681 0.0025 0.664895 0.564804 2.12356 0.00751998 336 4 1 2.41027e-06 
0.366274 0.476308 3.54746 0.0025 0.657251 0.555733 2.11377 0.00760744 337 4 1 2.27063e-06 
0.370099 0.488573 3.42601 0.0025 0.64984 0.546976 2.10421 0.0076942 338 4 1 2.07382e-06 
0.373968 0.50071 3.38045 0.0025 0.642563 0.538415 2.09475 0.00778133 339 4 1 1.88407e-06 
0.377881 0.512979 3.39079 0.0025 0.635291 0.529898 2.08524 0.00787041 340 4 1 1.76379e-06 
0.381839 0.525553 3.4739 0.0025 0.627893 0.521276 2.0755 0.00796314 341 4 1 1.73048e-06 
0.385844 0.538723 3.59225 0.0025 0.620264 0.512434 2.06538 0.00806108 342 4 1 1.87107e-06 
0.3899 0.552427 3.67542 0.0025 0.612393 0.503355 2.05486 0.00816469 343 4 1 2.07744e-06 
0.394009 0.566717 3.77476 0.0025 0.604296 0.494068 2.04396 0.00827408 344 4 1 2.31451e-06 
0.398175 0.581496 3.81878 0.0025 0.596027 0.484638 2.03273 0.00838888 345 4 1 2.67476e-06 
0.402399 0.596502 3.76151 0.0025 0.587746 0.475248 2.02139 0.00850708 346 4 1 2.98662e-06 
0.406682 0.611396 3.63819 0.0025 0.579646 0.466119 2.0102 0.00862595 347 4 1 3.29379e-06 
0.411025 0.625636 3.30642 0.0025 0.572024 0.457578 1.99958 0.00874089 348 4 1 3.53789e-06 
0.415423 0.638362 2.80881 0.0025 0.565256 0.450027 1.99009 0.00884555 349 4 1 3.40609e-06 
0.419871 0.648998 2.23177 0.0025 0.559602 0.443739 1.9821 0.00893492 350 4 1 2.91577e-06 
0.424358 0.657379 1.69328 0.0025 0.555121 0.438762 1.97574 0.00900705 351 4 1 2.16259e-06 
0.428878 0.663817 1.33873 0.0025 0.551624 0.434885 1.97076 0.00906415 352 4 1 1.45779e-06 
0.433423 0.669147 1.10941 0.0025 0.548843 0.43182 1.96679 0.00911007 353 4 1 1.26829e-06 
0.437988 0.673186 0.70679 0.0025 0.546804 0.429585 1.96386 0.00914405 354 4 1 1.34027e-06 
0.442567 0.675228 0.226809 0.0025 0.545689 0.428351 1.96226 0.00916273 355 4 1 9.52218e-07 
0.447151 0.675705 0.0230487 0.0025 0.5453 0.427902 1.96172 0.00916927 356 4 1 3.16979e-07 
0.451736 0.675853 0.0415217 0.0025 0.545172 0.427754 1.96154 0.00917141 357 4 1 8.04728e-08 
0.456322 0.675985 -0.0124803 0.0025 0.545115 0.427694 1.96147 0.00917237 358 5 1 9.94829e-08 
0.460908 0.675864 -0.0315721 0.0025 0.545139 0.42772 1.96151 0.00917197 359 4 1 5.36677e-08 
0.465494 0.675727 -0.0414576 0.0025 0.545207 0.427795 1.96161 0.00917083 360 4 1 2.32419e-08 
0.470079 0.675542 -0.0467916 0.0025 0.545294 0.427893 1.96175 0.00916936 361 4 1 1.754e-08 
0.474663 0.675338 -0.0486277 0.0025 0.545396 0.428006 1.9619 0.00916765 362 4 1 6.93775e-09 
0.479247 0.67513 -0.0471207 0.0025 0.545501 0.428123 1.96206 0.00916588 363 4 1 -3.61052e-09 
0.483829 0.674928 -0.0437028 0.0025 0.545604 0.428238 1.96222 0.00916415 364 4 1 -7.15696e-09 
0.488411 0.674737 -0.0397801 0.0025 0.545701 0.428346 1.96237 0.00916253 365 4 1 -6.4993e-09 
0.492992 0.674564 -0.0360404 0.0025 0.545789 0.428446 1.96251 0.00916104 366 4 1 -9.89548e-09 
0.497572 0.674411 -0.0327069 0.0025 0.54587 0.428538 1.96264 0.00915969 367 4 1 -1.055e-08 
0.502152 0.674277 -0.02927 0.0025 0.545943 0.42862 1.96275 0.00915847 368 4 1 -8.43915e-09 
0.506731 0.674157 -0.0254867 0.0025 0.546006 0.428692 1.96286 0.00915741 369 4 1 -9.41057e-09 
0.511309 0.674048 -0.021961 0.0025 0.54606 0.428755 1.96295 0.0091565 370 4 1 -8.83e-09 
0.515887 0.673951 -0.0193139 0.0025 0.546108 0.428811 1.96303 0.0091557 371 4 1 -5.24999e-09 
0.520465 0.673866 -0.0174808 0.0025 0.54615 0.42886 1.96311 0.00915499 372 4 1 -3.94547e-09 
0.525042 0.673793 -0.0159205 0.0025 0.546187 0.428905 1.96318 0.00915437 373 4 1 -5.51544e-09 
0.529619 0.673729 -0.0142071 0.0025 0.54622 0.428945 1.96324 0.00915382 374 4 1 -4.46851e-09 
0.534196 0.673672 -0.0123776 0.0025 0.546248 0.42898 1.9633 0.00915334 375 4 1 -3.16057e-09 
0.538772 0.673619 -0.0107782 0.0025 0.546272 0.429011 1.96336 0.00915295 376 4 1 -3.74778e-09 
0.543349 0.673572 -0.00964011 0.0025 0.546293 0.429038 1.96341 0.0091526 377 4 1 -1.59201e-09 
0.547925 0.67353 -0.00886212 0.0025 0.546311 0.429063 1.96345 0.0091523 378 4 1 -1.07182e-09 
0.552501 0.673493 -0.00817359 0.0025 0.546327 0.429085 1.9635 0.00915203 379 4 1 -1.11e-09 
0.557077 0.67346 -0.00741085 0.0025 0.54634 0.429106 1.96355 0.00915181 380 4 1 3.94737e-10 
0.561653 0.673431 -0.00660682 0.0025 0.54635 0.429124 1.96359 0.00915164 381 4 1 -3.31131e-09 
0.566229 0.673403 -0.00587809 0.0025 0.546359 0.42914 1.96364 0.00915149 382 4 1 -3.02178e-10 
0.570804 0.673378 -0.00528733 0.0025 0.546366 0.429155 1.96368 0.00915138 383 4 1 3.42377e-09 
0.57538 0.673355 -0.00480975 0.0025 0.54637 0.429168 1.96372 0.0091513 384 4 1 -2.87656e-09 
0.579956 0.673334 -0.00438691 0.0025 0.546374 0.42918 1.96377 0.00915125 385 4 1 9.11211e-10 
0.584531 0.673314 -0.00398178 0.0025 0.546375 0.429191 1.96381 0.00915122 386 3 1 2.4193e-09 
0.589107 0.673296 -0.00358817 0.0025 0.546375 0.429201 1.96386 0.00915122 387 4 1 1.76544e-09 
0.593683 0.67328 -0.00321343 0.0025 0.546372 0.42921 1.96391 0.00915127 388 4 1 3.73672e-09 
0.598258 0.673264 -0.00286857 0.0025 0.546368 0.429218 1.96396 0.00915134 389 4 1 -3.10258e-09 
0.602834 0.673249 -0.00256883 0.0025 0.546363 0.429225 1.96401 0.00915143 390 4 1 4.77176e-09 
0.60741 0.673235 -0.0023291 0.0025 0.546356 0.429232 1.96406 0.00915154 391 4 1 4.22368e-09 
0.611985 0.673222 -0.00215226 0.0025 0.546347 0.429238 1.96413 0.00915169 392 4 1 7.82633e-09 
0.616561 0.673211 -0.00202417 0.0025 0.546338 0.429246 1.9642 0.00915184 393 4 1 -3.83372e-09 
0.621137 0.6732 -0.00192211 0.0025 0.54632 0.429252 1.96426 0.00915215 394 4 1 1.43443e-07 
0.625713 0.67319 -0.00182735 0.0025 0.546313 0.429286 1.9645 0.00915226 395 4 1 -1.3892e-07 
0.63029 0.673181 -0.00173047 0.0025 0.545919 0.429136 1.96457 0.00915887 396 5 1 3.48623e-06 
0.634872 0.673173 -0.00162899 0.0025 0.548187 0.430804 1.96843 0.00912097 397 3 1 -1.90588e-05 
0.639411 0.673166 -0.00152514 0.0025 0.536862 0.426138 1.94997 0.00931339 398 4 1 0.000179244 
0.644192 0.673159 -0.00141503 0.0025 0.511009 0.432678 2.15243 0.00978456 399 4 1 -0.000134227 
0.649202 0.673152 -0.00130267 0.0025 0.482768 0.424456 2.15542 0.0103569 400 4 1 0.000266071 
0.654563 0.673145 -0.0011887 0.0025 0.454288 0.432901 2.44411 0.0110062 401 4 1 -0.000240408 
0.660219 0.673138 -0.00107718 0.0025 0.446993 0.42724 2.38019 0.0111859 402 5 1 5.38057e-05 
0.66575 0.673131 -0.000977065 0.0025 0.452426 0.429613 2.37458 0.0110515 403 4 1 -3.01264e-06 
0.67127 0.673125 -0.000885071 0.0025 0.453609 0.429286 2.36519 0.0110227 404 4 1 3.91261e-06 
0.676773 0.67312 -0.000800827 0.0025 0.454691 0.429347 2.36041 0.0109965 405 4 1 1.27142e-06 
0.682267 0.673114 -0.000723419 0.0025 0.455316 0.429322 2.35711 0.0109814 406 4 1 8.42798e-07 
0.687754 0.673109 -0.000652157 0.0025 0.455761 0.429312 2.35481 0.0109707 407 4 1 5.44256e-07 
0.693237 0.673105 -0.000586391 0.0025 0.456083 0.429307 2.35316 0.0109629 408 4 1 3.48998e-07 
0.698717 0.6731 -0.000525113 0.0025 0.456325 0.429304 2.35191 0.0109571 409 4 1 2.46642e-07 
0.704195 0.673096 -0.000466177 0.0025 0.45651 0.429302 2.35096 0.0109527 410 4 1 1.7715e-07 
0.70967 0.673092 -0.000405865 0.0025 0.456655 0.429301 2.35023 0.0109492 411 4 1 1.30782e-07 
0.715144 0.673088 -0.000338985 0.0025 0.456769 0.429301 2.34964 0.0109465 412 4 1 9.78486e-08 
0.720616 0.673084 -0.000259203 0.0025 0.45686 0.429301 2.34918 0.0109443 413 4 1 7.51674e-08 
0.726088 0.673079 -0.000159138 0.0025 0.456934 0.429301 2.3488 0.0109425 414 4 1 5.84495e-08 
0.731559 0.673075 -2.95309e-05 0.0025 0.456994 0.4293 2.34849 0.0109411 415 4 1 4.58159e-08 
0.737029 0.67307 0.000144345 0.0025 0.457043 0.429299 2.34824 0.0109399 416 4 1 3.60941e-08 
0.742499 0.673065 0.000392959 0.0025 0.457082 0.429298 2.34803 0.010939 417 4 1 2.81689e-08 
0.747968 0.673057 0.000788308 0.0025 0.457114 0.429295 2.34785 0.0109382 418 4 1 2.08904e-08 
0.753437 0.673047 0.00150785 0.0025 0.457138 0.42929 2.3477 0.0109376 419 4 1 1.2637e-08 
0.758906 0.673031 0.00299162 0.0025 0.457153 0.429279 2.34757 0.0109373 420 4 1 1.23011e-11 
0.764374 0.672999 0.00631384 0.0025 0.457155 0.429256 2.34743 0.0109372 421 3 1 -2.46009e-08 
0.769843 0.672933 0.0140585 0.0025 0.457132 0.429201 2.34727 0.0109378 422 4 1 -7.89177e-08 
0.775312 0.672783 0.0324125 0.0025 0.457053 0.429075 2.34701 0.0109396 423 4 1 -2.04106e-07 
0.780782 0.672437 0.0759321 0.0025 0.456847 0.428779 2.3465 0.0109446 424 4 1 -4.93115e-07 
0.786257 0.671623 0.179095 0.0025 0.456344 0.428082 2.3454 0.0109567 425 4 1 -1.13889e-06 
0.791739 0.669723 0.415141 0.0025 0.455161 0.426469 2.34291 0.0109851 426 4 1 -2.5241e-06 
0.797242 0.665322 0.961833 0.0025 0.452464 0.422832 2.33729 0.0110506 427 4 1 -4.93695e-06 
0.80279 0.655541 2.04741 0.0025 0.446695 0.415124 2.32522 0.0111933 428 4 1 -8.66826e-06 
0.808436 0.634871 4.40386 0.0025 0.435017 0.399792 2.30036 0.0114938 429 4 1 -9.45108e-06 
0.814288 0.592801 8.18632 0.0025 0.414199 0.372924 2.25434 0.0120715 430 4 1 -1.90715e-07 
0.820521 0.518159 15.134 0.0025 0.380667 0.330887 2.17472 0.0131349 431 4 1 3.47646e-05 
0.827469 0.373398 27.799 0.0025 0.333799 0.274953 2.0506 0.0149791 432 4 1 0.000140497 
0.835629 0.172685 28.2352 0.0025 0.287408 0.221793 1.91287 0.0173969 433 4 1 0.000257987 
0.845001 0.0324559 12.4094 0.0025 0.259169 0.190269 1.82342 0.0192924 434 4 1 0.0001806 
0.854958 -0.00682137 0.983188 0.0025 0.25006 0.18 1.79521 0.0199952 435 4 1 4.17245e-05 
0.864998 -0.00270727 -0.925024 0.0025 0.249447 0.178997 1.79341 0.0200443 436 5 1 2.78282e-06 
0.875003 0.000179 -0.0852268 0.0025 0.249955 0.179435 1.79487 0.0200036 437 4 1 -1.05326e-06 
0.885001 0.000208477 0.0228861 0.0025 0.250032 0.179528 1.79509 0.0199974 438 3 1 -2.20951e-07 
0.895 6.66194e-05 0.0143416 0.0025 0.250014 0.179514 1.79504 0.0199989 439 4 1 1.88669e-08 
0.905 1.13563e-05 0.00366496 0.0025 0.250003 0.179503 1.79501 0.0199998 440 4 1 1.9016e-08 
0.915 9.15169e-08 0.000469958 0.0025 0.25 0.1795 1.795 0.02 441 4 1 5.81952e-09 
0.925 -5.30064e-07 -9.6775e-05 0.0025 0.25 0.1795 1.795 0.02 442 5 1 9.30003e-10 
0.935 -3.46717e-08 -2.9708e-05 0.0025 0.25 0.1795 1.795 0.02 443 4 1 -6.3767e-11 
0.945 2.34372e-08 1.28336e-06 0.0025 0.25 0.1795 1.795 0.02 444 3 1 -5.10262e-11 
0.955 1.0182e-08 1.8713e-06 0.0025 0.25 0.1795 1.795 0.02 445 4 1 -1.88658e-12 
0.965 2.23924e-09 6.10291e-07 0.0025 0.25 0.1795 1.795 0.02 446 4 1 2.13626e-12 
0.975 1.97561e-10 1.07632e-07 0.0025 0.25 0.1795 1.795 0.02 447 4 1 8.93983e-13 
0.985 -6.14655e-11 -6.24269e-10 0.0025 0.25 0.1795 1.795 0.02 448 4 1 1.88546e-13 
0.995 -1.5726e-11 -5.31547e-09 0.0025 0.25 0.1795 1.795 0.02 449 4 1 2.60716e-15 
1.005 1.5749e-11 5.31954e-09 0.0025 0.25 0.1795 1.795 0.02 450 5 1 2.60805e-15 
1.015 6.14494e-11 6.21853e-10 0.0025 0.25 0.1795 1.795 0.02 451 4 1 1.88518e-13 
1.025 -1.9757e-10 -1.07635e-07 0.0025 0.25 0.1795 1.795 0.02 452 4 1 8.94029e-13 
1.035 -2.23923e-09 -6.10293e-07 0.0025 0.25 0.1795 1.795 0.02 453 4 1 2.13624e-12 
1.045 -1.0182e-08 -1.87129e-06 0.0025 0.25 0.1795 1.795 0.02 454 4 1 -1.88661e-12 
1.055 -2.34372e-08 -1.28336e-06 0.0025 0.25 0.1795 1.795 0.02 455 3 1 -5.10262e-11 
1.065 3.46717e-08 2.9708e-05 0.0025 0.25 0.1795 1.795 0.02 456 4 1 -6.37669e-11 
1.075 5.30064e-07 9.6775e-05 0.0025 0.25 0.1795 1.795 0.02 457 5 1 9.30003e-10 
1.085 -9.15169e-08 -0.000469958 0.0025 0.25 0.1795 1.795 0.02 458 4 1 5.81952e-09 
1.095 -1.13563e-05 -0.00366496 0.0025 0.250003 0.179503 1.79501 0.0199998 459 4 1 1.9016e-08 
1.105 -6.66194e-05 -0.0143416 0.0025 0.250014 0.179514 1.79504 0.0199989 460 4 1 1.88669e-08 
1.115 -0.000208477 -0.0228861 0.0025 0.250032 0.179528 1.79509 0.0199974 461 3 1 -2.20951e-07 
1.125 -0.000179 0.0852268 0.0025 0.249955 0.179435 1.79487 0.0200036 462 4 1 -1.05326e-06 
1.135 0.00270727 0.925024 0.0025 0.249447 0.178997 1.79341 0.0200443 463 5 1 2.78282e-06 
1.14504 0.00682137 -0.983188 0.0025 0.25006 0.18 1.79521 0.0199952 464 4 1 4.17245e-05 
1.155 -0.0324559 -12.4094 0.0025 0.259169 0.190269 1.82342 0.0192924 465 4 1 0.0001806 
1.16437 -0.172685 -28.2352 0.0025 0.287408 0.221793 1.91287 0.0173969 466 4 1 0.000257987 
1.17253 -0.373398 -27.799 0.0025 0.333799 0.274953 2.0506 0.0149791 467 4 1 0.000140497 
1.17948 -0.518159 -15.134 0.0025 0.380667 0.330887 2.17472 0.0131349 468 4 1 3.47646e-05 
1.18571 -0.592801 -8.18632 0.0025 0.414199 0.372924 2.25434 0.0120715 469 4 1 -1.90715e-07 
1.19156 -0.634871 -4.40386 0.0025 0.435017 0.399792 2.30036 0.0114938 470 4 1 -9.45108e-06 
1.19721 -0.655541 -2.04741 0.0025 0.446695 0.415124 2.32522 0.0111933 471 4 1 -8.66826e-06 
1.20276 -0.665322 -0.961833 0.0025 0.452464 0.422832 2.33729 0.0110506 472 4 1 -4.93695e-06 
1.20826 -0.669723 -0.415141 0.0025 0.455161 0.426469 2.34291 0.0109851 473 4 1 -2.5241e-06 
1.21374 -0.671623 -0.179095 0.0025 0.456344 0.428082 2.3454 0.0109567 474 4 1 -1.13889e-06 
1.21922 -0.672437 -0.0759321 0.0025 0.456847 0.428779 2.3465 0.0109446 475 4 1 -4.93115e-07 
1.22469 -0.672783 -0.0324125 0.0025 0.457053 0.429075 2.34701 0.0109396 476 4 1 -2.04106e-07 
1.23016 -0.672933 -0.0140585 0.0025 0.457132 0.429201 2.34727 0.0109378 477 4 1 -7.89177e-08 
1.23563 -0.672999 -0.00631384 0.0025 0.457155 0.429256 2.34743 0.0109372 478 3 1 -2.46009e-08 
1.24109 -0.673031 -0.00299162 0.0025 0.457153 0.429279 2.34757 0.0109373 479 4 1 1.23007e-11 
1.24656 -0.673047 -0.00150785 0.0025 0.457138 0.42929 2.3477 0.0109376 480 4 1 1.2637e-08 
1.25203 -0.673057 -0.000788308 0.0025 0.457114 0.429295 2.34785 0.0109382 481 4 1 2.08904e-08 
1.2575 -0.673065 -0.000392959 0.0025 0.457082 0.429298 2.34803 0.010939 482 4 1 2.81689e-08 
1.26297 -0.67307 -0.000144345 0.0025 0.457043 0.429299 2.34824 0.0109399 483 4 1 3.60941e-08 
1.26844 -0.673075 2.95309e-05 0.0025 0.456994 0.4293 2.34849 0.0109411 484 4 1 4.58159e-08 
1.27391 -0.673079 0.000159138 0.0025 0.456934 0.429301 2.3488 0.0109425 485 4 1 5.84495e-08 
1.27938 -0.673084 0.000259203 0.0025 0.45686 0.429301 2.34918 0.0109443 486 4 1 7.51674e-08 
1.28486 -0.673088 0.000338985 0.0025 0.456769 0.429301 2.34964 0.0109465 487 4 1 9.78486e-08 
1.29033 -0.673092 0.000405865 0.0025 0.456655 0.429301 2.35023 0.0109492 488 4 1 1.30782e-07 
1.29581 -0.673096 0.000466177 0.0025 0.45651 0.429302 2.35096 0.0109527 489 4 1 1.7715e-07 
1.30128 -0.6731 0.000525113 0.0025 0.456325 0.429304 2.35191 0.0109571 490 4 1 2.46642e-07 
1.30676 -0.673105 0.000586391 0.0025 0.456083 0.429307 2.35316 0.0109629 491 4 1 3.48998e-07 
1.31225 -0.673109 0.000652157 0.0025 0.455761 0.429312 2.35481 0.0109707 492 4 1 5.44256e-07 
1.31773 -0.673114 0.000723419 0.0025 0.455316 0.429322 2.35711 0.0109814 493 4 1 8.42798e-07 
1.32323 -0.67312 0.000800827 0.0025 0.454691 0.429347 2.36041 0.0109965 494 4 1 1.27142e-06 
1.32873 -0.673125 0.000885071 0.0025 0.453609 0.429286 2.36519 0.0110227 495 4 1 3.91261e-06 
1.33425 -0.673131 0.000977065 0.0025 0.452426 0.429613 2.37458 0.0110515 496 4 1 -3.01264e-06 
1.33978 -0.673138 0.00107718 0.0025 0.446993 0.42724 2.38019 0.0111859 497 5 1 5.38057e-05 
1.34544 -0.673145 0.0011887 0.0025 0.454288 0.432901 2.44411 0.0110062 498 4 1 -0.000240408 
1.3508 -0.673152 0.00130267 0.0025 0.482768 0.424456 2.15542 0.0103569 499 4 1 0.000266071 
