# Time [s]: 0.22366
# Columns: pos [m], vel [m/s], acc [m/s^2], mass [kg], dens [kg/m^3], pres [Pa], ene [J/kg], sml [m], id, neighbor, alpha, gradh, ...additional?
1.35168 -0.673151 0.00126508 0.0025 0.511014 0.432683 2.15244 0.00978447 0 4 1 -0.000134226 
1.35646 -0.673157 0.00134584 0.0025 0.536867 0.426144 1.94998 0.0093133 1 4 1 0.000179245 
1.361 -0.673164 0.0014163 0.0025 0.548193 0.43081 1.96844 0.00912088 2 3 1 -1.90587e-05 
1.36559 -0.673172 0.00148138 0.0025 0.545925 0.429142 1.96458 0.00915877 3 5 1 3.4862e-06 
1.37016 -0.67318 0.00154602 0.0025 0.54632 0.429293 1.96451 0.00915215 4 4 1 -1.38842e-07 
1.37474 -0.673189 0.00162323 0.0025 0.546327 0.42926 1.96427 0.00915203 5 4 1 1.43488e-07 
1.37931 -0.673199 0.00173128 0.0025 0.546346 0.429255 1.96421 0.0091517 6 4 1 -3.84334e-09 
1.38389 -0.67321 0.00188641 0.0025 0.546356 0.429247 1.96414 0.00915155 7 4 1 7.77339e-09 
1.38847 -0.673222 0.00209408 0.0025 0.546365 0.429242 1.96408 0.00915138 8 4 1 4.16682e-09 
1.39304 -0.673234 0.00234683 0.0025 0.546373 0.429236 1.96402 0.00915126 9 4 1 4.75845e-09 
1.39762 -0.673247 0.0026303 0.0025 0.546379 0.42923 1.96398 0.00915116 10 4 1 -3.04519e-09 
1.40219 -0.673261 0.00293053 0.0025 0.546384 0.429222 1.96392 0.00915108 11 4 1 3.86696e-09 
1.40677 -0.673276 0.00323757 0.0025 0.546387 0.429214 1.96388 0.00915102 12 4 1 1.95504e-09 
1.41134 -0.673291 0.0035506 0.0025 0.546388 0.429205 1.96383 0.009151 13 3 1 2.63542e-09 
1.41592 -0.673309 0.00388776 0.0025 0.546388 0.429196 1.96379 0.00915101 14 4 1 1.09209e-09 
1.42049 -0.673327 0.00428658 0.0025 0.546386 0.429185 1.96375 0.00915105 15 4 1 -2.78353e-09 
1.42507 -0.673347 0.00477683 0.0025 0.546382 0.429173 1.9637 0.0091511 16 4 1 3.47584e-09 
1.42965 -0.673369 0.00533833 0.0025 0.546377 0.42916 1.96366 0.00915119 17 4 1 -1.09598e-10 
1.43422 -0.673392 0.00589598 0.0025 0.54637 0.429145 1.96362 0.00915131 18 4 1 -2.7978e-09 
1.4388 -0.673418 0.00638942 0.0025 0.546361 0.429129 1.96358 0.00915146 19 4 1 1.16618e-09 
1.44337 -0.673447 0.00687066 0.0025 0.546351 0.429112 1.96354 0.00915163 20 4 1 -4.54228e-10 
1.44795 -0.67348 0.0075109 0.0025 0.546338 0.429092 1.96349 0.00915184 21 4 1 -8.93089e-10 
1.45252 -0.673516 0.00845654 0.0025 0.546323 0.429071 1.96345 0.00915209 22 4 1 -1.75471e-09 
1.4571 -0.673556 0.00965646 0.0025 0.546306 0.429047 1.9634 0.00915238 23 4 1 -3.56736e-09 
1.46168 -0.6736 0.010879 0.0025 0.546285 0.42902 1.96335 0.00915273 24 4 1 -2.05251e-09 
1.46625 -0.673649 0.0119633 0.0025 0.546261 0.42899 1.9633 0.00915313 25 4 1 -2.69167e-09 
1.47083 -0.673705 0.0130553 0.0025 0.546234 0.428957 1.96324 0.00915358 26 4 1 -4.07392e-09 
1.47541 -0.673769 0.0145369 0.0025 0.546204 0.428919 1.96318 0.00915409 27 4 1 -3.56009e-09 
1.47998 -0.673842 0.016658 0.0025 0.546169 0.428878 1.96312 0.00915467 28 4 1 -5.416e-09 
1.48456 -0.673922 0.0192351 0.0025 0.546129 0.42883 1.96305 0.00915535 29 4 1 -8.12434e-09 
1.48914 -0.674011 0.0218317 0.0025 0.546082 0.428776 1.96297 0.00915613 30 4 1 -7.12691e-09 
1.49372 -0.674113 0.0243259 0.0025 0.546029 0.428714 1.96288 0.00915703 31 4 1 -5.77134e-09 
1.4983 -0.674229 0.0271008 0.0025 0.545968 0.428645 1.96278 0.00915805 32 4 1 -9.33288e-09 
-0.497124 -0.674361 0.0305265 0.0025 0.5459 0.428568 1.96267 0.00915918 33 4 1 -1.0527e-08 
-0.492544 -0.67451 0.0345512 0.0025 0.545824 0.428482 1.96255 0.00916046 34 4 1 -8.37405e-09 
-0.487964 -0.674674 0.0387852 0.0025 0.545739 0.428386 1.96242 0.00916189 35 4 1 -1.01095e-08 
-0.483383 -0.674854 0.0426406 0.0025 0.545645 0.428281 1.96227 0.00916347 36 4 1 -8.30013e-09 
-0.4788 -0.675048 0.0456957 0.0025 0.545544 0.428168 1.96212 0.00916516 37 4 1 -1.64655e-09 
-0.474217 -0.675251 0.0473077 0.0025 0.545441 0.428053 1.96196 0.0091669 38 4 1 3.87124e-09 
-0.469634 -0.675453 0.0462668 0.0025 0.545339 0.42794 1.9618 0.0091686 39 4 1 1.32205e-08 
-0.465049 -0.675644 0.0417348 0.0025 0.545249 0.42784 1.96167 0.00917012 40 4 1 2.55645e-08 
-0.460463 -0.675798 0.0312326 0.0025 0.545179 0.427761 1.96156 0.0091713 41 4 1 3.17152e-08 
-0.455878 -0.675924 0.0330639 0.0025 0.545136 0.427714 1.96149 0.00917203 42 5 1 8.4517e-08 
-0.451291 -0.675913 -0.0359601 0.0025 0.545162 0.427742 1.96152 0.00917159 43 4 1 9.30095e-08 
-0.446706 -0.675694 -0.031647 0.0025 0.545265 0.427857 1.96166 0.00916984 44 4 1 1.60566e-07 
-0.442122 -0.675432 -0.10083 0.0025 0.545506 0.428138 1.962 0.00916581 45 4 1 6.53009e-07 
-0.43754 -0.674209 -0.485821 0.0025 0.546261 0.428985 1.96308 0.00915314 46 4 1 1.23658e-06 
-0.432968 -0.671032 -0.965102 0.0025 0.547911 0.430797 1.96544 0.00912557 47 4 1 1.31989e-06 
-0.428415 -0.666151 -1.24776 0.0025 0.550398 0.433528 1.969 0.00908433 48 4 1 1.28282e-06 
-0.423884 -0.660249 -1.50481 0.0025 0.553552 0.437017 1.9735 0.00903258 49 4 1 1.73399e-06 
-0.419382 -0.652869 -1.94453 0.0025 0.557512 0.441412 1.97913 0.00896842 50 4 1 2.47039e-06 
-0.414915 -0.643459 -2.49064 0.0025 0.562526 0.446984 1.98623 0.00888847 51 4 1 3.05744e-06 
-0.410493 -0.631948 -3.00554 0.0025 0.568648 0.453804 1.99485 0.00879278 52 4 1 3.37211e-06 
-0.406122 -0.618685 -3.42324 0.0025 0.575731 0.461723 2.00475 0.00868461 53 4 1 3.28712e-06 
-0.401808 -0.604375 -3.62112 0.0025 0.583453 0.470399 2.01546 0.00856967 54 4 1 2.99658e-06 
-0.397552 -0.589733 -3.70837 0.0025 0.591474 0.479466 2.0265 0.00845345 55 4 1 2.72232e-06 
-0.393354 -0.575146 -3.71694 0.0025 0.599578 0.488678 2.03756 0.0083392 56 4 1 2.39657e-06 
-0.389213 -0.560874 -3.64602 0.0025 0.607592 0.49784 2.0484 0.00822921 57 4 1 2.11071e-06 
-0.385125 -0.547165 -3.5581 0.0025 0.615414 0.506832 2.0589 0.00812461 58 4 1 1.92407e-06 
-0.381088 -0.533941 -3.47566 0.0025 0.623021 0.515622 2.06904 0.00802541 59 4 1 1.73797e-06 
-0.377099 -0.521296 -3.36416 0.0025 0.630398 0.524189 2.0788 0.0079315 60 4 1 1.65298e-06 
-0.373156 -0.50911 -3.30965 0.0025 0.637581 0.532574 2.08824 0.00784214 61 4 1 1.71055e-06 
-0.369257 -0.497176 -3.30968 0.0025 0.644678 0.540896 2.0975 0.00775581 62 4 1 1.83225e-06 
-0.3654 -0.485319 -3.36852 0.0025 0.651806 0.549292 2.10674 0.007671 63 4 1 2.01889e-06 
-0.361585 -0.473272 -3.49386 0.0025 0.659085 0.557902 2.11612 0.00758628 64 4 1 2.18786e-06 
-0.357813 -0.460941 -3.63425 0.0025 0.666594 0.566822 2.12572 0.00750082 65 4 1 2.30144e-06 
-0.354084 -0.448284 -3.78051 0.0025 0.674355 0.576081 2.13559 0.00741449 66 4 1 2.35699e-06 
-0.350399 -0.435365 -3.90318 0.0025 0.682348 0.58566 2.14568 0.00732763 67 4 1 2.31246e-06 
-0.346756 -0.422284 -3.96944 0.0025 0.690503 0.595479 2.15589 0.00724109 68 4 1 2.27372e-06 
-0.343157 -0.409212 -4.04169 0.0025 0.698768 0.605479 2.16618 0.00715545 69 4 1 2.25323e-06 
-0.339601 -0.39606 -4.09719 0.0025 0.707121 0.615632 2.17649 0.00707093 70 4 1 2.16265e-06 
-0.336086 -0.383058 -4.10798 0.0025 0.715506 0.625873 2.18678 0.00698807 71 4 1 2.08549e-06 
-0.332612 -0.370189 -4.12502 0.0025 0.723887 0.636159 2.19698 0.00690716 72 4 1 2.03358e-06 
-0.329179 -0.357431 -4.13208 0.0025 0.732256 0.646478 2.20711 0.00682821 73 4 1 1.97655e-06 
-0.325784 -0.344816 -4.13845 0.0025 0.740604 0.656819 2.21713 0.00675125 74 4 1 1.955e-06 
-0.322427 -0.332317 -4.16602 0.0025 0.748943 0.667194 2.22708 0.00667608 75 4 1 1.88808e-06 
-0.319108 -0.319979 -4.15056 0.0025 0.757257 0.677585 2.23694 0.00660278 76 4 1 1.81554e-06 
-0.315824 -0.307801 -4.14898 0.0025 0.765527 0.687967 2.24667 0.00653145 77 4 1 1.81443e-06 
-0.312576 -0.29577 -4.17591 0.0025 0.773782 0.698374 2.25633 0.00646177 78 4 1 1.76646e-06 
-0.309362 -0.283863 -4.1662 0.0025 0.782018 0.708802 2.26591 0.00639371 79 4 1 1.73457e-06 
-0.306182 -0.272055 -4.19386 0.0025 0.790236 0.71925 2.2754 0.00632723 80 4 1 1.69443e-06 
-0.303035 -0.260392 -4.18417 0.0025 0.798434 0.729717 2.28481 0.00626226 81 4 1 1.62555e-06 
-0.29992 -0.248895 -4.17723 0.0025 0.80659 0.740173 2.29411 0.00619894 82 4 1 1.61022e-06 
-0.296836 -0.237491 -4.19221 0.0025 0.814721 0.750639 2.30333 0.00613707 83 4 1 1.58118e-06 
-0.293782 -0.226273 -4.19069 0.0025 0.822832 0.761121 2.31248 0.00607658 84 4 1 1.56702e-06 
-0.290759 -0.215077 -4.22062 0.0025 0.830933 0.771633 2.32156 0.00601733 85 4 1 1.53283e-06 
-0.287765 -0.204041 -4.21571 0.0025 0.839023 0.782168 2.33057 0.00595931 86 4 1 1.45723e-06 
-0.284799 -0.193096 -4.19834 0.0025 0.847068 0.792687 2.33948 0.00590271 87 4 1 1.44098e-06 
-0.281862 -0.182345 -4.21224 0.0025 0.855079 0.803201 2.3483 0.00584741 88 4 1 1.39408e-06 
-0.278952 -0.171659 -4.18314 0.0025 0.863052 0.813706 2.35703 0.00579339 89 4 1 1.39926e-06 
-0.276068 -0.161164 -4.22911 0.0025 0.871009 0.82423 2.3657 0.00574047 90 4 1 1.4223e-06 
-0.273211 -0.150581 -4.25394 0.0025 0.878988 0.834815 2.37435 0.00568836 91 4 1 1.29711e-06 
-0.27038 -0.140291 -4.18957 0.0025 0.886914 0.845374 2.38288 0.00563753 92 4 1 1.35071e-06 
-0.267574 -0.129957 -4.29542 0.0025 0.894834 0.855957 2.39137 0.00558763 93 4 1 1.17997e-06 
-0.264792 -0.119858 -4.09653 0.0025 0.902663 0.866459 2.39972 0.00553916 94 4 1 1.20133e-06 
-0.262034 -0.11003 -4.24053 0.0025 0.910425 0.876916 2.40795 0.00549194 95 4 1 1.34962e-06 
-0.2593 -0.0999207 -4.26224 0.0025 0.918266 0.887495 2.41623 0.00544505 96 4 1 1.02262e-06 
-0.256589 -0.0902908 -4.04351 0.0025 0.925966 0.89794 2.4243 0.00539977 97 4 1 1.32549e-06 
-0.2539 -0.0806176 -4.42873 0.0025 0.933739 0.908518 2.43243 0.00535482 98 4 1 1.35038e-06 
-0.251234 -0.0704815 -4.30804 0.0025 0.941631 0.919255 2.44064 0.00530994 99 4 1 5.18178e-07 
-0.24859 -0.061472 -3.70465 0.0025 0.949032 0.929394 2.44828 0.00526852 100 4 1 8.97256e-07 
-0.245966 -0.0528767 -4.09815 0.0025 0.956274 0.939375 2.45572 0.00522863 101 4 1 1.75919e-06 
-0.243362 -0.0430808 -4.6585 0.0025 0.964065 0.950088 2.46373 0.00518637 102 4 1 1.01278e-06 
-0.240779 -0.0333871 -4.09675 0.0025 0.971787 0.960712 2.47162 0.00514516 103 4 1 -2.10832e-07 
-0.238216 -0.0254725 -3.10594 0.0025 0.978511 0.970042 2.47841 0.0051098 104 4 1 4.94577e-07 
-0.235669 -0.0184541 -3.61159 0.0025 0.98495 0.979081 2.48487 0.0050764 105 4 1 3.00613e-06 
-0.23314 -0.00851594 -5.87221 0.0025 0.99303 0.990335 2.49309 0.0050351 106 4 1 1.63687e-06 
-0.230634 0.00321832 -4.60694 0.0025 1.0015 1.00198 2.50168 0.00499249 107 4 1 -3.66477e-06 
-0.228147 0.00810645 -0.038681 0.0025 1.00611 1.00845 2.50614 0.00496964 108 4 1 -1.77766e-06 
-0.225665 0.00856064 -1.29158 0.0025 1.00858 1.01221 2.50846 0.00495745 109 4 1 5.15564e-06 
-0.22319 0.017227 -6.69513 0.0025 1.01516 1.02142 2.51516 0.00492536 110 4 1 2.33684e-06 
-0.220739 0.0293093 -4.18885 0.0025 1.02337 1.0327 2.5234 0.00488583 111 4 1 -4.52724e-06 
-0.218304 0.0325432 0.0913922 0.0025 1.02675 1.03748 2.52664 0.00486975 112 3 1 -3.36777e-06 
-0.215869 0.0312533 0.983884 0.0025 1.02599 1.03653 2.52584 0.00487336 113 4 1 -8.57968e-07 
-0.213431 0.0289174 1.22967 0.0025 1.02404 1.03382 2.52391 0.00488262 114 4 1 -1.91381e-07 
-0.210987 0.0262718 1.31666 0.0025 1.02176 1.03061 2.52166 0.0048935 115 4 1 -2.19579e-08 
-0.208537 0.0234751 1.37422 0.0025 1.01935 1.0272 2.51927 0.0049051 116 4 1 2.90427e-08 
-0.206082 0.0205625 1.42428 0.0025 1.01685 1.02367 2.51679 0.00491717 117 4 1 7.84524e-08 
-0.20362 0.0175778 1.44902 0.0025 1.01431 1.0201 2.51427 0.00492947 118 4 1 1.47389e-07 
-0.201152 0.0146053 1.42731 0.0025 1.01181 1.01659 2.51178 0.00494162 119 4 1 2.25358e-07 
-0.198678 0.0117598 1.34715 0.0025 1.00946 1.01328 2.50944 0.00495316 120 4 1 2.9194e-07 
-0.196199 0.00915842 1.21195 0.0025 1.00733 1.01029 2.50731 0.00496364 121 4 1 3.31123e-07 
-0.193715 0.00689308 1.03771 0.0025 1.00549 1.00771 2.50548 0.0049727 122 4 1 3.37266e-07 
-0.191226 0.00501373 0.846496 0.0025 1.00398 1.00559 2.50397 0.00498019 123 4 1 3.14593e-07 
-0.188735 0.00352574 0.659365 0.0025 1.00279 1.00392 2.50278 0.00498609 124 4 1 2.72847e-07 
-0.18624 0.00239849 0.491793 0.0025 1.00189 1.00266 2.50189 0.00499055 125 4 1 2.22624e-07 
-0.183744 0.00157924 0.352173 0.0025 1.00124 1.00175 2.50124 0.00499379 126 4 1 1.72396e-07 
-0.181246 0.00100669 0.242668 0.0025 1.00079 1.00111 2.50079 0.00499604 127 4 1 1.27505e-07 
-0.178748 0.000621204 0.161155 0.0025 1.00049 1.00069 2.50049 0.00499756 128 4 1 9.0457e-08 
-0.176249 0.000370872 0.103238 0.0025 1.00029 1.00041 2.50029 0.00499854 129 4 1 6.17202e-08 
-0.173749 0.000213999 0.0638093 0.0025 1.00017 1.00024 2.50017 0.00499916 130 4 1 4.056e-08 
-0.17125 0.000119153 0.038033 0.0025 1.00009 1.00013 2.50009 0.00499953 131 4 1 2.56829e-08 
-0.16875 6.38729e-05 0.0218348 0.0025 1.00005 1.00007 2.50005 0.00499975 132 4 1 1.5664e-08 
-0.16625 3.28631e-05 0.0120504 0.0025 1.00003 1.00004 2.50003 0.00499987 133 4 1 9.19186e-09 
-0.16375 1.61605e-05 0.00637486 0.0025 1.00001 1.00002 2.50001 0.00499994 134 4 1 5.18031e-09 
-0.16125 7.55146e-06 0.00321964 0.0025 1.00001 1.00001 2.50001 0.00499997 135 4 1 2.79639e-09 
-0.15875 3.32534e-06 0.00154356 0.0025 1 1 2.5 0.00499999 136 4 1 1.44041e-09 
-0.15625 1.36293e-06 0.000696602 0.0025 1 1 2.5 0.00499999 137 4 1 7.04179e-10 
-0.15375 5.09629e-07 0.000292137 0.0025 1 1 2.5 0.005 138 4 1 3.24182e-10 
-0.15125 1.67715e-07 0.000111443 0.0025 1 1 2.5 0.005 139 4 1 1.38825e-10 
-0.14875 4.4994e-08 3.70838e-05 0.0025 1 1 2.5 0.005 140 4 1 5.42087e-11 
-0.14625 7.72773e-09 9.72784e-06 0.0025 1 1 2.5 0.005 141 4 1 1.86942e-11 
-0.14375 -4.41854e-10 1.21354e-06 0.0025 1 1 2.5 0.005 142 4 1 5.27436e-12 
-0.14125 1.74107e-10 -9.73722e-07 0.0025 1 1 2.5 0.005 143 5 1 4.93938e-13 
-0.13875 9.33168e-10 -8.20984e-08 0.0025 1 1 2.5 0.005 144 3 1 -5.14714e-13 
-0.13625 7.71458e-10 1.47082e-07 0.0025 1 1 2.5 0.005 145 4 1 -8.57987e-14 
-0.13375 4.65899e-10 1.49259e-07 0.0025 1 1 2.5 0.005 146 4 1 4.57469e-14 
-0.13125 2.33443e-10 9.79502e-08 0.0025 1 1 2.5 0.005 147 4 1 6.16872e-14 
-0.12875 9.9756e-11 5.13479e-08 0.0025 1 1 2.5 0.005 148 4 1 4.33033e-14 
-0.12625 3.59445e-11 2.25868e-08 0.0025 1 1 2.5 0.005 149 4 1 2.3601e-14 
-0.12375 1.02626e-11 8.26839e-09 0.0025 1 1 2.5 0.005 150 4 1 1.06887e-14 
-0.12125 1.84814e-12 2.31256e-09 0.0025 1 1 2.5 0.005 151 4 1 4.05045e-15 
-0.11875 -9.40053e-14 3.35262e-10 0.0025 1 1 2.5 0.005 152 4 1 1.18128e-15 
-0.11625 -3.06902e-14 -2.11571e-10 0.0025 1 1 2.5 0.005 153 5 1 1.30029e-16 
-0.11375 1.42076e-13 -1.47224e-11 0.0025 1 1 2.5 0.005 154 3 1 -9.23706e-17 
-0.11125 1.1535e-13 2.48974e-11 0.0025 1 1 2.5 0.005 155 4 1 -1.88294e-17 
-0.10875 6.39609e-14 2.31353e-11 0.0025 1 1 2.5 0.005 156 4 1 6.03961e-18 
-0.10625 2.26033e-14 1.58025e-11 0.0025 1 1 2.5 0.005 157 4 1 9.9476e-18 
-0.10375 5.88556e-15 8.29914e-12 0.0025 1 1 2.5 0.005 158 4 1 1.03029e-17 
-0.10125 -1.14925e-15 1.13687e-13 0.0025 1 1 2.5 0.005 159 5 1 1.42109e-18 
-0.09875 -6.44599e-16 -1.7053e-13 0.0025 1 1 2.5 0.005 160 5 1 -1.42109e-18 
-0.09625 -6.96893e-16 -6.72623e-44 0.0025 1 1 2.5 0.005 161 5 1 -1.42109e-18 
-0.09375 -8.71026e-16 -1.13687e-13 0.0025 1 1 2.5 0.005 162 5 1 -1.42109e-18 
-0.09125 -1.01018e-15 1.13687e-13 0.0025 1 1 2.5 0.005 163 5 1 -1.42109e-18 
-0.08875 -1.14938e-15 -1.13687e-13 0.0025 1 1 2.5 0.005 164 5 1 -1.42109e-18 
-0.08625 -1.46219e-15 1.12104e-44 0.0025 1 1 2.5 0.005 165 5 1 -1.42109e-18 
-0.08375 -1.77475e-15 1.12104e-43 0.0025 1 1 2.5 0.005 166 5 1 -1.42109e-18 
-0.08125 1.12849e-16 -1.13687e-13 0.0025 1 1 2.5 0.005 167 5 1 -3.19744e-18 
-0.07875 -2.68745e-15 -5.68434e-14 0.0025 1 1 2.5 0.005 168 5 1 5.68434e-18 
-0.07625 -1.8709e-15 2.27374e-13 0.0025 1 1 2.5 0.005 169 5 1 -1.38556e-17 
-0.07375 -1.47628e-15 1.13687e-13 0.0025 1 1 2.5 0.005 170 5 1 9.23706e-18 
-0.07125 9.14075e-16 0 0.0025 1 1 2.5 0.005 171 5 1 -1.24345e-17 
-0.06875 -4.33381e-17 3.9443e-29 0.0025 1 1 2.5 0.005 172 5 1 1.10134e-17 
-0.06625 1.65015e-15 1.13687e-13 0.0025 1 1 2.5 0.005 173 5 1 -1.59872e-17 
-0.06375 1.4047e-15 -5.68434e-14 0.0025 1 1 2.5 0.005 174 4 1 -2.13163e-18 
-0.06125 -9.27413e-16 -1.13687e-13 0.0025 1 1 2.5 0.005 175 3 1 3.12639e-17 
-0.05875 3.36717e-16 1.7053e-13 0.0025 1 1 2.5 0.005 176 4 1 -2.62901e-17 
-0.05625 -1.3241e-15 1.13687e-13 0.0025 1 1 2.5 0.005 177 5 1 2.84217e-18 
-0.05375 1.06435e-15 -7.88861e-29 0.0025 1 1 2.5 0.005 178 4 1 3.55271e-19 
-0.05125 -2.31806e-16 1.38051e-27 0.0025 1 1 2.5 0.005 179 5 1 -1.77636e-18 
-0.04875 2.65452e-15 -8.96831e-44 0.0025 1 1 2.5 0.005 180 5 1 -3.90799e-18 
-0.04625 2.10384e-15 1.7053e-13 0.0025 1 1 2.5 0.005 181 5 1 -1.06581e-18 
-0.04375 3.67396e-16 1.79366e-43 0.0025 1 1 2.5 0.005 182 5 1 -3.55271e-19 
-0.04125 3.76625e-16 5.68434e-14 0.0025 1 1 2.5 0.005 183 5 1 -6.39488e-18 
-0.03875 -1.93372e-15 5.68434e-14 0.0025 1 1 2.5 0.005 184 5 1 7.10543e-18 
-0.03625 -1.69577e-15 -3.97904e-13 0.0025 1 1 2.5 0.005 185 5 1 -1.52767e-17 
-0.03375 -5.66465e-15 -2.27374e-13 0.0025 1 1 2.5 0.005 186 4 1 -1.1724e-17 
-0.03125 1.10978e-16 7.95808e-13 0.0025 1 1 2.5 0.005 187 3 1 5.15143e-17 
-0.02875 -1.6013e-15 -3.41061e-13 0.0025 1 1 2.5 0.005 188 4 1 -3.94351e-17 
-0.02625 -2.12218e-15 -1.13687e-13 0.0025 1 1 2.5 0.005 189 5 1 9.23706e-18 
-0.02375 -2.76021e-15 -1.41995e-27 0.0025 1 1 2.5 0.005 190 3 1 -2.4869e-18 
-0.02125 -2.59829e-15 2.19895e-27 0.0025 1 1 2.5 0.005 191 4 1 4.26326e-18 
-0.01875 -3.10496e-16 -2.27374e-13 0.0025 1 1 2.5 0.005 192 4 1 -6.39488e-18 
-0.01625 -2.84272e-15 1.13687e-12 0.0025 1 1 2.5 0.005 193 5 1 2.13163e-18 
-0.01375 -7.13161e-16 -7.95808e-13 0.0025 1 1 2.5 0.005 194 4 1 2.84217e-18 
-0.01125 -4.53525e-16 -1.7053e-13 0.0025 1 1 2.5 0.005 195 3 1 -3.19744e-18 
-0.00875 2.51581e-16 4.54747e-13 0.0025 1 1 2.5 0.005 196 4 1 3.55271e-19 
-0.00625 7.54687e-16 -6.82121e-13 0.0025 1 1 2.5 0.005 197 5 1 5.00742e-33 
-0.00375 1.97436e-16 3.97904e-13 0.0025 1 1 2.5 0.005 198 3 1 -1.06581e-18 
-0.00125 3.28769e-17 -4.93038e-29 0.0025 1 1 2.5 0.005 199 5 1 -1.42109e-18 
0.00125 -5.6534e-16 -1.13687e-13 0.0025 1 1 2.5 0.005 200 3 1 3.55271e-19 
0.00375 -6.4559e-16 3.97904e-13 0.0025 1 1 2.5 0.005 201 4 1 7.10543e-19 
0.00625 -4.02189e-16 -1.7053e-13 0.0025 1 1 2.5 0.005 202 5 1 -7.10543e-19 
0.00875 -9.17655e-16 -7.98722e-28 0.0025 1 1 2.5 0.005 203 3 1 3.55271e-19 
0.01125 -1.09905e-15 -2.27374e-13 0.0025 1 1 2.5 0.005 204 4 1 2.13163e-18 
0.01375 -1.20264e-15 9.09495e-13 0.0025 1 1 2.5 0.005 205 4 1 -4.26326e-18 
0.01625 -1.02678e-15 5.68434e-14 0.0025 1 1 2.5 0.005 206 5 1 -3.55271e-19 
0.01875 -1.44393e-15 2.84217e-13 0.0025 1 1 2.5 0.005 207 4 1 7.10543e-19 
0.02125 1.90438e-15 -6.82121e-13 0.0025 1 1 2.5 0.005 208 3 1 4.61853e-18 
0.02375 1.1494e-15 5.68434e-14 0.0025 1 1 2.5 0.005 209 3 1 1.42109e-18 
0.02625 2.00539e-15 -2.84217e-13 0.0025 1 1 2.5 0.005 210 5 1 -7.10543e-18 
0.02875 4.82068e-16 -4.54747e-13 0.0025 1 1 2.5 0.005 211 4 1 -3.55271e-19 
0.03125 5.04581e-15 1.7053e-13 0.0025 1 1 2.5 0.005 212 3 1 3.55271e-19 
0.03375 3.7864e-15 1.7053e-13 0.0025 1 1 2.5 0.005 213 4 1 6.03961e-18 
0.03625 2.21948e-15 6.82121e-13 0.0025 1 1 2.5 0.005 214 5 1 -1.59872e-17 
0.03875 2.63736e-15 5.68434e-14 0.0025 1 1 2.5 0.005 215 3 1 1.84741e-17 
0.04125 5.37061e-15 -2.38742e-12 0.0025 1 1 2.5 0.005 216 3 1 -1.38556e-17 
0.04375 5.00633e-15 2.55795e-12 0.0025 1 1 2.5 0.005 217 3 1 -4.61853e-18 
0.04625 2.31984e-15 -2.27374e-13 0.0025 1 1 2.5 0.005 218 4 1 1.52767e-17 
0.04875 1.72391e-15 1.41995e-27 0.0025 1 1 2.5 0.005 219 4 1 -9.9476e-18 
0.05125 8.70997e-16 2.84217e-13 0.0025 1 1 2.5 0.005 220 4 1 -7.4607e-18 
0.05375 3.04115e-15 5.68434e-14 0.0025 1 1 2.5 0.005 221 3 1 1.38556e-17 
0.05625 1.50007e-15 -4.54747e-13 0.0025 1 1 2.5 0.005 222 5 1 1.38556e-17 
0.05875 5.29103e-15 1.7053e-13 0.0025 1 1 2.5 0.005 223 5 1 -7.0699e-17 
0.06125 4.23545e-15 1.13687e-13 0.0025 1 1 2.5 0.005 224 4 1 6.46594e-17 
0.06375 3.81189e-15 -1.7053e-13 0.0025 1 1 2.5 0.005 225 4 1 2.13163e-18 
0.06625 1.24757e-15 -2.27374e-13 0.0025 1 1 2.5 0.005 226 5 1 -2.91323e-17 
0.06875 5.28013e-15 -1.13687e-13 0.0025 1 1 2.5 0.005 227 5 1 1.88294e-17 
0.07125 1.60264e-15 -1.13687e-13 0.0025 1 1 2.5 0.005 228 5 1 -1.52767e-17 
0.07375 4.11078e-15 -1.13687e-13 0.0025 1 1 2.5 0.005 229 5 1 8.88178e-18 
0.07625 3.97166e-15 6.72623e-44 0.0025 1 1 2.5 0.005 230 5 1 -1.3145e-17 
0.07875 6.34716e-15 -7.84727e-44 0.0025 1 1 2.5 0.005 231 5 1 8.17124e-18 
0.08125 5.47536e-15 5.68434e-14 0.0025 1 1 2.5 0.005 232 5 1 -1.03029e-17 
0.08375 5.29776e-15 5.68434e-14 0.0025 1 1 2.5 0.005 233 5 1 4.61853e-18 
0.08625 2.9932e-15 1.56945e-43 0.0025 1 1 2.5 0.005 234 5 1 -3.90799e-18 
0.08875 2.12963e-15 5.68434e-14 0.0025 1 1 2.5 0.005 235 5 1 -3.55271e-19 
0.09125 1.9878e-15 5.68434e-14 0.0025 1 1 2.5 0.005 236 5 1 -5.32907e-18 
0.09375 1.74723e-15 -5.60519e-44 0.0025 1 1 2.5 0.005 237 5 1 1.42109e-18 
0.09625 8.92363e-16 5.68434e-14 0.0025 1 1 2.5 0.005 238 5 1 -3.19744e-18 
0.09875 6.51855e-16 1.13687e-13 0.0025 1 1 2.5 0.005 239 5 1 -1.42109e-18 
0.10125 2.02088e-15 6.82121e-13 0.0025 1 1 2.5 0.005 240 5 1 -2.13163e-18 
0.10375 -2.02732e-15 -6.08225e-12 0.0025 1 1 2.5 0.005 241 4 1 1.20792e-17 
0.10625 -1.79081e-14 -1.33582e-11 0.0025 1 1 2.5 0.005 242 4 1 5.68434e-18 
0.10875 -5.84611e-14 -2.78533e-11 0.0025 1 1 2.5 0.005 243 4 1 2.23821e-17 
0.11125 -1.09617e-13 -2.63753e-11 0.0025 1 1 2.5 0.005 244 4 1 -3.48166e-17 
0.11375 -1.31274e-13 2.19984e-11 0.0025 1 1 2.5 0.005 245 3 1 -7.99361e-17 
0.11625 2.83168e-14 2.04295e-10 0.0025 1 1 2.5 0.005 246 5 1 1.10845e-16 
0.11875 1.03947e-13 -3.29294e-10 0.0025 1 1 2.5 0.005 247 4 1 1.21254e-15 
0.12125 -1.84673e-12 -2.32001e-09 0.0025 1 1 2.5 0.005 248 4 1 4.01563e-15 
0.12375 -1.02519e-11 -8.25872e-09 0.0025 1 1 2.5 0.005 249 4 1 1.07178e-14 
0.12625 -3.59384e-11 -2.2606e-08 0.0025 1 1 2.5 0.005 250 4 1 2.35996e-14 
0.12875 -9.97568e-11 -5.13368e-08 0.0025 1 1 2.5 0.005 251 4 1 4.32848e-14 
0.13125 -2.33446e-10 -9.79494e-08 0.0025 1 1 2.5 0.005 252 4 1 6.17032e-14 
0.13375 -4.65897e-10 -1.49261e-07 0.0025 1 1 2.5 0.005 253 4 1 4.57259e-14 
0.13625 -7.71452e-10 -1.4708e-07 0.0025 1 1 2.5 0.005 254 4 1 -8.58005e-14 
0.13875 -9.33173e-10 8.21016e-08 0.0025 1 1 2.5 0.005 255 3 1 -5.14684e-13 
0.14125 -1.74084e-10 9.73716e-07 0.0025 1 1 2.5 0.005 256 5 1 4.93946e-13 
0.14375 4.41833e-10 -1.21354e-06 0.0025 1 1 2.5 0.005 257 4 1 5.27432e-12 
0.14625 -7.72773e-09 -9.72783e-06 0.0025 1 1 2.5 0.005 258 4 1 1.86942e-11 
0.14875 -4.4994e-08 -3.70838e-05 0.0025 1 1 2.5 0.005 259 4 1 5.42086e-11 
0.15125 -1.67715e-07 -0.000111443 0.0025 1 1 2.5 0.005 260 4 1 1.38825e-10 
0.15375 -5.09629e-07 -0.000292137 0.0025 1 1 2.5 0.005 261 4 1 3.24182e-10 
0.15625 -1.36293e-06 -0.000696602 0.0025 1 1 2.5 0.00499999 262 4 1 7.04179e-10 
0.15875 -3.32534e-06 -0.00154356 0.0025 1 1 2.5 0.00499999 263 4 1 1.44041e-09 
0.16125 -7.55146e-06 -0.00321964 0.0025 1.00001 1.00001 2.50001 0.00499997 264 4 1 2.79639e-09 
0.16375 -1.61605e-05 -0.00637486 0.0025 1.00001 1.00002 2.50001 0.00499994 265 4 1 5.18031e-09 
0.16625 -3.28631e-05 -0.0120504 0.0025 1.00003 1.00004 2.50003 0.00499987 266 4 1 9.19186e-09 
0.16875 -6.38729e-05 -0.0218348 0.0025 1.00005 1.00007 2.50005 0.00499975 267 4 1 1.5664e-08 
0.17125 -0.000119153 -0.038033 0.0025 1.00009 1.00013 2.50009 0.00499953 268 4 1 2.56829e-08 
0.173749 -0.000213999 -0.0638093 0.0025 1.00017 1.00024 2.50017 0.00499916 269 4 1 4.056e-08 
0.176249 -0.000370872 -0.103238 0.0025 1.00029 1.00041 2.50029 0.00499854 270 4 1 6.17202e-08 
0.178748 -0.000621204 -0.161155 0.0025 1.00049 1.00069 2.50049 0.00499756 271 4 1 9.0457e-08 
0.181246 -0.00100669 -0.242668 0.0025 1.00079 1.00111 2.50079 0.00499604 272 4 1 1.27505e-07 
0.183744 -0.00157924 -0.352173 0.0025 1.00124 1.00175 2.50124 0.00499379 273 4 1 1.72396e-07 
0.18624 -0.00239849 -0.491793 0.0025 1.00189 1.00266 2.50189 0.00499055 274 4 1 2.22624e-07 
0.188735 -0.00352574 -0.659365 0.0025 1.00279 1.00392 2.50278 0.00498609 275 4 1 2.72847e-07 
0.191226 -0.00501373 -0.846496 0.0025 1.00398 1.00559 2.50397 0.00498019 276 4 1 3.14593e-07 
0.193715 -0.00689308 -1.03771 0.0025 1.00549 1.00771 2.50548 0.0049727 277 4 1 3.37266e-07 
0.196199 -0.00915842 -1.21195 0.0025 1.00733 1.01029 2.50731 0.00496364 278 4 1 3.31123e-07 
0.198678 -0.0117598 -1.34715 0.0025 1.00946 1.01328 2.50944 0.00495316 279 4 1 2.9194e-07 
0.201152 -0.0146053 -1.42731 0.0025 1.01181 1.01659 2.51178 0.00494162 280 4 1 2.25358e-07 
0.20362 -0.0175778 -1.44902 0.0025 1.01431 1.0201 2.51427 0.00492947 281 4 1 1.47389e-07 
0.206082 -0.0205625 -1.42428 0.0025 1.01685 1.02367 2.51679 0.00491717 282 4 1 7.84524e-08 
0.208537 -0.0234751 -1.37422 0.0025 1.01935 1.0272 2.51927 0.0049051 283 4 1 2.90427e-08 
0.210987 -0.0262718 -1.31666 0.0025 1.02176 1.03061 2.52166 0.0048935 284 4 1 -2.19579e-08 
0.213431 -0.0289174 -1.22967 0.0025 1.02404 1.03382 2.52391 0.00488262 285 4 1 -1.91381e-07 
0.215869 -0.0312533 -0.983884 0.0025 1.02599 1.03653 2.52584 0.00487336 286 4 1 -8.57968e-07 
0.218304 -0.0325432 -0.0913922 0.0025 1.02675 1.03748 2.52664 0.00486975 287 3 1 -3.36777e-06 
0.220739 -0.0293093 4.18885 0.0025 1.02337 1.0327 2.5234 0.00488583 288 4 1 -4.52724e-06 
0.22319 -0.017227 6.69513 0.0025 1.01516 1.02142 2.51516 0.00492536 289 4 1 2.33684e-06 
0.225665 -0.00856064 1.29158 0.0025 1.00858 1.01221 2.50846 0.00495745 290 4 1 5.15564e-06 
0.228147 -0.00810645 0.038681 0.0025 1.00611 1.00845 2.50614 0.00496964 291 4 1 -1.77766e-06 
0.230634 -0.00321832 4.60694 0.0025 1.0015 1.00198 2.50168 0.00499249 292 4 1 -3.66477e-06 
0.23314 0.00851594 5.87221 0.0025 0.99303 0.990335 2.49309 0.0050351 293 4 1 1.63687e-06 
0.235669 0.0184541 3.61159 0.0025 0.98495 0.979081 2.48487 0.0050764 294 4 1 3.00613e-06 
0.238216 0.0254725 3.10594 0.0025 0.978511 0.970042 2.47841 0.0051098 295 4 1 4.94577e-07 
0.240779 0.0333871 4.09675 0.0025 0.971787 0.960712 2.47162 0.00514516 296 4 1 -2.10832e-07 
0.243362 0.0430808 4.6585 0.0025 0.964065 0.950088 2.46373 0.00518637 297 4 1 1.01278e-06 
0.245966 0.0528767 4.09815 0.0025 0.956274 0.939375 2.45572 0.00522863 298 4 1 1.75919e-06 
0.24859 0.061472 3.70465 0.0025 0.949032 0.929394 2.44828 0.00526852 299 4 1 8.97256e-07 
0.251234 0.0704815 4.30804 0.0025 0.941631 0.919255 2.44064 0.00530994 300 4 1 5.18178e-07 
0.2539 0.0806176 4.42873 0.0025 0.933739 0.908518 2.43243 0.00535482 301 4 1 1.35038e-06 
0.256589 0.0902908 4.04351 0.0025 0.925966 0.89794 2.4243 0.00539977 302 4 1 1.32549e-06 
0.2593 0.0999207 4.26224 0.0025 0.918266 0.887495 2.41623 0.00544505 303 4 1 1.02262e-06 
0.262034 0.11003 4.24053 0.0025 0.910425 0.876916 2.40795 0.00549194 304 4 1 1.34962e-06 
0.264792 0.119858 4.09653 0.0025 0.902663 0.866459 2.39972 0.00553916 305 4 1 1.20133e-06 
0.267574 0.129957 4.29542 0.0025 0.894834 0.855957 2.39137 0.00558763 306 4 1 1.17997e-06 
0.27038 0.140291 4.18957 0.0025 0.886914 0.845374 2.38288 0.00563753 307 4 1 1.35071e-06 
0.273211 0.150581 4.25394 0.0025 0.878988 0.834815 2.37435 0.00568836 308 4 1 1.29711e-06 
0.276068 0.161164 4.22911 0.0025 0.871009 0.82423 2.3657 0.00574047 309 4 1 1.4223e-06 
0.278952 0.171659 4.18314 0.0025 0.863052 0.813706 2.35703 0.00579339 310 4 1 1.39926e-06 
0.281862 0.182345 4.21224 0.0025 0.855079 0.803201 2.3483 0.00584741 311 4 1 1.39408e-06 
0.284799 0.193096 4.19834 0.0025 0.847068 0.792687 2.33948 0.00590271 312 4 1 1.44098e-06 
0.287765 0.204041 4.21571 0.0025 0.839023 0.782168 2.33057 0.00595931 313 4 1 1.45723e-06 
0.290759 0.215077 4.22062 0.0025 0.830933 0.771633 2.32156 0.00601733 314 4 1 1.53283e-06 
0.293782 0.226273 4.19069 0.0025 0.822832 0.761121 2.31248 0.00607658 315 4 1 1.56702e-06 
0.296836 0.237491 4.19221 0.0025 0.814721 0.750639 2.30333 0.00613707 316 4 1 1.58118e-06 
0.29992 0.248895 4.17723 0.0025 0.80659 0.740173 2.29411 0.00619894 317 4 1 1.61022e-06 
0.303035 0.260392 4.18417 0.0025 0.798434 0.729717 2.28481 0.00626226 318 4 1 1.62555e-06 
0.306182 0.272055 4.19386 0.0025 0.790236 0.71925 2.2754 0.00632723 319 4 1 1.69443e-06 
0.309362 0.283863 4.1662 0.0025 0.782018 0.708802 2.26591 0.00639371 320 4 1 1.73457e-06 
0.312576 0.29577 4.17591 0.0025 0.773782 0.698374 2.25633 0.00646177 321 4 1 1.76646e-06 
0.315824 0.307801 4.14898 0.0025 0.765527 0.687967 2.24667 0.00653145 322 4 1 1.81443e-06 
0.319108 0.319979 4.15056 0.0025 0.757257 0.677585 2.23694 0.00660278 323 4 1 1.81554e-06 
0.322427 0.332317 4.16602 0.0025 0.748943 0.667194 2.22708 0.00667608 324 4 1 1.88808e-06 
0.325784 0.344816 4.13845 0.0025 0.740604 0.656819 2.21713 0.00675125 325 4 1 1.955e-06 
0.329179 0.357431 4.13208 0.0025 0.732256 0.646478 2.20711 0.00682821 326 4 1 1.97655e-06 
0.332612 0.370189 4.12502 0.0025 0.723887 0.636159 2.19698 0.00690716 327 4 1 2.03358e-06 
0.336086 0.383058 4.10798 0.0025 0.715506 0.625873 2.18678 0.00698807 328 4 1 2.08549e-06 
0.339601 0.39606 4.09719 0.0025 0.707121 0.615632 2.17649 0.00707093 329 4 1 2.16265e-06 
0.343157 0.409212 4.04169 0.0025 0.698768 0.605479 2.16618 0.00715545 330 4 1 2.25323e-06 
0.346756 0.422284 3.96944 0.0025 0.690503 0.595479 2.15589 0.00724109 331 4 1 2.27372e-06 
0.350399 0.435365 3.90318 0.0025 0.682348 0.58566 2.14568 0.00732763 332 4 1 2.31246e-06 
0.354084 0.448284 3.78051 0.0025 0.674355 0.576081 2.13559 0.00741449 333 4 1 2.35699e-06 
0.357813 0.460941 3.63425 0.0025 0.666594 0.566822 2.12572 0.00750082 334 4 1 2.30144e-06 
0.361585 0.473272 3.49386 0.0025 0.659085 0.557902 2.11612 0.00758628 335 4 1 2.18786e-06 
0.3654 0.485319 3.36852 0.0025 0.651806 0.549292 2.10674 0.007671 336 4 1 2.01889e-06 
0.369257 0.497176 3.30968 0.0025 0.644678 0.540896 2.0975 0.00775581 337 4 1 1.83225e-06 
0.373156 0.50911 3.30965 0.0025 0.637581 0.532574 2.08824 0.00784214 338 4 1 1.71055e-06 
0.377099 0.521296 3.36416 0.0025 0.630398 0.524189 2.0788 0.0079315 339 4 1 1.65298e-06 
0.381088 0.533941 3.47566 0.0025 0.623021 0.515622 2.06904 0.00802541 340 4 1 1.73797e-06 
0.385125 0.547165 3.5581 0.0025 0.615414 0.506832 2.0589 0.00812461 341 4 1 1.92407e-06 
0.389213 0.560874 3.64602 0.0025 0.607592 0.49784 2.0484 0.00822921 342 4 1 2.11071e-06 
0.393354 0.575146 3.71694 0.0025 0.599578 0.488678 2.03756 0.0083392 343 4 1 2.39657e-06 
0.397552 0.589733 3.70837 0.0025 0.591474 0.479466 2.0265 0.00845345 344 4 1 2.72232e-06 
0.401808 0.604375 3.62112 0.0025 0.583453 0.470399 2.01546 0.00856967 345 4 1 2.99658e-06 
0.406122 0.618685 3.42324 0.0025 0.575731 0.461723 2.00475 0.00868461 346 4 1 3.28712e-06 
0.410493 0.631948 3.00554 0.0025 0.568648 0.453804 1.99485 0.00879278 347 4 1 3.37211e-06 
0.414915 0.643459 2.49064 0.0025 0.562526 0.446984 1.98623 0.00888847 348 4 1 3.05744e-06 
0.419382 0.652869 1.94453 0.0025 0.557512 0.441412 1.97913 0.00896842 349 4 1 2.47039e-06 
0.423884 0.660249 1.50481 0.0025 0.553552 0.437017 1.9735 0.00903258 350 4 1 1.73399e-06 
0.428415 0.666151 1.24776 0.0025 0.550398 0.433528 1.969 0.00908433 351 4 1 1.28282e-06 
0.432968 0.671032 0.965102 0.0025 0.547911 0.430797 1.96544 0.00912557 352 4 1 1.31989e-06 
0.43754 0.674209 0.485821 0.0025 0.546261 0.428985 1.96308 0.00915314 353 4 1 1.23658e-06 
0.442122 0.675432 0.10083 0.0025 0.545506 0.428138 1.962 0.00916581 354 4 1 6.53009e-07 
0.446706 0.675694 0.031647 0.0025 0.545265 0.427857 1.96166 0.00916984 355 4 1 1.60566e-07 
0.451291 0.675913 0.0359601 0.0025 0.545162 0.427742 1.96152 0.00917159 356 4 1 9.30095e-08 
0.455878 0.675924 -0.0330639 0.0025 0.545136 0.427714 1.96149 0.00917203 357 5 1 8.4517e-08 
0.460463 0.675798 -0.0312326 0.0025 0.545179 0.427761 1.96156 0.0091713 358 4 1 3.17152e-08 
0.465049 0.675644 -0.0417348 0.0025 0.545249 0.42784 1.96167 0.00917012 359 4 1 2.55645e-08 
0.469634 0.675453 -0.0462668 0.0025 0.545339 0.42794 1.9618 0.0091686 360 4 1 1.32205e-08 
0.474217 0.675251 -0.0473077 0.0025 0.545441 0.428053 1.96196 0.0091669 361 4 1 3.87124e-09 
0.4788 0.675048 -0.0456957 0.0025 0.545544 0.428168 1.96212 0.00916516 362 4 1 -1.64655e-09 
0.483383 0.674854 -0.0426406 0.0025 0.545645 0.428281 1.96227 0.00916347 363 4 1 -8.30013e-09 
0.487964 0.674674 -0.0387852 0.0025 0.545739 0.428386 1.96242 0.00916189 364 4 1 -1.01095e-08 
0.492544 0.67451 -0.0345512 0.0025 0.545824 0.428482 1.96255 0.00916046 365 4 1 -8.37405e-09 
0.497124 0.674361 -0.0305265 0.0025 0.5459 0.428568 1.96267 0.00915918 366 4 1 -1.0527e-08 
0.501704 0.674229 -0.0271008 0.0025 0.545968 0.428645 1.96278 0.00915805 367 4 1 -9.33288e-09 
0.506282 0.674113 -0.0243259 0.0025 0.546029 0.428714 1.96288 0.00915703 368 4 1 -5.77134e-09 
0.510861 0.674011 -0.0218317 0.0025 0.546082 0.428776 1.96297 0.00915613 369 4 1 -7.12691e-09 
0.515439 0.673922 -0.0192351 0.0025 0.546129 0.42883 1.96305 0.00915535 370 4 1 -8.12434e-09 
0.520016 0.673842 -0.016658 0.0025 0.546169 0.428878 1.96312 0.00915467 371 4 1 -5.416e-09 
0.524593 0.673769 -0.0145369 0.0025 0.546204 0.428919 1.96318 0.00915409 372 4 1 -3.56009e-09 
0.52917 0.673705 -0.0130553 0.0025 0.546234 0.428957 1.96324 0.00915358 373 4 1 -4.07391e-09 
0.533747 0.673649 -0.0119633 0.0025 0.546261 0.42899 1.9633 0.00915313 374 4 1 -2.69167e-09 
0.538323 0.6736 -0.010879 0.0025 0.546285 0.42902 1.96335 0.00915273 375 4 1 -2.05251e-09 
0.5429 0.673556 -0.00965646 0.0025 0.546306 0.429047 1.9634 0.00915238 376 4 1 -3.56736e-09 
0.547476 0.673516 -0.00845654 0.0025 0.546323 0.429071 1.96345 0.00915209 377 4 1 -1.75471e-09 
0.552052 0.67348 -0.0075109 0.0025 0.546338 0.429092 1.96349 0.00915184 378 4 1 -8.93089e-10 
0.556627 0.673447 -0.00687066 0.0025 0.546351 0.429112 1.96354 0.00915163 379 4 1 -4.54228e-10 
0.561203 0.673418 -0.00638942 0.0025 0.546361 0.429129 1.96358 0.00915146 380 4 1 1.16618e-09 
0.565779 0.673392 -0.00589598 0.0025 0.54637 0.429145 1.96362 0.00915131 381 4 1 -2.7978e-09 
0.570355 0.673369 -0.00533833 0.0025 0.546377 0.42916 1.96366 0.00915119 382 4 1 -1.09598e-10 
0.57493 0.673347 -0.00477683 0.0025 0.546382 0.429173 1.9637 0.0091511 383 4 1 3.47584e-09 
0.579506 0.673327 -0.00428658 0.0025 0.546386 0.429185 1.96375 0.00915105 384 4 1 -2.78353e-09 
0.584081 0.673309 -0.00388776 0.0025 0.546388 0.429196 1.96379 0.00915101 385 4 1 1.09209e-09 
0.588657 0.673291 -0.0035506 0.0025 0.546388 0.429205 1.96383 0.009151 386 3 1 2.63542e-09 
0.593232 0.673276 -0.00323757 0.0025 0.546387 0.429214 1.96388 0.00915102 387 4 1 1.95504e-09 
0.597808 0.673261 -0.00293053 0.0025 0.546384 0.429222 1.96392 0.00915108 388 4 1 3.86696e-09 
0.602383 0.673247 -0.0026303 0.0025 0.546379 0.42923 1.96398 0.00915116 389 4 1 -3.04519e-09 
0.606959 0.673234 -0.00234683 0.0025 0.546373 0.429236 1.96402 0.00915126 390 4 1 4.75845e-09 
0.611535 0.673222 -0.00209408 0.0025 0.546365 0.429242 1.96408 0.00915138 391 4 1 4.16682e-09 
0.61611 0.67321 -0.00188641 0.0025 0.546356 0.429247 1.96414 0.00915155 392 4 1 7.77339e-09 
0.620686 0.673199 -0.00173128 0.0025 0.546346 0.429255 1.96421 0.0091517 393 4 1 -3.84334e-09 
0.625262 0.673189 -0.00162323 0.0025 0.546327 0.42926 1.96427 0.00915203 394 4 1 1.43488e-07 
0.629838 0.67318 -0.00154602 0.0025 0.54632 0.429293 1.96451 0.00915215 395 4 1 -1.38842e-07 
0.634414 0.673172 -0.00148138 0.0025 0.545925 0.429142 1.96458 0.00915877 396 5 1 3.4862e-06 
0.638997 0.673164 -0.0014163 0.0025 0.548193 0.43081 1.96844 0.00912088 397 3 1 -1.90587e-05 
0.643535 0.673157 -0.00134584 0.0025 0.536867 0.426144 1.94998 0.0093133 398 4 1 0.000179245 
0.648316 0.673151 -0.00126508 0.0025 0.511014 0.432683 2.15244 0.00978447 399 4 1 -0.000134226 
0.653326 0.673144 -0.00117594 0.0025 0.482772 0.424461 2.15543 0.0103568 400 4 1 0.000266073 
0.658687 0.673138 -0.00107898 0.0025 0.454292 0.432906 2.44411 0.0110061 401 4 1 -0.000240408 
0.664343 0.673131 -0.000979634 0.0025 0.446996 0.427244 2.3802 0.0111858 402 5 1 5.38061e-05 
0.669874 0.673126 -0.000888412 0.0025 0.452429 0.429617 2.37459 0.0110515 403 4 1 -3.01265e-06 
0.675395 0.67312 -0.000804072 0.0025 0.453612 0.42929 2.3652 0.0110226 404 4 1 3.91263e-06 
0.680897 0.673115 -0.000726491 0.0025 0.454694 0.42935 2.36041 0.0109964 405 4 1 1.27143e-06 
0.686391 0.67311 -0.000654934 0.0025 0.455319 0.429326 2.35712 0.0109813 406 4 1 8.42811e-07 
0.691878 0.673106 -0.000588946 0.0025 0.455764 0.429316 2.35482 0.0109706 407 4 1 5.4427e-07 
0.697362 0.673101 -0.000528038 0.0025 0.456086 0.42931 2.35316 0.0109629 408 4 1 3.49013e-07 
0.702841 0.673097 -0.000471674 0.0025 0.456327 0.429306 2.35192 0.0109571 409 4 1 2.46664e-07 
0.708319 0.673093 -0.00041899 0.0025 0.456512 0.429305 2.35097 0.0109526 410 4 1 1.77183e-07 
0.713794 0.673089 -0.000368218 0.0025 0.456657 0.429304 2.35023 0.0109491 411 4 1 1.30833e-07 
0.719268 0.673086 -0.000316145 0.0025 0.456771 0.429304 2.34965 0.0109464 412 4 1 9.79227e-08 
0.72474 0.673082 -0.000257883 0.0025 0.456862 0.429303 2.34918 0.0109442 413 4 1 7.527e-08 
0.730212 0.673078 -0.000186908 0.0025 0.456936 0.429303 2.3488 0.0109424 414 4 1 5.85898e-08 
0.735683 0.673075 -9.51069e-05 0.0025 0.456996 0.429303 2.3485 0.010941 415 4 1 4.60203e-08 
0.741153 0.673071 2.77314e-05 0.0025 0.457045 0.429303 2.34824 0.0109398 416 4 1 3.64397e-08 
0.746623 0.673066 0.000196989 0.0025 0.457085 0.429302 2.34804 0.0109389 417 4 1 2.88592e-08 
0.752092 0.673061 0.000444357 0.0025 0.457118 0.4293 2.34786 0.0109381 418 4 1 2.24279e-08 
0.757561 0.673054 0.000847884 0.0025 0.457143 0.429297 2.34771 0.0109375 419 4 1 1.62373e-08 
0.763029 0.673044 0.0016033 0.0025 0.457163 0.429292 2.34759 0.010937 420 4 1 8.57878e-09 
0.768498 0.673027 0.00319473 0.0025 0.457174 0.42928 2.34747 0.0109368 421 3 1 -4.11366e-09 
0.773966 0.672994 0.00679327 0.0025 0.457171 0.429255 2.34735 0.0109368 422 4 1 -3.00712e-08 
0.779435 0.672923 0.0152045 0.0025 0.457142 0.429196 2.34719 0.0109375 423 4 1 -8.83344e-08 
0.784904 0.672761 0.0351162 0.0025 0.457053 0.429059 2.34692 0.0109396 424 4 1 -2.23293e-07 
0.790374 0.672387 0.0823184 0.0025 0.456827 0.428738 2.34639 0.0109451 425 4 1 -5.34368e-07 
0.795849 0.671506 0.193875 0.0025 0.45628 0.427985 2.34521 0.0109582 426 4 1 -1.22893e-06 
0.801332 0.669453 0.448591 0.0025 0.455002 0.426244 2.34253 0.010989 427 4 1 -2.69877e-06 
0.806838 0.664702 1.03618 0.0025 0.452101 0.422338 2.33649 0.0110595 428 4 1 -5.22139e-06 
0.812392 0.654232 2.18831 0.0025 0.445935 0.414109 2.32359 0.0112124 429 4 1 -8.98847e-06 
0.818051 0.63207 4.71353 0.0025 0.433549 0.397878 2.29716 0.0115327 430 4 1 -9.08815e-06 
0.823929 0.587668 8.57787 0.0025 0.411754 0.369796 2.24876 0.0121432 431 4 1 1.42323e-06 
0.830209 0.508604 16.1615 0.0025 0.376892 0.326269 2.16527 0.0132664 432 4 1 4.07317e-05 
0.837248 0.356225 28.6648 0.0025 0.32928 0.26969 2.03782 0.0151846 433 4 1 0.000153691 
0.84553 0.155868 27.2128 0.0025 0.283959 0.217909 1.90207 0.0176082 434 4 1 0.0002604 
0.854984 0.025389 10.953 0.0025 0.257696 0.188633 1.81878 0.0194027 435 4 1 0.000165917 
0.864963 -0.00725273 0.460567 0.0025 0.249819 0.179703 1.7945 0.0200145 436 4 1 3.45523e-05 
0.874999 -0.00218033 -0.818126 0.0025 0.249503 0.179037 1.79357 0.0200399 437 5 1 1.88897e-06 
0.885003 0.000222252 -0.0578359 0.0025 0.249975 0.179456 1.79493 0.020002 438 4 1 -1.01285e-06 
0.895001 0.00019453 0.0236935 0.0025 0.250031 0.179528 1.79509 0.0199975 439 3 1 -1.72341e-07 
0.905 5.84359e-05 0.0130511 0.0025 0.250012 0.179513 1.79504 0.019999 440 4 1 2.19177e-08 
0.915 9.3289e-06 0.0031576 0.0025 0.250003 0.179503 1.79501 0.0199998 441 4 1 1.75956e-08 
0.925 -1.55282e-07 0.000367644 0.0025 0.25 0.1795 1.795 0.02 442 4 1 5.09414e-09 
0.935 -4.70631e-07 -0.000103967 0.0025 0.25 0.1795 1.795 0.02 443 5 1 7.50215e-10 
0.945 -1.88564e-08 -2.38288e-05 0.0025 0.25 0.1795 1.795 0.02 444 4 1 -8.06278e-11 
0.955 2.26476e-08 1.67563e-06 0.0025 0.25 0.1795 1.795 0.02 445 3 1 -4.32687e-11 
0.965 9.16688e-09 1.74546e-06 0.0025 0.25 0.1795 1.795 0.02 446 4 1 -7.28939e-13 
0.975 1.91763e-09 5.39173e-07 0.0025 0.25 0.1795 1.795 0.02 447 4 1 2.06528e-12 
0.985 1.42061e-10 9.06409e-08 0.0025 0.25 0.1795 1.795 0.02 448 4 1 7.96377e-13 
0.995 -4.92114e-11 1.50855e-09 0.0025 0.25 0.1795 1.795 0.02 449 4 1 1.67356e-13 
1.005 4.92604e-11 -1.50311e-09 0.0025 0.25 0.1795 1.795 0.02 450 5 1 1.67336e-13 
1.015 -1.42093e-10 -9.06484e-08 0.0025 0.25 0.1795 1.795 0.02 451 4 1 7.96332e-13 
1.025 -1.91766e-09 -5.39171e-07 0.0025 0.25 0.1795 1.795 0.02 452 4 1 2.06533e-12 
1.035 -9.16686e-09 -1.74546e-06 0.0025 0.25 0.1795 1.795 0.02 453 4 1 -7.28932e-13 
1.045 -2.26476e-08 -1.67563e-06 0.0025 0.25 0.1795 1.795 0.02 454 3 1 -4.32688e-11 
1.055 1.88564e-08 2.38288e-05 0.0025 0.25 0.1795 1.795 0.02 455 4 1 -8.06278e-11 
1.065 4.70631e-07 0.000103967 0.0025 0.25 0.1795 1.795 0.02 456 5 1 7.50215e-10 
1.075 1.55282e-07 -0.000367644 0.0025 0.25 0.1795 1.795 0.02 457 4 1 5.09414e-09 
1.085 -9.3289e-06 -0.0031576 0.0025 0.250003 0.179503 1.79501 0.0199998 458 4 1 1.75956e-08 
1.095 -5.84359e-05 -0.0130511 0.0025 0.250012 0.179513 1.79504 0.019999 459 4 1 2.19177e-08 
1.105 -0.00019453 -0.0236935 0.0025 0.250031 0.179528 1.79509 0.0199975 460 3 1 -1.72341e-07 
1.115 -0.000222252 0.0578359 0.0025 0.249975 0.179456 1.79493 0.020002 461 4 1 -1.01285e-06 
1.125 0.00218033 0.818126 0.0025 0.249503 0.179037 1.79357 0.0200399 462 5 1 1.88897e-06 
1.13504 0.00725273 -0.460567 0.0025 0.249819 0.179703 1.7945 0.0200145 463 4 1 3.45523e-05 
1.14502 -0.025389 -10.953 0.0025 0.257696 0.188633 1.81878 0.0194027 464 4 1 0.000165917 
1.15447 -0.155868 -27.2128 0.0025 0.283959 0.217909 1.90207 0.0176082 465 4 1 0.0002604 
1.16275 -0.356225 -28.6648 0.0025 0.32928 0.26969 2.03782 0.0151846 466 4 1 0.000153691 
1.16979 -0.508604 -16.1615 0.0025 0.376892 0.326269 2.16527 0.0132664 467 4 1 4.07317e-05 
1.17607 -0.587668 -8.57787 0.0025 0.411754 0.369796 2.24876 0.0121432 468 4 1 1.42323e-06 
1.18195 -0.63207 -4.71353 0.0025 0.433549 0.397878 2.29716 0.0115327 469 4 1 -9.08815e-06 
1.18761 -0.654232 -2.18831 0.0025 0.445935 0.414109 2.32359 0.0112124 470 4 1 -8.98847e-06 
1.19316 -0.664702 -1.03618 0.0025 0.452101 0.422338 2.33649 0.0110595 471 4 1 -5.22139e-06 
1.19867 -0.669453 -0.448591 0.0025 0.455002 0.426244 2.34253 0.010989 472 4 1 -2.69877e-06 
1.20415 -0.671506 -0.193875 0.0025 0.45628 0.427985 2.34521 0.0109582 473 4 1 -1.22893e-06 
1.20963 -0.672387 -0.0823184 0.0025 0.456827 0.428738 2.34639 0.0109451 474 4 1 -5.34368e-07 
1.2151 -0.672761 -0.0351162 0.0025 0.457053 0.429059 2.34692 0.0109396 475 4 1 -2.23293e-07 
1.22057 -0.672923 -0.0152045 0.0025 0.457142 0.429196 2.34719 0.0109375 476 4 1 -8.83344e-08 
1.22603 -0.672994 -0.00679327 0.0025 0.457171 0.429255 2.34735 0.0109368 477 4 1 -3.00712e-08 
1.2315 -0.673027 -0.00319473 0.0025 0.457174 0.42928 2.34747 0.0109368 478 3 1 -4.11366e-09 
1.23697 -0.673044 -0.0016033 0.0025 0.457163 0.429292 2.34759 0.010937 479 4 1 8.57878e-09 
1.24244 -0.673054 -0.000847884 0.0025 0.457143 0.429297 2.34771 0.0109375 480 4 1 1.62373e-08 
1.24791 -0.673061 -0.000444357 0.0025 0.457118 0.4293 2.34786 0.0109381 481 4 1 2.24279e-08 
1.25338 -0.673066 -0.000196989 0.0025 0.457085 0.429302 2.34804 0.0109389 482 4 1 2.88592e-08 
1.25885 -0.673071 -2.77313e-05 0.0025 0.457045 0.429303 2.34824 0.0109398 483 4 1 3.64397e-08 
1.26432 -0.673075 9.51069e-05 0.0025 0.456996 0.429303 2.3485 0.010941 484 4 1 4.60203e-08 
1.26979 -0.673078 0.000186908 0.0025 0.456936 0.429303 2.3488 0.0109424 485 4 1 5.85898e-08 
1.27526 -0.673082 0.000257883 0.0025 0.456862 0.429303 2.34918 0.0109442 486 4 1 7.527e-08 
1.28073 -0.673086 0.000316145 0.0025 0.456771 0.429304 2.34965 0.0109464 487 4 1 9.79227e-08 
1.28621 -0.673089 0.000368218 0.0025 0.456657 0.429304 2.35023 0.0109491 488 4 1 1.30833e-07 
1.29168 -0.673093 0.00041899 0.0025 0.456512 0.429305 2.35097 0.0109526 489 4 1 1.77183e-07 
1.29716 -0.673097 0.000471674 0.0025 0.456327 0.429306 2.35192 0.0109571 490 4 1 2.46664e-07 
1.30264 -0.673101 0.000528038 0.0025 0.456086 0.42931 2.35316 0.0109629 491 4 1 3.49013e-07 
1.30812 -0.673106 0.000588946 0.0025 0.455764 0.429316 2.35482 0.0109706 492 4 1 5.4427e-07 
1.31361 -0.67311 0.000654934 0.0025 0.455319 0.429326 2.35712 0.0109813 493 4 1 8.42811e-07 
1.3191 -0.673115 0.000726491 0.0025 0.454694 0.42935 2.36041 0.0109964 494 4 1 1.27143e-06 
1.32461 -0.67312 0.000804072 0.0025 0.453612 0.42929 2.3652 0.0110226 495 4 1 3.91263e-06 
1.33013 -0.673126 0.000888412 0.0025 0.452429 0.429617 2.37459 0.0110515 496 4 1 -3.01265e-06 
1.33566 -0.673131 0.000979634 0.0025 0.446996 0.427244 2.3802 0.0111858 497 5 1 5.38061e-05 
1.34131 -0.673138 0.00107898 0.0025 0.454292 0.432906 2.44411 0.0110061 498 4 1 -0.000240408 
1.34667 -0.673144 0.00117594 0.0025 0.482772 0.424461 2.15543 0.0103568 499 4 1 0.000266073 
