# Time [s]: 0.226111
# Columns: pos [m], vel [m/s], acc [m/s^2], mass [kg], dens [kg/m^3], pres [Pa], ene [J/kg], sml [m], id, neighbor, alpha, gradh, ...additional?
1.35003 -0.673148 0.001202 0.0025 0.511015 0.432685 2.15244 0.00978444 0 4 1 -0.000134226 
1.35481 -0.673154 0.00126994 0.0025 0.536868 0.426146 1.94998 0.00931327 1 4 1 0.000179246 
1.35935 -0.673161 0.00132761 0.0025 0.548195 0.430812 1.96844 0.00912084 2 3 1 -1.90586e-05 
1.36394 -0.673168 0.00138173 0.0025 0.545927 0.429145 1.96458 0.00915873 3 5 1 3.48618e-06 
1.36851 -0.673176 0.00144137 0.0025 0.546322 0.429296 1.96451 0.00915211 4 4 1 -1.38832e-07 
1.37309 -0.673185 0.00152249 0.0025 0.54633 0.429263 1.96427 0.00915198 5 4 1 1.43479e-07 
1.37766 -0.673195 0.00164204 0.0025 0.546349 0.429258 1.96421 0.00915165 6 4 1 -3.86782e-09 
1.38224 -0.673205 0.00180998 0.0025 0.546359 0.429251 1.96414 0.00915149 7 4 1 7.74775e-09 
1.38682 -0.673217 0.00202415 0.0025 0.546369 0.429246 1.96408 0.00915133 8 4 1 4.15663e-09 
1.39139 -0.673228 0.00227287 0.0025 0.546377 0.42924 1.96403 0.0091512 9 4 1 4.77386e-09 
1.39597 -0.673241 0.00254169 0.0025 0.546383 0.429234 1.96398 0.0091511 10 4 1 -3.00296e-09 
1.40054 -0.673254 0.00281873 0.0025 0.546388 0.429227 1.96393 0.00915101 11 4 1 3.93028e-09 
1.40512 -0.673268 0.00309897 0.0025 0.546391 0.429219 1.96388 0.00915095 12 4 1 2.02493e-09 
1.40969 -0.673283 0.00339174 0.0025 0.546393 0.429211 1.96384 0.00915092 13 3 1 2.68844e-09 
1.41427 -0.673299 0.00372519 0.0025 0.546393 0.429201 1.96379 0.00915093 14 4 1 1.11263e-09 
1.41884 -0.673317 0.00413124 0.0025 0.546391 0.429191 1.96375 0.00915095 15 4 1 -2.77314e-09 
1.42342 -0.673336 0.00461029 0.0025 0.546388 0.42918 1.96371 0.009151 16 4 1 3.54184e-09 
1.428 -0.673356 0.00511027 0.0025 0.546383 0.429167 1.96367 0.00915108 17 4 1 6.73317e-11 
1.43257 -0.673378 0.00556356 0.0025 0.546377 0.429153 1.96363 0.00915119 18 4 1 -2.54491e-09 
1.43715 -0.673403 0.00597177 0.0025 0.546369 0.429138 1.96359 0.00915133 19 4 1 1.36131e-09 
1.44172 -0.673431 0.00645173 0.0025 0.546359 0.429121 1.96355 0.00915149 20 4 1 -4.2843e-10 
1.4463 -0.673462 0.00715786 0.0025 0.546348 0.429103 1.96351 0.00915168 21 4 1 -9.70027e-10 
1.45087 -0.673496 0.00812268 0.0025 0.546334 0.429083 1.96347 0.00915191 22 4 1 -1.69618e-09 
1.45545 -0.673533 0.00919109 0.0025 0.546318 0.42906 1.96342 0.00915218 23 4 1 -3.19449e-09 
1.46003 -0.673574 0.0101691 0.0025 0.546298 0.429035 1.96337 0.00915251 24 4 1 -1.47872e-09 
1.4646 -0.673621 0.0110666 0.0025 0.546276 0.429007 1.96332 0.00915288 25 4 1 -2.26024e-09 
1.46918 -0.673674 0.0121585 0.0025 0.546251 0.428975 1.96327 0.00915329 26 4 1 -3.99864e-09 
1.47376 -0.673735 0.0137472 0.0025 0.546223 0.428941 1.96321 0.00915377 27 4 1 -3.63111e-09 
1.47833 -0.673802 0.0158354 0.0025 0.546191 0.428901 1.96315 0.00915431 28 4 1 -5.15258e-09 
1.48291 -0.673876 0.0180969 0.0025 0.546153 0.428856 1.96308 0.00915495 29 4 1 -7.32311e-09 
1.48749 -0.67396 0.0202712 0.0025 0.546109 0.428805 1.963 0.00915568 30 4 1 -6.17318e-09 
1.49207 -0.674055 0.0225306 0.0025 0.546059 0.428748 1.96292 0.00915651 31 4 1 -5.19575e-09 
1.49664 -0.674165 0.0252815 0.0025 0.546003 0.428684 1.96283 0.00915745 32 4 1 -9.19617e-09 
-0.498777 -0.674289 0.0286938 0.0025 0.54594 0.428612 1.96273 0.00915851 33 4 1 -1.05337e-08 
-0.494198 -0.674428 0.032599 0.0025 0.545869 0.428531 1.96261 0.00915971 34 4 1 -8.3553e-09 
-0.489617 -0.674582 0.0366427 0.0025 0.545788 0.42844 1.96249 0.00916107 35 4 1 -1.02904e-08 
-0.485036 -0.674752 0.0404951 0.0025 0.545698 0.428339 1.96235 0.00916257 36 4 1 -9.28249e-09 
-0.480455 -0.674938 0.0438967 0.0025 0.545601 0.428231 1.9622 0.0091642 37 4 1 -3.69238e-09 
-0.475872 -0.675136 0.0460967 0.0025 0.545499 0.428117 1.96204 0.00916591 38 4 1 5.7491e-10 
-0.471289 -0.67534 0.0463392 0.0025 0.545397 0.428004 1.96189 0.00916763 39 4 1 7.51514e-09 
-0.466705 -0.675539 0.0440931 0.0025 0.545302 0.427897 1.96174 0.00916923 40 4 1 2.00417e-08 
-0.46212 -0.675714 0.0370171 0.0025 0.545222 0.427808 1.96162 0.00917058 41 4 1 2.53802e-08 
-0.457534 -0.675846 0.0299526 0.0025 0.545162 0.427742 1.96153 0.00917158 42 4 1 4.52089e-08 
-0.452948 -0.675941 0.012763 0.0025 0.545141 0.427719 1.96149 0.00917194 43 5 1 1.03707e-07 
-0.448362 -0.675796 -0.0490547 0.0025 0.545205 0.427788 1.96157 0.00917087 44 4 1 1.01356e-07 
-0.443777 -0.675581 -0.0379973 0.0025 0.545354 0.427959 1.96178 0.00916836 45 4 1 3.14931e-07 
-0.439194 -0.675075 -0.232857 0.0025 0.545763 0.428428 1.96236 0.00916149 46 4 1 9.18918e-07 
-0.434616 -0.673076 -0.693527 0.0025 0.546872 0.429658 1.96395 0.0091429 47 4 1 1.33489e-06 
-0.430051 -0.669055 -1.11383 0.0025 0.548903 0.431884 1.96686 0.00910908 48 4 1 1.27667e-06 
-0.425507 -0.663723 -1.341 0.0025 0.55168 0.434943 1.97083 0.00906322 49 4 1 1.39484e-06 
-0.420988 -0.657281 -1.66609 0.0025 0.555136 0.438773 1.97575 0.00900679 50 4 1 2.00543e-06 
-0.4165 -0.649147 -2.15305 0.0025 0.559495 0.443612 1.98194 0.00893664 51 4 1 2.68652e-06 
-0.412051 -0.638924 -2.68541 0.0025 0.56493 0.449657 1.98962 0.00885066 52 4 1 3.16822e-06 
-0.407649 -0.626773 -3.1659 0.0025 0.571416 0.456892 1.99872 0.0087502 53 4 1 3.31231e-06 
-0.4033 -0.613095 -3.48693 0.0025 0.578728 0.465083 2.00892 0.00863964 54 4 1 3.12753e-06 
-0.399009 -0.598736 -3.6343 0.0025 0.586529 0.473869 2.0197 0.00852472 55 4 1 2.83326e-06 
-0.394775 -0.584216 -3.68019 0.0025 0.594528 0.482931 2.03067 0.00841003 56 4 1 2.5572e-06 
-0.390598 -0.569841 -3.66724 0.0025 0.60254 0.492057 2.04157 0.00829821 57 4 1 2.2407e-06 
-0.386476 -0.555905 -3.57577 0.0025 0.610418 0.501082 2.0522 0.00819111 58 4 1 2.00803e-06 
-0.382407 -0.542502 -3.5052 0.0025 0.618096 0.509925 2.06248 0.00808936 59 4 1 1.82399e-06 
-0.378387 -0.529584 -3.40154 0.0025 0.625557 0.518561 2.0724 0.00799288 60 4 1 1.66075e-06 
-0.374414 -0.517219 -3.31138 0.0025 0.632793 0.52698 2.08195 0.00790148 61 4 1 1.64229e-06 
-0.370485 -0.505246 -3.27889 0.0025 0.639875 0.535259 2.09124 0.00781402 62 4 1 1.70381e-06 
-0.366599 -0.493465 -3.28613 0.0025 0.646904 0.543513 2.10039 0.00772912 63 4 1 1.84778e-06 
-0.362756 -0.481683 -3.37206 0.0025 0.653998 0.55188 2.10957 0.00764529 64 4 1 2.03279e-06 
-0.358954 -0.469677 -3.49715 0.0025 0.661269 0.560491 2.11891 0.00756122 65 4 1 2.18101e-06 
-0.355194 -0.45738 -3.6411 0.0025 0.668774 0.569418 2.1285 0.00747636 66 4 1 2.27167e-06 
-0.351477 -0.444776 -3.77324 0.0025 0.676522 0.578673 2.13833 0.00739074 67 4 1 2.30945e-06 
-0.347803 -0.43192 -3.89045 0.0025 0.684484 0.588225 2.14836 0.00730477 68 4 1 2.24727e-06 
-0.344172 -0.418983 -3.93667 0.0025 0.692586 0.597993 2.15849 0.00721932 69 4 1 2.23412e-06 
-0.340584 -0.406029 -4.02937 0.0025 0.700793 0.607935 2.16868 0.00713477 70 4 1 2.19738e-06 
-0.337037 -0.393063 -4.05721 0.0025 0.709079 0.618018 2.1789 0.0070514 71 4 1 2.07733e-06 
-0.333532 -0.380221 -4.06165 0.0025 0.717371 0.628157 2.18905 0.00696989 72 4 1 2.02283e-06 
-0.330067 -0.367494 -4.07841 0.0025 0.725652 0.638331 2.19912 0.00689035 73 4 1 1.98118e-06 
-0.326641 -0.354893 -4.08842 0.0025 0.733923 0.648539 2.20911 0.0068127 74 4 1 1.93831e-06 
-0.323254 -0.342456 -4.10283 0.0025 0.742181 0.658777 2.21902 0.0067369 75 4 1 1.89577e-06 
-0.319904 -0.330103 -4.11196 0.0025 0.750424 0.669041 2.22884 0.0066629 76 4 1 1.83948e-06 
-0.316591 -0.317923 -4.1127 0.0025 0.758642 0.679319 2.23857 0.00659072 77 4 1 1.78248e-06 
-0.313313 -0.305925 -4.10739 0.0025 0.766824 0.689598 2.24819 0.0065204 78 4 1 1.75355e-06 
-0.31007 -0.294012 -4.12105 0.0025 0.774981 0.699889 2.25773 0.00645177 79 4 1 1.73281e-06 
-0.306861 -0.282265 -4.13321 0.0025 0.783125 0.710206 2.26719 0.00638468 80 4 1 1.69924e-06 
-0.303686 -0.270603 -4.14517 0.0025 0.791256 0.720549 2.27657 0.00631907 81 4 1 1.63796e-06 
-0.300542 -0.25907 -4.13334 0.0025 0.799356 0.730896 2.28586 0.00625503 82 4 1 1.60729e-06 
-0.29743 -0.247724 -4.1485 0.0025 0.807428 0.741249 2.29506 0.0061925 83 4 1 1.5625e-06 
-0.294349 -0.236455 -4.13144 0.0025 0.815469 0.751603 2.30418 0.00613144 84 4 1 1.54653e-06 
-0.291299 -0.225361 -4.16027 0.0025 0.823489 0.761972 2.31321 0.00607172 85 4 1 1.5299e-06 
-0.288278 -0.2143 -4.16079 0.0025 0.831502 0.772371 2.32219 0.00601321 86 4 1 1.49902e-06 
-0.285285 -0.203375 -4.18313 0.0025 0.839502 0.782792 2.3311 0.00595591 87 4 1 1.42658e-06 
-0.282322 -0.192575 -4.14288 0.0025 0.84746 0.7932 2.33991 0.00589998 88 4 1 1.41213e-06 
-0.279385 -0.181919 -4.17966 0.0025 0.855386 0.803604 2.34864 0.00584532 89 4 1 1.3594e-06 
-0.276476 -0.171369 -4.12544 0.0025 0.863272 0.813996 2.35727 0.00579192 90 4 1 1.3767e-06 
-0.273593 -0.160993 -4.20087 0.0025 0.871146 0.824411 2.36585 0.00573956 91 4 1 1.38508e-06 
-0.270736 -0.150509 -4.19033 0.0025 0.879039 0.834881 2.3744 0.00568803 92 4 1 1.26366e-06 
-0.267905 -0.140356 -4.15245 0.0025 0.886873 0.84532 2.38284 0.00563778 93 4 1 1.34173e-06 
-0.265098 -0.130093 -4.25452 0.0025 0.894717 0.8558 2.39125 0.00558836 94 4 1 1.14764e-06 
-0.262317 -0.120111 -4.05044 0.0025 0.902466 0.866193 2.39951 0.00554038 95 4 1 1.16581e-06 
-0.259558 -0.110394 -4.18685 0.0025 0.910139 0.876531 2.40764 0.00549367 96 4 1 1.34773e-06 
-0.256823 -0.100368 -4.24281 0.0025 0.917908 0.88701 2.41585 0.00544717 97 4 1 9.90085e-07 
-0.254111 -0.0908275 -3.97909 0.0025 0.925529 0.897344 2.42384 0.00540231 98 4 1 1.2434e-06 
-0.25142 -0.0813381 -4.33894 0.0025 0.933184 0.907764 2.43184 0.005358 99 4 1 1.41682e-06 
-0.248753 -0.0712784 -4.34843 0.0025 0.941025 0.91843 2.44001 0.00531336 100 4 1 5.80531e-07 
-0.246107 -0.0621492 -3.71588 0.0025 0.948434 0.928569 2.44766 0.00527185 101 4 1 7.05735e-07 
-0.243481 -0.0537411 -3.91577 0.0025 0.955545 0.938367 2.45497 0.00523262 102 4 1 1.63169e-06 
-0.240874 -0.0443032 -4.53754 0.0025 0.963133 0.94881 2.46277 0.00519139 103 4 1 1.28747e-06 
-0.238289 -0.0345311 -4.2934 0.0025 0.970891 0.959483 2.47071 0.00514991 104 4 1 1.44392e-08 
-0.235724 -0.0261503 -3.28611 0.0025 0.977819 0.969067 2.47772 0.00511342 105 4 1 -3.72127e-08 
-0.233176 -0.0193886 -3.11042 0.0025 0.984024 0.977767 2.48394 0.00508118 106 4 1 2.40518e-06 
-0.230643 -0.0107217 -5.34101 0.0025 0.991469 0.988184 2.49149 0.00504302 107 4 1 2.70405e-06 
-0.228133 0.00131351 -5.48534 0.0025 1.00019 1.0002 2.50036 0.00499903 108 4 1 -2.59992e-06 
-0.225644 0.0083883 -1.05419 0.0025 1.00595 1.00818 2.50603 0.00497044 109 4 1 -3.24856e-06 
-0.223162 0.00866357 0.0673413 0.0025 1.0082 1.01161 2.50809 0.00495932 110 4 1 3.66238e-06 
-0.220685 0.0144415 -5.69745 0.0025 1.01333 1.0189 2.51328 0.00493424 111 4 1 4.20019e-06 
-0.218228 0.0269906 -5.4354 0.0025 1.02169 1.03039 2.52173 0.00489386 112 4 1 -3.49793e-06 
-0.215791 0.032349 -0.473365 0.0025 1.02637 1.03692 2.5263 0.00487154 113 3 1 -4.08925e-06 
-0.213356 0.0315873 0.859643 0.0025 1.02624 1.03687 2.52609 0.00487218 114 4 1 -1.21874e-06 
-0.210918 0.0293844 1.20029 0.0025 1.02443 1.03437 2.5243 0.00488075 115 4 1 -2.8577e-07 
-0.208476 0.0267685 1.31175 0.0025 1.02219 1.03121 2.52208 0.00489145 116 4 1 -3.83887e-08 
-0.206027 0.0239856 1.36868 0.0025 1.01979 1.02782 2.5197 0.00490297 117 4 1 2.92858e-08 
-0.203573 0.0210927 1.41428 0.0025 1.0173 1.02432 2.51724 0.00491495 118 4 1 7.60845e-08 
-0.201112 0.01813 1.43894 0.0025 1.01478 1.02077 2.51474 0.00492717 119 4 1 1.37614e-07 
-0.198645 0.0151705 1.42331 0.0025 1.01229 1.01726 2.51226 0.00493929 120 4 1 2.09887e-07 
-0.196173 0.0123177 1.35418 0.0025 1.00992 1.01393 2.5099 0.00495088 121 4 1 2.75724e-07 
-0.193694 0.00968398 1.23136 0.0025 1.00776 1.01089 2.50774 0.00496151 122 4 1 3.18865e-07 
-0.191211 0.00736343 1.0674 0.0025 1.00587 1.00825 2.50586 0.00497081 123 4 1 3.31515e-07 
-0.188724 0.00541354 0.8822 0.0025 1.0043 1.00604 2.50429 0.00497859 124 4 1 3.1542e-07 
-0.186233 0.00384921 0.696412 0.0025 1.00305 1.00428 2.50304 0.00498481 125 4 1 2.78662e-07 
-0.183739 0.00264834 0.526376 0.0025 1.00209 1.00294 2.50209 0.00498956 126 4 1 2.31263e-07 
-0.181243 0.00176406 0.38192 0.0025 1.00139 1.00196 2.50139 0.00499306 127 4 1 1.81915e-07 
-0.178746 0.00113798 0.266614 0.0025 1.0009 1.00126 2.50089 0.00499553 128 4 1 1.36534e-07 
-0.176248 0.000710965 0.179381 0.0025 1.00056 1.00079 2.50056 0.00499721 129 4 1 9.82309e-08 
-0.173749 0.000430011 0.116447 0.0025 1.00034 1.00048 2.50034 0.00499831 130 4 1 6.79521e-08 
-0.171249 0.000251573 0.0729647 0.0025 1.0002 1.00028 2.5002 0.00499901 131 4 1 4.52753e-08 
-0.16875 0.000142171 0.0441188 0.0025 1.00011 1.00016 2.50011 0.00499944 132 4 1 2.90763e-08 
-0.16625 7.74579e-05 0.0257192 0.0025 1.00006 1.00009 2.50006 0.0049997 133 4 1 1.79969e-08 
-0.16375 4.05754e-05 0.0144315 0.0025 1.00003 1.00005 2.50003 0.00499984 134 4 1 1.07272e-08 
-0.16125 2.0362e-05 0.00777536 0.0025 1.00002 1.00002 2.50002 0.00499992 135 4 1 6.14823e-09 
-0.15875 9.74028e-06 0.00400856 0.0025 1.00001 1.00001 2.50001 0.00499996 136 4 1 3.38072e-09 
-0.15625 4.41047e-06 0.00196789 0.0025 1 1 2.5 0.00499998 137 4 1 1.7777e-09 
-0.15375 1.87124e-06 0.000913546 0.0025 1 1 2.5 0.00499999 138 4 1 8.89849e-10 
-0.15125 7.32201e-07 0.000396868 0.0025 1 1 2.5 0.005 139 4 1 4.21247e-10 
-0.14875 2.57234e-07 0.000158664 0.0025 1 1 2.5 0.005 140 4 1 1.86753e-10 
-0.14625 7.70079e-08 5.6661e-05 0.0025 1 1 2.5 0.005 141 4 1 7.63421e-11 
-0.14375 1.72321e-08 1.69681e-05 0.0025 1 1 2.5 0.005 142 4 1 2.79129e-11 
-0.14125 1.4529e-09 3.65536e-06 0.0025 1 1 2.5 0.005 143 4 1 8.94109e-12 
-0.13875 -4.912e-10 -6.72038e-07 0.0025 1 1 2.5 0.005 144 5 1 1.89313e-12 
-0.13625 6.96273e-10 -3.70221e-07 0.0025 1 1 2.5 0.005 145 4 1 -3.97457e-13 
-0.13375 7.95769e-10 6.57953e-08 0.0025 1 1 2.5 0.005 146 3 1 -2.26342e-13 
-0.13125 5.4409e-10 1.45204e-07 0.0025 1 1 2.5 0.005 147 4 1 6.38139e-15 
-0.12875 2.9618e-10 1.10321e-07 0.0025 1 1 2.5 0.005 148 4 1 5.52813e-14 
-0.12625 1.36658e-10 6.39106e-08 0.0025 1 1 2.5 0.005 149 4 1 4.76874e-14 
-0.12375 5.37774e-11 3.05168e-08 0.0025 1 1 2.5 0.005 150 4 1 2.88317e-14 
-0.12125 1.74545e-11 1.22877e-08 0.0025 1 1 2.5 0.005 151 4 1 1.42663e-14 
-0.11875 4.17736e-12 4.01315e-09 0.0025 1 1 2.5 0.005 152 4 1 5.86127e-15 
-0.11625 4.13736e-13 9.1967e-10 0.0025 1 1 2.5 0.005 153 4 1 2.03038e-15 
-0.11375 -1.4736e-13 -9.04379e-11 0.0025 1 1 2.5 0.005 154 5 1 4.79616e-16 
-0.11125 8.47504e-14 -9.004e-11 0.0025 1 1 2.5 0.005 155 4 1 -7.21201e-17 
-0.10875 1.19112e-13 1.22782e-11 0.0025 1 1 2.5 0.005 156 3 1 -5.25802e-17 
-0.10625 7.61375e-14 2.467e-11 0.0025 1 1 2.5 0.005 157 4 1 4.9738e-18 
-0.10375 3.46734e-14 1.72236e-11 0.0025 1 1 2.5 0.005 158 4 1 1.24345e-17 
-0.10125 1.25054e-14 1.13687e-11 0.0025 1 1 2.5 0.005 159 4 1 6.03961e-18 
-0.09875 -1.21678e-16 1.64846e-12 0.0025 1 1 2.5 0.005 160 5 1 4.61853e-18 
-0.09625 -1.06258e-15 -5.68434e-14 0.0025 1 1 2.5 0.005 161 5 1 -3.55271e-19 
-0.09375 -9.23279e-16 -5.68434e-14 0.0025 1 1 2.5 0.005 162 5 1 -1.42109e-18 
-0.09125 -1.04503e-15 -4.48416e-44 0.0025 1 1 2.5 0.005 163 5 1 -1.42109e-18 
-0.08875 -1.21902e-15 -1.13687e-13 0.0025 1 1 2.5 0.005 164 5 1 -1.42109e-18 
-0.08625 -1.53187e-15 -1.12104e-44 0.0025 1 1 2.5 0.005 165 5 1 -1.42109e-18 
-0.08375 -1.9489e-15 -1.13687e-13 0.0025 1 1 2.5 0.005 166 5 1 -1.42109e-18 
-0.08125 -1.83209e-16 -1.7053e-13 0.0025 1 1 2.5 0.005 167 5 1 -3.90799e-18 
-0.07875 -2.98351e-15 -1.13687e-13 0.0025 1 1 2.5 0.005 168 5 1 7.10543e-18 
-0.07625 -1.40069e-15 1.7053e-13 0.0025 1 1 2.5 0.005 169 5 1 -1.45661e-17 
-0.07375 -1.19764e-15 1.13687e-13 0.0025 1 1 2.5 0.005 170 5 1 9.23706e-18 
-0.07125 9.14075e-16 0 0.0025 1 1 2.5 0.005 171 5 1 -1.24345e-17 
-0.06875 -4.33381e-17 3.9443e-29 0.0025 1 1 2.5 0.005 172 5 1 1.10134e-17 
-0.06625 1.87653e-15 5.68434e-14 0.0025 1 1 2.5 0.005 173 5 1 -1.59872e-17 
-0.06375 1.248e-15 -1.66252e-26 0.0025 1 1 2.5 0.005 174 4 1 -2.13163e-18 
-0.06125 -1.20605e-15 -1.13687e-13 0.0025 1 1 2.5 0.005 175 3 1 3.12639e-17 
-0.05875 6.85034e-16 1.7053e-13 0.0025 1 1 2.5 0.005 176 4 1 -2.62901e-17 
-0.05625 -9.75819e-16 1.13687e-13 0.0025 1 1 2.5 0.005 177 5 1 2.84217e-18 
-0.05375 1.06435e-15 -7.88861e-29 0.0025 1 1 2.5 0.005 178 4 1 3.55271e-19 
-0.05125 -2.31806e-16 1.38051e-27 0.0025 1 1 2.5 0.005 179 5 1 -1.77636e-18 
-0.04875 2.79384e-15 -8.96831e-44 0.0025 1 1 2.5 0.005 180 5 1 -3.90799e-18 
-0.04625 2.22571e-15 -1.12104e-43 0.0025 1 1 2.5 0.005 181 5 1 -7.10543e-19 
-0.04375 5.58984e-16 5.68434e-14 0.0025 1 1 2.5 0.005 182 5 1 -1.06581e-18 
-0.04125 3.069e-16 -5.68434e-14 0.0025 1 1 2.5 0.005 183 5 1 -4.61853e-18 
-0.03875 -2.3691e-15 -3.41061e-13 0.0025 1 1 2.5 0.005 184 5 1 5.32907e-18 
-0.03625 -4.74312e-15 -9.09495e-13 0.0025 1 1 2.5 0.005 185 4 1 -1.52767e-17 
-0.03375 5.86794e-16 2.10321e-12 0.0025 1 1 2.5 0.005 186 4 1 -1.06581e-17 
-0.03125 -1.9436e-15 -3.41061e-13 0.0025 1 1 2.5 0.005 187 3 1 5.32907e-17 
-0.02875 -2.50691e-15 -4.54747e-13 0.0025 1 1 2.5 0.005 188 4 1 -4.08562e-17 
-0.02625 -2.15709e-15 -1.13687e-13 0.0025 1 1 2.5 0.005 189 5 1 9.23706e-18 
-0.02375 -2.79503e-15 -1.41995e-27 0.0025 1 1 2.5 0.005 190 3 1 -2.4869e-18 
-0.02125 -2.56344e-15 1.13687e-13 0.0025 1 1 2.5 0.005 191 4 1 4.26326e-18 
-0.01875 -6.67551e-17 1.41995e-27 0.0025 1 1 2.5 0.005 192 4 1 -5.68434e-18 
-0.01625 -1.72832e-15 1.13687e-13 0.0025 1 1 2.5 0.005 193 5 1 7.10543e-19 
-0.01375 -1.37463e-15 -2.27374e-13 0.0025 1 1 2.5 0.005 194 3 1 7.10543e-19 
-0.01125 -1.35909e-15 5.11591e-13 0.0025 1 1 2.5 0.005 195 4 1 -3.55271e-19 
-0.00875 7.21612e-16 -5.11591e-13 0.0025 1 1 2.5 0.005 196 5 1 -3.55271e-19 
-0.00625 5.45751e-16 -3.9443e-29 0.0025 1 1 2.5 0.005 197 4 1 1.2326e-33 
-0.00375 1.10258e-16 -3.41061e-13 0.0025 1 1 2.5 0.005 198 4 1 1.2326e-33 
-0.00125 -2.10785e-16 2.27374e-13 0.0025 1 1 2.5 0.005 199 3 1 -1.42109e-18 
0.00125 -1.99623e-16 3.97904e-13 0.0025 1 1 2.5 0.005 200 4 1 3.55271e-19 
0.00375 -3.32171e-16 -1.7053e-13 0.0025 1 1 2.5 0.005 201 4 1 1.2326e-33 
0.00625 -4.02215e-16 5.68434e-14 0.0025 1 1 2.5 0.005 202 5 1 2.46519e-33 
0.00875 -1.3878e-15 -1.7053e-13 0.0025 1 1 2.5 0.005 203 4 1 1.2326e-33 
0.01125 -9.77194e-16 5.68434e-14 0.0025 1 1 2.5 0.005 204 4 1 2.13163e-18 
0.01375 1.73191e-16 5.11591e-13 0.0025 1 1 2.5 0.005 205 4 1 -4.26326e-18 
0.01625 -3.30229e-16 1.7053e-13 0.0025 1 1 2.5 0.005 206 5 1 -7.10543e-19 
0.01875 -8.16962e-16 3.97904e-13 0.0025 1 1 2.5 0.005 207 4 1 7.10543e-19 
0.02125 1.97741e-16 -5.68434e-13 0.0025 1 1 2.5 0.005 208 3 1 4.61853e-18 
0.02375 1.20164e-15 1.41995e-27 0.0025 1 1 2.5 0.005 209 3 1 1.42109e-18 
0.02625 1.25658e-15 -2.27374e-13 0.0025 1 1 2.5 0.005 210 5 1 -7.4607e-18 
0.02875 -3.18989e-16 -1.13687e-13 0.0025 1 1 2.5 0.005 211 4 1 -1.42109e-18 
0.03125 5.51597e-15 1.13687e-13 0.0025 1 1 2.5 0.005 212 3 1 3.55271e-18 
0.03375 4.18691e-15 1.13687e-13 0.0025 1 1 2.5 0.005 213 4 1 4.26326e-18 
0.03625 3.68228e-15 3.41061e-13 0.0025 1 1 2.5 0.005 214 5 1 -1.7053e-17 
0.03875 2.77672e-15 1.7053e-13 0.0025 1 1 2.5 0.005 215 4 1 1.77636e-17 
0.04125 4.5692e-15 -3.41061e-13 0.0025 1 1 2.5 0.005 216 5 1 -1.3145e-17 
0.04375 2.41211e-15 -9.09495e-13 0.0025 1 1 2.5 0.005 217 4 1 -4.9738e-18 
0.04625 5.38448e-15 7.95808e-13 0.0025 1 1 2.5 0.005 218 3 1 1.74083e-17 
0.04875 2.02002e-15 2.84217e-13 0.0025 1 1 2.5 0.005 219 4 1 -1.1724e-17 
0.05125 1.27164e-15 3.41061e-13 0.0025 1 1 2.5 0.005 220 4 1 -6.39488e-18 
0.05375 2.84952e-15 -2.27374e-13 0.0025 1 1 2.5 0.005 221 3 1 1.38556e-17 
0.05625 5.2485e-16 -3.41061e-13 0.0025 1 1 2.5 0.005 222 5 1 1.35003e-17 
0.05875 5.62188e-15 -7.81071e-26 0.0025 1 1 2.5 0.005 223 5 1 -6.96332e-17 
0.06125 4.33993e-15 -2.66635e-26 0.0025 1 1 2.5 0.005 224 4 1 6.35936e-17 
0.06375 3.60291e-15 -5.68434e-14 0.0025 1 1 2.5 0.005 225 4 1 2.4869e-18 
0.06625 7.25132e-16 -1.13687e-13 0.0025 1 1 2.5 0.005 226 5 1 -2.91323e-17 
0.06875 5.00149e-15 -1.13687e-13 0.0025 1 1 2.5 0.005 227 5 1 1.88294e-17 
0.07125 1.324e-15 -1.13687e-13 0.0025 1 1 2.5 0.005 228 5 1 -1.52767e-17 
0.07375 3.97146e-15 -1.13687e-13 0.0025 1 1 2.5 0.005 229 5 1 8.88178e-18 
0.07625 3.83234e-15 6.72623e-44 0.0025 1 1 2.5 0.005 230 5 1 -1.3145e-17 
0.07875 6.43425e-15 5.68434e-14 0.0025 1 1 2.5 0.005 231 5 1 8.17124e-18 
0.08125 5.59725e-15 4.48416e-44 0.0025 1 1 2.5 0.005 232 5 1 -1.03029e-17 
0.08375 5.38483e-15 1.13687e-13 0.0025 1 1 2.5 0.005 233 5 1 4.61853e-18 
0.08625 3.13253e-15 1.34525e-43 0.0025 1 1 2.5 0.005 234 5 1 -3.90799e-18 
0.08875 2.23411e-15 5.68434e-14 0.0025 1 1 2.5 0.005 235 5 1 -3.55271e-19 
0.09125 2.05749e-15 5.68434e-14 0.0025 1 1 2.5 0.005 236 5 1 -5.32907e-18 
0.09375 1.83432e-15 5.68434e-14 0.0025 1 1 2.5 0.005 237 5 1 1.42109e-18 
0.09625 1.13623e-15 2.84217e-13 0.0025 1 1 2.5 0.005 238 5 1 -3.19744e-18 
0.09875 1.19171e-15 -5.11591e-13 0.0025 1 1 2.5 0.005 239 5 1 4.26326e-18 
0.10125 -6.06166e-15 -9.43601e-12 0.0025 1 1 2.5 0.005 240 4 1 7.10543e-18 
0.10375 -2.99966e-14 -1.79057e-11 0.0025 1 1 2.5 0.005 241 4 1 1.59872e-17 
0.10625 -7.36363e-14 -2.57501e-11 0.0025 1 1 2.5 0.005 242 4 1 -6.03961e-18 
0.10875 -1.15964e-13 -1.3074e-11 0.0025 1 1 2.5 0.005 243 3 1 -3.62377e-17 
0.11125 -7.66137e-14 9.62928e-11 0.0025 1 1 2.5 0.005 244 4 1 -7.92255e-17 
0.11375 1.54869e-13 8.11724e-11 0.0025 1 1 2.5 0.005 245 5 1 4.8459e-16 
0.11625 -4.04217e-13 -9.15293e-10 0.0025 1 1 2.5 0.005 246 4 1 2.00764e-15 
0.11875 -4.17491e-12 -4.01218e-09 0.0025 1 1 2.5 0.005 247 4 1 5.89502e-15 
0.12125 -1.74554e-11 -1.22883e-08 0.0025 1 1 2.5 0.005 248 4 1 1.42371e-14 
0.12375 -5.37696e-11 -3.0521e-08 0.0025 1 1 2.5 0.005 249 4 1 2.88594e-14 
0.12625 -1.36668e-10 -6.39129e-08 0.0025 1 1 2.5 0.005 250 4 1 4.76788e-14 
0.12875 -2.9617e-10 -1.10319e-07 0.0025 1 1 2.5 0.005 251 4 1 5.5271e-14 
0.13125 -5.44089e-10 -1.45203e-07 0.0025 1 1 2.5 0.005 252 4 1 6.39062e-15 
0.13375 -7.95759e-10 -6.57901e-08 0.0025 1 1 2.5 0.005 253 3 1 -2.26359e-13 
0.13625 -6.96272e-10 3.70227e-07 0.0025 1 1 2.5 0.005 254 4 1 -3.97457e-13 
0.13875 4.91207e-10 6.72004e-07 0.0025 1 1 2.5 0.005 255 5 1 1.89315e-12 
0.14125 -1.45292e-09 -3.65534e-06 0.0025 1 1 2.5 0.005 256 4 1 8.94109e-12 
0.14375 -1.72321e-08 -1.69681e-05 0.0025 1 1 2.5 0.005 257 4 1 2.79128e-11 
0.14625 -7.70079e-08 -5.6661e-05 0.0025 1 1 2.5 0.005 258 4 1 7.63422e-11 
0.14875 -2.57234e-07 -0.000158664 0.0025 1 1 2.5 0.005 259 4 1 1.86753e-10 
0.15125 -7.32201e-07 -0.000396868 0.0025 1 1 2.5 0.005 260 4 1 4.21247e-10 
0.15375 -1.87124e-06 -0.000913546 0.0025 1 1 2.5 0.00499999 261 4 1 8.89849e-10 
0.15625 -4.41047e-06 -0.00196789 0.0025 1 1 2.5 0.00499998 262 4 1 1.7777e-09 
0.15875 -9.74028e-06 -0.00400856 0.0025 1.00001 1.00001 2.50001 0.00499996 263 4 1 3.38072e-09 
0.16125 -2.0362e-05 -0.00777536 0.0025 1.00002 1.00002 2.50002 0.00499992 264 4 1 6.14823e-09 
0.16375 -4.05754e-05 -0.0144315 0.0025 1.00003 1.00005 2.50003 0.00499984 265 4 1 1.07272e-08 
0.16625 -7.74579e-05 -0.0257192 0.0025 1.00006 1.00009 2.50006 0.0049997 266 4 1 1.79969e-08 
0.16875 -0.000142171 -0.0441188 0.0025 1.00011 1.00016 2.50011 0.00499944 267 4 1 2.90763e-08 
0.171249 -0.000251573 -0.0729647 0.0025 1.0002 1.00028 2.5002 0.00499901 268 4 1 4.52753e-08 
0.173749 -0.000430011 -0.116447 0.0025 1.00034 1.00048 2.50034 0.00499831 269 4 1 6.79521e-08 
0.176248 -0.000710965 -0.179381 0.0025 1.00056 1.00079 2.50056 0.00499721 270 4 1 9.82309e-08 
0.178746 -0.00113798 -0.266614 0.0025 1.0009 1.00126 2.50089 0.00499553 271 4 1 1.36534e-07 
0.181243 -0.00176406 -0.38192 0.0025 1.00139 1.00196 2.50139 0.00499306 272 4 1 1.81915e-07 
0.183739 -0.00264834 -0.526376 0.0025 1.00209 1.00294 2.50209 0.00498956 273 4 1 2.31263e-07 
0.186233 -0.00384921 -0.696412 0.0025 1.00305 1.00428 2.50304 0.00498481 274 4 1 2.78662e-07 
0.188724 -0.00541354 -0.8822 0.0025 1.0043 1.00604 2.50429 0.00497859 275 4 1 3.1542e-07 
0.191211 -0.00736343 -1.0674 0.0025 1.00587 1.00825 2.50586 0.00497081 276 4 1 3.31515e-07 
0.193694 -0.00968398 -1.23136 0.0025 1.00776 1.01089 2.50774 0.00496151 277 4 1 3.18865e-07 
0.196173 -0.0123177 -1.35418 0.0025 1.00992 1.01393 2.5099 0.00495088 278 4 1 2.75724e-07 
0.198645 -0.0151705 -1.42331 0.0025 1.01229 1.01726 2.51226 0.00493929 279 4 1 2.09887e-07 
0.201112 -0.01813 -1.43894 0.0025 1.01478 1.02077 2.51474 0.00492717 280 4 1 1.37614e-07 
0.203573 -0.0210927 -1.41428 0.0025 1.0173 1.02432 2.51724 0.00491495 281 4 1 7.60845e-08 
0.206027 -0.0239856 -1.36868 0.0025 1.01979 1.02782 2.5197 0.00490297 282 4 1 2.92858e-08 
0.208476 -0.0267685 -1.31175 0.0025 1.02219 1.03121 2.52208 0.00489145 283 4 1 -3.83887e-08 
0.210918 -0.0293844 -1.20029 0.0025 1.02443 1.03437 2.5243 0.00488075 284 4 1 -2.8577e-07 
0.213356 -0.0315873 -0.859643 0.0025 1.02624 1.03687 2.52609 0.00487218 285 4 1 -1.21874e-06 
0.215791 -0.032349 0.473365 0.0025 1.02637 1.03692 2.5263 0.00487154 286 3 1 -4.08925e-06 
0.218228 -0.0269906 5.4354 0.0025 1.02169 1.03039 2.52173 0.00489386 287 4 1 -3.49793e-06 
0.220685 -0.0144415 5.69745 0.0025 1.01333 1.0189 2.51328 0.00493424 288 4 1 4.20019e-06 
0.223162 -0.00866357 -0.0673413 0.0025 1.0082 1.01161 2.50809 0.00495932 289 4 1 3.66238e-06 
0.225644 -0.0083883 1.05419 0.0025 1.00595 1.00818 2.50603 0.00497044 290 4 1 -3.24856e-06 
0.228133 -0.00131351 5.48534 0.0025 1.00019 1.0002 2.50036 0.00499903 291 4 1 -2.59992e-06 
0.230643 0.0107217 5.34101 0.0025 0.991469 0.988184 2.49149 0.00504302 292 4 1 2.70405e-06 
0.233176 0.0193886 3.11042 0.0025 0.984024 0.977767 2.48394 0.00508118 293 4 1 2.40518e-06 
0.235724 0.0261503 3.28611 0.0025 0.977819 0.969067 2.47772 0.00511342 294 4 1 -3.72127e-08 
0.238289 0.0345311 4.2934 0.0025 0.970891 0.959483 2.47071 0.00514991 295 4 1 1.44392e-08 
0.240874 0.0443032 4.53754 0.0025 0.963133 0.94881 2.46277 0.00519139 296 4 1 1.28747e-06 
0.243481 0.0537411 3.91577 0.0025 0.955545 0.938367 2.45497 0.00523262 297 4 1 1.63169e-06 
0.246107 0.0621492 3.71588 0.0025 0.948434 0.928569 2.44766 0.00527185 298 4 1 7.05735e-07 
0.248753 0.0712784 4.34843 0.0025 0.941025 0.91843 2.44001 0.00531336 299 4 1 5.80531e-07 
0.25142 0.0813381 4.33894 0.0025 0.933184 0.907764 2.43184 0.005358 300 4 1 1.41682e-06 
0.254111 0.0908275 3.97909 0.0025 0.925529 0.897344 2.42384 0.00540231 301 4 1 1.2434e-06 
0.256823 0.100368 4.24281 0.0025 0.917908 0.88701 2.41585 0.00544717 302 4 1 9.90085e-07 
0.259558 0.110394 4.18685 0.0025 0.910139 0.876531 2.40764 0.00549367 303 4 1 1.34773e-06 
0.262317 0.120111 4.05044 0.0025 0.902466 0.866193 2.39951 0.00554038 304 4 1 1.16581e-06 
0.265098 0.130093 4.25452 0.0025 0.894717 0.8558 2.39125 0.00558836 305 4 1 1.14764e-06 
0.267905 0.140356 4.15245 0.0025 0.886873 0.84532 2.38284 0.00563778 306 4 1 1.34173e-06 
0.270736 0.150509 4.19033 0.0025 0.879039 0.834881 2.3744 0.00568803 307 4 1 1.26366e-06 
0.273593 0.160993 4.20087 0.0025 0.871146 0.824411 2.36585 0.00573956 308 4 1 1.38508e-06 
0.276476 0.171369 4.12544 0.0025 0.863272 0.813996 2.35727 0.00579192 309 4 1 1.3767e-06 
0.279385 0.181919 4.17966 0.0025 0.855386 0.803604 2.34864 0.00584532 310 4 1 1.3594e-06 
0.282322 0.192575 4.14288 0.0025 0.84746 0.7932 2.33991 0.00589998 311 4 1 1.41213e-06 
0.285285 0.203375 4.18313 0.0025 0.839502 0.782792 2.3311 0.00595591 312 4 1 1.42658e-06 
0.288278 0.2143 4.16079 0.0025 0.831502 0.772371 2.32219 0.00601321 313 4 1 1.49902e-06 
0.291299 0.225361 4.16027 0.0025 0.823489 0.761972 2.31321 0.00607172 314 4 1 1.5299e-06 
0.294349 0.236455 4.13144 0.0025 0.815469 0.751603 2.30418 0.00613144 315 4 1 1.54653e-06 
0.29743 0.247724 4.1485 0.0025 0.807428 0.741249 2.29506 0.0061925 316 4 1 1.5625e-06 
0.300542 0.25907 4.13334 0.0025 0.799356 0.730896 2.28586 0.00625503 317 4 1 1.60729e-06 
0.303686 0.270603 4.14517 0.0025 0.791256 0.720549 2.27657 0.00631907 318 4 1 1.63796e-06 
0.306861 0.282265 4.13321 0.0025 0.783125 0.710206 2.26719 0.00638468 319 4 1 1.69924e-06 
0.31007 0.294012 4.12105 0.0025 0.774981 0.699889 2.25773 0.00645177 320 4 1 1.73281e-06 
0.313313 0.305925 4.10739 0.0025 0.766824 0.689598 2.24819 0.0065204 321 4 1 1.75355e-06 
0.316591 0.317923 4.1127 0.0025 0.758642 0.679319 2.23857 0.00659072 322 4 1 1.78248e-06 
0.319904 0.330103 4.11196 0.0025 0.750424 0.669041 2.22884 0.0066629 323 4 1 1.83948e-06 
0.323254 0.342456 4.10283 0.0025 0.742181 0.658777 2.21902 0.0067369 324 4 1 1.89577e-06 
0.326641 0.354893 4.08842 0.0025 0.733923 0.648539 2.20911 0.0068127 325 4 1 1.93831e-06 
0.330067 0.367494 4.07841 0.0025 0.725652 0.638331 2.19912 0.00689035 326 4 1 1.98118e-06 
0.333532 0.380221 4.06165 0.0025 0.717371 0.628157 2.18905 0.00696989 327 4 1 2.02283e-06 
0.337037 0.393063 4.05721 0.0025 0.709079 0.618018 2.1789 0.0070514 328 4 1 2.07733e-06 
0.340584 0.406029 4.02937 0.0025 0.700793 0.607935 2.16868 0.00713477 329 4 1 2.19738e-06 
0.344172 0.418983 3.93667 0.0025 0.692586 0.597993 2.15849 0.00721932 330 4 1 2.23412e-06 
0.347803 0.43192 3.89045 0.0025 0.684484 0.588225 2.14836 0.00730477 331 4 1 2.24727e-06 
0.351477 0.444776 3.77324 0.0025 0.676522 0.578673 2.13833 0.00739074 332 4 1 2.30945e-06 
0.355194 0.45738 3.6411 0.0025 0.668774 0.569418 2.1285 0.00747636 333 4 1 2.27167e-06 
0.358954 0.469677 3.49715 0.0025 0.661269 0.560491 2.11891 0.00756122 334 4 1 2.18101e-06 
0.362756 0.481683 3.37206 0.0025 0.653998 0.55188 2.10957 0.00764529 335 4 1 2.03279e-06 
0.366599 0.493465 3.28613 0.0025 0.646904 0.543513 2.10039 0.00772912 336 4 1 1.84778e-06 
0.370485 0.505246 3.27889 0.0025 0.639875 0.535259 2.09124 0.00781402 337 4 1 1.70381e-06 
0.374414 0.517219 3.31138 0.0025 0.632793 0.52698 2.08195 0.00790148 338 4 1 1.64229e-06 
0.378387 0.529584 3.40154 0.0025 0.625557 0.518561 2.0724 0.00799288 339 4 1 1.66075e-06 
0.382407 0.542502 3.5052 0.0025 0.618096 0.509925 2.06248 0.00808936 340 4 1 1.82399e-06 
0.386476 0.555905 3.57577 0.0025 0.610418 0.501082 2.0522 0.00819111 341 4 1 2.00803e-06 
0.390598 0.569841 3.66724 0.0025 0.60254 0.492057 2.04157 0.00829821 342 4 1 2.2407e-06 
0.394775 0.584216 3.68019 0.0025 0.594528 0.482931 2.03067 0.00841003 343 4 1 2.5572e-06 
0.399009 0.598736 3.6343 0.0025 0.586529 0.473869 2.0197 0.00852472 344 4 1 2.83326e-06 
0.4033 0.613095 3.48693 0.0025 0.578728 0.465083 2.00892 0.00863964 345 4 1 3.12753e-06 
0.407649 0.626773 3.1659 0.0025 0.571416 0.456892 1.99872 0.0087502 346 4 1 3.31231e-06 
0.412051 0.638924 2.68541 0.0025 0.56493 0.449657 1.98962 0.00885066 347 4 1 3.16822e-06 
0.4165 0.649147 2.15305 0.0025 0.559495 0.443612 1.98194 0.00893664 348 4 1 2.68652e-06 
0.420988 0.657281 1.66609 0.0025 0.555136 0.438773 1.97575 0.00900679 349 4 1 2.00543e-06 
0.425507 0.663723 1.341 0.0025 0.55168 0.434943 1.97083 0.00906322 350 4 1 1.39484e-06 
0.430051 0.669055 1.11383 0.0025 0.548903 0.431884 1.96686 0.00910908 351 4 1 1.27667e-06 
0.434616 0.673076 0.693527 0.0025 0.546872 0.429658 1.96395 0.0091429 352 4 1 1.33489e-06 
0.439194 0.675075 0.232857 0.0025 0.545763 0.428428 1.96236 0.00916149 353 4 1 9.18918e-07 
0.443777 0.675581 0.0379973 0.0025 0.545354 0.427959 1.96178 0.00916836 354 4 1 3.14931e-07 
0.448362 0.675796 0.0490547 0.0025 0.545205 0.427788 1.96157 0.00917087 355 4 1 1.01356e-07 
0.452948 0.675941 -0.012763 0.0025 0.545141 0.427719 1.96149 0.00917194 356 5 1 1.03707e-07 
0.457534 0.675846 -0.0299526 0.0025 0.545162 0.427742 1.96153 0.00917158 357 4 1 4.52089e-08 
0.46212 0.675714 -0.0370171 0.0025 0.545222 0.427808 1.96162 0.00917058 358 4 1 2.53802e-08 
0.466705 0.675539 -0.0440931 0.0025 0.545302 0.427897 1.96174 0.00916923 359 4 1 2.00417e-08 
0.471289 0.67534 -0.0463392 0.0025 0.545397 0.428004 1.96189 0.00916763 360 4 1 7.51514e-09 
0.475872 0.675136 -0.0460967 0.0025 0.545499 0.428117 1.96204 0.00916591 361 4 1 5.7491e-10 
0.480455 0.674938 -0.0438967 0.0025 0.545601 0.428231 1.9622 0.0091642 362 4 1 -3.69238e-09 
0.485036 0.674752 -0.0404951 0.0025 0.545698 0.428339 1.96235 0.00916257 363 4 1 -9.28249e-09 
0.489617 0.674582 -0.0366427 0.0025 0.545788 0.42844 1.96249 0.00916107 364 4 1 -1.02904e-08 
0.494198 0.674428 -0.032599 0.0025 0.545869 0.428531 1.96261 0.00915971 365 4 1 -8.3553e-09 
0.498777 0.674289 -0.0286938 0.0025 0.54594 0.428612 1.96273 0.00915851 366 4 1 -1.05337e-08 
0.503356 0.674165 -0.0252815 0.0025 0.546003 0.428684 1.96283 0.00915745 367 4 1 -9.19617e-09 
0.507935 0.674055 -0.0225306 0.0025 0.546059 0.428748 1.96292 0.00915651 368 4 1 -5.19575e-09 
0.512513 0.67396 -0.0202712 0.0025 0.546109 0.428805 1.963 0.00915568 369 4 1 -6.17318e-09 
0.51709 0.673876 -0.0180969 0.0025 0.546153 0.428856 1.96308 0.00915495 370 4 1 -7.32311e-09 
0.521668 0.673802 -0.0158354 0.0025 0.546191 0.428901 1.96315 0.00915431 371 4 1 -5.15258e-09 
0.526245 0.673735 -0.0137472 0.0025 0.546223 0.428941 1.96321 0.00915377 372 4 1 -3.63111e-09 
0.530821 0.673674 -0.0121585 0.0025 0.546251 0.428975 1.96327 0.00915329 373 4 1 -3.99864e-09 
0.535398 0.673621 -0.0110666 0.0025 0.546276 0.429007 1.96332 0.00915288 374 4 1 -2.26024e-09 
0.539974 0.673574 -0.0101691 0.0025 0.546298 0.429035 1.96337 0.00915251 375 4 1 -1.47872e-09 
0.54455 0.673533 -0.00919109 0.0025 0.546318 0.42906 1.96342 0.00915218 376 4 1 -3.19449e-09 
0.549126 0.673496 -0.00812268 0.0025 0.546334 0.429083 1.96347 0.00915191 377 4 1 -1.69618e-09 
0.553702 0.673462 -0.00715786 0.0025 0.546348 0.429103 1.96351 0.00915168 378 4 1 -9.70027e-10 
0.558278 0.673431 -0.00645173 0.0025 0.546359 0.429121 1.96355 0.00915149 379 4 1 -4.2843e-10 
0.562854 0.673403 -0.00597177 0.0025 0.546369 0.429138 1.96359 0.00915133 380 4 1 1.36131e-09 
0.567429 0.673378 -0.00556356 0.0025 0.546377 0.429153 1.96363 0.00915119 381 4 1 -2.54491e-09 
0.572005 0.673356 -0.00511027 0.0025 0.546383 0.429167 1.96367 0.00915108 382 4 1 6.73316e-11 
0.57658 0.673336 -0.00461029 0.0025 0.546388 0.42918 1.96371 0.009151 383 4 1 3.54184e-09 
0.581156 0.673317 -0.00413124 0.0025 0.546391 0.429191 1.96375 0.00915095 384 4 1 -2.77314e-09 
0.585731 0.673299 -0.00372519 0.0025 0.546393 0.429201 1.96379 0.00915093 385 4 1 1.11263e-09 
0.590307 0.673283 -0.00339174 0.0025 0.546393 0.429211 1.96384 0.00915092 386 3 1 2.68844e-09 
0.594882 0.673268 -0.00309897 0.0025 0.546391 0.429219 1.96388 0.00915095 387 4 1 2.02493e-09 
0.599458 0.673254 -0.00281873 0.0025 0.546388 0.429227 1.96393 0.00915101 388 4 1 3.93028e-09 
0.604033 0.673241 -0.00254169 0.0025 0.546383 0.429234 1.96398 0.0091511 389 4 1 -3.00296e-09 
0.608609 0.673228 -0.00227287 0.0025 0.546377 0.42924 1.96403 0.0091512 390 4 1 4.77386e-09 
0.613185 0.673217 -0.00202415 0.0025 0.546369 0.429246 1.96408 0.00915133 391 4 1 4.15663e-09 
0.61776 0.673205 -0.00180998 0.0025 0.546359 0.429251 1.96414 0.00915149 392 4 1 7.74774e-09 
0.622336 0.673195 -0.00164204 0.0025 0.546349 0.429258 1.96421 0.00915165 393 4 1 -3.86782e-09 
0.626912 0.673185 -0.00152249 0.0025 0.54633 0.429263 1.96427 0.00915198 394 4 1 1.43479e-07 
0.631488 0.673176 -0.00144137 0.0025 0.546322 0.429296 1.96451 0.00915211 395 4 1 -1.38832e-07 
0.636064 0.673168 -0.00138173 0.0025 0.545927 0.429145 1.96458 0.00915873 396 5 1 3.48618e-06 
0.640647 0.673161 -0.00132761 0.0025 0.548195 0.430812 1.96844 0.00912084 397 3 1 -1.90586e-05 
0.645185 0.673154 -0.00126994 0.0025 0.536868 0.426146 1.94998 0.00931327 398 4 1 0.000179246 
0.649966 0.673148 -0.001202 0.0025 0.511015 0.432685 2.15244 0.00978444 399 4 1 -0.000134226 
0.654976 0.673141 -0.00112407 0.0025 0.482774 0.424463 2.15543 0.0103568 400 4 1 0.000266073 
0.660337 0.673135 -0.00103614 0.0025 0.454293 0.432908 2.44412 0.0110061 401 4 1 -0.000240408 
0.665993 0.673129 -0.00094321 0.0025 0.446997 0.427246 2.3802 0.0111857 402 5 1 5.38062e-05 
0.671524 0.673124 -0.00085595 0.0025 0.45243 0.429619 2.37459 0.0110514 403 4 1 -3.01266e-06 
0.677044 0.673118 -0.000774522 0.0025 0.453613 0.429291 2.3652 0.0110226 404 4 1 3.91263e-06 
0.682547 0.673113 -0.000699396 0.0025 0.454695 0.429352 2.36041 0.0109964 405 4 1 1.27144e-06 
0.688041 0.673109 -0.000630009 0.0025 0.45532 0.429327 2.35712 0.0109813 406 4 1 8.42816e-07 
0.693528 0.673104 -0.000565955 0.0025 0.455765 0.429317 2.35482 0.0109706 407 4 1 5.44275e-07 
0.699011 0.6731 -0.000506823 0.0025 0.456087 0.429311 2.35316 0.0109628 408 4 1 3.49019e-07 
0.704491 0.673096 -0.000452169 0.0025 0.456328 0.429307 2.35192 0.010957 409 4 1 2.4667e-07 
0.709968 0.673092 -0.000401354 0.0025 0.456513 0.429306 2.35097 0.0109526 410 4 1 1.77192e-07 
0.715444 0.673088 -0.000353089 0.0025 0.456657 0.429305 2.35023 0.0109491 411 4 1 1.30847e-07 
0.720917 0.673085 -0.000304815 0.0025 0.456772 0.429304 2.34965 0.0109464 412 4 1 9.79432e-08 
0.72639 0.673081 -0.000252271 0.0025 0.456863 0.429304 2.34918 0.0109442 413 4 1 7.52994e-08 
0.731862 0.673078 -0.000189472 0.0025 0.456937 0.429304 2.3488 0.0109424 414 4 1 5.8631e-08 
0.737332 0.673074 -0.000109019 0.0025 0.456997 0.429304 2.3485 0.010941 415 4 1 4.608e-08 
0.742803 0.673071 -2.23288e-06 0.0025 0.457046 0.429304 2.34825 0.0109398 416 4 1 3.65354e-08 
0.748272 0.673067 0.000142868 0.0025 0.457086 0.429303 2.34804 0.0109389 417 4 1 2.90352e-08 
0.753742 0.673062 0.000349869 0.0025 0.457119 0.429302 2.34786 0.0109381 418 4 1 2.2794e-08 
0.75921 0.673056 0.000675865 0.0025 0.457145 0.4293 2.34772 0.0109374 419 4 1 1.70621e-08 
0.764679 0.673048 0.00126364 0.0025 0.457165 0.429295 2.34759 0.010937 420 4 1 1.05149e-08 
0.770147 0.673034 0.00246485 0.0025 0.457178 0.429286 2.34748 0.0109367 421 4 1 4.94027e-10 
0.775616 0.673008 0.00513004 0.0025 0.45718 0.429267 2.34737 0.0109366 422 3 1 -1.9033e-08 
0.781084 0.672955 0.011299 0.0025 0.457162 0.429224 2.34723 0.010937 423 4 1 -6.21298e-08 
0.786553 0.672836 0.0258823 0.0025 0.4571 0.429124 2.34702 0.0109385 424 4 1 -1.61253e-07 
0.792022 0.67256 0.0603536 0.0025 0.456937 0.428888 2.34662 0.0109424 425 4 1 -3.91766e-07 
0.797495 0.671915 0.142268 0.0025 0.456538 0.428335 2.34574 0.010952 426 4 1 -9.10942e-07 
0.802974 0.670401 0.331174 0.0025 0.455596 0.427048 2.34375 0.0109746 427 4 1 -2.05207e-06 
0.80847 0.666899 0.767639 0.0025 0.453428 0.424119 2.33924 0.0110271 428 4 1 -4.15535e-06 
0.814002 0.658949 1.68207 0.0025 0.448711 0.4178 2.3294 0.011143 429 4 1 -7.58883e-06 
0.819613 0.642164 3.5623 0.0025 0.438996 0.404975 2.30887 0.0113896 430 4 1 -1.00229e-05 
0.825394 0.606833 7.09163 0.0025 0.420964 0.381602 2.26952 0.0118775 431 4 1 -4.04423e-06 
0.831501 0.543458 12.4681 0.0025 0.39133 0.344049 2.20082 0.0127769 432 4 1 2.03078e-05 
0.838204 0.421711 24.5388 0.0025 0.347437 0.29095 2.08826 0.0143911 433 4 1 0.00010301 
0.845997 0.226875 30.2985 0.0025 0.298853 0.23474 1.94817 0.0167306 434 4 1 0.00023881 
0.855084 0.0596706 17.131 0.0025 0.264691 0.196394 1.84095 0.0188899 435 4 1 0.000220954 
0.864949 -0.00310786 3.13443 0.0025 0.251233 0.181381 1.79874 0.0199019 436 4 1 6.99865e-05 
0.874991 -0.00468287 -1.16166 0.0025 0.249323 0.178936 1.79305 0.0200543 437 5 1 7.01542e-06 
0.885003 -9.13888e-05 -0.218412 0.0025 0.249866 0.179348 1.79462 0.0200107 438 4 1 -9.4702e-07 
0.895002 0.000250247 0.0207966 0.0025 0.250032 0.179524 1.79509 0.0199975 439 3 1 -4.2093e-07 
0.905 9.71562e-05 0.0187319 0.0025 0.250019 0.179519 1.79505 0.0199985 440 4 1 -2.0894e-10 
0.915 1.98944e-05 0.00563451 0.0025 0.250005 0.179505 1.79501 0.0199996 441 4 1 2.29636e-08 
0.925 1.35548e-06 0.000921479 0.0025 0.250001 0.179501 1.795 0.0199999 442 4 1 8.55703e-09 
0.935 -6.6804e-07 -4.44837e-05 0.0025 0.25 0.1795 1.795 0.02 443 5 1 1.68979e-09 
0.945 -1.10524e-07 -5.27912e-05 0.0025 0.25 0.1795 1.795 0.02 444 4 1 3.89559e-11 
0.955 2.3799e-08 -1.3464e-06 0.0025 0.25 0.1795 1.795 0.02 445 4 1 -7.6887e-11 
0.965 1.40305e-08 2.16456e-06 0.0025 0.25 0.1795 1.795 0.02 446 3 1 -7.93173e-12 
0.975 3.65169e-09 8.95912e-07 0.0025 0.25 0.1795 1.795 0.02 447 4 1 2.20357e-12 
0.985 4.75458e-10 1.90334e-07 0.0025 0.25 0.1795 1.795 0.02 448 4 1 1.23542e-12 
0.995 -2.39066e-11 2.14761e-08 0.0025 0.25 0.1795 1.795 0.02 449 4 1 3.4883e-13 
1.005 2.39601e-11 -2.1478e-08 0.0025 0.25 0.1795 1.795 0.02 450 5 1 3.48796e-13 
1.015 -4.75499e-10 -1.90333e-07 0.0025 0.25 0.1795 1.795 0.02 451 4 1 1.23537e-12 
1.025 -3.65171e-09 -8.95908e-07 0.0025 0.25 0.1795 1.795 0.02 452 4 1 2.20363e-12 
1.035 -1.40305e-08 -2.16456e-06 0.0025 0.25 0.1795 1.795 0.02 453 3 1 -7.9317e-12 
1.045 -2.37989e-08 1.3464e-06 0.0025 0.25 0.1795 1.795 0.02 454 4 1 -7.6887e-11 
1.055 1.10524e-07 5.27912e-05 0.0025 0.25 0.1795 1.795 0.02 455 4 1 3.89559e-11 
1.065 6.6804e-07 4.44838e-05 0.0025 0.25 0.1795 1.795 0.02 456 5 1 1.68979e-09 
1.075 -1.35548e-06 -0.000921479 0.0025 0.250001 0.179501 1.795 0.0199999 457 4 1 8.55703e-09 
1.085 -1.98944e-05 -0.00563451 0.0025 0.250005 0.179505 1.79501 0.0199996 458 4 1 2.29636e-08 
1.095 -9.71562e-05 -0.0187319 0.0025 0.250019 0.179519 1.79505 0.0199985 459 4 1 -2.08939e-10 
1.105 -0.000250247 -0.0207966 0.0025 0.250032 0.179524 1.79509 0.0199975 460 3 1 -4.2093e-07 
1.115 9.13888e-05 0.218412 0.0025 0.249866 0.179348 1.79462 0.0200107 461 4 1 -9.4702e-07 
1.12501 0.00468287 1.16166 0.0025 0.249323 0.178936 1.79305 0.0200543 462 5 1 7.01542e-06 
1.13505 0.00310786 -3.13443 0.0025 0.251233 0.181381 1.79874 0.0199019 463 4 1 6.99865e-05 
1.14492 -0.0596706 -17.131 0.0025 0.264691 0.196394 1.84095 0.0188899 464 4 1 0.000220954 
1.154 -0.226875 -30.2985 0.0025 0.298853 0.23474 1.94817 0.0167306 465 4 1 0.00023881 
1.1618 -0.421711 -24.5388 0.0025 0.347437 0.29095 2.08826 0.0143911 466 4 1 0.00010301 
1.1685 -0.543458 -12.4681 0.0025 0.39133 0.344049 2.20082 0.0127769 467 4 1 2.03078e-05 
1.17461 -0.606833 -7.09163 0.0025 0.420964 0.381602 2.26952 0.0118775 468 4 1 -4.04423e-06 
1.18039 -0.642164 -3.5623 0.0025 0.438996 0.404975 2.30887 0.0113896 469 4 1 -1.00229e-05 
1.186 -0.658949 -1.68207 0.0025 0.448711 0.4178 2.3294 0.011143 470 4 1 -7.58883e-06 
1.19153 -0.666899 -0.767639 0.0025 0.453428 0.424119 2.33924 0.0110271 471 4 1 -4.15535e-06 
1.19703 -0.670401 -0.331174 0.0025 0.455596 0.427048 2.34375 0.0109746 472 4 1 -2.05207e-06 
1.2025 -0.671915 -0.142268 0.0025 0.456538 0.428335 2.34574 0.010952 473 4 1 -9.10942e-07 
1.20798 -0.67256 -0.0603536 0.0025 0.456937 0.428888 2.34662 0.0109424 474 4 1 -3.91766e-07 
1.21345 -0.672836 -0.0258823 0.0025 0.4571 0.429124 2.34702 0.0109385 475 4 1 -1.61253e-07 
1.21892 -0.672955 -0.011299 0.0025 0.457162 0.429224 2.34723 0.010937 476 4 1 -6.21298e-08 
1.22438 -0.673008 -0.00513004 0.0025 0.45718 0.429267 2.34737 0.0109366 477 3 1 -1.9033e-08 
1.22985 -0.673034 -0.00246485 0.0025 0.457178 0.429286 2.34748 0.0109367 478 4 1 4.94027e-10 
1.23532 -0.673048 -0.00126364 0.0025 0.457165 0.429295 2.34759 0.010937 479 4 1 1.05149e-08 
1.24079 -0.673056 -0.000675865 0.0025 0.457145 0.4293 2.34772 0.0109374 480 4 1 1.70621e-08 
1.24626 -0.673062 -0.000349869 0.0025 0.457119 0.429302 2.34786 0.0109381 481 4 1 2.2794e-08 
1.25173 -0.673067 -0.000142868 0.0025 0.457086 0.429303 2.34804 0.0109389 482 4 1 2.90352e-08 
1.2572 -0.673071 2.2329e-06 0.0025 0.457046 0.429304 2.34825 0.0109398 483 4 1 3.65354e-08 
1.26267 -0.673074 0.000109019 0.0025 0.456997 0.429304 2.3485 0.010941 484 4 1 4.608e-08 
1.26814 -0.673078 0.000189472 0.0025 0.456937 0.429304 2.3488 0.0109424 485 4 1 5.8631e-08 
1.27361 -0.673081 0.000252271 0.0025 0.456863 0.429304 2.34918 0.0109442 486 4 1 7.52994e-08 
1.27908 -0.673085 0.000304815 0.0025 0.456772 0.429304 2.34965 0.0109464 487 4 1 9.79432e-08 
1.28456 -0.673088 0.000353089 0.0025 0.456657 0.429305 2.35023 0.0109491 488 4 1 1.30847e-07 
1.29003 -0.673092 0.000401354 0.0025 0.456513 0.429306 2.35097 0.0109526 489 4 1 1.77192e-07 
1.29551 -0.673096 0.000452169 0.0025 0.456328 0.429307 2.35192 0.010957 490 4 1 2.4667e-07 
1.30099 -0.6731 0.000506823 0.0025 0.456087 0.429311 2.35316 0.0109628 491 4 1 3.49019e-07 
1.30647 -0.673104 0.000565955 0.0025 0.455765 0.429317 2.35482 0.0109706 492 4 1 5.44275e-07 
1.31196 -0.673109 0.000630009 0.0025 0.45532 0.429327 2.35712 0.0109813 493 4 1 8.42816e-07 
1.31745 -0.673113 0.000699396 0.0025 0.454695 0.429352 2.36041 0.0109964 494 4 1 1.27144e-06 
1.32296 -0.673118 0.000774522 0.0025 0.453613 0.429291 2.3652 0.0110226 495 4 1 3.91263e-06 
1.32848 -0.673124 0.000855951 0.0025 0.45243 0.429619 2.37459 0.0110514 496 4 1 -3.01266e-06 
1.33401 -0.673129 0.00094321 0.0025 0.446997 0.427246 2.3802 0.0111857 497 5 1 5.38062e-05 
1.33966 -0.673135 0.00103614 0.0025 0.454293 0.432908 2.44412 0.0110061 498 4 1 -0.000240408 
1.34502 -0.673141 0.00112407 0.0025 0.482774 0.424463 2.15543 0.0103568 499 4 1 0.000266073 
