# Time [s]: 0.230401
# Columns: pos [m], vel [m/s], acc [m/s^2], mass [kg], dens [kg/m^3], pres [Pa], ene [J/kg], sml [m], id, neighbor, alpha, gradh, ...additional?
1.34715 -0.673143 0.00108501 0.0025 0.511018 0.432688 2.15245 0.00978439 0 4 1 -0.000134226 
1.35193 -0.673149 0.00113162 0.0025 0.536872 0.426149 1.94999 0.00931321 1 4 1 0.000179246 
1.35647 -0.673155 0.00117193 0.0025 0.548198 0.430816 1.96844 0.00912078 2 3 1 -1.90586e-05 
1.36105 -0.673162 0.00121723 0.0025 0.545931 0.429149 1.96459 0.00915867 3 5 1 3.48611e-06 
1.36562 -0.67317 0.00128176 0.0025 0.546327 0.429301 1.96452 0.00915204 4 4 1 -1.38847e-07 
1.3702 -0.673179 0.00138069 0.0025 0.546334 0.429268 1.96428 0.0091519 5 4 1 1.43439e-07 
1.37478 -0.673188 0.00152264 0.0025 0.546354 0.429263 1.96422 0.00915157 6 4 1 -3.91556e-09 
1.37935 -0.673198 0.00170572 0.0025 0.546364 0.429257 1.96415 0.0091514 7 4 1 7.71898e-09 
1.38393 -0.673208 0.00191938 0.0025 0.546374 0.429252 1.96409 0.00915123 8 4 1 4.16589e-09 
1.3885 -0.673219 0.00214996 0.0025 0.546382 0.429246 1.96404 0.0091511 9 4 1 4.82675e-09 
1.39308 -0.67323 0.00238613 0.0025 0.546389 0.429241 1.96399 0.00915099 10 4 1 -2.91458e-09 
1.39765 -0.673242 0.00262402 0.0025 0.546394 0.429234 1.96394 0.0091509 11 4 1 4.03202e-09 
1.40223 -0.673255 0.00287317 0.0025 0.546398 0.429227 1.96389 0.00915083 12 4 1 2.10582e-09 
1.4068 -0.673269 0.00315732 0.0025 0.546401 0.429219 1.96385 0.0091508 13 4 1 2.72405e-09 
1.41138 -0.673284 0.00349933 0.0025 0.546401 0.42921 1.96381 0.00915079 14 3 1 1.12809e-09 
1.41596 -0.6733 0.00389357 0.0025 0.5464 0.429201 1.96377 0.0091508 15 4 1 -2.69163e-09 
1.42053 -0.673317 0.00429463 0.0025 0.546398 0.42919 1.96372 0.00915084 16 4 1 3.77291e-09 
1.42511 -0.673335 0.00465185 0.0025 0.546394 0.429179 1.96369 0.00915091 17 4 1 4.18807e-10 
1.42968 -0.673356 0.00497471 0.0025 0.546388 0.429166 1.96365 0.009151 18 4 1 -2.24492e-09 
1.43426 -0.673379 0.00536 0.0025 0.546382 0.429152 1.96361 0.00915111 19 4 1 1.43772e-09 
1.43883 -0.673404 0.00592362 0.0025 0.546374 0.429137 1.96357 0.00915124 20 4 1 -5.29375e-10 
1.44341 -0.673432 0.00667989 0.0025 0.546364 0.429121 1.96353 0.00915141 21 4 1 -9.44979e-10 
1.44798 -0.673463 0.00750256 0.0025 0.546351 0.429102 1.96349 0.00915162 22 4 1 -1.25769e-09 
1.45256 -0.673496 0.00824717 0.0025 0.546337 0.429081 1.96345 0.00915187 23 4 1 -2.41843e-09 
1.45714 -0.673533 0.0089332 0.0025 0.54632 0.429059 1.9634 0.00915215 24 4 1 -8.06592e-10 
1.46171 -0.673576 0.00977833 0.0025 0.546301 0.429033 1.96336 0.00915247 25 4 1 -2.05579e-09 
1.46629 -0.673625 0.0110063 0.0025 0.546279 0.429006 1.96331 0.00915283 26 4 1 -4.0867e-09 
1.47086 -0.673678 0.0126068 0.0025 0.546254 0.428974 1.96326 0.00915325 27 4 1 -3.38223e-09 
1.47544 -0.673737 0.0143343 0.0025 0.546225 0.428939 1.9632 0.00915374 28 4 1 -4.1568e-09 
1.48002 -0.673803 0.0160039 0.0025 0.546191 0.428899 1.96314 0.00915431 29 4 1 -5.92418e-09 
1.4846 -0.673878 0.0177477 0.0025 0.546152 0.428853 1.96307 0.00915495 30 4 1 -5.10085e-09 
1.48917 -0.673964 0.0198854 0.0025 0.546109 0.428803 1.96299 0.00915568 31 4 1 -4.70375e-09 
1.49375 -0.674062 0.0225889 0.0025 0.54606 0.428746 1.96291 0.00915651 32 4 1 -8.89733e-09 
1.49833 -0.674172 0.0257795 0.0025 0.546003 0.428682 1.96282 0.00915745 33 4 1 -1.00162e-08 
-0.497091 -0.674295 0.0292663 0.0025 0.545939 0.428609 1.96271 0.00915853 34 4 1 -7.68309e-09 
-0.492511 -0.674433 0.0329082 0.0025 0.545867 0.428526 1.9626 0.00915975 35 4 1 -1.00327e-08 
-0.487931 -0.674587 0.0366172 0.0025 0.545785 0.428435 1.96247 0.00916111 36 4 1 -1.00057e-08 
-0.48335 -0.674758 0.0401293 0.0025 0.545696 0.428335 1.96233 0.00916261 37 4 1 -5.85438e-09 
-0.478769 -0.674945 0.0430856 0.0025 0.5456 0.428228 1.96219 0.00916422 38 4 1 -3.91336e-09 
-0.474186 -0.675143 0.0451171 0.0025 0.5455 0.428117 1.96204 0.0091659 39 4 1 1.70842e-10 
-0.469603 -0.675345 0.0455539 0.0025 0.545401 0.428006 1.96188 0.00916757 40 4 1 8.34498e-09 
-0.465018 -0.675539 0.0441671 0.0025 0.545307 0.427902 1.96174 0.00916914 41 4 1 1.72478e-08 
-0.460433 -0.675702 0.0385219 0.0025 0.545227 0.427812 1.96162 0.00917049 42 4 1 2.38619e-08 
-0.455848 -0.675819 0.0279568 0.0025 0.545167 0.427746 1.96153 0.0091715 43 4 1 5.16425e-08 
-0.451262 -0.675917 0.00948182 0.0025 0.54515 0.427729 1.9615 0.00917178 44 5 1 1.14848e-07 
-0.446676 -0.675782 -0.0581458 0.0025 0.545226 0.427811 1.9616 0.0091705 45 4 1 1.00815e-07 
-0.442091 -0.675545 -0.0424659 0.0025 0.545389 0.427995 1.96183 0.00916777 46 4 1 2.99392e-07 
-0.437508 -0.674991 -0.228507 0.0025 0.545799 0.428465 1.96241 0.00916089 47 4 1 9.10895e-07 
-0.432931 -0.673012 -0.690906 0.0025 0.546902 0.429689 1.96398 0.00914241 48 4 1 1.33237e-06 
-0.428366 -0.669004 -1.10986 0.0025 0.548925 0.431908 1.96689 0.00910871 49 4 1 1.28307e-06 
-0.423822 -0.663676 -1.34786 0.0025 0.551701 0.434964 1.97086 0.00906288 50 4 1 1.37372e-06 
-0.419303 -0.65725 -1.65318 0.0025 0.555144 0.438778 1.97576 0.00900668 51 4 1 1.93344e-06 
-0.414815 -0.649229 -2.12039 0.0025 0.559447 0.443556 1.98187 0.00893739 52 4 1 2.5712e-06 
-0.410365 -0.639203 -2.62174 0.0025 0.564778 0.449485 1.9894 0.00885303 53 4 1 3.04932e-06 
-0.405962 -0.627298 -3.09908 0.0025 0.571126 0.456566 1.99831 0.00875464 54 4 1 3.21396e-06 
-0.40161 -0.613909 -3.41552 0.0025 0.578291 0.464589 2.0083 0.00864617 55 4 1 3.04266e-06 
-0.397315 -0.599786 -3.5687 0.0025 0.585946 0.473208 2.01889 0.00853321 56 4 1 2.76728e-06 
-0.393077 -0.585511 -3.61994 0.0025 0.593811 0.482115 2.02969 0.00842019 57 4 1 2.50601e-06 
-0.388895 -0.571345 -3.61469 0.0025 0.601702 0.4911 2.04043 0.00830976 58 4 1 2.19904e-06 
-0.384767 -0.557582 -3.52643 0.0025 0.609473 0.499996 2.05093 0.0082038 59 4 1 1.96749e-06 
-0.38069 -0.544319 -3.45879 0.0025 0.617053 0.508721 2.06109 0.00810304 60 4 1 1.80346e-06 
-0.376663 -0.531535 -3.36868 0.0025 0.624431 0.517254 2.0709 0.00800729 61 4 1 1.63379e-06 
-0.372683 -0.519276 -3.27299 0.0025 0.631591 0.525577 2.08036 0.00791652 62 4 1 1.58997e-06 
-0.368747 -0.507423 -3.2333 0.0025 0.638586 0.533747 2.08955 0.0078298 63 4 1 1.63369e-06 
-0.364853 -0.495801 -3.22867 0.0025 0.645508 0.541869 2.09857 0.00774584 64 4 1 1.75086e-06 
-0.361001 -0.484229 -3.29493 0.0025 0.652465 0.550067 2.10759 0.00766325 65 4 1 1.9196e-06 
-0.357189 -0.472483 -3.40435 0.0025 0.659566 0.55847 2.11673 0.00758074 66 4 1 2.07386e-06 
-0.35342 -0.460464 -3.54263 0.0025 0.666883 0.567163 2.12609 0.00749757 67 4 1 2.17363e-06 
-0.349692 -0.448167 -3.67066 0.0025 0.674435 0.576174 2.13568 0.00741362 68 4 1 2.24439e-06 
-0.346006 -0.435606 -3.80743 0.0025 0.682213 0.585495 2.1455 0.00732908 69 4 1 2.1912e-06 
-0.342362 -0.422927 -3.8521 0.0025 0.690147 0.595045 2.15544 0.00724484 70 4 1 2.13504e-06 
-0.338761 -0.410215 -3.92256 0.0025 0.698172 0.604753 2.16543 0.00716156 71 4 1 2.1265e-06 
-0.3352 -0.397453 -3.97226 0.0025 0.706278 0.614603 2.17545 0.00707936 72 4 1 2.04394e-06 
-0.331681 -0.384786 -3.98581 0.0025 0.714415 0.624536 2.18544 0.00699873 73 4 1 1.97017e-06 
-0.328201 -0.372257 -3.9973 0.0025 0.722548 0.634511 2.19535 0.00691995 74 4 1 1.92315e-06 
-0.324761 -0.359826 -4.008 0.0025 0.73067 0.644517 2.20519 0.00684304 75 4 1 1.88454e-06 
-0.321358 -0.34757 -4.02135 0.0025 0.73878 0.654553 2.21494 0.00676792 76 4 1 1.84385e-06 
-0.317993 -0.335411 -4.03045 0.0025 0.746876 0.664615 2.22462 0.00669456 77 4 1 1.8006e-06 
-0.314663 -0.323365 -4.04013 0.0025 0.754954 0.674699 2.23421 0.00662292 78 4 1 1.73934e-06 
-0.31137 -0.31152 -4.02906 0.0025 0.763 0.684786 2.2437 0.00655308 79 4 1 1.70168e-06 
-0.30811 -0.299777 -4.04007 0.0025 0.771015 0.694878 2.2531 0.00648496 80 4 1 1.68152e-06 
-0.304884 -0.288178 -4.04834 0.0025 0.779014 0.704991 2.26241 0.00641837 81 4 1 1.65717e-06 
-0.301692 -0.276701 -4.06564 0.0025 0.787002 0.715131 2.27166 0.00635323 82 4 1 1.61386e-06 
-0.298531 -0.265291 -4.06457 0.0025 0.794972 0.725289 2.28084 0.00628953 83 4 1 1.56224e-06 
-0.295402 -0.254084 -4.06241 0.0025 0.80291 0.735448 2.28992 0.00622735 84 4 1 1.52825e-06 
-0.292303 -0.242938 -4.06389 0.0025 0.810818 0.745608 2.29891 0.00616661 85 4 1 1.49996e-06 
-0.289235 -0.231986 -4.06653 0.0025 0.818701 0.755775 2.30782 0.00610724 86 4 1 1.47748e-06 
-0.286196 -0.221082 -4.07586 0.0025 0.826565 0.765958 2.31666 0.00604913 87 4 1 1.47764e-06 
-0.283186 -0.210307 -4.10627 0.0025 0.834429 0.776178 2.32545 0.00599212 88 4 1 1.41861e-06 
-0.280204 -0.199589 -4.08265 0.0025 0.842271 0.786408 2.33417 0.00593633 89 4 1 1.36774e-06 
-0.277249 -0.189085 -4.08777 0.0025 0.850072 0.796624 2.34279 0.00588186 90 4 1 1.36019e-06 
-0.274322 -0.178587 -4.09156 0.0025 0.857849 0.806843 2.35134 0.00582853 91 4 1 1.27386e-06 
-0.271421 -0.168363 -4.03871 0.0025 0.865568 0.817029 2.35977 0.00577655 92 4 1 1.37288e-06 
-0.268545 -0.158088 -4.16902 0.0025 0.873312 0.827279 2.3682 0.00572533 93 4 1 1.27571e-06 
-0.265695 -0.147898 -4.04764 0.0025 0.88104 0.837543 2.37656 0.00567511 94 4 1 1.23732e-06 
-0.26287 -0.137948 -4.14047 0.0025 0.888722 0.84779 2.38482 0.00562605 95 4 1 1.3111e-06 
-0.260069 -0.12784 -4.14728 0.0025 0.896439 0.858103 2.39309 0.00557763 96 4 1 1.02896e-06 
-0.257292 -0.118164 -3.95068 0.0025 0.904006 0.868265 2.40114 0.00553094 97 4 1 1.19777e-06 
-0.254538 -0.108597 -4.17229 0.0025 0.911557 0.878443 2.40914 0.00548512 98 4 1 1.28157e-06 
-0.251807 -0.09872 -4.12765 0.0025 0.919194 0.888748 2.4172 0.00543955 99 4 1 8.95013e-07 
-0.249098 -0.0894573 -3.89488 0.0025 0.926641 0.898855 2.42501 0.00539583 100 4 1 1.23226e-06 
-0.246411 -0.0801273 -4.26916 0.0025 0.934151 0.909081 2.43285 0.00535245 101 4 1 1.38271e-06 
-0.243746 -0.0702321 -4.27963 0.0025 0.941859 0.919571 2.44088 0.00530865 102 4 1 5.66314e-07 
-0.241102 -0.0612553 -3.67201 0.0025 0.949152 0.929552 2.44841 0.00526786 103 4 1 6.42501e-07 
-0.238478 -0.0529923 -3.81342 0.0025 0.956123 0.939156 2.45557 0.00522945 104 4 1 1.4696e-06 
-0.235873 -0.0439277 -4.34305 0.0025 0.963487 0.9493 2.46313 0.00518949 105 4 1 1.37992e-06 
-0.233288 -0.0343439 -4.35434 0.0025 0.971129 0.959825 2.47095 0.00514864 106 4 1 2.90172e-07 
-0.230724 -0.0256422 -3.48518 0.0025 0.97817 0.969545 2.47809 0.00511159 107 4 1 -4.16444e-07 
-0.228177 -0.0190173 -2.70494 0.0025 0.984185 0.977967 2.48411 0.00508035 108 4 1 1.76885e-06 
-0.225644 -0.0114232 -4.77565 0.0025 0.990994 0.987533 2.49098 0.00504544 109 4 1 3.26121e-06 
-0.223131 0.000275032 -5.88971 0.0025 0.999617 0.999437 2.49976 0.00500191 110 4 1 -1.47454e-06 
-0.220642 0.00886977 -1.83561 0.0025 1.00618 1.0085 2.50631 0.00496928 111 4 1 -4.01762e-06 
-0.218162 0.00970679 0.586386 0.0025 1.00857 1.01207 2.50849 0.00495751 112 4 1 2.10153e-06 
-0.215684 0.0131055 -4.48706 0.0025 1.01249 1.01773 2.5124 0.00493834 113 4 1 5.05487e-06 
-0.213223 0.0250358 -6.00422 0.0025 1.02039 1.02862 2.52043 0.00490008 114 4 1 -2.3259e-06 
-0.210784 0.0318911 -0.994486 0.0025 1.02584 1.03616 2.52579 0.00487407 115 4 1 -4.41157e-06 
-0.208349 0.0316258 0.7046 0.0025 1.02624 1.03686 2.5261 0.00487214 116 3 1 -1.54626e-06 
-0.205912 0.0295564 1.17743 0.0025 1.02457 1.03456 2.52443 0.0048801 117 4 1 -3.67335e-07 
-0.203469 0.0269623 1.30881 0.0025 1.02235 1.03144 2.52224 0.00489067 118 4 1 -5.89019e-08 
-0.201021 0.0241778 1.37197 0.0025 1.01996 1.02806 2.51987 0.00490217 119 4 1 3.4835e-08 
-0.198567 0.0212916 1.40933 0.0025 1.01748 1.02457 2.51742 0.0049141 120 4 1 8.45854e-08 
-0.196107 0.0183515 1.42618 0.0025 1.01498 1.02104 2.51493 0.00492621 121 4 1 1.40006e-07 
-0.193641 0.0154235 1.40744 0.0025 1.01251 1.01757 2.51248 0.00493821 122 4 1 2.03795e-07 
-0.191169 0.0125993 1.34148 0.0025 1.01016 1.01427 2.51014 0.0049497 123 4 1 2.63601e-07 
-0.188691 0.00998056 1.2265 0.0025 1.00801 1.01124 2.50799 0.00496028 124 4 1 3.05106e-07 
-0.186209 0.00765613 1.07205 0.0025 1.00611 1.00858 2.5061 0.00496962 125 4 1 3.20089e-07 
-0.183722 0.00568421 0.895192 0.0025 1.00452 1.00635 2.50451 0.0049775 126 4 1 3.08498e-07 
-0.181231 0.00408467 0.714853 0.0025 1.00324 1.00455 2.50323 0.00498386 127 4 1 2.76516e-07 
-0.178738 0.00284204 0.546978 0.0025 1.00225 1.00316 2.50224 0.00498879 128 4 1 2.32917e-07 
-0.176242 0.00191555 0.401942 0.0025 1.00151 1.00212 2.50151 0.00499246 129 4 1 1.85933e-07 
-0.173745 0.00125112 0.284272 0.0025 1.00099 1.00139 2.50098 0.00499508 130 4 1 1.41581e-07 
-0.171247 0.000791931 0.193839 0.0025 1.00062 1.00088 2.50062 0.00499689 131 4 1 1.03324e-07 
-0.168748 0.000485684 0.127587 0.0025 1.00038 1.00054 2.50038 0.00499809 132 4 1 7.25003e-08 
-0.166249 0.00028841 0.081113 0.0025 1.00023 1.00032 2.50023 0.00499887 133 4 1 4.90105e-08 
-0.16375 0.000165643 0.0498059 0.0025 1.00013 1.00018 2.50013 0.00499935 134 4 1 3.19506e-08 
-0.16125 9.18589e-05 0.0295185 0.0025 1.00007 1.0001 2.50007 0.00499964 135 4 1 2.00905e-08 
-0.15875 4.90757e-05 0.0168644 0.0025 1.00004 1.00005 2.50004 0.00499981 136 4 1 1.21787e-08 
-0.15625 2.51807e-05 0.00926904 0.0025 1.00002 1.00003 2.50002 0.0049999 137 4 1 7.1089e-09 
-0.15375 1.2357e-05 0.00488696 0.0025 1.00001 1.00001 2.50001 0.00499995 138 4 1 3.98835e-09 
-0.15125 5.76645e-06 0.00246171 0.0025 1 1.00001 2.5 0.00499998 139 4 1 2.14491e-09 
-0.14875 2.53809e-06 0.00117806 0.0025 1 1 2.5 0.00499999 140 4 1 1.10159e-09 
-0.14625 1.04089e-06 0.000531191 0.0025 1 1 2.5 0.005 141 4 1 5.37419e-10 
-0.14375 3.90031e-07 0.000222836 0.0025 1 1 2.5 0.005 142 4 1 2.47139e-10 
-0.14125 1.28947e-07 8.51714e-05 0.0025 1 1 2.5 0.005 143 4 1 1.05846e-10 
-0.13875 3.49354e-08 2.84821e-05 0.0025 1 1 2.5 0.005 144 4 1 4.14009e-11 
-0.13625 6.18843e-09 7.56337e-06 0.0025 1 1 2.5 0.005 145 4 1 1.43284e-11 
-0.13375 -2.4579e-10 1.04071e-06 0.0025 1 1 2.5 0.005 146 4 1 4.10161e-12 
-0.13125 8.77309e-11 -7.35582e-07 0.0025 1 1 2.5 0.005 147 5 1 4.37094e-13 
-0.12875 6.87064e-10 -7.47922e-08 0.0025 1 1 2.5 0.005 148 3 1 -3.83991e-13 
-0.12625 5.79813e-10 1.05328e-07 0.0025 1 1 2.5 0.005 149 4 1 -7.07704e-14 
-0.12375 3.54964e-10 1.10937e-07 0.0025 1 1 2.5 0.005 150 4 1 3.13715e-14 
-0.12125 1.80162e-10 7.41626e-08 0.0025 1 1 2.5 0.005 151 4 1 4.55984e-14 
-0.11875 7.81902e-11 3.93768e-08 0.0025 1 1 2.5 0.005 152 4 1 3.25944e-14 
-0.11625 2.87751e-11 1.764e-08 0.0025 1 1 2.5 0.005 153 4 1 1.80464e-14 
-0.11375 8.50928e-12 6.59907e-09 0.0025 1 1 2.5 0.005 154 4 1 8.32934e-15 
-0.11125 1.6882e-12 1.92483e-09 0.0025 1 1 2.5 0.005 155 4 1 3.20668e-15 
-0.10875 3.68927e-16 3.50951e-10 0.0025 1 1 2.5 0.005 156 4 1 9.96536e-16 
-0.10625 -4.83373e-14 -1.54728e-10 0.0025 1 1 2.5 0.005 157 5 1 1.39977e-16 
-0.10375 9.22608e-14 -2.26805e-11 0.0025 1 1 2.5 0.005 158 3 1 -6.57252e-17 
-0.10125 8.3268e-14 1.81899e-11 0.0025 1 1 2.5 0.005 159 4 1 -1.66978e-17 
-0.09875 4.66366e-14 1.60867e-11 0.0025 1 1 2.5 0.005 160 4 1 6.03961e-18 
-0.09625 2.08365e-14 1.11413e-11 0.0025 1 1 2.5 0.005 161 4 1 6.75016e-18 
-0.09375 2.45692e-15 6.87805e-12 0.0025 1 1 2.5 0.005 162 4 1 7.10543e-18 
-0.09125 -1.48053e-15 -1.7053e-13 0.0025 1 1 2.5 0.005 163 5 1 1.42109e-18 
-0.08875 -1.58487e-15 -2.84217e-13 0.0025 1 1 2.5 0.005 164 5 1 -1.42109e-18 
-0.08625 -1.74093e-15 -4.48416e-44 0.0025 1 1 2.5 0.005 165 5 1 -1.42109e-18 
-0.08375 -2.29729e-15 -1.13687e-13 0.0025 1 1 2.5 0.005 166 5 1 -1.42109e-18 
-0.08125 -7.58076e-16 -1.13687e-13 0.0025 1 1 2.5 0.005 167 5 1 -3.90799e-18 
-0.07875 -3.43644e-15 -1.13687e-13 0.0025 1 1 2.5 0.005 168 5 1 6.75016e-18 
-0.07625 -6.51625e-16 1.13687e-13 0.0025 1 1 2.5 0.005 169 5 1 -1.35003e-17 
-0.07375 -6.22762e-16 1.7053e-13 0.0025 1 1 2.5 0.005 170 5 1 8.88178e-18 
-0.07125 9.83762e-16 -1.12104e-44 0.0025 1 1 2.5 0.005 171 5 1 -1.20792e-17 
-0.06875 -4.33381e-17 3.9443e-29 0.0025 1 1 2.5 0.005 172 5 1 1.10134e-17 
-0.06625 2.0333e-15 -7.10961e-27 0.0025 1 1 2.5 0.005 173 5 1 -1.59872e-17 
-0.06375 1.23058e-15 -5.68434e-14 0.0025 1 1 2.5 0.005 174 4 1 -2.13163e-18 
-0.06125 -1.46734e-15 5.68434e-14 0.0025 1 1 2.5 0.005 175 3 1 3.12639e-17 
-0.05875 1.27734e-15 1.7053e-13 0.0025 1 1 2.5 0.005 176 4 1 -2.62901e-17 
-0.05625 -3.48699e-16 1.13687e-13 0.0025 1 1 2.5 0.005 177 5 1 2.84217e-18 
-0.05375 1.06435e-15 -7.88861e-29 0.0025 1 1 2.5 0.005 178 4 1 3.55271e-19 
-0.05125 -2.31806e-16 1.38051e-27 0.0025 1 1 2.5 0.005 179 5 1 -1.77636e-18 
-0.04875 2.88096e-15 5.68434e-14 0.0025 1 1 2.5 0.005 180 5 1 -3.90799e-18 
-0.04625 2.2257e-15 -1.79366e-43 0.0025 1 1 2.5 0.005 181 5 1 -3.55271e-19 
-0.04375 3.32476e-16 -2.27374e-13 0.0025 1 1 2.5 0.005 182 5 1 -7.10543e-19 
-0.04125 -1.64422e-15 -5.11591e-13 0.0025 1 1 2.5 0.005 183 5 1 -3.55271e-19 
-0.03875 -2.50837e-15 1.13687e-13 0.0025 1 1 2.5 0.005 184 5 1 -9.59233e-18 
-0.03625 -4.69065e-15 8.52651e-13 0.0025 1 1 2.5 0.005 185 4 1 -2.4869e-18 
-0.03375 2.17167e-15 -6.82121e-13 0.0025 1 1 2.5 0.005 186 4 1 -8.17124e-18 
-0.03125 -8.28633e-16 4.54747e-13 0.0025 1 1 2.5 0.005 187 3 1 4.51195e-17 
-0.02875 -2.35013e-15 -9.66338e-13 0.0025 1 1 2.5 0.005 188 4 1 -3.51719e-17 
-0.02625 -2.95832e-15 1.13687e-12 0.0025 1 1 2.5 0.005 189 5 1 7.81597e-18 
-0.02375 -1.62776e-15 2.84217e-13 0.0025 1 1 2.5 0.005 190 3 1 -7.10543e-19 
-0.02125 -2.42406e-15 3.41061e-13 0.0025 1 1 2.5 0.005 191 4 1 4.9738e-18 
-0.01875 -8.50836e-16 -7.38964e-13 0.0025 1 1 2.5 0.005 192 5 1 -7.10543e-18 
-0.01625 -2.21606e-15 -1.13687e-13 0.0025 1 1 2.5 0.005 193 4 1 1.42109e-18 
-0.01375 -8.56091e-17 2.27374e-13 0.0025 1 1 2.5 0.005 194 3 1 2.84217e-18 
-0.01125 1.91428e-16 2.27374e-13 0.0025 1 1 2.5 0.005 195 4 1 -1.77636e-18 
-0.00875 -1.28174e-15 -3.41061e-13 0.0025 1 1 2.5 0.005 196 4 1 -3.55271e-19 
-0.00625 -1.85977e-16 -2.27374e-13 0.0025 1 1 2.5 0.005 197 4 1 1.42109e-18 
-0.00375 -3.25177e-16 3.97904e-13 0.0025 1 1 2.5 0.005 198 4 1 -7.10543e-19 
-0.00125 -1.93395e-16 -2.84217e-13 0.0025 1 1 2.5 0.005 199 5 1 1.00148e-32 
0.00125 -7.77046e-17 -1.13687e-13 0.0025 1 1 2.5 0.005 200 4 1 -2.13163e-18 
0.00375 1.62052e-17 5.68434e-14 0.0025 1 1 2.5 0.005 201 4 1 -2.13163e-18 
0.00625 -2.279e-16 1.7053e-13 0.0025 1 1 2.5 0.005 202 5 1 7.54965e-33 
0.00875 -1.12663e-15 -1.19315e-27 0.0025 1 1 2.5 0.005 203 3 1 0 
0.01125 -3.8477e-16 2.84217e-13 0.0025 1 1 2.5 0.005 204 4 1 3.19744e-18 
0.01375 1.16608e-15 1.15371e-27 0.0025 1 1 2.5 0.005 205 5 1 -4.9738e-18 
0.01625 7.84648e-16 1.7053e-13 0.0025 1 1 2.5 0.005 206 5 1 -3.55271e-19 
0.01875 -3.11828e-16 -1.89327e-27 0.0025 1 1 2.5 0.005 207 4 1 -3.55271e-19 
0.02125 -1.59649e-15 -1.7053e-13 0.0025 1 1 2.5 0.005 208 3 1 3.90799e-18 
0.02375 6.79004e-16 -2.27374e-13 0.0025 1 1 2.5 0.005 209 3 1 2.4869e-18 
0.02625 1.76185e-15 3.97904e-13 0.0025 1 1 2.5 0.005 210 5 1 -1.27898e-17 
0.02875 8.83114e-16 6.25278e-13 0.0025 1 1 2.5 0.005 211 4 1 3.55271e-18 
0.03125 4.22675e-15 -6.82121e-13 0.0025 1 1 2.5 0.005 212 3 1 8.52651e-18 
0.03375 3.14159e-15 -5.68434e-13 0.0025 1 1 2.5 0.005 213 4 1 -7.10543e-19 
0.03625 5.30238e-15 3.97904e-13 0.0025 1 1 2.5 0.005 214 5 1 -1.74083e-17 
0.03875 3.83936e-15 2.27374e-13 0.0025 1 1 2.5 0.005 215 4 1 1.77636e-17 
0.04125 3.50662e-15 -2.84217e-13 0.0025 1 1 2.5 0.005 216 4 1 -1.20792e-17 
0.04375 3.42258e-15 -1.45939e-27 0.0025 1 1 2.5 0.005 217 4 1 -8.17124e-18 
0.04625 2.62888e-16 4.54747e-13 0.0025 1 1 2.5 0.005 218 4 1 1.91847e-17 
0.04875 3.67442e-15 -2.38742e-12 0.0025 1 1 2.5 0.005 219 5 1 -1.45661e-17 
0.05125 5.76643e-15 1.7053e-12 0.0025 1 1 2.5 0.005 220 5 1 -9.9476e-18 
0.05375 2.64059e-15 7.95808e-13 0.0025 1 1 2.5 0.005 221 4 1 1.59872e-17 
0.05625 4.37488e-15 3.97904e-13 0.0025 1 1 2.5 0.005 222 5 1 9.9476e-18 
0.05875 1.23183e-15 -1.13687e-13 0.0025 1 1 2.5 0.005 223 5 1 -6.71463e-17 
0.06125 -2.94182e-16 -2.27374e-12 0.0025 1 1 2.5 0.005 224 3 1 6.75016e-17 
0.06375 6.37288e-15 7.95808e-13 0.0025 1 1 2.5 0.005 225 3 1 -4.61853e-18 
0.06625 1.40463e-15 6.25278e-13 0.0025 1 1 2.5 0.005 226 5 1 -2.66454e-17 
0.06875 4.30466e-15 -2.27374e-13 0.0025 1 1 2.5 0.005 227 5 1 1.88294e-17 
0.07125 8.18805e-16 -1.7053e-13 0.0025 1 1 2.5 0.005 228 5 1 -1.52767e-17 
0.07375 3.69276e-15 -1.68156e-43 0.0025 1 1 2.5 0.005 229 5 1 8.88178e-18 
0.07625 3.62327e-15 -1.13687e-13 0.0025 1 1 2.5 0.005 230 5 1 -1.3145e-17 
0.07875 6.59101e-15 -7.84727e-44 0.0025 1 1 2.5 0.005 231 5 1 8.17124e-18 
0.08125 5.57986e-15 5.68434e-14 0.0025 1 1 2.5 0.005 232 5 1 -1.03029e-17 
0.08375 5.75062e-15 5.68434e-14 0.0025 1 1 2.5 0.005 233 5 1 4.61853e-18 
0.08625 3.41126e-15 1.68156e-43 0.0025 1 1 2.5 0.005 234 5 1 -3.90799e-18 
0.08875 2.51285e-15 1.7053e-13 0.0025 1 1 2.5 0.005 235 5 1 -3.55271e-19 
0.09125 2.59754e-15 3.9443e-29 0.0025 1 1 2.5 0.005 236 5 1 -3.55271e-18 
0.09375 1.3289e-15 -1.47793e-12 0.0025 1 1 2.5 0.005 237 5 1 8.52651e-18 
0.09625 -1.62166e-14 -1.81331e-11 0.0025 1 1 2.5 0.005 238 4 1 7.81597e-18 
0.09875 -4.43997e-14 -1.19371e-11 0.0025 1 1 2.5 0.005 239 4 1 5.32907e-18 
0.10125 -7.79216e-14 -2.34763e-11 0.0025 1 1 2.5 0.005 240 3 1 -1.63425e-17 
0.10375 -9.20436e-14 3.22302e-11 0.0025 1 1 2.5 0.005 241 4 1 -6.57252e-17 
0.10625 6.25284e-14 1.51431e-10 0.0025 1 1 2.5 0.005 242 5 1 1.32871e-16 
0.10875 5.46195e-15 -3.45608e-10 0.0025 1 1 2.5 0.005 243 4 1 1.01359e-15 
0.11125 -1.68569e-12 -1.93683e-09 0.0025 1 1 2.5 0.005 244 4 1 3.19744e-15 
0.11375 -8.5073e-12 -6.59475e-09 0.0025 1 1 2.5 0.005 245 4 1 8.32721e-15 
0.11625 -2.87699e-11 -1.76393e-08 0.0025 1 1 2.5 0.005 246 4 1 1.80357e-14 
0.11875 -7.81882e-11 -3.93832e-08 0.0025 1 1 2.5 0.005 247 4 1 3.2626e-14 
0.12125 -1.80163e-10 -7.4157e-08 0.0025 1 1 2.5 0.005 248 4 1 4.55628e-14 
0.12375 -3.54961e-10 -1.10936e-07 0.0025 1 1 2.5 0.005 249 4 1 3.1385e-14 
0.12625 -5.7982e-10 -1.05326e-07 0.0025 1 1 2.5 0.005 250 4 1 -7.07733e-14 
0.12875 -6.8706e-10 7.4797e-08 0.0025 1 1 2.5 0.005 251 3 1 -3.83967e-13 
0.13125 -8.77139e-11 7.35563e-07 0.0025 1 1 2.5 0.005 252 5 1 4.37079e-13 
0.13375 2.45787e-10 -1.0407e-06 0.0025 1 1 2.5 0.005 253 4 1 4.1016e-12 
0.13625 -6.18844e-09 -7.56338e-06 0.0025 1 1 2.5 0.005 254 4 1 1.43284e-11 
0.13875 -3.49354e-08 -2.84821e-05 0.0025 1 1 2.5 0.005 255 4 1 4.14009e-11 
0.14125 -1.28947e-07 -8.51714e-05 0.0025 1 1 2.5 0.005 256 4 1 1.05846e-10 
0.14375 -3.90031e-07 -0.000222836 0.0025 1 1 2.5 0.005 257 4 1 2.47139e-10 
0.14625 -1.04089e-06 -0.000531191 0.0025 1 1 2.5 0.005 258 4 1 5.37419e-10 
0.14875 -2.53809e-06 -0.00117806 0.0025 1 1 2.5 0.00499999 259 4 1 1.10159e-09 
0.15125 -5.76645e-06 -0.00246171 0.0025 1 1.00001 2.5 0.00499998 260 4 1 2.14491e-09 
0.15375 -1.2357e-05 -0.00488696 0.0025 1.00001 1.00001 2.50001 0.00499995 261 4 1 3.98835e-09 
0.15625 -2.51807e-05 -0.00926904 0.0025 1.00002 1.00003 2.50002 0.0049999 262 4 1 7.1089e-09 
0.15875 -4.90757e-05 -0.0168644 0.0025 1.00004 1.00005 2.50004 0.00499981 263 4 1 1.21787e-08 
0.16125 -9.18589e-05 -0.0295185 0.0025 1.00007 1.0001 2.50007 0.00499964 264 4 1 2.00905e-08 
0.16375 -0.000165643 -0.0498059 0.0025 1.00013 1.00018 2.50013 0.00499935 265 4 1 3.19506e-08 
0.166249 -0.00028841 -0.081113 0.0025 1.00023 1.00032 2.50023 0.00499887 266 4 1 4.90105e-08 
0.168748 -0.000485684 -0.127587 0.0025 1.00038 1.00054 2.50038 0.00499809 267 4 1 7.25003e-08 
0.171247 -0.000791931 -0.193839 0.0025 1.00062 1.00088 2.50062 0.00499689 268 4 1 1.03324e-07 
0.173745 -0.00125112 -0.284272 0.0025 1.00099 1.00139 2.50098 0.00499508 269 4 1 1.41581e-07 
0.176242 -0.00191555 -0.401942 0.0025 1.00151 1.00212 2.50151 0.00499246 270 4 1 1.85933e-07 
0.178738 -0.00284204 -0.546978 0.0025 1.00225 1.00316 2.50224 0.00498879 271 4 1 2.32917e-07 
0.181231 -0.00408467 -0.714853 0.0025 1.00324 1.00455 2.50323 0.00498386 272 4 1 2.76516e-07 
0.183722 -0.00568421 -0.895192 0.0025 1.00452 1.00635 2.50451 0.0049775 273 4 1 3.08498e-07 
0.186209 -0.00765613 -1.07205 0.0025 1.00611 1.00858 2.5061 0.00496962 274 4 1 3.20089e-07 
0.188691 -0.00998056 -1.2265 0.0025 1.00801 1.01124 2.50799 0.00496028 275 4 1 3.05106e-07 
0.191169 -0.0125993 -1.34148 0.0025 1.01016 1.01427 2.51014 0.0049497 276 4 1 2.63601e-07 
0.193641 -0.0154235 -1.40744 0.0025 1.01251 1.01757 2.51248 0.00493821 277 4 1 2.03795e-07 
0.196107 -0.0183515 -1.42618 0.0025 1.01498 1.02104 2.51493 0.00492621 278 4 1 1.40006e-07 
0.198567 -0.0212916 -1.40933 0.0025 1.01748 1.02457 2.51742 0.0049141 279 4 1 8.45854e-08 
0.201021 -0.0241778 -1.37197 0.0025 1.01996 1.02806 2.51987 0.00490217 280 4 1 3.4835e-08 
0.203469 -0.0269623 -1.30881 0.0025 1.02235 1.03144 2.52224 0.00489067 281 4 1 -5.89019e-08 
0.205912 -0.0295564 -1.17743 0.0025 1.02457 1.03456 2.52443 0.0048801 282 4 1 -3.67335e-07 
0.208349 -0.0316258 -0.7046 0.0025 1.02624 1.03686 2.5261 0.00487214 283 3 1 -1.54626e-06 
0.210784 -0.0318911 0.994486 0.0025 1.02584 1.03616 2.52579 0.00487407 284 4 1 -4.41157e-06 
0.213223 -0.0250358 6.00422 0.0025 1.02039 1.02862 2.52043 0.00490008 285 4 1 -2.3259e-06 
0.215684 -0.0131055 4.48706 0.0025 1.01249 1.01773 2.5124 0.00493834 286 4 1 5.05487e-06 
0.218162 -0.00970679 -0.586386 0.0025 1.00857 1.01207 2.50849 0.00495751 287 4 1 2.10153e-06 
0.220642 -0.00886977 1.83561 0.0025 1.00618 1.0085 2.50631 0.00496928 288 4 1 -4.01762e-06 
0.223131 -0.000275032 5.88971 0.0025 0.999617 0.999437 2.49976 0.00500191 289 4 1 -1.47454e-06 
0.225644 0.0114232 4.77565 0.0025 0.990994 0.987533 2.49098 0.00504544 290 4 1 3.26121e-06 
0.228177 0.0190173 2.70494 0.0025 0.984185 0.977967 2.48411 0.00508035 291 4 1 1.76885e-06 
0.230724 0.0256422 3.48518 0.0025 0.97817 0.969545 2.47809 0.00511159 292 4 1 -4.16444e-07 
0.233288 0.0343439 4.35434 0.0025 0.971129 0.959825 2.47095 0.00514864 293 4 1 2.90172e-07 
0.235873 0.0439277 4.34305 0.0025 0.963487 0.9493 2.46313 0.00518949 294 4 1 1.37992e-06 
0.238478 0.0529923 3.81342 0.0025 0.956123 0.939156 2.45557 0.00522945 295 4 1 1.4696e-06 
0.241102 0.0612553 3.67201 0.0025 0.949152 0.929552 2.44841 0.00526786 296 4 1 6.42501e-07 
0.243746 0.0702321 4.27963 0.0025 0.941859 0.919571 2.44088 0.00530865 297 4 1 5.66314e-07 
0.246411 0.0801273 4.26916 0.0025 0.934151 0.909081 2.43285 0.00535245 298 4 1 1.38271e-06 
0.249098 0.0894573 3.89488 0.0025 0.926641 0.898855 2.42501 0.00539583 299 4 1 1.23226e-06 
0.251807 0.09872 4.12765 0.0025 0.919194 0.888748 2.4172 0.00543955 300 4 1 8.95013e-07 
0.254538 0.108597 4.17229 0.0025 0.911557 0.878443 2.40914 0.00548512 301 4 1 1.28157e-06 
0.257292 0.118164 3.95068 0.0025 0.904006 0.868265 2.40114 0.00553094 302 4 1 1.19777e-06 
0.260069 0.12784 4.14728 0.0025 0.896439 0.858103 2.39309 0.00557763 303 4 1 1.02896e-06 
0.26287 0.137948 4.14047 0.0025 0.888722 0.84779 2.38482 0.00562605 304 4 1 1.3111e-06 
0.265695 0.147898 4.04764 0.0025 0.88104 0.837543 2.37656 0.00567511 305 4 1 1.23732e-06 
0.268545 0.158088 4.16902 0.0025 0.873312 0.827279 2.3682 0.00572533 306 4 1 1.27571e-06 
0.271421 0.168363 4.03871 0.0025 0.865568 0.817029 2.35977 0.00577655 307 4 1 1.37288e-06 
0.274322 0.178587 4.09156 0.0025 0.857849 0.806843 2.35134 0.00582853 308 4 1 1.27386e-06 
0.277249 0.189085 4.08777 0.0025 0.850072 0.796624 2.34279 0.00588186 309 4 1 1.36019e-06 
0.280204 0.199589 4.08265 0.0025 0.842271 0.786408 2.33417 0.00593633 310 4 1 1.36774e-06 
0.283186 0.210307 4.10627 0.0025 0.834429 0.776178 2.32545 0.00599212 311 4 1 1.41861e-06 
0.286196 0.221082 4.07586 0.0025 0.826565 0.765958 2.31666 0.00604913 312 4 1 1.47764e-06 
0.289235 0.231986 4.06653 0.0025 0.818701 0.755775 2.30782 0.00610724 313 4 1 1.47748e-06 
0.292303 0.242938 4.06389 0.0025 0.810818 0.745608 2.29891 0.00616661 314 4 1 1.49996e-06 
0.295402 0.254084 4.06241 0.0025 0.80291 0.735448 2.28992 0.00622735 315 4 1 1.52825e-06 
0.298531 0.265291 4.06457 0.0025 0.794972 0.725289 2.28084 0.00628953 316 4 1 1.56224e-06 
0.301692 0.276701 4.06564 0.0025 0.787002 0.715131 2.27166 0.00635323 317 4 1 1.61386e-06 
0.304884 0.288178 4.04834 0.0025 0.779014 0.704991 2.26241 0.00641837 318 4 1 1.65717e-06 
0.30811 0.299777 4.04007 0.0025 0.771015 0.694878 2.2531 0.00648496 319 4 1 1.68152e-06 
0.31137 0.31152 4.02906 0.0025 0.763 0.684786 2.2437 0.00655308 320 4 1 1.70168e-06 
0.314663 0.323365 4.04013 0.0025 0.754954 0.674699 2.23421 0.00662292 321 4 1 1.73934e-06 
0.317993 0.335411 4.03045 0.0025 0.746876 0.664615 2.22462 0.00669456 322 4 1 1.8006e-06 
0.321358 0.34757 4.02135 0.0025 0.73878 0.654553 2.21494 0.00676792 323 4 1 1.84385e-06 
0.324761 0.359826 4.008 0.0025 0.73067 0.644517 2.20519 0.00684304 324 4 1 1.88454e-06 
0.328201 0.372257 3.9973 0.0025 0.722548 0.634511 2.19535 0.00691995 325 4 1 1.92315e-06 
0.331681 0.384786 3.98581 0.0025 0.714415 0.624536 2.18544 0.00699873 326 4 1 1.97017e-06 
0.3352 0.397453 3.97226 0.0025 0.706278 0.614603 2.17545 0.00707936 327 4 1 2.04394e-06 
0.338761 0.410215 3.92256 0.0025 0.698172 0.604753 2.16543 0.00716156 328 4 1 2.1265e-06 
0.342362 0.422927 3.8521 0.0025 0.690147 0.595045 2.15544 0.00724484 329 4 1 2.13504e-06 
0.346006 0.435606 3.80743 0.0025 0.682213 0.585495 2.1455 0.00732908 330 4 1 2.1912e-06 
0.349692 0.448167 3.67066 0.0025 0.674435 0.576174 2.13568 0.00741362 331 4 1 2.24439e-06 
0.35342 0.460464 3.54263 0.0025 0.666883 0.567163 2.12609 0.00749757 332 4 1 2.17363e-06 
0.357189 0.472483 3.40435 0.0025 0.659566 0.55847 2.11673 0.00758074 333 4 1 2.07386e-06 
0.361001 0.484229 3.29493 0.0025 0.652465 0.550067 2.10759 0.00766325 334 4 1 1.9196e-06 
0.364853 0.495801 3.22867 0.0025 0.645508 0.541869 2.09857 0.00774584 335 4 1 1.75086e-06 
0.368747 0.507423 3.2333 0.0025 0.638586 0.533747 2.08955 0.0078298 336 4 1 1.63369e-06 
0.372683 0.519276 3.27299 0.0025 0.631591 0.525577 2.08036 0.00791652 337 4 1 1.58997e-06 
0.376663 0.531535 3.36868 0.0025 0.624431 0.517254 2.0709 0.00800729 338 4 1 1.63379e-06 
0.38069 0.544319 3.45879 0.0025 0.617053 0.508721 2.06109 0.00810304 339 4 1 1.80346e-06 
0.384767 0.557582 3.52643 0.0025 0.609473 0.499996 2.05093 0.0082038 340 4 1 1.96749e-06 
0.388895 0.571345 3.61469 0.0025 0.601702 0.4911 2.04043 0.00830976 341 4 1 2.19904e-06 
0.393077 0.585511 3.61994 0.0025 0.593811 0.482115 2.02969 0.00842019 342 4 1 2.50601e-06 
0.397315 0.599786 3.5687 0.0025 0.585946 0.473208 2.01889 0.00853321 343 4 1 2.76728e-06 
0.40161 0.613909 3.41552 0.0025 0.578291 0.464589 2.0083 0.00864617 344 4 1 3.04266e-06 
0.405962 0.627298 3.09908 0.0025 0.571126 0.456566 1.99831 0.00875464 345 4 1 3.21396e-06 
0.410365 0.639203 2.62174 0.0025 0.564778 0.449485 1.9894 0.00885303 346 4 1 3.04932e-06 
0.414815 0.649229 2.12039 0.0025 0.559447 0.443556 1.98187 0.00893739 347 4 1 2.5712e-06 
0.419303 0.65725 1.65318 0.0025 0.555144 0.438778 1.97576 0.00900668 348 4 1 1.93344e-06 
0.423822 0.663676 1.34786 0.0025 0.551701 0.434964 1.97086 0.00906288 349 4 1 1.37372e-06 
0.428366 0.669004 1.10986 0.0025 0.548925 0.431908 1.96689 0.00910871 350 4 1 1.28307e-06 
0.432931 0.673012 0.690906 0.0025 0.546902 0.429689 1.96398 0.00914241 351 4 1 1.33237e-06 
0.437508 0.674991 0.228507 0.0025 0.545799 0.428465 1.96241 0.00916089 352 4 1 9.10895e-07 
0.442091 0.675545 0.0424659 0.0025 0.545389 0.427995 1.96183 0.00916777 353 4 1 2.99392e-07 
0.446676 0.675782 0.0581458 0.0025 0.545226 0.427811 1.9616 0.0091705 354 4 1 1.00815e-07 
0.451262 0.675917 -0.00948182 0.0025 0.54515 0.427729 1.9615 0.00917178 355 5 1 1.14848e-07 
0.455848 0.675819 -0.0279568 0.0025 0.545167 0.427746 1.96153 0.0091715 356 4 1 5.16425e-08 
0.460433 0.675702 -0.0385219 0.0025 0.545227 0.427812 1.96162 0.00917049 357 4 1 2.38619e-08 
0.465018 0.675539 -0.0441671 0.0025 0.545307 0.427902 1.96174 0.00916914 358 4 1 1.72478e-08 
0.469603 0.675345 -0.0455539 0.0025 0.545401 0.428006 1.96188 0.00916757 359 4 1 8.34498e-09 
0.474186 0.675143 -0.0451171 0.0025 0.5455 0.428117 1.96204 0.0091659 360 4 1 1.70842e-10 
0.478769 0.674945 -0.0430856 0.0025 0.5456 0.428228 1.96219 0.00916422 361 4 1 -3.91335e-09 
0.48335 0.674758 -0.0401293 0.0025 0.545696 0.428335 1.96233 0.00916261 362 4 1 -5.85438e-09 
0.487931 0.674587 -0.0366172 0.0025 0.545785 0.428435 1.96247 0.00916111 363 4 1 -1.00057e-08 
0.492511 0.674433 -0.0329082 0.0025 0.545867 0.428526 1.9626 0.00915975 364 4 1 -1.00327e-08 
0.497091 0.674295 -0.0292663 0.0025 0.545939 0.428609 1.96271 0.00915853 365 4 1 -7.68309e-09 
0.50167 0.674172 -0.0257795 0.0025 0.546003 0.428682 1.96282 0.00915745 366 4 1 -1.00162e-08 
0.506248 0.674062 -0.0225889 0.0025 0.54606 0.428746 1.96291 0.00915651 367 4 1 -8.89733e-09 
0.510826 0.673964 -0.0198854 0.0025 0.546109 0.428803 1.96299 0.00915568 368 4 1 -4.70374e-09 
0.515404 0.673878 -0.0177477 0.0025 0.546152 0.428853 1.96307 0.00915495 369 4 1 -5.10085e-09 
0.519981 0.673803 -0.0160039 0.0025 0.546191 0.428899 1.96314 0.00915431 370 4 1 -5.92418e-09 
0.524558 0.673737 -0.0143343 0.0025 0.546225 0.428939 1.9632 0.00915374 371 4 1 -4.1568e-09 
0.529135 0.673678 -0.0126068 0.0025 0.546254 0.428974 1.96326 0.00915325 372 4 1 -3.38223e-09 
0.533712 0.673625 -0.0110063 0.0025 0.546279 0.429006 1.96331 0.00915283 373 4 1 -4.0867e-09 
0.538288 0.673576 -0.00977833 0.0025 0.546301 0.429033 1.96336 0.00915247 374 4 1 -2.05579e-09 
0.542864 0.673533 -0.0089332 0.0025 0.54632 0.429059 1.9634 0.00915215 375 4 1 -8.06592e-10 
0.54744 0.673496 -0.00824717 0.0025 0.546337 0.429081 1.96345 0.00915187 376 4 1 -2.41843e-09 
0.552016 0.673463 -0.00750256 0.0025 0.546351 0.429102 1.96349 0.00915162 377 4 1 -1.25769e-09 
0.556592 0.673432 -0.00667989 0.0025 0.546364 0.429121 1.96353 0.00915141 378 4 1 -9.44979e-10 
0.561167 0.673404 -0.00592362 0.0025 0.546374 0.429137 1.96357 0.00915124 379 4 1 -5.29375e-10 
0.565743 0.673379 -0.00536 0.0025 0.546382 0.429152 1.96361 0.00915111 380 4 1 1.43772e-09 
0.570318 0.673356 -0.00497471 0.0025 0.546388 0.429166 1.96365 0.009151 381 4 1 -2.24492e-09 
0.574894 0.673335 -0.00465185 0.0025 0.546394 0.429179 1.96369 0.00915091 382 4 1 4.18807e-10 
0.579469 0.673317 -0.00429463 0.0025 0.546398 0.42919 1.96372 0.00915084 383 4 1 3.77291e-09 
0.584045 0.6733 -0.00389357 0.0025 0.5464 0.429201 1.96377 0.0091508 384 4 1 -2.69163e-09 
0.58862 0.673284 -0.00349933 0.0025 0.546401 0.42921 1.96381 0.00915079 385 3 1 1.12809e-09 
0.593196 0.673269 -0.00315732 0.0025 0.546401 0.429219 1.96385 0.0091508 386 4 1 2.72405e-09 
0.597771 0.673255 -0.00287317 0.0025 0.546398 0.429227 1.96389 0.00915083 387 4 1 2.10582e-09 
0.602346 0.673242 -0.00262402 0.0025 0.546394 0.429234 1.96394 0.0091509 388 4 1 4.03202e-09 
0.606922 0.67323 -0.00238613 0.0025 0.546389 0.429241 1.96399 0.00915099 389 4 1 -2.91458e-09 
0.611497 0.673219 -0.00214996 0.0025 0.546382 0.429246 1.96404 0.0091511 390 4 1 4.82675e-09 
0.616073 0.673208 -0.00191938 0.0025 0.546374 0.429252 1.96409 0.00915123 391 4 1 4.16589e-09 
0.620649 0.673198 -0.00170572 0.0025 0.546364 0.429257 1.96415 0.0091514 392 4 1 7.71898e-09 
0.625224 0.673188 -0.00152264 0.0025 0.546354 0.429263 1.96422 0.00915157 393 4 1 -3.91556e-09 
0.6298 0.673179 -0.00138069 0.0025 0.546334 0.429268 1.96428 0.0091519 394 4 1 1.43439e-07 
0.634376 0.67317 -0.00128176 0.0025 0.546327 0.429301 1.96452 0.00915204 395 4 1 -1.38847e-07 
0.638952 0.673162 -0.00121723 0.0025 0.545931 0.429149 1.96459 0.00915867 396 5 1 3.48611e-06 
0.643535 0.673155 -0.00117193 0.0025 0.548198 0.430816 1.96844 0.00912078 397 3 1 -1.90586e-05 
0.648073 0.673149 -0.00113162 0.0025 0.536872 0.426149 1.94999 0.00931321 398 4 1 0.000179246 
0.652854 0.673143 -0.00108501 0.0025 0.511018 0.432688 2.15245 0.00978439 399 4 1 -0.000134226 
0.657864 0.673137 -0.00102806 0.0025 0.482776 0.424466 2.15543 0.0103568 400 4 1 0.000266074 
0.663225 0.673131 -0.000958788 0.0025 0.454295 0.43291 2.44412 0.0110061 401 4 1 -0.000240408 
0.668881 0.673125 -0.000880183 0.0025 0.446999 0.427248 2.38021 0.0111857 402 5 1 5.38064e-05 
0.674412 0.67312 -0.000801834 0.0025 0.452432 0.429621 2.37459 0.0110514 403 4 1 -3.01266e-06 
0.679932 0.673115 -0.000726185 0.0025 0.453615 0.429294 2.3652 0.0110226 404 4 1 3.91264e-06 
0.685435 0.67311 -0.000655308 0.0025 0.454696 0.429354 2.36042 0.0109963 405 4 1 1.27145e-06 
0.690929 0.673106 -0.000589527 0.0025 0.455321 0.429329 2.35712 0.0109813 406 4 1 8.42824e-07 
0.696416 0.673102 -0.000528681 0.0025 0.455766 0.429319 2.35482 0.0109705 407 4 1 5.44283e-07 
0.701899 0.673098 -0.000472478 0.0025 0.456088 0.429313 2.35317 0.0109628 408 4 1 3.49027e-07 
0.707379 0.673094 -0.000420598 0.0025 0.456329 0.429309 2.35192 0.010957 409 4 1 2.4668e-07 
0.712856 0.67309 -0.000372581 0.0025 0.456514 0.429308 2.35097 0.0109526 410 4 1 1.77204e-07 
0.718332 0.673087 -0.00032755 0.0025 0.456659 0.429307 2.35023 0.0109491 411 4 1 1.30864e-07 
0.723805 0.673084 -0.000283708 0.0025 0.456773 0.429306 2.34965 0.0109464 412 4 1 9.79688e-08 
0.729278 0.67308 -0.000237866 0.0025 0.456864 0.429306 2.34918 0.0109442 413 4 1 7.53375e-08 
0.734749 0.673077 -0.000185426 0.0025 0.456938 0.429306 2.34881 0.0109424 414 4 1 5.8687e-08 
0.74022 0.673074 -0.000120854 0.0025 0.456998 0.429306 2.3485 0.010941 415 4 1 4.61638e-08 
0.74569 0.673071 -3.79122e-05 0.0025 0.457047 0.429305 2.34825 0.0109398 416 4 1 3.66677e-08 
0.75116 0.673067 7.17938e-05 0.0025 0.457087 0.429305 2.34804 0.0109388 417 4 1 2.92642e-08 
0.756629 0.673063 0.000223835 0.0025 0.45712 0.429304 2.34787 0.010938 418 4 1 2.32402e-08 
0.762098 0.673059 0.000453211 0.0025 0.457147 0.429303 2.34772 0.0109374 419 4 1 1.8027e-08 
0.767567 0.673052 0.000843134 0.0025 0.457168 0.4293 2.3476 0.0109369 420 4 1 1.27425e-08 
0.773035 0.673043 0.00159328 0.0025 0.457184 0.429294 2.34749 0.0109365 421 4 1 5.77419e-09 
0.778503 0.673026 0.00318935 0.0025 0.457192 0.429283 2.34739 0.0109363 422 3 1 -6.42246e-09 
0.783971 0.672993 0.00680408 0.0025 0.457187 0.429257 2.34728 0.0109365 423 4 1 -3.20436e-08 
0.78944 0.672922 0.0152473 0.0025 0.457155 0.429198 2.34713 0.0109372 424 4 1 -9.00063e-08 
0.794909 0.672761 0.0352145 0.0025 0.457064 0.429061 2.34688 0.0109394 425 4 1 -2.2473e-07 
0.800379 0.672386 0.0825025 0.0025 0.456836 0.42874 2.34635 0.0109448 426 4 1 -5.35924e-07 
0.805853 0.671504 0.194175 0.0025 0.456288 0.427986 2.34517 0.010958 427 4 1 -1.22996e-06 
0.811337 0.669449 0.449002 0.0025 0.455008 0.426244 2.3425 0.0109888 428 4 1 -2.69789e-06 
0.816842 0.664697 1.03653 0.0025 0.452106 0.422338 2.33646 0.0110593 429 4 1 -5.21829e-06 
0.822397 0.654228 2.18841 0.0025 0.445941 0.414111 2.32357 0.0112123 430 4 1 -8.98223e-06 
0.828056 0.632074 4.71179 0.0025 0.43356 0.397887 2.29716 0.0115324 431 4 1 -9.08518e-06 
0.833933 0.587691 8.57545 0.0025 0.411773 0.369817 2.24878 0.0121426 432 4 1 1.41887e-06 
0.840213 0.508672 16.1499 0.0025 0.376927 0.32631 2.16534 0.0132652 433 4 1 4.06787e-05 
0.847251 0.356401 28.6494 0.0025 0.32933 0.269746 2.03795 0.0151823 434 4 1 0.000153517 
0.855531 0.156074 27.2202 0.0025 0.284001 0.217956 1.9022 0.0176056 435 4 1 0.000260315 
0.864984 0.0254876 10.9703 0.0025 0.257716 0.188655 1.81884 0.0194012 436 4 1 0.000166072 
0.874963 -0.00724416 0.468421 0.0025 0.249823 0.179708 1.79451 0.0200142 437 4 1 3.46425e-05 
0.884999 -0.00218796 -0.81953 0.0025 0.249502 0.179036 1.79357 0.0200399 438 5 1 1.90189e-06 
0.895003 0.000221719 -0.0582341 0.0025 0.249975 0.179455 1.79493 0.020002 439 4 1 -1.01338e-06 
0.905001 0.000194867 0.0236652 0.0025 0.250031 0.179528 1.79509 0.0199975 440 3 1 -1.73093e-07 
0.915 5.86375e-05 0.013077 0.0025 0.250012 0.179513 1.79504 0.019999 441 4 1 2.18747e-08 
0.925 9.38665e-06 0.00316969 0.0025 0.250003 0.179503 1.79501 0.0199998 442 4 1 1.76304e-08 
0.935 -1.46783e-07 0.000370716 0.0025 0.25 0.1795 1.795 0.02 443 4 1 5.11361e-09 
0.945 -4.7269e-07 -0.000103631 0.0025 0.25 0.1795 1.795 0.02 444 5 1 7.55936e-10 
0.955 -1.93559e-08 -2.40405e-05 0.0025 0.25 0.1795 1.795 0.02 445 4 1 -8.00504e-11 
0.965 2.27553e-08 1.663e-06 0.0025 0.25 0.1795 1.795 0.02 446 3 1 -4.35817e-11 
0.975 9.25044e-09 1.75521e-06 0.0025 0.25 0.1795 1.795 0.02 447 4 1 -7.74871e-13 
0.985 1.96302e-09 5.49755e-07 0.0025 0.25 0.1795 1.795 0.02 448 4 1 2.0796e-12 
0.995 2.03117e-10 9.41296e-08 0.0025 0.25 0.1795 1.795 0.02 449 5 1 9.77096e-13 
1.005 -2.03084e-10 -9.41376e-08 0.0025 0.25 0.1795 1.795 0.02 450 4 1 9.7704e-13 
1.015 -1.96304e-09 -5.49745e-07 0.0025 0.25 0.1795 1.795 0.02 451 4 1 2.07953e-12 
1.025 -9.25046e-09 -1.75521e-06 0.0025 0.25 0.1795 1.795 0.02 452 4 1 -7.74793e-13 
1.035 -2.27553e-08 -1.663e-06 0.0025 0.25 0.1795 1.795 0.02 453 3 1 -4.35816e-11 
1.045 1.9356e-08 2.40405e-05 0.0025 0.25 0.1795 1.795 0.02 454 4 1 -8.00505e-11 
1.055 4.7269e-07 0.000103631 0.0025 0.25 0.1795 1.795 0.02 455 5 1 7.55936e-10 
1.065 1.46783e-07 -0.000370716 0.0025 0.25 0.1795 1.795 0.02 456 4 1 5.11361e-09 
1.075 -9.38665e-06 -0.00316969 0.0025 0.250003 0.179503 1.79501 0.0199998 457 4 1 1.76304e-08 
1.085 -5.86375e-05 -0.013077 0.0025 0.250012 0.179513 1.79504 0.019999 458 4 1 2.18747e-08 
1.095 -0.000194867 -0.0236652 0.0025 0.250031 0.179528 1.79509 0.0199975 459 3 1 -1.73093e-07 
1.105 -0.000221719 0.0582341 0.0025 0.249975 0.179455 1.79493 0.020002 460 4 1 -1.01338e-06 
1.115 0.00218796 0.81953 0.0025 0.249502 0.179036 1.79357 0.0200399 461 5 1 1.90189e-06 
1.12504 0.00724416 -0.468421 0.0025 0.249823 0.179708 1.79451 0.0200142 462 4 1 3.46425e-05 
1.13502 -0.0254876 -10.9703 0.0025 0.257716 0.188655 1.81884 0.0194012 463 4 1 0.000166072 
1.14447 -0.156074 -27.2202 0.0025 0.284001 0.217956 1.9022 0.0176056 464 4 1 0.000260315 
1.15275 -0.356401 -28.6494 0.0025 0.32933 0.269746 2.03795 0.0151823 465 4 1 0.000153517 
1.15979 -0.508672 -16.1499 0.0025 0.376927 0.32631 2.16534 0.0132652 466 4 1 4.06787e-05 
1.16607 -0.587691 -8.57545 0.0025 0.411773 0.369817 2.24878 0.0121426 467 4 1 1.41887e-06 
1.17194 -0.632074 -4.71179 0.0025 0.43356 0.397887 2.29716 0.0115324 468 4 1 -9.08518e-06 
1.1776 -0.654228 -2.18841 0.0025 0.445941 0.414111 2.32357 0.0112123 469 4 1 -8.98223e-06 
1.18316 -0.664697 -1.03653 0.0025 0.452106 0.422338 2.33646 0.0110593 470 4 1 -5.21829e-06 
1.18866 -0.669449 -0.449002 0.0025 0.455008 0.426244 2.3425 0.0109888 471 4 1 -2.69789e-06 
1.19415 -0.671504 -0.194175 0.0025 0.456288 0.427986 2.34517 0.010958 472 4 1 -1.22996e-06 
1.19962 -0.672386 -0.0825025 0.0025 0.456836 0.42874 2.34635 0.0109448 473 4 1 -5.35924e-07 
1.20509 -0.672761 -0.0352145 0.0025 0.457064 0.429061 2.34688 0.0109394 474 4 1 -2.2473e-07 
1.21056 -0.672922 -0.0152473 0.0025 0.457155 0.429198 2.34713 0.0109372 475 4 1 -9.00063e-08 
1.21603 -0.672993 -0.00680408 0.0025 0.457187 0.429257 2.34728 0.0109365 476 4 1 -3.20436e-08 
1.2215 -0.673026 -0.00318935 0.0025 0.457192 0.429283 2.34739 0.0109363 477 3 1 -6.42246e-09 
1.22697 -0.673043 -0.00159328 0.0025 0.457184 0.429294 2.34749 0.0109365 478 4 1 5.77419e-09 
1.23243 -0.673052 -0.000843134 0.0025 0.457168 0.4293 2.3476 0.0109369 479 4 1 1.27425e-08 
1.2379 -0.673059 -0.000453211 0.0025 0.457147 0.429303 2.34772 0.0109374 480 4 1 1.8027e-08 
1.24337 -0.673063 -0.000223835 0.0025 0.45712 0.429304 2.34787 0.010938 481 4 1 2.32402e-08 
1.24884 -0.673067 -7.17937e-05 0.0025 0.457087 0.429305 2.34804 0.0109388 482 4 1 2.92642e-08 
1.25431 -0.673071 3.79122e-05 0.0025 0.457047 0.429305 2.34825 0.0109398 483 4 1 3.66677e-08 
1.25978 -0.673074 0.000120854 0.0025 0.456998 0.429306 2.3485 0.010941 484 4 1 4.61638e-08 
1.26525 -0.673077 0.000185426 0.0025 0.456938 0.429306 2.34881 0.0109424 485 4 1 5.8687e-08 
1.27072 -0.67308 0.000237866 0.0025 0.456864 0.429306 2.34918 0.0109442 486 4 1 7.53375e-08 
1.27619 -0.673084 0.000283708 0.0025 0.456773 0.429306 2.34965 0.0109464 487 4 1 9.79688e-08 
1.28167 -0.673087 0.00032755 0.0025 0.456659 0.429307 2.35023 0.0109491 488 4 1 1.30864e-07 
1.28714 -0.67309 0.000372581 0.0025 0.456514 0.429308 2.35097 0.0109526 489 4 1 1.77204e-07 
1.29262 -0.673094 0.000420598 0.0025 0.456329 0.429309 2.35192 0.010957 490 4 1 2.4668e-07 
1.2981 -0.673098 0.000472478 0.0025 0.456088 0.429313 2.35317 0.0109628 491 4 1 3.49027e-07 
1.30358 -0.673102 0.000528681 0.0025 0.455766 0.429319 2.35482 0.0109705 492 4 1 5.44283e-07 
1.30907 -0.673106 0.000589527 0.0025 0.455321 0.429329 2.35712 0.0109813 493 4 1 8.42824e-07 
1.31457 -0.67311 0.000655308 0.0025 0.454696 0.429354 2.36042 0.0109963 494 4 1 1.27145e-06 
1.32007 -0.673115 0.000726185 0.0025 0.453615 0.429294 2.3652 0.0110226 495 4 1 3.91264e-06 
1.32559 -0.67312 0.000801834 0.0025 0.452432 0.429621 2.37459 0.0110514 496 4 1 -3.01266e-06 
1.33112 -0.673125 0.000880183 0.0025 0.446999 0.427248 2.38021 0.0111857 497 5 1 5.38064e-05 
1.33677 -0.673131 0.000958788 0.0025 0.454295 0.43291 2.44412 0.0110061 498 4 1 -0.000240408 
1.34214 -0.673137 0.00102806 0.0025 0.482776 0.424466 2.15543 0.0103568 499 4 1 0.000266074 
