# Time [s]: 0.259854
# Columns: pos [m], vel [m/s], acc [m/s^2], mass [kg], dens [kg/m^3], pres [Pa], ene [J/kg], sml [m], id, neighbor, alpha, gradh, ...additional?
1.32732 -0.673122 0.000490878 0.0025 0.511035 0.432708 2.15248 0.00978406 0 4 1 -0.000134225 
1.3321 -0.673126 0.000580411 0.0025 0.536891 0.42617 1.95002 0.00931288 1 4 1 0.000179249 
1.33664 -0.673131 0.000676111 0.0025 0.548219 0.430839 1.96847 0.00912044 2 3 1 -1.90587e-05 
1.34122 -0.673135 0.00077867 0.0025 0.545953 0.429173 1.96462 0.0091583 3 5 1 3.48567e-06 
1.3458 -0.67314 0.000884547 0.0025 0.54635 0.429326 1.96455 0.00915165 4 4 1 -1.38962e-07 
1.35037 -0.673145 0.000996022 0.0025 0.546359 0.429295 1.96432 0.0091515 5 4 1 1.4342e-07 
1.35495 -0.67315 0.00111676 0.0025 0.54638 0.429291 1.96425 0.00915115 6 4 1 -3.84247e-09 
1.35952 -0.673155 0.00124624 0.0025 0.54639 0.429286 1.96419 0.00915096 7 4 1 7.88319e-09 
1.3641 -0.673161 0.00137621 0.0025 0.546402 0.429282 1.96413 0.00915077 8 4 1 4.41456e-09 
1.36868 -0.673166 0.00149431 0.0025 0.546411 0.429278 1.96408 0.00915062 9 4 1 5.15329e-09 
1.37325 -0.673172 0.0015949 0.0025 0.546419 0.429274 1.96403 0.00915048 10 4 1 -2.5287e-09 
1.37783 -0.673179 0.00168856 0.0025 0.546427 0.42927 1.96399 0.00915035 11 4 1 4.44488e-09 
1.3824 -0.673186 0.00179857 0.0025 0.546433 0.429266 1.96394 0.00915025 12 4 1 2.52243e-09 
1.38698 -0.673194 0.0019429 0.0025 0.546438 0.429261 1.9639 0.00915016 13 4 1 3.16458e-09 
1.39155 -0.673203 0.00211627 0.0025 0.546442 0.429255 1.96387 0.00915011 14 4 1 1.64952e-09 
1.39613 -0.673212 0.00229261 0.0025 0.546444 0.42925 1.96383 0.00915006 15 4 1 -2.06155e-09 
1.4007 -0.673221 0.00245108 0.0025 0.546446 0.429243 1.96379 0.00915003 16 4 1 4.44834e-09 
1.40528 -0.673232 0.00260244 0.0025 0.546447 0.429237 1.96376 0.00915002 17 3 1 1.02246e-09 
1.40985 -0.673244 0.00278585 0.0025 0.546446 0.42923 1.96373 0.00915003 18 4 1 -1.74101e-09 
1.41443 -0.673257 0.00303378 0.0025 0.546445 0.429222 1.9637 0.00915004 19 4 1 2.00297e-09 
1.419 -0.673271 0.00333877 0.0025 0.546443 0.429214 1.96367 0.00915008 20 4 1 3.43034e-10 
1.42358 -0.673286 0.00365966 0.0025 0.54644 0.429205 1.96364 0.00915014 21 4 1 3.15122e-10 
1.42815 -0.673303 0.00396546 0.0025 0.546435 0.429195 1.96361 0.00915021 22 4 1 1.81741e-10 
1.43273 -0.673321 0.00427216 0.0025 0.54643 0.429184 1.96358 0.00915031 23 4 1 -1.09112e-09 
1.4373 -0.673341 0.00463336 0.0025 0.546423 0.429172 1.96355 0.00915042 24 4 1 3.9918e-10 
1.44188 -0.673363 0.00509485 0.0025 0.546415 0.429159 1.96352 0.00915055 25 4 1 -5.96934e-10 
1.44645 -0.673388 0.00565974 0.0025 0.546406 0.429145 1.96349 0.00915071 26 4 1 -1.95926e-09 
1.45103 -0.673414 0.00629411 0.0025 0.546395 0.429129 1.96346 0.00915089 27 4 1 -5.76471e-10 
1.4556 -0.673443 0.00696019 0.0025 0.546382 0.429112 1.96342 0.00915111 28 4 1 -1.06713e-09 
1.46018 -0.673475 0.00764875 0.0025 0.546367 0.429093 1.96339 0.00915135 29 4 1 -2.83542e-09 
1.46475 -0.673512 0.00839715 0.0025 0.546351 0.429071 1.96335 0.00915163 30 4 1 -1.81267e-09 
1.46933 -0.673552 0.00928954 0.0025 0.546332 0.429048 1.96331 0.00915195 31 4 1 -8.13777e-10 
1.47391 -0.673598 0.0104244 0.0025 0.54631 0.429022 1.96327 0.00915231 32 4 1 -4.3148e-09 
1.47848 -0.673648 0.0118385 0.0025 0.546286 0.428992 1.96322 0.00915272 33 4 1 -5.0118e-09 
1.48306 -0.673704 0.013438 0.0025 0.546258 0.428959 1.96317 0.00915319 34 4 1 -2.57214e-09 
1.48764 -0.673766 0.0150526 0.0025 0.546225 0.428921 1.96311 0.00915373 35 4 1 -5.08948e-09 
1.49221 -0.673837 0.0166512 0.0025 0.546189 0.428878 1.96305 0.00915435 36 4 1 -5.98936e-09 
1.49679 -0.673918 0.018505 0.0025 0.546148 0.428831 1.96298 0.00915504 37 4 1 -4.50631e-09 
-0.498632 -0.67401 0.0209774 0.0025 0.546101 0.428778 1.96291 0.00915581 38 4 1 -7.27195e-09 
-0.494054 -0.674113 0.0240741 0.0025 0.546048 0.428718 1.96282 0.0091567 39 4 1 -9.37218e-09 
-0.489475 -0.674228 0.0273958 0.0025 0.545988 0.428651 1.96273 0.00915771 40 4 1 -8.29997e-09 
-0.484896 -0.674355 0.0306161 0.0025 0.54592 0.428574 1.96262 0.00915885 41 4 1 -8.07368e-09 
-0.480317 -0.674497 0.0336798 0.0025 0.545845 0.42849 1.96251 0.00916011 42 4 1 -8.10099e-09 
-0.475736 -0.674654 0.0365336 0.0025 0.545763 0.428398 1.96238 0.00916149 43 4 1 -5.94372e-09 
-0.471155 -0.674826 0.0391417 0.0025 0.545675 0.428301 1.96225 0.00916296 44 4 1 -2.86648e-09 
-0.466573 -0.675008 0.0413118 0.0025 0.545584 0.428199 1.96211 0.00916449 45 4 1 -8.3785e-10 
-0.461991 -0.675192 0.0421273 0.0025 0.545492 0.428097 1.96198 0.00916604 46 4 1 4.3874e-09 
-0.457407 -0.675369 0.0406259 0.0025 0.545404 0.427999 1.96184 0.00916752 47 4 1 1.36782e-08 
-0.452823 -0.67553 0.0359619 0.0025 0.545326 0.427913 1.96173 0.00916883 48 4 1 2.40503e-08 
-0.448238 -0.675658 0.0277598 0.0025 0.545268 0.427848 1.96164 0.00916981 49 4 1 2.41368e-08 
-0.443653 -0.675731 0.0173318 0.0025 0.54523 0.427806 1.96158 0.00917045 50 5 1 5.33818e-08 
-0.439068 -0.675813 -0.00206702 0.0025 0.545237 0.427817 1.96158 0.00917032 51 4 1 1.43408e-07 
-0.434483 -0.675551 -0.0866475 0.0025 0.545361 0.427953 1.96176 0.00916823 52 4 1 1.63254e-07 
-0.4299 -0.675118 -0.104648 0.0025 0.545621 0.428243 1.96212 0.00916387 53 4 1 3.32316e-07 
-0.425319 -0.674325 -0.280909 0.0025 0.546149 0.428842 1.96288 0.00915501 54 4 1 8.80607e-07 
-0.420745 -0.672172 -0.71711 0.0025 0.54734 0.430161 1.96458 0.0091351 55 4 1 1.29731e-06 
-0.416184 -0.668107 -1.12675 0.0025 0.549414 0.432438 1.96755 0.00910061 56 4 1 1.28741e-06 
-0.411644 -0.662672 -1.38492 0.0025 0.552232 0.435541 1.97158 0.00905416 57 4 1 1.27979e-06 
-0.40713 -0.65621 -1.62594 0.0025 0.555652 0.439324 1.97645 0.00899844 58 4 1 1.58848e-06 
-0.402645 -0.648571 -1.96529 0.0025 0.559732 0.443853 1.98224 0.00893285 59 4 1 2.03899e-06 
-0.398197 -0.639475 -2.35092 0.0025 0.564591 0.449258 1.98911 0.00885597 60 4 1 2.41238e-06 
-0.393789 -0.628927 -2.72874 0.0025 0.570249 0.45557 1.99706 0.0087681 61 4 1 2.60161e-06 
-0.389428 -0.617102 -3.02369 0.0025 0.5766 0.462678 2.00592 0.00867152 62 4 1 2.52874e-06 
-0.385117 -0.604496 -3.17981 0.0025 0.583417 0.470343 2.01537 0.0085702 63 4 1 2.31874e-06 
-0.380858 -0.591654 -3.24289 0.0025 0.590461 0.478305 2.02507 0.00846796 64 4 1 2.12621e-06 
-0.376649 -0.578838 -3.26051 0.0025 0.597576 0.486385 2.03479 0.00836714 65 4 1 1.91e-06 
-0.37249 -0.566226 -3.21418 0.0025 0.60464 0.494449 2.04438 0.00826938 66 4 1 1.72232e-06 
-0.368379 -0.554004 -3.16337 0.0025 0.611579 0.502409 2.05373 0.00817556 67 4 1 1.57965e-06 
-0.364315 -0.542152 -3.09586 0.0025 0.618366 0.51023 2.06281 0.00808582 68 4 1 1.4657e-06 
-0.360293 -0.530679 -3.03873 0.0025 0.624994 0.517902 2.07162 0.00800007 69 4 1 1.37284e-06 
-0.356314 -0.519573 -2.97334 0.0025 0.631468 0.525428 2.08018 0.00791805 70 4 1 1.31919e-06 
-0.352375 -0.508816 -2.93417 0.0025 0.637812 0.532834 2.08851 0.0078393 71 4 1 1.33114e-06 
-0.348475 -0.498237 -2.92393 0.0025 0.644081 0.540183 2.09669 0.00776299 72 4 1 1.37709e-06 
-0.344612 -0.487813 -2.94225 0.0025 0.650338 0.547546 2.10481 0.00768831 73 4 1 1.47644e-06 
-0.340786 -0.477317 -3.01074 0.0025 0.65666 0.555015 2.11297 0.00761429 74 4 1 1.60436e-06 
-0.336997 -0.466658 -3.1115 0.0025 0.663123 0.562679 2.12126 0.00754008 75 4 1 1.6661e-06 
-0.333246 -0.455826 -3.19079 0.0025 0.669745 0.570562 2.12971 0.00746552 76 4 1 1.73952e-06 
-0.329532 -0.444775 -3.30985 0.0025 0.676542 0.578684 2.13832 0.00739053 77 4 1 1.7819e-06 
-0.325855 -0.433539 -3.39209 0.0025 0.683508 0.587039 2.1471 0.0073152 78 4 1 1.73041e-06 
-0.322216 -0.422207 -3.43894 0.0025 0.690583 0.595561 2.15596 0.00724026 79 4 1 1.68973e-06 
-0.318615 -0.410895 -3.47932 0.0025 0.697725 0.604201 2.16485 0.00716615 80 4 1 1.67076e-06 
-0.31505 -0.399566 -3.51837 0.0025 0.704919 0.612939 2.17375 0.00709301 81 4 1 1.63498e-06 
-0.311522 -0.388295 -3.53996 0.0025 0.712145 0.62175 2.18263 0.00702104 82 4 1 1.56992e-06 
-0.308029 -0.377116 -3.53981 0.0025 0.719369 0.630597 2.19146 0.00695054 83 4 1 1.55189e-06 
-0.304571 -0.366037 -3.5695 0.0025 0.726592 0.639478 2.20024 0.00688144 84 4 1 1.49193e-06 
-0.301147 -0.35507 -3.54465 0.0025 0.733796 0.64837 2.20893 0.00681388 85 4 1 1.46574e-06 
-0.297757 -0.344255 -3.57359 0.0025 0.740978 0.657273 2.21755 0.00674784 86 4 1 1.45861e-06 
-0.294399 -0.333474 -3.57428 0.0025 0.748158 0.666204 2.22612 0.00668308 87 4 1 1.41117e-06 
-0.291074 -0.322852 -3.57986 0.0025 0.755317 0.675146 2.23462 0.00661973 88 4 1 1.3903e-06 
-0.287779 -0.312283 -3.58705 0.0025 0.762462 0.684102 2.24305 0.00655771 89 4 1 1.34351e-06 
-0.284516 -0.301869 -3.57561 0.0025 0.769579 0.693059 2.2514 0.00649706 90 4 1 1.33685e-06 
-0.281282 -0.291549 -3.60016 0.0025 0.776681 0.702029 2.25968 0.00643765 91 4 1 1.299e-06 
-0.278078 -0.281343 -3.57998 0.0025 0.783763 0.711007 2.2679 0.00637948 92 4 1 1.29773e-06 
-0.274902 -0.271224 -3.62172 0.0025 0.790838 0.720008 2.27607 0.00632241 93 4 1 1.26946e-06 
-0.271755 -0.261118 -3.60033 0.0025 0.797904 0.729029 2.28418 0.00626641 94 4 1 1.2076e-06 
-0.268636 -0.251248 -3.59843 0.0025 0.804932 0.738036 2.29221 0.0062117 95 4 1 1.2437e-06 
-0.265544 -0.24134 -3.64093 0.0025 0.811964 0.747076 2.30019 0.00615791 96 4 1 1.15801e-06 
-0.262478 -0.231583 -3.57629 0.0025 0.818958 0.7561 2.3081 0.00610532 97 4 1 1.14278e-06 
-0.259438 -0.222016 -3.6188 0.0025 0.825917 0.765113 2.31592 0.00605388 98 4 1 1.22299e-06 
-0.256424 -0.21236 -3.66867 0.0025 0.832915 0.774201 2.32375 0.00600301 99 4 1 1.08846e-06 
-0.253435 -0.202855 -3.58273 0.0025 0.839871 0.783267 2.33149 0.00595329 100 4 1 1.08823e-06 
-0.25047 -0.193544 -3.64584 0.0025 0.846792 0.792322 2.33916 0.00590464 101 4 1 1.17061e-06 
-0.24753 -0.184078 -3.68572 0.0025 0.853755 0.801452 2.34684 0.00585648 102 4 1 9.85511e-07 
-0.244614 -0.174865 -3.56051 0.0025 0.860641 0.810516 2.35439 0.00580962 103 4 1 9.80902e-07 
-0.241721 -0.165873 -3.6129 0.0025 0.867458 0.819526 2.36183 0.00576397 104 4 1 1.16393e-06 
-0.23885 -0.156683 -3.72963 0.0025 0.874363 0.828668 2.36933 0.00571845 105 4 1 9.74941e-07 
-0.236002 -0.147625 -3.57715 0.0025 0.881228 0.837786 2.37675 0.0056739 106 4 1 8.85644e-07 
-0.233176 -0.138905 -3.59476 0.0025 0.887991 0.84681 2.38403 0.00563069 107 4 1 1.1348e-06 
-0.230371 -0.12997 -3.77177 0.0025 0.894855 0.855987 2.39139 0.0055875 108 4 1 1.01718e-06 
-0.227588 -0.120962 -3.66737 0.0025 0.901742 0.86521 2.39874 0.00554482 109 4 1 6.54377e-07 
-0.224826 -0.112583 -3.42409 0.0025 0.908386 0.874158 2.40578 0.00550427 110 4 1 9.76664e-07 
-0.222084 -0.104179 -3.74018 0.0025 0.915052 0.883163 2.41283 0.00546417 111 4 1 1.16801e-06 
-0.219362 -0.0952802 -3.77195 0.0025 0.921916 0.892433 2.42006 0.00542349 112 4 1 6.54379e-07 
-0.21666 -0.0869254 -3.44443 0.0025 0.928577 0.901471 2.42703 0.00538458 113 4 1 7.21527e-07 
-0.213977 -0.0789348 -3.57174 0.0025 0.935092 0.910357 2.43382 0.00534707 114 4 1 1.14886e-06 
-0.211313 -0.0704352 -3.83267 0.0025 0.941832 0.919548 2.44083 0.0053088 115 4 1 8.71561e-07 
-0.208669 -0.0619912 -3.62072 0.0025 0.948582 0.928775 2.44782 0.00527103 116 4 1 6.00351e-07 
-0.206042 -0.0540395 -3.53498 0.0025 0.955101 0.937728 2.45453 0.00523505 117 4 1 6.63517e-07 
-0.203433 -0.0461628 -3.47657 0.0025 0.961476 0.946497 2.46107 0.00520034 118 4 1 4.67401e-07 
-0.200842 -0.0387802 -3.19723 0.0025 0.967633 0.955003 2.46734 0.00516725 119 4 1 9.20659e-07 
-0.198266 -0.0313926 -3.71803 0.0025 0.973947 0.963772 2.47377 0.00513375 120 4 1 1.67871e-06 
-0.195708 -0.0225115 -4.40865 0.0025 0.980952 0.973449 2.48092 0.00509709 121 4 1 1.27962e-07 
-0.193169 -0.0142656 -2.96846 0.0025 0.987393 0.982334 2.48743 0.00506384 122 4 1 -1.42129e-06 
-0.190644 -0.00956116 -1.61592 0.0025 0.99207 0.988937 2.49204 0.00503997 123 4 1 1.2865e-06 
-0.188129 -0.00402919 -3.98751 0.0025 0.997368 0.99645 2.49735 0.0050132 124 4 1 3.51125e-06 
-0.185631 0.00648553 -5.60848 0.0025 1.00504 1.00705 2.50515 0.00497495 125 4 1 -9.57322e-07 
-0.183154 0.0147751 -1.96148 0.0025 1.01126 1.01564 2.51137 0.00494431 126 4 1 -4.01069e-06 
-0.180686 0.0157754 0.776049 0.0025 1.01331 1.01869 2.51323 0.0049343 127 4 1 8.51662e-07 
-0.17822 0.017309 -2.99911 0.0025 1.01577 1.02229 2.51567 0.00492238 128 4 1 3.35393e-06 
-0.175764 0.0256413 -4.08866 0.0025 1.02107 1.02959 2.52107 0.0048968 129 4 1 -1.8685e-06 
-0.173323 0.0298829 -0.485676 0.0025 1.02452 1.03435 2.52445 0.00488034 130 3 1 -3.1535e-06 
-0.170884 0.0292813 0.69436 0.0025 1.02432 1.03417 2.5242 0.00488127 131 4 1 -1.12256e-06 
-0.168441 0.0272791 1.11074 0.0025 1.02263 1.03182 2.52252 0.00488934 132 4 1 -3.41452e-07 
-0.165994 0.0247423 1.28662 0.0025 1.02046 1.02876 2.52036 0.00489977 133 4 1 -5.99213e-08 
-0.163542 0.0219878 1.35665 0.0025 1.0181 1.02544 2.51803 0.0049111 134 4 1 6.58863e-08 
-0.161083 0.0191675 1.36836 0.0025 1.01571 1.02207 2.51565 0.00492268 135 4 1 1.39276e-07 
-0.158619 0.0163785 1.33841 0.0025 1.01336 1.01876 2.51332 0.00493409 136 4 1 1.90494e-07 
-0.156149 0.0136982 1.27331 0.0025 1.01112 1.01561 2.51109 0.00494502 137 4 1 2.28511e-07 
-0.153674 0.0111945 1.17711 0.0025 1.00904 1.0127 2.50902 0.00495519 138 4 1 2.54375e-07 
-0.151194 0.00892561 1.05501 0.0025 1.00718 1.01008 2.50716 0.00496436 139 4 1 2.66528e-07 
-0.14871 0.0069349 0.914905 0.0025 1.00555 1.0078 2.50554 0.00497238 140 4 1 2.64096e-07 
-0.146222 0.0052464 0.766706 0.0025 1.00419 1.00588 2.50418 0.00497915 141 4 1 2.48228e-07 
-0.14373 0.00386285 0.620624 0.0025 1.00307 1.00431 2.50307 0.00498468 142 4 1 2.22021e-07 
-0.141237 0.00276758 0.48538 0.0025 1.0022 1.00308 2.50219 0.00498905 143 4 1 1.89617e-07 
-0.138741 0.00192945 0.367019 0.0025 1.00153 1.00215 2.50152 0.00499238 144 4 1 1.55155e-07 
-0.136245 0.00130896 0.268559 0.0025 1.00103 1.00145 2.50103 0.00499484 145 4 1 1.22005e-07 
-0.133747 0.000864126 0.19034 0.0025 1.00068 1.00096 2.50068 0.0049966 146 4 1 9.24331e-08 
-0.131248 0.000555048 0.130766 0.0025 1.00044 1.00062 2.50044 0.00499782 147 4 1 6.7608e-08 
-0.128749 0.000346779 0.0871302 0.0025 1.00027 1.00038 2.50027 0.00499864 148 4 1 4.78123e-08 
-0.126249 0.000210623 0.0563198 0.0025 1.00017 1.00023 2.50016 0.00499917 149 4 1 3.27258e-08 
-0.12375 0.00012426 0.0353127 0.0025 1.0001 1.00014 2.5001 0.00499951 150 4 1 2.16916e-08 
-0.12125 7.11251e-05 0.0214673 0.0025 1.00006 1.00008 2.50006 0.00499972 151 4 1 1.39252e-08 
-0.11875 3.94375e-05 0.0126424 0.0025 1.00003 1.00004 2.50003 0.00499984 152 4 1 8.65567e-09 
-0.11625 2.11399e-05 0.00720305 0.0025 1.00002 1.00002 2.50002 0.00499992 153 4 1 5.20581e-09 
-0.11375 1.09255e-05 0.00396314 0.0025 1.00001 1.00001 2.50001 0.00499996 154 4 1 3.02601e-09 
-0.11125 5.42502e-06 0.00210044 0.0025 1 1.00001 2.5 0.00499998 155 4 1 1.69717e-09 
-0.10875 2.57586e-06 0.0010687 0.0025 1 1 2.5 0.00499999 156 4 1 9.16339e-10 
-0.10625 1.16189e-06 0.000519591 0.0025 1 1 2.5 0.005 157 4 1 4.74781e-10 
-0.10375 4.93205e-07 0.000239822 0.0025 1 1 2.5 0.005 158 4 1 2.35045e-10 
-0.10125 1.94202e-07 0.000104077 0.0025 1 1 2.5 0.005 159 4 1 1.10501e-10 
-0.09875 6.92571e-08 4.18299e-05 0.0025 1 1 2.5 0.005 160 4 1 4.88905e-11 
-0.09625 2.13864e-08 1.51612e-05 0.0025 1 1 2.5 0.005 161 4 1 2.00728e-11 
-0.09375 5.14831e-09 4.71265e-06 0.0025 1 1 2.5 0.005 162 4 1 7.4406e-12 
-0.09125 6.41846e-10 1.07368e-06 0.0025 1 1 2.5 0.005 163 4 1 2.4419e-12 
-0.08875 -1.27737e-10 -2.78771e-08 0.0025 1 1 2.5 0.005 164 5 1 5.93723e-13 
-0.08625 1.26662e-10 -1.21877e-07 0.0025 1 1 2.5 0.005 165 4 1 -4.40057e-14 
-0.08375 1.86015e-10 8.18005e-09 0.0025 1 1 2.5 0.005 166 3 1 -6.7519e-14 
-0.08125 1.36662e-10 3.10916e-08 0.0025 1 1 2.5 0.005 167 4 1 -4.36984e-15 
-0.07875 7.89084e-11 2.67332e-08 0.0025 1 1 2.5 0.005 168 4 1 1.12355e-14 
-0.07625 3.87784e-11 1.64868e-08 0.0025 1 1 2.5 0.005 169 4 1 1.11665e-14 
-0.07375 1.65097e-11 8.45284e-09 0.0025 1 1 2.5 0.005 170 4 1 7.33209e-15 
-0.07125 6.01095e-12 3.70289e-09 0.0025 1 1 2.5 0.005 171 4 1 3.86429e-15 
-0.06875 1.7721e-12 1.36833e-09 0.0025 1 1 2.5 0.005 172 4 1 1.76641e-15 
-0.06625 3.48657e-13 4.06089e-10 0.0025 1 1 2.5 0.005 173 4 1 6.50857e-16 
-0.06375 1.05314e-14 6.44036e-11 0.0025 1 1 2.5 0.005 174 4 1 2.00373e-16 
-0.06125 -2.04852e-14 -2.09184e-11 0.0025 1 1 2.5 0.005 175 5 1 7.24754e-17 
-0.05875 1.3717e-14 -7.7307e-12 0.0025 1 1 2.5 0.005 176 4 1 -4.12115e-17 
-0.05625 1.75059e-14 1.7053e-13 0.0025 1 1 2.5 0.005 177 3 1 -1.06581e-18 
-0.05375 7.87233e-15 2.6148e-12 0.0025 1 1 2.5 0.005 178 4 1 -2.84217e-18 
-0.05125 5.73936e-15 4.88853e-12 0.0025 1 1 2.5 0.005 179 4 1 4.26326e-18 
-0.04875 3.86848e-16 3.41061e-13 0.0025 1 1 2.5 0.005 180 5 1 -3.19744e-18 
-0.04625 -1.40074e-15 -3.9443e-29 0.0025 1 1 2.5 0.005 181 5 1 4.26326e-18 
-0.04375 -2.17825e-15 -1.13687e-13 0.0025 1 1 2.5 0.005 182 5 1 -7.4607e-18 
-0.04125 -9.27926e-16 2.27374e-13 0.0025 1 1 2.5 0.005 183 5 1 3.55271e-19 
-0.03875 -1.21845e-15 3.41061e-13 0.0025 1 1 2.5 0.005 184 5 1 -4.26326e-18 
-0.03625 -9.1487e-17 -2.84217e-13 0.0025 1 1 2.5 0.005 185 4 1 -6.39488e-18 
-0.03375 -9.6294e-16 -2.27374e-13 0.0025 1 1 2.5 0.005 186 4 1 -8.17124e-18 
-0.03125 2.20649e-15 2.07076e-26 0.0025 1 1 2.5 0.005 187 3 1 4.68958e-17 
-0.02875 2.13283e-17 5.68434e-14 0.0025 1 1 2.5 0.005 188 4 1 -3.94351e-17 
-0.02625 -5.71798e-16 5.68434e-14 0.0025 1 1 2.5 0.005 189 5 1 9.59233e-18 
-0.02375 -1.40219e-15 -1.41995e-27 0.0025 1 1 2.5 0.005 190 3 1 -2.84217e-18 
-0.02125 -2.09545e-15 -5.68434e-14 0.0025 1 1 2.5 0.005 191 4 1 5.68434e-18 
-0.01875 1.27395e-16 -5.68434e-14 0.0025 1 1 2.5 0.005 192 5 1 -8.17124e-18 
-0.01625 -2.25105e-15 1.13687e-13 0.0025 1 1 2.5 0.005 193 4 1 3.19744e-18 
-0.01375 8.04721e-16 5.68434e-14 0.0025 1 1 2.5 0.005 194 3 1 2.84217e-18 
-0.01125 3.61893e-17 -5.68434e-14 0.0025 1 1 2.5 0.005 195 4 1 -1.77636e-18 
-0.00875 -9.15318e-16 2.84217e-13 0.0025 1 1 2.5 0.005 196 5 1 -1.42109e-18 
-0.00625 8.09617e-16 -1.7053e-13 0.0025 1 1 2.5 0.005 197 4 1 -7.10543e-19 
-0.00375 4.77841e-16 6.25278e-13 0.0025 1 1 2.5 0.005 198 4 1 7.10543e-19 
-0.00125 1.04593e-15 -1.13687e-13 0.0025 1 1 2.5 0.005 199 4 1 -2.13163e-18 
0.00125 1.44099e-15 2.84217e-13 0.0025 1 1 2.5 0.005 200 4 1 7.10543e-19 
0.00375 1.53466e-15 1.13687e-13 0.0025 1 1 2.5 0.005 201 4 1 1.42109e-18 
0.00625 4.17213e-16 -2.27374e-13 0.0025 1 1 2.5 0.005 202 5 1 3.55271e-19 
0.00875 9.82717e-16 -5.68434e-14 0.0025 1 1 2.5 0.005 203 3 1 -1.42109e-18 
0.01125 6.07079e-16 9.09495e-13 0.0025 1 1 2.5 0.005 204 5 1 1.77636e-18 
0.01375 1.47954e-15 -1.59162e-12 0.0025 1 1 2.5 0.005 205 4 1 -2.84217e-18 
0.01625 2.58066e-15 7.95808e-13 0.0025 1 1 2.5 0.005 206 4 1 -1.77636e-18 
0.01875 1.16892e-15 5.68434e-14 0.0025 1 1 2.5 0.005 207 4 1 3.55271e-19 
0.02125 1.17245e-15 -4.54747e-13 0.0025 1 1 2.5 0.005 208 4 1 -3.55271e-18 
0.02375 1.89895e-15 -1.13687e-13 0.0025 1 1 2.5 0.005 209 3 1 1.35003e-17 
0.02625 3.00147e-15 1.47793e-12 0.0025 1 1 2.5 0.005 210 5 1 -1.98952e-17 
0.02875 2.59092e-15 -1.87583e-12 0.0025 1 1 2.5 0.005 211 4 1 8.88178e-18 
0.03125 2.41617e-15 1.59162e-12 0.0025 1 1 2.5 0.005 212 3 1 1.56319e-17 
0.03375 2.44047e-15 -2.27374e-12 0.0025 1 1 2.5 0.005 213 4 1 -7.4607e-18 
0.03625 4.03611e-15 1.25056e-12 0.0025 1 1 2.5 0.005 214 5 1 -1.88294e-17 
0.03875 2.67163e-15 1.7053e-13 0.0025 1 1 2.5 0.005 215 4 1 2.06057e-17 
0.04125 8.03852e-16 1.45939e-27 0.0025 1 1 2.5 0.005 216 4 1 -9.59233e-18 
0.04375 7.71095e-16 -1.13687e-13 0.0025 1 1 2.5 0.005 217 4 1 -9.23706e-18 
0.04625 1.23597e-15 -1.13687e-13 0.0025 1 1 2.5 0.005 218 3 1 1.49214e-17 
0.04875 7.6284e-16 5.68434e-14 0.0025 1 1 2.5 0.005 219 4 1 -7.81597e-18 
0.05125 -1.10639e-16 5.68434e-14 0.0025 1 1 2.5 0.005 220 4 1 -5.32907e-18 
0.05375 -3.29517e-16 -4.43379e-12 0.0025 1 1 2.5 0.005 221 3 1 1.63425e-17 
0.05625 -1.02499e-14 -3.24007e-12 0.0025 1 1 2.5 0.005 222 5 1 1.38556e-17 
0.05875 -1.17398e-14 4.37694e-12 0.0025 1 1 2.5 0.005 223 4 1 -1.15818e-16 
0.06125 1.86033e-14 3.27418e-11 0.0025 1 1 2.5 0.005 224 4 1 1.38201e-16 
0.06375 6.96661e-15 -7.53175e-11 0.0025 1 1 2.5 0.005 225 4 1 1.98952e-16 
0.06625 -3.48464e-13 -4.00917e-10 0.0025 1 1 2.5 0.005 226 4 1 6.27409e-16 
0.06875 -1.7656e-12 -1.36458e-09 0.0025 1 1 2.5 0.005 227 4 1 1.77849e-15 
0.07125 -6.00051e-12 -3.71119e-09 0.0025 1 1 2.5 0.005 228 4 1 3.86109e-15 
0.07375 -1.65029e-11 -8.44807e-09 0.0025 1 1 2.5 0.005 229 4 1 7.34559e-15 
0.07625 -3.87651e-11 -1.6493e-08 0.0025 1 1 2.5 0.005 230 4 1 1.11456e-14 
0.07875 -7.89008e-11 -2.67282e-08 0.0025 1 1 2.5 0.005 231 4 1 1.12422e-14 
0.08125 -1.36658e-10 -3.10926e-08 0.0025 1 1 2.5 0.005 232 4 1 -4.34639e-15 
0.08375 -1.86013e-10 -8.17681e-09 0.0025 1 1 2.5 0.005 233 3 1 -6.75346e-14 
0.08625 -1.26657e-10 1.21872e-07 0.0025 1 1 2.5 0.005 234 4 1 -4.40426e-14 
0.08875 1.27735e-10 2.78793e-08 0.0025 1 1 2.5 0.005 235 5 1 5.93769e-13 
0.09125 -6.41846e-10 -1.07368e-06 0.0025 1 1 2.5 0.005 236 4 1 2.4419e-12 
0.09375 -5.14831e-09 -4.71265e-06 0.0025 1 1 2.5 0.005 237 4 1 7.44058e-12 
0.09625 -2.13863e-08 -1.51612e-05 0.0025 1 1 2.5 0.005 238 4 1 2.00728e-11 
0.09875 -6.92571e-08 -4.18299e-05 0.0025 1 1 2.5 0.005 239 4 1 4.88905e-11 
0.10125 -1.94202e-07 -0.000104077 0.0025 1 1 2.5 0.005 240 4 1 1.10501e-10 
0.10375 -4.93205e-07 -0.000239822 0.0025 1 1 2.5 0.005 241 4 1 2.35045e-10 
0.10625 -1.16189e-06 -0.000519591 0.0025 1 1 2.5 0.005 242 4 1 4.74781e-10 
0.10875 -2.57586e-06 -0.0010687 0.0025 1 1 2.5 0.00499999 243 4 1 9.16339e-10 
0.11125 -5.42502e-06 -0.00210044 0.0025 1 1.00001 2.5 0.00499998 244 4 1 1.69717e-09 
0.11375 -1.09255e-05 -0.00396314 0.0025 1.00001 1.00001 2.50001 0.00499996 245 4 1 3.02601e-09 
0.11625 -2.11399e-05 -0.00720305 0.0025 1.00002 1.00002 2.50002 0.00499992 246 4 1 5.20581e-09 
0.11875 -3.94375e-05 -0.0126424 0.0025 1.00003 1.00004 2.50003 0.00499984 247 4 1 8.65567e-09 
0.12125 -7.11251e-05 -0.0214673 0.0025 1.00006 1.00008 2.50006 0.00499972 248 4 1 1.39252e-08 
0.12375 -0.00012426 -0.0353127 0.0025 1.0001 1.00014 2.5001 0.00499951 249 4 1 2.16916e-08 
0.126249 -0.000210623 -0.0563198 0.0025 1.00017 1.00023 2.50016 0.00499917 250 4 1 3.27258e-08 
0.128749 -0.000346779 -0.0871302 0.0025 1.00027 1.00038 2.50027 0.00499864 251 4 1 4.78123e-08 
0.131248 -0.000555048 -0.130766 0.0025 1.00044 1.00062 2.50044 0.00499782 252 4 1 6.7608e-08 
0.133747 -0.000864126 -0.19034 0.0025 1.00068 1.00096 2.50068 0.0049966 253 4 1 9.24331e-08 
0.136245 -0.00130896 -0.268559 0.0025 1.00103 1.00145 2.50103 0.00499484 254 4 1 1.22005e-07 
0.138741 -0.00192945 -0.367019 0.0025 1.00153 1.00215 2.50152 0.00499238 255 4 1 1.55155e-07 
0.141237 -0.00276758 -0.48538 0.0025 1.0022 1.00308 2.50219 0.00498905 256 4 1 1.89617e-07 
0.14373 -0.00386285 -0.620624 0.0025 1.00307 1.00431 2.50307 0.00498468 257 4 1 2.22021e-07 
0.146222 -0.0052464 -0.766706 0.0025 1.00419 1.00588 2.50418 0.00497915 258 4 1 2.48228e-07 
0.14871 -0.0069349 -0.914905 0.0025 1.00555 1.0078 2.50554 0.00497238 259 4 1 2.64096e-07 
0.151194 -0.00892561 -1.05501 0.0025 1.00718 1.01008 2.50716 0.00496436 260 4 1 2.66528e-07 
0.153674 -0.0111945 -1.17711 0.0025 1.00904 1.0127 2.50902 0.00495519 261 4 1 2.54375e-07 
0.156149 -0.0136982 -1.27331 0.0025 1.01112 1.01561 2.51109 0.00494502 262 4 1 2.28511e-07 
0.158619 -0.0163785 -1.33841 0.0025 1.01336 1.01876 2.51332 0.00493409 263 4 1 1.90494e-07 
0.161083 -0.0191675 -1.36836 0.0025 1.01571 1.02207 2.51565 0.00492268 264 4 1 1.39276e-07 
0.163542 -0.0219878 -1.35665 0.0025 1.0181 1.02544 2.51803 0.0049111 265 4 1 6.58863e-08 
0.165994 -0.0247423 -1.28662 0.0025 1.02046 1.02876 2.52036 0.00489977 266 4 1 -5.99213e-08 
0.168441 -0.0272791 -1.11074 0.0025 1.02263 1.03182 2.52252 0.00488934 267 4 1 -3.41452e-07 
0.170884 -0.0292813 -0.69436 0.0025 1.02432 1.03417 2.5242 0.00488127 268 4 1 -1.12256e-06 
0.173323 -0.0298829 0.485676 0.0025 1.02452 1.03435 2.52445 0.00488034 269 3 1 -3.1535e-06 
0.175764 -0.0256413 4.08866 0.0025 1.02107 1.02959 2.52107 0.0048968 270 4 1 -1.8685e-06 
0.17822 -0.017309 2.99911 0.0025 1.01577 1.02229 2.51567 0.00492238 271 4 1 3.35393e-06 
0.180686 -0.0157754 -0.776049 0.0025 1.01331 1.01869 2.51323 0.0049343 272 4 1 8.51662e-07 
0.183154 -0.0147751 1.96148 0.0025 1.01126 1.01564 2.51137 0.00494431 273 4 1 -4.01069e-06 
0.185631 -0.00648553 5.60848 0.0025 1.00504 1.00705 2.50515 0.00497495 274 4 1 -9.57322e-07 
0.188129 0.00402919 3.98751 0.0025 0.997368 0.99645 2.49735 0.0050132 275 4 1 3.51125e-06 
0.190644 0.00956116 1.61592 0.0025 0.99207 0.988937 2.49204 0.00503997 276 4 1 1.2865e-06 
0.193169 0.0142656 2.96846 0.0025 0.987393 0.982334 2.48743 0.00506384 277 4 1 -1.42129e-06 
0.195708 0.0225115 4.40865 0.0025 0.980952 0.973449 2.48092 0.00509709 278 4 1 1.27962e-07 
0.198266 0.0313926 3.71803 0.0025 0.973947 0.963772 2.47377 0.00513375 279 4 1 1.67871e-06 
0.200842 0.0387802 3.19723 0.0025 0.967633 0.955003 2.46734 0.00516725 280 4 1 9.20659e-07 
0.203433 0.0461628 3.47657 0.0025 0.961476 0.946497 2.46107 0.00520034 281 4 1 4.67401e-07 
0.206042 0.0540395 3.53498 0.0025 0.955101 0.937728 2.45453 0.00523505 282 4 1 6.63517e-07 
0.208669 0.0619912 3.62072 0.0025 0.948582 0.928775 2.44782 0.00527103 283 4 1 6.00351e-07 
0.211313 0.0704352 3.83267 0.0025 0.941832 0.919548 2.44083 0.0053088 284 4 1 8.71561e-07 
0.213977 0.0789348 3.57174 0.0025 0.935092 0.910357 2.43382 0.00534707 285 4 1 1.14886e-06 
0.21666 0.0869254 3.44443 0.0025 0.928577 0.901471 2.42703 0.00538458 286 4 1 7.21527e-07 
0.219362 0.0952802 3.77195 0.0025 0.921916 0.892433 2.42006 0.00542349 287 4 1 6.54379e-07 
0.222084 0.104179 3.74018 0.0025 0.915052 0.883163 2.41283 0.00546417 288 4 1 1.16801e-06 
0.224826 0.112583 3.42409 0.0025 0.908386 0.874158 2.40578 0.00550427 289 4 1 9.76664e-07 
0.227588 0.120962 3.66737 0.0025 0.901742 0.86521 2.39874 0.00554482 290 4 1 6.54377e-07 
0.230371 0.12997 3.77177 0.0025 0.894855 0.855987 2.39139 0.0055875 291 4 1 1.01718e-06 
0.233176 0.138905 3.59476 0.0025 0.887991 0.84681 2.38403 0.00563069 292 4 1 1.1348e-06 
0.236002 0.147625 3.57715 0.0025 0.881228 0.837786 2.37675 0.0056739 293 4 1 8.85644e-07 
0.23885 0.156683 3.72963 0.0025 0.874363 0.828668 2.36933 0.00571845 294 4 1 9.74941e-07 
0.241721 0.165873 3.6129 0.0025 0.867458 0.819526 2.36183 0.00576397 295 4 1 1.16393e-06 
0.244614 0.174865 3.56051 0.0025 0.860641 0.810516 2.35439 0.00580962 296 4 1 9.80902e-07 
0.24753 0.184078 3.68572 0.0025 0.853755 0.801452 2.34684 0.00585648 297 4 1 9.85511e-07 
0.25047 0.193544 3.64584 0.0025 0.846792 0.792322 2.33916 0.00590464 298 4 1 1.17061e-06 
0.253435 0.202855 3.58273 0.0025 0.839871 0.783267 2.33149 0.00595329 299 4 1 1.08823e-06 
0.256424 0.21236 3.66867 0.0025 0.832915 0.774201 2.32375 0.00600301 300 4 1 1.08846e-06 
0.259438 0.222016 3.6188 0.0025 0.825917 0.765113 2.31592 0.00605388 301 4 1 1.22299e-06 
0.262478 0.231583 3.57629 0.0025 0.818958 0.7561 2.3081 0.00610532 302 4 1 1.14278e-06 
0.265544 0.24134 3.64093 0.0025 0.811964 0.747076 2.30019 0.00615791 303 4 1 1.15801e-06 
0.268636 0.251248 3.59843 0.0025 0.804932 0.738036 2.29221 0.0062117 304 4 1 1.2437e-06 
0.271755 0.261118 3.60033 0.0025 0.797904 0.729029 2.28418 0.00626641 305 4 1 1.2076e-06 
0.274902 0.271224 3.62172 0.0025 0.790838 0.720008 2.27607 0.00632241 306 4 1 1.26946e-06 
0.278078 0.281343 3.57998 0.0025 0.783763 0.711007 2.2679 0.00637948 307 4 1 1.29773e-06 
0.281282 0.291549 3.60016 0.0025 0.776681 0.702029 2.25968 0.00643765 308 4 1 1.299e-06 
0.284516 0.301869 3.57561 0.0025 0.769579 0.693059 2.2514 0.00649706 309 4 1 1.33685e-06 
0.287779 0.312283 3.58705 0.0025 0.762462 0.684102 2.24305 0.00655771 310 4 1 1.34351e-06 
0.291074 0.322852 3.57986 0.0025 0.755317 0.675146 2.23462 0.00661973 311 4 1 1.3903e-06 
0.294399 0.333474 3.57428 0.0025 0.748158 0.666204 2.22612 0.00668308 312 4 1 1.41117e-06 
0.297757 0.344255 3.57359 0.0025 0.740978 0.657273 2.21755 0.00674784 313 4 1 1.45861e-06 
0.301147 0.35507 3.54465 0.0025 0.733796 0.64837 2.20893 0.00681388 314 4 1 1.46574e-06 
0.304571 0.366037 3.5695 0.0025 0.726592 0.639478 2.20024 0.00688144 315 4 1 1.49193e-06 
0.308029 0.377116 3.53981 0.0025 0.719369 0.630597 2.19146 0.00695054 316 4 1 1.55189e-06 
0.311522 0.388295 3.53996 0.0025 0.712145 0.62175 2.18263 0.00702104 317 4 1 1.56992e-06 
0.31505 0.399566 3.51837 0.0025 0.704919 0.612939 2.17375 0.00709301 318 4 1 1.63498e-06 
0.318615 0.410895 3.47932 0.0025 0.697725 0.604201 2.16485 0.00716615 319 4 1 1.67076e-06 
0.322216 0.422207 3.43894 0.0025 0.690583 0.595561 2.15596 0.00724026 320 4 1 1.68973e-06 
0.325855 0.433539 3.39209 0.0025 0.683508 0.587039 2.1471 0.0073152 321 4 1 1.73041e-06 
0.329532 0.444775 3.30985 0.0025 0.676542 0.578684 2.13832 0.00739053 322 4 1 1.7819e-06 
0.333246 0.455826 3.19079 0.0025 0.669745 0.570562 2.12971 0.00746552 323 4 1 1.73952e-06 
0.336997 0.466658 3.1115 0.0025 0.663123 0.562679 2.12126 0.00754008 324 4 1 1.6661e-06 
0.340786 0.477317 3.01074 0.0025 0.65666 0.555015 2.11297 0.00761429 325 4 1 1.60436e-06 
0.344612 0.487813 2.94225 0.0025 0.650338 0.547546 2.10481 0.00768831 326 4 1 1.47644e-06 
0.348475 0.498237 2.92393 0.0025 0.644081 0.540183 2.09669 0.00776299 327 4 1 1.37709e-06 
0.352375 0.508816 2.93417 0.0025 0.637812 0.532834 2.08851 0.0078393 328 4 1 1.33114e-06 
0.356314 0.519573 2.97334 0.0025 0.631468 0.525428 2.08018 0.00791805 329 4 1 1.31919e-06 
0.360293 0.530679 3.03873 0.0025 0.624994 0.517902 2.07162 0.00800007 330 4 1 1.37284e-06 
0.364315 0.542152 3.09586 0.0025 0.618366 0.51023 2.06281 0.00808582 331 4 1 1.4657e-06 
0.368379 0.554004 3.16337 0.0025 0.611579 0.502409 2.05373 0.00817556 332 4 1 1.57965e-06 
0.37249 0.566226 3.21418 0.0025 0.60464 0.494449 2.04438 0.00826938 333 4 1 1.72232e-06 
0.376649 0.578838 3.26051 0.0025 0.597576 0.486385 2.03479 0.00836714 334 4 1 1.91e-06 
0.380858 0.591654 3.24289 0.0025 0.590461 0.478305 2.02507 0.00846796 335 4 1 2.12621e-06 
0.385117 0.604496 3.17981 0.0025 0.583417 0.470343 2.01537 0.0085702 336 4 1 2.31874e-06 
0.389428 0.617102 3.02369 0.0025 0.5766 0.462678 2.00592 0.00867152 337 4 1 2.52874e-06 
0.393789 0.628927 2.72874 0.0025 0.570249 0.45557 1.99706 0.0087681 338 4 1 2.60161e-06 
0.398197 0.639475 2.35092 0.0025 0.564591 0.449258 1.98911 0.00885597 339 4 1 2.41238e-06 
0.402645 0.648571 1.96529 0.0025 0.559732 0.443853 1.98224 0.00893285 340 4 1 2.03899e-06 
0.40713 0.65621 1.62594 0.0025 0.555652 0.439324 1.97645 0.00899844 341 4 1 1.58848e-06 
0.411644 0.662672 1.38492 0.0025 0.552232 0.435541 1.97158 0.00905416 342 4 1 1.27979e-06 
0.416184 0.668107 1.12675 0.0025 0.549414 0.432438 1.96755 0.00910061 343 4 1 1.28741e-06 
0.420745 0.672172 0.71711 0.0025 0.54734 0.430161 1.96458 0.0091351 344 4 1 1.29731e-06 
0.425319 0.674325 0.280909 0.0025 0.546149 0.428842 1.96288 0.00915501 345 4 1 8.80607e-07 
0.4299 0.675118 0.104648 0.0025 0.545621 0.428243 1.96212 0.00916387 346 4 1 3.32316e-07 
0.434483 0.675551 0.0866475 0.0025 0.545361 0.427953 1.96176 0.00916823 347 4 1 1.63254e-07 
0.439068 0.675813 0.00206702 0.0025 0.545237 0.427817 1.96158 0.00917032 348 4 1 1.43408e-07 
0.443653 0.675731 -0.0173318 0.0025 0.54523 0.427806 1.96158 0.00917045 349 5 1 5.33818e-08 
0.448238 0.675658 -0.0277598 0.0025 0.545268 0.427848 1.96164 0.00916981 350 4 1 2.41368e-08 
0.452823 0.67553 -0.0359619 0.0025 0.545326 0.427913 1.96173 0.00916883 351 4 1 2.40503e-08 
0.457407 0.675369 -0.0406259 0.0025 0.545404 0.427999 1.96184 0.00916752 352 4 1 1.36782e-08 
0.461991 0.675192 -0.0421273 0.0025 0.545492 0.428097 1.96198 0.00916604 353 4 1 4.3874e-09 
0.466573 0.675008 -0.0413118 0.0025 0.545584 0.428199 1.96211 0.00916449 354 4 1 -8.3785e-10 
0.471155 0.674826 -0.0391417 0.0025 0.545675 0.428301 1.96225 0.00916296 355 4 1 -2.86648e-09 
0.475736 0.674654 -0.0365336 0.0025 0.545763 0.428398 1.96238 0.00916149 356 4 1 -5.94372e-09 
0.480317 0.674497 -0.0336798 0.0025 0.545845 0.42849 1.96251 0.00916011 357 4 1 -8.10099e-09 
0.484896 0.674355 -0.0306161 0.0025 0.54592 0.428574 1.96262 0.00915885 358 4 1 -8.07368e-09 
0.489475 0.674228 -0.0273958 0.0025 0.545988 0.428651 1.96273 0.00915771 359 4 1 -8.29997e-09 
0.494054 0.674113 -0.0240741 0.0025 0.546048 0.428718 1.96282 0.0091567 360 4 1 -9.37218e-09 
0.498632 0.67401 -0.0209774 0.0025 0.546101 0.428778 1.96291 0.00915581 361 4 1 -7.27195e-09 
0.50321 0.673918 -0.018505 0.0025 0.546148 0.428831 1.96298 0.00915504 362 4 1 -4.50631e-09 
0.507787 0.673837 -0.0166512 0.0025 0.546189 0.428878 1.96305 0.00915435 363 4 1 -5.98937e-09 
0.512364 0.673766 -0.0150526 0.0025 0.546225 0.428921 1.96311 0.00915373 364 4 1 -5.08948e-09 
0.516941 0.673704 -0.013438 0.0025 0.546258 0.428959 1.96317 0.00915319 365 4 1 -2.57214e-09 
0.521517 0.673648 -0.0118385 0.0025 0.546286 0.428992 1.96322 0.00915272 366 4 1 -5.0118e-09 
0.526094 0.673598 -0.0104244 0.0025 0.54631 0.429022 1.96327 0.00915231 367 4 1 -4.3148e-09 
0.53067 0.673552 -0.00928954 0.0025 0.546332 0.429048 1.96331 0.00915195 368 4 1 -8.13777e-10 
0.535246 0.673512 -0.00839715 0.0025 0.546351 0.429071 1.96335 0.00915163 369 4 1 -1.81267e-09 
0.539821 0.673475 -0.00764875 0.0025 0.546367 0.429093 1.96339 0.00915135 370 4 1 -2.83542e-09 
0.544397 0.673443 -0.00696019 0.0025 0.546382 0.429112 1.96342 0.00915111 371 4 1 -1.06713e-09 
0.548972 0.673414 -0.00629411 0.0025 0.546395 0.429129 1.96346 0.00915089 372 4 1 -5.76471e-10 
0.553548 0.673388 -0.00565974 0.0025 0.546406 0.429145 1.96349 0.00915071 373 4 1 -1.95926e-09 
0.558123 0.673363 -0.00509485 0.0025 0.546415 0.429159 1.96352 0.00915055 374 4 1 -5.96934e-10 
0.562698 0.673341 -0.00463336 0.0025 0.546423 0.429172 1.96355 0.00915042 375 4 1 3.9918e-10 
0.567273 0.673321 -0.00427216 0.0025 0.54643 0.429184 1.96358 0.00915031 376 4 1 -1.09112e-09 
0.571849 0.673303 -0.00396546 0.0025 0.546435 0.429195 1.96361 0.00915021 377 4 1 1.81742e-10 
0.576424 0.673286 -0.00365966 0.0025 0.54644 0.429205 1.96364 0.00915014 378 4 1 3.15122e-10 
0.580999 0.673271 -0.00333877 0.0025 0.546443 0.429214 1.96367 0.00915008 379 4 1 3.43034e-10 
0.585574 0.673257 -0.00303378 0.0025 0.546445 0.429222 1.9637 0.00915004 380 4 1 2.00297e-09 
0.590149 0.673244 -0.00278585 0.0025 0.546446 0.42923 1.96373 0.00915003 381 4 1 -1.74101e-09 
0.594724 0.673232 -0.00260244 0.0025 0.546447 0.429237 1.96376 0.00915002 382 3 1 1.02246e-09 
0.599299 0.673221 -0.00245108 0.0025 0.546446 0.429243 1.96379 0.00915003 383 4 1 4.44834e-09 
0.603874 0.673212 -0.00229261 0.0025 0.546444 0.42925 1.96383 0.00915006 384 4 1 -2.06155e-09 
0.608449 0.673203 -0.00211627 0.0025 0.546442 0.429255 1.96387 0.00915011 385 4 1 1.64952e-09 
0.613024 0.673194 -0.0019429 0.0025 0.546438 0.429261 1.9639 0.00915016 386 4 1 3.16458e-09 
0.617599 0.673186 -0.00179857 0.0025 0.546433 0.429266 1.96394 0.00915025 387 4 1 2.52243e-09 
0.622174 0.673179 -0.00168856 0.0025 0.546427 0.42927 1.96399 0.00915035 388 4 1 4.44488e-09 
0.626749 0.673172 -0.0015949 0.0025 0.546419 0.429274 1.96403 0.00915048 389 4 1 -2.5287e-09 
0.631325 0.673166 -0.00149431 0.0025 0.546411 0.429278 1.96408 0.00915062 390 4 1 5.15329e-09 
0.6359 0.673161 -0.00137621 0.0025 0.546402 0.429282 1.96413 0.00915077 391 4 1 4.41456e-09 
0.640475 0.673155 -0.00124624 0.0025 0.54639 0.429286 1.96419 0.00915096 392 4 1 7.88319e-09 
0.645051 0.67315 -0.00111676 0.0025 0.54638 0.429291 1.96425 0.00915115 393 4 1 -3.84247e-09 
0.649627 0.673145 -0.000996022 0.0025 0.546359 0.429295 1.96432 0.0091515 394 4 1 1.4342e-07 
0.654202 0.67314 -0.000884547 0.0025 0.54635 0.429326 1.96455 0.00915165 395 4 1 -1.38962e-07 
0.658778 0.673135 -0.00077867 0.0025 0.545953 0.429173 1.96462 0.0091583 396 5 1 3.48567e-06 
0.663361 0.673131 -0.000676111 0.0025 0.548219 0.430839 1.96847 0.00912044 397 3 1 -1.90587e-05 
0.667899 0.673126 -0.000580411 0.0025 0.536891 0.42617 1.95002 0.00931288 398 4 1 0.000179249 
0.67268 0.673122 -0.000490878 0.0025 0.511035 0.432708 2.15248 0.00978406 399 4 1 -0.000134225 
0.67769 0.673117 -0.00041591 0.0025 0.482791 0.424484 2.15546 0.0103565 400 4 1 0.00026608 
0.68305 0.673112 -0.000360213 0.0025 0.454308 0.432927 2.44415 0.0110058 401 4 1 -0.000240407 
0.688706 0.673107 -0.000328799 0.0025 0.447011 0.427264 2.38023 0.0111854 402 5 1 5.38081e-05 
0.694237 0.673103 -0.000321151 0.0025 0.452442 0.429635 2.37462 0.0110511 403 4 1 -3.01257e-06 
0.699757 0.673099 -0.000324819 0.0025 0.453625 0.429307 2.36522 0.0110223 404 4 1 3.91283e-06 
0.70526 0.673095 -0.000329128 0.0025 0.454706 0.429366 2.36044 0.0109961 405 4 1 1.27163e-06 
0.710753 0.673092 -0.000326238 0.0025 0.45533 0.42934 2.35714 0.0109811 406 4 1 8.42968e-07 
0.716241 0.673089 -0.000312929 0.0025 0.455774 0.429329 2.35484 0.0109703 407 4 1 5.4439e-07 
0.721724 0.673087 -0.000289797 0.0025 0.456096 0.429323 2.35318 0.0109626 408 4 1 3.491e-07 
0.727203 0.673084 -0.000259742 0.0025 0.456337 0.429319 2.35194 0.0109568 409 4 1 2.4673e-07 
0.73268 0.673082 -0.000226384 0.0025 0.456521 0.429317 2.35099 0.0109524 410 4 1 1.77243e-07 
0.738156 0.673079 -0.000192822 0.0025 0.456666 0.429316 2.35025 0.0109489 411 4 1 1.30904e-07 
0.743629 0.673077 -0.000160976 0.0025 0.456779 0.429315 2.34966 0.0109462 412 4 1 9.80235e-08 
0.749102 0.673075 -0.000131515 0.0025 0.456871 0.429314 2.3492 0.010944 413 4 1 7.54223e-08 
0.754573 0.673073 -0.000104228 0.0025 0.456944 0.429314 2.34882 0.0109423 414 4 1 5.88204e-08 
0.760044 0.673071 -7.8493e-05 0.0025 0.457004 0.429314 2.34851 0.0109408 415 4 1 4.63689e-08 
0.765514 0.673069 -5.35307e-05 0.0025 0.457053 0.429314 2.34826 0.0109396 416 4 1 3.6979e-08 
0.770984 0.673067 -2.83174e-05 0.0025 0.457094 0.429313 2.34805 0.0109387 417 4 1 2.97501e-08 
0.776453 0.673065 -1.21353e-06 0.0025 0.457127 0.429313 2.34788 0.0109379 418 4 1 2.40611e-08 
0.781922 0.673063 3.05823e-05 0.0025 0.457155 0.429313 2.34774 0.0109372 419 4 1 1.95772e-08 
0.78739 0.673061 7.17568e-05 0.0025 0.457178 0.429313 2.34762 0.0109367 420 4 1 1.59871e-08 
0.792858 0.673059 0.000130198 0.0025 0.457197 0.429312 2.34752 0.0109362 421 4 1 1.30557e-08 
0.798326 0.673056 0.000220183 0.0025 0.457213 0.429311 2.34743 0.0109358 422 4 1 1.05245e-08 
0.803794 0.673053 0.000370628 0.0025 0.457226 0.42931 2.34736 0.0109355 423 4 1 8.07322e-09 
0.809262 0.673049 0.000645845 0.0025 0.457236 0.429308 2.3473 0.0109353 424 4 1 5.2452e-09 
0.814729 0.673042 0.00119605 0.0025 0.457243 0.429304 2.34724 0.0109351 425 4 1 9.42639e-10 
0.820197 0.67303 0.00238035 0.0025 0.457245 0.429295 2.34719 0.0109351 426 3 1 -7.71858e-09 
0.825664 0.673006 0.00505731 0.0025 0.457238 0.429276 2.34712 0.0109352 427 4 1 -2.62425e-08 
0.831132 0.672954 0.0112742 0.0025 0.457212 0.429233 2.34703 0.0109358 428 4 1 -6.77494e-08 
0.8366 0.672836 0.0259404 0.0025 0.457144 0.429133 2.34685 0.0109375 429 4 1 -1.65264e-07 
0.84207 0.672562 0.0604936 0.0025 0.456975 0.428898 2.34647 0.0109415 430 4 1 -3.94066e-07 
0.847542 0.671917 0.142341 0.0025 0.456572 0.428345 2.34562 0.0109512 431 4 1 -9.09161e-07 
0.853021 0.670407 0.330688 0.0025 0.45563 0.427063 2.34366 0.0109738 432 4 1 -2.04115e-06 
0.858516 0.66692 0.764785 0.0025 0.453469 0.424148 2.33919 0.0110261 433 4 1 -4.13194e-06 
0.864047 0.659009 1.67503 0.0025 0.448774 0.417863 2.32942 0.0111415 434 4 1 -7.54327e-06 
0.869658 0.642322 3.54044 0.0025 0.439114 0.405113 2.30902 0.0113866 435 4 1 -1.00101e-05 
0.875436 0.607206 7.05831 0.0025 0.421171 0.381856 2.2699 0.0118717 436 4 1 -4.1241e-06 
0.881539 0.544167 12.3882 0.0025 0.391676 0.344469 2.20159 0.0127657 437 4 1 1.99257e-05 
0.888234 0.42328 24.3903 0.0025 0.347927 0.291521 2.08955 0.0143708 438 4 1 0.000101713 
0.896014 0.228991 30.3199 0.0025 0.299318 0.235262 1.94957 0.0167047 439 4 1 0.000237578 
0.905089 0.0609533 17.3105 0.0025 0.264947 0.196675 1.84176 0.0188717 440 4 1 0.000222141 
0.914948 -0.0028435 3.2294 0.0025 0.2513 0.181458 1.79894 0.0198965 441 4 1 7.12829e-05 
0.92499 -0.00477048 -1.15267 0.0025 0.249321 0.178937 1.79304 0.0200545 442 5 1 7.25492e-06 
0.935003 -0.000109056 -0.225801 0.0025 0.249861 0.179343 1.79461 0.0200111 443 4 1 -9.30269e-07 
0.945002 0.000252265 0.0204246 0.0025 0.250032 0.179523 1.79509 0.0199975 444 3 1 -4.31257e-07 
0.955 9.89851e-05 0.0189447 0.0025 0.250019 0.179519 1.79505 0.0199985 445 4 1 -1.53365e-09 
0.965 2.04935e-05 0.0057529 0.0025 0.250005 0.179506 1.79501 0.0199996 446 4 1 2.31464e-08 
0.975 1.46376e-06 0.000953504 0.0025 0.250001 0.179501 1.795 0.0199999 447 4 1 8.73053e-09 
0.985 -6.83238e-07 -4.10208e-05 0.0025 0.25 0.1795 1.795 0.02 448 5 1 1.73576e-09 
0.995 -1.42813e-07 -5.24021e-05 0.0025 0.25 0.1795 1.795 0.02 449 3 1 -2.87071e-11 
1.005 1.42813e-07 5.24021e-05 0.0025 0.25 0.1795 1.795 0.02 450 3 1 -2.87072e-11 
1.015 6.83238e-07 4.10208e-05 0.0025 0.25 0.1795 1.795 0.02 451 5 1 1.73576e-09 
1.025 -1.46376e-06 -0.000953504 0.0025 0.250001 0.179501 1.795 0.0199999 452 4 1 8.73053e-09 
1.035 -2.04935e-05 -0.0057529 0.0025 0.250005 0.179506 1.79501 0.0199996 453 4 1 2.31464e-08 
1.045 -9.89851e-05 -0.0189447 0.0025 0.250019 0.179519 1.79505 0.0199985 454 4 1 -1.53365e-09 
1.055 -0.000252265 -0.0204246 0.0025 0.250032 0.179523 1.79509 0.0199975 455 3 1 -4.31257e-07 
1.065 0.000109056 0.225801 0.0025 0.249861 0.179343 1.79461 0.0200111 456 4 1 -9.30269e-07 
1.07501 0.00477048 1.15267 0.0025 0.249321 0.178937 1.79304 0.0200545 457 5 1 7.25492e-06 
1.08505 0.0028435 -3.2294 0.0025 0.2513 0.181458 1.79894 0.0198965 458 4 1 7.12829e-05 
1.09491 -0.0609533 -17.3105 0.0025 0.264947 0.196675 1.84176 0.0188717 459 4 1 0.000222141 
1.10399 -0.228991 -30.3199 0.0025 0.299318 0.235262 1.94957 0.0167047 460 4 1 0.000237578 
1.11177 -0.42328 -24.3903 0.0025 0.347927 0.291521 2.08955 0.0143708 461 4 1 0.000101713 
1.11846 -0.544167 -12.3882 0.0025 0.391676 0.344469 2.20159 0.0127657 462 4 1 1.99257e-05 
1.12456 -0.607206 -7.05831 0.0025 0.421171 0.381856 2.2699 0.0118717 463 4 1 -4.1241e-06 
1.13034 -0.642322 -3.54044 0.0025 0.439114 0.405113 2.30902 0.0113866 464 4 1 -1.00101e-05 
1.13595 -0.659009 -1.67503 0.0025 0.448774 0.417863 2.32942 0.0111415 465 4 1 -7.54327e-06 
1.14148 -0.66692 -0.764785 0.0025 0.453469 0.424148 2.33919 0.0110261 466 4 1 -4.13194e-06 
1.14698 -0.670407 -0.330688 0.0025 0.45563 0.427063 2.34366 0.0109738 467 4 1 -2.04115e-06 
1.15246 -0.671917 -0.142341 0.0025 0.456572 0.428345 2.34562 0.0109512 468 4 1 -9.09161e-07 
1.15793 -0.672562 -0.0604936 0.0025 0.456975 0.428898 2.34647 0.0109415 469 4 1 -3.94066e-07 
1.1634 -0.672836 -0.0259404 0.0025 0.457144 0.429133 2.34685 0.0109375 470 4 1 -1.65264e-07 
1.16887 -0.672954 -0.0112742 0.0025 0.457212 0.429233 2.34703 0.0109358 471 4 1 -6.77494e-08 
1.17434 -0.673006 -0.00505731 0.0025 0.457238 0.429276 2.34712 0.0109352 472 4 1 -2.62425e-08 
1.1798 -0.67303 -0.00238035 0.0025 0.457245 0.429295 2.34719 0.0109351 473 3 1 -7.71858e-09 
1.18527 -0.673042 -0.00119605 0.0025 0.457243 0.429304 2.34724 0.0109351 474 4 1 9.42639e-10 
1.19074 -0.673049 -0.000645845 0.0025 0.457236 0.429308 2.3473 0.0109353 475 4 1 5.2452e-09 
1.19621 -0.673053 -0.000370628 0.0025 0.457226 0.42931 2.34736 0.0109355 476 4 1 8.07322e-09 
1.20167 -0.673056 -0.000220183 0.0025 0.457213 0.429311 2.34743 0.0109358 477 4 1 1.05245e-08 
1.20714 -0.673059 -0.000130198 0.0025 0.457197 0.429312 2.34752 0.0109362 478 4 1 1.30557e-08 
1.21261 -0.673061 -7.17568e-05 0.0025 0.457178 0.429313 2.34762 0.0109367 479 4 1 1.59871e-08 
1.21808 -0.673063 -3.05823e-05 0.0025 0.457155 0.429313 2.34774 0.0109372 480 4 1 1.95772e-08 
1.22355 -0.673065 1.21351e-06 0.0025 0.457127 0.429313 2.34788 0.0109379 481 4 1 2.40611e-08 
1.22902 -0.673067 2.83174e-05 0.0025 0.457094 0.429313 2.34805 0.0109387 482 4 1 2.97501e-08 
1.23449 -0.673069 5.35307e-05 0.0025 0.457053 0.429314 2.34826 0.0109396 483 4 1 3.6979e-08 
1.23996 -0.673071 7.8493e-05 0.0025 0.457004 0.429314 2.34851 0.0109408 484 4 1 4.63689e-08 
1.24543 -0.673073 0.000104228 0.0025 0.456944 0.429314 2.34882 0.0109423 485 4 1 5.88204e-08 
1.2509 -0.673075 0.000131515 0.0025 0.456871 0.429314 2.3492 0.010944 486 4 1 7.54223e-08 
1.25637 -0.673077 0.000160976 0.0025 0.456779 0.429315 2.34966 0.0109462 487 4 1 9.80235e-08 
1.26184 -0.673079 0.000192822 0.0025 0.456666 0.429316 2.35025 0.0109489 488 4 1 1.30904e-07 
1.26732 -0.673082 0.000226384 0.0025 0.456521 0.429317 2.35099 0.0109524 489 4 1 1.77243e-07 
1.2728 -0.673084 0.000259742 0.0025 0.456337 0.429319 2.35194 0.0109568 490 4 1 2.4673e-07 
1.27828 -0.673087 0.000289797 0.0025 0.456096 0.429323 2.35318 0.0109626 491 4 1 3.491e-07 
1.28376 -0.673089 0.000312929 0.0025 0.455774 0.429329 2.35484 0.0109703 492 4 1 5.4439e-07 
1.28925 -0.673092 0.000326238 0.0025 0.45533 0.42934 2.35714 0.0109811 493 4 1 8.42968e-07 
1.29474 -0.673095 0.000329128 0.0025 0.454706 0.429366 2.36044 0.0109961 494 4 1 1.27163e-06 
1.30024 -0.673099 0.000324819 0.0025 0.453625 0.429307 2.36522 0.0110223 495 4 1 3.91283e-06 
1.30576 -0.673103 0.000321151 0.0025 0.452442 0.429635 2.37462 0.0110511 496 4 1 -3.01257e-06 
1.31129 -0.673107 0.000328799 0.0025 0.447011 0.427264 2.38023 0.0111854 497 5 1 5.38081e-05 
1.31695 -0.673112 0.000360213 0.0025 0.454308 0.432927 2.44415 0.0110058 498 4 1 -0.000240407 
1.32231 -0.673117 0.00041591 0.0025 0.482791 0.424484 2.15546 0.0103565 499 4 1 0.00026608 
