# Time [s]: 0.260468
# Columns: pos [m], vel [m/s], acc [m/s^2], mass [kg], dens [kg/m^3], pres [Pa], ene [J/kg], sml [m], id, neighbor, alpha, gradh, ...additional?
1.32691 -0.673121 0.000488763 0.0025 0.511035 0.432709 2.15248 0.00978406 0 4 1 -0.000134225 
1.33169 -0.673126 0.000578707 0.0025 0.536891 0.426171 1.95002 0.00931288 1 4 1 0.000179249 
1.33623 -0.67313 0.000673849 0.0025 0.54822 0.430839 1.96848 0.00912043 2 3 1 -1.90587e-05 
1.34081 -0.673135 0.00077533 0.0025 0.545953 0.429173 1.96462 0.00915829 3 5 1 3.48568e-06 
1.34538 -0.67314 0.000880322 0.0025 0.54635 0.429327 1.96455 0.00915164 4 4 1 -1.3896e-07 
1.34996 -0.673144 0.000991462 0.0025 0.546359 0.429295 1.96432 0.00915149 5 4 1 1.43422e-07 
1.35454 -0.673149 0.00111195 0.0025 0.54638 0.429292 1.96425 0.00915114 6 4 1 -3.84076e-09 
1.35911 -0.673154 0.0012401 0.0025 0.546391 0.429286 1.96419 0.00915096 7 4 1 7.88782e-09 
1.36369 -0.67316 0.00136674 0.0025 0.546402 0.429283 1.96413 0.00915077 8 4 1 4.4236e-09 
1.36826 -0.673165 0.00148007 0.0025 0.546412 0.429279 1.96408 0.00915061 9 4 1 5.16499e-09 
1.37284 -0.673171 0.00157664 0.0025 0.54642 0.429275 1.96403 0.00915047 10 4 1 -2.51918e-09 
1.37741 -0.673178 0.00166923 0.0025 0.546427 0.429271 1.96399 0.00915034 11 4 1 4.44806e-09 
1.38199 -0.673185 0.00178099 0.0025 0.546434 0.429266 1.96394 0.00915024 12 4 1 2.52039e-09 
1.38656 -0.673193 0.00192676 0.0025 0.546439 0.429261 1.9639 0.00915015 13 4 1 3.16418e-09 
1.39114 -0.673201 0.00209761 0.0025 0.546442 0.429256 1.96387 0.0091501 14 4 1 1.65764e-09 
1.39571 -0.67321 0.00226722 0.0025 0.546445 0.42925 1.96383 0.00915005 15 4 1 -2.04539e-09 
1.40029 -0.67322 0.00241889 0.0025 0.546447 0.429244 1.9638 0.00915002 16 4 1 4.46372e-09 
1.40486 -0.673231 0.00256821 0.0025 0.546448 0.429238 1.96376 0.00915001 17 3 1 1.02804e-09 
1.40944 -0.673242 0.0027546 0.0025 0.546447 0.429231 1.96373 0.00915001 18 4 1 -1.74438e-09 
1.41401 -0.673255 0.00300505 0.0025 0.546446 0.429223 1.9637 0.00915003 19 4 1 2.00222e-09 
1.41859 -0.673269 0.00330602 0.0025 0.546444 0.429215 1.96367 0.00915006 20 4 1 3.56317e-10 
1.42316 -0.673284 0.00361617 0.0025 0.546441 0.429206 1.96364 0.00915012 21 4 1 3.41667e-10 
1.42774 -0.6733 0.00391075 0.0025 0.546437 0.429196 1.96361 0.00915019 22 4 1 2.08709e-10 
1.43231 -0.673318 0.00421223 0.0025 0.546431 0.429185 1.96358 0.00915028 23 4 1 -1.07582e-09 
1.43689 -0.673338 0.00457428 0.0025 0.546425 0.429174 1.96355 0.00915039 24 4 1 4.03629e-10 
1.44146 -0.67336 0.00503649 0.0025 0.546417 0.429161 1.96352 0.00915052 25 4 1 -5.90388e-10 
1.44604 -0.673384 0.00559538 0.0025 0.546408 0.429147 1.96349 0.00915068 26 4 1 -1.93689e-09 
1.45061 -0.67341 0.00621493 0.0025 0.546397 0.429132 1.96346 0.00915086 27 4 1 -5.33876e-10 
1.45519 -0.673439 0.00686037 0.0025 0.546384 0.429114 1.96343 0.00915107 28 4 1 -1.01116e-09 
1.45976 -0.673471 0.00752848 0.0025 0.54637 0.429095 1.96339 0.00915131 29 4 1 -2.78018e-09 
1.46434 -0.673506 0.00826326 0.0025 0.546354 0.429074 1.96336 0.00915158 30 4 1 -1.77258e-09 
1.46892 -0.673546 0.00915207 0.0025 0.546335 0.429051 1.96332 0.00915189 31 4 1 -7.92284e-10 
1.47349 -0.673591 0.0102864 0.0025 0.546314 0.429025 1.96327 0.00915225 32 4 1 -4.29139e-09 
1.47807 -0.673641 0.0116841 0.0025 0.54629 0.428996 1.96323 0.00915265 33 4 1 -4.94504e-09 
1.48265 -0.673696 0.0132346 0.0025 0.546262 0.428963 1.96318 0.00915312 34 4 1 -2.43661e-09 
1.48722 -0.673757 0.0147796 0.0025 0.54623 0.428926 1.96312 0.00915365 35 4 1 -4.92325e-09 
1.4918 -0.673827 0.0163319 0.0025 0.546194 0.428884 1.96306 0.00915426 36 4 1 -5.88077e-09 
1.49638 -0.673907 0.0181905 0.0025 0.546154 0.428838 1.96299 0.00915493 37 4 1 -4.49297e-09 
-0.499046 -0.673998 0.0206798 0.0025 0.546108 0.428786 1.96292 0.00915569 38 4 1 -7.27135e-09 
-0.494468 -0.674099 0.0237405 0.0025 0.546056 0.428727 1.96284 0.00915657 39 4 1 -9.27995e-09 
-0.48989 -0.674211 0.0269763 0.0025 0.545997 0.42866 1.96274 0.00915756 40 4 1 -8.13882e-09 
-0.485311 -0.674336 0.0301206 0.0025 0.54593 0.428585 1.96264 0.00915868 41 4 1 -7.95928e-09 
-0.480731 -0.674476 0.033149 0.0025 0.545856 0.428502 1.96252 0.00915993 42 4 1 -8.12862e-09 
-0.476151 -0.674632 0.0360347 0.0025 0.545775 0.428411 1.9624 0.00916129 43 4 1 -6.2023e-09 
-0.47157 -0.674802 0.0387736 0.0025 0.545688 0.428315 1.96227 0.00916274 44 4 1 -3.38652e-09 
-0.466988 -0.674983 0.0411179 0.0025 0.545597 0.428214 1.96213 0.00916427 45 4 1 -1.53733e-09 
-0.462405 -0.675166 0.0421402 0.0025 0.545505 0.428112 1.962 0.00916581 46 4 1 3.56221e-09 
-0.457822 -0.675344 0.0408961 0.0025 0.545416 0.428013 1.96186 0.00916731 47 4 1 1.25926e-08 
-0.453238 -0.675507 0.036781 0.0025 0.545337 0.427925 1.96174 0.00916865 48 4 1 2.22749e-08 
-0.448653 -0.67564 0.0291675 0.0025 0.545275 0.427856 1.96165 0.00916968 49 4 1 2.64706e-08 
-0.444068 -0.675721 0.0154876 0.0025 0.545236 0.427812 1.96159 0.00917035 50 4 1 4.10448e-08 
-0.439483 -0.67581 0.0110356 0.0025 0.545232 0.427811 1.96157 0.00917041 51 5 1 1.3417e-07 
-0.434898 -0.675603 -0.0825229 0.0025 0.545337 0.427926 1.96172 0.00916864 52 4 1 1.64622e-07 
-0.430314 -0.675181 -0.0997876 0.0025 0.545578 0.428195 1.96206 0.00916459 53 4 1 2.79987e-07 
-0.425733 -0.674484 -0.237481 0.0025 0.546048 0.428728 1.96273 0.0091567 54 4 1 7.92255e-07 
-0.421158 -0.672591 -0.647174 0.0025 0.54712 0.42992 1.96427 0.00913876 55 4 1 1.26527e-06 
-0.416595 -0.668785 -1.0786 0.0025 0.549069 0.43206 1.96706 0.00910633 56 4 1 1.30118e-06 
-0.412051 -0.663513 -1.35185 0.0025 0.551793 0.435055 1.97096 0.00906138 57 4 1 1.2607e-06 
-0.407533 -0.657196 -1.58553 0.0025 0.555124 0.438738 1.9757 0.009007 58 4 1 1.52474e-06 
-0.403044 -0.649761 -1.90902 0.0025 0.559097 0.443147 1.98134 0.008943 59 4 1 1.96673e-06 
-0.39859 -0.6409 -2.29055 0.0025 0.563831 0.448412 1.98804 0.0088679 60 4 1 2.35387e-06 
-0.394176 -0.630585 -2.6691 0.0025 0.569364 0.454581 1.99582 0.00878173 61 4 1 2.57466e-06 
-0.389808 -0.618946 -2.98001 0.0025 0.575609 0.461567 2.00454 0.00868646 62 4 1 2.54463e-06 
-0.385489 -0.606442 -3.15801 0.0025 0.582357 0.469149 2.01391 0.0085858 63 4 1 2.34398e-06 
-0.381222 -0.593642 -3.2301 0.0025 0.589365 0.477063 2.02357 0.0084837 64 4 1 2.14463e-06 
-0.377005 -0.580839 -3.25362 0.0025 0.596462 0.485117 2.03328 0.00838276 65 4 1 1.93694e-06 
-0.372839 -0.568202 -3.21761 0.0025 0.603525 0.493174 2.04287 0.00828466 66 4 1 1.74277e-06 
-0.36872 -0.555948 -3.16519 0.0025 0.610473 0.501137 2.05224 0.00819037 67 4 1 1.59154e-06 
-0.364648 -0.544055 -3.09945 0.0025 0.617271 0.508965 2.06135 0.00810017 68 4 1 1.47811e-06 
-0.36062 -0.532547 -3.04267 0.0025 0.623911 0.516645 2.07019 0.00801397 69 4 1 1.38378e-06 
-0.356634 -0.521401 -2.97871 0.0025 0.630398 0.524181 2.07877 0.0079315 70 4 1 1.31568e-06 
-0.352688 -0.510618 -2.93058 0.0025 0.636747 0.531588 2.08711 0.00785242 71 4 1 1.32386e-06 
-0.348781 -0.500032 -2.92149 0.0025 0.643013 0.538928 2.0953 0.0077759 72 4 1 1.35897e-06 
-0.344912 -0.489616 -2.9269 0.0025 0.649254 0.546268 2.10341 0.00770115 73 4 1 1.44644e-06 
-0.34108 -0.47916 -2.98983 0.0025 0.655544 0.553695 2.11153 0.00762726 74 4 1 1.58257e-06 
-0.337285 -0.468563 -3.08911 0.0025 0.661967 0.561305 2.11978 0.00755325 75 4 1 1.64565e-06 
-0.333527 -0.457779 -3.16564 0.0025 0.668545 0.56913 2.12818 0.00747893 76 4 1 1.71998e-06 
-0.329806 -0.4468 -3.28351 0.0025 0.675294 0.57719 2.13674 0.00740418 77 4 1 1.77245e-06 
-0.326122 -0.435616 -3.37069 0.0025 0.682217 0.585488 2.14548 0.00732904 78 4 1 1.73427e-06 
-0.322476 -0.424316 -3.42555 0.0025 0.68926 0.593965 2.15431 0.00725415 79 4 1 1.6865e-06 
-0.318868 -0.413027 -3.46147 0.0025 0.696375 0.602564 2.16317 0.00718004 80 4 1 1.6666e-06 
-0.315296 -0.401724 -3.50517 0.0025 0.703543 0.611264 2.17205 0.00710688 81 4 1 1.63823e-06 
-0.311761 -0.390467 -3.52884 0.0025 0.710749 0.620045 2.18092 0.00703483 82 4 1 1.5716e-06 
-0.308261 -0.379288 -3.53007 0.0025 0.717957 0.628865 2.18974 0.00696421 83 4 1 1.55089e-06 
-0.304796 -0.368227 -3.55853 0.0025 0.725165 0.63772 2.19851 0.00689498 84 4 1 1.49764e-06 
-0.301366 -0.357247 -3.54062 0.0025 0.732358 0.646592 2.2072 0.00682727 85 4 1 1.45753e-06 
-0.297969 -0.346445 -3.55624 0.0025 0.739525 0.655468 2.21581 0.0067611 86 4 1 1.45847e-06 
-0.294605 -0.335669 -3.57008 0.0025 0.746689 0.664374 2.22437 0.00669623 87 4 1 1.41144e-06 
-0.291273 -0.325046 -3.56532 0.0025 0.753835 0.673292 2.23286 0.00663275 88 4 1 1.38975e-06 
-0.287972 -0.314486 -3.58185 0.0025 0.760966 0.682224 2.24129 0.0065706 89 4 1 1.34799e-06 
-0.284702 -0.304063 -3.56658 0.0025 0.768073 0.691161 2.24963 0.0065098 90 4 1 1.33293e-06 
-0.281462 -0.293758 -3.59093 0.0025 0.775163 0.700108 2.25792 0.00645026 91 4 1 1.29931e-06 
-0.278251 -0.28354 -3.5716 0.0025 0.782233 0.709064 2.26613 0.00639196 92 4 1 1.28428e-06 
-0.27507 -0.273443 -3.60097 0.0025 0.789287 0.718033 2.27428 0.00633483 93 4 1 1.28516e-06 
-0.271916 -0.263333 -3.60811 0.0025 0.796344 0.727034 2.28239 0.00627869 94 4 1 1.20285e-06 
-0.268791 -0.253451 -3.57494 0.0025 0.803362 0.736021 2.29042 0.00622385 95 4 1 1.23187e-06 
-0.265692 -0.243575 -3.63436 0.0025 0.810373 0.745029 2.29839 0.00617 96 4 1 1.18596e-06 
-0.262621 -0.233782 -3.58401 0.0025 0.817368 0.754045 2.3063 0.00611719 97 4 1 1.11876e-06 
-0.259575 -0.22423 -3.58707 0.0025 0.824311 0.763031 2.31412 0.00606567 98 4 1 1.21146e-06 
-0.256555 -0.214612 -3.66284 0.0025 0.831284 0.772081 2.32193 0.00601479 99 4 1 1.1251e-06 
-0.25356 -0.20506 -3.59441 0.0025 0.838243 0.781141 2.32969 0.00596485 100 4 1 1.05367e-06 
-0.25059 -0.195771 -3.60263 0.0025 0.845143 0.790163 2.33733 0.00591616 101 4 1 1.16872e-06 
-0.247644 -0.186344 -3.69243 0.0025 0.852083 0.799258 2.345 0.00586797 102 4 1 1.03737e-06 
-0.244722 -0.177058 -3.57911 0.0025 0.858985 0.808332 2.35257 0.00582082 103 4 1 9.35363e-07 
-0.241823 -0.168078 -3.56638 0.0025 0.865785 0.817313 2.36 0.00577511 104 4 1 1.13799e-06 
-0.238947 -0.15897 -3.71622 0.0025 0.872651 0.8264 2.36747 0.00572966 105 4 1 1.04438e-06 
-0.236093 -0.149834 -3.6162 0.0025 0.879532 0.835528 2.37492 0.00568484 106 4 1 8.57204e-07 
-0.233262 -0.1411 -3.54871 0.0025 0.886289 0.844536 2.3822 0.0056415 107 4 1 1.06471e-06 
-0.230452 -0.132272 -3.72441 0.0025 0.893095 0.853634 2.3895 0.00559851 108 4 1 1.11401e-06 
-0.227663 -0.123237 -3.7384 0.0025 0.899998 0.86287 2.39688 0.00555557 109 4 1 6.95348e-07 
-0.224896 -0.114688 -3.42743 0.0025 0.90669 0.871868 2.40398 0.00551456 110 4 1 8.27568e-07 
-0.222149 -0.106441 -3.62384 0.0025 0.913286 0.880778 2.41096 0.00547474 111 4 1 1.20807e-06 
-0.219421 -0.0976132 -3.82296 0.0025 0.920109 0.88999 2.41816 0.00543414 112 4 1 7.92488e-07 
-0.216714 -0.0890616 -3.50967 0.0025 0.926842 0.899111 2.42522 0.00539466 113 4 1 6.04654e-07 
-0.214027 -0.0810983 -3.47138 0.0025 0.933336 0.907961 2.43199 0.00535713 114 4 1 1.07488e-06 
-0.211357 -0.072779 -3.79714 0.0025 0.93999 0.917037 2.43892 0.0053192 115 4 1 9.98824e-07 
-0.208707 -0.0642366 -3.68879 0.0025 0.946763 0.926284 2.44594 0.00528115 116 4 1 6.15011e-07 
-0.206076 -0.056206 -3.51784 0.0025 0.953325 0.935288 2.4527 0.0052448 117 4 1 6.73238e-07 
-0.203462 -0.0483169 -3.53587 0.0025 0.959735 0.9441 2.45929 0.00520977 118 4 1 5.16267e-07 
-0.200866 -0.0407571 -3.23846 0.0025 0.965945 0.952663 2.46563 0.00517628 119 4 1 6.37514e-07 
-0.198286 -0.0335852 -3.41977 0.0025 0.972096 0.961203 2.47188 0.00514352 120 4 1 1.59753e-06 
-0.195723 -0.0252025 -4.35171 0.0025 0.978904 0.97063 2.47883 0.00510775 121 4 1 8.80175e-07 
-0.193178 -0.0162939 -3.63444 0.0025 0.985744 0.980051 2.48578 0.00507231 122 4 1 -1.33296e-06 
-0.19065 -0.0105741 -1.68146 0.0025 0.990872 0.98722 2.49087 0.00504606 123 4 1 4.95473e-08 
-0.188132 -0.00615416 -2.93013 0.0025 0.995556 0.993901 2.49552 0.00502232 124 4 1 3.47745e-06 
-0.185628 0.00302674 -5.65126 0.0025 1.00263 1.00375 2.50271 0.00498688 125 4 1 8.85129e-07 
-0.183145 0.0131192 -3.42907 0.0025 1.00986 1.01368 2.50999 0.0049512 126 4 1 -3.91432e-06 
-0.180677 0.016122 0.35227 0.0025 1.01303 1.01821 2.513 0.00493566 127 4 1 -1.09604e-06 
-0.17821 0.0160143 -1.2155 0.0025 1.0147 1.02079 2.51458 0.00492754 128 4 1 3.54613e-06 
-0.175749 0.022972 -4.60077 0.0025 1.01937 1.02726 2.51935 0.00490499 129 4 1 -1.35882e-07 
-0.173304 0.0293163 -1.35909 0.0025 1.02386 1.03342 2.52382 0.00488348 130 4 1 -3.42632e-06 
-0.170866 0.0296202 0.40889 0.0025 1.0246 1.03452 2.52448 0.00487997 131 3 1 -1.65463e-06 
-0.168425 0.0279335 1.01974 0.0025 1.02319 1.03261 2.52308 0.00488666 132 4 1 -4.88706e-07 
-0.165979 0.0255196 1.24354 0.0025 1.02112 1.0297 2.52102 0.00489656 133 4 1 -1.22978e-07 
-0.163528 0.0228163 1.3406 0.0025 1.01881 1.02644 2.51873 0.00490769 134 4 1 3.43704e-08 
-0.161071 0.020008 1.36799 0.0025 1.01642 1.02307 2.51636 0.00491923 135 4 1 1.19655e-07 
-0.158609 0.0172042 1.34974 0.0025 1.01405 1.01974 2.51401 0.00493071 136 4 1 1.76384e-07 
-0.156141 0.0144871 1.29474 0.0025 1.01178 1.01654 2.51174 0.0049418 137 4 1 2.18066e-07 
-0.153667 0.011927 1.20742 0.0025 1.00965 1.01355 2.50963 0.00495221 138 4 1 2.47511e-07 
-0.151188 0.0095853 1.09256 0.0025 1.00772 1.01084 2.5077 0.0049617 139 4 1 2.6374e-07 
-0.148705 0.00750999 0.957241 0.0025 1.00602 1.00845 2.50601 0.00497006 140 4 1 2.65564e-07 
-0.146218 0.005731 0.810845 0.0025 1.00458 1.00643 2.50457 0.00497721 141 4 1 2.53515e-07 
-0.143728 0.00425733 0.663588 0.0025 1.00339 1.00476 2.50338 0.00498311 142 4 1 2.30147e-07 
-0.141235 0.00307786 0.524717 0.0025 1.00244 1.00343 2.50244 0.00498781 143 4 1 1.99349e-07 
-0.13874 0.00216541 0.401106 0.0025 1.00171 1.00241 2.50171 0.00499144 144 4 1 1.65304e-07 
-0.136244 0.00148259 0.296664 0.0025 1.00117 1.00165 2.50117 0.00499415 145 4 1 1.31633e-07 
-0.133746 0.000987867 0.212487 0.0025 1.00078 1.0011 2.50078 0.00499611 146 4 1 1.0093e-07 
-0.131248 0.00064053 0.14751 0.0025 1.0005 1.00071 2.5005 0.00499748 147 4 1 7.46782e-08 
-0.128749 0.00040405 0.0993104 0.0025 1.00032 1.00045 2.50032 0.00499841 148 4 1 5.34068e-08 
-0.126249 0.000247848 0.0648638 0.0025 1.00019 1.00027 2.50019 0.00499903 149 4 1 3.69596e-08 
-0.12375 0.000147733 0.0411011 0.0025 1.00012 1.00016 2.50012 0.00499942 150 4 1 2.47677e-08 
-0.12125 8.54783e-05 0.0252582 0.0025 1.00007 1.00009 2.50007 0.00499966 151 4 1 1.60764e-08 
-0.11875 4.7942e-05 0.0150431 0.0025 1.00004 1.00005 2.50004 0.00499981 152 4 1 1.01059e-08 
-0.11625 2.60167e-05 0.0086729 0.0025 1.00002 1.00003 2.50002 0.0049999 153 4 1 6.14902e-09 
-0.11375 1.36274e-05 0.00483246 0.0025 1.00001 1.00002 2.50001 0.00499995 154 4 1 3.61794e-09 
-0.11125 6.86781e-06 0.00259643 0.0025 1.00001 1.00001 2.50001 0.00499997 155 4 1 2.05544e-09 
-0.10875 3.31611e-06 0.00134113 0.0025 1 1 2.5 0.00499999 156 4 1 1.12524e-09 
-0.10625 1.52522e-06 0.00066322 0.0025 1 1 2.5 0.00499999 157 4 1 5.91926e-10 
-0.10375 6.62779e-07 0.000312209 0.0025 1 1 2.5 0.005 158 4 1 2.98053e-10 
-0.10125 2.68794e-07 0.000138749 0.0025 1 1 2.5 0.005 159 4 1 1.42885e-10 
-0.09875 9.97619e-08 5.74753e-05 0.0025 1 1 2.5 0.005 160 4 1 6.47107e-11 
-0.09625 3.2719e-08 2.17313e-05 0.0025 1 1 2.5 0.005 161 4 1 2.73534e-11 
-0.09375 8.80768e-09 7.20006e-06 0.0025 1 1 2.5 0.005 162 4 1 1.05821e-11 
-0.09125 1.55407e-09 1.89598e-06 0.0025 1 1 2.5 0.005 163 4 1 3.63001e-12 
-0.08875 -5.76053e-11 2.56183e-07 0.0025 1 1 2.5 0.005 164 4 1 1.03198e-12 
-0.08625 3.20734e-11 -1.86047e-07 0.0025 1 1 2.5 0.005 165 5 1 1.08112e-13 
-0.08375 1.82858e-10 -1.84559e-08 0.0025 1 1 2.5 0.005 166 3 1 -9.77874e-14 
-0.08125 1.54587e-10 2.72616e-08 0.0025 1 1 2.5 0.005 167 4 1 -1.82112e-14 
-0.07875 9.60106e-11 2.89416e-08 0.0025 1 1 2.5 0.005 168 4 1 7.87459e-15 
-0.07625 4.98866e-11 1.96749e-08 0.0025 1 1 2.5 0.005 169 4 1 1.172e-14 
-0.07375 2.2399e-11 1.0719e-08 0.0025 1 1 2.5 0.005 170 4 1 8.58087e-15 
-0.07125 8.67833e-12 4.98051e-09 0.0025 1 1 2.5 0.005 171 4 1 4.85088e-15 
-0.06875 2.79693e-12 1.96792e-09 0.0025 1 1 2.5 0.005 172 4 1 2.34586e-15 
-0.06625 6.69822e-13 6.39432e-10 0.0025 1 1 2.5 0.005 173 4 1 9.33653e-16 
-0.06375 7.40555e-14 1.42393e-10 0.0025 1 1 2.5 0.005 174 4 1 3.16192e-16 
-0.06125 -2.80459e-14 -3.69482e-12 0.0025 1 1 2.5 0.005 175 4 1 1.10845e-16 
-0.05875 6.83728e-15 -1.46656e-11 0.0025 1 1 2.5 0.005 176 5 1 -3.05533e-17 
-0.05625 1.65979e-14 -3.12639e-12 0.0025 1 1 2.5 0.005 177 4 1 -5.32907e-18 
-0.05375 1.01074e-14 4.66116e-12 0.0025 1 1 2.5 0.005 178 3 1 -3.19744e-18 
-0.05125 7.72995e-15 1.59162e-12 0.0025 1 1 2.5 0.005 179 4 1 5.32907e-18 
-0.04875 1.43452e-15 3.06954e-12 0.0025 1 1 2.5 0.005 180 4 1 -3.90799e-18 
-0.04625 -1.45312e-15 -1.7053e-13 0.0025 1 1 2.5 0.005 181 5 1 5.32907e-18 
-0.04375 -2.26556e-15 -1.7053e-13 0.0025 1 1 2.5 0.005 182 5 1 -7.4607e-18 
-0.04125 -7.88236e-16 2.27374e-13 0.0025 1 1 2.5 0.005 183 5 1 3.55271e-19 
-0.03875 -1.00891e-15 3.41061e-13 0.0025 1 1 2.5 0.005 184 5 1 -4.26326e-18 
-0.03625 -2.31177e-16 -1.7053e-13 0.0025 1 1 2.5 0.005 185 4 1 -6.39488e-18 
-0.03375 -1.10263e-15 -2.27374e-13 0.0025 1 1 2.5 0.005 186 4 1 -8.17124e-18 
-0.03125 2.22395e-15 5.68434e-14 0.0025 1 1 2.5 0.005 187 3 1 4.68958e-17 
-0.02875 2.13283e-17 -5.68434e-14 0.0025 1 1 2.5 0.005 188 4 1 -3.94351e-17 
-0.02625 -5.54337e-16 1.65661e-27 0.0025 1 1 2.5 0.005 189 5 1 9.59233e-18 
-0.02375 -1.40219e-15 -1.93271e-27 0.0025 1 1 2.5 0.005 190 3 1 -2.84217e-18 
-0.02125 -2.13038e-15 -5.68434e-14 0.0025 1 1 2.5 0.005 191 4 1 5.68434e-18 
-0.01875 1.27395e-16 5.68434e-14 0.0025 1 1 2.5 0.005 192 5 1 -8.52651e-18 
-0.01625 -2.21613e-15 -1.26218e-27 0.0025 1 1 2.5 0.005 193 4 1 3.19744e-18 
-0.01375 8.22182e-16 4.03574e-43 0.0025 1 1 2.5 0.005 194 3 1 2.84217e-18 
-0.01125 5.36506e-17 1.13687e-13 0.0025 1 1 2.5 0.005 195 4 1 -2.4869e-18 
-0.00875 -6.70861e-16 5.11591e-13 0.0025 1 1 2.5 0.005 196 4 1 3.55271e-19 
-0.00625 6.00082e-16 -5.11591e-13 0.0025 1 1 2.5 0.005 197 4 1 3.55271e-19 
-0.00375 8.7945e-16 6.82121e-13 0.0025 1 1 2.5 0.005 198 4 1 -3.55271e-19 
-0.00125 9.76084e-16 -1.13687e-13 0.0025 1 1 2.5 0.005 199 4 1 6.24001e-33 
0.00125 1.5283e-15 -5.60519e-45 0.0025 1 1 2.5 0.005 200 4 1 -7.10543e-19 
0.00375 1.49974e-15 -2.27374e-13 0.0025 1 1 2.5 0.005 201 4 1 -1.06581e-18 
0.00625 4.52136e-16 3.41061e-13 0.0025 1 1 2.5 0.005 202 5 1 -1.42109e-18 
0.00875 1.00018e-15 1.13687e-13 0.0025 1 1 2.5 0.005 203 4 1 -1.42109e-18 
0.01125 1.06107e-15 5.68434e-13 0.0025 1 1 2.5 0.005 204 4 1 1.77636e-18 
0.01375 8.85853e-16 -3.41061e-13 0.0025 1 1 2.5 0.005 205 5 1 -3.19744e-18 
0.01625 2.40605e-15 -1.36424e-12 0.0025 1 1 2.5 0.005 206 4 1 -1.77636e-18 
0.01875 1.60545e-15 1.36424e-12 0.0025 1 1 2.5 0.005 207 4 1 1.06581e-18 
0.02125 8.58149e-16 -5.68434e-13 0.0025 1 1 2.5 0.005 208 3 1 -3.55271e-18 
0.02375 2.16087e-15 9.66338e-13 0.0025 1 1 2.5 0.005 209 3 1 1.27898e-17 
0.02625 3.17609e-15 -9.09495e-13 0.0025 1 1 2.5 0.005 210 5 1 -1.98952e-17 
0.02875 2.0147e-15 -9.72271e-27 0.0025 1 1 2.5 0.005 211 4 1 1.03029e-17 
0.03125 3.0797e-15 5.68434e-13 0.0025 1 1 2.5 0.005 212 3 1 1.56319e-17 
0.03375 1.25311e-15 -1.59162e-12 0.0025 1 1 2.5 0.005 213 4 1 -7.4607e-18 
0.03625 4.75202e-15 1.08002e-12 0.0025 1 1 2.5 0.005 214 5 1 -1.88294e-17 
0.03875 2.82879e-15 3.41061e-13 0.0025 1 1 2.5 0.005 215 4 1 2.06057e-17 
0.04125 7.86391e-16 -5.68434e-14 0.0025 1 1 2.5 0.005 216 4 1 -9.59233e-18 
0.04375 7.36172e-16 -2.8399e-27 0.0025 1 1 2.5 0.005 217 4 1 -9.23706e-18 
0.04625 1.18358e-15 -5.68434e-14 0.0025 1 1 2.5 0.005 218 3 1 1.49214e-17 
0.04875 7.80302e-16 2.8399e-27 0.0025 1 1 2.5 0.005 219 4 1 -7.81597e-18 
0.05125 -2.50329e-16 -5.11591e-13 0.0025 1 1 2.5 0.005 220 4 1 -3.90799e-18 
0.05375 -3.38524e-15 -5.51381e-12 0.0025 1 1 2.5 0.005 221 3 1 1.63425e-17 
0.05625 -1.16991e-14 -1.47793e-12 0.0025 1 1 2.5 0.005 222 4 1 9.9476e-18 
0.05875 -5.69821e-15 1.52909e-11 0.0025 1 1 2.5 0.005 223 5 1 -1.08358e-16 
0.06125 3.135e-14 8.75389e-12 0.0025 1 1 2.5 0.005 224 4 1 1.80833e-16 
0.06375 -6.09926e-14 -1.45917e-10 0.0025 1 1 2.5 0.005 225 4 1 3.15836e-16 
0.06625 -6.67324e-13 -6.37101e-10 0.0025 1 1 2.5 0.005 226 4 1 9.03455e-16 
0.06875 -2.78929e-12 -1.96792e-09 0.0025 1 1 2.5 0.005 227 4 1 2.35971e-15 
0.07125 -8.66972e-12 -4.97818e-09 0.0025 1 1 2.5 0.005 228 4 1 4.84803e-15 
0.07375 -2.23925e-11 -1.0725e-08 0.0025 1 1 2.5 0.005 229 4 1 8.59366e-15 
0.07625 -4.9875e-11 -1.96742e-08 0.0025 1 1 2.5 0.005 230 4 1 1.17012e-14 
0.07875 -9.60025e-11 -2.89447e-08 0.0025 1 1 2.5 0.005 231 4 1 7.87743e-15 
0.08125 -1.54581e-10 -2.72564e-08 0.0025 1 1 2.5 0.005 232 4 1 -1.81874e-14 
0.08375 -1.82855e-10 1.84577e-08 0.0025 1 1 2.5 0.005 233 3 1 -9.78023e-14 
0.08625 -3.2072e-11 1.86042e-07 0.0025 1 1 2.5 0.005 234 5 1 1.08074e-13 
0.08875 5.76052e-11 -2.56181e-07 0.0025 1 1 2.5 0.005 235 4 1 1.03202e-12 
0.09125 -1.55407e-09 -1.89598e-06 0.0025 1 1 2.5 0.005 236 4 1 3.63001e-12 
0.09375 -8.80768e-09 -7.20006e-06 0.0025 1 1 2.5 0.005 237 4 1 1.05821e-11 
0.09625 -3.2719e-08 -2.17313e-05 0.0025 1 1 2.5 0.005 238 4 1 2.73534e-11 
0.09875 -9.97619e-08 -5.74753e-05 0.0025 1 1 2.5 0.005 239 4 1 6.47107e-11 
0.10125 -2.68794e-07 -0.000138749 0.0025 1 1 2.5 0.005 240 4 1 1.42885e-10 
0.10375 -6.62779e-07 -0.000312209 0.0025 1 1 2.5 0.005 241 4 1 2.98053e-10 
0.10625 -1.52522e-06 -0.00066322 0.0025 1 1 2.5 0.00499999 242 4 1 5.91926e-10 
0.10875 -3.31611e-06 -0.00134113 0.0025 1 1 2.5 0.00499999 243 4 1 1.12524e-09 
0.11125 -6.86781e-06 -0.00259643 0.0025 1.00001 1.00001 2.50001 0.00499997 244 4 1 2.05544e-09 
0.11375 -1.36274e-05 -0.00483246 0.0025 1.00001 1.00002 2.50001 0.00499995 245 4 1 3.61794e-09 
0.11625 -2.60167e-05 -0.0086729 0.0025 1.00002 1.00003 2.50002 0.0049999 246 4 1 6.14902e-09 
0.11875 -4.7942e-05 -0.0150431 0.0025 1.00004 1.00005 2.50004 0.00499981 247 4 1 1.01059e-08 
0.12125 -8.54783e-05 -0.0252582 0.0025 1.00007 1.00009 2.50007 0.00499966 248 4 1 1.60764e-08 
0.12375 -0.000147733 -0.0411011 0.0025 1.00012 1.00016 2.50012 0.00499942 249 4 1 2.47677e-08 
0.126249 -0.000247848 -0.0648638 0.0025 1.00019 1.00027 2.50019 0.00499903 250 4 1 3.69596e-08 
0.128749 -0.00040405 -0.0993104 0.0025 1.00032 1.00045 2.50032 0.00499841 251 4 1 5.34068e-08 
0.131248 -0.00064053 -0.14751 0.0025 1.0005 1.00071 2.5005 0.00499748 252 4 1 7.46782e-08 
0.133746 -0.000987867 -0.212487 0.0025 1.00078 1.0011 2.50078 0.00499611 253 4 1 1.0093e-07 
0.136244 -0.00148259 -0.296664 0.0025 1.00117 1.00165 2.50117 0.00499415 254 4 1 1.31633e-07 
0.13874 -0.00216541 -0.401106 0.0025 1.00171 1.00241 2.50171 0.00499144 255 4 1 1.65304e-07 
0.141235 -0.00307786 -0.524717 0.0025 1.00244 1.00343 2.50244 0.00498781 256 4 1 1.99349e-07 
0.143728 -0.00425733 -0.663588 0.0025 1.00339 1.00476 2.50338 0.00498311 257 4 1 2.30147e-07 
0.146218 -0.005731 -0.810845 0.0025 1.00458 1.00643 2.50457 0.00497721 258 4 1 2.53515e-07 
0.148705 -0.00750999 -0.957241 0.0025 1.00602 1.00845 2.50601 0.00497006 259 4 1 2.65564e-07 
0.151188 -0.0095853 -1.09256 0.0025 1.00772 1.01084 2.5077 0.0049617 260 4 1 2.6374e-07 
0.153667 -0.011927 -1.20742 0.0025 1.00965 1.01355 2.50963 0.00495221 261 4 1 2.47511e-07 
0.156141 -0.0144871 -1.29474 0.0025 1.01178 1.01654 2.51174 0.0049418 262 4 1 2.18066e-07 
0.158609 -0.0172042 -1.34974 0.0025 1.01405 1.01974 2.51401 0.00493071 263 4 1 1.76384e-07 
0.161071 -0.020008 -1.36799 0.0025 1.01642 1.02307 2.51636 0.00491923 264 4 1 1.19655e-07 
0.163528 -0.0228163 -1.3406 0.0025 1.01881 1.02644 2.51873 0.00490769 265 4 1 3.43704e-08 
0.165979 -0.0255196 -1.24354 0.0025 1.02112 1.0297 2.52102 0.00489656 266 4 1 -1.22978e-07 
0.168425 -0.0279335 -1.01974 0.0025 1.02319 1.03261 2.52308 0.00488666 267 4 1 -4.88706e-07 
0.170866 -0.0296202 -0.40889 0.0025 1.0246 1.03452 2.52448 0.00487997 268 3 1 -1.65463e-06 
0.173304 -0.0293163 1.35909 0.0025 1.02386 1.03342 2.52382 0.00488348 269 4 1 -3.42632e-06 
0.175749 -0.022972 4.60077 0.0025 1.01937 1.02726 2.51935 0.00490499 270 4 1 -1.35882e-07 
0.17821 -0.0160143 1.2155 0.0025 1.0147 1.02079 2.51458 0.00492754 271 4 1 3.54613e-06 
0.180677 -0.016122 -0.35227 0.0025 1.01303 1.01821 2.513 0.00493566 272 4 1 -1.09604e-06 
0.183145 -0.0131192 3.42907 0.0025 1.00986 1.01368 2.50999 0.0049512 273 4 1 -3.91432e-06 
0.185628 -0.00302674 5.65126 0.0025 1.00263 1.00375 2.50271 0.00498688 274 4 1 8.85129e-07 
0.188132 0.00615416 2.93013 0.0025 0.995556 0.993901 2.49552 0.00502232 275 4 1 3.47745e-06 
0.19065 0.0105741 1.68146 0.0025 0.990872 0.98722 2.49087 0.00504606 276 4 1 4.95473e-08 
0.193178 0.0162939 3.63444 0.0025 0.985744 0.980051 2.48578 0.00507231 277 4 1 -1.33296e-06 
0.195723 0.0252025 4.35171 0.0025 0.978904 0.97063 2.47883 0.00510775 278 4 1 8.80175e-07 
0.198286 0.0335852 3.41977 0.0025 0.972096 0.961203 2.47188 0.00514352 279 4 1 1.59753e-06 
0.200866 0.0407571 3.23846 0.0025 0.965945 0.952663 2.46563 0.00517628 280 4 1 6.37514e-07 
0.203462 0.0483169 3.53587 0.0025 0.959735 0.9441 2.45929 0.00520977 281 4 1 5.16267e-07 
0.206076 0.056206 3.51784 0.0025 0.953325 0.935288 2.4527 0.0052448 282 4 1 6.73238e-07 
0.208707 0.0642366 3.68879 0.0025 0.946763 0.926284 2.44594 0.00528115 283 4 1 6.15011e-07 
0.211357 0.072779 3.79714 0.0025 0.93999 0.917037 2.43892 0.0053192 284 4 1 9.98824e-07 
0.214027 0.0810983 3.47138 0.0025 0.933336 0.907961 2.43199 0.00535713 285 4 1 1.07488e-06 
0.216714 0.0890616 3.50967 0.0025 0.926842 0.899111 2.42522 0.00539466 286 4 1 6.04654e-07 
0.219421 0.0976132 3.82296 0.0025 0.920109 0.88999 2.41816 0.00543414 287 4 1 7.92488e-07 
0.222149 0.106441 3.62384 0.0025 0.913286 0.880778 2.41096 0.00547474 288 4 1 1.20807e-06 
0.224896 0.114688 3.42743 0.0025 0.90669 0.871868 2.40398 0.00551456 289 4 1 8.27568e-07 
0.227663 0.123237 3.7384 0.0025 0.899998 0.86287 2.39688 0.00555557 290 4 1 6.95348e-07 
0.230452 0.132272 3.72441 0.0025 0.893095 0.853634 2.3895 0.00559851 291 4 1 1.11401e-06 
0.233262 0.1411 3.54871 0.0025 0.886289 0.844536 2.3822 0.0056415 292 4 1 1.06471e-06 
0.236093 0.149834 3.6162 0.0025 0.879532 0.835528 2.37492 0.00568484 293 4 1 8.57204e-07 
0.238947 0.15897 3.71622 0.0025 0.872651 0.8264 2.36747 0.00572966 294 4 1 1.04438e-06 
0.241823 0.168078 3.56638 0.0025 0.865785 0.817313 2.36 0.00577511 295 4 1 1.13799e-06 
0.244722 0.177058 3.57911 0.0025 0.858985 0.808332 2.35257 0.00582082 296 4 1 9.35363e-07 
0.247644 0.186344 3.69243 0.0025 0.852083 0.799258 2.345 0.00586797 297 4 1 1.03737e-06 
0.25059 0.195771 3.60263 0.0025 0.845143 0.790163 2.33733 0.00591616 298 4 1 1.16872e-06 
0.25356 0.20506 3.59441 0.0025 0.838243 0.781141 2.32969 0.00596485 299 4 1 1.05367e-06 
0.256555 0.214612 3.66284 0.0025 0.831284 0.772081 2.32193 0.00601479 300 4 1 1.1251e-06 
0.259575 0.22423 3.58707 0.0025 0.824311 0.763031 2.31412 0.00606567 301 4 1 1.21146e-06 
0.262621 0.233782 3.58401 0.0025 0.817368 0.754045 2.3063 0.00611719 302 4 1 1.11876e-06 
0.265692 0.243575 3.63436 0.0025 0.810373 0.745029 2.29839 0.00617 303 4 1 1.18596e-06 
0.268791 0.253451 3.57494 0.0025 0.803362 0.736021 2.29042 0.00622385 304 4 1 1.23187e-06 
0.271916 0.263333 3.60811 0.0025 0.796344 0.727034 2.28239 0.00627869 305 4 1 1.20285e-06 
0.27507 0.273443 3.60097 0.0025 0.789287 0.718033 2.27428 0.00633483 306 4 1 1.28516e-06 
0.278251 0.28354 3.5716 0.0025 0.782233 0.709064 2.26613 0.00639196 307 4 1 1.28428e-06 
0.281462 0.293758 3.59093 0.0025 0.775163 0.700108 2.25792 0.00645026 308 4 1 1.29931e-06 
0.284702 0.304063 3.56658 0.0025 0.768073 0.691161 2.24963 0.0065098 309 4 1 1.33293e-06 
0.287972 0.314486 3.58185 0.0025 0.760966 0.682224 2.24129 0.0065706 310 4 1 1.34799e-06 
0.291273 0.325046 3.56532 0.0025 0.753835 0.673292 2.23286 0.00663275 311 4 1 1.38975e-06 
0.294605 0.335669 3.57008 0.0025 0.746689 0.664374 2.22437 0.00669623 312 4 1 1.41144e-06 
0.297969 0.346445 3.55624 0.0025 0.739525 0.655468 2.21581 0.0067611 313 4 1 1.45847e-06 
0.301366 0.357247 3.54062 0.0025 0.732358 0.646592 2.2072 0.00682727 314 4 1 1.45753e-06 
0.304796 0.368227 3.55853 0.0025 0.725165 0.63772 2.19851 0.00689498 315 4 1 1.49764e-06 
0.308261 0.379288 3.53007 0.0025 0.717957 0.628865 2.18974 0.00696421 316 4 1 1.55089e-06 
0.311761 0.390467 3.52884 0.0025 0.710749 0.620045 2.18092 0.00703483 317 4 1 1.5716e-06 
0.315296 0.401724 3.50517 0.0025 0.703543 0.611264 2.17205 0.00710688 318 4 1 1.63823e-06 
0.318868 0.413027 3.46147 0.0025 0.696375 0.602564 2.16317 0.00718004 319 4 1 1.6666e-06 
0.322476 0.424316 3.42555 0.0025 0.68926 0.593965 2.15431 0.00725415 320 4 1 1.6865e-06 
0.326122 0.435616 3.37069 0.0025 0.682217 0.585488 2.14548 0.00732904 321 4 1 1.73427e-06 
0.329806 0.4468 3.28351 0.0025 0.675294 0.57719 2.13674 0.00740418 322 4 1 1.77245e-06 
0.333527 0.457779 3.16564 0.0025 0.668545 0.56913 2.12818 0.00747893 323 4 1 1.71998e-06 
0.337285 0.468563 3.08911 0.0025 0.661967 0.561305 2.11978 0.00755325 324 4 1 1.64565e-06 
0.34108 0.47916 2.98983 0.0025 0.655544 0.553695 2.11153 0.00762726 325 4 1 1.58257e-06 
0.344912 0.489616 2.9269 0.0025 0.649254 0.546268 2.10341 0.00770115 326 4 1 1.44644e-06 
0.348781 0.500032 2.92149 0.0025 0.643013 0.538928 2.0953 0.0077759 327 4 1 1.35897e-06 
0.352688 0.510618 2.93058 0.0025 0.636747 0.531588 2.08711 0.00785242 328 4 1 1.32386e-06 
0.356634 0.521401 2.97871 0.0025 0.630398 0.524181 2.07877 0.0079315 329 4 1 1.31568e-06 
0.36062 0.532547 3.04267 0.0025 0.623911 0.516645 2.07019 0.00801397 330 4 1 1.38378e-06 
0.364648 0.544055 3.09945 0.0025 0.617271 0.508965 2.06135 0.00810017 331 4 1 1.47811e-06 
0.36872 0.555948 3.16519 0.0025 0.610473 0.501137 2.05224 0.00819037 332 4 1 1.59154e-06 
0.372839 0.568202 3.21761 0.0025 0.603525 0.493174 2.04287 0.00828466 333 4 1 1.74277e-06 
0.377005 0.580839 3.25362 0.0025 0.596462 0.485117 2.03328 0.00838276 334 4 1 1.93694e-06 
0.381222 0.593642 3.2301 0.0025 0.589365 0.477063 2.02357 0.0084837 335 4 1 2.14463e-06 
0.385489 0.606442 3.15801 0.0025 0.582357 0.469149 2.01391 0.0085858 336 4 1 2.34398e-06 
0.389808 0.618946 2.98001 0.0025 0.575609 0.461567 2.00454 0.00868646 337 4 1 2.54463e-06 
0.394176 0.630585 2.6691 0.0025 0.569364 0.454581 1.99582 0.00878173 338 4 1 2.57466e-06 
0.39859 0.6409 2.29055 0.0025 0.563831 0.448412 1.98804 0.0088679 339 4 1 2.35387e-06 
0.403044 0.649761 1.90902 0.0025 0.559097 0.443147 1.98134 0.008943 340 4 1 1.96673e-06 
0.407533 0.657196 1.58553 0.0025 0.555124 0.438738 1.9757 0.009007 341 4 1 1.52474e-06 
0.412051 0.663513 1.35185 0.0025 0.551793 0.435055 1.97096 0.00906138 342 4 1 1.2607e-06 
0.416595 0.668785 1.0786 0.0025 0.549069 0.43206 1.96706 0.00910633 343 4 1 1.30118e-06 
0.421158 0.672591 0.647174 0.0025 0.54712 0.42992 1.96427 0.00913876 344 4 1 1.26527e-06 
0.425733 0.674484 0.237481 0.0025 0.546048 0.428728 1.96273 0.0091567 345 4 1 7.92255e-07 
0.430314 0.675181 0.0997876 0.0025 0.545578 0.428195 1.96206 0.00916459 346 4 1 2.79987e-07 
0.434898 0.675603 0.0825229 0.0025 0.545337 0.427926 1.96172 0.00916864 347 4 1 1.64622e-07 
0.439483 0.67581 -0.0110356 0.0025 0.545232 0.427811 1.96157 0.00917041 348 5 1 1.3417e-07 
0.444068 0.675721 -0.0154876 0.0025 0.545236 0.427812 1.96159 0.00917035 349 4 1 4.10448e-08 
0.448653 0.67564 -0.0291675 0.0025 0.545275 0.427856 1.96165 0.00916968 350 4 1 2.64706e-08 
0.453238 0.675507 -0.036781 0.0025 0.545337 0.427925 1.96174 0.00916865 351 4 1 2.22749e-08 
0.457822 0.675344 -0.0408961 0.0025 0.545416 0.428013 1.96186 0.00916731 352 4 1 1.25926e-08 
0.462405 0.675166 -0.0421402 0.0025 0.545505 0.428112 1.962 0.00916581 353 4 1 3.56221e-09 
0.466988 0.674983 -0.0411179 0.0025 0.545597 0.428214 1.96213 0.00916427 354 4 1 -1.53733e-09 
0.47157 0.674802 -0.0387736 0.0025 0.545688 0.428315 1.96227 0.00916274 355 4 1 -3.38652e-09 
0.476151 0.674632 -0.0360347 0.0025 0.545775 0.428411 1.9624 0.00916129 356 4 1 -6.2023e-09 
0.480731 0.674476 -0.033149 0.0025 0.545856 0.428502 1.96252 0.00915993 357 4 1 -8.12862e-09 
0.485311 0.674336 -0.0301206 0.0025 0.54593 0.428585 1.96264 0.00915868 358 4 1 -7.95928e-09 
0.48989 0.674211 -0.0269763 0.0025 0.545997 0.42866 1.96274 0.00915756 359 4 1 -8.13882e-09 
0.494468 0.674099 -0.0237405 0.0025 0.546056 0.428727 1.96284 0.00915657 360 4 1 -9.27995e-09 
0.499046 0.673998 -0.0206798 0.0025 0.546108 0.428786 1.96292 0.00915569 361 4 1 -7.27134e-09 
0.503624 0.673907 -0.0181905 0.0025 0.546154 0.428838 1.96299 0.00915493 362 4 1 -4.49297e-09 
0.508201 0.673827 -0.0163319 0.0025 0.546194 0.428884 1.96306 0.00915426 363 4 1 -5.88077e-09 
0.512778 0.673757 -0.0147796 0.0025 0.54623 0.428926 1.96312 0.00915365 364 4 1 -4.92325e-09 
0.517355 0.673696 -0.0132346 0.0025 0.546262 0.428963 1.96318 0.00915312 365 4 1 -2.43661e-09 
0.521931 0.673641 -0.0116841 0.0025 0.54629 0.428996 1.96323 0.00915265 366 4 1 -4.94504e-09 
0.526507 0.673591 -0.0102864 0.0025 0.546314 0.429025 1.96327 0.00915225 367 4 1 -4.29139e-09 
0.531083 0.673546 -0.00915207 0.0025 0.546335 0.429051 1.96332 0.00915189 368 4 1 -7.92284e-10 
0.535659 0.673506 -0.00826326 0.0025 0.546354 0.429074 1.96336 0.00915158 369 4 1 -1.77258e-09 
0.540235 0.673471 -0.00752848 0.0025 0.54637 0.429095 1.96339 0.00915131 370 4 1 -2.78018e-09 
0.544811 0.673439 -0.00686037 0.0025 0.546384 0.429114 1.96343 0.00915107 371 4 1 -1.01115e-09 
0.549386 0.67341 -0.00621493 0.0025 0.546397 0.429132 1.96346 0.00915086 372 4 1 -5.33876e-10 
0.553961 0.673384 -0.00559538 0.0025 0.546408 0.429147 1.96349 0.00915068 373 4 1 -1.93689e-09 
0.558537 0.67336 -0.00503649 0.0025 0.546417 0.429161 1.96352 0.00915052 374 4 1 -5.90388e-10 
0.563112 0.673338 -0.00457428 0.0025 0.546425 0.429174 1.96355 0.00915039 375 4 1 4.03629e-10 
0.567687 0.673318 -0.00421223 0.0025 0.546431 0.429185 1.96358 0.00915028 376 4 1 -1.07582e-09 
0.572262 0.6733 -0.00391075 0.0025 0.546437 0.429196 1.96361 0.00915019 377 4 1 2.08709e-10 
0.576837 0.673284 -0.00361617 0.0025 0.546441 0.429206 1.96364 0.00915012 378 4 1 3.41667e-10 
0.581412 0.673269 -0.00330602 0.0025 0.546444 0.429215 1.96367 0.00915006 379 4 1 3.56317e-10 
0.585987 0.673255 -0.00300505 0.0025 0.546446 0.429223 1.9637 0.00915003 380 4 1 2.00223e-09 
0.590562 0.673242 -0.0027546 0.0025 0.546447 0.429231 1.96373 0.00915001 381 4 1 -1.74438e-09 
0.595137 0.673231 -0.00256821 0.0025 0.546448 0.429238 1.96376 0.00915001 382 3 1 1.02804e-09 
0.599712 0.67322 -0.00241889 0.0025 0.546447 0.429244 1.9638 0.00915002 383 4 1 4.46372e-09 
0.604287 0.67321 -0.00226722 0.0025 0.546445 0.42925 1.96383 0.00915005 384 4 1 -2.04539e-09 
0.608862 0.673201 -0.00209761 0.0025 0.546442 0.429256 1.96387 0.0091501 385 4 1 1.65764e-09 
0.613438 0.673193 -0.00192676 0.0025 0.546439 0.429261 1.9639 0.00915015 386 4 1 3.16418e-09 
0.618013 0.673185 -0.00178099 0.0025 0.546434 0.429266 1.96394 0.00915024 387 4 1 2.52039e-09 
0.622588 0.673178 -0.00166923 0.0025 0.546427 0.429271 1.96399 0.00915034 388 4 1 4.44806e-09 
0.627163 0.673171 -0.00157664 0.0025 0.54642 0.429275 1.96403 0.00915047 389 4 1 -2.51918e-09 
0.631738 0.673165 -0.00148007 0.0025 0.546412 0.429279 1.96408 0.00915061 390 4 1 5.16499e-09 
0.636314 0.67316 -0.00136674 0.0025 0.546402 0.429283 1.96413 0.00915077 391 4 1 4.4236e-09 
0.640889 0.673154 -0.0012401 0.0025 0.546391 0.429286 1.96419 0.00915096 392 4 1 7.88782e-09 
0.645465 0.673149 -0.00111195 0.0025 0.54638 0.429292 1.96425 0.00915114 393 4 1 -3.84076e-09 
0.65004 0.673144 -0.000991462 0.0025 0.546359 0.429295 1.96432 0.00915149 394 4 1 1.43422e-07 
0.654616 0.67314 -0.000880322 0.0025 0.54635 0.429327 1.96455 0.00915164 395 4 1 -1.3896e-07 
0.659192 0.673135 -0.00077533 0.0025 0.545953 0.429173 1.96462 0.00915829 396 5 1 3.48568e-06 
0.663774 0.67313 -0.000673849 0.0025 0.54822 0.430839 1.96848 0.00912043 397 3 1 -1.90587e-05 
0.668312 0.673126 -0.000578707 0.0025 0.536891 0.426171 1.95002 0.00931288 398 4 1 0.000179249 
0.673094 0.673121 -0.000488763 0.0025 0.511035 0.432709 2.15248 0.00978406 399 4 1 -0.000134225 
0.678103 0.673117 -0.000412264 0.0025 0.482791 0.424484 2.15546 0.0103564 400 4 1 0.00026608 
0.683464 0.673112 -0.000354088 0.0025 0.454308 0.432928 2.44415 0.0110057 401 4 1 -0.000240407 
0.68912 0.673107 -0.000320046 0.0025 0.447011 0.427264 2.38023 0.0111854 402 5 1 5.38082e-05 
0.694651 0.673103 -0.000310703 0.0025 0.452442 0.429635 2.37462 0.0110511 403 4 1 -3.01257e-06 
0.700171 0.673099 -0.000314009 0.0025 0.453625 0.429307 2.36522 0.0110223 404 4 1 3.91283e-06 
0.705673 0.673095 -0.000319207 0.0025 0.454706 0.429366 2.36044 0.0109961 405 4 1 1.27164e-06 
0.711167 0.673092 -0.000317951 0.0025 0.45533 0.429341 2.35714 0.010981 406 4 1 8.42973e-07 
0.716654 0.673089 -0.000306477 0.0025 0.455774 0.42933 2.35484 0.0109703 407 4 1 5.44395e-07 
0.722137 0.673086 -0.000284997 0.0025 0.456096 0.429323 2.35318 0.0109626 408 4 1 3.49104e-07 
0.727617 0.673084 -0.000256243 0.0025 0.456337 0.429319 2.35194 0.0109568 409 4 1 2.46733e-07 
0.733094 0.673082 -0.000223828 0.0025 0.456522 0.429317 2.35099 0.0109524 410 4 1 1.77245e-07 
0.738569 0.673079 -0.000190917 0.0025 0.456666 0.429316 2.35025 0.0109489 411 4 1 1.30905e-07 
0.744043 0.673077 -0.000159494 0.0025 0.45678 0.429315 2.34966 0.0109462 412 4 1 9.80246e-08 
0.749515 0.673075 -0.000130284 0.0025 0.456871 0.429314 2.3492 0.010944 413 4 1 7.5423e-08 
0.754987 0.673073 -0.00010314 0.0025 0.456944 0.429314 2.34882 0.0109423 414 4 1 5.8821e-08 
0.760458 0.673071 -7.75118e-05 0.0025 0.457004 0.429314 2.34851 0.0109408 415 4 1 4.63696e-08 
0.765928 0.673069 -5.27006e-05 0.0025 0.457053 0.429314 2.34826 0.0109396 416 4 1 3.69801e-08 
0.771397 0.673067 -2.77735e-05 0.0025 0.457094 0.429313 2.34805 0.0109387 417 4 1 2.9752e-08 
0.776866 0.673065 -1.19746e-06 0.0025 0.457127 0.429313 2.34788 0.0109379 418 4 1 2.40644e-08 
0.782335 0.673063 2.96843e-05 0.0025 0.457155 0.429313 2.34774 0.0109372 419 4 1 1.9583e-08 
0.787804 0.673061 6.93352e-05 0.0025 0.457178 0.429313 2.34762 0.0109367 420 4 1 1.59972e-08 
0.793272 0.673059 0.000125244 0.0025 0.457198 0.429312 2.34752 0.0109362 421 4 1 1.3074e-08 
0.79874 0.673056 0.000210862 0.0025 0.457213 0.429312 2.34743 0.0109358 422 4 1 1.05607e-08 
0.804208 0.673053 0.0003532 0.0025 0.457226 0.429311 2.34736 0.0109355 423 4 1 8.15036e-09 
0.809675 0.673049 0.000611938 0.0025 0.457236 0.429309 2.3473 0.0109353 424 4 1 5.41914e-09 
0.815143 0.673043 0.00112606 0.0025 0.457243 0.429305 2.34724 0.0109351 425 4 1 1.34739e-09 
0.82061 0.673032 0.00222741 0.0025 0.457246 0.429297 2.34719 0.010935 426 3 1 -6.76216e-09 
0.826078 0.673009 0.00470887 0.0025 0.45724 0.429279 2.34713 0.0109352 427 4 1 -2.39692e-08 
0.831546 0.672961 0.0104624 0.0025 0.457216 0.429239 2.34704 0.0109357 428 4 1 -6.23653e-08 
0.837014 0.672852 0.024026 0.0025 0.457153 0.429146 2.34687 0.0109373 429 4 1 -1.52554e-07 
0.842483 0.672597 0.0559761 0.0025 0.456998 0.428928 2.34652 0.010941 430 4 1 -3.6457e-07 
0.847955 0.672001 0.131676 0.0025 0.456625 0.428417 2.34573 0.0109499 431 4 1 -8.43476e-07 
0.853433 0.670603 0.306525 0.0025 0.455752 0.427229 2.34391 0.0109709 432 4 1 -1.90066e-06 
0.858926 0.667372 0.708386 0.0025 0.453746 0.42452 2.33976 0.0110194 433 4 1 -3.89653e-06 
0.864452 0.660005 1.56753 0.0025 0.44936 0.418644 2.33064 0.0111269 434 4 1 -7.17722e-06 
0.870053 0.644422 3.29559 0.0025 0.440293 0.406655 2.31153 0.0113561 435 4 1 -1.00392e-05 
0.875811 0.611434 6.70627 0.0025 0.423226 0.384503 2.27447 0.011814 436 4 1 -5.13697e-06 
0.881876 0.551555 11.6613 0.0025 0.39496 0.348564 2.20947 0.0126595 437 4 1 1.61822e-05 
0.888499 0.437892 23.1751 0.0025 0.352387 0.2968 2.10158 0.0141889 438 4 1 9.05952e-05 
0.89616 0.24771 30.6162 0.0025 0.303422 0.239933 1.96201 0.0164787 439 4 1 0.000227788 
0.90513 0.072082 18.9178 0.0025 0.267169 0.199143 1.84884 0.0187147 440 4 1 0.000233106 
0.914947 -0.000602955 4.06446 0.0025 0.251879 0.182121 1.8007 0.0198508 441 4 1 8.29443e-05 
0.924987 -0.005457 -1.08222 0.0025 0.249308 0.178952 1.793 0.0200555 442 5 1 9.40311e-06 
0.935003 -0.000267014 -0.288416 0.0025 0.24982 0.179305 1.79449 0.0200144 443 4 1 -7.74197e-07 
0.945002 0.000263701 0.0168026 0.0025 0.250029 0.17952 1.79509 0.0199976 444 3 1 -5.1637e-07 
0.955 0.000111096 0.0204816 0.0025 0.250021 0.179521 1.79506 0.0199983 445 4 1 -1.31329e-08 
0.965 2.42802e-05 0.00657428 0.0025 0.250006 0.179506 1.79502 0.0199995 446 4 1 2.41747e-08 
0.975 2.11322e-06 0.00116075 0.0025 0.250001 0.179501 1.795 0.0199999 447 4 1 9.81699e-09 
0.985 -6.98905e-07 -9.98254e-06 0.0025 0.25 0.1795 1.795 0.02 448 4 1 2.06853e-09 
0.995 -1.77219e-07 -5.96034e-05 0.0025 0.25 0.1795 1.795 0.02 449 4 1 2.07311e-11 
1.005 1.77219e-07 5.96034e-05 0.0025 0.25 0.1795 1.795 0.02 450 4 1 2.0731e-11 
1.015 6.98905e-07 9.98255e-06 0.0025 0.25 0.1795 1.795 0.02 451 4 1 2.06853e-09 
1.025 -2.11322e-06 -0.00116075 0.0025 0.250001 0.179501 1.795 0.0199999 452 4 1 9.81699e-09 
1.035 -2.42802e-05 -0.00657428 0.0025 0.250006 0.179506 1.79502 0.0199995 453 4 1 2.41747e-08 
1.045 -0.000111096 -0.0204816 0.0025 0.250021 0.179521 1.79506 0.0199983 454 4 1 -1.31329e-08 
1.055 -0.000263701 -0.0168026 0.0025 0.250029 0.17952 1.79509 0.0199976 455 3 1 -5.1637e-07 
1.065 0.000267014 0.288416 0.0025 0.24982 0.179305 1.79449 0.0200144 456 4 1 -7.74197e-07 
1.07501 0.005457 1.08222 0.0025 0.249308 0.178952 1.793 0.0200555 457 5 1 9.40311e-06 
1.08505 0.000602955 -4.06446 0.0025 0.251879 0.182121 1.8007 0.0198508 458 4 1 8.29443e-05 
1.09487 -0.072082 -18.9178 0.0025 0.267169 0.199143 1.84884 0.0187147 459 4 1 0.000233106 
1.10384 -0.24771 -30.6162 0.0025 0.303422 0.239933 1.96201 0.0164787 460 4 1 0.000227788 
1.1115 -0.437892 -23.1751 0.0025 0.352387 0.2968 2.10158 0.0141889 461 4 1 9.05952e-05 
1.11812 -0.551555 -11.6613 0.0025 0.39496 0.348564 2.20947 0.0126595 462 4 1 1.61822e-05 
1.12419 -0.611434 -6.70627 0.0025 0.423226 0.384503 2.27447 0.011814 463 4 1 -5.13697e-06 
1.12995 -0.644422 -3.29559 0.0025 0.440293 0.406655 2.31153 0.0113561 464 4 1 -1.00392e-05 
1.13555 -0.660005 -1.56753 0.0025 0.44936 0.418644 2.33064 0.0111269 465 4 1 -7.17722e-06 
1.14107 -0.667372 -0.708386 0.0025 0.453746 0.42452 2.33976 0.0110194 466 4 1 -3.89653e-06 
1.14657 -0.670603 -0.306525 0.0025 0.455752 0.427229 2.34391 0.0109709 467 4 1 -1.90066e-06 
1.15205 -0.672001 -0.131676 0.0025 0.456625 0.428417 2.34573 0.0109499 468 4 1 -8.43476e-07 
1.15752 -0.672597 -0.0559761 0.0025 0.456998 0.428928 2.34652 0.010941 469 4 1 -3.6457e-07 
1.16299 -0.672852 -0.024026 0.0025 0.457153 0.429146 2.34687 0.0109373 470 4 1 -1.52554e-07 
1.16845 -0.672961 -0.0104624 0.0025 0.457216 0.429239 2.34704 0.0109357 471 4 1 -6.23653e-08 
1.17392 -0.673009 -0.00470887 0.0025 0.45724 0.429279 2.34713 0.0109352 472 4 1 -2.39692e-08 
1.17939 -0.673032 -0.00222741 0.0025 0.457246 0.429297 2.34719 0.010935 473 3 1 -6.76216e-09 
1.18486 -0.673043 -0.00112606 0.0025 0.457243 0.429305 2.34724 0.0109351 474 4 1 1.34739e-09 
1.19032 -0.673049 -0.000611938 0.0025 0.457236 0.429309 2.3473 0.0109353 475 4 1 5.41914e-09 
1.19579 -0.673053 -0.0003532 0.0025 0.457226 0.429311 2.34736 0.0109355 476 4 1 8.15036e-09 
1.20126 -0.673056 -0.000210862 0.0025 0.457213 0.429312 2.34743 0.0109358 477 4 1 1.05607e-08 
1.20673 -0.673059 -0.000125244 0.0025 0.457198 0.429312 2.34752 0.0109362 478 4 1 1.3074e-08 
1.2122 -0.673061 -6.93352e-05 0.0025 0.457178 0.429313 2.34762 0.0109367 479 4 1 1.59972e-08 
1.21766 -0.673063 -2.96844e-05 0.0025 0.457155 0.429313 2.34774 0.0109372 480 4 1 1.9583e-08 
1.22313 -0.673065 1.19747e-06 0.0025 0.457127 0.429313 2.34788 0.0109379 481 4 1 2.40644e-08 
1.2286 -0.673067 2.77735e-05 0.0025 0.457094 0.429313 2.34805 0.0109387 482 4 1 2.9752e-08 
1.23407 -0.673069 5.27006e-05 0.0025 0.457053 0.429314 2.34826 0.0109396 483 4 1 3.69801e-08 
1.23954 -0.673071 7.75118e-05 0.0025 0.457004 0.429314 2.34851 0.0109408 484 4 1 4.63695e-08 
1.24501 -0.673073 0.00010314 0.0025 0.456944 0.429314 2.34882 0.0109423 485 4 1 5.8821e-08 
1.25048 -0.673075 0.000130284 0.0025 0.456871 0.429314 2.3492 0.010944 486 4 1 7.5423e-08 
1.25596 -0.673077 0.000159494 0.0025 0.45678 0.429315 2.34966 0.0109462 487 4 1 9.80246e-08 
1.26143 -0.673079 0.000190917 0.0025 0.456666 0.429316 2.35025 0.0109489 488 4 1 1.30905e-07 
1.26691 -0.673082 0.000223828 0.0025 0.456522 0.429317 2.35099 0.0109524 489 4 1 1.77245e-07 
1.27238 -0.673084 0.000256243 0.0025 0.456337 0.429319 2.35194 0.0109568 490 4 1 2.46733e-07 
1.27786 -0.673086 0.000284997 0.0025 0.456096 0.429323 2.35318 0.0109626 491 4 1 3.49104e-07 
1.28335 -0.673089 0.000306477 0.0025 0.455774 0.42933 2.35484 0.0109703 492 4 1 5.44395e-07 
1.28883 -0.673092 0.000317951 0.0025 0.45533 0.429341 2.35714 0.010981 493 4 1 8.42973e-07 
1.29433 -0.673095 0.000319207 0.0025 0.454706 0.429366 2.36044 0.0109961 494 4 1 1.27164e-06 
1.29983 -0.673099 0.000314009 0.0025 0.453625 0.429307 2.36522 0.0110223 495 4 1 3.91283e-06 
1.30535 -0.673103 0.000310703 0.0025 0.452442 0.429635 2.37462 0.0110511 496 4 1 -3.01257e-06 
1.31088 -0.673107 0.000320046 0.0025 0.447011 0.427264 2.38023 0.0111854 497 5 1 5.38082e-05 
1.31654 -0.673112 0.000354088 0.0025 0.454308 0.432928 2.44415 0.0110057 498 4 1 -0.000240407 
1.3219 -0.673117 0.000412264 0.0025 0.482791 0.424484 2.15546 0.0103564 499 4 1 0.00026608 
