# Time [s]: 0.278917
# Columns: pos [m], vel [m/s], acc [m/s^2], mass [kg], dens [kg/m^3], pres [Pa], ene [J/kg], sml [m], id, neighbor, alpha, gradh, ...additional?
1.31449 -0.673112 0.000481949 0.0025 0.511043 0.432717 2.15249 0.00978392 0 4 1 -0.000134226 
1.31927 -0.673115 0.000561921 0.0025 0.536899 0.426179 1.95003 0.00931274 1 4 1 0.00017925 
1.32381 -0.673118 0.000640002 0.0025 0.548228 0.430848 1.96849 0.0091203 2 3 1 -1.90587e-05 
1.32839 -0.673121 0.000717579 0.0025 0.545962 0.429182 1.96463 0.00915815 3 5 1 3.48574e-06 
1.33297 -0.673124 0.000788393 0.0025 0.546358 0.429336 1.96456 0.0091515 4 4 1 -1.3886e-07 
1.33754 -0.673127 0.000849228 0.0025 0.546368 0.429305 1.96433 0.00915135 5 4 1 1.43564e-07 
1.34212 -0.67313 0.000902771 0.0025 0.546389 0.429301 1.96427 0.00915099 6 4 1 -3.66254e-09 
1.34669 -0.673134 0.000957447 0.0025 0.5464 0.429297 1.9642 0.0091508 7 4 1 8.07802e-09 
1.35127 -0.673138 0.00102178 0.0025 0.546413 0.429294 1.96415 0.00915059 8 4 1 4.58653e-09 
1.35584 -0.673142 0.00109739 0.0025 0.546423 0.429291 1.9641 0.00915042 9 4 1 5.27512e-09 
1.36042 -0.673146 0.00117736 0.0025 0.546432 0.429288 1.96405 0.00915027 10 4 1 -2.44989e-09 
1.36499 -0.673151 0.00125309 0.0025 0.54644 0.429285 1.964 0.00915013 11 4 1 4.52386e-09 
1.36957 -0.673156 0.00132409 0.0025 0.546448 0.429282 1.96396 0.00915 12 4 1 2.64944e-09 
1.37414 -0.673162 0.00140104 0.0025 0.546454 0.429278 1.96392 0.0091499 13 4 1 3.34986e-09 
1.37872 -0.673168 0.00149739 0.0025 0.546459 0.429274 1.96389 0.00914982 14 4 1 1.85142e-09 
1.38329 -0.673175 0.0016167 0.0025 0.546463 0.42927 1.96386 0.00914975 15 4 1 -1.90064e-09 
1.38787 -0.673182 0.00174871 0.0025 0.546467 0.429266 1.96382 0.00914969 16 4 1 4.55517e-09 
1.39244 -0.67319 0.00187942 0.0025 0.546469 0.429261 1.96379 0.00914965 17 4 1 1.13238e-09 
1.39702 -0.673198 0.00200626 0.0025 0.54647 0.429256 1.96377 0.00914963 18 4 1 -1.54434e-09 
1.40159 -0.673208 0.00214324 0.0025 0.546471 0.42925 1.96374 0.00914961 19 4 1 2.31611e-09 
1.40617 -0.673218 0.00231029 0.0025 0.546471 0.429245 1.96371 0.00914961 20 3 1 7.11386e-10 
1.41074 -0.673229 0.00251656 0.0025 0.546471 0.429238 1.96368 0.00914962 21 4 1 6.41422e-10 
1.41532 -0.67324 0.00275262 0.0025 0.546469 0.429231 1.96366 0.00914965 22 4 1 4.35609e-10 
1.41989 -0.673253 0.00299843 0.0025 0.546466 0.429224 1.96363 0.00914969 23 4 1 -8.24773e-10 
1.42447 -0.673267 0.00324084 0.0025 0.546463 0.429216 1.96361 0.00914975 24 4 1 8.1555e-10 
1.42904 -0.673282 0.00348856 0.0025 0.546459 0.429207 1.96358 0.00914982 25 4 1 3.77094e-11 
1.43362 -0.673298 0.00377356 0.0025 0.546453 0.429197 1.96356 0.00914991 26 4 1 -1.1725e-09 
1.43819 -0.673316 0.00413334 0.0025 0.546447 0.429187 1.96353 0.00915001 27 4 1 2.17891e-10 
1.44277 -0.673336 0.00458038 0.0025 0.54644 0.429176 1.96351 0.00915014 28 4 1 -3.54004e-10 
1.44734 -0.673358 0.00508244 0.0025 0.546431 0.429163 1.96348 0.00915028 29 4 1 -2.13314e-09 
1.45192 -0.673381 0.00558333 0.0025 0.546421 0.429149 1.96345 0.00915045 30 4 1 -9.08222e-10 
1.45649 -0.673407 0.00606426 0.0025 0.54641 0.429134 1.96342 0.00915064 31 4 1 5.08614e-10 
1.46107 -0.673436 0.00659121 0.0025 0.546397 0.429117 1.96339 0.00915086 32 4 1 -2.52674e-09 
1.46564 -0.673468 0.00728091 0.0025 0.546382 0.429098 1.96336 0.0091511 33 4 1 -2.95403e-09 
1.47022 -0.673504 0.00819664 0.0025 0.546366 0.429078 1.96333 0.00915137 34 4 1 -5.81691e-10 
1.47479 -0.673544 0.00928376 0.0025 0.546347 0.429055 1.96329 0.00915169 35 4 1 -3.3622e-09 
1.47937 -0.673587 0.0104289 0.0025 0.546325 0.429029 1.96325 0.00915206 36 4 1 -4.27018e-09 
1.48395 -0.673635 0.0115821 0.0025 0.546301 0.429 1.9632 0.00915247 37 4 1 -2.12704e-09 
1.48852 -0.67369 0.0128134 0.0025 0.546273 0.428967 1.96315 0.00915294 38 4 1 -3.78931e-09 
1.4931 -0.673752 0.0142682 0.0025 0.546241 0.428931 1.9631 0.00915346 39 4 1 -5.26694e-09 
1.49768 -0.673823 0.0160752 0.0025 0.546206 0.42889 1.96304 0.00915405 40 4 1 -4.74365e-09 
-0.497747 -0.673902 0.0182615 0.0025 0.546166 0.428844 1.96298 0.00915473 41 4 1 -5.96384e-09 
-0.493169 -0.67399 0.0207427 0.0025 0.54612 0.428793 1.96291 0.00915549 42 4 1 -7.75915e-09 
-0.488591 -0.674089 0.0234044 0.0025 0.546068 0.428734 1.96282 0.00915636 43 4 1 -7.5521e-09 
-0.484013 -0.6742 0.0261854 0.0025 0.54601 0.428668 1.96273 0.00915734 44 4 1 -6.7347e-09 
-0.479434 -0.674324 0.0291011 0.0025 0.545945 0.428595 1.96263 0.00915844 45 4 1 -8.05584e-09 
-0.474854 -0.674462 0.0321781 0.0025 0.545873 0.428515 1.96252 0.00915964 46 4 1 -8.07293e-09 
-0.470274 -0.674613 0.0352055 0.0025 0.545794 0.428428 1.96241 0.00916096 47 4 1 -5.50936e-09 
-0.465693 -0.674776 0.0376588 0.0025 0.545711 0.428334 1.96228 0.00916237 48 4 1 -3.17654e-09 
-0.461112 -0.674947 0.0392142 0.0025 0.545623 0.428238 1.96215 0.00916383 49 4 1 -3.1975e-10 
-0.456529 -0.675123 0.0396603 0.0025 0.545536 0.428141 1.96202 0.0091653 50 4 1 4.97873e-09 
-0.451946 -0.675293 0.0380294 0.0025 0.545452 0.428048 1.96189 0.0091667 51 4 1 1.22934e-08 
-0.447363 -0.675448 0.0345288 0.0025 0.545378 0.427966 1.96178 0.00916795 52 4 1 1.92657e-08 
-0.442779 -0.675574 0.0278505 0.0025 0.545319 0.427901 1.96169 0.00916894 53 4 1 2.58059e-08 
-0.438194 -0.675652 0.0152019 0.0025 0.545283 0.427859 1.96163 0.00916956 54 4 1 2.79032e-08 
-0.433609 -0.675717 0.0191921 0.0025 0.54527 0.427848 1.96161 0.00916976 55 5 1 1.217e-07 
-0.429024 -0.675651 -0.0752749 0.0025 0.545358 0.427946 1.96173 0.0091683 56 4 1 1.94315e-07 
-0.424441 -0.67518 -0.126441 0.0025 0.545603 0.428216 1.96208 0.00916417 57 4 1 2.13736e-07 
-0.41986 -0.674522 -0.187742 0.0025 0.546025 0.42869 1.96268 0.0091571 58 4 1 5.61723e-07 
-0.415284 -0.673064 -0.493644 0.0025 0.54688 0.429647 1.9639 0.00914278 59 4 1 1.09239e-06 
-0.410717 -0.669963 -0.93064 0.0025 0.548516 0.43145 1.96625 0.0091155 60 4 1 1.30252e-06 
-0.406168 -0.665156 -1.26865 0.0025 0.550977 0.434153 1.96977 0.00907479 61 4 1 1.23696e-06 
-0.401642 -0.659202 -1.49163 0.0025 0.55408 0.437576 1.9742 0.00902396 62 4 1 1.29234e-06 
-0.397144 -0.65233 -1.73227 0.0025 0.557733 0.441622 1.97939 0.00896487 63 4 1 1.57107e-06 
-0.392677 -0.644348 -2.02929 0.0025 0.561986 0.446348 1.98542 0.00889702 64 4 1 1.91745e-06 
-0.388247 -0.63513 -2.35822 0.0025 0.566908 0.451831 1.99235 0.00881978 65 4 1 2.19035e-06 
-0.383857 -0.624722 -2.66426 0.0025 0.572492 0.458069 2.00018 0.00873375 66 4 1 2.29876e-06 
-0.379513 -0.613306 -2.89719 0.0025 0.578628 0.464948 2.00873 0.00864114 67 4 1 2.19203e-06 
-0.375216 -0.601376 -3.00541 0.0025 0.585115 0.472252 2.0177 0.00854533 68 4 1 2.00319e-06 
-0.370967 -0.589293 -3.05069 0.0025 0.591759 0.47977 2.02683 0.00844939 69 4 1 1.83305e-06 
-0.366766 -0.577275 -3.04851 0.0025 0.598435 0.487359 2.03595 0.00835513 70 4 1 1.67278e-06 
-0.362612 -0.565497 -3.02033 0.0025 0.605057 0.494922 2.04493 0.00826368 71 4 1 1.51343e-06 
-0.358502 -0.554007 -2.96121 0.0025 0.611567 0.50239 2.0537 0.00817572 72 4 1 1.40329e-06 
-0.354436 -0.542899 -2.91726 0.0025 0.617943 0.509738 2.06223 0.00809136 73 4 1 1.31845e-06 
-0.350411 -0.53207 -2.862 0.0025 0.624188 0.516964 2.07054 0.0080104 74 4 1 1.2379e-06 
-0.346425 -0.521572 -2.81404 0.0025 0.630302 0.524066 2.07863 0.0079327 75 4 1 1.18497e-06 
-0.342478 -0.51137 -2.76972 0.0025 0.636299 0.531061 2.08651 0.00785794 76 4 1 1.18585e-06 
-0.338567 -0.501357 -2.76295 0.0025 0.642221 0.537995 2.09425 0.00778548 77 4 1 1.19873e-06 
-0.334692 -0.491494 -2.75446 0.0025 0.648109 0.544914 2.10191 0.00771475 78 4 1 1.2569e-06 
-0.330852 -0.481677 -2.80073 0.0025 0.654017 0.551884 2.10955 0.00764506 79 4 1 1.35918e-06 
-0.327047 -0.471767 -2.86986 0.0025 0.660017 0.558987 2.11727 0.00757556 80 4 1 1.43016e-06 
-0.323276 -0.461689 -2.94858 0.0025 0.666144 0.566265 2.12511 0.00750588 81 4 1 1.47588e-06 
-0.319541 -0.451483 -3.02334 0.0025 0.672407 0.573733 2.13307 0.00743597 82 4 1 1.52594e-06 
-0.31584 -0.441085 -3.11396 0.0025 0.678814 0.581399 2.14118 0.00736579 83 4 1 1.55031e-06 
-0.312175 -0.430563 -3.18517 0.0025 0.685356 0.589257 2.14941 0.00729548 84 4 1 1.51554e-06 
-0.308545 -0.419966 -3.22695 0.0025 0.691989 0.597254 2.15771 0.00722554 85 4 1 1.45389e-06 
-0.304949 -0.40942 -3.24174 0.0025 0.698665 0.605335 2.16601 0.00715651 86 4 1 1.45231e-06 
-0.301388 -0.398851 -3.29139 0.0025 0.70538 0.613494 2.17431 0.00708838 87 4 1 1.41226e-06 
-0.297861 -0.388342 -3.28658 0.0025 0.712115 0.621709 2.18259 0.00702134 88 4 1 1.37013e-06 
-0.294366 -0.377938 -3.3101 0.0025 0.718848 0.629954 2.19082 0.00695557 89 4 1 1.35648e-06 
-0.290905 -0.367563 -3.31719 0.0025 0.725584 0.638232 2.199 0.006891 90 4 1 1.30203e-06 
-0.287475 -0.357347 -3.31096 0.0025 0.7323 0.646518 2.20712 0.0068278 91 4 1 1.29006e-06 
-0.284077 -0.347221 -3.32907 0.0025 0.739003 0.654817 2.21518 0.00676587 92 4 1 1.2547e-06 
-0.280709 -0.33717 -3.31518 0.0025 0.745689 0.663125 2.22317 0.00670521 93 4 1 1.24778e-06 
-0.277372 -0.327243 -3.34505 0.0025 0.752364 0.671451 2.23111 0.00664572 94 4 1 1.22995e-06 
-0.274063 -0.317333 -3.33764 0.0025 0.759035 0.679798 2.239 0.00658732 95 4 1 1.17008e-06 
-0.270784 -0.307593 -3.32818 0.0025 0.765673 0.688136 2.24681 0.00653021 96 4 1 1.19219e-06 
-0.267533 -0.297894 -3.365 0.0025 0.772307 0.696498 2.25458 0.00647411 97 4 1 1.13648e-06 
-0.26431 -0.288292 -3.32391 0.0025 0.778919 0.704858 2.26228 0.00641915 98 4 1 1.10503e-06 
-0.261114 -0.27885 -3.34486 0.0025 0.785497 0.713209 2.2699 0.00636539 99 4 1 1.16208e-06 
-0.257944 -0.269388 -3.38659 0.0025 0.792099 0.721613 2.27751 0.00631234 100 4 1 1.09025e-06 
-0.254801 -0.26001 -3.34829 0.0025 0.798685 0.730024 2.28507 0.00626029 101 4 1 1.03714e-06 
-0.251684 -0.250833 -3.34962 0.0025 0.805227 0.738413 2.29254 0.00620943 102 4 1 1.10784e-06 
-0.248592 -0.241597 -3.41214 0.0025 0.811791 0.746851 2.29999 0.00615922 103 4 1 1.01858e-06 
-0.245525 -0.232454 -3.33912 0.0025 0.818328 0.755281 2.30738 0.00611002 104 4 1 9.51865e-07 
-0.242482 -0.223544 -3.34136 0.0025 0.824799 0.763661 2.31466 0.00606208 105 4 1 1.06623e-06 
-0.239463 -0.214588 -3.42103 0.0025 0.831305 0.772107 2.32195 0.00601464 106 4 1 1.02167e-06 
-0.236467 -0.205609 -3.38942 0.0025 0.837826 0.780594 2.32922 0.00596783 107 4 1 8.82986e-07 
-0.233495 -0.19692 -3.32284 0.0025 0.844266 0.789012 2.33636 0.0059223 108 4 1 9.93982e-07 
-0.230545 -0.188203 -3.43819 0.0025 0.85072 0.797471 2.34349 0.00587737 109 4 1 1.01621e-06 
-0.227617 -0.179419 -3.42386 0.0025 0.85722 0.806007 2.35064 0.00583281 110 4 1 8.29315e-07 
-0.224712 -0.170877 -3.32896 0.0025 0.863629 0.814456 2.35765 0.00578952 111 4 1 8.25672e-07 
-0.221828 -0.162544 -3.33718 0.0025 0.869964 0.82284 2.36455 0.00574736 112 4 1 1.03121e-06 
-0.218964 -0.154036 -3.50519 0.0025 0.876395 0.831366 2.37153 0.00570519 113 4 1 9.19332e-07 
-0.216122 -0.145495 -3.39137 0.0025 0.882845 0.839934 2.3785 0.00566351 114 4 1 6.66373e-07 
-0.213301 -0.137407 -3.26287 0.0025 0.889124 0.848318 2.38524 0.00562351 115 4 1 9.24816e-07 
-0.210499 -0.129258 -3.48715 0.0025 0.895449 0.856785 2.39201 0.00558379 116 4 1 1.05609e-06 
-0.207717 -0.120764 -3.54078 0.0025 0.90193 0.865465 2.39893 0.00554367 117 4 1 6.2642e-07 
-0.204955 -0.112657 -3.24311 0.0025 0.908235 0.873942 2.40562 0.00550518 118 4 1 5.84227e-07 
-0.202212 -0.105046 -3.26691 0.0025 0.914345 0.882202 2.41207 0.0054684 119 4 1 1.03388e-06 
-0.199486 -0.0970169 -3.569 0.0025 0.920642 0.89072 2.41871 0.00543099 120 4 1 9.20579e-07 
-0.19678 -0.088793 -3.45466 0.0025 0.927045 0.899386 2.42543 0.00539348 121 4 1 4.83238e-07 
-0.194093 -0.0811765 -3.19535 0.0025 0.933196 0.907757 2.43185 0.00535793 122 4 1 6.99917e-07 
-0.191423 -0.0737035 -3.38909 0.0025 0.939284 0.916072 2.43818 0.00532321 123 4 1 9.91232e-07 
-0.18877 -0.0657824 -3.54214 0.0025 0.945571 0.924658 2.4447 0.00528781 124 4 1 6.74306e-07 
-0.186135 -0.0580347 -3.32418 0.0025 0.951805 0.933194 2.45113 0.00525318 125 4 1 5.16881e-07 
-0.183516 -0.0507333 -3.28301 0.0025 0.957846 0.941509 2.45734 0.00522005 126 4 1 7.86824e-07 
-0.180915 -0.0432146 -3.47243 0.0025 0.963924 0.949877 2.46357 0.00518713 127 4 1 4.60969e-07 
-0.178329 -0.0359282 -3.05463 0.0025 0.969823 0.958007 2.46959 0.00515558 128 4 1 1.27635e-07 
-0.175759 -0.029592 -2.80619 0.0025 0.975322 0.965656 2.47515 0.00512651 129 4 1 1.24909e-06 
-0.173203 -0.0225437 -3.88134 0.0025 0.981335 0.974032 2.48126 0.0050951 130 4 1 1.69742e-06 
-0.170664 -0.0136152 -4.21997 0.0025 0.988142 0.98342 2.48819 0.00506 131 4 1 -8.49084e-07 
-0.168143 -0.00675435 -1.97161 0.0025 0.993661 0.991059 2.49371 0.0050319 132 4 1 -1.57869e-06 
-0.165632 -0.00366478 -1.30898 0.0025 0.997333 0.996327 2.49729 0.00501337 133 4 1 2.19507e-06 
-0.163129 0.00215563 -4.45914 0.0025 1.00252 1.00366 2.50252 0.00498744 134 4 1 3.00976e-06 
-0.160644 0.0125234 -4.86302 0.0025 1.00981 1.01371 2.50992 0.00495141 135 4 1 -2.22004e-06 
-0.158178 0.0185174 -0.915628 0.0025 1.01465 1.02043 2.51469 0.00492779 136 4 1 -3.16552e-06 
-0.155717 0.0184707 0.40345 0.0025 1.01604 1.02258 2.51593 0.00492106 137 4 1 1.52607e-06 
-0.153257 0.0213411 -3.03895 0.0025 1.01854 1.02612 2.51846 0.00490901 138 4 1 1.26636e-06 
-0.150808 0.0270248 -1.87941 0.0025 1.02217 1.03109 2.52213 0.00489155 139 4 1 -2.32368e-06 
-0.148365 0.0281268 0.184167 0.0025 1.02339 1.03281 2.52329 0.00488572 140 3 1 -1.77567e-06 
-0.145922 0.0269631 0.766623 0.0025 1.02242 1.03151 2.52231 0.00489036 141 4 1 -6.15532e-07 
-0.143475 0.0249222 1.08518 0.0025 1.02065 1.02903 2.52056 0.00489884 142 4 1 -2.24602e-07 
-0.141023 0.022464 1.23542 0.0025 1.01853 1.02605 2.51846 0.00490902 143 4 1 -3.3855e-08 
-0.138566 0.0198202 1.2973 0.0025 1.01628 1.02287 2.51622 0.0049199 144 4 1 8.03713e-08 
-0.136103 0.0171376 1.29566 0.0025 1.01401 1.01969 2.51397 0.0049309 145 4 1 1.54221e-07 
-0.133635 0.0145216 1.24795 0.0025 1.01182 1.0166 2.51179 0.00494157 146 4 1 2.02528e-07 
-0.131161 0.0120518 1.16533 0.0025 1.00977 1.01372 2.50975 0.00495162 147 4 1 2.31831e-07 
-0.128683 0.00978811 1.05693 0.0025 1.0079 1.01109 2.50789 0.0049608 148 4 1 2.45593e-07 
-0.126201 0.00777274 0.93121 0.0025 1.00625 1.00877 2.50624 0.00496894 149 4 1 2.45942e-07 
-0.123714 0.00603037 0.796634 0.0025 1.00483 1.00678 2.50482 0.00497596 150 4 1 2.34881e-07 
-0.121225 0.00456826 0.66144 0.0025 1.00365 1.00512 2.50364 0.00498182 151 4 1 2.14867e-07 
-0.118732 0.00337767 0.532914 0.0025 1.00269 1.00378 2.50268 0.00498659 152 4 1 1.8881e-07 
-0.116238 0.00243687 0.41668 0.0025 1.00194 1.00272 2.50193 0.00499034 153 4 1 1.59733e-07 
-0.113742 0.00171527 0.316276 0.0025 1.00136 1.00191 2.50136 0.00499321 154 4 1 1.30357e-07 
-0.111245 0.00117779 0.233156 0.0025 1.00093 1.00131 2.50093 0.00499535 155 4 1 1.02801e-07 
-0.108747 0.000788825 0.167014 0.0025 1.00062 1.00088 2.50062 0.00499689 156 4 1 7.84543e-08 
-0.106248 0.000515215 0.116297 0.0025 1.00041 1.00057 2.5004 0.00499797 157 4 1 5.80105e-08 
-0.103749 0.000328062 0.078744 0.0025 1.00026 1.00036 2.50026 0.00499871 158 4 1 4.15967e-08 
-0.101249 0.000203554 0.0518507 0.0025 1.00016 1.00023 2.50016 0.0049992 159 4 1 2.89434e-08 
-0.0987496 0.000122993 0.0331999 0.0025 1.0001 1.00014 2.5001 0.00499952 160 4 1 1.95496e-08 
-0.0962498 7.23059e-05 0.0206642 0.0025 1.00006 1.00008 2.50006 0.00499972 161 4 1 1.28195e-08 
-0.0937499 4.13105e-05 0.0124949 0.0025 1.00003 1.00005 2.50003 0.00499984 162 4 1 8.15979e-09 
-0.0912499 2.29033e-05 0.00733295 0.0025 1.00002 1.00003 2.50002 0.00499991 163 4 1 5.0393e-09 
-0.08875 1.22986e-05 0.00417154 0.0025 1.00001 1.00001 2.50001 0.00499995 164 4 1 3.01727e-09 
-0.08625 6.38075e-06 0.0022963 0.0025 1.00001 1.00001 2.5 0.00499997 165 4 1 1.74955e-09 
-0.08375 3.18831e-06 0.00122033 0.0025 1 1 2.5 0.00499999 166 4 1 9.80901e-10 
-0.08125 1.52787e-06 0.000624182 0.0025 1 1 2.5 0.00499999 167 4 1 5.30636e-10 
-0.07875 6.98151e-07 0.000306008 0.0025 1 1 2.5 0.005 168 4 1 2.76188e-10 
-0.07625 3.01723e-07 0.000142974 0.0025 1 1 2.5 0.005 169 4 1 1.37776e-10 
-0.07375 1.2184e-07 6.3139e-05 0.0025 1 1 2.5 0.005 170 4 1 6.55186e-11 
-0.07125 4.50868e-08 2.60237e-05 0.0025 1 1 2.5 0.005 171 4 1 2.94732e-11 
-0.06875 1.47694e-08 9.80484e-06 0.0025 1 1 2.5 0.005 172 4 1 1.23924e-11 
-0.06625 3.98266e-09 3.24361e-06 0.0025 1 1 2.5 0.005 173 4 1 4.77648e-12 
-0.06375 7.10781e-10 8.55896e-07 0.0025 1 1 2.5 0.005 174 4 1 1.63526e-12 
-0.06125 -2.06904e-11 1.19611e-07 0.0025 1 1 2.5 0.005 175 4 1 4.66643e-13 
-0.05875 1.37533e-11 -8.32855e-08 0.0025 1 1 2.5 0.005 176 5 1 5.11296e-14 
-0.05625 8.24861e-11 -8.85348e-09 0.0025 1 1 2.5 0.005 177 3 1 -4.36525e-14 
-0.05375 7.04441e-11 1.19927e-08 0.0025 1 1 2.5 0.005 178 4 1 -8.50164e-15 
-0.05125 4.42774e-11 1.29932e-08 0.0025 1 1 2.5 0.005 179 4 1 3.3296e-15 
-0.04875 2.33586e-11 8.97222e-09 0.0025 1 1 2.5 0.005 180 4 1 5.20224e-15 
-0.04625 1.07083e-11 4.96794e-09 0.0025 1 1 2.5 0.005 181 4 1 3.88702e-15 
-0.04375 4.26884e-12 2.35923e-09 0.0025 1 1 2.5 0.005 182 4 1 2.24247e-15 
-0.04125 1.43983e-12 9.59801e-10 0.0025 1 1 2.5 0.005 183 4 1 1.09566e-15 
-0.03875 3.77462e-13 3.30374e-10 0.0025 1 1 2.5 0.005 184 4 1 4.63629e-16 
-0.03625 5.1391e-14 8.4583e-11 0.0025 1 1 2.5 0.005 185 4 1 1.51701e-16 
-0.03375 -1.08495e-14 7.10543e-12 0.0025 1 1 2.5 0.005 186 5 1 4.40536e-17 
-0.03125 -6.82238e-15 -1.3074e-11 0.0025 1 1 2.5 0.005 187 3 1 4.68958e-17 
-0.02875 8.39823e-15 4.54747e-13 0.0025 1 1 2.5 0.005 188 3 1 -4.1922e-17 
-0.02625 4.55323e-15 -5.52203e-27 0.0025 1 1 2.5 0.005 189 4 1 4.61853e-18 
-0.02375 2.63867e-15 2.78533e-12 0.0025 1 1 2.5 0.005 190 4 1 -1.42109e-18 
-0.02125 -3.46017e-16 2.21689e-12 0.0025 1 1 2.5 0.005 191 4 1 6.75016e-18 
-0.01875 2.45268e-15 -1.47793e-12 0.0025 1 1 2.5 0.005 192 4 1 4.43734e-32 
-0.01625 1.89172e-15 7.38964e-13 0.0025 1 1 2.5 0.005 193 4 1 -1.42109e-18 
-0.01375 1.34653e-15 -1.02318e-12 0.0025 1 1 2.5 0.005 194 3 1 2.84217e-18 
-0.01125 1.76627e-15 1.81899e-12 0.0025 1 1 2.5 0.005 195 4 1 -1.77636e-18 
-0.00875 1.05821e-15 -1.47793e-12 0.0025 1 1 2.5 0.005 196 5 1 1.73334e-32 
-0.00625 8.78589e-16 6.25278e-13 0.0025 1 1 2.5 0.005 197 4 1 3.55271e-19 
-0.00375 7.03938e-16 -3.41061e-13 0.0025 1 1 2.5 0.005 198 4 1 3.77482e-33 
-0.00125 1.50052e-15 -4.93038e-29 0.0025 1 1 2.5 0.005 199 4 1 3.55271e-19 
0.00125 1.38896e-15 -3.41061e-13 0.0025 1 1 2.5 0.005 200 3 1 0 
0.00375 1.04505e-15 2.27374e-13 0.0025 1 1 2.5 0.005 201 3 1 7.10543e-19 
0.00625 8.01483e-16 3.41061e-13 0.0025 1 1 2.5 0.005 202 5 1 -7.10543e-19 
0.00875 9.29675e-16 -5.68434e-13 0.0025 1 1 2.5 0.005 203 3 1 -3.55271e-19 
0.01125 1.44544e-15 5.68434e-13 0.0025 1 1 2.5 0.005 204 4 1 2.13163e-18 
0.01375 1.06088e-15 1.13687e-13 0.0025 1 1 2.5 0.005 205 5 1 -4.61853e-18 
0.01625 2.03932e-15 1.7053e-13 0.0025 1 1 2.5 0.005 206 4 1 -1.77636e-18 
0.01875 1.4127e-15 -8.52651e-13 0.0025 1 1 2.5 0.005 207 4 1 4.26326e-18 
0.02125 2.57187e-15 3.41061e-13 0.0025 1 1 2.5 0.005 208 3 1 -2.84217e-18 
0.02375 2.31919e-15 -2.27374e-13 0.0025 1 1 2.5 0.005 209 4 1 1.49214e-17 
0.02625 -8.97361e-16 -1.87583e-12 0.0025 1 1 2.5 0.005 210 4 1 -2.38032e-17 
0.02875 -2.67242e-15 1.7053e-12 0.0025 1 1 2.5 0.005 211 3 1 4.61853e-18 
0.03125 -1.09925e-15 7.10543e-12 0.0025 1 1 2.5 0.005 212 4 1 2.20268e-17 
0.03375 2.23352e-14 -4.14957e-12 0.0025 1 1 2.5 0.005 213 5 1 3.2685e-17 
0.03625 -4.86531e-14 -8.33325e-11 0.0025 1 1 2.5 0.005 214 4 1 1.51701e-16 
0.03875 -3.70079e-13 -3.28441e-10 0.0025 1 1 2.5 0.005 215 4 1 4.76419e-16 
0.04125 -1.43428e-12 -9.62359e-10 0.0025 1 1 2.5 0.005 216 4 1 1.08891e-15 
0.04375 -4.26582e-12 -2.35627e-09 0.0025 1 1 2.5 0.005 217 4 1 2.2407e-15 
0.04625 -1.06978e-11 -4.96942e-09 0.0025 1 1 2.5 0.005 218 4 1 3.89448e-15 
0.04875 -2.33511e-11 -8.97131e-09 0.0025 1 1 2.5 0.005 219 4 1 5.19975e-15 
0.05125 -4.42705e-11 -1.29936e-08 0.0025 1 1 2.5 0.005 220 4 1 3.32889e-15 
0.05375 -7.04332e-11 -1.19931e-08 0.0025 1 1 2.5 0.005 221 4 1 -8.4988e-15 
0.05625 -8.24795e-11 8.85353e-09 0.0025 1 1 2.5 0.005 222 3 1 -4.36327e-14 
0.05875 -1.37472e-11 8.32808e-08 0.0025 1 1 2.5 0.005 223 5 1 5.10596e-14 
0.06125 2.06957e-11 -1.19608e-07 0.0025 1 1 2.5 0.005 224 4 1 4.66715e-13 
0.06375 -7.10777e-10 -8.55902e-07 0.0025 1 1 2.5 0.005 225 4 1 1.63524e-12 
0.06625 -3.98267e-09 -3.24361e-06 0.0025 1 1 2.5 0.005 226 4 1 4.77646e-12 
0.06875 -1.47694e-08 -9.80484e-06 0.0025 1 1 2.5 0.005 227 4 1 1.23925e-11 
0.07125 -4.50868e-08 -2.60237e-05 0.0025 1 1 2.5 0.005 228 4 1 2.94732e-11 
0.07375 -1.2184e-07 -6.3139e-05 0.0025 1 1 2.5 0.005 229 4 1 6.55187e-11 
0.07625 -3.01723e-07 -0.000142974 0.0025 1 1 2.5 0.005 230 4 1 1.37776e-10 
0.07875 -6.98151e-07 -0.000306008 0.0025 1 1 2.5 0.005 231 4 1 2.76188e-10 
0.08125 -1.52787e-06 -0.000624182 0.0025 1 1 2.5 0.00499999 232 4 1 5.30636e-10 
0.08375 -3.18831e-06 -0.00122033 0.0025 1 1 2.5 0.00499999 233 4 1 9.80901e-10 
0.08625 -6.38075e-06 -0.0022963 0.0025 1.00001 1.00001 2.5 0.00499997 234 4 1 1.74955e-09 
0.08875 -1.22986e-05 -0.00417154 0.0025 1.00001 1.00001 2.50001 0.00499995 235 4 1 3.01727e-09 
0.0912499 -2.29033e-05 -0.00733295 0.0025 1.00002 1.00003 2.50002 0.00499991 236 4 1 5.0393e-09 
0.0937499 -4.13105e-05 -0.0124949 0.0025 1.00003 1.00005 2.50003 0.00499984 237 4 1 8.15979e-09 
0.0962498 -7.23059e-05 -0.0206642 0.0025 1.00006 1.00008 2.50006 0.00499972 238 4 1 1.28195e-08 
0.0987496 -0.000122993 -0.0331999 0.0025 1.0001 1.00014 2.5001 0.00499952 239 4 1 1.95496e-08 
0.101249 -0.000203554 -0.0518507 0.0025 1.00016 1.00023 2.50016 0.0049992 240 4 1 2.89434e-08 
0.103749 -0.000328062 -0.078744 0.0025 1.00026 1.00036 2.50026 0.00499871 241 4 1 4.15967e-08 
0.106248 -0.000515215 -0.116297 0.0025 1.00041 1.00057 2.5004 0.00499797 242 4 1 5.80105e-08 
0.108747 -0.000788825 -0.167014 0.0025 1.00062 1.00088 2.50062 0.00499689 243 4 1 7.84543e-08 
0.111245 -0.00117779 -0.233156 0.0025 1.00093 1.00131 2.50093 0.00499535 244 4 1 1.02801e-07 
0.113742 -0.00171527 -0.316276 0.0025 1.00136 1.00191 2.50136 0.00499321 245 4 1 1.30357e-07 
0.116238 -0.00243687 -0.41668 0.0025 1.00194 1.00272 2.50193 0.00499034 246 4 1 1.59733e-07 
0.118732 -0.00337767 -0.532914 0.0025 1.00269 1.00378 2.50268 0.00498659 247 4 1 1.8881e-07 
0.121225 -0.00456826 -0.66144 0.0025 1.00365 1.00512 2.50364 0.00498182 248 4 1 2.14867e-07 
0.123714 -0.00603037 -0.796634 0.0025 1.00483 1.00678 2.50482 0.00497596 249 4 1 2.34881e-07 
0.126201 -0.00777274 -0.93121 0.0025 1.00625 1.00877 2.50624 0.00496894 250 4 1 2.45942e-07 
0.128683 -0.00978811 -1.05693 0.0025 1.0079 1.01109 2.50789 0.0049608 251 4 1 2.45593e-07 
0.131161 -0.0120518 -1.16533 0.0025 1.00977 1.01372 2.50975 0.00495162 252 4 1 2.31831e-07 
0.133635 -0.0145216 -1.24795 0.0025 1.01182 1.0166 2.51179 0.00494157 253 4 1 2.02528e-07 
0.136103 -0.0171376 -1.29566 0.0025 1.01401 1.01969 2.51397 0.0049309 254 4 1 1.54221e-07 
0.138566 -0.0198202 -1.2973 0.0025 1.01628 1.02287 2.51622 0.0049199 255 4 1 8.03713e-08 
0.141023 -0.022464 -1.23542 0.0025 1.01853 1.02605 2.51846 0.00490902 256 4 1 -3.3855e-08 
0.143475 -0.0249222 -1.08518 0.0025 1.02065 1.02903 2.52056 0.00489884 257 4 1 -2.24602e-07 
0.145922 -0.0269631 -0.766623 0.0025 1.02242 1.03151 2.52231 0.00489036 258 4 1 -6.15532e-07 
0.148365 -0.0281268 -0.184167 0.0025 1.02339 1.03281 2.52329 0.00488572 259 3 1 -1.77567e-06 
0.150808 -0.0270248 1.87941 0.0025 1.02217 1.03109 2.52213 0.00489155 260 4 1 -2.32368e-06 
0.153257 -0.0213411 3.03895 0.0025 1.01854 1.02612 2.51846 0.00490901 261 4 1 1.26636e-06 
0.155717 -0.0184707 -0.40345 0.0025 1.01604 1.02258 2.51593 0.00492106 262 4 1 1.52607e-06 
0.158178 -0.0185174 0.915628 0.0025 1.01465 1.02043 2.51469 0.00492779 263 4 1 -3.16552e-06 
0.160644 -0.0125234 4.86302 0.0025 1.00981 1.01371 2.50992 0.00495141 264 4 1 -2.22004e-06 
0.163129 -0.00215563 4.45914 0.0025 1.00252 1.00366 2.50252 0.00498744 265 4 1 3.00976e-06 
0.165632 0.00366478 1.30898 0.0025 0.997333 0.996327 2.49729 0.00501337 266 4 1 2.19507e-06 
0.168143 0.00675435 1.97161 0.0025 0.993661 0.991059 2.49371 0.0050319 267 4 1 -1.57869e-06 
0.170664 0.0136152 4.21997 0.0025 0.988142 0.98342 2.48819 0.00506 268 4 1 -8.49084e-07 
0.173203 0.0225437 3.88134 0.0025 0.981335 0.974032 2.48126 0.0050951 269 4 1 1.69742e-06 
0.175759 0.029592 2.80619 0.0025 0.975322 0.965656 2.47515 0.00512651 270 4 1 1.24909e-06 
0.178329 0.0359282 3.05463 0.0025 0.969823 0.958007 2.46959 0.00515558 271 4 1 1.27635e-07 
0.180915 0.0432146 3.47243 0.0025 0.963924 0.949877 2.46357 0.00518713 272 4 1 4.60969e-07 
0.183516 0.0507333 3.28301 0.0025 0.957846 0.941509 2.45734 0.00522005 273 4 1 7.86824e-07 
0.186135 0.0580347 3.32418 0.0025 0.951805 0.933194 2.45113 0.00525318 274 4 1 5.16881e-07 
0.18877 0.0657824 3.54214 0.0025 0.945571 0.924658 2.4447 0.00528781 275 4 1 6.74306e-07 
0.191423 0.0737035 3.38909 0.0025 0.939284 0.916072 2.43818 0.00532321 276 4 1 9.91232e-07 
0.194093 0.0811765 3.19535 0.0025 0.933196 0.907757 2.43185 0.00535793 277 4 1 6.99917e-07 
0.19678 0.088793 3.45466 0.0025 0.927045 0.899386 2.42543 0.00539348 278 4 1 4.83238e-07 
0.199486 0.0970169 3.569 0.0025 0.920642 0.89072 2.41871 0.00543099 279 4 1 9.20579e-07 
0.202212 0.105046 3.26691 0.0025 0.914345 0.882202 2.41207 0.0054684 280 4 1 1.03388e-06 
0.204955 0.112657 3.24311 0.0025 0.908235 0.873942 2.40562 0.00550518 281 4 1 5.84227e-07 
0.207717 0.120764 3.54078 0.0025 0.90193 0.865465 2.39893 0.00554367 282 4 1 6.2642e-07 
0.210499 0.129258 3.48715 0.0025 0.895449 0.856785 2.39201 0.00558379 283 4 1 1.05609e-06 
0.213301 0.137407 3.26287 0.0025 0.889124 0.848318 2.38524 0.00562351 284 4 1 9.24816e-07 
0.216122 0.145495 3.39137 0.0025 0.882845 0.839934 2.3785 0.00566351 285 4 1 6.66373e-07 
0.218964 0.154036 3.50519 0.0025 0.876395 0.831366 2.37153 0.00570519 286 4 1 9.19332e-07 
0.221828 0.162544 3.33718 0.0025 0.869964 0.82284 2.36455 0.00574736 287 4 1 1.03121e-06 
0.224712 0.170877 3.32896 0.0025 0.863629 0.814456 2.35765 0.00578952 288 4 1 8.25672e-07 
0.227617 0.179419 3.42386 0.0025 0.85722 0.806007 2.35064 0.00583281 289 4 1 8.29315e-07 
0.230545 0.188203 3.43819 0.0025 0.85072 0.797471 2.34349 0.00587737 290 4 1 1.01621e-06 
0.233495 0.19692 3.32284 0.0025 0.844266 0.789012 2.33636 0.0059223 291 4 1 9.93982e-07 
0.236467 0.205609 3.38942 0.0025 0.837826 0.780594 2.32922 0.00596783 292 4 1 8.82986e-07 
0.239463 0.214588 3.42103 0.0025 0.831305 0.772107 2.32195 0.00601464 293 4 1 1.02167e-06 
0.242482 0.223544 3.34136 0.0025 0.824799 0.763661 2.31466 0.00606208 294 4 1 1.06623e-06 
0.245525 0.232454 3.33912 0.0025 0.818328 0.755281 2.30738 0.00611002 295 4 1 9.51865e-07 
0.248592 0.241597 3.41214 0.0025 0.811791 0.746851 2.29999 0.00615922 296 4 1 1.01858e-06 
0.251684 0.250833 3.34962 0.0025 0.805227 0.738413 2.29254 0.00620943 297 4 1 1.10784e-06 
0.254801 0.26001 3.34829 0.0025 0.798685 0.730024 2.28507 0.00626029 298 4 1 1.03714e-06 
0.257944 0.269388 3.38659 0.0025 0.792099 0.721613 2.27751 0.00631234 299 4 1 1.09025e-06 
0.261114 0.27885 3.34486 0.0025 0.785497 0.713209 2.2699 0.00636539 300 4 1 1.16208e-06 
0.26431 0.288292 3.32391 0.0025 0.778919 0.704858 2.26228 0.00641915 301 4 1 1.10503e-06 
0.267533 0.297894 3.365 0.0025 0.772307 0.696498 2.25458 0.00647411 302 4 1 1.13648e-06 
0.270784 0.307593 3.32818 0.0025 0.765673 0.688136 2.24681 0.00653021 303 4 1 1.19219e-06 
0.274063 0.317333 3.33764 0.0025 0.759035 0.679798 2.239 0.00658732 304 4 1 1.17008e-06 
0.277372 0.327243 3.34505 0.0025 0.752364 0.671451 2.23111 0.00664572 305 4 1 1.22995e-06 
0.280709 0.33717 3.31518 0.0025 0.745689 0.663125 2.22317 0.00670521 306 4 1 1.24778e-06 
0.284077 0.347221 3.32907 0.0025 0.739003 0.654817 2.21518 0.00676587 307 4 1 1.2547e-06 
0.287475 0.357347 3.31096 0.0025 0.7323 0.646518 2.20712 0.0068278 308 4 1 1.29006e-06 
0.290905 0.367563 3.31719 0.0025 0.725584 0.638232 2.199 0.006891 309 4 1 1.30203e-06 
0.294366 0.377938 3.3101 0.0025 0.718848 0.629954 2.19082 0.00695557 310 4 1 1.35648e-06 
0.297861 0.388342 3.28658 0.0025 0.712115 0.621709 2.18259 0.00702134 311 4 1 1.37013e-06 
0.301388 0.398851 3.29139 0.0025 0.70538 0.613494 2.17431 0.00708838 312 4 1 1.41226e-06 
0.304949 0.40942 3.24174 0.0025 0.698665 0.605335 2.16601 0.00715651 313 4 1 1.45231e-06 
0.308545 0.419966 3.22695 0.0025 0.691989 0.597254 2.15771 0.00722554 314 4 1 1.45389e-06 
0.312175 0.430563 3.18517 0.0025 0.685356 0.589257 2.14941 0.00729548 315 4 1 1.51554e-06 
0.31584 0.441085 3.11396 0.0025 0.678814 0.581399 2.14118 0.00736579 316 4 1 1.55031e-06 
0.319541 0.451483 3.02334 0.0025 0.672407 0.573733 2.13307 0.00743597 317 4 1 1.52594e-06 
0.323276 0.461689 2.94858 0.0025 0.666144 0.566265 2.12511 0.00750588 318 4 1 1.47588e-06 
0.327047 0.471767 2.86986 0.0025 0.660017 0.558987 2.11727 0.00757556 319 4 1 1.43016e-06 
0.330852 0.481677 2.80073 0.0025 0.654017 0.551884 2.10955 0.00764506 320 4 1 1.35918e-06 
0.334692 0.491494 2.75446 0.0025 0.648109 0.544914 2.10191 0.00771475 321 4 1 1.2569e-06 
0.338567 0.501357 2.76295 0.0025 0.642221 0.537995 2.09425 0.00778548 322 4 1 1.19873e-06 
0.342478 0.51137 2.76972 0.0025 0.636299 0.531061 2.08651 0.00785794 323 4 1 1.18585e-06 
0.346425 0.521572 2.81404 0.0025 0.630302 0.524066 2.07863 0.0079327 324 4 1 1.18497e-06 
0.350411 0.53207 2.862 0.0025 0.624188 0.516964 2.07054 0.0080104 325 4 1 1.2379e-06 
0.354436 0.542899 2.91726 0.0025 0.617943 0.509738 2.06223 0.00809136 326 4 1 1.31845e-06 
0.358502 0.554007 2.96121 0.0025 0.611567 0.50239 2.0537 0.00817572 327 4 1 1.40329e-06 
0.362612 0.565497 3.02033 0.0025 0.605057 0.494922 2.04493 0.00826368 328 4 1 1.51343e-06 
0.366766 0.577275 3.04851 0.0025 0.598435 0.487359 2.03595 0.00835513 329 4 1 1.67278e-06 
0.370967 0.589293 3.05069 0.0025 0.591759 0.47977 2.02683 0.00844939 330 4 1 1.83305e-06 
0.375216 0.601376 3.00541 0.0025 0.585115 0.472252 2.0177 0.00854533 331 4 1 2.00319e-06 
0.379513 0.613306 2.89719 0.0025 0.578628 0.464948 2.00873 0.00864114 332 4 1 2.19203e-06 
0.383857 0.624722 2.66426 0.0025 0.572492 0.458069 2.00018 0.00873375 333 4 1 2.29876e-06 
0.388247 0.63513 2.35822 0.0025 0.566908 0.451831 1.99235 0.00881978 334 4 1 2.19035e-06 
0.392677 0.644348 2.02929 0.0025 0.561986 0.446348 1.98542 0.00889702 335 4 1 1.91745e-06 
0.397144 0.65233 1.73227 0.0025 0.557733 0.441622 1.97939 0.00896487 336 4 1 1.57107e-06 
0.401642 0.659202 1.49163 0.0025 0.55408 0.437576 1.9742 0.00902396 337 4 1 1.29234e-06 
0.406168 0.665156 1.26865 0.0025 0.550977 0.434153 1.96977 0.00907479 338 4 1 1.23696e-06 
0.410717 0.669963 0.93064 0.0025 0.548516 0.43145 1.96625 0.0091155 339 4 1 1.30252e-06 
0.415284 0.673064 0.493644 0.0025 0.54688 0.429647 1.9639 0.00914278 340 4 1 1.09239e-06 
0.41986 0.674522 0.187742 0.0025 0.546025 0.42869 1.96268 0.0091571 341 4 1 5.61723e-07 
0.424441 0.67518 0.126441 0.0025 0.545603 0.428216 1.96208 0.00916417 342 4 1 2.13736e-07 
0.429024 0.675651 0.0752749 0.0025 0.545358 0.427946 1.96173 0.0091683 343 4 1 1.94315e-07 
0.433609 0.675717 -0.0191921 0.0025 0.54527 0.427848 1.96161 0.00916976 344 5 1 1.217e-07 
0.438194 0.675652 -0.0152019 0.0025 0.545283 0.427859 1.96163 0.00916956 345 4 1 2.79032e-08 
0.442779 0.675574 -0.0278505 0.0025 0.545319 0.427901 1.96169 0.00916894 346 4 1 2.58059e-08 
0.447363 0.675448 -0.0345288 0.0025 0.545378 0.427966 1.96178 0.00916795 347 4 1 1.92657e-08 
0.451946 0.675293 -0.0380294 0.0025 0.545452 0.428048 1.96189 0.0091667 348 4 1 1.22934e-08 
0.456529 0.675123 -0.0396603 0.0025 0.545536 0.428141 1.96202 0.0091653 349 4 1 4.97873e-09 
0.461112 0.674947 -0.0392142 0.0025 0.545623 0.428238 1.96215 0.00916383 350 4 1 -3.1975e-10 
0.465693 0.674776 -0.0376588 0.0025 0.545711 0.428334 1.96228 0.00916237 351 4 1 -3.17654e-09 
0.470274 0.674613 -0.0352055 0.0025 0.545794 0.428428 1.96241 0.00916096 352 4 1 -5.50936e-09 
0.474854 0.674462 -0.0321781 0.0025 0.545873 0.428515 1.96252 0.00915964 353 4 1 -8.07293e-09 
0.479434 0.674324 -0.0291011 0.0025 0.545945 0.428595 1.96263 0.00915844 354 4 1 -8.05584e-09 
0.484013 0.6742 -0.0261854 0.0025 0.54601 0.428668 1.96273 0.00915734 355 4 1 -6.7347e-09 
0.488591 0.674089 -0.0234044 0.0025 0.546068 0.428734 1.96282 0.00915636 356 4 1 -7.5521e-09 
0.493169 0.67399 -0.0207427 0.0025 0.54612 0.428793 1.96291 0.00915549 357 4 1 -7.75915e-09 
0.497747 0.673902 -0.0182615 0.0025 0.546166 0.428844 1.96298 0.00915473 358 4 1 -5.96384e-09 
0.502324 0.673823 -0.0160752 0.0025 0.546206 0.42889 1.96304 0.00915405 359 4 1 -4.74365e-09 
0.506901 0.673752 -0.0142682 0.0025 0.546241 0.428931 1.9631 0.00915346 360 4 1 -5.26694e-09 
0.511477 0.67369 -0.0128134 0.0025 0.546273 0.428967 1.96315 0.00915294 361 4 1 -3.78931e-09 
0.516054 0.673635 -0.0115821 0.0025 0.546301 0.429 1.9632 0.00915247 362 4 1 -2.12704e-09 
0.52063 0.673587 -0.0104289 0.0025 0.546325 0.429029 1.96325 0.00915206 363 4 1 -4.27018e-09 
0.525206 0.673544 -0.00928376 0.0025 0.546347 0.429055 1.96329 0.00915169 364 4 1 -3.3622e-09 
0.529781 0.673504 -0.00819664 0.0025 0.546366 0.429078 1.96333 0.00915137 365 4 1 -5.81691e-10 
0.534357 0.673468 -0.00728091 0.0025 0.546382 0.429098 1.96336 0.0091511 366 4 1 -2.95403e-09 
0.538933 0.673436 -0.00659121 0.0025 0.546397 0.429117 1.96339 0.00915086 367 4 1 -2.52674e-09 
0.543508 0.673407 -0.00606426 0.0025 0.54641 0.429134 1.96342 0.00915064 368 4 1 5.08615e-10 
0.548083 0.673381 -0.00558333 0.0025 0.546421 0.429149 1.96345 0.00915045 369 4 1 -9.08222e-10 
0.552658 0.673358 -0.00508244 0.0025 0.546431 0.429163 1.96348 0.00915028 370 4 1 -2.13314e-09 
0.557233 0.673336 -0.00458038 0.0025 0.54644 0.429176 1.96351 0.00915014 371 4 1 -3.54004e-10 
0.561808 0.673316 -0.00413334 0.0025 0.546447 0.429187 1.96353 0.00915001 372 4 1 2.17891e-10 
0.566383 0.673298 -0.00377356 0.0025 0.546453 0.429197 1.96356 0.00914991 373 4 1 -1.1725e-09 
0.570958 0.673282 -0.00348856 0.0025 0.546459 0.429207 1.96358 0.00914982 374 4 1 3.77092e-11 
0.575533 0.673267 -0.00324084 0.0025 0.546463 0.429216 1.96361 0.00914975 375 4 1 8.1555e-10 
0.580108 0.673253 -0.00299843 0.0025 0.546466 0.429224 1.96363 0.00914969 376 4 1 -8.24773e-10 
0.584683 0.67324 -0.00275262 0.0025 0.546469 0.429231 1.96366 0.00914965 377 4 1 4.35609e-10 
0.589258 0.673229 -0.00251656 0.0025 0.546471 0.429238 1.96368 0.00914962 378 4 1 6.41422e-10 
0.593833 0.673218 -0.00231029 0.0025 0.546471 0.429245 1.96371 0.00914961 379 3 1 7.11386e-10 
0.598407 0.673208 -0.00214324 0.0025 0.546471 0.42925 1.96374 0.00914961 380 4 1 2.31611e-09 
0.602982 0.673198 -0.00200626 0.0025 0.54647 0.429256 1.96377 0.00914963 381 4 1 -1.54434e-09 
0.607557 0.67319 -0.00187942 0.0025 0.546469 0.429261 1.96379 0.00914965 382 4 1 1.13238e-09 
0.612132 0.673182 -0.00174871 0.0025 0.546467 0.429266 1.96382 0.00914969 383 4 1 4.55518e-09 
0.616707 0.673175 -0.0016167 0.0025 0.546463 0.42927 1.96386 0.00914975 384 4 1 -1.90064e-09 
0.621282 0.673168 -0.00149739 0.0025 0.546459 0.429274 1.96389 0.00914982 385 4 1 1.85142e-09 
0.625857 0.673162 -0.00140104 0.0025 0.546454 0.429278 1.96392 0.0091499 386 4 1 3.34986e-09 
0.630432 0.673156 -0.00132409 0.0025 0.546448 0.429282 1.96396 0.00915 387 4 1 2.64944e-09 
0.635007 0.673151 -0.00125309 0.0025 0.54644 0.429285 1.964 0.00915013 388 4 1 4.52386e-09 
0.639582 0.673146 -0.00117736 0.0025 0.546432 0.429288 1.96405 0.00915027 389 4 1 -2.44989e-09 
0.644157 0.673142 -0.00109739 0.0025 0.546423 0.429291 1.9641 0.00915042 390 4 1 5.27512e-09 
0.648732 0.673138 -0.00102178 0.0025 0.546413 0.429294 1.96415 0.00915059 391 4 1 4.58653e-09 
0.653307 0.673134 -0.000957447 0.0025 0.5464 0.429297 1.9642 0.0091508 392 4 1 8.07802e-09 
0.657883 0.67313 -0.000902771 0.0025 0.546389 0.429301 1.96427 0.00915099 393 4 1 -3.66254e-09 
0.662458 0.673127 -0.000849228 0.0025 0.546368 0.429305 1.96433 0.00915135 394 4 1 1.43564e-07 
0.667034 0.673124 -0.000788393 0.0025 0.546358 0.429336 1.96456 0.0091515 395 4 1 -1.3886e-07 
0.67161 0.673121 -0.000717579 0.0025 0.545962 0.429182 1.96463 0.00915815 396 5 1 3.48574e-06 
0.676192 0.673118 -0.000640002 0.0025 0.548228 0.430848 1.96849 0.0091203 397 3 1 -1.90587e-05 
0.68073 0.673115 -0.000561921 0.0025 0.536899 0.426179 1.95003 0.00931274 398 4 1 0.00017925 
0.685511 0.673112 -0.00048195 0.0025 0.511043 0.432717 2.15249 0.00978392 399 4 1 -0.000134226 
0.690521 0.673109 -0.000401789 0.0025 0.482798 0.424493 2.15547 0.0103563 400 4 1 0.000266081 
0.695882 0.673106 -0.000319756 0.0025 0.454314 0.432936 2.44416 0.0110056 401 4 1 -0.000240408 
0.701537 0.673102 -0.00023843 0.0025 0.447017 0.427272 2.38025 0.0111853 402 5 1 5.38083e-05 
0.707068 0.673099 -0.000168242 0.0025 0.452448 0.429643 2.37463 0.011051 403 4 1 -3.01285e-06 
0.712588 0.673095 -0.0001131 0.0025 0.453631 0.429314 2.36523 0.0110222 404 4 1 3.91265e-06 
0.718091 0.673092 -7.80428e-05 0.0025 0.454711 0.429373 2.36045 0.010996 405 4 1 1.27156e-06 
0.723584 0.673089 -6.36741e-05 0.0025 0.455335 0.429347 2.35715 0.0109809 406 4 1 8.42983e-07 
0.729072 0.673086 -6.64367e-05 0.0025 0.455779 0.429335 2.35485 0.0109702 407 4 1 5.44477e-07 
0.734554 0.673083 -7.93872e-05 0.0025 0.4561 0.429328 2.35319 0.0109625 408 4 1 3.49226e-07 
0.740034 0.673081 -9.4677e-05 0.0025 0.45634 0.429324 2.35195 0.0109567 409 4 1 2.46863e-07 
0.745511 0.673078 -0.000105879 0.0025 0.456525 0.429321 2.35099 0.0109523 410 4 1 1.77361e-07 
0.750986 0.673076 -0.000109347 0.0025 0.456669 0.42932 2.35025 0.0109489 411 4 1 1.30995e-07 
0.75646 0.673075 -0.000104327 0.0025 0.456783 0.429319 2.34967 0.0109461 412 4 1 9.80859e-08 
0.761932 0.673073 -9.2146e-05 0.0025 0.456874 0.429318 2.3492 0.0109439 413 4 1 7.54613e-08 
0.767404 0.673071 -7.5091e-05 0.0025 0.456947 0.429318 2.34883 0.0109422 414 4 1 5.88444e-08 
0.772875 0.67307 -5.54478e-05 0.0025 0.457007 0.429317 2.34852 0.0109407 415 4 1 4.63865e-08 
0.778345 0.673068 -3.49513e-05 0.0025 0.457056 0.429317 2.34827 0.0109396 416 4 1 3.69981e-08 
0.783814 0.673067 -1.46295e-05 0.0025 0.457097 0.429317 2.34806 0.0109386 417 4 1 2.97786e-08 
0.789283 0.673065 5.12591e-06 0.0025 0.45713 0.429317 2.34789 0.0109378 418 4 1 2.41089e-08 
0.794752 0.673063 2.44517e-05 0.0025 0.457158 0.429317 2.34774 0.0109371 419 4 1 1.96601e-08 
0.80022 0.673062 4.40046e-05 0.0025 0.457181 0.429316 2.34762 0.0109366 420 4 1 1.61325e-08 
0.805689 0.67306 6.51193e-05 0.0025 0.4572 0.429316 2.34752 0.0109361 421 4 1 1.33183e-08 
0.811157 0.673059 9.01967e-05 0.0025 0.457217 0.429316 2.34744 0.0109357 422 4 1 1.10244e-08 
0.816624 0.673057 0.000123508 0.0025 0.45723 0.429315 2.34737 0.0109354 423 4 1 9.09025e-09 
0.822092 0.673055 0.00017295 0.0025 0.457241 0.429315 2.34731 0.0109351 424 4 1 7.44782e-09 
0.82756 0.673053 0.000254181 0.0025 0.45725 0.429314 2.34726 0.0109349 425 4 1 5.93618e-09 
0.833027 0.67305 0.000400705 0.0025 0.457258 0.429313 2.34721 0.0109348 426 4 1 3.91178e-09 
0.838494 0.673047 0.000688371 0.0025 0.457263 0.429311 2.34717 0.0109346 427 4 1 1.21031e-09 
0.843962 0.67304 0.00129446 0.0025 0.457266 0.429306 2.34714 0.0109346 428 3 1 -2.66299e-09 
0.849429 0.673027 0.00264031 0.0025 0.457264 0.429296 2.3471 0.0109346 429 4 1 -1.13662e-08 
0.854896 0.673001 0.00572931 0.0025 0.457252 0.429275 2.34704 0.0109349 430 4 1 -3.22401e-08 
0.860364 0.672941 0.0129457 0.0025 0.457219 0.429225 2.34695 0.0109357 431 4 1 -8.06909e-08 
0.865832 0.672805 0.0299795 0.0025 0.457137 0.429109 2.34676 0.0109376 432 4 1 -1.93823e-07 
0.871301 0.672488 0.0701076 0.0025 0.456939 0.428836 2.34633 0.0109424 433 4 1 -4.57067e-07 
0.876774 0.671741 0.164916 0.0025 0.456471 0.428197 2.34535 0.0109536 434 4 1 -1.04688e-06 
0.882255 0.669997 0.381606 0.0025 0.455382 0.426718 2.3431 0.0109798 435 4 1 -2.3263e-06 
0.887754 0.665971 0.882138 0.0025 0.452901 0.423378 2.33797 0.0110399 436 4 1 -4.60099e-06 
0.893295 0.656955 1.89482 0.0025 0.447575 0.41626 2.32688 0.0111713 437 4 1 -8.21778e-06 
0.898926 0.637965 4.04483 0.0025 0.436728 0.401993 2.30389 0.0114488 438 4 1 -9.74283e-06 
0.904747 0.598722 7.72875 0.0025 0.417087 0.376605 2.26074 0.0119879 439 4 1 -1.8909e-06 
0.910926 0.529093 13.9429 0.0025 0.385214 0.336464 2.18585 0.0129798 440 4 1 2.82167e-05 
0.917767 0.394152 26.5018 0.0025 0.339507 0.281614 2.06646 0.0147272 441 4 1 0.000124185 
0.925772 0.194919 29.2596 0.0025 0.292044 0.227017 1.92724 0.0171207 442 4 1 0.000251604 
0.935031 0.0429038 14.3426 0.0025 0.261308 0.192637 1.83019 0.0191345 443 4 1 0.000198305 
0.944954 -0.00570543 1.80617 0.0025 0.250472 0.180493 1.79644 0.0199623 444 4 1 5.2421e-05 
0.954995 -0.0034853 -1.05929 0.0025 0.249384 0.178958 1.79323 0.0200494 445 5 1 4.26402e-06 
0.965003 9.35218e-05 -0.133177 0.0025 0.249923 0.179403 1.79478 0.0200061 446 4 1 -1.05653e-06 
0.975001 0.000227494 0.0231705 0.0025 0.250033 0.179527 1.79509 0.0199974 447 3 1 -2.96575e-07 
0.985 7.96704e-05 0.0161978 0.0025 0.250016 0.179516 1.79505 0.0199987 448 4 1 1.40343e-08 
0.995 1.41983e-05 0.00382129 0.0025 0.250004 0.179505 1.79501 0.0199997 449 4 1 2.78275e-08 
1.005 -1.41983e-05 -0.00382129 0.0025 0.250004 0.179505 1.79501 0.0199997 450 4 1 2.78275e-08 
1.015 -7.96704e-05 -0.0161978 0.0025 0.250016 0.179516 1.79505 0.0199987 451 4 1 1.40343e-08 
1.025 -0.000227494 -0.0231705 0.0025 0.250033 0.179527 1.79509 0.0199974 452 3 1 -2.96575e-07 
1.035 -9.35218e-05 0.133177 0.0025 0.249923 0.179403 1.79478 0.0200061 453 4 1 -1.05653e-06 
1.045 0.0034853 1.05929 0.0025 0.249384 0.178958 1.79323 0.0200494 454 5 1 4.26402e-06 
1.05505 0.00570543 -1.80617 0.0025 0.250472 0.180493 1.79644 0.0199623 455 4 1 5.2421e-05 
1.06497 -0.0429038 -14.3426 0.0025 0.261308 0.192637 1.83019 0.0191345 456 4 1 0.000198305 
1.07423 -0.194919 -29.2596 0.0025 0.292044 0.227017 1.92724 0.0171207 457 4 1 0.000251604 
1.08223 -0.394152 -26.5018 0.0025 0.339507 0.281614 2.06646 0.0147272 458 4 1 0.000124185 
1.08907 -0.529093 -13.9429 0.0025 0.385214 0.336464 2.18585 0.0129798 459 4 1 2.82167e-05 
1.09525 -0.598722 -7.72875 0.0025 0.417087 0.376605 2.26074 0.0119879 460 4 1 -1.8909e-06 
1.10107 -0.637965 -4.04483 0.0025 0.436728 0.401993 2.30389 0.0114488 461 4 1 -9.74283e-06 
1.1067 -0.656955 -1.89482 0.0025 0.447575 0.41626 2.32688 0.0111713 462 4 1 -8.21778e-06 
1.11225 -0.665971 -0.882138 0.0025 0.452901 0.423378 2.33797 0.0110399 463 4 1 -4.60099e-06 
1.11775 -0.669997 -0.381606 0.0025 0.455382 0.426718 2.3431 0.0109798 464 4 1 -2.3263e-06 
1.12323 -0.671741 -0.164916 0.0025 0.456471 0.428197 2.34535 0.0109536 465 4 1 -1.04688e-06 
1.1287 -0.672488 -0.0701076 0.0025 0.456939 0.428836 2.34633 0.0109424 466 4 1 -4.57067e-07 
1.13417 -0.672805 -0.0299795 0.0025 0.457137 0.429109 2.34676 0.0109376 467 4 1 -1.93823e-07 
1.13964 -0.672941 -0.0129457 0.0025 0.457219 0.429225 2.34695 0.0109357 468 4 1 -8.06909e-08 
1.1451 -0.673001 -0.00572931 0.0025 0.457252 0.429275 2.34704 0.0109349 469 4 1 -3.22401e-08 
1.15057 -0.673027 -0.00264031 0.0025 0.457264 0.429296 2.3471 0.0109346 470 4 1 -1.13662e-08 
1.15604 -0.67304 -0.00129446 0.0025 0.457266 0.429306 2.34714 0.0109346 471 3 1 -2.66299e-09 
1.16151 -0.673047 -0.000688371 0.0025 0.457263 0.429311 2.34717 0.0109346 472 4 1 1.21031e-09 
1.16697 -0.67305 -0.000400705 0.0025 0.457258 0.429313 2.34721 0.0109348 473 4 1 3.91178e-09 
1.17244 -0.673053 -0.000254181 0.0025 0.45725 0.429314 2.34726 0.0109349 474 4 1 5.93618e-09 
1.17791 -0.673055 -0.00017295 0.0025 0.457241 0.429315 2.34731 0.0109351 475 4 1 7.44782e-09 
1.18338 -0.673057 -0.000123508 0.0025 0.45723 0.429315 2.34737 0.0109354 476 4 1 9.09025e-09 
1.18884 -0.673059 -9.01967e-05 0.0025 0.457217 0.429316 2.34744 0.0109357 477 4 1 1.10244e-08 
1.19431 -0.67306 -6.51193e-05 0.0025 0.4572 0.429316 2.34752 0.0109361 478 4 1 1.33183e-08 
1.19978 -0.673062 -4.40046e-05 0.0025 0.457181 0.429316 2.34762 0.0109366 479 4 1 1.61325e-08 
1.20525 -0.673063 -2.44517e-05 0.0025 0.457158 0.429317 2.34774 0.0109371 480 4 1 1.96601e-08 
1.21072 -0.673065 -5.12589e-06 0.0025 0.45713 0.429317 2.34789 0.0109378 481 4 1 2.41089e-08 
1.21619 -0.673067 1.46295e-05 0.0025 0.457097 0.429317 2.34806 0.0109386 482 4 1 2.97786e-08 
1.22166 -0.673068 3.49514e-05 0.0025 0.457056 0.429317 2.34827 0.0109396 483 4 1 3.69981e-08 
1.22713 -0.67307 5.54477e-05 0.0025 0.457007 0.429317 2.34852 0.0109407 484 4 1 4.63865e-08 
1.2326 -0.673071 7.50911e-05 0.0025 0.456947 0.429318 2.34883 0.0109422 485 4 1 5.88444e-08 
1.23807 -0.673073 9.21459e-05 0.0025 0.456874 0.429318 2.3492 0.0109439 486 4 1 7.54613e-08 
1.24354 -0.673075 0.000104327 0.0025 0.456783 0.429319 2.34967 0.0109461 487 4 1 9.80859e-08 
1.24901 -0.673076 0.000109347 0.0025 0.456669 0.42932 2.35025 0.0109489 488 4 1 1.30995e-07 
1.25449 -0.673078 0.000105879 0.0025 0.456525 0.429321 2.35099 0.0109523 489 4 1 1.77361e-07 
1.25997 -0.673081 9.4677e-05 0.0025 0.45634 0.429324 2.35195 0.0109567 490 4 1 2.46863e-07 
1.26545 -0.673083 7.93872e-05 0.0025 0.4561 0.429328 2.35319 0.0109625 491 4 1 3.49226e-07 
1.27093 -0.673086 6.64367e-05 0.0025 0.455779 0.429335 2.35485 0.0109702 492 4 1 5.44477e-07 
1.27642 -0.673089 6.36741e-05 0.0025 0.455335 0.429347 2.35715 0.0109809 493 4 1 8.42983e-07 
1.28191 -0.673092 7.80428e-05 0.0025 0.454711 0.429373 2.36045 0.010996 494 4 1 1.27156e-06 
1.28741 -0.673095 0.0001131 0.0025 0.453631 0.429314 2.36523 0.0110222 495 4 1 3.91265e-06 
1.29293 -0.673099 0.000168242 0.0025 0.452448 0.429643 2.37463 0.011051 496 4 1 -3.01285e-06 
1.29846 -0.673102 0.00023843 0.0025 0.447017 0.427272 2.38025 0.0111853 497 5 1 5.38083e-05 
1.30412 -0.673106 0.000319756 0.0025 0.454314 0.432936 2.44416 0.0110056 498 4 1 -0.000240408 
1.30948 -0.673109 0.000401789 0.0025 0.482798 0.424493 2.15547 0.0103563 499 4 1 0.000266081 
