# Time [s]: 0.301101
# Columns: pos [m], vel [m/s], acc [m/s^2], mass [kg], dens [kg/m^3], pres [Pa], ene [J/kg], sml [m], id, neighbor, alpha, gradh, ...additional?
1.29956 -0.673102 0.000467345 0.0025 0.511048 0.432724 2.1525 0.00978382 0 4 1 -0.000134226 
1.30434 -0.673103 0.000501439 0.0025 0.536904 0.426186 1.95004 0.00931264 1 4 1 0.000179251 
1.30888 -0.673105 0.00053172 0.0025 0.548234 0.430855 1.9685 0.0091202 2 3 1 -1.90586e-05 
1.31346 -0.673107 0.000562552 0.0025 0.545968 0.429189 1.96464 0.00915805 3 5 1 3.48583e-06 
1.31803 -0.673109 0.000594095 0.0025 0.546365 0.429343 1.96457 0.00915139 4 4 1 -1.3875e-07 
1.32261 -0.673111 0.000624793 0.0025 0.546375 0.429312 1.96434 0.00915123 5 4 1 1.43655e-07 
1.32718 -0.673113 0.000653619 0.0025 0.546396 0.42931 1.96428 0.00915086 6 4 1 -3.58431e-09 
1.33176 -0.673116 0.000682466 0.0025 0.546409 0.429306 1.96421 0.00915066 7 4 1 8.15816e-09 
1.33634 -0.673119 0.00071567 0.0025 0.546421 0.429304 1.96416 0.00915045 8 4 1 4.67603e-09 
1.34091 -0.673122 0.000756797 0.0025 0.546432 0.429302 1.96411 0.00915026 9 4 1 5.36934e-09 
1.34549 -0.673125 0.000805609 0.0025 0.546442 0.4293 1.96407 0.0091501 10 4 1 -2.36418e-09 
1.35006 -0.673128 0.00085841 0.0025 0.546452 0.429297 1.96402 0.00914994 11 4 1 4.59314e-09 
1.35464 -0.673132 0.000911896 0.0025 0.54646 0.429295 1.96398 0.0091498 12 4 1 2.71052e-09 
1.35921 -0.673136 0.000967064 0.0025 0.546467 0.429293 1.96394 0.00914968 13 4 1 3.42355e-09 
1.36378 -0.67314 0.00102925 0.0025 0.546473 0.42929 1.96391 0.00914958 14 4 1 1.95325e-09 
1.36836 -0.673145 0.00110383 0.0025 0.546479 0.429287 1.96388 0.00914949 15 4 1 -1.77579e-09 
1.37293 -0.67315 0.00119118 0.0025 0.546483 0.429284 1.96385 0.00914941 16 4 1 4.68202e-09 
1.37751 -0.673156 0.00128568 0.0025 0.546487 0.429281 1.96382 0.00914935 17 4 1 1.24735e-09 
1.38208 -0.673162 0.00138019 0.0025 0.54649 0.429278 1.96379 0.0091493 18 4 1 -1.42846e-09 
1.38666 -0.673168 0.00147297 0.0025 0.546492 0.429274 1.96377 0.00914926 19 4 1 2.46572e-09 
1.39123 -0.673175 0.00157139 0.0025 0.546494 0.42927 1.96374 0.00914923 20 4 1 9.18122e-10 
1.39581 -0.673182 0.00168813 0.0025 0.546495 0.429266 1.96372 0.00914921 21 4 1 8.95676e-10 
1.40038 -0.67319 0.00183123 0.0025 0.546496 0.429261 1.9637 0.0091492 22 3 1 7.02142e-10 
1.40496 -0.673199 0.00199536 0.0025 0.546495 0.429256 1.96368 0.00914921 23 4 1 -5.72165e-10 
1.40953 -0.673208 0.00216367 0.0025 0.546495 0.429251 1.96365 0.00914922 24 4 1 1.06747e-09 
1.41411 -0.673218 0.00232277 0.0025 0.546493 0.429245 1.96363 0.00914925 25 4 1 3.38886e-10 
1.41868 -0.673229 0.00247985 0.0025 0.546491 0.429238 1.96361 0.00914929 26 4 1 -7.6971e-10 
1.42326 -0.673241 0.00266424 0.0025 0.546488 0.429232 1.96359 0.00914934 27 4 1 7.36215e-10 
1.42783 -0.673254 0.00290642 0.0025 0.546484 0.429224 1.96357 0.0091494 28 4 1 2.36901e-10 
1.4324 -0.673269 0.00321038 0.0025 0.54648 0.429216 1.96355 0.00914947 29 4 1 -1.54549e-09 
1.43698 -0.673284 0.00354708 0.0025 0.546475 0.429208 1.96353 0.00914956 30 4 1 -3.65828e-10 
1.44155 -0.6733 0.00387894 0.0025 0.546468 0.429198 1.96351 0.00914966 31 4 1 1.07115e-09 
1.44613 -0.673318 0.00419526 0.0025 0.546461 0.429187 1.96349 0.00914979 32 4 1 -1.76704e-09 
1.4507 -0.673338 0.00452677 0.0025 0.546453 0.429176 1.96346 0.00914992 33 4 1 -1.8266e-09 
1.45528 -0.67336 0.00492674 0.0025 0.546444 0.429163 1.96344 0.00915007 34 4 1 9.11999e-10 
1.45985 -0.673384 0.00543502 0.0025 0.546433 0.42915 1.96341 0.00915025 35 4 1 -1.70505e-09 
1.46443 -0.673411 0.00605416 0.0025 0.546421 0.429134 1.96339 0.00915045 36 4 1 -2.67244e-09 
1.469 -0.67344 0.00675651 0.0025 0.546408 0.429118 1.96336 0.00915067 37 4 1 -6.13558e-10 
1.47358 -0.673473 0.00751617 0.0025 0.546392 0.429099 1.96333 0.00915093 38 4 1 -2.14716e-09 
1.47816 -0.673508 0.0083374 0.0025 0.546375 0.429078 1.96329 0.00915122 39 4 1 -3.19379e-09 
1.48273 -0.673548 0.00925354 0.0025 0.546355 0.429054 1.96326 0.00915155 40 4 1 -2.0507e-09 
1.48731 -0.673592 0.0102996 0.0025 0.546333 0.429028 1.96322 0.00915192 41 4 1 -2.70612e-09 
1.49188 -0.673642 0.0114938 0.0025 0.546308 0.428999 1.96318 0.00915234 42 4 1 -4.21961e-09 
1.49646 -0.673698 0.0128565 0.0025 0.54628 0.428967 1.96313 0.00915281 43 4 1 -4.12106e-09 
-0.498964 -0.673762 0.0144386 0.0025 0.546248 0.428931 1.96308 0.00915335 44 4 1 -3.78902e-09 
-0.494387 -0.673833 0.0163023 0.0025 0.546212 0.42889 1.96302 0.00915395 45 4 1 -5.86283e-09 
-0.48981 -0.673912 0.0184447 0.0025 0.546171 0.428843 1.96295 0.00915464 46 4 1 -6.85356e-09 
-0.485233 -0.674001 0.0207234 0.0025 0.546125 0.428791 1.96288 0.00915541 47 4 1 -5.7645e-09 
-0.480655 -0.674101 0.0228861 0.0025 0.546074 0.428733 1.9628 0.00915628 48 4 1 -5.72062e-09 
-0.476076 -0.674215 0.0248344 0.0025 0.546016 0.42867 1.96271 0.00915723 49 4 1 -6.10121e-09 
-0.471497 -0.674345 0.0269476 0.0025 0.545955 0.4286 1.96262 0.00915827 50 4 1 -5.97841e-09 
-0.466918 -0.67449 0.0297772 0.0025 0.545888 0.428526 1.96252 0.00915939 51 4 1 -5.86918e-09 
-0.462338 -0.674645 0.0331101 0.0025 0.545815 0.428445 1.96241 0.00916061 52 4 1 -6.41362e-09 
-0.457757 -0.674806 0.0358537 0.0025 0.545736 0.428358 1.96229 0.00916193 53 4 1 -4.55534e-09 
-0.453176 -0.674972 0.0372384 0.0025 0.545655 0.428267 1.96217 0.0091633 54 4 1 6.50312e-10 
-0.448594 -0.675138 0.0373281 0.0025 0.545573 0.428176 1.96205 0.00916468 55 4 1 6.23523e-09 
-0.444011 -0.675295 0.0356996 0.0025 0.545495 0.42809 1.96193 0.00916598 56 4 1 1.11725e-08 
-0.439428 -0.675434 0.0314993 0.0025 0.545427 0.428015 1.96183 0.00916713 57 4 1 1.87971e-08 
-0.434844 -0.675547 0.0247557 0.0025 0.545375 0.427957 1.96175 0.00916801 58 4 1 2.72144e-08 
-0.43026 -0.675611 0.0121362 0.0025 0.545344 0.427922 1.9617 0.00916853 59 4 1 1.85282e-08 
-0.425676 -0.675657 0.0218311 0.0025 0.54533 0.427909 1.96168 0.00916876 60 5 1 1.02407e-07 
-0.421091 -0.675607 -0.0617315 0.0025 0.545401 0.427991 1.96178 0.00916756 61 4 1 2.14048e-07 
-0.416508 -0.675115 -0.142521 0.0025 0.545647 0.428261 1.96213 0.00916344 62 4 1 2.35676e-07 
-0.411928 -0.67435 -0.203085 0.0025 0.546083 0.428746 1.96275 0.00915612 63 4 1 4.4361e-07 
-0.407352 -0.673031 -0.417678 0.0025 0.546863 0.429619 1.96386 0.00914306 64 4 1 9.13999e-07 
-0.402785 -0.670334 -0.817684 0.0025 0.548305 0.431213 1.96593 0.00911901 65 4 1 1.24437e-06 
-0.398233 -0.665962 -1.19003 0.0025 0.55056 0.433692 1.96916 0.00908166 66 4 1 1.23922e-06 
-0.393703 -0.660278 -1.43461 0.0025 0.553496 0.436925 1.97335 0.00903349 67 4 1 1.18117e-06 
-0.389199 -0.65374 -1.62746 0.0025 0.556946 0.440741 1.97826 0.00897753 68 4 1 1.30864e-06 
-0.384725 -0.646342 -1.85703 0.0025 0.560883 0.445111 1.98384 0.00891452 69 4 1 1.55712e-06 
-0.380285 -0.63797 -2.11424 0.0025 0.56535 0.450084 1.99015 0.00884408 70 4 1 1.8052e-06 
-0.375881 -0.628617 -2.3829 0.0025 0.570373 0.455691 1.9972 0.00876619 71 4 1 1.97163e-06 
-0.371518 -0.618295 -2.61666 0.0025 0.575914 0.461895 2.00494 0.00868186 72 4 1 1.97328e-06 
-0.367199 -0.607364 -2.76586 0.0025 0.581845 0.46856 2.01317 0.00859335 73 4 1 1.84326e-06 
-0.362925 -0.596098 -2.83359 0.0025 0.587998 0.475504 2.02166 0.00850344 74 4 1 1.6764e-06 
-0.358695 -0.584838 -2.84558 0.0025 0.594227 0.482566 2.0302 0.00841429 75 4 1 1.53688e-06 
-0.35451 -0.57369 -2.83508 0.0025 0.600444 0.489645 2.03866 0.00832718 76 4 1 1.42197e-06 
-0.350368 -0.562771 -2.80628 0.0025 0.606597 0.496683 2.04699 0.0082427 77 4 1 1.30374e-06 
-0.346267 -0.552127 -2.75799 0.0025 0.612649 0.503632 2.05513 0.00816127 78 4 1 1.21412e-06 
-0.342207 -0.541805 -2.71536 0.0025 0.618585 0.510476 2.06307 0.00808297 79 4 1 1.15546e-06 
-0.338184 -0.531705 -2.6764 0.0025 0.62441 0.517218 2.07082 0.00800756 80 4 1 1.09566e-06 
-0.334199 -0.521886 -2.63424 0.0025 0.630129 0.523861 2.07838 0.00793489 81 4 1 1.05038e-06 
-0.330249 -0.512305 -2.60009 0.0025 0.635749 0.530415 2.08578 0.00786473 82 4 1 1.04486e-06 
-0.326334 -0.502912 -2.58813 0.0025 0.641303 0.536914 2.09304 0.00779663 83 4 1 1.05758e-06 
-0.322452 -0.49363 -2.58742 0.0025 0.646824 0.543397 2.10023 0.00773008 84 4 1 1.07633e-06 
-0.318604 -0.48446 -2.6 0.0025 0.652342 0.5499 2.10738 0.00766469 85 4 1 1.1414e-06 
-0.314788 -0.47523 -2.65221 0.0025 0.657909 0.556483 2.11455 0.00759984 86 4 1 1.21309e-06 
-0.311004 -0.465912 -2.71331 0.0025 0.66357 0.563199 2.12181 0.00753501 87 4 1 1.26827e-06 
-0.307252 -0.456453 -2.78771 0.0025 0.669346 0.570074 2.12918 0.00746997 88 4 1 1.28332e-06 
-0.303534 -0.446866 -2.83699 0.0025 0.675233 0.577105 2.13664 0.00740485 89 4 1 1.31634e-06 
-0.299847 -0.437193 -2.91747 0.0025 0.681232 0.584296 2.14422 0.00733965 90 4 1 1.34172e-06 
-0.296194 -0.427364 -2.97442 0.0025 0.687342 0.591643 2.15189 0.0072744 91 4 1 1.28274e-06 
-0.292573 -0.417528 -2.99078 0.0025 0.693511 0.599089 2.15959 0.00720969 92 4 1 1.25777e-06 
-0.288984 -0.407746 -3.02599 0.0025 0.699716 0.606606 2.1673 0.00714576 93 4 1 1.25005e-06 
-0.285427 -0.397938 -3.04703 0.0025 0.705953 0.614188 2.17501 0.00708262 94 4 1 1.19547e-06 
-0.281901 -0.388234 -3.04327 0.0025 0.712192 0.6218 2.18267 0.00702058 95 4 1 1.18915e-06 
-0.278406 -0.378565 -3.07306 0.0025 0.718435 0.629443 2.1903 0.00695957 96 4 1 1.16597e-06 
-0.274942 -0.368952 -3.06726 0.0025 0.724678 0.637114 2.1979 0.00689961 97 4 1 1.12361e-06 
-0.271506 -0.359482 -3.07166 0.0025 0.730903 0.644789 2.20543 0.00684085 98 4 1 1.1218e-06 
-0.268101 -0.350034 -3.0855 0.0025 0.737122 0.652481 2.21292 0.00678314 99 4 1 1.07451e-06 
-0.264723 -0.340717 -3.06377 0.0025 0.743317 0.660171 2.22034 0.00672661 100 4 1 1.06864e-06 
-0.261374 -0.33149 -3.08799 0.0025 0.749495 0.667867 2.2277 0.00667116 101 4 1 1.08559e-06 
-0.258052 -0.322282 -3.10364 0.0025 0.755684 0.675599 2.23504 0.00661652 102 4 1 1.0275e-06 
-0.254757 -0.313178 -3.08308 0.0025 0.761852 0.683331 2.24232 0.00656295 103 4 1 1.00221e-06 
-0.251489 -0.304196 -3.09041 0.0025 0.767994 0.691058 2.24953 0.00651047 104 4 1 1.04267e-06 
-0.248247 -0.295212 -3.13124 0.0025 0.77415 0.698823 2.25673 0.0064587 105 4 1 9.64059e-07 
-0.24503 -0.286338 -3.07467 0.0025 0.780277 0.706577 2.26385 0.00640798 106 4 1 9.2827e-07 
-0.241839 -0.277615 -3.09155 0.0025 0.786361 0.714305 2.2709 0.0063584 107 4 1 1.00406e-06 
-0.238672 -0.268868 -3.13876 0.0025 0.792471 0.722086 2.27794 0.00630938 108 4 1 9.62744e-07 
-0.235529 -0.260152 -3.12156 0.0025 0.798585 0.729894 2.28495 0.00626107 109 4 1 8.64619e-07 
-0.23241 -0.251607 -3.0755 0.0025 0.804642 0.737658 2.29187 0.00621395 110 4 1 9.31677e-07 
-0.229315 -0.243139 -3.15055 0.0025 0.810701 0.745449 2.29875 0.0061675 111 4 1 9.57866e-07 
-0.226243 -0.234574 -3.15305 0.0025 0.816795 0.7533 2.30565 0.00612149 112 4 1 8.16356e-07 
-0.223193 -0.22624 -3.07976 0.0025 0.822825 0.761098 2.31244 0.00607663 113 4 1 8.31846e-07 
-0.220166 -0.218021 -3.11627 0.0025 0.828814 0.768869 2.31916 0.00603272 114 4 1 9.20796e-07 
-0.217161 -0.209728 -3.16807 0.0025 0.834846 0.776714 2.3259 0.00598913 115 4 1 8.70316e-07 
-0.214177 -0.201467 -3.15183 0.0025 0.840887 0.784589 2.33262 0.0059461 116 4 1 7.55929e-07 
-0.211214 -0.193381 -3.08356 0.0025 0.846857 0.7924 2.33922 0.00590418 117 4 1 8.00664e-07 
-0.208273 -0.185411 -3.13931 0.0025 0.852805 0.800207 2.34578 0.00586301 118 4 1 9.13612e-07 
-0.205351 -0.177296 -3.21972 0.0025 0.858825 0.808122 2.35239 0.00582191 119 4 1 7.80073e-07 
-0.202451 -0.169256 -3.12712 0.0025 0.86482 0.816024 2.35895 0.00578155 120 4 1 6.29012e-07 
-0.19957 -0.161554 -3.04234 0.0025 0.870683 0.823786 2.36533 0.00574262 121 4 1 8.00052e-07 
-0.196708 -0.153867 -3.17779 0.0025 0.876565 0.831594 2.37171 0.00570408 122 4 1 9.29835e-07 
-0.193866 -0.145888 -3.26177 0.0025 0.882576 0.839579 2.3782 0.00566524 123 4 1 6.82697e-07 
-0.191043 -0.138103 -3.09649 0.0025 0.888519 0.847498 2.38459 0.00562734 124 4 1 5.39508e-07 
-0.188238 -0.130719 -3.02082 0.0025 0.894292 0.855229 2.39077 0.00559101 125 4 1 8.44055e-07 
-0.185452 -0.123181 -3.25746 0.0025 0.900156 0.863095 2.39703 0.00555459 126 4 1 9.24297e-07 
-0.182684 -0.115307 -3.29109 0.0025 0.906177 0.871174 2.40344 0.00551768 127 4 1 5.30484e-07 
-0.179934 -0.107815 -3.03424 0.0025 0.912036 0.879065 2.40964 0.00548224 128 4 1 4.37911e-07 
-0.177201 -0.100784 -2.97898 0.0025 0.917676 0.886699 2.41558 0.00544855 129 4 1 8.38502e-07 
-0.174485 -0.0935182 -3.26364 0.0025 0.923447 0.894521 2.42165 0.0054145 130 4 1 9.03592e-07 
-0.171787 -0.0858717 -3.29039 0.0025 0.929406 0.902598 2.4279 0.00537978 131 4 1 4.94372e-07 
-0.169105 -0.0785992 -3.03833 0.0025 0.935209 0.910492 2.43394 0.0053464 132 4 1 4.19712e-07 
-0.16644 -0.0717752 -2.99358 0.0025 0.940805 0.918142 2.43975 0.0053146 133 4 1 7.87325e-07 
-0.163791 -0.0646947 -3.2581 0.0025 0.94652 0.925965 2.44567 0.00528251 134 4 1 8.22666e-07 
-0.161158 -0.0573111 -3.26425 0.0025 0.95239 0.933998 2.45174 0.00524995 135 4 1 3.90754e-07 
-0.158541 -0.0503602 -2.95755 0.0025 0.958057 0.941783 2.45755 0.0052189 136 4 1 3.85589e-07 
-0.155939 -0.0438368 -2.98801 0.0025 0.963526 0.949337 2.46315 0.00518927 137 4 1 8.56857e-07 
-0.153351 -0.0368806 -3.35168 0.0025 0.969196 0.957165 2.46895 0.00515891 138 4 1 5.61674e-07 
-0.15078 -0.0297712 -3.0141 0.0025 0.974837 0.964938 2.4747 0.00512906 139 4 1 -2.56679e-07 
-0.148222 -0.0240209 -2.28374 0.0025 0.979816 0.971864 2.47971 0.005103 140 4 1 6.0554e-07 
-0.145677 -0.0184354 -3.13181 0.0025 0.98489 0.978985 2.48482 0.00507671 141 4 1 2.14927e-06 
-0.143146 -0.010247 -4.4648 0.0025 0.991264 0.987816 2.49132 0.00504406 142 4 1 1.14001e-07 
-0.140633 -0.00225872 -2.63702 0.0025 0.997213 0.996001 2.49731 0.00501398 143 4 1 -2.47902e-06 
-0.138132 0.000658532 -0.353685 0.0025 1.00053 1.00072 2.50051 0.00499738 144 4 1 4.44683e-07 
-0.135635 0.0034818 -2.79908 0.0025 1.00389 1.00559 2.50384 0.00498062 145 4 1 3.75155e-06 
-0.133151 0.01228 -5.18824 0.0025 1.0102 1.01434 2.51027 0.00494949 146 4 1 -2.83091e-07 
-0.130686 0.0201535 -2.01798 0.0025 1.01595 1.02225 2.51599 0.00492152 147 4 1 -3.50428e-06 
-0.128229 0.0213347 0.400369 0.0025 1.01796 1.0252 2.51787 0.00491178 148 4 1 -3.32591e-07 
-0.125774 0.0221978 -1.40594 0.0025 1.01919 1.02702 2.5191 0.00490584 149 4 1 8.04628e-07 
-0.123324 0.0253727 -1.1681 0.0025 1.02112 1.02965 2.52105 0.00489659 150 4 1 -1.21966e-06 
-0.120877 0.0260586 0.102353 0.0025 1.02179 1.03058 2.5217 0.00489337 151 3 1 -1.21227e-06 
-0.11843 0.0251854 0.573636 0.0025 1.02099 1.0295 2.5209 0.00489719 152 4 1 -5.38721e-07 
-0.11598 0.0235258 0.89426 0.0025 1.01952 1.02743 2.51944 0.00490427 153 4 1 -2.69086e-07 
-0.113526 0.0213996 1.08145 0.0025 1.01767 1.02483 2.5176 0.00491318 154 4 1 -9.69299e-08 
-0.111067 0.0190188 1.17782 0.0025 1.01563 1.02196 2.51558 0.00492304 155 4 1 2.7209e-08 
-0.108603 0.0165432 1.20154 0.0025 1.01354 1.01901 2.5135 0.00493321 156 4 1 1.15442e-07 
-0.106134 0.0140966 1.17018 0.0025 1.01149 1.01613 2.51146 0.00494321 157 4 1 1.74191e-07 
-0.10366 0.0117711 1.0985 0.0025 1.00956 1.01341 2.50953 0.00495267 158 4 1 2.088e-07 
-0.101181 0.00963222 0.999222 0.0025 1.00779 1.01093 2.50777 0.00496135 159 4 1 2.24278e-07 
-0.0986983 0.00772232 0.883139 0.0025 1.00622 1.00873 2.50621 0.00496908 160 4 1 2.25003e-07 
-0.096212 0.00606371 0.759438 0.0025 1.00487 1.00683 2.50486 0.00497577 161 4 1 2.1472e-07 
-0.0937225 0.00466175 0.635816 0.0025 1.00373 1.00524 2.50373 0.00498141 162 4 1 1.96697e-07 
-0.0912305 0.00350785 0.518422 0.0025 1.0028 1.00393 2.5028 0.00498604 163 4 1 1.7382e-07 
-0.0887365 0.00258284 0.411755 0.0025 1.00206 1.00289 2.50205 0.00498974 164 4 1 1.48607e-07 
-0.0862408 0.00186047 0.318627 0.0025 1.00148 1.00208 2.50147 0.00499262 165 4 1 1.23148e-07 
-0.0837439 0.00131077 0.240274 0.0025 1.00104 1.00146 2.50104 0.00499481 166 4 1 9.90435e-08 
-0.081246 0.000903076 0.176607 0.0025 1.00071 1.001 2.50071 0.00499643 167 4 1 7.73835e-08 
-0.0787474 0.000608297 0.126551 0.0025 1.00048 1.00068 2.50048 0.0049976 168 4 1 5.87768e-08 
-0.0762484 0.000400479 0.0884171 0.0025 1.00032 1.00044 2.50031 0.00499842 169 4 1 4.34239e-08 
-0.073749 0.000257608 0.0602343 0.0025 1.0002 1.00029 2.5002 0.00499898 170 4 1 3.12163e-08 
-0.0712494 0.000161828 0.040009 0.0025 1.00013 1.00018 2.50013 0.00499936 171 4 1 2.18406e-08 
-0.0687497 9.92213e-05 0.0259054 0.0025 1.00008 1.00011 2.50008 0.00499961 172 4 1 1.48737e-08 
-0.0662498 5.93321e-05 0.016345 0.0025 1.00005 1.00007 2.50005 0.00499977 173 4 1 9.85874e-09 
-0.0637499 3.45701e-05 0.010044 0.0025 1.00003 1.00004 2.50003 0.00499986 174 4 1 6.35888e-09 
-0.0612499 1.96031e-05 0.00600663 0.0025 1.00002 1.00002 2.50002 0.00499992 175 4 1 3.98956e-09 
-0.05875 1.08025e-05 0.00349231 0.0025 1.00001 1.00001 2.50001 0.00499996 176 4 1 2.43328e-09 
-0.05625 5.77427e-06 0.00197143 0.0025 1 1.00001 2.5 0.00499998 177 4 1 1.44147e-09 
-0.05375 2.98692e-06 0.00107868 0.0025 1 1 2.5 0.00499999 178 4 1 8.28448e-10 
-0.05125 1.49071e-06 0.000570792 0.0025 1 1 2.5 0.00499999 179 4 1 4.61205e-10 
-0.04875 7.14964e-07 0.000291257 0.0025 1 1 2.5 0.005 180 4 1 2.48202e-10 
-0.04625 3.27769e-07 0.000142759 0.0025 1 1 2.5 0.005 181 4 1 1.28773e-10 
-0.04375 1.42557e-07 6.6857e-05 0.0025 1 1 2.5 0.005 182 4 1 6.41765e-11 
-0.04125 5.81767e-08 2.96908e-05 0.0025 1 1 2.5 0.005 183 4 1 3.05696e-11 
-0.03875 2.1894e-08 1.23618e-05 0.0025 1 1 2.5 0.005 184 4 1 1.3819e-11 
-0.03625 7.37391e-09 4.73714e-06 0.0025 1 1 2.5 0.005 185 4 1 5.86547e-12 
-0.03375 2.09297e-09 1.61447e-06 0.0025 1 1 2.5 0.005 186 4 1 2.29771e-12 
-0.03125 4.25649e-10 4.53431e-07 0.0025 1 1 2.5 0.005 187 4 1 8.0489e-13 
-0.02875 1.83894e-11 8.86668e-08 0.0025 1 1 2.5 0.005 188 4 1 2.44364e-13 
-0.02625 -6.21338e-12 -3.49386e-08 0.0025 1 1 2.5 0.005 189 5 1 4.16073e-14 
-0.02375 3.06184e-11 -7.8179e-09 0.0025 1 1 2.5 0.005 190 4 1 -1.68193e-14 
-0.02125 2.96105e-11 3.54157e-09 0.0025 1 1 2.5 0.005 191 3 1 -5.64384e-15 
-0.01875 1.97763e-11 5.25085e-09 0.0025 1 1 2.5 0.005 192 4 1 7.15517e-16 
-0.01625 1.09334e-11 3.89468e-09 0.0025 1 1 2.5 0.005 193 4 1 1.99876e-15 
-0.01375 5.26051e-12 2.27709e-09 0.0025 1 1 2.5 0.005 194 4 1 1.65841e-15 
-0.01125 2.22166e-12 1.13931e-09 0.0025 1 1 2.5 0.005 195 4 1 1.0079e-15 
-0.00875 8.10375e-13 4.94651e-10 0.0025 1 1 2.5 0.005 196 4 1 5.27933e-16 
-0.00625 2.41643e-13 1.83945e-10 0.0025 1 1 2.5 0.005 197 4 1 2.34124e-16 
-0.00375 5.06707e-14 5.70708e-11 0.0025 1 1 2.5 0.005 198 4 1 8.84626e-17 
-0.00125 6.35814e-15 1.52909e-11 0.0025 1 1 2.5 0.005 199 5 1 3.19744e-17 
0.00125 1.40606e-15 -1.54046e-11 0.0025 1 1 2.5 0.005 200 4 1 3.73035e-17 
0.00375 -4.44003e-14 -5.65024e-11 0.0025 1 1 2.5 0.005 201 4 1 8.73968e-17 
0.00625 -2.36021e-13 -1.83377e-10 0.0025 1 1 2.5 0.005 202 4 1 2.33058e-16 
0.00875 -8.05306e-13 -4.94083e-10 0.0025 1 1 2.5 0.005 203 4 1 5.25446e-16 
0.01125 -2.2158e-12 -1.13857e-09 0.0025 1 1 2.5 0.005 204 4 1 1.01679e-15 
0.01375 -5.25381e-12 -2.27772e-09 0.0025 1 1 2.5 0.005 205 4 1 1.64562e-15 
0.01625 -1.0925e-11 -3.894e-09 0.0025 1 1 2.5 0.005 206 4 1 2.01013e-15 
0.01875 -1.9768e-11 -5.24932e-09 0.0025 1 1 2.5 0.005 207 4 1 7.08411e-16 
0.02125 -2.96033e-11 -3.54288e-09 0.0025 1 1 2.5 0.005 208 3 1 -5.64384e-15 
0.02375 -3.06109e-11 7.81722e-09 0.0025 1 1 2.5 0.005 209 4 1 -1.68029e-14 
0.02625 6.22497e-12 3.4939e-08 0.0025 1 1 2.5 0.005 210 5 1 4.15728e-14 
0.02875 -1.8381e-11 -8.8666e-08 0.0025 1 1 2.5 0.005 211 4 1 2.44418e-13 
0.03125 -4.25641e-10 -4.53435e-07 0.0025 1 1 2.5 0.005 212 4 1 8.04864e-13 
0.03375 -2.09297e-09 -1.61447e-06 0.0025 1 1 2.5 0.005 213 4 1 2.29769e-12 
0.03625 -7.37391e-09 -4.73714e-06 0.0025 1 1 2.5 0.005 214 4 1 5.86547e-12 
0.03875 -2.1894e-08 -1.23618e-05 0.0025 1 1 2.5 0.005 215 4 1 1.3819e-11 
0.04125 -5.81767e-08 -2.96908e-05 0.0025 1 1 2.5 0.005 216 4 1 3.05696e-11 
0.04375 -1.42557e-07 -6.6857e-05 0.0025 1 1 2.5 0.005 217 4 1 6.41765e-11 
0.04625 -3.27769e-07 -0.000142759 0.0025 1 1 2.5 0.005 218 4 1 1.28773e-10 
0.04875 -7.14964e-07 -0.000291257 0.0025 1 1 2.5 0.005 219 4 1 2.48202e-10 
0.05125 -1.49071e-06 -0.000570792 0.0025 1 1 2.5 0.00499999 220 4 1 4.61205e-10 
0.05375 -2.98692e-06 -0.00107868 0.0025 1 1 2.5 0.00499999 221 4 1 8.28448e-10 
0.05625 -5.77427e-06 -0.00197143 0.0025 1 1.00001 2.5 0.00499998 222 4 1 1.44147e-09 
0.05875 -1.08025e-05 -0.00349231 0.0025 1.00001 1.00001 2.50001 0.00499996 223 4 1 2.43328e-09 
0.0612499 -1.96031e-05 -0.00600663 0.0025 1.00002 1.00002 2.50002 0.00499992 224 4 1 3.98956e-09 
0.0637499 -3.45701e-05 -0.010044 0.0025 1.00003 1.00004 2.50003 0.00499986 225 4 1 6.35888e-09 
0.0662498 -5.93321e-05 -0.016345 0.0025 1.00005 1.00007 2.50005 0.00499977 226 4 1 9.85874e-09 
0.0687497 -9.92213e-05 -0.0259054 0.0025 1.00008 1.00011 2.50008 0.00499961 227 4 1 1.48737e-08 
0.0712494 -0.000161828 -0.040009 0.0025 1.00013 1.00018 2.50013 0.00499936 228 4 1 2.18406e-08 
0.073749 -0.000257608 -0.0602343 0.0025 1.0002 1.00029 2.5002 0.00499898 229 4 1 3.12163e-08 
0.0762484 -0.000400479 -0.0884171 0.0025 1.00032 1.00044 2.50031 0.00499842 230 4 1 4.34239e-08 
0.0787474 -0.000608297 -0.126551 0.0025 1.00048 1.00068 2.50048 0.0049976 231 4 1 5.87768e-08 
0.081246 -0.000903076 -0.176607 0.0025 1.00071 1.001 2.50071 0.00499643 232 4 1 7.73835e-08 
0.0837439 -0.00131077 -0.240274 0.0025 1.00104 1.00146 2.50104 0.00499481 233 4 1 9.90435e-08 
0.0862408 -0.00186047 -0.318627 0.0025 1.00148 1.00208 2.50147 0.00499262 234 4 1 1.23148e-07 
0.0887365 -0.00258284 -0.411755 0.0025 1.00206 1.00289 2.50205 0.00498974 235 4 1 1.48607e-07 
0.0912305 -0.00350785 -0.518422 0.0025 1.0028 1.00393 2.5028 0.00498604 236 4 1 1.7382e-07 
0.0937225 -0.00466175 -0.635816 0.0025 1.00373 1.00524 2.50373 0.00498141 237 4 1 1.96697e-07 
0.096212 -0.00606371 -0.759438 0.0025 1.00487 1.00683 2.50486 0.00497577 238 4 1 2.1472e-07 
0.0986983 -0.00772232 -0.883139 0.0025 1.00622 1.00873 2.50621 0.00496908 239 4 1 2.25003e-07 
0.101181 -0.00963222 -0.999222 0.0025 1.00779 1.01093 2.50777 0.00496135 240 4 1 2.24278e-07 
0.10366 -0.0117711 -1.0985 0.0025 1.00956 1.01341 2.50953 0.00495267 241 4 1 2.088e-07 
0.106134 -0.0140966 -1.17018 0.0025 1.01149 1.01613 2.51146 0.00494321 242 4 1 1.74191e-07 
0.108603 -0.0165432 -1.20154 0.0025 1.01354 1.01901 2.5135 0.00493321 243 4 1 1.15442e-07 
0.111067 -0.0190188 -1.17782 0.0025 1.01563 1.02196 2.51558 0.00492304 244 4 1 2.7209e-08 
0.113526 -0.0213996 -1.08145 0.0025 1.01767 1.02483 2.5176 0.00491318 245 4 1 -9.69299e-08 
0.11598 -0.0235258 -0.89426 0.0025 1.01952 1.02743 2.51944 0.00490427 246 4 1 -2.69086e-07 
0.11843 -0.0251854 -0.573636 0.0025 1.02099 1.0295 2.5209 0.00489719 247 4 1 -5.38721e-07 
0.120877 -0.0260586 -0.102353 0.0025 1.02179 1.03058 2.5217 0.00489337 248 3 1 -1.21227e-06 
0.123324 -0.0253727 1.1681 0.0025 1.02112 1.02965 2.52105 0.00489659 249 4 1 -1.21966e-06 
0.125774 -0.0221978 1.40594 0.0025 1.01919 1.02702 2.5191 0.00490584 250 4 1 8.04628e-07 
0.128229 -0.0213347 -0.400369 0.0025 1.01796 1.0252 2.51787 0.00491178 251 4 1 -3.32591e-07 
0.130686 -0.0201535 2.01798 0.0025 1.01595 1.02225 2.51599 0.00492152 252 4 1 -3.50428e-06 
0.133151 -0.01228 5.18824 0.0025 1.0102 1.01434 2.51027 0.00494949 253 4 1 -2.83091e-07 
0.135635 -0.0034818 2.79908 0.0025 1.00389 1.00559 2.50384 0.00498062 254 4 1 3.75155e-06 
0.138132 -0.000658532 0.353685 0.0025 1.00053 1.00072 2.50051 0.00499738 255 4 1 4.44683e-07 
0.140633 0.00225872 2.63702 0.0025 0.997213 0.996001 2.49731 0.00501398 256 4 1 -2.47902e-06 
0.143146 0.010247 4.4648 0.0025 0.991264 0.987816 2.49132 0.00504406 257 4 1 1.14001e-07 
0.145677 0.0184354 3.13181 0.0025 0.98489 0.978985 2.48482 0.00507671 258 4 1 2.14927e-06 
0.148222 0.0240209 2.28374 0.0025 0.979816 0.971864 2.47971 0.005103 259 4 1 6.0554e-07 
0.15078 0.0297712 3.0141 0.0025 0.974837 0.964938 2.4747 0.00512906 260 4 1 -2.56679e-07 
0.153351 0.0368806 3.35168 0.0025 0.969196 0.957165 2.46895 0.00515891 261 4 1 5.61674e-07 
0.155939 0.0438368 2.98801 0.0025 0.963526 0.949337 2.46315 0.00518927 262 4 1 8.56857e-07 
0.158541 0.0503602 2.95755 0.0025 0.958057 0.941783 2.45755 0.0052189 263 4 1 3.85589e-07 
0.161158 0.0573111 3.26425 0.0025 0.95239 0.933998 2.45174 0.00524995 264 4 1 3.90754e-07 
0.163791 0.0646947 3.2581 0.0025 0.94652 0.925965 2.44567 0.00528251 265 4 1 8.22666e-07 
0.16644 0.0717752 2.99358 0.0025 0.940805 0.918142 2.43975 0.0053146 266 4 1 7.87325e-07 
0.169105 0.0785992 3.03833 0.0025 0.935209 0.910492 2.43394 0.0053464 267 4 1 4.19712e-07 
0.171787 0.0858717 3.29039 0.0025 0.929406 0.902598 2.4279 0.00537978 268 4 1 4.94372e-07 
0.174485 0.0935182 3.26364 0.0025 0.923447 0.894521 2.42165 0.0054145 269 4 1 9.03592e-07 
0.177201 0.100784 2.97898 0.0025 0.917676 0.886699 2.41558 0.00544855 270 4 1 8.38502e-07 
0.179934 0.107815 3.03424 0.0025 0.912036 0.879065 2.40964 0.00548224 271 4 1 4.37911e-07 
0.182684 0.115307 3.29109 0.0025 0.906177 0.871174 2.40344 0.00551768 272 4 1 5.30484e-07 
0.185452 0.123181 3.25746 0.0025 0.900156 0.863095 2.39703 0.00555459 273 4 1 9.24297e-07 
0.188238 0.130719 3.02082 0.0025 0.894292 0.855229 2.39077 0.00559101 274 4 1 8.44055e-07 
0.191043 0.138103 3.09649 0.0025 0.888519 0.847498 2.38459 0.00562734 275 4 1 5.39508e-07 
0.193866 0.145888 3.26177 0.0025 0.882576 0.839579 2.3782 0.00566524 276 4 1 6.82697e-07 
0.196708 0.153867 3.17779 0.0025 0.876565 0.831594 2.37171 0.00570408 277 4 1 9.29835e-07 
0.19957 0.161554 3.04234 0.0025 0.870683 0.823786 2.36533 0.00574262 278 4 1 8.00052e-07 
0.202451 0.169256 3.12712 0.0025 0.86482 0.816024 2.35895 0.00578155 279 4 1 6.29012e-07 
0.205351 0.177296 3.21972 0.0025 0.858825 0.808122 2.35239 0.00582191 280 4 1 7.80073e-07 
0.208273 0.185411 3.13931 0.0025 0.852805 0.800207 2.34578 0.00586301 281 4 1 9.13612e-07 
0.211214 0.193381 3.08356 0.0025 0.846857 0.7924 2.33922 0.00590418 282 4 1 8.00664e-07 
0.214177 0.201467 3.15183 0.0025 0.840887 0.784589 2.33262 0.0059461 283 4 1 7.55929e-07 
0.217161 0.209728 3.16807 0.0025 0.834846 0.776714 2.3259 0.00598913 284 4 1 8.70316e-07 
0.220166 0.218021 3.11627 0.0025 0.828814 0.768869 2.31916 0.00603272 285 4 1 9.20796e-07 
0.223193 0.22624 3.07976 0.0025 0.822825 0.761098 2.31244 0.00607663 286 4 1 8.31846e-07 
0.226243 0.234574 3.15305 0.0025 0.816795 0.7533 2.30565 0.00612149 287 4 1 8.16356e-07 
0.229315 0.243139 3.15055 0.0025 0.810701 0.745449 2.29875 0.0061675 288 4 1 9.57866e-07 
0.23241 0.251607 3.0755 0.0025 0.804642 0.737658 2.29187 0.00621395 289 4 1 9.31677e-07 
0.235529 0.260152 3.12156 0.0025 0.798585 0.729894 2.28495 0.00626107 290 4 1 8.64619e-07 
0.238672 0.268868 3.13876 0.0025 0.792471 0.722086 2.27794 0.00630938 291 4 1 9.62744e-07 
0.241839 0.277615 3.09155 0.0025 0.786361 0.714305 2.2709 0.0063584 292 4 1 1.00406e-06 
0.24503 0.286338 3.07467 0.0025 0.780277 0.706577 2.26385 0.00640798 293 4 1 9.2827e-07 
0.248247 0.295212 3.13124 0.0025 0.77415 0.698823 2.25673 0.0064587 294 4 1 9.64059e-07 
0.251489 0.304196 3.09041 0.0025 0.767994 0.691058 2.24953 0.00651047 295 4 1 1.04267e-06 
0.254757 0.313178 3.08308 0.0025 0.761852 0.683331 2.24232 0.00656295 296 4 1 1.00221e-06 
0.258052 0.322282 3.10364 0.0025 0.755684 0.675599 2.23504 0.00661652 297 4 1 1.0275e-06 
0.261374 0.33149 3.08799 0.0025 0.749495 0.667867 2.2277 0.00667116 298 4 1 1.08559e-06 
0.264723 0.340717 3.06377 0.0025 0.743317 0.660171 2.22034 0.00672661 299 4 1 1.06864e-06 
0.268101 0.350034 3.0855 0.0025 0.737122 0.652481 2.21292 0.00678314 300 4 1 1.07451e-06 
0.271506 0.359482 3.07166 0.0025 0.730903 0.644789 2.20543 0.00684085 301 4 1 1.1218e-06 
0.274942 0.368952 3.06726 0.0025 0.724678 0.637114 2.1979 0.00689961 302 4 1 1.12361e-06 
0.278406 0.378565 3.07306 0.0025 0.718435 0.629443 2.1903 0.00695957 303 4 1 1.16597e-06 
0.281901 0.388234 3.04327 0.0025 0.712192 0.6218 2.18267 0.00702058 304 4 1 1.18915e-06 
0.285427 0.397938 3.04703 0.0025 0.705953 0.614188 2.17501 0.00708262 305 4 1 1.19547e-06 
0.288984 0.407746 3.02599 0.0025 0.699716 0.606606 2.1673 0.00714576 306 4 1 1.25005e-06 
0.292573 0.417528 2.99078 0.0025 0.693511 0.599089 2.15959 0.00720969 307 4 1 1.25777e-06 
0.296194 0.427364 2.97442 0.0025 0.687342 0.591643 2.15189 0.0072744 308 4 1 1.28274e-06 
0.299847 0.437193 2.91747 0.0025 0.681232 0.584296 2.14422 0.00733965 309 4 1 1.34172e-06 
0.303534 0.446866 2.83699 0.0025 0.675233 0.577105 2.13664 0.00740485 310 4 1 1.31634e-06 
0.307252 0.456453 2.78771 0.0025 0.669346 0.570074 2.12918 0.00746997 311 4 1 1.28332e-06 
0.311004 0.465912 2.71331 0.0025 0.66357 0.563199 2.12181 0.00753501 312 4 1 1.26827e-06 
0.314788 0.47523 2.65221 0.0025 0.657909 0.556483 2.11455 0.00759984 313 4 1 1.21309e-06 
0.318604 0.48446 2.6 0.0025 0.652342 0.5499 2.10738 0.00766469 314 4 1 1.1414e-06 
0.322452 0.49363 2.58742 0.0025 0.646824 0.543397 2.10023 0.00773008 315 4 1 1.07633e-06 
0.326334 0.502912 2.58813 0.0025 0.641303 0.536914 2.09304 0.00779663 316 4 1 1.05758e-06 
0.330249 0.512305 2.60009 0.0025 0.635749 0.530415 2.08578 0.00786473 317 4 1 1.04486e-06 
0.334199 0.521886 2.63424 0.0025 0.630129 0.523861 2.07838 0.00793489 318 4 1 1.05038e-06 
0.338184 0.531705 2.6764 0.0025 0.62441 0.517218 2.07082 0.00800756 319 4 1 1.09566e-06 
0.342207 0.541805 2.71536 0.0025 0.618585 0.510476 2.06307 0.00808297 320 4 1 1.15546e-06 
0.346267 0.552127 2.75799 0.0025 0.612649 0.503632 2.05513 0.00816127 321 4 1 1.21412e-06 
0.350368 0.562771 2.80628 0.0025 0.606597 0.496683 2.04699 0.0082427 322 4 1 1.30374e-06 
0.35451 0.57369 2.83508 0.0025 0.600444 0.489645 2.03866 0.00832718 323 4 1 1.42197e-06 
0.358695 0.584838 2.84558 0.0025 0.594227 0.482566 2.0302 0.00841429 324 4 1 1.53688e-06 
0.362925 0.596098 2.83359 0.0025 0.587998 0.475504 2.02166 0.00850344 325 4 1 1.6764e-06 
0.367199 0.607364 2.76586 0.0025 0.581845 0.46856 2.01317 0.00859335 326 4 1 1.84326e-06 
0.371518 0.618295 2.61666 0.0025 0.575914 0.461895 2.00494 0.00868186 327 4 1 1.97328e-06 
0.375881 0.628617 2.3829 0.0025 0.570373 0.455691 1.9972 0.00876619 328 4 1 1.97163e-06 
0.380285 0.63797 2.11424 0.0025 0.56535 0.450084 1.99015 0.00884408 329 4 1 1.8052e-06 
0.384725 0.646342 1.85703 0.0025 0.560883 0.445111 1.98384 0.00891452 330 4 1 1.55712e-06 
0.389199 0.65374 1.62746 0.0025 0.556946 0.440741 1.97826 0.00897753 331 4 1 1.30864e-06 
0.393703 0.660278 1.43461 0.0025 0.553496 0.436925 1.97335 0.00903349 332 4 1 1.18117e-06 
0.398233 0.665962 1.19003 0.0025 0.55056 0.433692 1.96916 0.00908166 333 4 1 1.23922e-06 
0.402785 0.670334 0.817684 0.0025 0.548305 0.431213 1.96593 0.00911901 334 4 1 1.24437e-06 
0.407352 0.673031 0.417678 0.0025 0.546863 0.429619 1.96386 0.00914306 335 4 1 9.13999e-07 
0.411928 0.67435 0.203085 0.0025 0.546083 0.428746 1.96275 0.00915612 336 4 1 4.4361e-07 
0.416508 0.675115 0.142521 0.0025 0.545647 0.428261 1.96213 0.00916344 337 4 1 2.35676e-07 
0.421091 0.675607 0.0617315 0.0025 0.545401 0.427991 1.96178 0.00916756 338 4 1 2.14048e-07 
0.425676 0.675657 -0.0218311 0.0025 0.54533 0.427909 1.96168 0.00916876 339 5 1 1.02407e-07 
0.43026 0.675611 -0.0121362 0.0025 0.545344 0.427922 1.9617 0.00916853 340 4 1 1.85282e-08 
0.434844 0.675547 -0.0247557 0.0025 0.545375 0.427957 1.96175 0.00916801 341 4 1 2.72144e-08 
0.439428 0.675434 -0.0314993 0.0025 0.545427 0.428015 1.96183 0.00916713 342 4 1 1.87971e-08 
0.444011 0.675295 -0.0356996 0.0025 0.545495 0.42809 1.96193 0.00916598 343 4 1 1.11725e-08 
0.448594 0.675138 -0.0373281 0.0025 0.545573 0.428176 1.96205 0.00916468 344 4 1 6.23523e-09 
0.453176 0.674972 -0.0372384 0.0025 0.545655 0.428267 1.96217 0.0091633 345 4 1 6.50312e-10 
0.457757 0.674806 -0.0358537 0.0025 0.545736 0.428358 1.96229 0.00916193 346 4 1 -4.55534e-09 
0.462338 0.674645 -0.0331101 0.0025 0.545815 0.428445 1.96241 0.00916061 347 4 1 -6.41362e-09 
0.466918 0.67449 -0.0297772 0.0025 0.545888 0.428526 1.96252 0.00915939 348 4 1 -5.86918e-09 
0.471497 0.674345 -0.0269476 0.0025 0.545955 0.4286 1.96262 0.00915827 349 4 1 -5.97841e-09 
0.476076 0.674215 -0.0248344 0.0025 0.546016 0.42867 1.96271 0.00915723 350 4 1 -6.10121e-09 
0.480655 0.674101 -0.0228861 0.0025 0.546074 0.428733 1.9628 0.00915628 351 4 1 -5.72062e-09 
0.485233 0.674001 -0.0207234 0.0025 0.546125 0.428791 1.96288 0.00915541 352 4 1 -5.7645e-09 
0.48981 0.673912 -0.0184447 0.0025 0.546171 0.428843 1.96295 0.00915464 353 4 1 -6.85356e-09 
0.494387 0.673833 -0.0163023 0.0025 0.546212 0.42889 1.96302 0.00915395 354 4 1 -5.86283e-09 
0.498964 0.673762 -0.0144386 0.0025 0.546248 0.428931 1.96308 0.00915335 355 4 1 -3.78902e-09 
0.503541 0.673698 -0.0128565 0.0025 0.54628 0.428967 1.96313 0.00915281 356 4 1 -4.12106e-09 
0.508117 0.673642 -0.0114938 0.0025 0.546308 0.428999 1.96318 0.00915234 357 4 1 -4.21961e-09 
0.512693 0.673592 -0.0102996 0.0025 0.546333 0.429028 1.96322 0.00915192 358 4 1 -2.70612e-09 
0.517269 0.673548 -0.00925354 0.0025 0.546355 0.429054 1.96326 0.00915155 359 4 1 -2.0507e-09 
0.521844 0.673508 -0.0083374 0.0025 0.546375 0.429078 1.96329 0.00915122 360 4 1 -3.19379e-09 
0.52642 0.673473 -0.00751617 0.0025 0.546392 0.429099 1.96333 0.00915093 361 4 1 -2.14716e-09 
0.530995 0.67344 -0.00675651 0.0025 0.546408 0.429118 1.96336 0.00915067 362 4 1 -6.13558e-10 
0.535571 0.673411 -0.00605416 0.0025 0.546421 0.429134 1.96339 0.00915045 363 4 1 -2.67244e-09 
0.540146 0.673384 -0.00543502 0.0025 0.546433 0.42915 1.96341 0.00915025 364 4 1 -1.70505e-09 
0.544721 0.67336 -0.00492674 0.0025 0.546444 0.429163 1.96344 0.00915007 365 4 1 9.11999e-10 
0.549296 0.673338 -0.00452677 0.0025 0.546453 0.429176 1.96346 0.00914992 366 4 1 -1.8266e-09 
0.553871 0.673318 -0.00419526 0.0025 0.546461 0.429187 1.96349 0.00914979 367 4 1 -1.76704e-09 
0.558446 0.6733 -0.00387894 0.0025 0.546468 0.429198 1.96351 0.00914966 368 4 1 1.07115e-09 
0.56302 0.673284 -0.00354708 0.0025 0.546475 0.429208 1.96353 0.00914956 369 4 1 -3.65829e-10 
0.567595 0.673269 -0.00321038 0.0025 0.54648 0.429216 1.96355 0.00914947 370 4 1 -1.54549e-09 
0.57217 0.673254 -0.00290642 0.0025 0.546484 0.429224 1.96357 0.0091494 371 4 1 2.36902e-10 
0.576745 0.673241 -0.00266424 0.0025 0.546488 0.429232 1.96359 0.00914934 372 4 1 7.36215e-10 
0.581319 0.673229 -0.00247985 0.0025 0.546491 0.429238 1.96361 0.00914929 373 4 1 -7.6971e-10 
0.585894 0.673218 -0.00232277 0.0025 0.546493 0.429245 1.96363 0.00914925 374 4 1 3.38886e-10 
0.590469 0.673208 -0.00216367 0.0025 0.546495 0.429251 1.96365 0.00914922 375 4 1 1.06747e-09 
0.595043 0.673199 -0.00199536 0.0025 0.546495 0.429256 1.96368 0.00914921 376 4 1 -5.72166e-10 
0.599618 0.67319 -0.00183123 0.0025 0.546496 0.429261 1.9637 0.0091492 377 3 1 7.02142e-10 
0.604192 0.673182 -0.00168813 0.0025 0.546495 0.429266 1.96372 0.00914921 378 4 1 8.95676e-10 
0.608767 0.673175 -0.00157139 0.0025 0.546494 0.42927 1.96374 0.00914923 379 4 1 9.18122e-10 
0.613342 0.673168 -0.00147297 0.0025 0.546492 0.429274 1.96377 0.00914926 380 4 1 2.46572e-09 
0.617916 0.673162 -0.00138019 0.0025 0.54649 0.429278 1.96379 0.0091493 381 4 1 -1.42846e-09 
0.622491 0.673156 -0.00128568 0.0025 0.546487 0.429281 1.96382 0.00914935 382 4 1 1.24735e-09 
0.627066 0.67315 -0.00119118 0.0025 0.546483 0.429284 1.96385 0.00914941 383 4 1 4.68202e-09 
0.63164 0.673145 -0.00110383 0.0025 0.546479 0.429287 1.96388 0.00914949 384 4 1 -1.77579e-09 
0.636215 0.67314 -0.00102925 0.0025 0.546473 0.42929 1.96391 0.00914958 385 4 1 1.95325e-09 
0.64079 0.673136 -0.000967064 0.0025 0.546467 0.429293 1.96394 0.00914968 386 4 1 3.42355e-09 
0.645365 0.673132 -0.000911896 0.0025 0.54646 0.429295 1.96398 0.0091498 387 4 1 2.71052e-09 
0.64994 0.673128 -0.00085841 0.0025 0.546452 0.429297 1.96402 0.00914994 388 4 1 4.59314e-09 
0.654515 0.673125 -0.000805609 0.0025 0.546442 0.4293 1.96407 0.0091501 389 4 1 -2.36418e-09 
0.65909 0.673122 -0.000756797 0.0025 0.546432 0.429302 1.96411 0.00915026 390 4 1 5.36934e-09 
0.663665 0.673119 -0.00071567 0.0025 0.546421 0.429304 1.96416 0.00915045 391 4 1 4.67603e-09 
0.66824 0.673116 -0.000682466 0.0025 0.546409 0.429306 1.96421 0.00915066 392 4 1 8.15816e-09 
0.672816 0.673113 -0.000653619 0.0025 0.546396 0.42931 1.96428 0.00915086 393 4 1 -3.58431e-09 
0.677391 0.673111 -0.000624793 0.0025 0.546375 0.429312 1.96434 0.00915123 394 4 1 1.43655e-07 
0.681967 0.673109 -0.000594095 0.0025 0.546365 0.429343 1.96457 0.00915139 395 4 1 -1.3875e-07 
0.686542 0.673107 -0.000562552 0.0025 0.545968 0.429189 1.96464 0.00915805 396 5 1 3.48583e-06 
0.691125 0.673105 -0.00053172 0.0025 0.548234 0.430855 1.9685 0.0091202 397 3 1 -1.90586e-05 
0.695663 0.673103 -0.000501439 0.0025 0.536904 0.426186 1.95004 0.00931264 398 4 1 0.000179251 
0.700444 0.673102 -0.000467344 0.0025 0.511048 0.432724 2.1525 0.00978382 399 4 1 -0.000134226 
0.705453 0.6731 -0.000425804 0.0025 0.482803 0.424499 2.15548 0.0103562 400 4 1 0.000266083 
0.710814 0.673098 -0.000373199 0.0025 0.454319 0.432943 2.44417 0.0110055 401 4 1 -0.000240409 
0.716469 0.673096 -0.000309627 0.0025 0.447022 0.427279 2.38026 0.0111851 402 5 1 5.38085e-05 
0.722001 0.673094 -0.000242334 0.0025 0.452453 0.42965 2.37464 0.0110509 403 4 1 -3.01289e-06 
0.72752 0.673092 -0.000174553 0.0025 0.453636 0.429321 2.36525 0.0110221 404 4 1 3.91258e-06 
0.733023 0.67309 -0.000109452 0.0025 0.454716 0.42938 2.36046 0.0109959 405 4 1 1.27142e-06 
0.738516 0.673088 -4.92056e-05 0.0025 0.45534 0.429354 2.35716 0.0109808 406 4 1 8.42808e-07 
0.744003 0.673086 3.72101e-06 0.0025 0.455784 0.429342 2.35486 0.0109701 407 4 1 5.44301e-07 
0.749486 0.673083 4.61769e-05 0.0025 0.456104 0.429335 2.3532 0.0109624 408 4 1 3.49083e-07 
0.754966 0.673081 7.50064e-05 0.0025 0.456345 0.42933 2.35196 0.0109566 409 4 1 2.46778e-07 
0.760443 0.673078 8.84394e-05 0.0025 0.456529 0.429327 2.351 0.0109522 410 4 1 1.77345e-07 
0.765918 0.673076 8.72165e-05 0.0025 0.456672 0.429325 2.35026 0.0109488 411 4 1 1.3104e-07 
0.771392 0.673074 7.47518e-05 0.0025 0.456786 0.429323 2.34968 0.010946 412 4 1 9.81747e-08 
0.776864 0.673072 5.6245e-05 0.0025 0.456877 0.429322 2.34921 0.0109439 413 4 1 7.55704e-08 
0.782336 0.673071 3.721e-05 0.0025 0.45695 0.429322 2.34883 0.0109421 414 4 1 5.89529e-08 
0.787806 0.673069 2.2092e-05 0.0025 0.45701 0.429321 2.34852 0.0109407 415 4 1 4.64801e-08 
0.793276 0.673068 1.34695e-05 0.0025 0.457059 0.429321 2.34827 0.0109395 416 4 1 3.70704e-08 
0.798746 0.673066 1.19817e-05 0.0025 0.457099 0.42932 2.34806 0.0109385 417 4 1 2.983e-08 
0.804215 0.673065 1.6802e-05 0.0025 0.457133 0.42932 2.34789 0.0109377 418 4 1 2.41444e-08 
0.809683 0.673064 2.63389e-05 0.0025 0.45716 0.42932 2.34775 0.0109371 419 4 1 1.96871e-08 
0.815152 0.673063 3.88794e-05 0.0025 0.457184 0.42932 2.34763 0.0109365 420 4 1 1.61604e-08 
0.82062 0.673062 5.30274e-05 0.0025 0.457203 0.429319 2.34753 0.0109361 421 4 1 1.33592e-08 
0.826088 0.67306 6.79293e-05 0.0025 0.457219 0.429319 2.34745 0.0109357 422 4 1 1.10965e-08 
0.831556 0.673059 8.33686e-05 0.0025 0.457233 0.429319 2.34737 0.0109354 423 4 1 9.2258e-09 
0.837023 0.673058 9.98399e-05 0.0025 0.457244 0.429319 2.34732 0.0109351 424 4 1 7.71317e-09 
0.842491 0.673057 0.000118737 0.0025 0.457254 0.429318 2.34726 0.0109349 425 4 1 6.47887e-09 
0.847958 0.673055 0.000142897 0.0025 0.457262 0.429318 2.34722 0.0109347 426 4 1 5.07496e-09 
0.853425 0.673054 0.00017801 0.0025 0.457268 0.429317 2.34719 0.0109345 427 4 1 3.80688e-09 
0.858893 0.673052 0.000236078 0.0025 0.457274 0.429317 2.34715 0.0109344 428 4 1 3.30412e-09 
0.86436 0.67305 0.00034361 0.0025 0.457278 0.429316 2.34713 0.0109343 429 4 1 2.59429e-09 
0.869827 0.673047 0.000560739 0.0025 0.457281 0.429314 2.3471 0.0109342 430 4 1 7.18048e-10 
0.875294 0.673042 0.00102713 0.0025 0.457282 0.42931 2.34708 0.0109342 431 3 1 -2.69653e-09 
0.880761 0.673032 0.00207263 0.0025 0.45728 0.429303 2.34705 0.0109342 432 4 1 -9.68192e-09 
0.886228 0.673012 0.00447921 0.0025 0.45727 0.429286 2.34701 0.0109345 433 4 1 -2.56711e-08 
0.891696 0.672966 0.010103 0.0025 0.457244 0.429247 2.34694 0.0109351 434 4 1 -6.31843e-08 
0.897163 0.67286 0.0233788 0.0025 0.457179 0.429157 2.34679 0.0109366 435 4 1 -1.51195e-07 
0.902632 0.672613 0.0546262 0.0025 0.457025 0.428944 2.34647 0.0109403 436 4 1 -3.57388e-07 
0.908104 0.672031 0.128551 0.0025 0.456659 0.428445 2.34571 0.0109491 437 4 1 -8.23947e-07 
0.913581 0.670667 0.29929 0.0025 0.455806 0.427286 2.34394 0.0109696 438 4 1 -1.85507e-06 
0.919073 0.667517 0.69083 0.0025 0.453847 0.424644 2.3399 0.0110169 439 4 1 -3.81644e-06 
0.924598 0.660327 1.53287 0.0025 0.449561 0.418903 2.33101 0.011122 440 4 1 -7.04497e-06 
0.930196 0.645106 3.2153 0.0025 0.440693 0.407172 2.31234 0.0113458 441 4 1 -1.00223e-05 
0.935946 0.612852 6.58337 0.0025 0.423931 0.385406 2.27599 0.0117944 442 4 1 -5.45487e-06 
0.941999 0.55404 11.4212 0.0025 0.396096 0.349981 2.21215 0.0126232 443 4 1 1.49747e-05 
0.948597 0.442908 22.7248 0.0025 0.35397 0.298676 2.10579 0.0141255 444 4 1 8.67837e-05 
0.956217 0.254497 30.6635 0.0025 0.304935 0.241655 1.96656 0.016397 445 4 1 0.000223846 
0.965147 0.0763825 19.49 0.0025 0.268025 0.200094 1.85156 0.018655 446 4 1 0.0002366 
0.974947 0.00035104 4.38769 0.0025 0.252123 0.182397 1.80145 0.0198316 447 4 1 8.74208e-05 
0.984986 -0.00579346 -1.06244 0.0025 0.249332 0.178986 1.79307 0.0200536 448 5 1 1.02413e-05 
0.995001 -0.000628165 -0.329141 0.0025 0.249832 0.179307 1.79452 0.0200135 449 3 1 -1.25509e-06 
1.005 0.000628165 0.329141 0.0025 0.249832 0.179307 1.79452 0.0200135 450 3 1 -1.25509e-06 
1.01501 0.00579346 1.06244 0.0025 0.249332 0.178986 1.79307 0.0200536 451 5 1 1.02413e-05 
1.02505 -0.00035104 -4.38769 0.0025 0.252123 0.182397 1.80145 0.0198316 452 4 1 8.74208e-05 
1.03485 -0.0763825 -19.49 0.0025 0.268025 0.200094 1.85156 0.018655 453 4 1 0.0002366 
1.04378 -0.254497 -30.6635 0.0025 0.304935 0.241655 1.96656 0.016397 454 4 1 0.000223846 
1.0514 -0.442908 -22.7248 0.0025 0.35397 0.298676 2.10579 0.0141255 455 4 1 8.67837e-05 
1.058 -0.55404 -11.4212 0.0025 0.396096 0.349981 2.21215 0.0126232 456 4 1 1.49747e-05 
1.06405 -0.612852 -6.58337 0.0025 0.423931 0.385406 2.27599 0.0117944 457 4 1 -5.45487e-06 
1.0698 -0.645106 -3.2153 0.0025 0.440693 0.407172 2.31234 0.0113458 458 4 1 -1.00223e-05 
1.0754 -0.660327 -1.53287 0.0025 0.449561 0.418903 2.33101 0.011122 459 4 1 -7.04497e-06 
1.08093 -0.667517 -0.69083 0.0025 0.453847 0.424644 2.3399 0.0110169 460 4 1 -3.81644e-06 
1.08642 -0.670667 -0.29929 0.0025 0.455806 0.427286 2.34394 0.0109696 461 4 1 -1.85507e-06 
1.0919 -0.672031 -0.128551 0.0025 0.456659 0.428445 2.34571 0.0109491 462 4 1 -8.23947e-07 
1.09737 -0.672613 -0.0546262 0.0025 0.457025 0.428944 2.34647 0.0109403 463 4 1 -3.57388e-07 
1.10284 -0.67286 -0.0233788 0.0025 0.457179 0.429157 2.34679 0.0109366 464 4 1 -1.51195e-07 
1.1083 -0.672966 -0.010103 0.0025 0.457244 0.429247 2.34694 0.0109351 465 4 1 -6.31843e-08 
1.11377 -0.673012 -0.00447921 0.0025 0.45727 0.429286 2.34701 0.0109345 466 4 1 -2.56711e-08 
1.11924 -0.673032 -0.00207263 0.0025 0.45728 0.429303 2.34705 0.0109342 467 4 1 -9.68192e-09 
1.12471 -0.673042 -0.00102713 0.0025 0.457282 0.42931 2.34708 0.0109342 468 3 1 -2.69653e-09 
1.13017 -0.673047 -0.000560739 0.0025 0.457281 0.429314 2.3471 0.0109342 469 4 1 7.18048e-10 
1.13564 -0.67305 -0.00034361 0.0025 0.457278 0.429316 2.34713 0.0109343 470 4 1 2.59429e-09 
1.14111 -0.673052 -0.000236078 0.0025 0.457274 0.429317 2.34715 0.0109344 471 4 1 3.30412e-09 
1.14657 -0.673054 -0.00017801 0.0025 0.457268 0.429317 2.34719 0.0109345 472 4 1 3.80688e-09 
1.15204 -0.673055 -0.000142897 0.0025 0.457262 0.429318 2.34722 0.0109347 473 4 1 5.07496e-09 
1.15751 -0.673057 -0.000118737 0.0025 0.457254 0.429318 2.34726 0.0109349 474 4 1 6.47887e-09 
1.16298 -0.673058 -9.98399e-05 0.0025 0.457244 0.429319 2.34732 0.0109351 475 4 1 7.71317e-09 
1.16844 -0.673059 -8.33686e-05 0.0025 0.457233 0.429319 2.34737 0.0109354 476 4 1 9.2258e-09 
1.17391 -0.67306 -6.79293e-05 0.0025 0.457219 0.429319 2.34745 0.0109357 477 4 1 1.10965e-08 
1.17938 -0.673062 -5.30275e-05 0.0025 0.457203 0.429319 2.34753 0.0109361 478 4 1 1.33592e-08 
1.18485 -0.673063 -3.88794e-05 0.0025 0.457184 0.42932 2.34763 0.0109365 479 4 1 1.61604e-08 
1.19032 -0.673064 -2.63389e-05 0.0025 0.45716 0.42932 2.34775 0.0109371 480 4 1 1.96871e-08 
1.19579 -0.673065 -1.6802e-05 0.0025 0.457133 0.42932 2.34789 0.0109377 481 4 1 2.41444e-08 
1.20125 -0.673066 -1.19817e-05 0.0025 0.457099 0.42932 2.34806 0.0109385 482 4 1 2.983e-08 
1.20672 -0.673068 -1.34695e-05 0.0025 0.457059 0.429321 2.34827 0.0109395 483 4 1 3.70704e-08 
1.21219 -0.673069 -2.2092e-05 0.0025 0.45701 0.429321 2.34852 0.0109407 484 4 1 4.64801e-08 
1.21766 -0.673071 -3.721e-05 0.0025 0.45695 0.429322 2.34883 0.0109421 485 4 1 5.89529e-08 
1.22314 -0.673072 -5.6245e-05 0.0025 0.456877 0.429322 2.34921 0.0109439 486 4 1 7.55704e-08 
1.22861 -0.673074 -7.47518e-05 0.0025 0.456786 0.429323 2.34968 0.010946 487 4 1 9.81747e-08 
1.23408 -0.673076 -8.72165e-05 0.0025 0.456672 0.429325 2.35026 0.0109488 488 4 1 1.3104e-07 
1.23956 -0.673078 -8.84394e-05 0.0025 0.456529 0.429327 2.351 0.0109522 489 4 1 1.77345e-07 
1.24503 -0.673081 -7.50064e-05 0.0025 0.456345 0.42933 2.35196 0.0109566 490 4 1 2.46778e-07 
1.25051 -0.673083 -4.61769e-05 0.0025 0.456104 0.429335 2.3532 0.0109624 491 4 1 3.49083e-07 
1.256 -0.673086 -3.72101e-06 0.0025 0.455784 0.429342 2.35486 0.0109701 492 4 1 5.44301e-07 
1.26148 -0.673088 4.92056e-05 0.0025 0.45534 0.429354 2.35716 0.0109808 493 4 1 8.42808e-07 
1.26698 -0.67309 0.000109452 0.0025 0.454716 0.42938 2.36046 0.0109959 494 4 1 1.27142e-06 
1.27248 -0.673092 0.000174553 0.0025 0.453636 0.429321 2.36525 0.0110221 495 4 1 3.91258e-06 
1.278 -0.673094 0.000242333 0.0025 0.452453 0.42965 2.37464 0.0110509 496 4 1 -3.01289e-06 
1.28353 -0.673096 0.000309627 0.0025 0.447022 0.427279 2.38026 0.0111851 497 5 1 5.38085e-05 
1.28919 -0.673098 0.000373199 0.0025 0.454319 0.432943 2.44417 0.0110055 498 4 1 -0.000240409 
1.29455 -0.6731 0.000425804 0.0025 0.482803 0.424499 2.15548 0.0103562 499 4 1 0.000266083 
