# Time [s]: 0.296167
# Columns: pos [m], vel [m/s], acc [m/s^2], mass [kg], dens [kg/m^3], pres [Pa], ene [J/kg], sml [m], id, neighbor, alpha, gradh, ...additional?
1.30288 -0.673104 0.000486921 0.0025 0.511047 0.432723 2.1525 0.00978383 0 4 1 -0.000134226 
1.30766 -0.673106 0.000530257 0.0025 0.536903 0.426185 1.95003 0.00931266 1 4 1 0.000179251 
1.3122 -0.673108 0.000565285 0.0025 0.548232 0.430853 1.96849 0.00912022 2 3 1 -1.90587e-05 
1.31678 -0.67311 0.000598144 0.0025 0.545967 0.429188 1.96464 0.00915807 3 5 1 3.48583e-06 
1.32135 -0.673112 0.000632554 0.0025 0.546364 0.429342 1.96457 0.00915141 4 4 1 -1.38761e-07 
1.32593 -0.673114 0.000669618 0.0025 0.546373 0.429311 1.96434 0.00915125 5 4 1 1.43637e-07 
1.33051 -0.673117 0.000707187 0.0025 0.546395 0.429308 1.96428 0.00915089 6 4 1 -3.60655e-09 
1.33508 -0.673119 0.000743078 0.0025 0.546407 0.429304 1.96421 0.00915069 7 4 1 8.1402e-09 
1.33966 -0.673122 0.000778555 0.0025 0.54642 0.429302 1.96416 0.00915047 8 4 1 4.66791e-09 
1.34423 -0.673125 0.000818607 0.0025 0.546431 0.429299 1.96411 0.00915029 9 4 1 5.36716e-09 
1.34881 -0.673129 0.000868212 0.0025 0.54644 0.429297 1.96406 0.00915013 10 4 1 -2.3712e-09 
1.35338 -0.673133 0.000927893 0.0025 0.54645 0.429295 1.96402 0.00914997 11 4 1 4.57353e-09 
1.35796 -0.673137 0.000993129 0.0025 0.546458 0.429292 1.96398 0.00914984 12 4 1 2.68186e-09 
1.36253 -0.673141 0.0010588 0.0025 0.546465 0.42929 1.96394 0.00914972 13 4 1 3.39848e-09 
1.36711 -0.673146 0.00112479 0.0025 0.54647 0.429287 1.96391 0.00914963 14 4 1 1.94183e-09 
1.37168 -0.673151 0.00119725 0.0025 0.546475 0.429284 1.96388 0.00914954 15 4 1 -1.77674e-09 
1.37626 -0.673156 0.00128378 0.0025 0.54648 0.429281 1.96384 0.00914946 16 4 1 4.67573e-09 
1.38083 -0.673162 0.00138671 0.0025 0.546484 0.429277 1.96382 0.00914941 17 4 1 1.21993e-09 
1.38541 -0.673169 0.00150038 0.0025 0.546486 0.429273 1.96379 0.00914936 18 4 1 -1.47826e-09 
1.38998 -0.673176 0.00161557 0.0025 0.546488 0.429269 1.96376 0.00914932 19 4 1 2.41076e-09 
1.39455 -0.673183 0.00172808 0.0025 0.54649 0.429265 1.96374 0.0091493 20 4 1 8.81744e-10 
1.39913 -0.673191 0.00184485 0.0025 0.546491 0.42926 1.96371 0.00914929 21 3 1 8.86844e-10 
1.4037 -0.6732 0.0019815 0.0025 0.546491 0.429255 1.96369 0.00914929 22 4 1 7.0102e-10 
1.40828 -0.673209 0.00215112 0.0025 0.54649 0.42925 1.96367 0.0091493 23 4 1 -6.04966e-10 
1.41285 -0.673219 0.00235151 0.0025 0.546489 0.429244 1.96365 0.00914932 24 4 1 9.76779e-10 
1.41743 -0.67323 0.00256334 0.0025 0.546486 0.429238 1.96362 0.00914936 25 4 1 2.09343e-10 
1.422 -0.673242 0.00276593 0.0025 0.546484 0.429231 1.9636 0.00914941 26 4 1 -8.78022e-10 
1.42658 -0.673255 0.00296114 0.0025 0.54648 0.429223 1.96358 0.00914946 27 4 1 6.99887e-10 
1.43115 -0.673269 0.00318211 0.0025 0.546476 0.429215 1.96356 0.00914954 28 4 1 2.57029e-10 
1.43573 -0.673285 0.00347146 0.0025 0.546471 0.429206 1.96354 0.00914962 29 4 1 -1.55359e-09 
1.4403 -0.673302 0.00384384 0.0025 0.546465 0.429197 1.96352 0.00914972 30 4 1 -4.88539e-10 
1.44488 -0.67332 0.00426945 0.0025 0.546458 0.429186 1.96349 0.00914984 31 4 1 8.25272e-10 
1.44945 -0.67334 0.00469961 0.0025 0.546449 0.429174 1.96347 0.00914998 32 4 1 -2.0535e-09 
1.45403 -0.673362 0.00511325 0.0025 0.54644 0.429162 1.96344 0.00915014 33 4 1 -2.04841e-09 
1.4586 -0.673386 0.00554184 0.0025 0.546429 0.429147 1.96342 0.00915031 34 4 1 7.94138e-10 
1.46318 -0.673413 0.00605135 0.0025 0.546417 0.429132 1.96339 0.00915052 35 4 1 -1.77945e-09 
1.46775 -0.673443 0.00669806 0.0025 0.546404 0.429115 1.96336 0.00915074 36 4 1 -2.81802e-09 
1.47233 -0.673476 0.00749385 0.0025 0.546389 0.429096 1.96333 0.00915099 37 4 1 -9.11158e-10 
1.4769 -0.673512 0.00840837 0.0025 0.546371 0.429075 1.9633 0.00915129 38 4 1 -2.58651e-09 
1.48148 -0.673552 0.00940689 0.0025 0.546351 0.429052 1.96326 0.00915162 39 4 1 -3.69849e-09 
1.48605 -0.673597 0.0104911 0.0025 0.546329 0.429025 1.96322 0.00915199 40 4 1 -2.56259e-09 
1.49063 -0.673647 0.0117049 0.0025 0.546304 0.428996 1.96318 0.00915242 41 4 1 -3.2405e-09 
1.49521 -0.673703 0.0130978 0.0025 0.546275 0.428963 1.96313 0.0091529 42 4 1 -4.82042e-09 
1.49978 -0.673766 0.0146889 0.0025 0.546243 0.428926 1.96307 0.00915344 43 4 1 -4.76519e-09 
-0.495639 -0.673838 0.0164834 0.0025 0.546206 0.428884 1.96301 0.00915405 44 4 1 -4.38876e-09 
-0.491062 -0.673918 0.0185238 0.0025 0.546165 0.428838 1.96295 0.00915474 45 4 1 -6.40385e-09 
-0.486485 -0.674009 0.0208812 0.0025 0.546118 0.428785 1.96288 0.00915552 46 4 1 -7.50684e-09 
-0.481907 -0.67411 0.0235667 0.0025 0.546066 0.428726 1.9628 0.0091564 47 4 1 -6.81189e-09 
-0.477328 -0.674223 0.02643 0.0025 0.546007 0.42866 1.96271 0.00915739 48 4 1 -7.15783e-09 
-0.472749 -0.674348 0.0290865 0.0025 0.545942 0.428587 1.96261 0.00915849 49 4 1 -7.00315e-09 
-0.46817 -0.674488 0.0311228 0.0025 0.545871 0.428508 1.9625 0.00915968 50 4 1 -4.75177e-09 
-0.46359 -0.674643 0.0327219 0.0025 0.545796 0.428425 1.96239 0.00916094 51 4 1 -2.18525e-09 
-0.459009 -0.674812 0.0346337 0.0025 0.545718 0.428338 1.96227 0.00916225 52 4 1 -2.14363e-09 
-0.454427 -0.674986 0.0367435 0.0025 0.545638 0.428249 1.96215 0.00916359 53 4 1 -1.03198e-09 
-0.449845 -0.675157 0.0374108 0.0025 0.545557 0.42816 1.96203 0.00916494 54 4 1 5.09458e-09 
-0.445262 -0.675317 0.0352488 0.0025 0.54548 0.428075 1.96191 0.00916623 55 4 1 1.31148e-08 
-0.440679 -0.675461 0.0309317 0.0025 0.545413 0.428001 1.96181 0.00916736 56 4 1 1.96682e-08 
-0.436095 -0.675574 0.0245416 0.0025 0.545363 0.427945 1.96174 0.0091682 57 4 1 2.55394e-08 
-0.431511 -0.675634 0.0100078 0.0025 0.545334 0.427912 1.96169 0.00916869 58 4 1 2.21067e-08 
-0.426926 -0.675693 0.0208156 0.0025 0.545325 0.427904 1.96167 0.00916885 59 5 1 1.18179e-07 
-0.422342 -0.675582 -0.0746428 0.0025 0.545412 0.428004 1.9618 0.00916737 60 4 1 2.16946e-07 
-0.417759 -0.67505 -0.144594 0.0025 0.545677 0.428295 1.96217 0.00916293 61 4 1 2.41492e-07 
-0.413179 -0.674281 -0.214233 0.0025 0.546137 0.428809 1.96283 0.00915521 62 4 1 5.13443e-07 
-0.408604 -0.672816 -0.471848 0.0025 0.546992 0.429765 1.96405 0.0091409 63 4 1 1.00532e-06 
-0.404038 -0.669845 -0.890454 0.0025 0.548567 0.431502 1.96631 0.00911466 64 4 1 1.27001e-06 
-0.399489 -0.665195 -1.23937 0.0025 0.550953 0.434124 1.96973 0.00907519 65 4 1 1.2287e-06 
-0.394963 -0.659336 -1.47074 0.0025 0.553989 0.437471 1.97406 0.00902545 66 4 1 1.20796e-06 
-0.390464 -0.652638 -1.67169 0.0025 0.557537 0.441398 1.9791 0.00896802 67 4 1 1.38725e-06 
-0.385995 -0.645014 -1.92256 0.0025 0.561597 0.445907 1.98485 0.00890318 68 4 1 1.66084e-06 
-0.38156 -0.636365 -2.19444 0.0025 0.566222 0.451058 1.99138 0.00883045 69 4 1 1.9056e-06 
-0.377164 -0.626675 -2.46983 0.0025 0.571423 0.456866 1.99867 0.00875009 70 4 1 2.05043e-06 
-0.37281 -0.616031 -2.69819 0.0025 0.57714 0.463272 2.00665 0.00866341 71 4 1 2.00808e-06 
-0.3685 -0.604832 -2.82629 0.0025 0.583222 0.470112 2.01508 0.00857307 72 4 1 1.85911e-06 
-0.364237 -0.593369 -2.88452 0.0025 0.589493 0.477198 2.02372 0.00848186 73 4 1 1.69552e-06 
-0.360018 -0.581971 -2.88937 0.0025 0.595822 0.484381 2.03238 0.00839177 74 4 1 1.55414e-06 
-0.355845 -0.570705 -2.87469 0.0025 0.602123 0.491564 2.04094 0.00830395 75 4 1 1.42638e-06 
-0.351714 -0.559696 -2.83402 0.0025 0.608345 0.498686 2.04935 0.00821903 76 4 1 1.30355e-06 
-0.347625 -0.548976 -2.78186 0.0025 0.614449 0.505705 2.05755 0.00813737 77 4 1 1.23085e-06 
-0.343577 -0.53857 -2.74423 0.0025 0.620436 0.512616 2.06554 0.00805885 78 4 1 1.17604e-06 
-0.339566 -0.52841 -2.70465 0.0025 0.626315 0.519428 2.07335 0.0079832 79 4 1 1.10831e-06 
-0.335593 -0.518554 -2.65942 0.0025 0.632085 0.52614 2.08096 0.00791033 80 4 1 1.06998e-06 
-0.331656 -0.508909 -2.63022 0.0025 0.63776 0.532766 2.08841 0.00783995 81 4 1 1.0758e-06 
-0.327753 -0.499431 -2.62342 0.0025 0.643376 0.539347 2.09575 0.0077715 82 4 1 1.08696e-06 
-0.323884 -0.490059 -2.62221 0.0025 0.648967 0.545921 2.10301 0.00770455 83 4 1 1.12818e-06 
-0.320048 -0.480748 -2.65408 0.0025 0.654575 0.552539 2.11026 0.00763855 84 4 1 1.21667e-06 
-0.316245 -0.471334 -2.72092 0.0025 0.660261 0.559272 2.11757 0.00757276 85 4 1 1.28342e-06 
-0.312475 -0.461828 -2.7888 0.0025 0.666061 0.566162 2.12499 0.00750682 86 4 1 1.31958e-06 
-0.308739 -0.452161 -2.85757 0.0025 0.671981 0.573219 2.13253 0.00744069 87 4 1 1.33742e-06 
-0.305035 -0.442386 -2.91653 0.0025 0.678014 0.580437 2.14016 0.00737448 88 4 1 1.38078e-06 
-0.301364 -0.432481 -3.00256 0.0025 0.684168 0.587824 2.14791 0.00730815 89 4 1 1.35946e-06 
-0.297726 -0.422464 -3.02961 0.0025 0.690413 0.595347 2.15573 0.00724204 90 4 1 1.2975e-06 
-0.294122 -0.412502 -3.05287 0.0025 0.696697 0.602946 2.16356 0.00717672 91 4 1 1.30057e-06 
-0.290549 -0.402543 -3.09162 0.0025 0.70302 0.61062 2.17139 0.00711218 92 4 1 1.26222e-06 
-0.287009 -0.392604 -3.09207 0.0025 0.709361 0.618343 2.1792 0.00704859 93 4 1 1.23051e-06 
-0.283501 -0.382784 -3.11231 0.0025 0.715705 0.626099 2.18697 0.00698612 94 4 1 1.22753e-06 
-0.280023 -0.372977 -3.12902 0.0025 0.722059 0.633893 2.19472 0.00692464 95 4 1 1.17051e-06 
-0.276576 -0.363293 -3.11381 0.0025 0.728397 0.641695 2.2024 0.00686439 96 4 1 1.15636e-06 
-0.273159 -0.353692 -3.13501 0.0025 0.734719 0.649506 2.21003 0.00680532 97 4 1 1.1321e-06 
-0.26977 -0.344144 -3.12091 0.0025 0.741027 0.657325 2.2176 0.0067474 98 4 1 1.10001e-06 
-0.266411 -0.334757 -3.12796 0.0025 0.747311 0.665144 2.2251 0.00669066 99 4 1 1.12279e-06 
-0.26308 -0.325378 -3.15598 0.0025 0.753601 0.672994 2.23257 0.00663481 100 4 1 1.0803e-06 
-0.259776 -0.316081 -3.13762 0.0025 0.75988 0.680857 2.24 0.00657998 101 4 1 1.03691e-06 
-0.2565 -0.306917 -3.13757 0.0025 0.766129 0.688709 2.24734 0.00652632 102 4 1 1.06615e-06 
-0.25325 -0.297787 -3.17124 0.0025 0.772381 0.69659 2.25466 0.00647349 103 4 1 1.02411e-06 
-0.250026 -0.288711 -3.14622 0.0025 0.778621 0.704479 2.26193 0.00642161 104 4 1 9.58226e-07 
-0.246828 -0.279836 -3.12592 0.0025 0.784813 0.712337 2.26911 0.00637095 105 4 1 1.02698e-06 
-0.243655 -0.270936 -3.19346 0.0025 0.791019 0.720236 2.27627 0.00632096 106 4 1 1.01252e-06 
-0.240507 -0.262065 -3.17548 0.0025 0.797242 0.728177 2.28342 0.00627162 107 4 1 9.04908e-07 
-0.237383 -0.253357 -3.1358 0.0025 0.803411 0.736079 2.29046 0.00622347 108 4 1 9.43699e-07 
-0.234283 -0.244732 -3.18199 0.0025 0.809566 0.743989 2.29747 0.00617615 109 4 1 9.96706e-07 
-0.231207 -0.236033 -3.21962 0.0025 0.815759 0.751963 2.30448 0.00612926 110 4 1 8.51583e-07 
-0.228154 -0.227514 -3.11972 0.0025 0.821893 0.759891 2.3114 0.00608352 111 4 1 8.4968e-07 
-0.225123 -0.219163 -3.16831 0.0025 0.827976 0.767782 2.31822 0.00603882 112 4 1 9.66791e-07 
-0.222115 -0.210715 -3.22597 0.0025 0.834114 0.77576 2.32508 0.00599438 113 4 1 8.89429e-07 
-0.219129 -0.202318 -3.19267 0.0025 0.840253 0.783761 2.33191 0.00595059 114 4 1 7.90346e-07 
-0.216164 -0.194111 -3.1466 0.0025 0.846325 0.791703 2.33864 0.0059079 115 4 1 8.40054e-07 
-0.213221 -0.18599 -3.19435 0.0025 0.852383 0.799652 2.34532 0.00586591 116 4 1 9.34705e-07 
-0.210298 -0.177728 -3.27353 0.0025 0.858506 0.807701 2.35204 0.00582407 117 4 1 7.86127e-07 
-0.207397 -0.169581 -3.15887 0.0025 0.864587 0.815717 2.35869 0.00578311 118 4 1 6.54529e-07 
-0.204515 -0.161763 -3.09763 0.0025 0.870538 0.823595 2.36517 0.00574358 119 4 1 8.60042e-07 
-0.201653 -0.153887 -3.25349 0.0025 0.876535 0.831554 2.37167 0.00570428 120 4 1 9.43032e-07 
-0.198811 -0.145768 -3.30125 0.0025 0.882649 0.839675 2.37828 0.00566477 121 4 1 6.50525e-07 
-0.195988 -0.137924 -3.10385 0.0025 0.888652 0.847678 2.38474 0.0056265 122 4 1 6.09688e-07 
-0.193184 -0.130434 -3.11865 0.0025 0.894524 0.855543 2.39102 0.00558956 123 4 1 9.34995e-07 
-0.190399 -0.122676 -3.34827 0.0025 0.900539 0.863608 2.39744 0.00555223 124 4 1 8.77698e-07 
-0.187632 -0.114676 -3.29802 0.0025 0.906651 0.871809 2.40395 0.0055148 125 4 1 4.68561e-07 
-0.184884 -0.107219 -3.02254 0.0025 0.912535 0.879741 2.41017 0.00547924 126 4 1 5.46791e-07 
-0.182153 -0.100066 -3.10195 0.0025 0.918273 0.887512 2.41621 0.005445 127 4 1 9.47891e-07 
-0.179439 -0.092516 -3.36512 0.0025 0.924215 0.895561 2.42246 0.00540999 128 4 1 8.22998e-07 
-0.176743 -0.0847666 -3.27683 0.0025 0.930258 0.903752 2.42879 0.00537485 129 4 1 4.18905e-07 
-0.174064 -0.0775787 -3.01791 0.0025 0.936065 0.911662 2.43483 0.00534151 130 4 1 5.51909e-07 
-0.171401 -0.0705985 -3.13557 0.0025 0.941763 0.919456 2.44074 0.00530919 131 4 1 9.0491e-07 
-0.168755 -0.0632348 -3.36693 0.0025 0.947662 0.927523 2.44686 0.00527615 132 4 1 6.83319e-07 
-0.166125 -0.0558096 -3.1922 0.0025 0.953582 0.935631 2.45296 0.00524339 133 4 1 3.37404e-07 
-0.163511 -0.0489768 -2.97479 0.0025 0.95924 0.943421 2.45876 0.00521246 134 4 1 6.28268e-07 
-0.160912 -0.0421925 -3.22639 0.0025 0.964884 0.951214 2.46454 0.00518197 135 4 1 8.39763e-07 
-0.158329 -0.034916 -3.33105 0.0025 0.970697 0.959223 2.47049 0.00515094 136 4 1 1.17218e-07 
-0.155761 -0.0282805 -2.63929 0.0025 0.97612 0.966719 2.47599 0.00512232 137 4 1 -1.37864e-08 
-0.153207 -0.0228011 -2.57086 0.0025 0.981094 0.973678 2.48098 0.00509635 138 4 1 1.59223e-06 
-0.150665 -0.0158338 -4.0554 0.0025 0.986937 0.981827 2.48692 0.00506618 139 4 1 1.56041e-06 
-0.148141 -0.0069645 -3.93978 0.0025 0.99353 0.990906 2.49362 0.00503256 140 4 1 -1.64842e-06 
-0.145632 -0.00136933 -1.14238 0.0025 0.99821 0.997413 2.49826 0.00500897 141 4 1 -1.49052e-06 
-0.143132 0.000575732 -1.22342 0.0025 1.00115 1.0017 2.50109 0.00499425 142 4 1 2.84887e-06 
-0.140638 0.00675753 -4.71717 0.0025 1.00626 1.0089 2.50628 0.00496887 143 4 1 2.38113e-06 
-0.138163 0.0165943 -4.08376 0.0025 1.01309 1.01828 2.51318 0.00493542 144 4 1 -2.89893e-06 
-0.135703 0.0208654 -0.318419 0.0025 1.01691 1.02363 2.51688 0.00491687 145 4 1 -2.26256e-06 
-0.133246 0.0207074 -0.149129 0.0025 1.01804 1.0254 2.51793 0.00491138 146 4 1 1.20459e-06 
-0.130791 0.0237112 -2.11992 0.0025 1.02006 1.02821 2.51999 0.00490168 147 4 1 -1.44722e-07 
-0.128344 0.0264295 -0.500783 0.0025 1.02195 1.03079 2.52188 0.00489262 148 3 1 -1.75361e-06 
-0.125899 0.0262395 0.346873 0.0025 1.0219 1.03076 2.52181 0.00489283 149 4 1 -9.10795e-07 
-0.123451 0.0248906 0.783577 0.0025 1.0207 1.02909 2.52061 0.00489861 150 4 1 -4.06765e-07 
-0.121 0.0229107 1.02896 0.0025 1.01896 1.02665 2.51888 0.00490695 151 4 1 -1.75089e-07 
-0.118544 0.0205778 1.1679 0.0025 1.01695 1.02382 2.51689 0.00491665 152 4 1 -2.3335e-08 
-0.116083 0.0180801 1.22221 0.0025 1.01483 1.02083 2.51478 0.00492694 153 4 1 8.18213e-08 
-0.113617 0.0155587 1.21412 0.0025 1.01271 1.01784 2.51267 0.00493726 154 4 1 1.53699e-07 
-0.111146 0.0131195 1.15919 0.0025 1.01067 1.01498 2.51064 0.00494721 155 4 1 1.98981e-07 
-0.10867 0.0108402 1.07089 0.0025 1.00878 1.01233 2.50876 0.00495647 156 4 1 2.23257e-07 
-0.10619 0.00877424 0.960437 0.0025 1.00708 1.00994 2.50707 0.00496484 157 4 1 2.31014e-07 
-0.103705 0.00695437 0.837544 0.0025 1.00559 1.00785 2.50558 0.00497219 158 4 1 2.25997e-07 
-0.101217 0.00539505 0.710619 0.0025 1.00432 1.00607 2.50432 0.00497847 159 4 1 2.1146e-07 
-0.0987268 0.00409499 0.586763 0.0025 1.00327 1.00459 2.50327 0.00498369 160 4 1 1.90369e-07 
-0.0962338 0.00304012 0.471568 0.0025 1.00242 1.0034 2.50242 0.00498791 161 4 1 1.65458e-07 
-0.0937389 0.00220698 0.368935 0.0025 1.00175 1.00246 2.50175 0.00499124 162 4 1 1.39137e-07 
-0.0912426 0.00156635 0.281042 0.0025 1.00124 1.00175 2.50124 0.00499379 163 4 1 1.13378e-07 
-0.0887451 0.00108663 0.208506 0.0025 1.00086 1.00121 2.50086 0.0049957 164 4 1 8.96301e-08 
-0.0862469 0.000736701 0.150695 0.0025 1.00058 1.00082 2.50058 0.00499709 165 4 1 6.88041e-08 
-0.083748 0.000487988 0.106121 0.0025 1.00039 1.00054 2.50038 0.00499807 166 4 1 5.13233e-08 
-0.0812488 0.000315716 0.0728251 0.0025 1.00025 1.00035 2.50025 0.00499876 167 4 1 3.72204e-08 
-0.0787493 0.000199421 0.0487016 0.0025 1.00016 1.00022 2.50016 0.00499921 168 4 1 2.62525e-08 
-0.0762496 0.000122911 0.0317345 0.0025 1.0001 1.00014 2.5001 0.00499952 169 4 1 1.80123e-08 
-0.0737498 7.38666e-05 0.0201427 0.0025 1.00006 1.00008 2.50006 0.00499971 170 4 1 1.20224e-08 
-0.0712499 4.32462e-05 0.0124478 0.0025 1.00003 1.00005 2.50003 0.00499983 171 4 1 7.80509e-09 
-0.0687499 2.46373e-05 0.00748426 0.0025 1.00002 1.00003 2.50002 0.0049999 172 4 1 4.92702e-09 
-0.06625 1.36383e-05 0.00437389 0.0025 1.00001 1.00002 2.50001 0.00499995 173 4 1 3.02253e-09 
-0.06375 7.32252e-06 0.00248138 0.0025 1.00001 1.00001 2.50001 0.00499997 174 4 1 1.80047e-09 
-0.06125 3.80446e-06 0.00136427 0.0025 1 1 2.5 0.00499998 175 4 1 1.04027e-09 
-0.05875 1.90708e-06 0.000725341 0.0025 1 1 2.5 0.00499999 176 4 1 5.82094e-10 
-0.05625 9.18745e-07 0.00037186 0.0025 1 1 2.5 0.005 177 4 1 3.14821e-10 
-0.05375 4.23144e-07 0.00018313 0.0025 1 1 2.5 0.005 178 4 1 1.64136e-10 
-0.05125 1.84953e-07 8.61827e-05 0.0025 1 1 2.5 0.005 179 4 1 8.22e-11 
-0.04875 7.58989e-08 3.84721e-05 0.0025 1 1 2.5 0.005 180 4 1 3.93497e-11 
-0.04625 2.87545e-08 1.61111e-05 0.0025 1 1 2.5 0.005 181 4 1 1.7881e-11 
-0.04375 9.77052e-09 6.21695e-06 0.0025 1 1 2.5 0.005 182 4 1 7.63344e-12 
-0.04125 2.81181e-09 2.13923e-06 0.0025 1 1 2.5 0.005 183 4 1 3.01098e-12 
-0.03875 5.89054e-10 6.107e-07 0.0025 1 1 2.5 0.005 184 4 1 1.06302e-12 
-0.03625 3.41961e-11 1.23589e-07 0.0025 1 1 2.5 0.005 185 4 1 3.27386e-13 
-0.03375 -1.12953e-11 -3.98084e-08 0.0025 1 1 2.5 0.005 186 5 1 6.0513e-14 
-0.03125 3.66843e-11 -1.14845e-08 0.0025 1 1 2.5 0.005 187 4 1 -2.0108e-14 
-0.02875 3.69773e-11 3.85211e-09 0.0025 1 1 2.5 0.005 188 3 1 -7.9627e-15 
-0.02625 2.50379e-11 6.53938e-09 0.0025 1 1 2.5 0.005 189 4 1 6.84253e-16 
-0.02375 1.39348e-11 4.91548e-09 0.0025 1 1 2.5 0.005 190 4 1 2.46736e-15 
-0.02125 6.73332e-12 2.90191e-09 0.0025 1 1 2.5 0.005 191 4 1 2.0794e-15 
-0.01875 2.85279e-12 1.45951e-09 0.0025 1 1 2.5 0.005 192 4 1 1.29496e-15 
-0.01625 1.04359e-12 6.34884e-10 0.0025 1 1 2.5 0.005 193 4 1 6.64713e-16 
-0.01375 3.12641e-13 2.37151e-10 0.0025 1 1 2.5 0.005 194 4 1 3.09441e-16 
-0.01125 6.47506e-14 7.10543e-11 0.0025 1 1 2.5 0.005 195 4 1 1.08358e-16 
-0.00875 1.16288e-15 1.47793e-11 0.0025 1 1 2.5 0.005 196 4 1 4.05009e-17 
-0.00625 -2.62801e-15 -6.30962e-12 0.0025 1 1 2.5 0.005 197 5 1 6.75016e-18 
-0.00375 3.34892e-15 -1.42109e-12 0.0025 1 1 2.5 0.005 198 4 1 -1.06581e-18 
-0.00125 2.74581e-15 2.84217e-13 0.0025 1 1 2.5 0.005 199 3 1 -2.84217e-18 
0.00125 1.17979e-15 9.09495e-13 0.0025 1 1 2.5 0.005 200 4 1 1.06581e-18 
0.00375 1.25619e-15 2.16005e-12 0.0025 1 1 2.5 0.005 201 4 1 -3.19744e-18 
0.00625 8.46002e-15 4.60432e-12 0.0025 1 1 2.5 0.005 202 5 1 6.75016e-18 
0.00875 2.69728e-15 -1.42677e-11 0.0025 1 1 2.5 0.005 203 4 1 3.83693e-17 
0.01125 -6.04185e-14 -7.02585e-11 0.0025 1 1 2.5 0.005 204 4 1 1.16884e-16 
0.01375 -3.07503e-13 -2.37719e-10 0.0025 1 1 2.5 0.005 205 4 1 2.98783e-16 
0.01625 -1.03806e-12 -6.34373e-10 0.0025 1 1 2.5 0.005 206 4 1 6.71818e-16 
0.01875 -2.84519e-12 -1.45849e-09 0.0025 1 1 2.5 0.005 207 4 1 1.29248e-15 
0.02125 -6.72602e-12 -2.90356e-09 0.0025 1 1 2.5 0.005 208 4 1 2.07621e-15 
0.02375 -1.3926e-11 -4.91315e-09 0.0025 1 1 2.5 0.005 209 4 1 2.48477e-15 
0.02625 -2.50311e-11 -6.54046e-09 0.0025 1 1 2.5 0.005 210 4 1 6.49081e-16 
0.02875 -3.69673e-11 -3.85126e-09 0.0025 1 1 2.5 0.005 211 3 1 -7.91189e-15 
0.03125 -3.66726e-11 1.14836e-08 0.0025 1 1 2.5 0.005 212 4 1 -2.01325e-14 
0.03375 1.13086e-11 3.98089e-08 0.0025 1 1 2.5 0.005 213 5 1 6.05006e-14 
0.03625 -3.41922e-11 -1.23591e-07 0.0025 1 1 2.5 0.005 214 4 1 3.27391e-13 
0.03875 -5.8905e-10 -6.10702e-07 0.0025 1 1 2.5 0.005 215 4 1 1.06303e-12 
0.04125 -2.8118e-09 -2.13922e-06 0.0025 1 1 2.5 0.005 216 4 1 3.01098e-12 
0.04375 -9.77052e-09 -6.21695e-06 0.0025 1 1 2.5 0.005 217 4 1 7.63345e-12 
0.04625 -2.87545e-08 -1.61111e-05 0.0025 1 1 2.5 0.005 218 4 1 1.7881e-11 
0.04875 -7.58989e-08 -3.84721e-05 0.0025 1 1 2.5 0.005 219 4 1 3.93497e-11 
0.05125 -1.84953e-07 -8.61827e-05 0.0025 1 1 2.5 0.005 220 4 1 8.22e-11 
0.05375 -4.23144e-07 -0.00018313 0.0025 1 1 2.5 0.005 221 4 1 1.64136e-10 
0.05625 -9.18745e-07 -0.00037186 0.0025 1 1 2.5 0.005 222 4 1 3.14821e-10 
0.05875 -1.90708e-06 -0.000725341 0.0025 1 1 2.5 0.00499999 223 4 1 5.82094e-10 
0.06125 -3.80446e-06 -0.00136427 0.0025 1 1 2.5 0.00499998 224 4 1 1.04027e-09 
0.06375 -7.32252e-06 -0.00248138 0.0025 1.00001 1.00001 2.50001 0.00499997 225 4 1 1.80047e-09 
0.06625 -1.36383e-05 -0.00437389 0.0025 1.00001 1.00002 2.50001 0.00499995 226 4 1 3.02253e-09 
0.0687499 -2.46373e-05 -0.00748426 0.0025 1.00002 1.00003 2.50002 0.0049999 227 4 1 4.92702e-09 
0.0712499 -4.32462e-05 -0.0124478 0.0025 1.00003 1.00005 2.50003 0.00499983 228 4 1 7.80509e-09 
0.0737498 -7.38666e-05 -0.0201427 0.0025 1.00006 1.00008 2.50006 0.00499971 229 4 1 1.20224e-08 
0.0762496 -0.000122911 -0.0317345 0.0025 1.0001 1.00014 2.5001 0.00499952 230 4 1 1.80123e-08 
0.0787493 -0.000199421 -0.0487016 0.0025 1.00016 1.00022 2.50016 0.00499921 231 4 1 2.62525e-08 
0.0812488 -0.000315716 -0.0728251 0.0025 1.00025 1.00035 2.50025 0.00499876 232 4 1 3.72204e-08 
0.083748 -0.000487988 -0.106121 0.0025 1.00039 1.00054 2.50038 0.00499807 233 4 1 5.13233e-08 
0.0862469 -0.000736701 -0.150695 0.0025 1.00058 1.00082 2.50058 0.00499709 234 4 1 6.88041e-08 
0.0887451 -0.00108663 -0.208506 0.0025 1.00086 1.00121 2.50086 0.0049957 235 4 1 8.96301e-08 
0.0912426 -0.00156635 -0.281042 0.0025 1.00124 1.00175 2.50124 0.00499379 236 4 1 1.13378e-07 
0.0937389 -0.00220698 -0.368935 0.0025 1.00175 1.00246 2.50175 0.00499124 237 4 1 1.39137e-07 
0.0962338 -0.00304012 -0.471568 0.0025 1.00242 1.0034 2.50242 0.00498791 238 4 1 1.65458e-07 
0.0987268 -0.00409499 -0.586763 0.0025 1.00327 1.00459 2.50327 0.00498369 239 4 1 1.90369e-07 
0.101217 -0.00539505 -0.710619 0.0025 1.00432 1.00607 2.50432 0.00497847 240 4 1 2.1146e-07 
0.103705 -0.00695437 -0.837544 0.0025 1.00559 1.00785 2.50558 0.00497219 241 4 1 2.25997e-07 
0.10619 -0.00877424 -0.960437 0.0025 1.00708 1.00994 2.50707 0.00496484 242 4 1 2.31014e-07 
0.10867 -0.0108402 -1.07089 0.0025 1.00878 1.01233 2.50876 0.00495647 243 4 1 2.23257e-07 
0.111146 -0.0131195 -1.15919 0.0025 1.01067 1.01498 2.51064 0.00494721 244 4 1 1.98981e-07 
0.113617 -0.0155587 -1.21412 0.0025 1.01271 1.01784 2.51267 0.00493726 245 4 1 1.53699e-07 
0.116083 -0.0180801 -1.22221 0.0025 1.01483 1.02083 2.51478 0.00492694 246 4 1 8.18213e-08 
0.118544 -0.0205778 -1.1679 0.0025 1.01695 1.02382 2.51689 0.00491665 247 4 1 -2.3335e-08 
0.121 -0.0229107 -1.02896 0.0025 1.01896 1.02665 2.51888 0.00490695 248 4 1 -1.75089e-07 
0.123451 -0.0248906 -0.783577 0.0025 1.0207 1.02909 2.52061 0.00489861 249 4 1 -4.06765e-07 
0.125899 -0.0262395 -0.346873 0.0025 1.0219 1.03076 2.52181 0.00489283 250 4 1 -9.10795e-07 
0.128344 -0.0264295 0.500783 0.0025 1.02195 1.03079 2.52188 0.00489262 251 3 1 -1.75361e-06 
0.130791 -0.0237112 2.11992 0.0025 1.02006 1.02821 2.51999 0.00490168 252 4 1 -1.44722e-07 
0.133246 -0.0207074 0.149129 0.0025 1.01804 1.0254 2.51793 0.00491138 253 4 1 1.20459e-06 
0.135703 -0.0208654 0.318419 0.0025 1.01691 1.02363 2.51688 0.00491687 254 4 1 -2.26256e-06 
0.138163 -0.0165943 4.08376 0.0025 1.01309 1.01828 2.51318 0.00493542 255 4 1 -2.89893e-06 
0.140638 -0.00675753 4.71717 0.0025 1.00626 1.0089 2.50628 0.00496887 256 4 1 2.38113e-06 
0.143132 -0.000575732 1.22342 0.0025 1.00115 1.0017 2.50109 0.00499425 257 4 1 2.84887e-06 
0.145632 0.00136933 1.14238 0.0025 0.99821 0.997413 2.49826 0.00500897 258 4 1 -1.49052e-06 
0.148141 0.0069645 3.93978 0.0025 0.99353 0.990906 2.49362 0.00503256 259 4 1 -1.64842e-06 
0.150665 0.0158338 4.0554 0.0025 0.986937 0.981827 2.48692 0.00506618 260 4 1 1.56041e-06 
0.153207 0.0228011 2.57086 0.0025 0.981094 0.973678 2.48098 0.00509635 261 4 1 1.59223e-06 
0.155761 0.0282805 2.63929 0.0025 0.97612 0.966719 2.47599 0.00512232 262 4 1 -1.37864e-08 
0.158329 0.034916 3.33105 0.0025 0.970697 0.959223 2.47049 0.00515094 263 4 1 1.17218e-07 
0.160912 0.0421925 3.22639 0.0025 0.964884 0.951214 2.46454 0.00518197 264 4 1 8.39763e-07 
0.163511 0.0489768 2.97479 0.0025 0.95924 0.943421 2.45876 0.00521246 265 4 1 6.28268e-07 
0.166125 0.0558096 3.1922 0.0025 0.953582 0.935631 2.45296 0.00524339 266 4 1 3.37404e-07 
0.168755 0.0632348 3.36693 0.0025 0.947662 0.927523 2.44686 0.00527615 267 4 1 6.83319e-07 
0.171401 0.0705985 3.13557 0.0025 0.941763 0.919456 2.44074 0.00530919 268 4 1 9.0491e-07 
0.174064 0.0775787 3.01791 0.0025 0.936065 0.911662 2.43483 0.00534151 269 4 1 5.51909e-07 
0.176743 0.0847666 3.27683 0.0025 0.930258 0.903752 2.42879 0.00537485 270 4 1 4.18905e-07 
0.179439 0.092516 3.36512 0.0025 0.924215 0.895561 2.42246 0.00540999 271 4 1 8.22998e-07 
0.182153 0.100066 3.10195 0.0025 0.918273 0.887512 2.41621 0.005445 272 4 1 9.47891e-07 
0.184884 0.107219 3.02254 0.0025 0.912535 0.879741 2.41017 0.00547924 273 4 1 5.46791e-07 
0.187632 0.114676 3.29802 0.0025 0.906651 0.871809 2.40395 0.0055148 274 4 1 4.68561e-07 
0.190399 0.122676 3.34827 0.0025 0.900539 0.863608 2.39744 0.00555223 275 4 1 8.77698e-07 
0.193184 0.130434 3.11865 0.0025 0.894524 0.855543 2.39102 0.00558956 276 4 1 9.34995e-07 
0.195988 0.137924 3.10385 0.0025 0.888652 0.847678 2.38474 0.0056265 277 4 1 6.09688e-07 
0.198811 0.145768 3.30125 0.0025 0.882649 0.839675 2.37828 0.00566477 278 4 1 6.50525e-07 
0.201653 0.153887 3.25349 0.0025 0.876535 0.831554 2.37167 0.00570428 279 4 1 9.43032e-07 
0.204515 0.161763 3.09763 0.0025 0.870538 0.823595 2.36517 0.00574358 280 4 1 8.60042e-07 
0.207397 0.169581 3.15887 0.0025 0.864587 0.815717 2.35869 0.00578311 281 4 1 6.54529e-07 
0.210298 0.177728 3.27353 0.0025 0.858506 0.807701 2.35204 0.00582407 282 4 1 7.86127e-07 
0.213221 0.18599 3.19435 0.0025 0.852383 0.799652 2.34532 0.00586591 283 4 1 9.34705e-07 
0.216164 0.194111 3.1466 0.0025 0.846325 0.791703 2.33864 0.0059079 284 4 1 8.40054e-07 
0.219129 0.202318 3.19267 0.0025 0.840253 0.783761 2.33191 0.00595059 285 4 1 7.90346e-07 
0.222115 0.210715 3.22597 0.0025 0.834114 0.77576 2.32508 0.00599438 286 4 1 8.89429e-07 
0.225123 0.219163 3.16831 0.0025 0.827976 0.767782 2.31822 0.00603882 287 4 1 9.66791e-07 
0.228154 0.227514 3.11972 0.0025 0.821893 0.759891 2.3114 0.00608352 288 4 1 8.4968e-07 
0.231207 0.236033 3.21962 0.0025 0.815759 0.751963 2.30448 0.00612926 289 4 1 8.51583e-07 
0.234283 0.244732 3.18199 0.0025 0.809566 0.743989 2.29747 0.00617615 290 4 1 9.96706e-07 
0.237383 0.253357 3.1358 0.0025 0.803411 0.736079 2.29046 0.00622347 291 4 1 9.43699e-07 
0.240507 0.262065 3.17548 0.0025 0.797242 0.728177 2.28342 0.00627162 292 4 1 9.04908e-07 
0.243655 0.270936 3.19346 0.0025 0.791019 0.720236 2.27627 0.00632096 293 4 1 1.01252e-06 
0.246828 0.279836 3.12592 0.0025 0.784813 0.712337 2.26911 0.00637095 294 4 1 1.02698e-06 
0.250026 0.288711 3.14622 0.0025 0.778621 0.704479 2.26193 0.00642161 295 4 1 9.58226e-07 
0.25325 0.297787 3.17124 0.0025 0.772381 0.69659 2.25466 0.00647349 296 4 1 1.02411e-06 
0.2565 0.306917 3.13757 0.0025 0.766129 0.688709 2.24734 0.00652632 297 4 1 1.06615e-06 
0.259776 0.316081 3.13762 0.0025 0.75988 0.680857 2.24 0.00657998 298 4 1 1.03691e-06 
0.26308 0.325378 3.15598 0.0025 0.753601 0.672994 2.23257 0.00663481 299 4 1 1.0803e-06 
0.266411 0.334757 3.12796 0.0025 0.747311 0.665144 2.2251 0.00669066 300 4 1 1.12279e-06 
0.26977 0.344144 3.12091 0.0025 0.741027 0.657325 2.2176 0.0067474 301 4 1 1.10001e-06 
0.273159 0.353692 3.13501 0.0025 0.734719 0.649506 2.21003 0.00680532 302 4 1 1.1321e-06 
0.276576 0.363293 3.11381 0.0025 0.728397 0.641695 2.2024 0.00686439 303 4 1 1.15636e-06 
0.280023 0.372977 3.12902 0.0025 0.722059 0.633893 2.19472 0.00692464 304 4 1 1.17051e-06 
0.283501 0.382784 3.11231 0.0025 0.715705 0.626099 2.18697 0.00698612 305 4 1 1.22753e-06 
0.287009 0.392604 3.09207 0.0025 0.709361 0.618343 2.1792 0.00704859 306 4 1 1.23051e-06 
0.290549 0.402543 3.09162 0.0025 0.70302 0.61062 2.17139 0.00711218 307 4 1 1.26222e-06 
0.294122 0.412502 3.05287 0.0025 0.696697 0.602946 2.16356 0.00717672 308 4 1 1.30057e-06 
0.297726 0.422464 3.02961 0.0025 0.690413 0.595347 2.15573 0.00724204 309 4 1 1.2975e-06 
0.301364 0.432481 3.00256 0.0025 0.684168 0.587824 2.14791 0.00730815 310 4 1 1.35946e-06 
0.305035 0.442386 2.91653 0.0025 0.678014 0.580437 2.14016 0.00737448 311 4 1 1.38078e-06 
0.308739 0.452161 2.85757 0.0025 0.671981 0.573219 2.13253 0.00744069 312 4 1 1.33742e-06 
0.312475 0.461828 2.7888 0.0025 0.666061 0.566162 2.12499 0.00750682 313 4 1 1.31958e-06 
0.316245 0.471334 2.72092 0.0025 0.660261 0.559272 2.11757 0.00757276 314 4 1 1.28342e-06 
0.320048 0.480748 2.65408 0.0025 0.654575 0.552539 2.11026 0.00763855 315 4 1 1.21667e-06 
0.323884 0.490059 2.62221 0.0025 0.648967 0.545921 2.10301 0.00770455 316 4 1 1.12818e-06 
0.327753 0.499431 2.62342 0.0025 0.643376 0.539347 2.09575 0.0077715 317 4 1 1.08696e-06 
0.331656 0.508909 2.63022 0.0025 0.63776 0.532766 2.08841 0.00783995 318 4 1 1.0758e-06 
0.335593 0.518554 2.65942 0.0025 0.632085 0.52614 2.08096 0.00791033 319 4 1 1.06998e-06 
0.339566 0.52841 2.70465 0.0025 0.626315 0.519428 2.07335 0.0079832 320 4 1 1.10831e-06 
0.343577 0.53857 2.74423 0.0025 0.620436 0.512616 2.06554 0.00805885 321 4 1 1.17604e-06 
0.347625 0.548976 2.78186 0.0025 0.614449 0.505705 2.05755 0.00813737 322 4 1 1.23085e-06 
0.351714 0.559696 2.83402 0.0025 0.608345 0.498686 2.04935 0.00821903 323 4 1 1.30355e-06 
0.355845 0.570705 2.87469 0.0025 0.602123 0.491564 2.04094 0.00830395 324 4 1 1.42638e-06 
0.360018 0.581971 2.88937 0.0025 0.595822 0.484381 2.03238 0.00839177 325 4 1 1.55414e-06 
0.364237 0.593369 2.88452 0.0025 0.589493 0.477198 2.02372 0.00848186 326 4 1 1.69552e-06 
0.3685 0.604832 2.82629 0.0025 0.583222 0.470112 2.01508 0.00857307 327 4 1 1.85911e-06 
0.37281 0.616031 2.69819 0.0025 0.57714 0.463272 2.00665 0.00866341 328 4 1 2.00808e-06 
0.377164 0.626675 2.46983 0.0025 0.571423 0.456866 1.99867 0.00875009 329 4 1 2.05043e-06 
0.38156 0.636365 2.19444 0.0025 0.566222 0.451058 1.99138 0.00883045 330 4 1 1.9056e-06 
0.385995 0.645014 1.92256 0.0025 0.561597 0.445907 1.98485 0.00890318 331 4 1 1.66084e-06 
0.390464 0.652638 1.67169 0.0025 0.557537 0.441398 1.9791 0.00896802 332 4 1 1.38725e-06 
0.394963 0.659336 1.47074 0.0025 0.553989 0.437471 1.97406 0.00902545 333 4 1 1.20796e-06 
0.399489 0.665195 1.23937 0.0025 0.550953 0.434124 1.96973 0.00907519 334 4 1 1.2287e-06 
0.404038 0.669845 0.890454 0.0025 0.548567 0.431502 1.96631 0.00911466 335 4 1 1.27001e-06 
0.408604 0.672816 0.471848 0.0025 0.546992 0.429765 1.96405 0.0091409 336 4 1 1.00532e-06 
0.413179 0.674281 0.214233 0.0025 0.546137 0.428809 1.96283 0.00915521 337 4 1 5.13443e-07 
0.417759 0.67505 0.144594 0.0025 0.545677 0.428295 1.96217 0.00916293 338 4 1 2.41492e-07 
0.422342 0.675582 0.0746428 0.0025 0.545412 0.428004 1.9618 0.00916737 339 4 1 2.16946e-07 
0.426926 0.675693 -0.0208156 0.0025 0.545325 0.427904 1.96167 0.00916885 340 5 1 1.18179e-07 
0.431511 0.675634 -0.0100078 0.0025 0.545334 0.427912 1.96169 0.00916869 341 4 1 2.21067e-08 
0.436095 0.675574 -0.0245416 0.0025 0.545363 0.427945 1.96174 0.0091682 342 4 1 2.55394e-08 
0.440679 0.675461 -0.0309317 0.0025 0.545413 0.428001 1.96181 0.00916736 343 4 1 1.96682e-08 
0.445262 0.675317 -0.0352488 0.0025 0.54548 0.428075 1.96191 0.00916623 344 4 1 1.31148e-08 
0.449845 0.675157 -0.0374108 0.0025 0.545557 0.42816 1.96203 0.00916494 345 4 1 5.09458e-09 
0.454427 0.674986 -0.0367435 0.0025 0.545638 0.428249 1.96215 0.00916359 346 4 1 -1.03198e-09 
0.459009 0.674812 -0.0346337 0.0025 0.545718 0.428338 1.96227 0.00916225 347 4 1 -2.14363e-09 
0.46359 0.674643 -0.0327219 0.0025 0.545796 0.428425 1.96239 0.00916094 348 4 1 -2.18525e-09 
0.46817 0.674488 -0.0311228 0.0025 0.545871 0.428508 1.9625 0.00915968 349 4 1 -4.75177e-09 
0.472749 0.674348 -0.0290865 0.0025 0.545942 0.428587 1.96261 0.00915849 350 4 1 -7.00315e-09 
0.477328 0.674223 -0.02643 0.0025 0.546007 0.42866 1.96271 0.00915739 351 4 1 -7.15783e-09 
0.481907 0.67411 -0.0235667 0.0025 0.546066 0.428726 1.9628 0.0091564 352 4 1 -6.81189e-09 
0.486485 0.674009 -0.0208812 0.0025 0.546118 0.428785 1.96288 0.00915552 353 4 1 -7.50684e-09 
0.491062 0.673918 -0.0185238 0.0025 0.546165 0.428838 1.96295 0.00915474 354 4 1 -6.40385e-09 
0.495639 0.673838 -0.0164834 0.0025 0.546206 0.428884 1.96301 0.00915405 355 4 1 -4.38876e-09 
0.500216 0.673766 -0.0146889 0.0025 0.546243 0.428926 1.96307 0.00915344 356 4 1 -4.76519e-09 
0.504793 0.673703 -0.0130978 0.0025 0.546275 0.428963 1.96313 0.0091529 357 4 1 -4.82042e-09 
0.509369 0.673647 -0.0117049 0.0025 0.546304 0.428996 1.96318 0.00915242 358 4 1 -3.2405e-09 
0.513945 0.673597 -0.0104911 0.0025 0.546329 0.429025 1.96322 0.00915199 359 4 1 -2.56259e-09 
0.518521 0.673552 -0.00940689 0.0025 0.546351 0.429052 1.96326 0.00915162 360 4 1 -3.69849e-09 
0.523097 0.673512 -0.00840837 0.0025 0.546371 0.429075 1.9633 0.00915129 361 4 1 -2.58651e-09 
0.527672 0.673476 -0.00749385 0.0025 0.546389 0.429096 1.96333 0.00915099 362 4 1 -9.11158e-10 
0.532248 0.673443 -0.00669806 0.0025 0.546404 0.429115 1.96336 0.00915074 363 4 1 -2.81802e-09 
0.536823 0.673413 -0.00605135 0.0025 0.546417 0.429132 1.96339 0.00915052 364 4 1 -1.77945e-09 
0.541398 0.673386 -0.00554184 0.0025 0.546429 0.429147 1.96342 0.00915031 365 4 1 7.94138e-10 
0.545974 0.673362 -0.00511325 0.0025 0.54644 0.429162 1.96344 0.00915014 366 4 1 -2.04841e-09 
0.550549 0.67334 -0.00469961 0.0025 0.546449 0.429174 1.96347 0.00914998 367 4 1 -2.0535e-09 
0.555123 0.67332 -0.00426945 0.0025 0.546458 0.429186 1.96349 0.00914984 368 4 1 8.25272e-10 
0.559698 0.673302 -0.00384384 0.0025 0.546465 0.429197 1.96352 0.00914972 369 4 1 -4.8854e-10 
0.564273 0.673285 -0.00347146 0.0025 0.546471 0.429206 1.96354 0.00914962 370 4 1 -1.55359e-09 
0.568848 0.673269 -0.00318211 0.0025 0.546476 0.429215 1.96356 0.00914954 371 4 1 2.57029e-10 
0.573423 0.673255 -0.00296114 0.0025 0.54648 0.429223 1.96358 0.00914946 372 4 1 6.99887e-10 
0.577997 0.673242 -0.00276593 0.0025 0.546484 0.429231 1.9636 0.00914941 373 4 1 -8.78022e-10 
0.582572 0.67323 -0.00256334 0.0025 0.546486 0.429238 1.96362 0.00914936 374 4 1 2.09343e-10 
0.587147 0.673219 -0.00235151 0.0025 0.546489 0.429244 1.96365 0.00914932 375 4 1 9.76779e-10 
0.591721 0.673209 -0.00215112 0.0025 0.54649 0.42925 1.96367 0.0091493 376 4 1 -6.04966e-10 
0.596296 0.6732 -0.0019815 0.0025 0.546491 0.429255 1.96369 0.00914929 377 4 1 7.0102e-10 
0.600871 0.673191 -0.00184485 0.0025 0.546491 0.42926 1.96371 0.00914929 378 3 1 8.86844e-10 
0.605445 0.673183 -0.00172808 0.0025 0.54649 0.429265 1.96374 0.0091493 379 4 1 8.81744e-10 
0.61002 0.673176 -0.00161557 0.0025 0.546488 0.429269 1.96376 0.00914932 380 4 1 2.41076e-09 
0.614595 0.673169 -0.00150038 0.0025 0.546486 0.429273 1.96379 0.00914936 381 4 1 -1.47826e-09 
0.619169 0.673162 -0.00138671 0.0025 0.546484 0.429277 1.96382 0.00914941 382 4 1 1.21993e-09 
0.623744 0.673156 -0.00128378 0.0025 0.54648 0.429281 1.96384 0.00914946 383 4 1 4.67573e-09 
0.628319 0.673151 -0.00119725 0.0025 0.546475 0.429284 1.96388 0.00914954 384 4 1 -1.77674e-09 
0.632894 0.673146 -0.00112479 0.0025 0.54647 0.429287 1.96391 0.00914963 385 4 1 1.94183e-09 
0.637469 0.673141 -0.0010588 0.0025 0.546465 0.42929 1.96394 0.00914972 386 4 1 3.39848e-09 
0.642043 0.673137 -0.000993129 0.0025 0.546458 0.429292 1.96398 0.00914984 387 4 1 2.68186e-09 
0.646618 0.673133 -0.000927893 0.0025 0.54645 0.429295 1.96402 0.00914997 388 4 1 4.57353e-09 
0.651193 0.673129 -0.000868212 0.0025 0.54644 0.429297 1.96406 0.00915013 389 4 1 -2.3712e-09 
0.655768 0.673125 -0.000818607 0.0025 0.546431 0.429299 1.96411 0.00915029 390 4 1 5.36716e-09 
0.660344 0.673122 -0.000778555 0.0025 0.54642 0.429302 1.96416 0.00915047 391 4 1 4.66791e-09 
0.664919 0.673119 -0.000743078 0.0025 0.546407 0.429304 1.96421 0.00915069 392 4 1 8.1402e-09 
0.669494 0.673117 -0.000707187 0.0025 0.546395 0.429308 1.96428 0.00915089 393 4 1 -3.60655e-09 
0.67407 0.673114 -0.000669618 0.0025 0.546373 0.429311 1.96434 0.00915125 394 4 1 1.43637e-07 
0.678646 0.673112 -0.000632554 0.0025 0.546364 0.429342 1.96457 0.00915141 395 4 1 -1.38761e-07 
0.683221 0.67311 -0.000598144 0.0025 0.545967 0.429188 1.96464 0.00915807 396 5 1 3.48583e-06 
0.687804 0.673108 -0.000565285 0.0025 0.548232 0.430853 1.96849 0.00912022 397 3 1 -1.90587e-05 
0.692342 0.673106 -0.000530257 0.0025 0.536903 0.426185 1.95003 0.00931266 398 4 1 0.000179251 
0.697123 0.673104 -0.000486921 0.0025 0.511047 0.432723 2.1525 0.00978383 399 4 1 -0.000134226 
0.702132 0.673102 -0.000432838 0.0025 0.482802 0.424498 2.15548 0.0103562 400 4 1 0.000266082 
0.707493 0.6731 -0.000366698 0.0025 0.454319 0.432942 2.44417 0.0110055 401 4 1 -0.000240409 
0.713148 0.673098 -0.000292289 0.0025 0.447021 0.427278 2.38025 0.0111852 402 5 1 5.38084e-05 
0.718679 0.673095 -0.000219129 0.0025 0.452453 0.429649 2.37464 0.0110509 403 4 1 -3.01291e-06 
0.724199 0.673093 -0.000149165 0.0025 0.453635 0.42932 2.36524 0.0110221 404 4 1 3.91257e-06 
0.729702 0.673091 -8.46948e-05 0.0025 0.454715 0.429379 2.36046 0.0109959 405 4 1 1.27142e-06 
0.735195 0.673088 -2.80334e-05 0.0025 0.455339 0.429352 2.35716 0.0109808 406 4 1 8.42829e-07 
0.740682 0.673086 1.74903e-05 0.0025 0.455783 0.42934 2.35486 0.0109701 407 4 1 5.44336e-07 
0.746165 0.673083 4.851e-05 0.0025 0.456103 0.429333 2.3532 0.0109624 408 4 1 3.49126e-07 
0.751645 0.67308 6.31809e-05 0.0025 0.456344 0.429328 2.35195 0.0109567 409 4 1 2.46823e-07 
0.757122 0.673078 6.24241e-05 0.0025 0.456528 0.429326 2.351 0.0109522 410 4 1 1.7738e-07 
0.762597 0.673076 5.00447e-05 0.0025 0.456672 0.429324 2.35026 0.0109488 411 4 1 1.3106e-07 
0.768071 0.673074 3.16895e-05 0.0025 0.456785 0.429322 2.34968 0.0109461 412 4 1 9.81767e-08 
0.773543 0.673072 1.3208e-05 0.0025 0.456876 0.429321 2.34921 0.0109439 413 4 1 7.55569e-08 
0.779015 0.67307 -8.29756e-07 0.0025 0.456949 0.429321 2.34883 0.0109421 414 4 1 5.89294e-08 
0.784485 0.673069 -7.92579e-06 0.0025 0.457009 0.42932 2.34852 0.0109407 415 4 1 4.6453e-08 
0.789955 0.673068 -7.64465e-06 0.0025 0.457058 0.42932 2.34827 0.0109395 416 4 1 3.7045e-08 
0.795425 0.673066 -1.03572e-06 0.0025 0.457099 0.42932 2.34806 0.0109386 417 4 1 2.98094e-08 
0.800894 0.673065 1.01429e-05 0.0025 0.457132 0.429319 2.34789 0.0109378 418 4 1 2.41296e-08 
0.806363 0.673064 2.40946e-05 0.0025 0.45716 0.429319 2.34775 0.0109371 419 4 1 1.96773e-08 
0.811831 0.673063 3.94047e-05 0.0025 0.457183 0.429319 2.34763 0.0109365 420 4 1 1.61541e-08 
0.817299 0.673061 5.52217e-05 0.0025 0.457202 0.429319 2.34753 0.0109361 421 4 1 1.33544e-08 
0.822767 0.67306 7.13048e-05 0.0025 0.457219 0.429319 2.34744 0.0109357 422 4 1 1.10908e-08 
0.828235 0.673059 8.80723e-05 0.0025 0.457232 0.429318 2.34737 0.0109354 423 4 1 9.21629e-09 
0.833702 0.673058 0.000106785 0.0025 0.457244 0.429318 2.34731 0.0109351 424 4 1 7.69501e-09 
0.83917 0.673056 0.000130025 0.0025 0.457253 0.429318 2.34726 0.0109349 425 4 1 6.44262e-09 
0.844637 0.673055 0.000162789 0.0025 0.457261 0.429317 2.34722 0.0109347 426 4 1 5.00047e-09 
0.850104 0.673053 0.000215091 0.0025 0.457267 0.429316 2.34718 0.0109345 427 4 1 3.64883e-09 
0.855572 0.673051 0.00030824 0.0025 0.457273 0.429316 2.34715 0.0109344 428 4 1 2.95716e-09 
0.861039 0.673048 0.000490024 0.0025 0.457277 0.429314 2.34712 0.0109343 429 4 1 1.80866e-09 
0.866506 0.673044 0.000871581 0.0025 0.457279 0.429311 2.3471 0.0109342 430 3 1 -1.10244e-09 
0.871973 0.673036 0.00171448 0.0025 0.457278 0.429305 2.34707 0.0109343 431 4 1 -6.97436e-09 
0.87744 0.673019 0.0036383 0.0025 0.457271 0.429291 2.34703 0.0109344 432 4 1 -1.97931e-08 
0.882908 0.672982 0.00811652 0.0025 0.457251 0.42926 2.34697 0.0109349 433 4 1 -4.96486e-08 
0.888375 0.672897 0.0186596 0.0025 0.4572 0.429188 2.34685 0.0109361 434 4 1 -1.19703e-07 
0.893844 0.6727 0.0435018 0.0025 0.457078 0.429019 2.34659 0.0109391 435 4 1 -2.84181e-07 
0.899314 0.672238 0.102211 0.0025 0.456788 0.428622 2.34598 0.010946 436 4 1 -6.607e-07 
0.90479 0.671151 0.239289 0.0025 0.456106 0.427696 2.34457 0.0109624 437 4 1 -1.49793e-06 
0.910277 0.668632 0.551392 0.0025 0.454535 0.42557 2.34133 0.0110003 438 4 1 -3.19252e-06 
0.91579 0.662833 1.25396 0.0025 0.451035 0.420874 2.33408 0.0110856 439 4 1 -6.02575e-06 
0.921363 0.650341 2.61594 0.0025 0.443703 0.411129 2.31872 0.0112688 440 4 1 -9.65378e-06 
0.92706 0.623799 5.57055 0.0025 0.429353 0.392412 2.28791 0.0116454 441 4 1 -7.71711e-06 
0.933014 0.573033 9.73507 0.0025 0.404866 0.361022 2.23278 0.0123498 442 4 1 6.68054e-06 
0.93943 0.480572 19.1035 0.0025 0.366539 0.313709 2.13881 0.0136411 443 4 1 5.94363e-05 
0.946725 0.309551 30.2329 0.0025 0.317668 0.256249 2.00431 0.0157397 444 4 1 0.000188061 
0.955318 0.115556 23.9353 0.0025 0.275827 0.20879 1.87638 0.0181273 445 4 1 0.000256814 
0.964956 0.0109925 7.53685 0.0025 0.25459 0.185173 1.80906 0.0196394 446 4 1 0.00012752 
0.974974 -0.00715446 -0.495654 0.0025 0.249441 0.179202 1.79338 0.0200448 447 5 1 2.03594e-05 
0.985001 -0.00113875 -0.563964 0.0025 0.249661 0.179166 1.79403 0.0200272 448 4 1 3.2166e-07 
0.995002 0.000102726 -0.0385945 0.0025 0.250037 0.17952 1.79511 0.019997 449 3 1 -9.00268e-07 
1.005 -0.000102726 0.0385945 0.0025 0.250037 0.17952 1.79511 0.019997 450 3 1 -9.00268e-07 
1.015 0.00113875 0.563964 0.0025 0.249661 0.179166 1.79403 0.0200272 451 4 1 3.2166e-07 
1.02503 0.00715446 0.495654 0.0025 0.249441 0.179202 1.79338 0.0200448 452 5 1 2.03594e-05 
1.03504 -0.0109925 -7.53685 0.0025 0.25459 0.185173 1.80906 0.0196394 453 4 1 0.00012752 
1.04468 -0.115556 -23.9353 0.0025 0.275827 0.20879 1.87638 0.0181273 454 4 1 0.000256814 
1.05328 -0.309551 -30.2329 0.0025 0.317668 0.256249 2.00431 0.0157397 455 4 1 0.000188061 
1.06057 -0.480572 -19.1035 0.0025 0.366539 0.313709 2.13881 0.0136411 456 4 1 5.94363e-05 
1.06699 -0.573033 -9.73507 0.0025 0.404866 0.361022 2.23278 0.0123498 457 4 1 6.68054e-06 
1.07294 -0.623799 -5.57055 0.0025 0.429353 0.392412 2.28791 0.0116454 458 4 1 -7.71711e-06 
1.07864 -0.650341 -2.61594 0.0025 0.443703 0.411129 2.31872 0.0112688 459 4 1 -9.65378e-06 
1.08421 -0.662833 -1.25396 0.0025 0.451035 0.420874 2.33408 0.0110856 460 4 1 -6.02575e-06 
1.08972 -0.668632 -0.551392 0.0025 0.454535 0.42557 2.34133 0.0110003 461 4 1 -3.19252e-06 
1.09521 -0.671151 -0.239289 0.0025 0.456106 0.427696 2.34457 0.0109624 462 4 1 -1.49793e-06 
1.10069 -0.672238 -0.102211 0.0025 0.456788 0.428622 2.34598 0.010946 463 4 1 -6.607e-07 
1.10616 -0.6727 -0.0435018 0.0025 0.457078 0.429019 2.34659 0.0109391 464 4 1 -2.84181e-07 
1.11162 -0.672897 -0.0186596 0.0025 0.4572 0.429188 2.34685 0.0109361 465 4 1 -1.19703e-07 
1.11709 -0.672982 -0.00811652 0.0025 0.457251 0.42926 2.34697 0.0109349 466 4 1 -4.96486e-08 
1.12256 -0.673019 -0.0036383 0.0025 0.457271 0.429291 2.34703 0.0109344 467 4 1 -1.97931e-08 
1.12803 -0.673036 -0.00171448 0.0025 0.457278 0.429305 2.34707 0.0109343 468 4 1 -6.97436e-09 
1.13349 -0.673044 -0.000871581 0.0025 0.457279 0.429311 2.3471 0.0109342 469 3 1 -1.10244e-09 
1.13896 -0.673048 -0.000490024 0.0025 0.457277 0.429314 2.34712 0.0109343 470 4 1 1.80866e-09 
1.14443 -0.673051 -0.00030824 0.0025 0.457273 0.429316 2.34715 0.0109344 471 4 1 2.95716e-09 
1.1499 -0.673053 -0.000215091 0.0025 0.457267 0.429316 2.34718 0.0109345 472 4 1 3.64883e-09 
1.15536 -0.673055 -0.000162789 0.0025 0.457261 0.429317 2.34722 0.0109347 473 4 1 5.00047e-09 
1.16083 -0.673056 -0.000130025 0.0025 0.457253 0.429318 2.34726 0.0109349 474 4 1 6.44262e-09 
1.1663 -0.673058 -0.000106785 0.0025 0.457244 0.429318 2.34731 0.0109351 475 4 1 7.69501e-09 
1.17177 -0.673059 -8.80723e-05 0.0025 0.457232 0.429318 2.34737 0.0109354 476 4 1 9.21629e-09 
1.17723 -0.67306 -7.13048e-05 0.0025 0.457219 0.429319 2.34744 0.0109357 477 4 1 1.10908e-08 
1.1827 -0.673061 -5.52217e-05 0.0025 0.457202 0.429319 2.34753 0.0109361 478 4 1 1.33544e-08 
1.18817 -0.673063 -3.94047e-05 0.0025 0.457183 0.429319 2.34763 0.0109365 479 4 1 1.61541e-08 
1.19364 -0.673064 -2.40946e-05 0.0025 0.45716 0.429319 2.34775 0.0109371 480 4 1 1.96773e-08 
1.19911 -0.673065 -1.01428e-05 0.0025 0.457132 0.429319 2.34789 0.0109378 481 4 1 2.41296e-08 
1.20458 -0.673066 1.03572e-06 0.0025 0.457099 0.42932 2.34806 0.0109386 482 4 1 2.98094e-08 
1.21004 -0.673068 7.64464e-06 0.0025 0.457058 0.42932 2.34827 0.0109395 483 4 1 3.7045e-08 
1.21551 -0.673069 7.92581e-06 0.0025 0.457009 0.42932 2.34852 0.0109407 484 4 1 4.6453e-08 
1.22099 -0.67307 8.29747e-07 0.0025 0.456949 0.429321 2.34883 0.0109421 485 4 1 5.89294e-08 
1.22646 -0.673072 -1.3208e-05 0.0025 0.456876 0.429321 2.34921 0.0109439 486 4 1 7.55569e-08 
1.23193 -0.673074 -3.16895e-05 0.0025 0.456785 0.429322 2.34968 0.0109461 487 4 1 9.81767e-08 
1.2374 -0.673076 -5.00447e-05 0.0025 0.456672 0.429324 2.35026 0.0109488 488 4 1 1.3106e-07 
1.24288 -0.673078 -6.24241e-05 0.0025 0.456528 0.429326 2.351 0.0109522 489 4 1 1.7738e-07 
1.24836 -0.67308 -6.31809e-05 0.0025 0.456344 0.429328 2.35195 0.0109567 490 4 1 2.46823e-07 
1.25383 -0.673083 -4.851e-05 0.0025 0.456103 0.429333 2.3532 0.0109624 491 4 1 3.49126e-07 
1.25932 -0.673086 -1.74903e-05 0.0025 0.455783 0.42934 2.35486 0.0109701 492 4 1 5.44336e-07 
1.2648 -0.673088 2.80334e-05 0.0025 0.455339 0.429352 2.35716 0.0109808 493 4 1 8.42829e-07 
1.2703 -0.673091 8.46948e-05 0.0025 0.454715 0.429379 2.36046 0.0109959 494 4 1 1.27142e-06 
1.2758 -0.673093 0.000149165 0.0025 0.453635 0.42932 2.36524 0.0110221 495 4 1 3.91257e-06 
1.28132 -0.673095 0.000219129 0.0025 0.452453 0.429649 2.37464 0.0110509 496 4 1 -3.01291e-06 
1.28685 -0.673098 0.000292289 0.0025 0.447021 0.427278 2.38025 0.0111852 497 5 1 5.38084e-05 
1.29251 -0.6731 0.000366698 0.0025 0.454319 0.432942 2.44417 0.0110055 498 4 1 -0.000240409 
1.29787 -0.673102 0.000432838 0.0025 0.482802 0.424498 2.15548 0.0103562 499 4 1 0.000266082 
