# Time [s]: 0.299867
# Columns: pos [m], vel [m/s], acc [m/s^2], mass [kg], dens [kg/m^3], pres [Pa], ene [J/kg], sml [m], id, neighbor, alpha, gradh, ...additional?
1.30039 -0.673102 0.000472959 0.0025 0.511048 0.432723 2.1525 0.00978382 0 4 1 -0.000134226 
1.30517 -0.673104 0.000508856 0.0025 0.536904 0.426185 1.95004 0.00931265 1 4 1 0.000179251 
1.30971 -0.673106 0.000539941 0.0025 0.548233 0.430854 1.96849 0.00912021 2 3 1 -1.90587e-05 
1.31429 -0.673108 0.000571253 0.0025 0.545967 0.429189 1.96464 0.00915806 3 5 1 3.48583e-06 
1.31886 -0.67311 0.000603808 0.0025 0.546365 0.429343 1.96457 0.0091514 4 4 1 -1.38753e-07 
1.32344 -0.673112 0.000636329 0.0025 0.546374 0.429312 1.96434 0.00915124 5 4 1 1.4365e-07 
1.32801 -0.673114 0.000667123 0.0025 0.546396 0.429309 1.96428 0.00915087 6 4 1 -3.58925e-09 
1.33259 -0.673117 0.0006971 0.0025 0.546408 0.429305 1.96421 0.00915067 7 4 1 8.15505e-09 
1.33717 -0.673119 0.000730309 0.0025 0.546421 0.429303 1.96416 0.00915045 8 4 1 4.67511e-09 
1.34174 -0.673122 0.000771174 0.0025 0.546432 0.429301 1.96411 0.00915027 9 4 1 5.3687e-09 
1.34632 -0.673126 0.000820761 0.0025 0.546442 0.429299 1.96407 0.0091501 10 4 1 -2.36711e-09 
1.35089 -0.673129 0.00087585 0.0025 0.546451 0.429297 1.96402 0.00914995 11 4 1 4.58721e-09 
1.35547 -0.673133 0.000932199 0.0025 0.54646 0.429294 1.96398 0.00914981 12 4 1 2.7037e-09 
1.36004 -0.673137 0.000989209 0.0025 0.546467 0.429292 1.96394 0.00914969 13 4 1 3.41899e-09 
1.36462 -0.673142 0.00105149 0.0025 0.546473 0.429289 1.96391 0.00914959 14 4 1 1.9521e-09 
1.36919 -0.673147 0.0011254 0.0025 0.546478 0.429286 1.96388 0.0091495 15 4 1 -1.7759e-09 
1.37376 -0.673152 0.00121337 0.0025 0.546483 0.429283 1.96385 0.00914942 16 4 1 4.67869e-09 
1.37834 -0.673157 0.0013111 0.0025 0.546486 0.42928 1.96382 0.00914936 17 4 1 1.23829e-09 
1.38291 -0.673163 0.0014108 0.0025 0.546489 0.429277 1.96379 0.00914931 18 4 1 -1.44136e-09 
1.38749 -0.67317 0.00150822 0.0025 0.546492 0.429273 1.96377 0.00914927 19 4 1 2.45442e-09 
1.39206 -0.673177 0.00160828 0.0025 0.546493 0.429269 1.96374 0.00914924 20 4 1 9.13105e-10 
1.39664 -0.673184 0.00172368 0.0025 0.546494 0.429264 1.96372 0.00914923 21 4 1 8.95994e-10 
1.40121 -0.673193 0.00186577 0.0025 0.546494 0.42926 1.9637 0.00914922 22 3 1 7.00123e-10 
1.40579 -0.673201 0.00203379 0.0025 0.546494 0.429255 1.96367 0.00914923 23 4 1 -5.85659e-10 
1.41036 -0.673211 0.00221246 0.0025 0.546493 0.429249 1.96365 0.00914925 24 4 1 1.04075e-09 
1.41494 -0.673221 0.00238412 0.0025 0.546491 0.429243 1.96363 0.00914928 25 4 1 3.09058e-10 
1.41951 -0.673232 0.00254839 0.0025 0.546489 0.429237 1.96361 0.00914932 26 4 1 -7.873e-10 
1.42409 -0.673245 0.0027307 0.0025 0.546486 0.42923 1.96359 0.00914937 27 4 1 7.36799e-10 
1.42866 -0.673258 0.00296658 0.0025 0.546482 0.429222 1.96357 0.00914943 28 4 1 2.4316e-10 
1.43324 -0.673273 0.00327113 0.0025 0.546478 0.429214 1.96355 0.00914951 29 4 1 -1.55665e-09 
1.43781 -0.673288 0.00362271 0.0025 0.546472 0.429205 1.96353 0.0091496 30 4 1 -4.08129e-10 
1.44238 -0.673305 0.00398013 0.0025 0.546466 0.429195 1.9635 0.0091497 31 4 1 1.00673e-09 
1.44696 -0.673323 0.00432073 0.0025 0.546458 0.429184 1.96348 0.00914983 32 4 1 -1.82843e-09 
1.45153 -0.673344 0.00466498 0.0025 0.54645 0.429172 1.96346 0.00914997 33 4 1 -1.86471e-09 
1.45611 -0.673366 0.00506617 0.0025 0.54644 0.429159 1.96343 0.00915013 34 4 1 8.95549e-10 
1.46068 -0.673391 0.00557448 0.0025 0.546429 0.429145 1.96341 0.00915031 35 4 1 -1.72248e-09 
1.46526 -0.673419 0.00620501 0.0025 0.546417 0.42913 1.96338 0.00915052 36 4 1 -2.71714e-09 
1.46984 -0.673449 0.00693516 0.0025 0.546403 0.429113 1.96335 0.00915075 37 4 1 -6.9557e-10 
1.47441 -0.673482 0.00773329 0.0025 0.546387 0.429093 1.96332 0.00915102 38 4 1 -2.25499e-09 
1.47899 -0.673519 0.00859389 0.0025 0.546369 0.429072 1.96329 0.00915132 39 4 1 -3.30884e-09 
1.48356 -0.67356 0.00954688 0.0025 0.546349 0.429048 1.96325 0.00915166 40 4 1 -2.16705e-09 
1.48814 -0.673605 0.0106331 0.0025 0.546326 0.429021 1.96321 0.00915204 41 4 1 -2.83323e-09 
1.49271 -0.673657 0.0118758 0.0025 0.5463 0.428991 1.96316 0.00915247 42 4 1 -4.36273e-09 
1.49729 -0.673715 0.0132893 0.0025 0.546271 0.428957 1.96312 0.00915296 43 4 1 -4.26624e-09 
-0.498133 -0.67378 0.0149145 0.0025 0.546238 0.428919 1.96306 0.00915351 44 4 1 -3.92157e-09 
-0.493556 -0.673853 0.0168196 0.0025 0.546201 0.428877 1.963 0.00915414 45 4 1 -6.00368e-09 
-0.488979 -0.673935 0.0190323 0.0025 0.546159 0.42883 1.96294 0.00915485 46 4 1 -7.06963e-09 
-0.484401 -0.674027 0.0214508 0.0025 0.546111 0.428776 1.96286 0.00915564 47 4 1 -6.11549e-09 
-0.479823 -0.67413 0.0238145 0.0025 0.546058 0.428716 1.96278 0.00915654 48 4 1 -6.11848e-09 
-0.475244 -0.674247 0.0258899 0.0025 0.545998 0.42865 1.96269 0.00915754 49 4 1 -6.22058e-09 
-0.470665 -0.674379 0.0278825 0.0025 0.545934 0.428578 1.96259 0.00915861 50 4 1 -5.53098e-09 
-0.466086 -0.674527 0.0304126 0.0025 0.545865 0.428501 1.96249 0.00915977 51 4 1 -5.05452e-09 
-0.461506 -0.674686 0.033561 0.0025 0.545791 0.428419 1.96238 0.00916101 52 4 1 -5.71279e-09 
-0.456925 -0.674851 0.0362739 0.0025 0.545712 0.428331 1.96226 0.00916234 53 4 1 -3.93345e-09 
-0.452343 -0.675018 0.0374327 0.0025 0.54563 0.42824 1.96214 0.00916371 54 4 1 1.75761e-09 
-0.447761 -0.675183 0.0369773 0.0025 0.545549 0.42815 1.96201 0.00916507 55 4 1 7.85125e-09 
-0.443178 -0.675338 0.0348496 0.0025 0.545474 0.428067 1.9619 0.00916634 56 4 1 1.27627e-08 
-0.438595 -0.675472 0.0301111 0.0025 0.545409 0.427995 1.9618 0.00916743 57 4 1 2.1828e-08 
-0.434011 -0.675576 0.0217305 0.0025 0.545363 0.427943 1.96173 0.00916821 58 4 1 2.48157e-08 
-0.429427 -0.675625 0.011251 0.0025 0.545336 0.427914 1.96169 0.00916866 59 4 1 2.74188e-08 
-0.424842 -0.67568 0.013936 0.0025 0.545334 0.427915 1.96168 0.0091687 60 5 1 1.41841e-07 
-0.420258 -0.675511 -0.0933257 0.0025 0.545449 0.428043 1.96185 0.00916677 61 4 1 2.24249e-07 
-0.415675 -0.674932 -0.152939 0.0025 0.545745 0.42837 1.96227 0.00916178 62 4 1 2.57838e-07 
-0.411096 -0.674078 -0.240283 0.0025 0.54625 0.428934 1.96299 0.00915332 63 4 1 5.70192e-07 
-0.406522 -0.672452 -0.522742 0.0025 0.547188 0.429981 1.96433 0.00913762 64 4 1 1.04482e-06 
-0.401958 -0.669252 -0.936846 0.0025 0.548866 0.43183 1.96674 0.00910969 65 4 1 1.27459e-06 
-0.397412 -0.66444 -1.27596 0.0025 0.551342 0.434551 1.97028 0.00906879 66 4 1 1.21325e-06 
-0.39289 -0.658474 -1.49001 0.0025 0.554442 0.43797 1.9747 0.00901808 67 4 1 1.2018e-06 
-0.388394 -0.651692 -1.69354 0.0025 0.558036 0.44195 1.97981 0.00896 68 4 1 1.38857e-06 
-0.38393 -0.644002 -1.93682 0.0025 0.562134 0.446503 1.98561 0.00889468 69 4 1 1.64352e-06 
-0.379499 -0.635309 -2.1992 0.0025 0.566778 0.451677 1.99215 0.00882179 70 4 1 1.8868e-06 
-0.375108 -0.625621 -2.47216 0.0025 0.571982 0.457491 1.99945 0.00874153 71 4 1 2.00288e-06 
-0.370758 -0.615029 -2.67758 0.0025 0.577678 0.463874 2.00739 0.00865535 72 4 1 1.95912e-06 
-0.366452 -0.603925 -2.8085 0.0025 0.583716 0.470669 2.01576 0.00856581 73 4 1 1.80657e-06 
-0.362192 -0.592591 -2.84986 0.0025 0.589929 0.47769 2.02431 0.00847559 74 4 1 1.64115e-06 
-0.357976 -0.58132 -2.85737 0.0025 0.596185 0.484793 2.03287 0.00838665 75 4 1 1.51063e-06 
-0.353805 -0.570191 -2.83688 0.0025 0.60241 0.491892 2.04133 0.00829999 76 4 1 1.39171e-06 
-0.349676 -0.559311 -2.80287 0.0025 0.608557 0.49893 2.04963 0.00821616 77 4 1 1.27776e-06 
-0.345588 -0.548729 -2.75032 0.0025 0.614592 0.505869 2.05774 0.00813548 78 4 1 1.20759e-06 
-0.34154 -0.538453 -2.71775 0.0025 0.620514 0.512706 2.06564 0.00805784 79 4 1 1.14421e-06 
-0.33753 -0.528407 -2.66961 0.0025 0.626327 0.519442 2.07336 0.00798305 80 4 1 1.08059e-06 
-0.333557 -0.518638 -2.63117 0.0025 0.63203 0.526076 2.08089 0.00791101 81 4 1 1.05305e-06 
-0.329619 -0.509096 -2.60247 0.0025 0.637645 0.532631 2.08826 0.00784136 82 4 1 1.05544e-06 
-0.325715 -0.499714 -2.59674 0.0025 0.643203 0.539143 2.09552 0.0077736 83 4 1 1.0637e-06 
-0.321845 -0.490434 -2.59347 0.0025 0.648735 0.545648 2.10271 0.0077073 84 4 1 1.10736e-06 
-0.318008 -0.481235 -2.62894 0.0025 0.654284 0.552195 2.10988 0.00764194 85 4 1 1.18003e-06 
-0.314203 -0.47194 -2.68169 0.0025 0.659904 0.558847 2.11711 0.00757687 86 4 1 1.24129e-06 
-0.310431 -0.462542 -2.75032 0.0025 0.665625 0.565643 2.12443 0.00751173 87 4 1 1.29133e-06 
-0.306691 -0.452993 -2.8206 0.0025 0.671467 0.572605 2.13187 0.00744638 88 4 1 1.29862e-06 
-0.302984 -0.443346 -2.87071 0.0025 0.677416 0.57972 2.1394 0.00738099 89 4 1 1.34291e-06 
-0.29931 -0.433567 -2.95918 0.0025 0.683482 0.586999 2.14705 0.00731548 90 4 1 1.34028e-06 
-0.295669 -0.423681 -2.99421 0.0025 0.689647 0.594422 2.15477 0.00725009 91 4 1 1.26814e-06 
-0.29206 -0.413827 -3.00906 0.0025 0.695851 0.601921 2.1625 0.00718544 92 4 1 1.27253e-06 
-0.288483 -0.403995 -3.05471 0.0025 0.702095 0.609495 2.17024 0.00712155 93 4 1 1.24272e-06 
-0.284938 -0.394174 -3.05497 0.0025 0.708362 0.617124 2.17797 0.00705854 94 4 1 1.19713e-06 
-0.281425 -0.384464 -3.06854 0.0025 0.714627 0.624779 2.18565 0.00699666 95 4 1 1.19801e-06 
-0.277942 -0.374764 -3.0883 0.0025 0.7209 0.632469 2.19331 0.00693577 96 4 1 1.14794e-06 
-0.274489 -0.365165 -3.07288 0.0025 0.727159 0.64017 2.20091 0.00687607 97 4 1 1.13612e-06 
-0.271065 -0.355676 -3.09789 0.0025 0.733407 0.647883 2.20845 0.0068175 98 4 1 1.11685e-06 
-0.267671 -0.346226 -3.08714 0.0025 0.739645 0.65561 2.21594 0.00676 99 4 1 1.06847e-06 
-0.264305 -0.336927 -3.08125 0.0025 0.745854 0.663329 2.22336 0.00670373 100 4 1 1.0917e-06 
-0.260967 -0.327665 -3.11284 0.0025 0.752062 0.671072 2.23075 0.00664838 101 4 1 1.07496e-06 
-0.257657 -0.31845 -3.10829 0.0025 0.758272 0.67884 2.2381 0.00659394 102 4 1 1.01419e-06 
-0.254373 -0.30937 -3.09258 0.0025 0.764451 0.686597 2.24537 0.00654064 103 4 1 1.03043e-06 
-0.251116 -0.300362 -3.12418 0.0025 0.770622 0.69437 2.25261 0.00648827 104 4 1 1.02849e-06 
-0.247885 -0.29135 -3.12617 0.0025 0.776797 0.70217 2.25981 0.00643668 105 4 1 9.41612e-07 
-0.244679 -0.282542 -3.082 0.0025 0.782927 0.70994 2.26692 0.00638629 106 4 1 9.6838e-07 
-0.241498 -0.273778 -3.12995 0.0025 0.789042 0.717717 2.27399 0.0063368 107 4 1 1.01159e-06 
-0.238342 -0.264985 -3.15252 0.0025 0.795188 0.725553 2.28106 0.00628782 108 4 1 9.19605e-07 
-0.23521 -0.256308 -3.10947 0.0025 0.801304 0.733376 2.28806 0.00623983 109 4 1 8.79169e-07 
-0.232102 -0.247797 -3.10548 0.0025 0.807373 0.741168 2.29497 0.00619292 110 4 1 9.78271e-07 
-0.229017 -0.239224 -3.19107 0.0025 0.813479 0.749026 2.3019 0.00614644 111 4 1 9.02354e-07 
-0.225956 -0.230704 -3.11997 0.0025 0.819578 0.756895 2.30879 0.0061007 112 4 1 7.98734e-07 
-0.222917 -0.222432 -3.09755 0.0025 0.825598 0.764694 2.31556 0.00605622 113 4 1 9.00621e-07 
-0.2199 -0.214146 -3.16562 0.0025 0.831632 0.772531 2.32231 0.00601227 114 4 1 9.18607e-07 
-0.216904 -0.205811 -3.17909 0.0025 0.837705 0.780437 2.32908 0.00596869 115 4 1 8.12557e-07 
-0.213931 -0.197592 -3.12998 0.0025 0.843739 0.788317 2.33578 0.005926 116 4 1 7.62028e-07 
-0.210978 -0.189568 -3.104 0.0025 0.849709 0.796141 2.34237 0.00588436 117 4 1 8.78614e-07 
-0.208046 -0.181493 -3.20937 0.0025 0.855716 0.804033 2.34898 0.00584306 118 4 1 8.83783e-07 
-0.205135 -0.17333 -3.20283 0.0025 0.86177 0.812 2.35562 0.00580201 119 4 1 6.74333e-07 
-0.202244 -0.165435 -3.07 0.0025 0.867716 0.819854 2.3621 0.00576226 120 4 1 6.91026e-07 
-0.199373 -0.157768 -3.10465 0.0025 0.873583 0.827634 2.36847 0.00572356 121 4 1 9.28295e-07 
-0.196521 -0.149882 -3.27579 0.0025 0.879569 0.835583 2.37496 0.0056846 122 4 1 8.30415e-07 
-0.193688 -0.141899 -3.19523 0.0025 0.8856 0.843604 2.38146 0.00564589 123 4 1 5.51397e-07 
-0.190875 -0.134329 -3.03126 0.0025 0.891458 0.851431 2.38774 0.00560879 124 4 1 6.90673e-07 
-0.188079 -0.12692 -3.14828 0.0025 0.897273 0.859228 2.39396 0.00557244 125 4 1 9.68335e-07 
-0.185302 -0.119099 -3.34577 0.0025 0.903275 0.867278 2.40036 0.00553541 126 4 1 7.23537e-07 
-0.182544 -0.111322 -3.15967 0.0025 0.909266 0.875328 2.40671 0.00549894 127 4 1 4.04686e-07 
-0.179803 -0.104122 -2.96789 0.0025 0.914995 0.883067 2.41276 0.00546451 128 4 1 6.57172e-07 
-0.177079 -0.0970158 -3.14036 0.0025 0.920694 0.890791 2.41876 0.00543069 129 4 1 9.65959e-07 
-0.174372 -0.0894234 -3.35544 0.0025 0.926628 0.89883 2.42499 0.00539591 130 4 1 6.82908e-07 
-0.171683 -0.0818923 -3.15323 0.0025 0.932559 0.90688 2.43119 0.00536159 131 4 1 3.70465e-07 
-0.169011 -0.0749018 -2.97243 0.0025 0.93823 0.91462 2.43708 0.00532918 132 4 1 6.42907e-07 
-0.166354 -0.067982 -3.16459 0.0025 0.943889 0.922364 2.44295 0.00529723 133 4 1 8.93451e-07 
-0.163713 -0.0606188 -3.32935 0.0025 0.949755 0.930389 2.44902 0.00526451 134 4 1 5.68083e-07 
-0.161089 -0.0533864 -3.08989 0.0025 0.95556 0.938347 2.45499 0.00523253 135 4 1 3.08047e-07 
-0.158481 -0.0467476 -2.92592 0.0025 0.961093 0.945976 2.46066 0.00520241 136 4 1 6.92386e-07 
-0.155887 -0.0399962 -3.24314 0.0025 0.966685 0.9537 2.46638 0.00517232 137 4 1 8.15513e-07 
-0.153309 -0.0327603 -3.27463 0.0025 0.972442 0.961633 2.47226 0.00514169 138 4 1 -2.56413e-08 
-0.150745 -0.026386 -2.48287 0.0025 0.977708 0.968921 2.47759 0.005114 139 4 1 4.47062e-08 
-0.148194 -0.021066 -2.61457 0.0025 0.982589 0.975763 2.48249 0.0050886 140 4 1 1.78795e-06 
-0.145657 -0.0138973 -4.18649 0.0025 0.988509 0.984012 2.48851 0.00505812 141 4 1 1.33439e-06 
-0.143136 -0.00507764 -3.71411 0.0025 0.995005 0.99295 2.49511 0.0050251 142 4 1 -1.9903e-06 
-0.140631 -0.000193981 -0.806326 0.0025 0.999301 0.998948 2.49933 0.0050035 143 4 1 -1.18629e-06 
-0.138133 0.00160899 -1.45824 0.0025 1.00214 1.00311 2.50208 0.00498931 144 4 1 3.20781e-06 
-0.135642 0.00833736 -4.91058 0.0025 1.00748 1.01059 2.50751 0.00496286 145 4 1 1.84649e-06 
-0.13317 0.0178924 -3.62712 0.0025 1.0141 1.01969 2.51419 0.00493046 146 4 1 -3.18845e-06 
-0.130712 0.021302 0.000245996 0.0025 1.01743 1.02439 2.51739 0.00491434 147 4 1 -1.79438e-06 
-0.128256 0.0212652 -0.502991 0.0025 1.01851 1.02605 2.5184 0.00490913 148 4 1 1.09368e-06 
-0.125802 0.0242922 -1.78078 0.0025 1.02042 1.0287 2.52035 0.00489996 149 4 1 -5.13307e-07 
-0.123356 0.0261961 -0.244081 0.0025 1.02183 1.03063 2.52175 0.00489317 150 3 1 -1.54339e-06 
-0.120909 0.0257536 0.425142 0.0025 1.0215 1.0302 2.5214 0.00489477 151 4 1 -7.34842e-07 
-0.118461 0.0243298 0.798763 0.0025 1.02022 1.02842 2.52013 0.00490089 152 4 1 -3.61033e-07 
-0.116008 0.0223358 1.03075 0.0025 1.01848 1.02596 2.5184 0.00490929 153 4 1 -1.53666e-07 
-0.113551 0.0200154 1.15801 0.0025 1.01648 1.02315 2.51642 0.00491894 154 4 1 -1.31434e-08 
-0.111089 0.0175462 1.20609 0.0025 1.01438 1.0202 2.51434 0.0049291 155 4 1 8.76945e-08 
-0.108622 0.0150646 1.19298 0.0025 1.0123 1.01727 2.51226 0.00493926 156 4 1 1.56673e-07 
-0.10615 0.0126738 1.13438 0.0025 1.0103 1.01447 2.51028 0.00494901 157 4 1 1.99543e-07 
-0.103673 0.0104489 1.04372 0.0025 1.00846 1.01188 2.50844 0.00495805 158 4 1 2.21604e-07 
-0.101192 0.00844025 0.932369 0.0025 1.00681 1.00956 2.5068 0.00496618 159 4 1 2.27418e-07 
-0.0987072 0.00667768 0.810033 0.0025 1.00537 1.00754 2.50536 0.0049733 160 4 1 2.20889e-07 
-0.0962189 0.00517273 0.684966 0.0025 1.00415 1.00582 2.50414 0.00497936 161 4 1 2.05392e-07 
-0.0937278 0.00392184 0.563954 0.0025 1.00313 1.0044 2.50313 0.00498438 162 4 1 1.83932e-07 
-0.0912345 0.00290942 0.452183 0.0025 1.00232 1.00326 2.50231 0.00498843 163 4 1 1.59176e-07 
-0.0887394 0.00211138 0.353153 0.0025 1.00168 1.00236 2.50168 0.00499162 164 4 1 1.33407e-07 
-0.0862429 0.00149857 0.268707 0.0025 1.00119 1.00167 2.50119 0.00499406 165 4 1 1.08442e-07 
-0.0837453 0.00104006 0.199234 0.0025 1.00082 1.00116 2.50082 0.00499589 166 4 1 8.55864e-08 
-0.081247 0.000705694 0.143981 0.0025 1.00056 1.00078 2.50056 0.00499721 167 4 1 6.56379e-08 
-0.0787481 0.000467992 0.101433 0.0025 1.00037 1.00052 2.50037 0.00499815 168 4 1 4.89456e-08 
-0.0762488 0.000303238 0.069666 0.0025 1.00024 1.00034 2.50024 0.0049988 169 4 1 3.5504e-08 
-0.0737493 0.000191896 0.0466474 0.0025 1.00015 1.00021 2.50015 0.00499924 170 4 1 2.50597e-08 
-0.0712496 0.000118535 0.0304461 0.0025 1.00009 1.00013 2.50009 0.00499953 171 4 1 1.72137e-08 
-0.0687498 7.14212e-05 0.0193644 0.0025 1.00006 1.00008 2.50006 0.00499972 172 4 1 1.15074e-08 
-0.0662499 4.19393e-05 0.011996 0.0025 1.00003 1.00005 2.50003 0.00499984 173 4 1 7.48548e-09 
-0.0637499 2.39746e-05 0.00723317 0.0025 1.00002 1.00003 2.50002 0.00499991 174 4 1 4.73648e-09 
-0.06125 1.33234e-05 0.00424109 0.0025 1.00001 1.00001 2.50001 0.00499995 175 4 1 2.91375e-09 
-0.05875 7.18557e-06 0.00241519 0.0025 1.00001 1.00001 2.50001 0.00499997 176 4 1 1.7413e-09 
-0.05625 3.75261e-06 0.00133369 0.0025 1 1 2.5 0.00499999 177 4 1 1.00984e-09 
-0.05375 1.89238e-06 0.000712669 0.0025 1 1 2.5 0.00499999 178 4 1 5.67499e-10 
-0.05125 9.18094e-07 0.000367518 0.0025 1 1 2.5 0.005 179 4 1 3.08455e-10 
-0.04875 4.26412e-07 0.000182251 0.0025 1 1 2.5 0.005 180 4 1 1.61749e-10 
-0.04625 1.88306e-07 8.64851e-05 0.0025 1 1 2.5 0.005 181 4 1 8.1557e-11 
-0.04375 7.82876e-08 3.90045e-05 0.0025 1 1 2.5 0.005 182 4 1 3.93606e-11 
-0.04125 3.01777e-08 1.65495e-05 0.0025 1 1 2.5 0.005 183 4 1 1.80651e-11 
-0.03875 1.05127e-08 6.50046e-06 0.0025 1 1 2.5 0.005 184 4 1 7.81053e-12 
-0.03625 3.15101e-09 2.29705e-06 0.0025 1 1 2.5 0.005 185 4 1 3.13387e-12 
-0.03375 7.21531e-10 6.89251e-07 0.0025 1 1 2.5 0.005 186 4 1 1.13321e-12 
-0.03125 7.38253e-11 1.50027e-07 0.0025 1 1 2.5 0.005 187 4 1 3.62679e-13 
-0.02875 -1.78525e-11 -1.86062e-08 0.0025 1 1 2.5 0.005 188 5 1 8.0837e-14 
-0.02625 2.72345e-11 -1.63546e-08 0.0025 1 1 2.5 0.005 189 4 1 -1.28527e-14 
-0.02375 3.31105e-11 2.16966e-09 0.0025 1 1 2.5 0.005 190 3 1 -9.70637e-15 
-0.02125 2.36833e-11 5.60021e-09 0.0025 1 1 2.5 0.005 191 4 1 -2.16005e-16 
-0.01875 1.36566e-11 4.55793e-09 0.0025 1 1 2.5 0.005 192 4 1 2.01474e-15 
-0.01625 6.79776e-12 2.81636e-09 0.0025 1 1 2.5 0.005 193 4 1 1.89573e-15 
-0.01375 2.97098e-12 1.45877e-09 0.0025 1 1 2.5 0.005 194 4 1 1.24558e-15 
-0.01125 1.12931e-12 6.57224e-10 0.0025 1 1 2.5 0.005 195 4 1 6.60449e-16 
-0.00875 3.5715e-13 2.55284e-10 0.0025 1 1 2.5 0.005 196 4 1 3.13705e-16 
-0.00625 8.31691e-14 8.11156e-11 0.0025 1 1 2.5 0.005 197 4 1 1.22924e-16 
-0.00375 6.03355e-15 1.90994e-11 0.0025 1 1 2.5 0.005 198 4 1 3.97904e-17 
-0.00125 -2.02234e-15 -2.84217e-13 0.0025 1 1 2.5 0.005 199 4 1 8.17124e-18 
0.00125 1.00846e-14 -1.23338e-25 0.0025 1 1 2.5 0.005 200 5 1 1.13687e-17 
0.00375 -6.04744e-16 -1.80762e-11 0.0025 1 1 2.5 0.005 201 4 1 3.94351e-17 
0.00625 -7.8476e-14 -8.10587e-11 0.0025 1 1 2.5 0.005 202 4 1 1.22569e-16 
0.00875 -3.5294e-13 -2.53863e-10 0.0025 1 1 2.5 0.005 203 4 1 3.10507e-16 
0.01125 -1.12353e-12 -6.57735e-10 0.0025 1 1 2.5 0.005 204 4 1 6.69331e-16 
0.01375 -2.9643e-12 -1.45843e-09 0.0025 1 1 2.5 0.005 205 4 1 1.23457e-15 
0.01625 -6.79026e-12 -2.81557e-09 0.0025 1 1 2.5 0.005 206 4 1 1.90639e-15 
0.01875 -1.36489e-11 -4.55816e-09 0.0025 1 1 2.5 0.005 207 4 1 2.0087e-15 
0.02125 -2.36757e-11 -5.60004e-09 0.0025 1 1 2.5 0.005 208 4 1 -2.17426e-16 
0.02375 -3.31021e-11 -2.16988e-09 0.0025 1 1 2.5 0.005 209 3 1 -9.69145e-15 
0.02625 -2.72251e-11 1.63558e-08 0.0025 1 1 2.5 0.005 210 4 1 -1.28885e-14 
0.02875 1.78624e-11 1.86057e-08 0.0025 1 1 2.5 0.005 211 5 1 8.08893e-14 
0.03125 -7.38149e-11 -1.50028e-07 0.0025 1 1 2.5 0.005 212 4 1 3.62659e-13 
0.03375 -7.21528e-10 -6.89254e-07 0.0025 1 1 2.5 0.005 213 4 1 1.13319e-12 
0.03625 -3.151e-09 -2.29706e-06 0.0025 1 1 2.5 0.005 214 4 1 3.13387e-12 
0.03875 -1.05127e-08 -6.50046e-06 0.0025 1 1 2.5 0.005 215 4 1 7.81055e-12 
0.04125 -3.01776e-08 -1.65495e-05 0.0025 1 1 2.5 0.005 216 4 1 1.80651e-11 
0.04375 -7.82876e-08 -3.90045e-05 0.0025 1 1 2.5 0.005 217 4 1 3.93606e-11 
0.04625 -1.88306e-07 -8.64851e-05 0.0025 1 1 2.5 0.005 218 4 1 8.1557e-11 
0.04875 -4.26412e-07 -0.000182251 0.0025 1 1 2.5 0.005 219 4 1 1.61749e-10 
0.05125 -9.18094e-07 -0.000367518 0.0025 1 1 2.5 0.005 220 4 1 3.08455e-10 
0.05375 -1.89238e-06 -0.000712669 0.0025 1 1 2.5 0.00499999 221 4 1 5.67499e-10 
0.05625 -3.75261e-06 -0.00133369 0.0025 1 1 2.5 0.00499999 222 4 1 1.00984e-09 
0.05875 -7.18557e-06 -0.00241519 0.0025 1.00001 1.00001 2.50001 0.00499997 223 4 1 1.7413e-09 
0.06125 -1.33234e-05 -0.00424109 0.0025 1.00001 1.00001 2.50001 0.00499995 224 4 1 2.91375e-09 
0.0637499 -2.39746e-05 -0.00723317 0.0025 1.00002 1.00003 2.50002 0.00499991 225 4 1 4.73648e-09 
0.0662499 -4.19393e-05 -0.011996 0.0025 1.00003 1.00005 2.50003 0.00499984 226 4 1 7.48548e-09 
0.0687498 -7.14212e-05 -0.0193644 0.0025 1.00006 1.00008 2.50006 0.00499972 227 4 1 1.15074e-08 
0.0712496 -0.000118535 -0.0304461 0.0025 1.00009 1.00013 2.50009 0.00499953 228 4 1 1.72137e-08 
0.0737493 -0.000191896 -0.0466474 0.0025 1.00015 1.00021 2.50015 0.00499924 229 4 1 2.50597e-08 
0.0762488 -0.000303238 -0.069666 0.0025 1.00024 1.00034 2.50024 0.0049988 230 4 1 3.5504e-08 
0.0787481 -0.000467992 -0.101433 0.0025 1.00037 1.00052 2.50037 0.00499815 231 4 1 4.89456e-08 
0.081247 -0.000705694 -0.143981 0.0025 1.00056 1.00078 2.50056 0.00499721 232 4 1 6.56379e-08 
0.0837453 -0.00104006 -0.199234 0.0025 1.00082 1.00116 2.50082 0.00499589 233 4 1 8.55864e-08 
0.0862429 -0.00149857 -0.268707 0.0025 1.00119 1.00167 2.50119 0.00499406 234 4 1 1.08442e-07 
0.0887394 -0.00211138 -0.353153 0.0025 1.00168 1.00236 2.50168 0.00499162 235 4 1 1.33407e-07 
0.0912345 -0.00290942 -0.452183 0.0025 1.00232 1.00326 2.50231 0.00498843 236 4 1 1.59176e-07 
0.0937278 -0.00392184 -0.563954 0.0025 1.00313 1.0044 2.50313 0.00498438 237 4 1 1.83932e-07 
0.0962189 -0.00517273 -0.684966 0.0025 1.00415 1.00582 2.50414 0.00497936 238 4 1 2.05392e-07 
0.0987072 -0.00667768 -0.810033 0.0025 1.00537 1.00754 2.50536 0.0049733 239 4 1 2.20889e-07 
0.101192 -0.00844025 -0.932369 0.0025 1.00681 1.00956 2.5068 0.00496618 240 4 1 2.27418e-07 
0.103673 -0.0104489 -1.04372 0.0025 1.00846 1.01188 2.50844 0.00495805 241 4 1 2.21604e-07 
0.10615 -0.0126738 -1.13438 0.0025 1.0103 1.01447 2.51028 0.00494901 242 4 1 1.99543e-07 
0.108622 -0.0150646 -1.19298 0.0025 1.0123 1.01727 2.51226 0.00493926 243 4 1 1.56673e-07 
0.111089 -0.0175462 -1.20609 0.0025 1.01438 1.0202 2.51434 0.0049291 244 4 1 8.76945e-08 
0.113551 -0.0200154 -1.15801 0.0025 1.01648 1.02315 2.51642 0.00491894 245 4 1 -1.31434e-08 
0.116008 -0.0223358 -1.03075 0.0025 1.01848 1.02596 2.5184 0.00490929 246 4 1 -1.53666e-07 
0.118461 -0.0243298 -0.798763 0.0025 1.02022 1.02842 2.52013 0.00490089 247 4 1 -3.61033e-07 
0.120909 -0.0257536 -0.425142 0.0025 1.0215 1.0302 2.5214 0.00489477 248 4 1 -7.34842e-07 
0.123356 -0.0261961 0.244081 0.0025 1.02183 1.03063 2.52175 0.00489317 249 3 1 -1.54339e-06 
0.125802 -0.0242922 1.78078 0.0025 1.02042 1.0287 2.52035 0.00489996 250 4 1 -5.13307e-07 
0.128256 -0.0212652 0.502991 0.0025 1.01851 1.02605 2.5184 0.00490913 251 4 1 1.09368e-06 
0.130712 -0.021302 -0.000245996 0.0025 1.01743 1.02439 2.51739 0.00491434 252 4 1 -1.79438e-06 
0.13317 -0.0178924 3.62712 0.0025 1.0141 1.01969 2.51419 0.00493046 253 4 1 -3.18845e-06 
0.135642 -0.00833736 4.91058 0.0025 1.00748 1.01059 2.50751 0.00496286 254 4 1 1.84649e-06 
0.138133 -0.00160899 1.45824 0.0025 1.00214 1.00311 2.50208 0.00498931 255 4 1 3.20781e-06 
0.140631 0.000193981 0.806326 0.0025 0.999301 0.998948 2.49933 0.0050035 256 4 1 -1.18629e-06 
0.143136 0.00507764 3.71411 0.0025 0.995005 0.99295 2.49511 0.0050251 257 4 1 -1.9903e-06 
0.145657 0.0138973 4.18649 0.0025 0.988509 0.984012 2.48851 0.00505812 258 4 1 1.33439e-06 
0.148194 0.021066 2.61457 0.0025 0.982589 0.975763 2.48249 0.0050886 259 4 1 1.78795e-06 
0.150745 0.026386 2.48287 0.0025 0.977708 0.968921 2.47759 0.005114 260 4 1 4.47062e-08 
0.153309 0.0327603 3.27463 0.0025 0.972442 0.961633 2.47226 0.00514169 261 4 1 -2.56413e-08 
0.155887 0.0399962 3.24314 0.0025 0.966685 0.9537 2.46638 0.00517232 262 4 1 8.15513e-07 
0.158481 0.0467476 2.92592 0.0025 0.961093 0.945976 2.46066 0.00520241 263 4 1 6.92386e-07 
0.161089 0.0533864 3.08989 0.0025 0.95556 0.938347 2.45499 0.00523253 264 4 1 3.08047e-07 
0.163713 0.0606188 3.32935 0.0025 0.949755 0.930389 2.44902 0.00526451 265 4 1 5.68083e-07 
0.166354 0.067982 3.16459 0.0025 0.943889 0.922364 2.44295 0.00529723 266 4 1 8.93451e-07 
0.169011 0.0749018 2.97243 0.0025 0.93823 0.91462 2.43708 0.00532918 267 4 1 6.42907e-07 
0.171683 0.0818923 3.15323 0.0025 0.932559 0.90688 2.43119 0.00536159 268 4 1 3.70465e-07 
0.174372 0.0894234 3.35544 0.0025 0.926628 0.89883 2.42499 0.00539591 269 4 1 6.82908e-07 
0.177079 0.0970158 3.14036 0.0025 0.920694 0.890791 2.41876 0.00543069 270 4 1 9.65959e-07 
0.179803 0.104122 2.96789 0.0025 0.914995 0.883067 2.41276 0.00546451 271 4 1 6.57172e-07 
0.182544 0.111322 3.15967 0.0025 0.909266 0.875328 2.40671 0.00549894 272 4 1 4.04686e-07 
0.185302 0.119099 3.34577 0.0025 0.903275 0.867278 2.40036 0.00553541 273 4 1 7.23537e-07 
0.188079 0.12692 3.14828 0.0025 0.897273 0.859228 2.39396 0.00557244 274 4 1 9.68335e-07 
0.190875 0.134329 3.03126 0.0025 0.891458 0.851431 2.38774 0.00560879 275 4 1 6.90673e-07 
0.193688 0.141899 3.19523 0.0025 0.8856 0.843604 2.38146 0.00564589 276 4 1 5.51397e-07 
0.196521 0.149882 3.27579 0.0025 0.879569 0.835583 2.37496 0.0056846 277 4 1 8.30415e-07 
0.199373 0.157768 3.10465 0.0025 0.873583 0.827634 2.36847 0.00572356 278 4 1 9.28295e-07 
0.202244 0.165435 3.07 0.0025 0.867716 0.819854 2.3621 0.00576226 279 4 1 6.91026e-07 
0.205135 0.17333 3.20283 0.0025 0.86177 0.812 2.35562 0.00580201 280 4 1 6.74333e-07 
0.208046 0.181493 3.20937 0.0025 0.855716 0.804033 2.34898 0.00584306 281 4 1 8.83783e-07 
0.210978 0.189568 3.104 0.0025 0.849709 0.796141 2.34237 0.00588436 282 4 1 8.78614e-07 
0.213931 0.197592 3.12998 0.0025 0.843739 0.788317 2.33578 0.005926 283 4 1 7.62028e-07 
0.216904 0.205811 3.17909 0.0025 0.837705 0.780437 2.32908 0.00596869 284 4 1 8.12557e-07 
0.2199 0.214146 3.16562 0.0025 0.831632 0.772531 2.32231 0.00601227 285 4 1 9.18607e-07 
0.222917 0.222432 3.09755 0.0025 0.825598 0.764694 2.31556 0.00605622 286 4 1 9.00621e-07 
0.225956 0.230704 3.11997 0.0025 0.819578 0.756895 2.30879 0.0061007 287 4 1 7.98734e-07 
0.229017 0.239224 3.19107 0.0025 0.813479 0.749026 2.3019 0.00614644 288 4 1 9.02354e-07 
0.232102 0.247797 3.10548 0.0025 0.807373 0.741168 2.29497 0.00619292 289 4 1 9.78271e-07 
0.23521 0.256308 3.10947 0.0025 0.801304 0.733376 2.28806 0.00623983 290 4 1 8.79169e-07 
0.238342 0.264985 3.15252 0.0025 0.795188 0.725553 2.28106 0.00628782 291 4 1 9.19605e-07 
0.241498 0.273778 3.12995 0.0025 0.789042 0.717717 2.27399 0.0063368 292 4 1 1.01159e-06 
0.244679 0.282542 3.082 0.0025 0.782927 0.70994 2.26692 0.00638629 293 4 1 9.6838e-07 
0.247885 0.29135 3.12617 0.0025 0.776797 0.70217 2.25981 0.00643668 294 4 1 9.41612e-07 
0.251116 0.300362 3.12418 0.0025 0.770622 0.69437 2.25261 0.00648827 295 4 1 1.02849e-06 
0.254373 0.30937 3.09258 0.0025 0.764451 0.686597 2.24537 0.00654064 296 4 1 1.03043e-06 
0.257657 0.31845 3.10829 0.0025 0.758272 0.67884 2.2381 0.00659394 297 4 1 1.01419e-06 
0.260967 0.327665 3.11284 0.0025 0.752062 0.671072 2.23075 0.00664838 298 4 1 1.07496e-06 
0.264305 0.336927 3.08125 0.0025 0.745854 0.663329 2.22336 0.00670373 299 4 1 1.0917e-06 
0.267671 0.346226 3.08714 0.0025 0.739645 0.65561 2.21594 0.00676 300 4 1 1.06847e-06 
0.271065 0.355676 3.09789 0.0025 0.733407 0.647883 2.20845 0.0068175 301 4 1 1.11685e-06 
0.274489 0.365165 3.07288 0.0025 0.727159 0.64017 2.20091 0.00687607 302 4 1 1.13612e-06 
0.277942 0.374764 3.0883 0.0025 0.7209 0.632469 2.19331 0.00693577 303 4 1 1.14794e-06 
0.281425 0.384464 3.06854 0.0025 0.714627 0.624779 2.18565 0.00699666 304 4 1 1.19801e-06 
0.284938 0.394174 3.05497 0.0025 0.708362 0.617124 2.17797 0.00705854 305 4 1 1.19713e-06 
0.288483 0.403995 3.05471 0.0025 0.702095 0.609495 2.17024 0.00712155 306 4 1 1.24272e-06 
0.29206 0.413827 3.00906 0.0025 0.695851 0.601921 2.1625 0.00718544 307 4 1 1.27253e-06 
0.295669 0.423681 2.99421 0.0025 0.689647 0.594422 2.15477 0.00725009 308 4 1 1.26814e-06 
0.29931 0.433567 2.95918 0.0025 0.683482 0.586999 2.14705 0.00731548 309 4 1 1.34028e-06 
0.302984 0.443346 2.87071 0.0025 0.677416 0.57972 2.1394 0.00738099 310 4 1 1.34291e-06 
0.306691 0.452993 2.8206 0.0025 0.671467 0.572605 2.13187 0.00744638 311 4 1 1.29862e-06 
0.310431 0.462542 2.75032 0.0025 0.665625 0.565643 2.12443 0.00751173 312 4 1 1.29133e-06 
0.314203 0.47194 2.68169 0.0025 0.659904 0.558847 2.11711 0.00757687 313 4 1 1.24129e-06 
0.318008 0.481235 2.62894 0.0025 0.654284 0.552195 2.10988 0.00764194 314 4 1 1.18003e-06 
0.321845 0.490434 2.59347 0.0025 0.648735 0.545648 2.10271 0.0077073 315 4 1 1.10736e-06 
0.325715 0.499714 2.59674 0.0025 0.643203 0.539143 2.09552 0.0077736 316 4 1 1.0637e-06 
0.329619 0.509096 2.60247 0.0025 0.637645 0.532631 2.08826 0.00784136 317 4 1 1.05544e-06 
0.333557 0.518638 2.63117 0.0025 0.63203 0.526076 2.08089 0.00791101 318 4 1 1.05305e-06 
0.33753 0.528407 2.66961 0.0025 0.626327 0.519442 2.07336 0.00798305 319 4 1 1.08059e-06 
0.34154 0.538453 2.71775 0.0025 0.620514 0.512706 2.06564 0.00805784 320 4 1 1.14421e-06 
0.345588 0.548729 2.75032 0.0025 0.614592 0.505869 2.05774 0.00813548 321 4 1 1.20759e-06 
0.349676 0.559311 2.80287 0.0025 0.608557 0.49893 2.04963 0.00821616 322 4 1 1.27776e-06 
0.353805 0.570191 2.83688 0.0025 0.60241 0.491892 2.04133 0.00829999 323 4 1 1.39171e-06 
0.357976 0.58132 2.85737 0.0025 0.596185 0.484793 2.03287 0.00838665 324 4 1 1.51063e-06 
0.362192 0.592591 2.84986 0.0025 0.589929 0.47769 2.02431 0.00847559 325 4 1 1.64115e-06 
0.366452 0.603925 2.8085 0.0025 0.583716 0.470669 2.01576 0.00856581 326 4 1 1.80657e-06 
0.370758 0.615029 2.67758 0.0025 0.577678 0.463874 2.00739 0.00865535 327 4 1 1.95912e-06 
0.375108 0.625621 2.47216 0.0025 0.571982 0.457491 1.99945 0.00874153 328 4 1 2.00288e-06 
0.379499 0.635309 2.1992 0.0025 0.566778 0.451677 1.99215 0.00882179 329 4 1 1.8868e-06 
0.38393 0.644002 1.93682 0.0025 0.562134 0.446503 1.98561 0.00889468 330 4 1 1.64352e-06 
0.388394 0.651692 1.69354 0.0025 0.558036 0.44195 1.97981 0.00896 331 4 1 1.38857e-06 
0.39289 0.658474 1.49001 0.0025 0.554442 0.43797 1.9747 0.00901808 332 4 1 1.2018e-06 
0.397412 0.66444 1.27596 0.0025 0.551342 0.434551 1.97028 0.00906879 333 4 1 1.21325e-06 
0.401958 0.669252 0.936846 0.0025 0.548866 0.43183 1.96674 0.00910969 334 4 1 1.27459e-06 
0.406522 0.672452 0.522742 0.0025 0.547188 0.429981 1.96433 0.00913762 335 4 1 1.04482e-06 
0.411096 0.674078 0.240283 0.0025 0.54625 0.428934 1.96299 0.00915332 336 4 1 5.70192e-07 
0.415675 0.674932 0.152939 0.0025 0.545745 0.42837 1.96227 0.00916178 337 4 1 2.57838e-07 
0.420258 0.675511 0.0933257 0.0025 0.545449 0.428043 1.96185 0.00916677 338 4 1 2.24249e-07 
0.424842 0.67568 -0.013936 0.0025 0.545334 0.427915 1.96168 0.0091687 339 5 1 1.41841e-07 
0.429427 0.675625 -0.011251 0.0025 0.545336 0.427914 1.96169 0.00916866 340 4 1 2.74188e-08 
0.434011 0.675576 -0.0217305 0.0025 0.545363 0.427943 1.96173 0.00916821 341 4 1 2.48157e-08 
0.438595 0.675472 -0.0301111 0.0025 0.545409 0.427995 1.9618 0.00916743 342 4 1 2.1828e-08 
0.443178 0.675338 -0.0348496 0.0025 0.545474 0.428067 1.9619 0.00916634 343 4 1 1.27627e-08 
0.447761 0.675183 -0.0369773 0.0025 0.545549 0.42815 1.96201 0.00916507 344 4 1 7.85125e-09 
0.452343 0.675018 -0.0374327 0.0025 0.54563 0.42824 1.96214 0.00916371 345 4 1 1.75761e-09 
0.456925 0.674851 -0.0362739 0.0025 0.545712 0.428331 1.96226 0.00916234 346 4 1 -3.93345e-09 
0.461506 0.674686 -0.033561 0.0025 0.545791 0.428419 1.96238 0.00916101 347 4 1 -5.71279e-09 
0.466086 0.674527 -0.0304126 0.0025 0.545865 0.428501 1.96249 0.00915977 348 4 1 -5.05452e-09 
0.470665 0.674379 -0.0278825 0.0025 0.545934 0.428578 1.96259 0.00915861 349 4 1 -5.53098e-09 
0.475244 0.674247 -0.0258899 0.0025 0.545998 0.42865 1.96269 0.00915754 350 4 1 -6.22058e-09 
0.479823 0.67413 -0.0238145 0.0025 0.546058 0.428716 1.96278 0.00915654 351 4 1 -6.11848e-09 
0.484401 0.674027 -0.0214508 0.0025 0.546111 0.428776 1.96286 0.00915564 352 4 1 -6.11549e-09 
0.488979 0.673935 -0.0190323 0.0025 0.546159 0.42883 1.96294 0.00915485 353 4 1 -7.06963e-09 
0.493556 0.673853 -0.0168196 0.0025 0.546201 0.428877 1.963 0.00915414 354 4 1 -6.00367e-09 
0.498133 0.67378 -0.0149145 0.0025 0.546238 0.428919 1.96306 0.00915351 355 4 1 -3.92157e-09 
0.502709 0.673715 -0.0132893 0.0025 0.546271 0.428957 1.96312 0.00915296 356 4 1 -4.26624e-09 
0.507286 0.673657 -0.0118758 0.0025 0.5463 0.428991 1.96316 0.00915247 357 4 1 -4.36273e-09 
0.511862 0.673605 -0.0106331 0.0025 0.546326 0.429021 1.96321 0.00915204 358 4 1 -2.83323e-09 
0.516438 0.67356 -0.00954688 0.0025 0.546349 0.429048 1.96325 0.00915166 359 4 1 -2.16705e-09 
0.521014 0.673519 -0.00859389 0.0025 0.546369 0.429072 1.96329 0.00915132 360 4 1 -3.30884e-09 
0.525589 0.673482 -0.00773329 0.0025 0.546387 0.429093 1.96332 0.00915102 361 4 1 -2.25499e-09 
0.530165 0.673449 -0.00693516 0.0025 0.546403 0.429113 1.96335 0.00915075 362 4 1 -6.9557e-10 
0.53474 0.673419 -0.00620501 0.0025 0.546417 0.42913 1.96338 0.00915052 363 4 1 -2.71714e-09 
0.539315 0.673391 -0.00557448 0.0025 0.546429 0.429145 1.96341 0.00915031 364 4 1 -1.72248e-09 
0.54389 0.673366 -0.00506617 0.0025 0.54644 0.429159 1.96343 0.00915013 365 4 1 8.95549e-10 
0.548465 0.673344 -0.00466498 0.0025 0.54645 0.429172 1.96346 0.00914997 366 4 1 -1.86471e-09 
0.55304 0.673323 -0.00432073 0.0025 0.546458 0.429184 1.96348 0.00914983 367 4 1 -1.82843e-09 
0.557615 0.673305 -0.00398013 0.0025 0.546466 0.429195 1.9635 0.0091497 368 4 1 1.00673e-09 
0.56219 0.673288 -0.00362271 0.0025 0.546472 0.429205 1.96353 0.0091496 369 4 1 -4.08129e-10 
0.566765 0.673273 -0.00327113 0.0025 0.546478 0.429214 1.96355 0.00914951 370 4 1 -1.55665e-09 
0.571339 0.673258 -0.00296658 0.0025 0.546482 0.429222 1.96357 0.00914943 371 4 1 2.4316e-10 
0.575914 0.673245 -0.0027307 0.0025 0.546486 0.42923 1.96359 0.00914937 372 4 1 7.36799e-10 
0.580489 0.673232 -0.00254839 0.0025 0.546489 0.429237 1.96361 0.00914932 373 4 1 -7.873e-10 
0.585063 0.673221 -0.00238412 0.0025 0.546491 0.429243 1.96363 0.00914928 374 4 1 3.09058e-10 
0.589638 0.673211 -0.00221246 0.0025 0.546493 0.429249 1.96365 0.00914925 375 4 1 1.04075e-09 
0.594213 0.673201 -0.00203379 0.0025 0.546494 0.429255 1.96367 0.00914923 376 4 1 -5.85659e-10 
0.598787 0.673193 -0.00186577 0.0025 0.546494 0.42926 1.9637 0.00914922 377 3 1 7.00123e-10 
0.603362 0.673184 -0.00172368 0.0025 0.546494 0.429264 1.96372 0.00914923 378 4 1 8.95994e-10 
0.607936 0.673177 -0.00160828 0.0025 0.546493 0.429269 1.96374 0.00914924 379 4 1 9.13105e-10 
0.612511 0.67317 -0.00150822 0.0025 0.546492 0.429273 1.96377 0.00914927 380 4 1 2.45442e-09 
0.617086 0.673163 -0.0014108 0.0025 0.546489 0.429277 1.96379 0.00914931 381 4 1 -1.44136e-09 
0.62166 0.673157 -0.0013111 0.0025 0.546486 0.42928 1.96382 0.00914936 382 4 1 1.23829e-09 
0.626235 0.673152 -0.00121337 0.0025 0.546483 0.429283 1.96385 0.00914942 383 4 1 4.67869e-09 
0.63081 0.673147 -0.0011254 0.0025 0.546478 0.429286 1.96388 0.0091495 384 4 1 -1.7759e-09 
0.635385 0.673142 -0.00105149 0.0025 0.546473 0.429289 1.96391 0.00914959 385 4 1 1.9521e-09 
0.639959 0.673137 -0.000989209 0.0025 0.546467 0.429292 1.96394 0.00914969 386 4 1 3.41899e-09 
0.644534 0.673133 -0.000932199 0.0025 0.54646 0.429294 1.96398 0.00914981 387 4 1 2.7037e-09 
0.649109 0.673129 -0.00087585 0.0025 0.546451 0.429297 1.96402 0.00914995 388 4 1 4.58721e-09 
0.653684 0.673126 -0.000820761 0.0025 0.546442 0.429299 1.96407 0.0091501 389 4 1 -2.36711e-09 
0.658259 0.673122 -0.000771174 0.0025 0.546432 0.429301 1.96411 0.00915027 390 4 1 5.3687e-09 
0.662834 0.673119 -0.000730309 0.0025 0.546421 0.429303 1.96416 0.00915045 391 4 1 4.67511e-09 
0.66741 0.673117 -0.0006971 0.0025 0.546408 0.429305 1.96421 0.00915067 392 4 1 8.15505e-09 
0.671985 0.673114 -0.000667123 0.0025 0.546396 0.429309 1.96428 0.00915087 393 4 1 -3.58925e-09 
0.676561 0.673112 -0.000636329 0.0025 0.546374 0.429312 1.96434 0.00915124 394 4 1 1.4365e-07 
0.681136 0.67311 -0.000603808 0.0025 0.546365 0.429343 1.96457 0.0091514 395 4 1 -1.38753e-07 
0.685712 0.673108 -0.000571253 0.0025 0.545967 0.429189 1.96464 0.00915806 396 5 1 3.48583e-06 
0.690294 0.673106 -0.000539941 0.0025 0.548233 0.430854 1.96849 0.00912021 397 3 1 -1.90587e-05 
0.694832 0.673104 -0.000508856 0.0025 0.536904 0.426185 1.95004 0.00931265 398 4 1 0.000179251 
0.699613 0.673102 -0.000472959 0.0025 0.511048 0.432723 2.1525 0.00978382 399 4 1 -0.000134226 
0.704623 0.6731 -0.000428575 0.0025 0.482803 0.424499 2.15548 0.0103562 400 4 1 0.000266083 
0.709984 0.673099 -0.000372478 0.0025 0.454319 0.432943 2.44417 0.0110055 401 4 1 -0.000240409 
0.715639 0.673097 -0.000305775 0.0025 0.447022 0.427279 2.38026 0.0111851 402 5 1 5.38085e-05 
0.72117 0.673095 -0.000236572 0.0025 0.452453 0.42965 2.37464 0.0110509 403 4 1 -3.0129e-06 
0.72669 0.673093 -0.000167954 0.0025 0.453636 0.429321 2.36524 0.0110221 404 4 1 3.91258e-06 
0.732192 0.67309 -0.000102819 0.0025 0.454716 0.429379 2.36046 0.0109959 405 4 1 1.27142e-06 
0.737686 0.673088 -4.32302e-05 0.0025 0.455339 0.429353 2.35716 0.0109808 406 4 1 8.42812e-07 
0.743173 0.673086 8.19328e-06 0.0025 0.455783 0.429341 2.35486 0.0109701 407 4 1 5.44309e-07 
0.748656 0.673083 4.81609e-05 0.0025 0.456104 0.429334 2.3532 0.0109624 408 4 1 3.49093e-07 
0.754135 0.673081 7.36755e-05 0.0025 0.456344 0.429329 2.35195 0.0109566 409 4 1 2.4679e-07 
0.759613 0.673078 8.35028e-05 0.0025 0.456529 0.429326 2.351 0.0109522 410 4 1 1.77355e-07 
0.765088 0.673076 7.91282e-05 0.0025 0.456672 0.429324 2.35026 0.0109488 411 4 1 1.31047e-07 
0.770561 0.673074 6.46261e-05 0.0025 0.456786 0.429323 2.34968 0.0109461 412 4 1 9.8177e-08 
0.776034 0.673072 4.55268e-05 0.0025 0.456877 0.429322 2.34921 0.0109439 413 4 1 7.55685e-08 
0.781505 0.673071 2.72638e-05 0.0025 0.45695 0.429321 2.34883 0.0109421 414 4 1 5.89479e-08 
0.786976 0.673069 1.38821e-05 0.0025 0.45701 0.429321 2.34852 0.0109407 415 4 1 4.64736e-08 
0.792446 0.673068 7.42863e-06 0.0025 0.457059 0.42932 2.34827 0.0109395 416 4 1 3.70638e-08 
0.797915 0.673066 8.06438e-06 0.0025 0.457099 0.42932 2.34806 0.0109385 417 4 1 2.98244e-08 
0.803384 0.673065 1.46515e-05 0.0025 0.457132 0.42932 2.34789 0.0109377 418 4 1 2.41402e-08 
0.808853 0.673064 2.54779e-05 0.0025 0.45716 0.42932 2.34775 0.0109371 419 4 1 1.96842e-08 
0.814322 0.673063 3.88602e-05 0.0025 0.457183 0.42932 2.34763 0.0109365 420 4 1 1.61585e-08 
0.81979 0.673062 5.35179e-05 0.0025 0.457203 0.429319 2.34753 0.0109361 421 4 1 1.33579e-08 
0.825258 0.67306 6.87444e-05 0.0025 0.457219 0.429319 2.34745 0.0109357 422 4 1 1.10952e-08 
0.830725 0.673059 8.44799e-05 0.0025 0.457233 0.429319 2.34737 0.0109354 423 4 1 9.22385e-09 
0.836193 0.673058 0.000101402 0.0025 0.457244 0.429318 2.34731 0.0109351 424 4 1 7.70952e-09 
0.84166 0.673057 0.000121172 0.0025 0.457253 0.429318 2.34726 0.0109349 425 4 1 6.47159e-09 
0.847128 0.673055 0.000147079 0.0025 0.457261 0.429318 2.34722 0.0109347 426 4 1 5.06001e-09 
0.852595 0.673054 0.000185678 0.0025 0.457268 0.429317 2.34719 0.0109345 427 4 1 3.77539e-09 
0.858062 0.673052 0.00025078 0.0025 0.457273 0.429316 2.34715 0.0109344 428 4 1 3.23565e-09 
0.863529 0.67305 0.000373046 0.0025 0.457278 0.429315 2.34712 0.0109343 429 4 1 2.44029e-09 
0.868997 0.673047 0.00062258 0.0025 0.457281 0.429313 2.3471 0.0109342 430 4 1 3.6283e-10 
0.874464 0.673041 0.00116258 0.0025 0.457281 0.429309 2.34707 0.0109342 431 3 1 -3.5288e-09 
0.879931 0.67303 0.00237927 0.0025 0.457278 0.4293 2.34705 0.0109343 432 4 1 -1.16473e-08 
0.885398 0.673006 0.00518926 0.0025 0.457266 0.429281 2.347 0.0109346 433 4 1 -3.03297e-08 
0.890865 0.672952 0.0117662 0.0025 0.457235 0.429235 2.34692 0.0109353 434 4 1 -7.41873e-08 
0.896333 0.672829 0.0273007 0.0025 0.457159 0.42913 2.34675 0.0109371 435 4 1 -1.77116e-07 
0.901802 0.67254 0.0638684 0.0025 0.456978 0.428881 2.34637 0.0109414 436 4 1 -4.17413e-07 
0.907275 0.671859 0.150319 0.0025 0.456551 0.428299 2.34548 0.0109517 437 4 1 -9.57468e-07 
0.912754 0.670268 0.348535 0.0025 0.455556 0.426949 2.34343 0.0109756 438 4 1 -2.13959e-06 
0.91825 0.666595 0.805504 0.0025 0.453284 0.423887 2.33874 0.0110306 439 4 1 -4.2922e-06 
0.923785 0.658303 1.75098 0.0025 0.448372 0.417317 2.32852 0.0111514 440 4 1 -7.7781e-06 
0.929402 0.640838 3.71218 0.0025 0.438305 0.404047 2.30724 0.0114076 441 4 1 -9.93947e-06 
0.935195 0.604294 7.29194 0.0025 0.419776 0.380055 2.26675 0.0119111 442 4 1 -3.38136e-06 
0.941324 0.539059 12.9024 0.0025 0.389464 0.341717 2.19621 0.0128382 443 4 1 2.26378e-05 
0.948068 0.413366 25.1457 0.0025 0.345004 0.28807 2.08157 0.0144926 444 4 1 0.000109289 
0.955926 0.217008 30.0142 0.0025 0.296734 0.232326 1.94166 0.0168501 445 4 1 0.000243026 
0.965067 0.0543225 16.2673 0.0025 0.263616 0.195197 1.83752 0.018967 446 4 1 0.000214241 
0.97495 -0.00401424 2.74195 0.0025 0.250984 0.181092 1.79798 0.0199216 447 4 1 6.43264e-05 
0.984992 -0.00439178 -1.19137 0.0025 0.249357 0.178957 1.79315 0.0200516 448 5 1 6.07067e-06 
0.995001 -0.000295003 -0.214456 0.0025 0.249917 0.179391 1.79477 0.0200066 449 3 1 -1.37853e-06 
1.005 0.000295003 0.214456 0.0025 0.249917 0.179391 1.79477 0.0200066 450 3 1 -1.37853e-06 
1.01501 0.00439178 1.19137 0.0025 0.249357 0.178957 1.79315 0.0200516 451 5 1 6.07067e-06 
1.02505 0.00401424 -2.74195 0.0025 0.250984 0.181092 1.79798 0.0199216 452 4 1 6.43264e-05 
1.03493 -0.0543225 -16.2673 0.0025 0.263616 0.195197 1.83752 0.018967 453 4 1 0.000214241 
1.04407 -0.217008 -30.0142 0.0025 0.296734 0.232326 1.94166 0.0168501 454 4 1 0.000243026 
1.05193 -0.413366 -25.1457 0.0025 0.345004 0.28807 2.08157 0.0144926 455 4 1 0.000109289 
1.05868 -0.539059 -12.9024 0.0025 0.389464 0.341717 2.19621 0.0128382 456 4 1 2.26378e-05 
1.0648 -0.604294 -7.29194 0.0025 0.419776 0.380055 2.26675 0.0119111 457 4 1 -3.38136e-06 
1.0706 -0.640838 -3.71218 0.0025 0.438305 0.404047 2.30724 0.0114076 458 4 1 -9.93947e-06 
1.07622 -0.658303 -1.75098 0.0025 0.448372 0.417317 2.32852 0.0111514 459 4 1 -7.7781e-06 
1.08175 -0.666595 -0.805504 0.0025 0.453284 0.423887 2.33874 0.0110306 460 4 1 -4.2922e-06 
1.08725 -0.670268 -0.348535 0.0025 0.455556 0.426949 2.34343 0.0109756 461 4 1 -2.13959e-06 
1.09273 -0.671859 -0.150319 0.0025 0.456551 0.428299 2.34548 0.0109517 462 4 1 -9.57468e-07 
1.0982 -0.67254 -0.0638684 0.0025 0.456978 0.428881 2.34637 0.0109414 463 4 1 -4.17413e-07 
1.10367 -0.672829 -0.0273007 0.0025 0.457159 0.42913 2.34675 0.0109371 464 4 1 -1.77116e-07 
1.10913 -0.672952 -0.0117662 0.0025 0.457235 0.429235 2.34692 0.0109353 465 4 1 -7.41873e-08 
1.1146 -0.673006 -0.00518926 0.0025 0.457266 0.429281 2.347 0.0109346 466 4 1 -3.03297e-08 
1.12007 -0.67303 -0.00237927 0.0025 0.457278 0.4293 2.34705 0.0109343 467 4 1 -1.16473e-08 
1.12554 -0.673041 -0.00116258 0.0025 0.457281 0.429309 2.34707 0.0109342 468 3 1 -3.5288e-09 
1.131 -0.673047 -0.00062258 0.0025 0.457281 0.429313 2.3471 0.0109342 469 4 1 3.6283e-10 
1.13647 -0.67305 -0.000373046 0.0025 0.457278 0.429315 2.34712 0.0109343 470 4 1 2.44029e-09 
1.14194 -0.673052 -0.00025078 0.0025 0.457273 0.429316 2.34715 0.0109344 471 4 1 3.23565e-09 
1.1474 -0.673054 -0.000185678 0.0025 0.457268 0.429317 2.34719 0.0109345 472 4 1 3.77539e-09 
1.15287 -0.673055 -0.000147079 0.0025 0.457261 0.429318 2.34722 0.0109347 473 4 1 5.06001e-09 
1.15834 -0.673057 -0.000121172 0.0025 0.457253 0.429318 2.34726 0.0109349 474 4 1 6.47159e-09 
1.16381 -0.673058 -0.000101402 0.0025 0.457244 0.429318 2.34731 0.0109351 475 4 1 7.70952e-09 
1.16927 -0.673059 -8.44799e-05 0.0025 0.457233 0.429319 2.34737 0.0109354 476 4 1 9.22385e-09 
1.17474 -0.67306 -6.87444e-05 0.0025 0.457219 0.429319 2.34745 0.0109357 477 4 1 1.10952e-08 
1.18021 -0.673062 -5.35179e-05 0.0025 0.457203 0.429319 2.34753 0.0109361 478 4 1 1.33579e-08 
1.18568 -0.673063 -3.88603e-05 0.0025 0.457183 0.42932 2.34763 0.0109365 479 4 1 1.61585e-08 
1.19115 -0.673064 -2.54779e-05 0.0025 0.45716 0.42932 2.34775 0.0109371 480 4 1 1.96842e-08 
1.19662 -0.673065 -1.46516e-05 0.0025 0.457132 0.42932 2.34789 0.0109377 481 4 1 2.41402e-08 
1.20208 -0.673066 -8.06436e-06 0.0025 0.457099 0.42932 2.34806 0.0109385 482 4 1 2.98244e-08 
1.20755 -0.673068 -7.42864e-06 0.0025 0.457059 0.42932 2.34827 0.0109395 483 4 1 3.70638e-08 
1.21302 -0.673069 -1.38821e-05 0.0025 0.45701 0.429321 2.34852 0.0109407 484 4 1 4.64736e-08 
1.21849 -0.673071 -2.72638e-05 0.0025 0.45695 0.429321 2.34883 0.0109421 485 4 1 5.89479e-08 
1.22397 -0.673072 -4.55268e-05 0.0025 0.456877 0.429322 2.34921 0.0109439 486 4 1 7.55685e-08 
1.22944 -0.673074 -6.46261e-05 0.0025 0.456786 0.429323 2.34968 0.0109461 487 4 1 9.8177e-08 
1.23491 -0.673076 -7.91282e-05 0.0025 0.456672 0.429324 2.35026 0.0109488 488 4 1 1.31047e-07 
1.24039 -0.673078 -8.35028e-05 0.0025 0.456529 0.429326 2.351 0.0109522 489 4 1 1.77355e-07 
1.24586 -0.673081 -7.36755e-05 0.0025 0.456344 0.429329 2.35195 0.0109566 490 4 1 2.4679e-07 
1.25134 -0.673083 -4.81609e-05 0.0025 0.456104 0.429334 2.3532 0.0109624 491 4 1 3.49093e-07 
1.25683 -0.673086 -8.19329e-06 0.0025 0.455783 0.429341 2.35486 0.0109701 492 4 1 5.44309e-07 
1.26231 -0.673088 4.32302e-05 0.0025 0.455339 0.429353 2.35716 0.0109808 493 4 1 8.42812e-07 
1.26781 -0.67309 0.000102819 0.0025 0.454716 0.429379 2.36046 0.0109959 494 4 1 1.27142e-06 
1.27331 -0.673093 0.000167954 0.0025 0.453636 0.429321 2.36524 0.0110221 495 4 1 3.91258e-06 
1.27883 -0.673095 0.000236572 0.0025 0.452453 0.42965 2.37464 0.0110509 496 4 1 -3.0129e-06 
1.28436 -0.673097 0.000305775 0.0025 0.447022 0.427279 2.38026 0.0111851 497 5 1 5.38085e-05 
1.29002 -0.673099 0.000372478 0.0025 0.454319 0.432943 2.44417 0.0110055 498 4 1 -0.000240409 
1.29538 -0.6731 0.000428575 0.0025 0.482803 0.424499 2.15548 0.0103562 499 4 1 0.000266083 
