# Time [s]: 0.310977
# Columns: pos [m], vel [m/s], acc [m/s^2], mass [kg], dens [kg/m^3], pres [Pa], ene [J/kg], sml [m], id, neighbor, alpha, gradh, ...additional?
1.29291 -0.673097 0.000417222 0.0025 0.51105 0.432725 2.1525 0.00978378 0 4 1 -0.000134226 
1.29769 -0.673099 0.000443015 0.0025 0.536906 0.426188 1.95004 0.00931261 1 4 1 0.000179252 
1.30223 -0.6731 0.000466789 0.0025 0.548235 0.430857 1.9685 0.00912017 2 3 1 -1.90586e-05 
1.30681 -0.673102 0.0004892 0.0025 0.54597 0.429192 1.96464 0.00915802 3 5 1 3.48582e-06 
1.31139 -0.673103 0.000510051 0.0025 0.546367 0.429346 1.96458 0.00915136 4 4 1 -1.38723e-07 
1.31596 -0.673105 0.00053122 0.0025 0.546377 0.429315 1.96434 0.00915119 5 4 1 1.4368e-07 
1.32054 -0.673107 0.000555414 0.0025 0.546399 0.429313 1.96428 0.00915082 6 4 1 -3.56947e-09 
1.32511 -0.67311 0.000584157 0.0025 0.546412 0.429309 1.96422 0.00915061 7 4 1 8.16502e-09 
1.32969 -0.673112 0.000616635 0.0025 0.546425 0.429307 1.96416 0.00915039 8 4 1 4.68558e-09 
1.33426 -0.673115 0.00065078 0.0025 0.546436 0.429305 1.96411 0.0091502 9 4 1 5.39238e-09 
1.33884 -0.673117 0.000685778 0.0025 0.546446 0.429304 1.96407 0.00915003 10 4 1 -2.32781e-09 
1.34341 -0.67312 0.000723659 0.0025 0.546456 0.429302 1.96403 0.00914987 11 4 1 4.63054e-09 
1.34799 -0.673124 0.000768185 0.0025 0.546465 0.4293 1.96399 0.00914972 12 4 1 2.73528e-09 
1.35256 -0.673127 0.000821743 0.0025 0.546472 0.429298 1.96395 0.0091496 13 4 1 3.43464e-09 
1.35714 -0.673131 0.000882965 0.0025 0.546478 0.429295 1.96392 0.00914949 14 4 1 1.96586e-09 
1.36171 -0.673135 0.000947502 0.0025 0.546484 0.429293 1.96389 0.0091494 15 4 1 -1.74196e-09 
1.36629 -0.673139 0.00101183 0.0025 0.546489 0.42929 1.96386 0.00914931 16 4 1 4.74321e-09 
1.37086 -0.673144 0.00107714 0.0025 0.546493 0.429288 1.96383 0.00914924 17 4 1 1.31969e-09 
1.37544 -0.673149 0.00114977 0.0025 0.546497 0.429285 1.9638 0.00914919 18 4 1 -1.3728e-09 
1.38001 -0.673155 0.00123672 0.0025 0.5465 0.429282 1.96378 0.00914913 19 4 1 2.48981e-09 
1.38459 -0.673161 0.00133913 0.0025 0.546502 0.429278 1.96375 0.00914909 20 4 1 9.28064e-10 
1.38916 -0.673167 0.00144966 0.0025 0.546504 0.429275 1.96373 0.00914907 21 4 1 9.35027e-10 
1.39373 -0.673174 0.00155767 0.0025 0.546505 0.429271 1.96371 0.00914905 22 4 1 8.05947e-10 
1.39831 -0.673181 0.00166 0.0025 0.546505 0.429267 1.96369 0.00914904 23 3 1 -4.15775e-10 
1.40288 -0.673189 0.00176787 0.0025 0.546505 0.429262 1.96367 0.00914905 24 4 1 1.21404e-09 
1.40746 -0.673198 0.00190143 0.0025 0.546504 0.429257 1.96365 0.00914906 25 4 1 4.1049e-10 
1.41203 -0.673207 0.00207383 0.0025 0.546503 0.429252 1.96363 0.00914908 26 4 1 -7.7445e-10 
1.41661 -0.673217 0.00227828 0.0025 0.546501 0.429247 1.96361 0.00914911 27 4 1 7.38538e-10 
1.42118 -0.673228 0.00249158 0.0025 0.546499 0.42924 1.96359 0.00914915 28 4 1 3.56296e-10 
1.42576 -0.673239 0.0026935 0.0025 0.546495 0.429234 1.96357 0.00914921 29 4 1 -1.26745e-09 
1.43033 -0.673252 0.00288585 0.0025 0.546492 0.429226 1.96355 0.00914927 30 4 1 -9.92645e-13 
1.43491 -0.673266 0.00309468 0.0025 0.546487 0.429218 1.96353 0.00914935 31 4 1 1.39003e-09 
1.43948 -0.673281 0.0033532 0.0025 0.546481 0.42921 1.96352 0.00914944 32 4 1 -1.57925e-09 
1.44405 -0.673298 0.00367957 0.0025 0.546475 0.429201 1.9635 0.00914954 33 4 1 -1.73517e-09 
1.44863 -0.673316 0.00406726 0.0025 0.546468 0.429191 1.96347 0.00914966 34 4 1 1.03755e-09 
1.4532 -0.673336 0.00449523 0.0025 0.54646 0.429179 1.96345 0.0091498 35 4 1 -1.417e-09 
1.45778 -0.673357 0.0049484 0.0025 0.546451 0.429167 1.96343 0.00914995 36 4 1 -2.18421e-09 
1.46235 -0.67338 0.0054303 0.0025 0.54644 0.429153 1.9634 0.00915013 37 4 1 1.45698e-11 
1.46693 -0.673406 0.00595847 0.0025 0.546428 0.429138 1.96338 0.00915033 38 4 1 -1.46345e-09 
1.4715 -0.673435 0.00655176 0.0025 0.546415 0.429122 1.96335 0.00915056 39 4 1 -2.48576e-09 
1.47608 -0.673467 0.00722773 0.0025 0.5464 0.429103 1.96332 0.00915081 40 4 1 -1.29813e-09 
1.48066 -0.673503 0.00801257 0.0025 0.546383 0.429083 1.96329 0.00915109 41 4 1 -1.9011e-09 
1.48523 -0.673542 0.00894118 0.0025 0.546364 0.429061 1.96326 0.00915141 42 4 1 -3.37791e-09 
1.48981 -0.673586 0.0100264 0.0025 0.546342 0.429035 1.96322 0.00915177 43 4 1 -3.17447e-09 
1.49438 -0.673635 0.0112157 0.0025 0.546318 0.429007 1.96318 0.00915218 44 4 1 -2.48011e-09 
1.49896 -0.673691 0.0123979 0.0025 0.546291 0.428976 1.96313 0.00915264 45 4 1 -3.87391e-09 
-0.496465 -0.673754 0.0135137 0.0025 0.54626 0.428941 1.96308 0.00915315 46 4 1 -4.24005e-09 
-0.491888 -0.673826 0.0147181 0.0025 0.546226 0.428902 1.96303 0.00915372 47 4 1 -3.36539e-09 
-0.487311 -0.67391 0.0163756 0.0025 0.546189 0.42886 1.96297 0.00915434 48 4 1 -4.86203e-09 
-0.482734 -0.674004 0.0187469 0.0025 0.546147 0.428813 1.9629 0.00915504 49 4 1 -7.33364e-09 
-0.478156 -0.674107 0.0216792 0.0025 0.546099 0.42876 1.96283 0.00915584 50 4 1 -8.17541e-09 
-0.473578 -0.67422 0.0247776 0.0025 0.546045 0.428699 1.96275 0.00915675 51 4 1 -7.51362e-09 
-0.468999 -0.674342 0.0278429 0.0025 0.545983 0.42863 1.96265 0.00915779 52 4 1 -7.88053e-09 
-0.46442 -0.674476 0.0308648 0.0025 0.545915 0.428554 1.96255 0.00915893 53 4 1 -7.8307e-09 
-0.45984 -0.674619 0.0336582 0.0025 0.545841 0.428471 1.96244 0.00916018 54 4 1 -5.44008e-09 
-0.45526 -0.674771 0.0358866 0.0025 0.545761 0.428383 1.96232 0.00916152 55 4 1 -2.27248e-09 
-0.450679 -0.674928 0.0372018 0.0025 0.545679 0.428292 1.9622 0.0091629 56 4 1 4.90335e-10 
-0.446097 -0.675086 0.0369647 0.0025 0.545597 0.428201 1.96207 0.00916428 57 4 1 5.41109e-09 
-0.441514 -0.67524 0.0347813 0.0025 0.545519 0.428115 1.96196 0.00916558 58 4 1 1.21095e-08 
-0.436931 -0.67538 0.0313705 0.0025 0.545451 0.42804 1.96186 0.00916672 59 4 1 1.73268e-08 
-0.432348 -0.675494 0.0252642 0.0025 0.545397 0.42798 1.96178 0.00916763 60 4 1 2.61802e-08 
-0.427764 -0.675569 0.0138802 0.0025 0.545365 0.427943 1.96173 0.00916817 61 4 1 1.68788e-08 
-0.423179 -0.675601 0.0178978 0.0025 0.545348 0.427925 1.9617 0.00916846 62 5 1 6.47336e-08 
-0.418595 -0.675614 -0.0268831 0.0025 0.545385 0.427971 1.96175 0.00916784 63 4 1 2.00375e-07 
-0.414012 -0.675244 -0.134947 0.0025 0.545585 0.428192 1.96203 0.00916447 64 4 1 2.42705e-07 
-0.409431 -0.674497 -0.190951 0.0025 0.545982 0.428631 1.9626 0.00915781 65 4 1 3.42873e-07 
-0.404854 -0.673375 -0.337954 0.0025 0.546648 0.429375 1.96355 0.00914665 66 4 1 7.29456e-07 
-0.400284 -0.671182 -0.673131 0.0025 0.547854 0.430713 1.96528 0.00912652 67 4 1 1.14111e-06 
-0.395727 -0.667371 -1.07202 0.0025 0.549832 0.43289 1.96811 0.00909368 68 4 1 1.25427e-06 
-0.39119 -0.662095 -1.35948 0.0025 0.552548 0.435878 1.97199 0.00904899 69 4 1 1.16583e-06 
-0.386678 -0.655853 -1.5488 0.0025 0.555812 0.439483 1.97665 0.00899584 70 4 1 1.1986e-06 
-0.382194 -0.648855 -1.75056 0.0025 0.559534 0.443609 1.98193 0.008936 71 4 1 1.3725e-06 
-0.377742 -0.640989 -1.96773 0.0025 0.563724 0.448269 1.98785 0.00886958 72 4 1 1.60449e-06 
-0.373325 -0.632242 -2.21958 0.0025 0.568417 0.453502 1.99445 0.00879636 73 4 1 1.80286e-06 
-0.368946 -0.622556 -2.45168 0.0025 0.573612 0.459312 2.00172 0.00871669 74 4 1 1.87456e-06 
-0.364608 -0.612167 -2.63313 0.0025 0.579231 0.465617 2.00954 0.00863213 75 4 1 1.8091e-06 
-0.360313 -0.601328 -2.73114 0.0025 0.585133 0.472265 2.01771 0.00854506 76 4 1 1.65541e-06 
-0.356062 -0.590369 -2.76203 0.0025 0.591164 0.479088 2.026 0.00845788 77 4 1 1.50562e-06 
-0.351855 -0.579467 -2.75756 0.0025 0.597215 0.485963 2.03426 0.0083722 78 4 1 1.3976e-06 
-0.34769 -0.568756 -2.74322 0.0025 0.603227 0.492823 2.04243 0.00828876 79 4 1 1.28952e-06 
-0.343566 -0.558247 -2.70276 0.0025 0.60916 0.49962 2.05044 0.00820802 80 4 1 1.18928e-06 
-0.339482 -0.548045 -2.65995 0.0025 0.614988 0.506324 2.05826 0.00813024 81 4 1 1.13205e-06 
-0.335436 -0.538102 -2.62654 0.0025 0.620712 0.512934 2.0659 0.00805526 82 4 1 1.07723e-06 
-0.331426 -0.528399 -2.58765 0.0025 0.626338 0.519453 2.07337 0.00798291 83 4 1 1.02273e-06 
-0.327453 -0.518915 -2.55123 0.0025 0.631866 0.525883 2.08067 0.00791307 84 4 1 9.90583e-07 
-0.323513 -0.509678 -2.52312 0.0025 0.637309 0.532237 2.08782 0.00784548 85 4 1 9.94187e-07 
-0.319607 -0.500558 -2.5188 0.0025 0.6427 0.53855 2.09486 0.00777969 86 4 1 9.97232e-07 
-0.315733 -0.491563 -2.51201 0.0025 0.648062 0.544853 2.10183 0.00771531 87 4 1 1.02727e-06 
-0.311891 -0.482632 -2.53862 0.0025 0.65343 0.551183 2.10878 0.00765193 88 4 1 1.08464e-06 
-0.308081 -0.473651 -2.57879 0.0025 0.65885 0.557596 2.11575 0.00758899 89 4 1 1.15312e-06 
-0.304302 -0.464607 -2.64908 0.0025 0.664361 0.564138 2.12281 0.00752603 90 4 1 1.20261e-06 
-0.300555 -0.4554 -2.7107 0.0025 0.669985 0.570834 2.12998 0.00746285 91 4 1 1.20209e-06 
-0.296839 -0.446105 -2.75657 0.0025 0.675705 0.577668 2.13724 0.00739968 92 4 1 1.23088e-06 
-0.293155 -0.43672 -2.82547 0.0025 0.681524 0.584645 2.14458 0.0073365 93 4 1 1.26413e-06 
-0.289503 -0.42719 -2.88832 0.0025 0.687449 0.591771 2.15202 0.00727326 94 4 1 1.20606e-06 
-0.285882 -0.417671 -2.89524 0.0025 0.69343 0.598989 2.15949 0.00721053 95 4 1 1.17501e-06 
-0.282292 -0.408175 -2.92997 0.0025 0.699439 0.606268 2.16695 0.00714859 96 4 1 1.17416e-06 
-0.278733 -0.39867 -2.9487 0.0025 0.705478 0.613608 2.17442 0.00708739 97 4 1 1.12182e-06 
-0.275205 -0.389268 -2.94466 0.0025 0.711518 0.620975 2.18184 0.00702723 98 4 1 1.12421e-06 
-0.271706 -0.379899 -2.97888 0.0025 0.717566 0.628377 2.18924 0.006968 99 4 1 1.09708e-06 
-0.268236 -0.370584 -2.96703 0.0025 0.723614 0.635804 2.19661 0.00690976 100 4 1 1.05524e-06 
-0.264796 -0.361391 -2.97384 0.0025 0.729644 0.643233 2.20391 0.00685266 101 4 1 1.06336e-06 
-0.261384 -0.352238 -2.99047 0.0025 0.735671 0.650684 2.21117 0.00679651 102 4 1 1.01933e-06 
-0.257999 -0.343178 -2.97192 0.0025 0.74168 0.658135 2.21838 0.00674145 103 4 1 9.88476e-07 
-0.254642 -0.334223 -2.97422 0.0025 0.74766 0.665578 2.22551 0.00668753 104 4 1 1.02129e-06 
-0.251312 -0.325322 -3.00695 0.0025 0.753647 0.673051 2.23263 0.0066344 105 4 1 9.91617e-07 
-0.248008 -0.316429 -2.99378 0.0025 0.759632 0.680544 2.2397 0.00658213 106 4 1 9.31456e-07 
-0.244729 -0.307711 -2.97836 0.0025 0.765582 0.688019 2.2467 0.00653098 107 4 1 9.70689e-07 
-0.241476 -0.299023 -3.02339 0.0025 0.771535 0.695521 2.25367 0.00648059 108 4 1 9.53971e-07 
-0.238249 -0.290355 -3.00879 0.0025 0.777492 0.703048 2.26062 0.00643094 109 4 1 8.78572e-07 
-0.235045 -0.281837 -2.98479 0.0025 0.783406 0.710547 2.26748 0.00638239 110 4 1 8.834e-07 
-0.231866 -0.273421 -2.99598 0.0025 0.789295 0.718039 2.27428 0.00633476 111 4 1 9.50068e-07 
-0.228711 -0.264953 -3.05845 0.0025 0.795219 0.725593 2.28109 0.00628757 112 4 1 8.7561e-07 
-0.225579 -0.256542 -3.00047 0.0025 0.801131 0.733153 2.28786 0.00624117 113 4 1 7.96341e-07 
-0.222469 -0.248344 -2.98661 0.0025 0.80698 0.740662 2.29453 0.00619594 114 4 1 8.98827e-07 
-0.219382 -0.240106 -3.063 0.0025 0.812856 0.748222 2.30119 0.00615115 115 4 1 8.73895e-07 
-0.216318 -0.231862 -3.03699 0.0025 0.818749 0.755823 2.30785 0.00610688 116 4 1 7.65786e-07 
-0.213276 -0.223807 -2.99736 0.0025 0.824582 0.763374 2.31442 0.00606368 117 4 1 7.80169e-07 
-0.210254 -0.215858 -3.00862 0.0025 0.830382 0.770905 2.32091 0.00602133 118 4 1 8.53838e-07 
-0.207254 -0.207867 -3.0699 0.0025 0.836216 0.778497 2.32742 0.00597932 119 4 1 8.33147e-07 
-0.204275 -0.199851 -3.06425 0.0025 0.842072 0.786137 2.33393 0.00593773 120 4 1 7.06947e-07 
-0.201316 -0.19203 -2.98862 0.0025 0.847861 0.793713 2.34033 0.0058972 121 4 1 7.21476e-07 
-0.198378 -0.184328 -3.01867 0.0025 0.853606 0.801258 2.34666 0.00585751 122 4 1 8.59663e-07 
-0.195459 -0.176522 -3.12202 0.0025 0.859424 0.808911 2.35305 0.00581785 123 4 1 7.76845e-07 
-0.19256 -0.168688 -3.06172 0.0025 0.865253 0.816596 2.35942 0.00577866 124 4 1 5.84831e-07 
-0.18968 -0.161178 -2.94613 0.0025 0.870951 0.824138 2.36562 0.00574085 125 4 1 6.7379e-07 
-0.186819 -0.153792 -3.017 0.0025 0.876607 0.831649 2.37175 0.00570381 126 4 1 8.87499e-07 
-0.183976 -0.146163 -3.17309 0.0025 0.882399 0.839347 2.37801 0.00566637 127 4 1 7.4918e-07 
-0.181152 -0.138482 -3.07463 0.0025 0.888214 0.847091 2.38427 0.00562927 128 4 1 4.87579e-07 
-0.178347 -0.131251 -2.91565 0.0025 0.893849 0.854629 2.3903 0.00559379 129 4 1 6.41556e-07 
-0.175559 -0.124098 -3.03595 0.0025 0.899446 0.862141 2.39627 0.00555898 130 4 1 9.11285e-07 
-0.172788 -0.116606 -3.22817 0.0025 0.905231 0.869909 2.40243 0.00552345 131 4 1 6.9714e-07 
-0.170035 -0.109088 -3.07631 0.0025 0.911026 0.877701 2.40858 0.00548831 132 4 1 3.659e-07 
-0.167299 -0.102116 -2.86277 0.0025 0.916566 0.885188 2.41441 0.00545514 133 4 1 5.54364e-07 
-0.16458 -0.095313 -2.98713 0.0025 0.922032 0.892601 2.42016 0.00542281 134 4 1 8.88765e-07 
-0.161877 -0.0880919 -3.21839 0.0025 0.927715 0.900309 2.42612 0.00538959 135 4 1 7.31234e-07 
-0.15919 -0.0807495 -3.12408 0.0025 0.933476 0.908131 2.43214 0.00535632 136 4 1 3.62133e-07 
-0.15652 -0.0739002 -2.87996 0.0025 0.939006 0.915673 2.43789 0.00532478 137 4 1 4.66708e-07 
-0.153865 -0.067313 -2.95739 0.0025 0.944412 0.923075 2.44348 0.0052943 138 4 1 8.12439e-07 
-0.151226 -0.060386 -3.1945 0.0025 0.95 0.930731 2.44926 0.00526316 139 4 1 7.15585e-07 
-0.148602 -0.0532476 -3.13691 0.0025 0.955686 0.938522 2.45512 0.00523185 140 4 1 2.77383e-07 
-0.145994 -0.046636 -2.80021 0.0025 0.961105 0.945979 2.46067 0.00520234 141 4 1 3.49154e-07 
-0.1434 -0.0404371 -2.87514 0.0025 0.966339 0.953221 2.46601 0.00517417 142 4 1 8.96186e-07 
-0.14082 -0.0336834 -3.30769 0.0025 0.97185 0.960837 2.47165 0.00514483 143 4 1 5.88381e-07 
-0.138255 -0.026669 -2.98362 0.0025 0.977381 0.968461 2.47728 0.00511571 144 4 1 -4.13717e-07 
-0.135704 -0.0211825 -2.06975 0.0025 0.982141 0.975086 2.48206 0.00509092 145 4 1 4.22402e-07 
-0.133164 -0.0161215 -2.90579 0.0025 0.986877 0.981755 2.48681 0.00506649 146 4 1 2.28073e-06 
-0.130637 -0.00818327 -4.50019 0.0025 0.993075 0.990352 2.49313 0.00503487 147 4 1 3.12033e-07 
-0.128129 -3.99044e-06 -2.73227 0.0025 0.999045 0.998557 2.49915 0.00500478 148 4 1 -2.72057e-06 
-0.125633 0.00271819 -0.0721359 0.0025 1.00217 1.00301 2.50216 0.00498917 149 4 1 8.86982e-08 
-0.12314 0.00480369 -2.4168 0.0025 1.00504 1.00721 2.50497 0.00497493 150 4 1 3.79806e-06 
-0.120658 0.0130565 -5.08092 0.0025 1.01097 1.01543 2.51102 0.00494574 151 4 1 1.57403e-08 
-0.118194 0.0209638 -2.13692 0.0025 1.01667 1.02328 2.5167 0.00491803 152 4 1 -3.34784e-06 
-0.11574 0.0223177 0.269498 0.0025 1.01878 1.02634 2.51869 0.00490783 153 4 1 -7.02664e-07 
-0.113286 0.0230512 -0.974935 0.0025 1.01974 1.02776 2.51964 0.00490322 154 4 1 3.18851e-07 
-0.110836 0.0249794 -0.571929 0.0025 1.02091 1.02936 2.52083 0.0048976 155 4 1 -9.55715e-07 
-0.108389 0.0251289 0.13553 0.0025 1.02107 1.02959 2.52098 0.00489683 156 3 1 -8.26678e-07 
-0.10594 0.0242356 0.552241 0.0025 1.02022 1.02841 2.52013 0.00490091 157 4 1 -4.45408e-07 
-0.103488 0.0226681 0.837216 0.0025 1.01881 1.02643 2.51874 0.00490767 158 4 1 -2.54904e-07 
-0.101032 0.0206574 1.02362 0.0025 1.01706 1.02396 2.517 0.00491614 159 4 1 -1.05153e-07 
-0.0985716 0.0183875 1.12443 0.0025 1.01511 1.02123 2.51506 0.00492556 160 4 1 1.41603e-08 
-0.0961064 0.016013 1.15343 0.0025 1.01311 1.0184 2.51307 0.00493532 161 4 1 1.02778e-07 
-0.0936362 0.0136582 1.12661 0.0025 1.01113 1.01563 2.5111 0.00494495 162 4 1 1.62937e-07 
-0.0911614 0.0114167 1.05872 0.0025 1.00927 1.01301 2.50925 0.00495408 163 4 1 1.98538e-07 
-0.0886822 0.00935471 0.963034 0.0025 1.00757 1.01062 2.50755 0.00496245 164 4 1 2.14401e-07 
-0.0861989 0.00751393 0.850881 0.0025 1.00606 1.0085 2.50605 0.00496989 165 4 1 2.1519e-07 
-0.0837123 0.00591559 0.731694 0.0025 1.00475 1.00667 2.50475 0.00497634 166 4 1 2.05058e-07 
-0.0812226 0.0045639 0.613066 0.0025 1.00366 1.00513 2.50365 0.00498178 167 4 1 1.87546e-07 
-0.0787305 0.00344972 0.500812 0.0025 1.00276 1.00387 2.50275 0.00498626 168 4 1 1.65613e-07 
-0.0762363 0.00255414 0.399022 0.0025 1.00204 1.00286 2.50203 0.00498984 169 4 1 1.41688e-07 
-0.0737406 0.00185194 0.310161 0.0025 1.00147 1.00207 2.50147 0.00499265 170 4 1 1.17687e-07 
-0.0712437 0.00131474 0.235253 0.0025 1.00104 1.00147 2.50104 0.00499479 171 4 1 9.50291e-08 
-0.0687458 0.000913668 0.174146 0.0025 1.00072 1.00102 2.50072 0.00499638 172 4 1 7.46619e-08 
-0.0662473 0.000621398 0.125828 0.0025 1.00049 1.00069 2.50049 0.00499754 173 4 1 5.71105e-08 
-0.0637483 0.000413485 0.088748 0.0025 1.00033 1.00046 2.50033 0.00499837 174 4 1 4.25486e-08 
-0.0612489 0.000269096 0.0611022 0.0025 1.00021 1.0003 2.50021 0.00499894 175 4 1 3.08833e-08 
-0.0587494 0.00017121 0.0410614 0.0025 1.00013 1.00019 2.50013 0.00499933 176 4 1 2.18423e-08 
-0.0562496 0.000106437 0.026928 0.0025 1.00008 1.00012 2.50008 0.00499958 177 4 1 1.50532e-08 
-0.0537498 6.46116e-05 0.0172278 0.0025 1.00005 1.00007 2.50005 0.00499975 178 4 1 1.01084e-08 
-0.0512499 3.82679e-05 0.0107474 0.0025 1.00003 1.00004 2.50003 0.00499985 179 4 1 6.6127e-09 
-0.0487499 2.20918e-05 0.00653363 0.0025 1.00002 1.00002 2.50002 0.00499991 180 4 1 4.21282e-09 
-0.04625 1.24155e-05 0.00386734 0.0025 1.00001 1.00001 2.50001 0.00499995 181 4 1 2.61245e-09 
-0.04375 6.7822e-06 0.00222641 0.0025 1.00001 1.00001 2.50001 0.00499997 182 4 1 1.5758e-09 
-0.04125 3.59431e-06 0.00124488 0.0025 1 1 2.5 0.00499999 183 4 1 9.23677e-10 
-0.03875 1.84353e-06 0.00067483 0.0025 1 1 2.5 0.00499999 184 4 1 5.2549e-10 
-0.03625 9.12255e-07 0.000353841 0.0025 1 1 2.5 0.005 185 4 1 2.89684e-10 
-0.03375 4.33743e-07 0.000178918 0.0025 1 1 2.5 0.005 186 4 1 1.5441e-10 
-0.03125 1.97052e-07 8.6893e-05 0.0025 1 1 2.5 0.005 187 4 1 7.93581e-11 
-0.02875 8.48709e-08 4.03082e-05 0.0025 1 1 2.5 0.005 188 4 1 3.91771e-11 
-0.02625 3.42557e-08 1.77191e-05 0.0025 1 1 2.5 0.005 189 4 1 1.84817e-11 
-0.02375 1.27207e-08 7.29303e-06 0.0025 1 1 2.5 0.005 190 4 1 8.26974e-12 
-0.02125 4.20799e-09 2.75593e-06 0.0025 1 1 2.5 0.005 191 4 1 3.47027e-12 
-0.01875 1.16044e-09 9.21156e-07 0.0025 1 1 2.5 0.005 192 4 1 1.34083e-12 
-0.01625 2.21211e-10 2.49893e-07 0.0025 1 1 2.5 0.005 193 4 1 4.62239e-13 
-0.01375 1.83104e-12 4.2106e-08 0.0025 1 1 2.5 0.005 194 4 1 1.36045e-13 
-0.01125 4.44693e-13 -2.24223e-08 0.0025 1 1 2.5 0.005 195 5 1 1.89885e-14 
-0.00875 2.08654e-11 -3.55368e-09 0.0025 1 1 2.5 0.005 196 3 1 -1.11648e-14 
-0.00625 1.84758e-11 2.46479e-09 0.0025 1 1 2.5 0.005 197 4 1 -2.47269e-15 
-0.00375 1.10103e-11 2.68074e-09 0.0025 1 1 2.5 0.005 198 4 1 1.2701e-15 
-0.00125 3.53256e-12 1.04308e-09 0.0025 1 1 2.5 0.005 199 4 1 2.36398e-15 
0.00125 -3.52294e-12 -1.04251e-09 0.0025 1 1 2.5 0.005 200 5 1 2.3654e-15 
0.00375 -1.10005e-11 -2.68005e-09 0.0025 1 1 2.5 0.005 201 4 1 1.27081e-15 
0.00625 -1.84653e-11 -2.46513e-09 0.0025 1 1 2.5 0.005 202 4 1 -2.47447e-15 
0.00875 -2.08544e-11 3.55453e-09 0.0025 1 1 2.5 0.005 203 3 1 -1.11694e-14 
0.01125 -4.34328e-13 2.24228e-08 0.0025 1 1 2.5 0.005 204 5 1 1.89981e-14 
0.01375 -1.81989e-12 -4.2106e-08 0.0025 1 1 2.5 0.005 205 4 1 1.36032e-13 
0.01625 -2.21202e-10 -2.49893e-07 0.0025 1 1 2.5 0.005 206 4 1 4.62259e-13 
0.01875 -1.16043e-09 -9.21157e-07 0.0025 1 1 2.5 0.005 207 4 1 1.34082e-12 
0.02125 -4.20798e-09 -2.75593e-06 0.0025 1 1 2.5 0.005 208 4 1 3.47028e-12 
0.02375 -1.27207e-08 -7.29303e-06 0.0025 1 1 2.5 0.005 209 4 1 8.26975e-12 
0.02625 -3.42557e-08 -1.77191e-05 0.0025 1 1 2.5 0.005 210 4 1 1.84817e-11 
0.02875 -8.48709e-08 -4.03082e-05 0.0025 1 1 2.5 0.005 211 4 1 3.91772e-11 
0.03125 -1.97052e-07 -8.6893e-05 0.0025 1 1 2.5 0.005 212 4 1 7.93581e-11 
0.03375 -4.33743e-07 -0.000178918 0.0025 1 1 2.5 0.005 213 4 1 1.5441e-10 
0.03625 -9.12255e-07 -0.000353841 0.0025 1 1 2.5 0.005 214 4 1 2.89684e-10 
0.03875 -1.84353e-06 -0.00067483 0.0025 1 1 2.5 0.00499999 215 4 1 5.2549e-10 
0.04125 -3.59431e-06 -0.00124488 0.0025 1 1 2.5 0.00499999 216 4 1 9.23677e-10 
0.04375 -6.7822e-06 -0.00222641 0.0025 1.00001 1.00001 2.50001 0.00499997 217 4 1 1.5758e-09 
0.04625 -1.24155e-05 -0.00386734 0.0025 1.00001 1.00001 2.50001 0.00499995 218 4 1 2.61245e-09 
0.0487499 -2.20918e-05 -0.00653363 0.0025 1.00002 1.00002 2.50002 0.00499991 219 4 1 4.21282e-09 
0.0512499 -3.82679e-05 -0.0107474 0.0025 1.00003 1.00004 2.50003 0.00499985 220 4 1 6.6127e-09 
0.0537498 -6.46116e-05 -0.0172278 0.0025 1.00005 1.00007 2.50005 0.00499975 221 4 1 1.01084e-08 
0.0562496 -0.000106437 -0.026928 0.0025 1.00008 1.00012 2.50008 0.00499958 222 4 1 1.50532e-08 
0.0587494 -0.00017121 -0.0410614 0.0025 1.00013 1.00019 2.50013 0.00499933 223 4 1 2.18423e-08 
0.0612489 -0.000269096 -0.0611022 0.0025 1.00021 1.0003 2.50021 0.00499894 224 4 1 3.08833e-08 
0.0637483 -0.000413485 -0.088748 0.0025 1.00033 1.00046 2.50033 0.00499837 225 4 1 4.25486e-08 
0.0662473 -0.000621398 -0.125828 0.0025 1.00049 1.00069 2.50049 0.00499754 226 4 1 5.71105e-08 
0.0687458 -0.000913668 -0.174146 0.0025 1.00072 1.00102 2.50072 0.00499638 227 4 1 7.46619e-08 
0.0712437 -0.00131474 -0.235253 0.0025 1.00104 1.00147 2.50104 0.00499479 228 4 1 9.50291e-08 
0.0737406 -0.00185194 -0.310161 0.0025 1.00147 1.00207 2.50147 0.00499265 229 4 1 1.17687e-07 
0.0762363 -0.00255414 -0.399022 0.0025 1.00204 1.00286 2.50203 0.00498984 230 4 1 1.41688e-07 
0.0787305 -0.00344972 -0.500812 0.0025 1.00276 1.00387 2.50275 0.00498626 231 4 1 1.65613e-07 
0.0812226 -0.0045639 -0.613066 0.0025 1.00366 1.00513 2.50365 0.00498178 232 4 1 1.87546e-07 
0.0837123 -0.00591559 -0.731694 0.0025 1.00475 1.00667 2.50475 0.00497634 233 4 1 2.05058e-07 
0.0861989 -0.00751393 -0.850881 0.0025 1.00606 1.0085 2.50605 0.00496989 234 4 1 2.1519e-07 
0.0886822 -0.00935471 -0.963034 0.0025 1.00757 1.01062 2.50755 0.00496245 235 4 1 2.14401e-07 
0.0911614 -0.0114167 -1.05872 0.0025 1.00927 1.01301 2.50925 0.00495408 236 4 1 1.98538e-07 
0.0936362 -0.0136582 -1.12661 0.0025 1.01113 1.01563 2.5111 0.00494495 237 4 1 1.62937e-07 
0.0961064 -0.016013 -1.15343 0.0025 1.01311 1.0184 2.51307 0.00493532 238 4 1 1.02778e-07 
0.0985716 -0.0183875 -1.12443 0.0025 1.01511 1.02123 2.51506 0.00492556 239 4 1 1.41603e-08 
0.101032 -0.0206574 -1.02362 0.0025 1.01706 1.02396 2.517 0.00491614 240 4 1 -1.05153e-07 
0.103488 -0.0226681 -0.837216 0.0025 1.01881 1.02643 2.51874 0.00490767 241 4 1 -2.54904e-07 
0.10594 -0.0242356 -0.552241 0.0025 1.02022 1.02841 2.52013 0.00490091 242 4 1 -4.45408e-07 
0.108389 -0.0251289 -0.13553 0.0025 1.02107 1.02959 2.52098 0.00489683 243 3 1 -8.26678e-07 
0.110836 -0.0249794 0.571929 0.0025 1.02091 1.02936 2.52083 0.0048976 244 4 1 -9.55715e-07 
0.113286 -0.0230512 0.974935 0.0025 1.01974 1.02776 2.51964 0.00490322 245 4 1 3.18851e-07 
0.11574 -0.0223177 -0.269498 0.0025 1.01878 1.02634 2.51869 0.00490783 246 4 1 -7.02664e-07 
0.118194 -0.0209638 2.13692 0.0025 1.01667 1.02328 2.5167 0.00491803 247 4 1 -3.34784e-06 
0.120658 -0.0130565 5.08092 0.0025 1.01097 1.01543 2.51102 0.00494574 248 4 1 1.57403e-08 
0.12314 -0.00480369 2.4168 0.0025 1.00504 1.00721 2.50497 0.00497493 249 4 1 3.79806e-06 
0.125633 -0.00271819 0.0721359 0.0025 1.00217 1.00301 2.50216 0.00498917 250 4 1 8.86982e-08 
0.128129 3.99044e-06 2.73227 0.0025 0.999045 0.998557 2.49915 0.00500478 251 4 1 -2.72057e-06 
0.130637 0.00818327 4.50019 0.0025 0.993075 0.990352 2.49313 0.00503487 252 4 1 3.12033e-07 
0.133164 0.0161215 2.90579 0.0025 0.986877 0.981755 2.48681 0.00506649 253 4 1 2.28073e-06 
0.135704 0.0211825 2.06975 0.0025 0.982141 0.975086 2.48206 0.00509092 254 4 1 4.22402e-07 
0.138255 0.026669 2.98362 0.0025 0.977381 0.968461 2.47728 0.00511571 255 4 1 -4.13717e-07 
0.14082 0.0336834 3.30769 0.0025 0.97185 0.960837 2.47165 0.00514483 256 4 1 5.88381e-07 
0.1434 0.0404371 2.87514 0.0025 0.966339 0.953221 2.46601 0.00517417 257 4 1 8.96186e-07 
0.145994 0.046636 2.80021 0.0025 0.961105 0.945979 2.46067 0.00520234 258 4 1 3.49154e-07 
0.148602 0.0532476 3.13691 0.0025 0.955686 0.938522 2.45512 0.00523185 259 4 1 2.77383e-07 
0.151226 0.060386 3.1945 0.0025 0.95 0.930731 2.44926 0.00526316 260 4 1 7.15585e-07 
0.153865 0.067313 2.95739 0.0025 0.944412 0.923075 2.44348 0.0052943 261 4 1 8.12439e-07 
0.15652 0.0739002 2.87996 0.0025 0.939006 0.915673 2.43789 0.00532478 262 4 1 4.66708e-07 
0.15919 0.0807495 3.12408 0.0025 0.933476 0.908131 2.43214 0.00535632 263 4 1 3.62133e-07 
0.161877 0.0880919 3.21839 0.0025 0.927715 0.900309 2.42612 0.00538959 264 4 1 7.31234e-07 
0.16458 0.095313 2.98713 0.0025 0.922032 0.892601 2.42016 0.00542281 265 4 1 8.88765e-07 
0.167299 0.102116 2.86277 0.0025 0.916566 0.885188 2.41441 0.00545514 266 4 1 5.54364e-07 
0.170035 0.109088 3.07631 0.0025 0.911026 0.877701 2.40858 0.00548831 267 4 1 3.659e-07 
0.172788 0.116606 3.22817 0.0025 0.905231 0.869909 2.40243 0.00552345 268 4 1 6.9714e-07 
0.175559 0.124098 3.03595 0.0025 0.899446 0.862141 2.39627 0.00555898 269 4 1 9.11285e-07 
0.178347 0.131251 2.91565 0.0025 0.893849 0.854629 2.3903 0.00559379 270 4 1 6.41556e-07 
0.181152 0.138482 3.07463 0.0025 0.888214 0.847091 2.38427 0.00562927 271 4 1 4.87579e-07 
0.183976 0.146163 3.17309 0.0025 0.882399 0.839347 2.37801 0.00566637 272 4 1 7.4918e-07 
0.186819 0.153792 3.017 0.0025 0.876607 0.831649 2.37175 0.00570381 273 4 1 8.87499e-07 
0.18968 0.161178 2.94613 0.0025 0.870951 0.824138 2.36562 0.00574085 274 4 1 6.7379e-07 
0.19256 0.168688 3.06172 0.0025 0.865253 0.816596 2.35942 0.00577866 275 4 1 5.84831e-07 
0.195459 0.176522 3.12202 0.0025 0.859424 0.808911 2.35305 0.00581785 276 4 1 7.76845e-07 
0.198378 0.184328 3.01867 0.0025 0.853606 0.801258 2.34666 0.00585751 277 4 1 8.59663e-07 
0.201316 0.19203 2.98862 0.0025 0.847861 0.793713 2.34033 0.0058972 278 4 1 7.21476e-07 
0.204275 0.199851 3.06425 0.0025 0.842072 0.786137 2.33393 0.00593773 279 4 1 7.06947e-07 
0.207254 0.207867 3.0699 0.0025 0.836216 0.778497 2.32742 0.00597932 280 4 1 8.33147e-07 
0.210254 0.215858 3.00862 0.0025 0.830382 0.770905 2.32091 0.00602133 281 4 1 8.53838e-07 
0.213276 0.223807 2.99736 0.0025 0.824582 0.763374 2.31442 0.00606368 282 4 1 7.80169e-07 
0.216318 0.231862 3.03699 0.0025 0.818749 0.755823 2.30785 0.00610688 283 4 1 7.65786e-07 
0.219382 0.240106 3.063 0.0025 0.812856 0.748222 2.30119 0.00615115 284 4 1 8.73895e-07 
0.222469 0.248344 2.98661 0.0025 0.80698 0.740662 2.29453 0.00619594 285 4 1 8.98827e-07 
0.225579 0.256542 3.00047 0.0025 0.801131 0.733153 2.28786 0.00624117 286 4 1 7.96341e-07 
0.228711 0.264953 3.05845 0.0025 0.795219 0.725593 2.28109 0.00628757 287 4 1 8.7561e-07 
0.231866 0.273421 2.99598 0.0025 0.789295 0.718039 2.27428 0.00633476 288 4 1 9.50068e-07 
0.235045 0.281837 2.98479 0.0025 0.783406 0.710547 2.26748 0.00638239 289 4 1 8.834e-07 
0.238249 0.290355 3.00879 0.0025 0.777492 0.703048 2.26062 0.00643094 290 4 1 8.78572e-07 
0.241476 0.299023 3.02339 0.0025 0.771535 0.695521 2.25367 0.00648059 291 4 1 9.53971e-07 
0.244729 0.307711 2.97836 0.0025 0.765582 0.688019 2.2467 0.00653098 292 4 1 9.70689e-07 
0.248008 0.316429 2.99378 0.0025 0.759632 0.680544 2.2397 0.00658213 293 4 1 9.31456e-07 
0.251312 0.325322 3.00695 0.0025 0.753647 0.673051 2.23263 0.0066344 294 4 1 9.91617e-07 
0.254642 0.334223 2.97422 0.0025 0.74766 0.665578 2.22551 0.00668753 295 4 1 1.02129e-06 
0.257999 0.343178 2.97192 0.0025 0.74168 0.658135 2.21838 0.00674145 296 4 1 9.88476e-07 
0.261384 0.352238 2.99047 0.0025 0.735671 0.650684 2.21117 0.00679651 297 4 1 1.01933e-06 
0.264796 0.361391 2.97384 0.0025 0.729644 0.643233 2.20391 0.00685266 298 4 1 1.06336e-06 
0.268236 0.370584 2.96703 0.0025 0.723614 0.635804 2.19661 0.00690976 299 4 1 1.05524e-06 
0.271706 0.379899 2.97888 0.0025 0.717566 0.628377 2.18924 0.006968 300 4 1 1.09708e-06 
0.275205 0.389268 2.94466 0.0025 0.711518 0.620975 2.18184 0.00702723 301 4 1 1.12421e-06 
0.278733 0.39867 2.9487 0.0025 0.705478 0.613608 2.17442 0.00708739 302 4 1 1.12182e-06 
0.282292 0.408175 2.92997 0.0025 0.699439 0.606268 2.16695 0.00714859 303 4 1 1.17416e-06 
0.285882 0.417671 2.89524 0.0025 0.69343 0.598989 2.15949 0.00721053 304 4 1 1.17501e-06 
0.289503 0.42719 2.88832 0.0025 0.687449 0.591771 2.15202 0.00727326 305 4 1 1.20606e-06 
0.293155 0.43672 2.82547 0.0025 0.681524 0.584645 2.14458 0.0073365 306 4 1 1.26413e-06 
0.296839 0.446105 2.75657 0.0025 0.675705 0.577668 2.13724 0.00739968 307 4 1 1.23088e-06 
0.300555 0.4554 2.7107 0.0025 0.669985 0.570834 2.12998 0.00746285 308 4 1 1.20209e-06 
0.304302 0.464607 2.64908 0.0025 0.664361 0.564138 2.12281 0.00752603 309 4 1 1.20261e-06 
0.308081 0.473651 2.57879 0.0025 0.65885 0.557596 2.11575 0.00758899 310 4 1 1.15312e-06 
0.311891 0.482632 2.53862 0.0025 0.65343 0.551183 2.10878 0.00765193 311 4 1 1.08464e-06 
0.315733 0.491563 2.51201 0.0025 0.648062 0.544853 2.10183 0.00771531 312 4 1 1.02727e-06 
0.319607 0.500558 2.5188 0.0025 0.6427 0.53855 2.09486 0.00777969 313 4 1 9.97232e-07 
0.323513 0.509678 2.52312 0.0025 0.637309 0.532237 2.08782 0.00784548 314 4 1 9.94187e-07 
0.327453 0.518915 2.55123 0.0025 0.631866 0.525883 2.08067 0.00791307 315 4 1 9.90583e-07 
0.331426 0.528399 2.58765 0.0025 0.626338 0.519453 2.07337 0.00798291 316 4 1 1.02273e-06 
0.335436 0.538102 2.62654 0.0025 0.620712 0.512934 2.0659 0.00805526 317 4 1 1.07723e-06 
0.339482 0.548045 2.65995 0.0025 0.614988 0.506324 2.05826 0.00813024 318 4 1 1.13205e-06 
0.343566 0.558247 2.70276 0.0025 0.60916 0.49962 2.05044 0.00820802 319 4 1 1.18928e-06 
0.34769 0.568756 2.74322 0.0025 0.603227 0.492823 2.04243 0.00828876 320 4 1 1.28952e-06 
0.351855 0.579467 2.75756 0.0025 0.597215 0.485963 2.03426 0.0083722 321 4 1 1.3976e-06 
0.356062 0.590369 2.76203 0.0025 0.591164 0.479088 2.026 0.00845788 322 4 1 1.50562e-06 
0.360313 0.601328 2.73114 0.0025 0.585133 0.472265 2.01771 0.00854506 323 4 1 1.65541e-06 
0.364608 0.612167 2.63313 0.0025 0.579231 0.465617 2.00954 0.00863213 324 4 1 1.8091e-06 
0.368946 0.622556 2.45168 0.0025 0.573612 0.459312 2.00172 0.00871669 325 4 1 1.87456e-06 
0.373325 0.632242 2.21958 0.0025 0.568417 0.453502 1.99445 0.00879636 326 4 1 1.80286e-06 
0.377742 0.640989 1.96773 0.0025 0.563724 0.448269 1.98785 0.00886958 327 4 1 1.60449e-06 
0.382194 0.648855 1.75056 0.0025 0.559534 0.443609 1.98193 0.008936 328 4 1 1.3725e-06 
0.386678 0.655853 1.5488 0.0025 0.555812 0.439483 1.97665 0.00899584 329 4 1 1.1986e-06 
0.39119 0.662095 1.35948 0.0025 0.552548 0.435878 1.97199 0.00904899 330 4 1 1.16583e-06 
0.395727 0.667371 1.07202 0.0025 0.549832 0.43289 1.96811 0.00909368 331 4 1 1.25427e-06 
0.400284 0.671182 0.673131 0.0025 0.547854 0.430713 1.96528 0.00912652 332 4 1 1.14111e-06 
0.404854 0.673375 0.337954 0.0025 0.546648 0.429375 1.96355 0.00914665 333 4 1 7.29456e-07 
0.409431 0.674497 0.190951 0.0025 0.545982 0.428631 1.9626 0.00915781 334 4 1 3.42873e-07 
0.414012 0.675244 0.134947 0.0025 0.545585 0.428192 1.96203 0.00916447 335 4 1 2.42705e-07 
0.418595 0.675614 0.0268831 0.0025 0.545385 0.427971 1.96175 0.00916784 336 4 1 2.00375e-07 
0.423179 0.675601 -0.0178978 0.0025 0.545348 0.427925 1.9617 0.00916846 337 5 1 6.47336e-08 
0.427764 0.675569 -0.0138802 0.0025 0.545365 0.427943 1.96173 0.00916817 338 4 1 1.68788e-08 
0.432348 0.675494 -0.0252642 0.0025 0.545397 0.42798 1.96178 0.00916763 339 4 1 2.61802e-08 
0.436931 0.67538 -0.0313705 0.0025 0.545451 0.42804 1.96186 0.00916672 340 4 1 1.73268e-08 
0.441514 0.67524 -0.0347813 0.0025 0.545519 0.428115 1.96196 0.00916558 341 4 1 1.21095e-08 
0.446097 0.675086 -0.0369647 0.0025 0.545597 0.428201 1.96207 0.00916428 342 4 1 5.41109e-09 
0.450679 0.674928 -0.0372018 0.0025 0.545679 0.428292 1.9622 0.0091629 343 4 1 4.90335e-10 
0.45526 0.674771 -0.0358866 0.0025 0.545761 0.428383 1.96232 0.00916152 344 4 1 -2.27248e-09 
0.45984 0.674619 -0.0336582 0.0025 0.545841 0.428471 1.96244 0.00916018 345 4 1 -5.44008e-09 
0.46442 0.674476 -0.0308648 0.0025 0.545915 0.428554 1.96255 0.00915893 346 4 1 -7.8307e-09 
0.468999 0.674342 -0.0278429 0.0025 0.545983 0.42863 1.96265 0.00915779 347 4 1 -7.88053e-09 
0.473578 0.67422 -0.0247776 0.0025 0.546045 0.428699 1.96275 0.00915675 348 4 1 -7.51362e-09 
0.478156 0.674107 -0.0216792 0.0025 0.546099 0.42876 1.96283 0.00915584 349 4 1 -8.17541e-09 
0.482734 0.674004 -0.0187469 0.0025 0.546147 0.428813 1.9629 0.00915504 350 4 1 -7.33364e-09 
0.487311 0.67391 -0.0163756 0.0025 0.546189 0.42886 1.96297 0.00915434 351 4 1 -4.86203e-09 
0.491888 0.673826 -0.0147181 0.0025 0.546226 0.428902 1.96303 0.00915372 352 4 1 -3.36539e-09 
0.496465 0.673754 -0.0135137 0.0025 0.54626 0.428941 1.96308 0.00915315 353 4 1 -4.24005e-09 
0.501041 0.673691 -0.0123979 0.0025 0.546291 0.428976 1.96313 0.00915264 354 4 1 -3.87391e-09 
0.505617 0.673635 -0.0112157 0.0025 0.546318 0.429007 1.96318 0.00915218 355 4 1 -2.48011e-09 
0.510193 0.673586 -0.0100264 0.0025 0.546342 0.429035 1.96322 0.00915177 356 4 1 -3.17447e-09 
0.514769 0.673542 -0.00894118 0.0025 0.546364 0.429061 1.96326 0.00915141 357 4 1 -3.37791e-09 
0.519345 0.673503 -0.00801257 0.0025 0.546383 0.429083 1.96329 0.00915109 358 4 1 -1.9011e-09 
0.52392 0.673467 -0.00722773 0.0025 0.5464 0.429103 1.96332 0.00915081 359 4 1 -1.29813e-09 
0.528495 0.673435 -0.00655176 0.0025 0.546415 0.429122 1.96335 0.00915056 360 4 1 -2.48576e-09 
0.533071 0.673406 -0.00595847 0.0025 0.546428 0.429138 1.96338 0.00915033 361 4 1 -1.46345e-09 
0.537646 0.67338 -0.0054303 0.0025 0.54644 0.429153 1.9634 0.00915013 362 4 1 1.45699e-11 
0.542221 0.673357 -0.0049484 0.0025 0.546451 0.429167 1.96343 0.00914995 363 4 1 -2.18421e-09 
0.546796 0.673336 -0.00449523 0.0025 0.54646 0.429179 1.96345 0.0091498 364 4 1 -1.417e-09 
0.551371 0.673316 -0.00406726 0.0025 0.546468 0.429191 1.96347 0.00914966 365 4 1 1.03755e-09 
0.555945 0.673298 -0.00367957 0.0025 0.546475 0.429201 1.9635 0.00914954 366 4 1 -1.73517e-09 
0.56052 0.673281 -0.0033532 0.0025 0.546481 0.42921 1.96352 0.00914944 367 4 1 -1.57925e-09 
0.565095 0.673266 -0.00309468 0.0025 0.546487 0.429218 1.96353 0.00914935 368 4 1 1.39003e-09 
0.569669 0.673252 -0.00288585 0.0025 0.546492 0.429226 1.96355 0.00914927 369 4 1 -9.92897e-13 
0.574244 0.673239 -0.0026935 0.0025 0.546495 0.429234 1.96357 0.00914921 370 4 1 -1.26745e-09 
0.578819 0.673228 -0.00249158 0.0025 0.546499 0.42924 1.96359 0.00914915 371 4 1 3.56296e-10 
0.583393 0.673217 -0.00227828 0.0025 0.546501 0.429247 1.96361 0.00914911 372 4 1 7.38538e-10 
0.587968 0.673207 -0.00207383 0.0025 0.546503 0.429252 1.96363 0.00914908 373 4 1 -7.7445e-10 
0.592542 0.673198 -0.00190143 0.0025 0.546504 0.429257 1.96365 0.00914906 374 4 1 4.1049e-10 
0.597117 0.673189 -0.00176787 0.0025 0.546505 0.429262 1.96367 0.00914905 375 4 1 1.21404e-09 
0.601691 0.673181 -0.00166 0.0025 0.546505 0.429267 1.96369 0.00914904 376 3 1 -4.15775e-10 
0.606266 0.673174 -0.00155767 0.0025 0.546505 0.429271 1.96371 0.00914905 377 4 1 8.05947e-10 
0.61084 0.673167 -0.00144966 0.0025 0.546504 0.429275 1.96373 0.00914907 378 4 1 9.35027e-10 
0.615415 0.673161 -0.00133913 0.0025 0.546502 0.429278 1.96375 0.00914909 379 4 1 9.28064e-10 
0.619989 0.673155 -0.00123672 0.0025 0.5465 0.429282 1.96378 0.00914913 380 4 1 2.48981e-09 
0.624564 0.673149 -0.00114977 0.0025 0.546497 0.429285 1.9638 0.00914919 381 4 1 -1.3728e-09 
0.629139 0.673144 -0.00107714 0.0025 0.546493 0.429288 1.96383 0.00914924 382 4 1 1.31969e-09 
0.633713 0.673139 -0.00101183 0.0025 0.546489 0.42929 1.96386 0.00914931 383 4 1 4.74321e-09 
0.638288 0.673135 -0.000947502 0.0025 0.546484 0.429293 1.96389 0.0091494 384 4 1 -1.74196e-09 
0.642863 0.673131 -0.000882965 0.0025 0.546478 0.429295 1.96392 0.00914949 385 4 1 1.96586e-09 
0.647437 0.673127 -0.000821743 0.0025 0.546472 0.429298 1.96395 0.0091496 386 4 1 3.43464e-09 
0.652012 0.673124 -0.000768185 0.0025 0.546465 0.4293 1.96399 0.00914972 387 4 1 2.73528e-09 
0.656587 0.67312 -0.000723659 0.0025 0.546456 0.429302 1.96403 0.00914987 388 4 1 4.63054e-09 
0.661162 0.673117 -0.000685778 0.0025 0.546446 0.429304 1.96407 0.00915003 389 4 1 -2.32781e-09 
0.665737 0.673115 -0.00065078 0.0025 0.546436 0.429305 1.96411 0.0091502 390 4 1 5.39238e-09 
0.670312 0.673112 -0.000616635 0.0025 0.546425 0.429307 1.96416 0.00915039 391 4 1 4.68558e-09 
0.674888 0.67311 -0.000584157 0.0025 0.546412 0.429309 1.96422 0.00915061 392 4 1 8.16502e-09 
0.679463 0.673107 -0.000555414 0.0025 0.546399 0.429313 1.96428 0.00915082 393 4 1 -3.56947e-09 
0.684038 0.673105 -0.00053122 0.0025 0.546377 0.429315 1.96434 0.00915119 394 4 1 1.4368e-07 
0.688614 0.673103 -0.000510051 0.0025 0.546367 0.429346 1.96458 0.00915136 395 4 1 -1.38723e-07 
0.69319 0.673102 -0.0004892 0.0025 0.54597 0.429192 1.96464 0.00915802 396 5 1 3.48582e-06 
0.697772 0.6731 -0.000466789 0.0025 0.548235 0.430857 1.9685 0.00912017 397 3 1 -1.90586e-05 
0.70231 0.673099 -0.000443015 0.0025 0.536906 0.426188 1.95004 0.00931261 398 4 1 0.000179252 
0.707091 0.673097 -0.000417222 0.0025 0.51105 0.432725 2.1525 0.00978378 399 4 1 -0.000134226 
0.712101 0.673096 -0.0003896 0.0025 0.482805 0.424501 2.15549 0.0103562 400 4 1 0.000266083 
0.717461 0.673095 -0.000358467 0.0025 0.454321 0.432945 2.44417 0.0110054 401 4 1 -0.000240409 
0.723117 0.673093 -0.000320777 0.0025 0.447023 0.427281 2.38026 0.0111851 402 5 1 5.38086e-05 
0.728648 0.673092 -0.000276136 0.0025 0.452455 0.429652 2.37464 0.0110508 403 4 1 -3.01283e-06 
0.734168 0.67309 -0.000223889 0.0025 0.453637 0.429323 2.36525 0.011022 404 4 1 3.91263e-06 
0.73967 0.673089 -0.000166228 0.0025 0.454718 0.429382 2.36046 0.0109958 405 4 1 1.27143e-06 
0.745163 0.673087 -0.000106593 0.0025 0.455341 0.429356 2.35716 0.0109808 406 4 1 8.42798e-07 
0.750651 0.673085 -4.81983e-05 0.0025 0.455785 0.429344 2.35486 0.0109701 407 4 1 5.44267e-07 
0.756133 0.673083 6.1556e-06 0.0025 0.456106 0.429337 2.3532 0.0109624 408 4 1 3.49026e-07 
0.761613 0.673081 5.37123e-05 0.0025 0.456346 0.429332 2.35196 0.0109566 409 4 1 2.46703e-07 
0.76709 0.673079 9.15424e-05 0.0025 0.456531 0.429329 2.35101 0.0109522 410 4 1 1.77262e-07 
0.772565 0.673077 0.000116985 0.0025 0.456674 0.429327 2.35027 0.0109487 411 4 1 1.30965e-07 
0.778039 0.673075 0.000128581 0.0025 0.456788 0.429325 2.34968 0.010946 412 4 1 9.8121e-08 
0.783511 0.673073 0.000126901 0.0025 0.456878 0.429324 2.34921 0.0109438 413 4 1 7.55465e-08 
0.788983 0.673071 0.000114735 0.0025 0.456951 0.429323 2.34883 0.0109421 414 4 1 5.89595e-08 
0.794453 0.67307 9.64772e-05 0.0025 0.457011 0.429323 2.34853 0.0109407 415 4 1 4.6511e-08 
0.799923 0.673068 7.69884e-05 0.0025 0.45706 0.429322 2.34827 0.0109395 416 4 1 3.71155e-08 
0.805393 0.673067 6.04222e-05 0.0025 0.4571 0.429322 2.34807 0.0109385 417 4 1 2.98787e-08 
0.810862 0.673065 4.94469e-05 0.0025 0.457134 0.429321 2.34789 0.0109377 418 4 1 2.41886e-08 
0.81633 0.673064 4.50455e-05 0.0025 0.457161 0.429321 2.34775 0.0109371 419 4 1 1.97223e-08 
0.821799 0.673063 4.68146e-05 0.0025 0.457184 0.429321 2.34763 0.0109365 420 4 1 1.61857e-08 
0.827267 0.673062 5.3526e-05 0.0025 0.457204 0.429321 2.34753 0.010936 421 4 1 1.33763e-08 
0.832735 0.673061 6.36963e-05 0.0025 0.45722 0.42932 2.34745 0.0109357 422 4 1 1.11087e-08 
0.838203 0.67306 7.60077e-05 0.0025 0.457234 0.42932 2.34738 0.0109353 423 4 1 9.23772e-09 
0.84367 0.673059 8.95612e-05 0.0025 0.457245 0.42932 2.34732 0.0109351 424 4 1 7.73108e-09 
0.849138 0.673058 0.000104059 0.0025 0.457255 0.42932 2.34727 0.0109348 425 4 1 6.51259e-09 
0.854605 0.673057 0.000120048 0.0025 0.457263 0.429319 2.34722 0.0109346 426 4 1 5.14254e-09 
0.860072 0.673056 0.000139355 0.0025 0.457269 0.429319 2.34719 0.0109345 427 4 1 3.94651e-09 
0.865539 0.673054 0.00016598 0.0025 0.457275 0.429318 2.34716 0.0109343 428 4 1 3.60297e-09 
0.871007 0.673053 0.000208251 0.0025 0.45728 0.429318 2.34713 0.0109342 429 4 1 3.25716e-09 
0.876474 0.673051 0.000284176 0.0025 0.457283 0.429317 2.34711 0.0109341 430 4 1 2.23005e-09 
0.881941 0.673049 0.000434304 0.0025 0.457286 0.429316 2.34708 0.0109341 431 4 1 8.18238e-10 
0.887408 0.673045 0.00075279 0.0025 0.457287 0.429313 2.34706 0.010934 432 3 1 -1.41713e-09 
0.892875 0.673038 0.00146078 0.0025 0.457286 0.429308 2.34704 0.0109341 433 4 1 -6.13543e-09 
0.898342 0.673024 0.00308234 0.0025 0.45728 0.429296 2.34701 0.0109342 434 4 1 -1.69095e-08 
0.903809 0.672993 0.00686219 0.0025 0.457262 0.42927 2.34696 0.0109346 435 4 1 -4.20697e-08 
0.909277 0.672921 0.0157538 0.0025 0.457219 0.429209 2.34687 0.0109357 436 4 1 -1.01186e-07 
0.914745 0.672755 0.0367387 0.0025 0.457116 0.429067 2.34664 0.0109381 437 4 1 -2.401e-07 
0.920215 0.672365 0.0862461 0.0025 0.456871 0.428731 2.34613 0.010944 438 4 1 -5.60724e-07 
0.925689 0.671447 0.202557 0.0025 0.456294 0.427947 2.34494 0.0109578 439 4 1 -1.27551e-06 
0.931172 0.669312 0.467031 0.0025 0.454961 0.426142 2.34219 0.01099 440 4 1 -2.7777e-06 
0.936679 0.664388 1.07368 0.0025 0.451958 0.422108 2.33598 0.011063 441 4 1 -5.34016e-06 
0.942236 0.653595 2.25711 0.0025 0.445606 0.413642 2.32272 0.0112207 442 4 1 -9.08993e-06 
0.9479 0.630767 4.84908 0.0025 0.432915 0.397029 2.29564 0.0115496 443 4 1 -8.87544e-06 
0.95379 0.585386 8.74885 0.0025 0.410714 0.368451 2.24626 0.0121739 444 4 1 2.20412e-06 
0.96009 0.504417 16.5767 0.0025 0.375338 0.324362 2.16126 0.0133213 445 4 1 4.33595e-05 
0.967166 0.349159 28.9136 0.0025 0.327517 0.267632 2.03275 0.0152664 446 4 1 0.000158753 
0.975494 0.149374 26.7315 0.0025 0.282703 0.216489 1.8981 0.0176864 447 4 1 0.000260197 
0.984976 0.0229545 10.5509 0.0025 0.257174 0.188034 1.81714 0.0194421 448 4 1 0.000159229 
0.994965 -0.00542164 1.00884 0.0025 0.249278 0.179173 1.79294 0.0200579 449 4 1 3.52576e-05 
1.00504 0.00542164 -1.00884 0.0025 0.249278 0.179173 1.79294 0.0200579 450 4 1 3.52576e-05 
1.01502 -0.0229545 -10.5509 0.0025 0.257174 0.188034 1.81714 0.0194421 451 4 1 0.000159229 
1.02451 -0.149374 -26.7315 0.0025 0.282703 0.216489 1.8981 0.0176864 452 4 1 0.000260197 
1.03283 -0.349159 -28.9136 0.0025 0.327517 0.267632 2.03275 0.0152664 453 4 1 0.000158753 
1.03991 -0.504417 -16.5767 0.0025 0.375338 0.324362 2.16126 0.0133213 454 4 1 4.33595e-05 
1.04621 -0.585386 -8.74885 0.0025 0.410714 0.368451 2.24626 0.0121739 455 4 1 2.20412e-06 
1.0521 -0.630767 -4.84908 0.0025 0.432915 0.397029 2.29564 0.0115496 456 4 1 -8.87544e-06 
1.05776 -0.653595 -2.25711 0.0025 0.445606 0.413642 2.32272 0.0112207 457 4 1 -9.08993e-06 
1.06332 -0.664388 -1.07368 0.0025 0.451958 0.422108 2.33598 0.011063 458 4 1 -5.34016e-06 
1.06883 -0.669312 -0.467031 0.0025 0.454961 0.426142 2.34219 0.01099 459 4 1 -2.7777e-06 
1.07431 -0.671447 -0.202557 0.0025 0.456294 0.427947 2.34494 0.0109578 460 4 1 -1.27551e-06 
1.07979 -0.672365 -0.0862461 0.0025 0.456871 0.428731 2.34613 0.010944 461 4 1 -5.60724e-07 
1.08526 -0.672755 -0.0367387 0.0025 0.457116 0.429067 2.34664 0.0109381 462 4 1 -2.401e-07 
1.09072 -0.672921 -0.0157538 0.0025 0.457219 0.429209 2.34687 0.0109357 463 4 1 -1.01186e-07 
1.09619 -0.672993 -0.00686219 0.0025 0.457262 0.42927 2.34696 0.0109346 464 4 1 -4.20697e-08 
1.10166 -0.673024 -0.00308234 0.0025 0.45728 0.429296 2.34701 0.0109342 465 4 1 -1.69095e-08 
1.10713 -0.673038 -0.00146078 0.0025 0.457286 0.429308 2.34704 0.0109341 466 4 1 -6.13543e-09 
1.11259 -0.673045 -0.00075279 0.0025 0.457287 0.429313 2.34706 0.010934 467 3 1 -1.41713e-09 
1.11806 -0.673049 -0.000434304 0.0025 0.457286 0.429316 2.34708 0.0109341 468 4 1 8.18238e-10 
1.12353 -0.673051 -0.000284176 0.0025 0.457283 0.429317 2.34711 0.0109341 469 4 1 2.23005e-09 
1.12899 -0.673053 -0.000208251 0.0025 0.45728 0.429318 2.34713 0.0109342 470 4 1 3.25716e-09 
1.13446 -0.673054 -0.00016598 0.0025 0.457275 0.429318 2.34716 0.0109343 471 4 1 3.60297e-09 
1.13993 -0.673056 -0.000139355 0.0025 0.457269 0.429319 2.34719 0.0109345 472 4 1 3.94651e-09 
1.14539 -0.673057 -0.000120048 0.0025 0.457263 0.429319 2.34722 0.0109346 473 4 1 5.14255e-09 
1.15086 -0.673058 -0.000104059 0.0025 0.457255 0.42932 2.34727 0.0109348 474 4 1 6.51259e-09 
1.15633 -0.673059 -8.95612e-05 0.0025 0.457245 0.42932 2.34732 0.0109351 475 4 1 7.73108e-09 
1.1618 -0.67306 -7.60078e-05 0.0025 0.457234 0.42932 2.34738 0.0109353 476 4 1 9.23772e-09 
1.16727 -0.673061 -6.36963e-05 0.0025 0.45722 0.42932 2.34745 0.0109357 477 4 1 1.11087e-08 
1.17273 -0.673062 -5.3526e-05 0.0025 0.457204 0.429321 2.34753 0.010936 478 4 1 1.33763e-08 
1.1782 -0.673063 -4.68146e-05 0.0025 0.457184 0.429321 2.34763 0.0109365 479 4 1 1.61857e-08 
1.18367 -0.673064 -4.50455e-05 0.0025 0.457161 0.429321 2.34775 0.0109371 480 4 1 1.97223e-08 
1.18914 -0.673065 -4.94469e-05 0.0025 0.457134 0.429321 2.34789 0.0109377 481 4 1 2.41886e-08 
1.19461 -0.673067 -6.04222e-05 0.0025 0.4571 0.429322 2.34807 0.0109385 482 4 1 2.98787e-08 
1.20008 -0.673068 -7.69885e-05 0.0025 0.45706 0.429322 2.34827 0.0109395 483 4 1 3.71155e-08 
1.20555 -0.67307 -9.64772e-05 0.0025 0.457011 0.429323 2.34853 0.0109407 484 4 1 4.6511e-08 
1.21102 -0.673071 -0.000114735 0.0025 0.456951 0.429323 2.34883 0.0109421 485 4 1 5.89595e-08 
1.21649 -0.673073 -0.000126901 0.0025 0.456878 0.429324 2.34921 0.0109438 486 4 1 7.55465e-08 
1.22196 -0.673075 -0.000128581 0.0025 0.456788 0.429325 2.34968 0.010946 487 4 1 9.8121e-08 
1.22743 -0.673077 -0.000116985 0.0025 0.456674 0.429327 2.35027 0.0109487 488 4 1 1.30965e-07 
1.23291 -0.673079 -9.15424e-05 0.0025 0.456531 0.429329 2.35101 0.0109522 489 4 1 1.77262e-07 
1.23839 -0.673081 -5.37123e-05 0.0025 0.456346 0.429332 2.35196 0.0109566 490 4 1 2.46703e-07 
1.24387 -0.673083 -6.15558e-06 0.0025 0.456106 0.429337 2.3532 0.0109624 491 4 1 3.49026e-07 
1.24935 -0.673085 4.81983e-05 0.0025 0.455785 0.429344 2.35486 0.0109701 492 4 1 5.44267e-07 
1.25484 -0.673087 0.000106593 0.0025 0.455341 0.429356 2.35716 0.0109808 493 4 1 8.42798e-07 
1.26033 -0.673089 0.000166227 0.0025 0.454718 0.429382 2.36046 0.0109958 494 4 1 1.27143e-06 
1.26583 -0.67309 0.000223889 0.0025 0.453637 0.429323 2.36525 0.011022 495 4 1 3.91263e-06 
1.27135 -0.673092 0.000276136 0.0025 0.452455 0.429652 2.37464 0.0110508 496 4 1 -3.01283e-06 
1.27688 -0.673093 0.000320777 0.0025 0.447023 0.427281 2.38026 0.0111851 497 5 1 5.38086e-05 
1.28254 -0.673095 0.000358467 0.0025 0.454321 0.432945 2.44417 0.0110054 498 4 1 -0.000240409 
1.2879 -0.673096 0.0003896 0.0025 0.482805 0.424501 2.15549 0.0103562 499 4 1 0.000266083 
