# Time [s]: 0.32828
# Columns: pos [m], vel [m/s], acc [m/s^2], mass [kg], dens [kg/m^3], pres [Pa], ene [J/kg], sml [m], id, neighbor, alpha, gradh, ...additional?
1.28126 -0.673091 0.000323491 0.0025 0.511052 0.432728 2.1525 0.00978374 0 4 1 -0.000134225 
1.28604 -0.673092 0.000335344 0.0025 0.536909 0.42619 1.95004 0.00931257 1 4 1 0.000179252 
1.29058 -0.673093 0.00034831 0.0025 0.548238 0.43086 1.9685 0.00912012 2 3 1 -1.90586e-05 
1.29516 -0.673094 0.000363794 0.0025 0.545973 0.429195 1.96465 0.00915796 3 5 1 3.48577e-06 
1.29974 -0.673096 0.000381319 0.0025 0.546371 0.429349 1.96458 0.0091513 4 4 1 -1.38716e-07 
1.30431 -0.673097 0.000400049 0.0025 0.546381 0.429319 1.96435 0.00915113 5 4 1 1.43689e-07 
1.30889 -0.673099 0.000419738 0.0025 0.546403 0.429317 1.96429 0.00915075 6 4 1 -3.55493e-09 
1.31347 -0.673101 0.000441242 0.0025 0.546416 0.429314 1.96422 0.00915054 7 4 1 8.18614e-09 
1.31804 -0.673103 0.000465886 0.0025 0.546429 0.429312 1.96417 0.00915031 8 4 1 4.70844e-09 
1.32262 -0.673105 0.000494206 0.0025 0.546441 0.429311 1.96412 0.00915012 9 4 1 5.41228e-09 
1.32719 -0.673107 0.000525237 0.0025 0.546451 0.42931 1.96408 0.00914994 10 4 1 -2.30967e-09 
1.33177 -0.673109 0.000557191 0.0025 0.546462 0.429308 1.96403 0.00914977 11 4 1 4.6552e-09 
1.33634 -0.673112 0.000589208 0.0025 0.546471 0.429307 1.964 0.00914962 12 4 1 2.77532e-09 
1.34092 -0.673115 0.000622695 0.0025 0.546479 0.429305 1.96396 0.00914949 13 4 1 3.4907e-09 
1.34549 -0.673118 0.000660816 0.0025 0.546485 0.429303 1.96393 0.00914938 14 4 1 2.02757e-09 
1.35006 -0.673121 0.000706092 0.0025 0.546492 0.429302 1.9639 0.00914927 15 4 1 -1.68842e-09 
1.35464 -0.673124 0.000757912 0.0025 0.546497 0.4293 1.96387 0.00914917 16 4 1 4.78443e-09 
1.35921 -0.673128 0.000812433 0.0025 0.546502 0.429298 1.96384 0.00914909 17 4 1 1.36102e-09 
1.36379 -0.673132 0.000865806 0.0025 0.546506 0.429295 1.96382 0.00914903 18 4 1 -1.31006e-09 
1.36836 -0.673136 0.000918543 0.0025 0.54651 0.429293 1.96379 0.00914896 19 4 1 2.58508e-09 
1.37294 -0.673141 0.000977013 0.0025 0.546513 0.429291 1.96377 0.00914891 20 4 1 1.0417e-09 
1.37751 -0.673145 0.00104962 0.0025 0.546516 0.429288 1.96375 0.00914887 21 4 1 1.03324e-09 
1.38209 -0.673151 0.00113987 0.0025 0.546518 0.429285 1.96373 0.00914884 22 4 1 8.62636e-10 
1.38666 -0.673156 0.00124224 0.0025 0.546519 0.429282 1.96371 0.00914881 23 4 1 -3.89415e-10 
1.39123 -0.673162 0.00134531 0.0025 0.54652 0.429279 1.96369 0.0091488 24 4 1 1.26216e-09 
1.39581 -0.673169 0.0014406 0.0025 0.54652 0.429275 1.96367 0.00914879 25 3 1 5.39544e-10 
1.40038 -0.673176 0.00153034 0.0025 0.54652 0.429271 1.96366 0.00914879 26 4 1 -5.47197e-10 
1.40496 -0.673183 0.00162746 0.0025 0.54652 0.429267 1.96364 0.0091488 27 4 1 1.0169e-09 
1.40953 -0.673191 0.00174745 0.0025 0.546519 0.429263 1.96362 0.00914881 28 4 1 6.03156e-10 
1.41411 -0.6732 0.00189832 0.0025 0.546517 0.429258 1.96361 0.00914884 29 4 1 -1.10773e-09 
1.41868 -0.67321 0.00207641 0.0025 0.546516 0.429253 1.96359 0.00914887 30 4 1 8.94917e-11 
1.42326 -0.67322 0.00227055 0.0025 0.546513 0.429247 1.96357 0.00914891 31 4 1 1.49497e-09 
1.42783 -0.673231 0.00247072 0.0025 0.54651 0.429241 1.96356 0.00914897 32 4 1 -1.3656e-09 
1.4324 -0.673243 0.00267417 0.0025 0.546506 0.429234 1.96354 0.00914904 33 4 1 -1.36685e-09 
1.43698 -0.673256 0.00288582 0.0025 0.546501 0.429227 1.96352 0.00914911 34 4 1 1.53752e-09 
1.44155 -0.67327 0.00311545 0.0025 0.546496 0.429219 1.9635 0.00914919 35 4 1 -8.50351e-10 
1.44613 -0.673286 0.00337533 0.0025 0.54649 0.42921 1.96349 0.00914929 36 4 1 -1.60852e-09 
1.4507 -0.673303 0.00367705 0.0025 0.546484 0.429201 1.96347 0.0091494 37 4 1 5.86072e-10 
1.45528 -0.673321 0.00402217 0.0025 0.546476 0.429191 1.96345 0.00914953 38 4 1 -8.49705e-10 
1.45985 -0.673342 0.00438881 0.0025 0.546468 0.42918 1.96343 0.00914967 39 4 1 -1.71992e-09 
1.46443 -0.673364 0.00473052 0.0025 0.546458 0.429168 1.96341 0.00914983 40 4 1 -2.22538e-10 
1.469 -0.67339 0.0050073 0.0025 0.546448 0.429155 1.96338 0.00915 41 4 1 -3.79731e-10 
1.47358 -0.673419 0.00524215 0.0025 0.546437 0.429141 1.96336 0.00915019 42 4 1 -1.42966e-09 
1.47815 -0.673452 0.00555322 0.0025 0.546425 0.429126 1.96334 0.00915039 43 4 1 -1.08869e-09 
1.48273 -0.673489 0.00610617 0.0025 0.546412 0.42911 1.96331 0.00915061 44 4 1 -7.65419e-10 
1.4873 -0.673531 0.00700369 0.0025 0.546397 0.429092 1.96328 0.00915086 45 4 1 -2.97311e-09 
1.49188 -0.673576 0.00821758 0.0025 0.546379 0.429072 1.96325 0.00915115 46 4 1 -4.14727e-09 
1.49645 -0.673624 0.00964224 0.0025 0.546359 0.429049 1.96322 0.00915149 47 4 1 -3.45694e-09 
-0.49897 -0.673677 0.0112035 0.0025 0.546335 0.429021 1.96318 0.00915189 48 4 1 -4.23185e-09 
-0.494394 -0.673733 0.0128925 0.0025 0.546307 0.428989 1.96313 0.00915235 49 4 1 -5.52209e-09 
-0.489817 -0.673796 0.0147151 0.0025 0.546275 0.428953 1.96308 0.00915289 50 4 1 -5.58558e-09 
-0.485241 -0.673865 0.0166556 0.0025 0.546239 0.428912 1.96302 0.00915351 51 4 1 -4.96832e-09 
-0.480664 -0.673942 0.0186968 0.0025 0.546197 0.428865 1.96296 0.0091542 52 4 1 -5.95635e-09 
-0.476086 -0.674028 0.0208619 0.0025 0.54615 0.428812 1.96289 0.00915499 53 4 1 -6.986e-09 
-0.471509 -0.674126 0.0232281 0.0025 0.546098 0.428754 1.96281 0.00915586 54 4 1 -6.4898e-09 
-0.466931 -0.674234 0.0258404 0.0025 0.54604 0.42869 1.96272 0.00915683 55 4 1 -6.13027e-09 
-0.462352 -0.674353 0.0285648 0.0025 0.545976 0.428619 1.96263 0.0091579 56 4 1 -6.89212e-09 
-0.457773 -0.674483 0.031117 0.0025 0.545907 0.428541 1.96252 0.00915907 57 4 1 -6.19107e-09 
-0.453193 -0.674623 0.0332244 0.0025 0.545833 0.428459 1.96241 0.00916032 58 4 1 -3.02411e-09 
-0.448612 -0.674772 0.0346808 0.0025 0.545755 0.428373 1.96229 0.00916162 59 4 1 -6.77005e-10 
-0.444031 -0.674926 0.0353897 0.0025 0.545676 0.428285 1.96218 0.00916295 60 4 1 1.77047e-09 
-0.439449 -0.675079 0.0350788 0.0025 0.545599 0.4282 1.96206 0.00916425 61 4 1 6.06883e-09 
-0.434867 -0.675223 0.0330704 0.0025 0.545526 0.42812 1.96195 0.00916546 62 4 1 1.19034e-08 
-0.430284 -0.67535 0.0291442 0.0025 0.545463 0.42805 1.96186 0.00916652 63 4 1 1.79019e-08 
-0.4257 -0.675451 0.0221668 0.0025 0.545415 0.427996 1.96179 0.00916734 64 4 1 2.76163e-08 
-0.421117 -0.675516 0.0107541 0.0025 0.545389 0.427967 1.96175 0.00916777 65 4 1 1.80027e-08 
-0.416533 -0.675536 0.0127656 0.0025 0.545379 0.427957 1.96173 0.00916793 66 5 1 6.24827e-08 
-0.411949 -0.675552 -0.027268 0.0025 0.545423 0.42801 1.96179 0.0091672 67 4 1 2.03147e-07 
-0.407366 -0.675163 -0.139649 0.0025 0.545631 0.428241 1.96209 0.0091637 68 4 1 2.67437e-07 
-0.402785 -0.674348 -0.214652 0.0025 0.546055 0.428709 1.96269 0.00915658 69 4 1 3.43382e-07 
-0.398209 -0.673146 -0.346173 0.0025 0.546747 0.429479 1.96368 0.009145 70 4 1 6.58908e-07 
-0.39364 -0.671019 -0.640611 0.0025 0.547924 0.430785 1.96537 0.00912535 71 4 1 1.06318e-06 
-0.389084 -0.667408 -1.02807 0.0025 0.549824 0.432878 1.96809 0.00909382 72 4 1 1.21677e-06 
-0.384546 -0.662292 -1.32012 0.0025 0.552448 0.435765 1.97184 0.00905062 73 4 1 1.14307e-06 
-0.380033 -0.656207 -1.51596 0.0025 0.555624 0.43927 1.97637 0.0089989 74 4 1 1.11659e-06 
-0.375547 -0.649382 -1.68376 0.0025 0.559224 0.443259 1.98148 0.00894095 75 4 1 1.21624e-06 
-0.371092 -0.641888 -1.86643 0.0025 0.563224 0.447706 1.98713 0.00887746 76 4 1 1.40923e-06 
-0.36667 -0.633619 -2.08216 0.0025 0.567655 0.452645 1.99337 0.00880817 77 4 1 1.58656e-06 
-0.362283 -0.624577 -2.28804 0.0025 0.572526 0.45809 2.00019 0.00873323 78 4 1 1.67591e-06 
-0.357936 -0.614818 -2.46245 0.0025 0.577788 0.463991 2.00753 0.00865369 79 4 1 1.66103e-06 
-0.35363 -0.604603 -2.57545 0.0025 0.583342 0.470241 2.01522 0.0085713 80 4 1 1.5562e-06 
-0.349365 -0.594168 -2.62697 0.0025 0.589059 0.476699 2.0231 0.00848811 81 4 1 1.40779e-06 
-0.345141 -0.583753 -2.62416 0.0025 0.594821 0.483236 2.03099 0.00840589 82 4 1 1.3008e-06 
-0.340959 -0.573488 -2.61876 0.0025 0.600561 0.489775 2.03881 0.00832555 83 4 1 1.21344e-06 
-0.336816 -0.563398 -2.58898 0.0025 0.606245 0.496275 2.0465 0.00824749 84 4 1 1.12922e-06 
-0.332711 -0.553544 -2.5591 0.0025 0.611846 0.502704 2.05404 0.00817199 85 4 1 1.05292e-06 
-0.328643 -0.543944 -2.51382 0.0025 0.61735 0.509046 2.06141 0.00809913 86 4 1 1.00033e-06 
-0.324612 -0.534571 -2.48463 0.0025 0.622758 0.5153 2.06861 0.00802881 87 4 1 9.77191e-07 
-0.320614 -0.525381 -2.46104 0.0025 0.628086 0.521482 2.07567 0.00796069 88 4 1 9.22555e-07 
-0.316651 -0.516421 -2.42001 0.0025 0.633332 0.52759 2.08259 0.00789476 89 4 1 9.08085e-07 
-0.312719 -0.507633 -2.4127 0.0025 0.638511 0.53364 2.08938 0.00783072 90 4 1 9.07667e-07 
-0.30882 -0.498962 -2.39654 0.0025 0.643647 0.53966 2.09609 0.00776823 91 4 1 9.10226e-07 
-0.304951 -0.490394 -2.40423 0.0025 0.648761 0.545674 2.10273 0.007707 92 4 1 9.44608e-07 
-0.301113 -0.481863 -2.42439 0.0025 0.653888 0.551721 2.10936 0.00764657 93 4 1 9.73174e-07 
-0.297304 -0.473317 -2.45278 0.0025 0.659051 0.557832 2.11601 0.00758667 94 4 1 1.03297e-06 
-0.293526 -0.464716 -2.51426 0.0025 0.664289 0.56405 2.12272 0.00752684 95 4 1 1.09268e-06 
-0.289777 -0.455963 -2.57889 0.0025 0.669633 0.570412 2.12953 0.00746677 96 4 1 1.08391e-06 
-0.286059 -0.447134 -2.6111 0.0025 0.675063 0.576897 2.13642 0.00740672 97 4 1 1.09111e-06 
-0.282371 -0.438254 -2.6658 0.0025 0.680569 0.583496 2.14337 0.00734679 98 4 1 1.13779e-06 
-0.278712 -0.429233 -2.7318 0.0025 0.686172 0.590231 2.15042 0.0072868 99 4 1 1.09705e-06 
-0.275084 -0.420191 -2.74036 0.0025 0.691835 0.59706 2.1575 0.00722715 100 4 1 1.06235e-06 
-0.271485 -0.411178 -2.77096 0.0025 0.697526 0.603948 2.16458 0.00716819 101 4 1 1.06836e-06 
-0.267915 -0.402158 -2.79542 0.0025 0.703251 0.610896 2.17167 0.00710984 102 4 1 1.01621e-06 
-0.264375 -0.393222 -2.78587 0.0025 0.708977 0.617871 2.17872 0.00705242 103 4 1 1.00583e-06 
-0.260863 -0.384329 -2.81128 0.0025 0.714703 0.624869 2.18574 0.00699591 104 4 1 1.00534e-06 
-0.257379 -0.375479 -2.81745 0.0025 0.720438 0.631899 2.19274 0.00694022 105 4 1 9.62714e-07 
-0.253923 -0.366696 -2.81283 0.0025 0.726159 0.638935 2.19969 0.00688554 106 4 1 9.42358e-07 
-0.250493 -0.358011 -2.81549 0.0025 0.731865 0.645975 2.20659 0.00683186 107 4 1 9.52947e-07 
-0.247091 -0.349359 -2.83731 0.0025 0.737571 0.653036 2.21345 0.00677901 108 4 1 9.12776e-07 
-0.243714 -0.340775 -2.81484 0.0025 0.743261 0.660099 2.22027 0.00672711 109 4 1 8.81489e-07 
-0.240363 -0.332348 -2.81773 0.0025 0.748922 0.66715 2.22701 0.00667626 110 4 1 9.19777e-07 
-0.237038 -0.323903 -2.85144 0.0025 0.754594 0.674234 2.23375 0.00662608 111 4 1 8.9494e-07 
-0.233737 -0.315519 -2.84121 0.0025 0.760268 0.68134 2.24045 0.00657663 112 4 1 8.38742e-07 
-0.230461 -0.30723 -2.82612 0.0025 0.76591 0.68843 2.24708 0.00652819 113 4 1 8.4529e-07 
-0.227209 -0.299032 -2.84077 0.0025 0.771536 0.695522 2.25367 0.00648058 114 4 1 8.74483e-07 
-0.22398 -0.290826 -2.87124 0.0025 0.777178 0.702651 2.26025 0.00643353 115 4 1 8.17426e-07 
-0.220775 -0.282673 -2.83696 0.0025 0.782802 0.709778 2.26678 0.00638731 116 4 1 7.57982e-07 
-0.217593 -0.274726 -2.81586 0.0025 0.788375 0.716865 2.27322 0.00634216 117 4 1 8.36127e-07 
-0.214433 -0.26675 -2.8821 0.0025 0.793964 0.723991 2.27965 0.00629751 118 4 1 8.41844e-07 
-0.211295 -0.258728 -2.88004 0.0025 0.799584 0.731171 2.28609 0.00625325 119 4 1 7.37956e-07 
-0.20818 -0.250884 -2.83601 0.0025 0.805159 0.738319 2.29245 0.00620995 120 4 1 7.39815e-07 
-0.205085 -0.243127 -2.85206 0.0025 0.810702 0.745447 2.29875 0.00616749 121 4 1 8.00188e-07 
-0.202012 -0.235357 -2.89335 0.0025 0.81627 0.752623 2.30505 0.00612543 122 4 1 7.69791e-07 
-0.19896 -0.227585 -2.88314 0.0025 0.821844 0.759826 2.31134 0.00608388 123 4 1 6.8961e-07 
-0.195928 -0.219966 -2.84331 0.0025 0.82737 0.766987 2.31754 0.00604325 124 4 1 6.83774e-07 
-0.192917 -0.212462 -2.84352 0.0025 0.832855 0.774119 2.32367 0.00600344 125 4 1 7.57452e-07 
-0.189925 -0.204936 -2.9024 0.0025 0.838369 0.781304 2.32981 0.00596396 126 4 1 7.69743e-07 
-0.186952 -0.197337 -2.92224 0.0025 0.843922 0.788555 2.33598 0.00592472 127 4 1 6.46272e-07 
-0.184 -0.189905 -2.84391 0.0025 0.849423 0.795759 2.34205 0.00588635 128 4 1 6.13921e-07 
-0.181066 -0.182627 -2.84046 0.0025 0.854858 0.8029 2.34803 0.00584892 129 4 1 7.36015e-07 
-0.178151 -0.175333 -2.92478 0.0025 0.860334 0.810112 2.35404 0.00581169 130 4 1 7.65099e-07 
-0.175254 -0.167892 -2.96042 0.0025 0.865876 0.817421 2.3601 0.0057745 131 4 1 5.8309e-07 
-0.172376 -0.160641 -2.83365 0.0025 0.871342 0.82465 2.36604 0.00573827 132 4 1 5.04544e-07 
-0.169516 -0.153668 -2.79144 0.0025 0.876683 0.831743 2.37183 0.00570332 133 4 1 7.06692e-07 
-0.166673 -0.146627 -2.93217 0.0025 0.882078 0.838922 2.37765 0.00566844 134 4 1 8.0386e-07 
-0.163848 -0.139336 -3.00926 0.0025 0.887605 0.846283 2.38361 0.00563313 135 4 1 5.74226e-07 
-0.16104 -0.132176 -2.86365 0.0025 0.893075 0.853587 2.38947 0.00559863 136 4 1 4.18756e-07 
-0.158249 -0.125423 -2.76366 0.0025 0.898371 0.860689 2.39512 0.00556563 137 4 1 6.34257e-07 
-0.155474 -0.118647 -2.91456 0.0025 0.903689 0.867838 2.40078 0.00553288 138 4 1 8.19006e-07 
-0.152716 -0.11154 -3.05219 0.0025 0.909184 0.875227 2.40662 0.00549944 139 4 1 5.95428e-07 
-0.149975 -0.104463 -2.91338 0.0025 0.914663 0.882609 2.41241 0.00546649 140 4 1 3.19286e-07 
-0.147249 -0.0978886 -2.7158 0.0025 0.919904 0.889703 2.41792 0.00543535 141 4 1 4.79538e-07 
-0.144539 -0.0914746 -2.81649 0.0025 0.925067 0.896714 2.42334 0.00540501 142 4 1 7.8665e-07 
-0.141844 -0.0847186 -3.02849 0.0025 0.930425 0.903993 2.42895 0.00537389 143 4 1 7.11337e-07 
-0.139165 -0.0777543 -3.01234 0.0025 0.935903 0.911439 2.43466 0.00534243 144 4 1 3.69519e-07 
-0.136502 -0.071153 -2.77955 0.0025 0.941205 0.918672 2.44017 0.00531234 145 4 1 3.26897e-07 
-0.133853 -0.0649186 -2.73897 0.0025 0.946312 0.925669 2.44545 0.00528367 146 4 1 6.15447e-07 
-0.131218 -0.0585807 -2.91945 0.0025 0.951496 0.932784 2.4508 0.00525488 147 4 1 7.67008e-07 
-0.128598 -0.0518512 -3.07547 0.0025 0.956882 0.940175 2.45635 0.00522531 148 4 1 4.69594e-07 
-0.125993 -0.0452501 -2.85412 0.0025 0.962203 0.947487 2.4618 0.00519641 149 4 1 8.57816e-08 
-0.123402 -0.0393039 -2.5215 0.0025 0.967155 0.954328 2.46685 0.0051698 150 4 1 4.05564e-07 
-0.120823 -0.0336042 -2.77474 0.0025 0.972043 0.961115 2.47182 0.0051438 151 4 1 1.06549e-06 
-0.118258 -0.0269365 -3.34511 0.0025 0.977407 0.968534 2.4773 0.00511557 152 4 1 3.86944e-07 
-0.115707 -0.0202086 -2.68911 0.0025 0.98267 0.975788 2.48264 0.00508818 153 4 1 -8.29147e-07 
-0.113169 -0.0156288 -1.59819 0.0025 0.98685 0.981641 2.48679 0.00506663 154 4 1 6.29913e-07 
-0.110641 -0.0111133 -2.98844 0.0025 0.991238 0.987852 2.49119 0.0050442 155 4 1 2.67222e-06 
-0.108125 -0.00275118 -4.67799 0.0025 0.997477 0.996483 2.49756 0.00501265 156 4 1 -3.58538e-07 
-0.105628 0.00476098 -1.98933 0.0025 1.00298 1.00404 2.50308 0.00498517 157 4 1 -3.15361e-06 
-0.10314 0.00607054 0.384034 0.0025 1.00522 1.00732 2.50518 0.00497401 158 4 1 8.06641e-07 
-0.100654 0.00815138 -2.82991 0.0025 1.00791 1.01124 2.50785 0.00496075 159 4 1 3.61492e-06 
-0.0981793 0.0164942 -4.53857 0.0025 1.01363 1.01914 2.51367 0.00493276 160 4 1 -7.3303e-07 
-0.0957211 0.0227736 -1.55493 0.0025 1.01849 1.02587 2.51849 0.00490922 161 4 1 -2.77304e-06 
-0.09327 0.0241259 -0.0569518 0.0025 1.02024 1.02839 2.52015 0.00490081 162 4 1 -1.10746e-06 
-0.0908203 0.0242133 0.0461173 0.0025 1.02049 1.02879 2.52039 0.00489959 163 3 1 -3.48362e-07 
-0.0883704 0.0240158 0.124931 0.0025 1.02027 1.02848 2.52017 0.00490068 164 4 1 -3.16934e-07 
-0.0859196 0.0234344 0.336196 0.0025 1.01966 1.02762 2.51957 0.0049036 165 4 1 -3.436e-07 
-0.0834668 0.0223537 0.588217 0.0025 1.01864 1.02619 2.51856 0.00490851 166 4 1 -2.93438e-07 
-0.0810111 0.0208038 0.807298 0.0025 1.01725 1.02423 2.51719 0.00491521 167 4 1 -1.93815e-07 
-0.0785516 0.0188981 0.962058 0.0025 1.01559 1.0219 2.51554 0.00492324 168 4 1 -8.16395e-08 
-0.0760879 0.016776 1.04669 0.0025 1.01378 1.01934 2.51373 0.00493206 169 4 1 1.95121e-08 
-0.0736196 0.0145711 1.06793 0.0025 1.01191 1.01673 2.51188 0.00494113 170 4 1 9.86474e-08 
-0.0711467 0.0123959 1.03787 0.0025 1.0101 1.01417 2.51007 0.00495002 171 4 1 1.53073e-07 
-0.0686695 0.0103367 0.970034 0.0025 1.00839 1.01177 2.50837 0.00495841 172 4 1 1.8475e-07 
-0.0661883 0.00845333 0.877244 0.0025 1.00684 1.00959 2.50682 0.00496605 173 4 1 1.97719e-07 
-0.0637035 0.00678193 0.770649 0.0025 1.00547 1.00767 2.50546 0.00497281 174 4 1 1.96547e-07 
-0.0612155 0.00533849 0.659328 0.0025 1.00429 1.00602 2.50428 0.00497864 175 4 1 1.85492e-07 
-0.0587248 0.00412316 0.550254 0.0025 1.0033 1.00464 2.5033 0.00498353 176 4 1 1.68159e-07 
-0.056232 0.00312436 0.448425 0.0025 1.0025 1.00351 2.50249 0.00498754 177 4 1 1.47423e-07 
-0.0537373 0.00232251 0.357079 0.0025 1.00185 1.0026 2.50185 0.00499075 178 4 1 1.25483e-07 
-0.0512412 0.00169337 0.277949 0.0025 1.00135 1.00189 2.50134 0.00499327 179 4 1 1.03946e-07 
-0.048744 0.00121076 0.211544 0.0025 1.00096 1.00135 2.50096 0.0049952 180 4 1 8.39176e-08 
-0.046246 0.000848759 0.157448 0.0025 1.00067 1.00095 2.50067 0.00499664 181 4 1 6.60821e-08 
-0.0437474 0.0005832 0.114604 0.0025 1.00046 1.00065 2.50046 0.00499769 182 4 1 5.07821e-08 
-0.0412483 0.000392674 0.0815807 0.0025 1.00031 1.00044 2.50031 0.00499845 183 4 1 3.80935e-08 
-0.038749 0.000258987 0.0567901 0.0025 1.0002 1.00029 2.5002 0.00499898 184 4 1 2.78971e-08 
-0.0362494 0.000167256 0.0386539 0.0025 1.00013 1.00019 2.50013 0.00499934 185 4 1 1.99455e-08 
-0.0337496 0.000105715 0.025719 0.0025 1.00008 1.00012 2.50008 0.00499958 186 4 1 1.39216e-08 
-0.0312498 6.53579e-05 0.0167232 0.0025 1.00005 1.00007 2.50005 0.00499974 187 4 1 9.48495e-09 
-0.0287499 3.94974e-05 0.0106222 0.0025 1.00003 1.00004 2.50003 0.00499984 188 4 1 6.30656e-09 
-0.0262499 2.33129e-05 0.00658721 0.0025 1.00002 1.00003 2.50002 0.00499991 189 4 1 4.09101e-09 
-0.02375 1.34262e-05 0.00398557 0.0025 1.00001 1.00001 2.50001 0.00499995 190 4 1 2.58803e-09 
-0.02125 7.53574e-06 0.00235076 0.0025 1.00001 1.00001 2.50001 0.00499997 191 4 1 1.59576e-09 
-0.01875 4.116e-06 0.00135017 0.0025 1 1 2.5 0.00499998 192 4 1 9.58314e-10 
-0.01625 2.18382e-06 0.000754126 0.0025 1 1 2.5 0.00499999 193 4 1 5.59994e-10 
-0.01375 1.12296e-06 0.000408915 0.0025 1 1 2.5 0.005 194 4 1 3.18048e-10 
-0.01125 5.58013e-07 0.000214756 0.0025 1 1 2.5 0.005 195 4 1 1.75352e-10 
-0.00875 2.66782e-07 0.000108807 0.0025 1 1 2.5 0.005 196 4 1 9.38404e-11 
-0.00625 1.215e-07 5.26017e-05 0.0025 1 1 2.5 0.005 197 4 1 4.90787e-11 
-0.00375 5.04692e-08 2.3098e-05 0.0025 1 1 2.5 0.005 198 4 1 2.61121e-11 
-0.00125 1.35609e-08 6.4373e-06 0.0025 1 1 2.5 0.005 199 5 1 1.65121e-11 
0.00125 -1.35609e-08 -6.4373e-06 0.0025 1 1 2.5 0.005 200 4 1 1.65121e-11 
0.00375 -5.04692e-08 -2.3098e-05 0.0025 1 1 2.5 0.005 201 4 1 2.61121e-11 
0.00625 -1.215e-07 -5.26017e-05 0.0025 1 1 2.5 0.005 202 4 1 4.90787e-11 
0.00875 -2.66782e-07 -0.000108807 0.0025 1 1 2.5 0.005 203 4 1 9.38403e-11 
0.01125 -5.58013e-07 -0.000214756 0.0025 1 1 2.5 0.005 204 4 1 1.75352e-10 
0.01375 -1.12296e-06 -0.000408915 0.0025 1 1 2.5 0.005 205 4 1 3.18048e-10 
0.01625 -2.18382e-06 -0.000754126 0.0025 1 1 2.5 0.00499999 206 4 1 5.59995e-10 
0.01875 -4.116e-06 -0.00135017 0.0025 1 1 2.5 0.00499998 207 4 1 9.58314e-10 
0.02125 -7.53574e-06 -0.00235076 0.0025 1.00001 1.00001 2.50001 0.00499997 208 4 1 1.59576e-09 
0.02375 -1.34262e-05 -0.00398557 0.0025 1.00001 1.00001 2.50001 0.00499995 209 4 1 2.58803e-09 
0.0262499 -2.33129e-05 -0.00658721 0.0025 1.00002 1.00003 2.50002 0.00499991 210 4 1 4.09101e-09 
0.0287499 -3.94974e-05 -0.0106222 0.0025 1.00003 1.00004 2.50003 0.00499984 211 4 1 6.30656e-09 
0.0312498 -6.53579e-05 -0.0167232 0.0025 1.00005 1.00007 2.50005 0.00499974 212 4 1 9.48495e-09 
0.0337496 -0.000105715 -0.025719 0.0025 1.00008 1.00012 2.50008 0.00499958 213 4 1 1.39216e-08 
0.0362494 -0.000167256 -0.0386539 0.0025 1.00013 1.00019 2.50013 0.00499934 214 4 1 1.99455e-08 
0.038749 -0.000258987 -0.0567901 0.0025 1.0002 1.00029 2.5002 0.00499898 215 4 1 2.78971e-08 
0.0412483 -0.000392674 -0.0815807 0.0025 1.00031 1.00044 2.50031 0.00499845 216 4 1 3.80935e-08 
0.0437474 -0.0005832 -0.114604 0.0025 1.00046 1.00065 2.50046 0.00499769 217 4 1 5.07821e-08 
0.046246 -0.000848759 -0.157448 0.0025 1.00067 1.00095 2.50067 0.00499664 218 4 1 6.60821e-08 
0.048744 -0.00121076 -0.211544 0.0025 1.00096 1.00135 2.50096 0.0049952 219 4 1 8.39176e-08 
0.0512412 -0.00169337 -0.277949 0.0025 1.00135 1.00189 2.50134 0.00499327 220 4 1 1.03946e-07 
0.0537373 -0.00232251 -0.357079 0.0025 1.00185 1.0026 2.50185 0.00499075 221 4 1 1.25483e-07 
0.056232 -0.00312436 -0.448425 0.0025 1.0025 1.00351 2.50249 0.00498754 222 4 1 1.47423e-07 
0.0587248 -0.00412316 -0.550254 0.0025 1.0033 1.00464 2.5033 0.00498353 223 4 1 1.68159e-07 
0.0612155 -0.00533849 -0.659328 0.0025 1.00429 1.00602 2.50428 0.00497864 224 4 1 1.85492e-07 
0.0637035 -0.00678193 -0.770649 0.0025 1.00547 1.00767 2.50546 0.00497281 225 4 1 1.96547e-07 
0.0661883 -0.00845333 -0.877244 0.0025 1.00684 1.00959 2.50682 0.00496605 226 4 1 1.97719e-07 
0.0686695 -0.0103367 -0.970034 0.0025 1.00839 1.01177 2.50837 0.00495841 227 4 1 1.8475e-07 
0.0711467 -0.0123959 -1.03787 0.0025 1.0101 1.01417 2.51007 0.00495002 228 4 1 1.53073e-07 
0.0736196 -0.0145711 -1.06793 0.0025 1.01191 1.01673 2.51188 0.00494113 229 4 1 9.86474e-08 
0.0760879 -0.016776 -1.04669 0.0025 1.01378 1.01934 2.51373 0.00493206 230 4 1 1.95121e-08 
0.0785516 -0.0188981 -0.962058 0.0025 1.01559 1.0219 2.51554 0.00492324 231 4 1 -8.16395e-08 
0.0810111 -0.0208038 -0.807298 0.0025 1.01725 1.02423 2.51719 0.00491521 232 4 1 -1.93815e-07 
0.0834668 -0.0223537 -0.588217 0.0025 1.01864 1.02619 2.51856 0.00490851 233 4 1 -2.93438e-07 
0.0859196 -0.0234344 -0.336196 0.0025 1.01966 1.02762 2.51957 0.0049036 234 4 1 -3.436e-07 
0.0883704 -0.0240158 -0.124931 0.0025 1.02027 1.02848 2.52017 0.00490068 235 4 1 -3.16934e-07 
0.0908203 -0.0242133 -0.0461173 0.0025 1.02049 1.02879 2.52039 0.00489959 236 3 1 -3.48362e-07 
0.09327 -0.0241259 0.0569518 0.0025 1.02024 1.02839 2.52015 0.00490081 237 4 1 -1.10746e-06 
0.0957211 -0.0227736 1.55493 0.0025 1.01849 1.02587 2.51849 0.00490922 238 4 1 -2.77304e-06 
0.0981793 -0.0164942 4.53857 0.0025 1.01363 1.01914 2.51367 0.00493276 239 4 1 -7.3303e-07 
0.100654 -0.00815138 2.82991 0.0025 1.00791 1.01124 2.50785 0.00496075 240 4 1 3.61492e-06 
0.10314 -0.00607054 -0.384034 0.0025 1.00522 1.00732 2.50518 0.00497401 241 4 1 8.06641e-07 
0.105628 -0.00476098 1.98933 0.0025 1.00298 1.00404 2.50308 0.00498517 242 4 1 -3.15361e-06 
0.108125 0.00275118 4.67799 0.0025 0.997477 0.996483 2.49756 0.00501265 243 4 1 -3.58538e-07 
0.110641 0.0111133 2.98844 0.0025 0.991238 0.987852 2.49119 0.0050442 244 4 1 2.67222e-06 
0.113169 0.0156288 1.59819 0.0025 0.98685 0.981641 2.48679 0.00506663 245 4 1 6.29913e-07 
0.115707 0.0202086 2.68911 0.0025 0.98267 0.975788 2.48264 0.00508818 246 4 1 -8.29147e-07 
0.118258 0.0269365 3.34511 0.0025 0.977407 0.968534 2.4773 0.00511557 247 4 1 3.86944e-07 
0.120823 0.0336042 2.77474 0.0025 0.972043 0.961115 2.47182 0.0051438 248 4 1 1.06549e-06 
0.123402 0.0393039 2.5215 0.0025 0.967155 0.954328 2.46685 0.0051698 249 4 1 4.05564e-07 
0.125993 0.0452501 2.85412 0.0025 0.962203 0.947487 2.4618 0.00519641 250 4 1 8.57816e-08 
0.128598 0.0518512 3.07547 0.0025 0.956882 0.940175 2.45635 0.00522531 251 4 1 4.69594e-07 
0.131218 0.0585807 2.91945 0.0025 0.951496 0.932784 2.4508 0.00525488 252 4 1 7.67008e-07 
0.133853 0.0649186 2.73897 0.0025 0.946312 0.925669 2.44545 0.00528367 253 4 1 6.15447e-07 
0.136502 0.071153 2.77955 0.0025 0.941205 0.918672 2.44017 0.00531234 254 4 1 3.26897e-07 
0.139165 0.0777543 3.01234 0.0025 0.935903 0.911439 2.43466 0.00534243 255 4 1 3.69519e-07 
0.141844 0.0847186 3.02849 0.0025 0.930425 0.903993 2.42895 0.00537389 256 4 1 7.11337e-07 
0.144539 0.0914746 2.81649 0.0025 0.925067 0.896714 2.42334 0.00540501 257 4 1 7.8665e-07 
0.147249 0.0978886 2.7158 0.0025 0.919904 0.889703 2.41792 0.00543535 258 4 1 4.79538e-07 
0.149975 0.104463 2.91338 0.0025 0.914663 0.882609 2.41241 0.00546649 259 4 1 3.19286e-07 
0.152716 0.11154 3.05219 0.0025 0.909184 0.875227 2.40662 0.00549944 260 4 1 5.95428e-07 
0.155474 0.118647 2.91456 0.0025 0.903689 0.867838 2.40078 0.00553288 261 4 1 8.19006e-07 
0.158249 0.125423 2.76366 0.0025 0.898371 0.860689 2.39512 0.00556563 262 4 1 6.34257e-07 
0.16104 0.132176 2.86365 0.0025 0.893075 0.853587 2.38947 0.00559863 263 4 1 4.18756e-07 
0.163848 0.139336 3.00926 0.0025 0.887605 0.846283 2.38361 0.00563313 264 4 1 5.74226e-07 
0.166673 0.146627 2.93217 0.0025 0.882078 0.838922 2.37765 0.00566844 265 4 1 8.0386e-07 
0.169516 0.153668 2.79144 0.0025 0.876683 0.831743 2.37183 0.00570332 266 4 1 7.06692e-07 
0.172376 0.160641 2.83365 0.0025 0.871342 0.82465 2.36604 0.00573827 267 4 1 5.04544e-07 
0.175254 0.167892 2.96042 0.0025 0.865876 0.817421 2.3601 0.0057745 268 4 1 5.8309e-07 
0.178151 0.175333 2.92478 0.0025 0.860334 0.810112 2.35404 0.00581169 269 4 1 7.65099e-07 
0.181066 0.182627 2.84046 0.0025 0.854858 0.8029 2.34803 0.00584892 270 4 1 7.36015e-07 
0.184 0.189905 2.84391 0.0025 0.849423 0.795759 2.34205 0.00588635 271 4 1 6.13921e-07 
0.186952 0.197337 2.92224 0.0025 0.843922 0.788555 2.33598 0.00592472 272 4 1 6.46272e-07 
0.189925 0.204936 2.9024 0.0025 0.838369 0.781304 2.32981 0.00596396 273 4 1 7.69743e-07 
0.192917 0.212462 2.84352 0.0025 0.832855 0.774119 2.32367 0.00600344 274 4 1 7.57452e-07 
0.195928 0.219966 2.84331 0.0025 0.82737 0.766987 2.31754 0.00604325 275 4 1 6.83774e-07 
0.19896 0.227585 2.88314 0.0025 0.821844 0.759826 2.31134 0.00608388 276 4 1 6.8961e-07 
0.202012 0.235357 2.89335 0.0025 0.81627 0.752623 2.30505 0.00612543 277 4 1 7.69791e-07 
0.205085 0.243127 2.85206 0.0025 0.810702 0.745447 2.29875 0.00616749 278 4 1 8.00188e-07 
0.20818 0.250884 2.83601 0.0025 0.805159 0.738319 2.29245 0.00620995 279 4 1 7.39815e-07 
0.211295 0.258728 2.88004 0.0025 0.799584 0.731171 2.28609 0.00625325 280 4 1 7.37956e-07 
0.214433 0.26675 2.8821 0.0025 0.793964 0.723991 2.27965 0.00629751 281 4 1 8.41844e-07 
0.217593 0.274726 2.81586 0.0025 0.788375 0.716865 2.27322 0.00634216 282 4 1 8.36127e-07 
0.220775 0.282673 2.83696 0.0025 0.782802 0.709778 2.26678 0.00638731 283 4 1 7.57982e-07 
0.22398 0.290826 2.87124 0.0025 0.777178 0.702651 2.26025 0.00643353 284 4 1 8.17426e-07 
0.227209 0.299032 2.84077 0.0025 0.771536 0.695522 2.25367 0.00648058 285 4 1 8.74483e-07 
0.230461 0.30723 2.82612 0.0025 0.76591 0.68843 2.24708 0.00652819 286 4 1 8.4529e-07 
0.233737 0.315519 2.84121 0.0025 0.760268 0.68134 2.24045 0.00657663 287 4 1 8.38742e-07 
0.237038 0.323903 2.85144 0.0025 0.754594 0.674234 2.23375 0.00662608 288 4 1 8.9494e-07 
0.240363 0.332348 2.81773 0.0025 0.748922 0.66715 2.22701 0.00667626 289 4 1 9.19777e-07 
0.243714 0.340775 2.81484 0.0025 0.743261 0.660099 2.22027 0.00672711 290 4 1 8.81489e-07 
0.247091 0.349359 2.83731 0.0025 0.737571 0.653036 2.21345 0.00677901 291 4 1 9.12776e-07 
0.250493 0.358011 2.81549 0.0025 0.731865 0.645975 2.20659 0.00683186 292 4 1 9.52947e-07 
0.253923 0.366696 2.81283 0.0025 0.726159 0.638935 2.19969 0.00688554 293 4 1 9.42358e-07 
0.257379 0.375479 2.81745 0.0025 0.720438 0.631899 2.19274 0.00694022 294 4 1 9.62714e-07 
0.260863 0.384329 2.81128 0.0025 0.714703 0.624869 2.18574 0.00699591 295 4 1 1.00534e-06 
0.264375 0.393222 2.78587 0.0025 0.708977 0.617871 2.17872 0.00705242 296 4 1 1.00583e-06 
0.267915 0.402158 2.79542 0.0025 0.703251 0.610896 2.17167 0.00710984 297 4 1 1.01621e-06 
0.271485 0.411178 2.77096 0.0025 0.697526 0.603948 2.16458 0.00716819 298 4 1 1.06836e-06 
0.275084 0.420191 2.74036 0.0025 0.691835 0.59706 2.1575 0.00722715 299 4 1 1.06235e-06 
0.278712 0.429233 2.7318 0.0025 0.686172 0.590231 2.15042 0.0072868 300 4 1 1.09705e-06 
0.282371 0.438254 2.6658 0.0025 0.680569 0.583496 2.14337 0.00734679 301 4 1 1.13779e-06 
0.286059 0.447134 2.6111 0.0025 0.675063 0.576897 2.13642 0.00740672 302 4 1 1.09111e-06 
0.289777 0.455963 2.57889 0.0025 0.669633 0.570412 2.12953 0.00746677 303 4 1 1.08391e-06 
0.293526 0.464716 2.51426 0.0025 0.664289 0.56405 2.12272 0.00752684 304 4 1 1.09268e-06 
0.297304 0.473317 2.45278 0.0025 0.659051 0.557832 2.11601 0.00758667 305 4 1 1.03297e-06 
0.301113 0.481863 2.42439 0.0025 0.653888 0.551721 2.10936 0.00764657 306 4 1 9.73174e-07 
0.304951 0.490394 2.40423 0.0025 0.648761 0.545674 2.10273 0.007707 307 4 1 9.44608e-07 
0.30882 0.498962 2.39654 0.0025 0.643647 0.53966 2.09609 0.00776823 308 4 1 9.10226e-07 
0.312719 0.507633 2.4127 0.0025 0.638511 0.53364 2.08938 0.00783072 309 4 1 9.07667e-07 
0.316651 0.516421 2.42001 0.0025 0.633332 0.52759 2.08259 0.00789476 310 4 1 9.08085e-07 
0.320614 0.525381 2.46104 0.0025 0.628086 0.521482 2.07567 0.00796069 311 4 1 9.22555e-07 
0.324612 0.534571 2.48463 0.0025 0.622758 0.5153 2.06861 0.00802881 312 4 1 9.77191e-07 
0.328643 0.543944 2.51382 0.0025 0.61735 0.509046 2.06141 0.00809913 313 4 1 1.00033e-06 
0.332711 0.553544 2.5591 0.0025 0.611846 0.502704 2.05404 0.00817199 314 4 1 1.05292e-06 
0.336816 0.563398 2.58898 0.0025 0.606245 0.496275 2.0465 0.00824749 315 4 1 1.12922e-06 
0.340959 0.573488 2.61876 0.0025 0.600561 0.489775 2.03881 0.00832555 316 4 1 1.21344e-06 
0.345141 0.583753 2.62416 0.0025 0.594821 0.483236 2.03099 0.00840589 317 4 1 1.3008e-06 
0.349365 0.594168 2.62697 0.0025 0.589059 0.476699 2.0231 0.00848811 318 4 1 1.40779e-06 
0.35363 0.604603 2.57545 0.0025 0.583342 0.470241 2.01522 0.0085713 319 4 1 1.5562e-06 
0.357936 0.614818 2.46245 0.0025 0.577788 0.463991 2.00753 0.00865369 320 4 1 1.66103e-06 
0.362283 0.624577 2.28804 0.0025 0.572526 0.45809 2.00019 0.00873323 321 4 1 1.67591e-06 
0.36667 0.633619 2.08216 0.0025 0.567655 0.452645 1.99337 0.00880817 322 4 1 1.58656e-06 
0.371092 0.641888 1.86643 0.0025 0.563224 0.447706 1.98713 0.00887746 323 4 1 1.40923e-06 
0.375547 0.649382 1.68376 0.0025 0.559224 0.443259 1.98148 0.00894095 324 4 1 1.21624e-06 
0.380033 0.656207 1.51596 0.0025 0.555624 0.43927 1.97637 0.0089989 325 4 1 1.11659e-06 
0.384546 0.662292 1.32012 0.0025 0.552448 0.435765 1.97184 0.00905062 326 4 1 1.14307e-06 
0.389084 0.667408 1.02807 0.0025 0.549824 0.432878 1.96809 0.00909382 327 4 1 1.21677e-06 
0.39364 0.671019 0.640611 0.0025 0.547924 0.430785 1.96537 0.00912535 328 4 1 1.06318e-06 
0.398209 0.673146 0.346173 0.0025 0.546747 0.429479 1.96368 0.009145 329 4 1 6.58908e-07 
0.402785 0.674348 0.214652 0.0025 0.546055 0.428709 1.96269 0.00915658 330 4 1 3.43382e-07 
0.407366 0.675163 0.139649 0.0025 0.545631 0.428241 1.96209 0.0091637 331 4 1 2.67437e-07 
0.411949 0.675552 0.027268 0.0025 0.545423 0.42801 1.96179 0.0091672 332 4 1 2.03147e-07 
0.416533 0.675536 -0.0127656 0.0025 0.545379 0.427957 1.96173 0.00916793 333 5 1 6.24827e-08 
0.421117 0.675516 -0.0107541 0.0025 0.545389 0.427967 1.96175 0.00916777 334 4 1 1.80027e-08 
0.4257 0.675451 -0.0221668 0.0025 0.545415 0.427996 1.96179 0.00916734 335 4 1 2.76163e-08 
0.430284 0.67535 -0.0291442 0.0025 0.545463 0.42805 1.96186 0.00916652 336 4 1 1.79019e-08 
0.434867 0.675223 -0.0330704 0.0025 0.545526 0.42812 1.96195 0.00916546 337 4 1 1.19034e-08 
0.439449 0.675079 -0.0350788 0.0025 0.545599 0.4282 1.96206 0.00916425 338 4 1 6.06883e-09 
0.444031 0.674926 -0.0353897 0.0025 0.545676 0.428285 1.96218 0.00916295 339 4 1 1.77047e-09 
0.448612 0.674772 -0.0346808 0.0025 0.545755 0.428373 1.96229 0.00916162 340 4 1 -6.77005e-10 
0.453193 0.674623 -0.0332244 0.0025 0.545833 0.428459 1.96241 0.00916032 341 4 1 -3.02411e-09 
0.457773 0.674483 -0.031117 0.0025 0.545907 0.428541 1.96252 0.00915907 342 4 1 -6.19107e-09 
0.462352 0.674353 -0.0285648 0.0025 0.545976 0.428619 1.96263 0.0091579 343 4 1 -6.89212e-09 
0.466931 0.674234 -0.0258404 0.0025 0.54604 0.42869 1.96272 0.00915683 344 4 1 -6.13027e-09 
0.471509 0.674126 -0.0232281 0.0025 0.546098 0.428754 1.96281 0.00915586 345 4 1 -6.4898e-09 
0.476086 0.674028 -0.0208619 0.0025 0.54615 0.428812 1.96289 0.00915499 346 4 1 -6.986e-09 
0.480664 0.673942 -0.0186968 0.0025 0.546197 0.428865 1.96296 0.0091542 347 4 1 -5.95635e-09 
0.485241 0.673865 -0.0166556 0.0025 0.546239 0.428912 1.96302 0.00915351 348 4 1 -4.96832e-09 
0.489817 0.673796 -0.0147151 0.0025 0.546275 0.428953 1.96308 0.00915289 349 4 1 -5.58558e-09 
0.494394 0.673733 -0.0128925 0.0025 0.546307 0.428989 1.96313 0.00915235 350 4 1 -5.52209e-09 
0.49897 0.673677 -0.0112035 0.0025 0.546335 0.429021 1.96318 0.00915189 351 4 1 -4.23185e-09 
0.503545 0.673624 -0.00964224 0.0025 0.546359 0.429049 1.96322 0.00915149 352 4 1 -3.45694e-09 
0.508121 0.673576 -0.00821758 0.0025 0.546379 0.429072 1.96325 0.00915115 353 4 1 -4.14727e-09 
0.512697 0.673531 -0.00700369 0.0025 0.546397 0.429092 1.96328 0.00915086 354 4 1 -2.97311e-09 
0.517272 0.673489 -0.00610617 0.0025 0.546412 0.42911 1.96331 0.00915061 355 4 1 -7.65419e-10 
0.521847 0.673452 -0.00555322 0.0025 0.546425 0.429126 1.96334 0.00915039 356 4 1 -1.08869e-09 
0.526422 0.673419 -0.00524215 0.0025 0.546437 0.429141 1.96336 0.00915019 357 4 1 -1.42966e-09 
0.530997 0.67339 -0.0050073 0.0025 0.546448 0.429155 1.96338 0.00915 358 4 1 -3.79731e-10 
0.535572 0.673364 -0.00473052 0.0025 0.546458 0.429168 1.96341 0.00914983 359 4 1 -2.22538e-10 
0.540147 0.673342 -0.00438881 0.0025 0.546468 0.42918 1.96343 0.00914967 360 4 1 -1.71992e-09 
0.544722 0.673321 -0.00402217 0.0025 0.546476 0.429191 1.96345 0.00914953 361 4 1 -8.49705e-10 
0.549297 0.673303 -0.00367705 0.0025 0.546484 0.429201 1.96347 0.0091494 362 4 1 5.86072e-10 
0.553871 0.673286 -0.00337533 0.0025 0.54649 0.42921 1.96349 0.00914929 363 4 1 -1.60852e-09 
0.558446 0.67327 -0.00311545 0.0025 0.546496 0.429219 1.9635 0.00914919 364 4 1 -8.50351e-10 
0.563021 0.673256 -0.00288582 0.0025 0.546501 0.429227 1.96352 0.00914911 365 4 1 1.53752e-09 
0.567595 0.673243 -0.00267417 0.0025 0.546506 0.429234 1.96354 0.00914904 366 4 1 -1.36685e-09 
0.57217 0.673231 -0.00247072 0.0025 0.54651 0.429241 1.96356 0.00914897 367 4 1 -1.3656e-09 
0.576744 0.67322 -0.00227055 0.0025 0.546513 0.429247 1.96357 0.00914891 368 4 1 1.49497e-09 
0.581319 0.67321 -0.00207641 0.0025 0.546516 0.429253 1.96359 0.00914887 369 4 1 8.94914e-11 
0.585893 0.6732 -0.00189832 0.0025 0.546517 0.429258 1.96361 0.00914884 370 4 1 -1.10773e-09 
0.590467 0.673191 -0.00174745 0.0025 0.546519 0.429263 1.96362 0.00914881 371 4 1 6.03156e-10 
0.595042 0.673183 -0.00162746 0.0025 0.54652 0.429267 1.96364 0.0091488 372 4 1 1.0169e-09 
0.599616 0.673176 -0.00153034 0.0025 0.54652 0.429271 1.96366 0.00914879 373 4 1 -5.47197e-10 
0.604191 0.673169 -0.0014406 0.0025 0.54652 0.429275 1.96367 0.00914879 374 3 1 5.39544e-10 
0.608765 0.673162 -0.00134531 0.0025 0.54652 0.429279 1.96369 0.0091488 375 4 1 1.26216e-09 
0.613339 0.673156 -0.00124224 0.0025 0.546519 0.429282 1.96371 0.00914881 376 4 1 -3.89415e-10 
0.617914 0.673151 -0.00113987 0.0025 0.546518 0.429285 1.96373 0.00914884 377 4 1 8.62636e-10 
0.622488 0.673145 -0.00104962 0.0025 0.546516 0.429288 1.96375 0.00914887 378 4 1 1.03324e-09 
0.627063 0.673141 -0.000977013 0.0025 0.546513 0.429291 1.96377 0.00914891 379 4 1 1.0417e-09 
0.631637 0.673136 -0.000918543 0.0025 0.54651 0.429293 1.96379 0.00914896 380 4 1 2.58508e-09 
0.636212 0.673132 -0.000865806 0.0025 0.546506 0.429295 1.96382 0.00914903 381 4 1 -1.31006e-09 
0.640786 0.673128 -0.000812433 0.0025 0.546502 0.429298 1.96384 0.00914909 382 4 1 1.36102e-09 
0.645361 0.673124 -0.000757912 0.0025 0.546497 0.4293 1.96387 0.00914917 383 4 1 4.78443e-09 
0.649935 0.673121 -0.000706092 0.0025 0.546492 0.429302 1.9639 0.00914927 384 4 1 -1.68842e-09 
0.65451 0.673118 -0.000660816 0.0025 0.546485 0.429303 1.96393 0.00914938 385 4 1 2.02756e-09 
0.659085 0.673115 -0.000622695 0.0025 0.546479 0.429305 1.96396 0.00914949 386 4 1 3.4907e-09 
0.663659 0.673112 -0.000589208 0.0025 0.546471 0.429307 1.964 0.00914962 387 4 1 2.77532e-09 
0.668234 0.673109 -0.000557191 0.0025 0.546462 0.429308 1.96403 0.00914977 388 4 1 4.6552e-09 
0.672809 0.673107 -0.000525237 0.0025 0.546451 0.42931 1.96408 0.00914994 389 4 1 -2.30967e-09 
0.677384 0.673105 -0.000494206 0.0025 0.546441 0.429311 1.96412 0.00915012 390 4 1 5.41228e-09 
0.681959 0.673103 -0.000465886 0.0025 0.546429 0.429312 1.96417 0.00915031 391 4 1 4.70844e-09 
0.686535 0.673101 -0.000441242 0.0025 0.546416 0.429314 1.96422 0.00915054 392 4 1 8.18614e-09 
0.69111 0.673099 -0.000419738 0.0025 0.546403 0.429317 1.96429 0.00915075 393 4 1 -3.55493e-09 
0.695685 0.673097 -0.000400049 0.0025 0.546381 0.429319 1.96435 0.00915113 394 4 1 1.43689e-07 
0.700261 0.673096 -0.000381319 0.0025 0.546371 0.429349 1.96458 0.0091513 395 4 1 -1.38716e-07 
0.704837 0.673094 -0.000363794 0.0025 0.545973 0.429195 1.96465 0.00915796 396 5 1 3.48577e-06 
0.709419 0.673093 -0.00034831 0.0025 0.548238 0.43086 1.9685 0.00912012 397 3 1 -1.90586e-05 
0.713957 0.673092 -0.000335344 0.0025 0.536909 0.42619 1.95004 0.00931257 398 4 1 0.000179252 
0.718738 0.673091 -0.000323491 0.0025 0.511052 0.432728 2.1525 0.00978374 399 4 1 -0.000134225 
0.723747 0.67309 -0.000311518 0.0025 0.482806 0.424503 2.15549 0.0103561 400 4 1 0.000266084 
0.729108 0.673089 -0.000297917 0.0025 0.454322 0.432947 2.44418 0.0110054 401 4 1 -0.000240409 
0.734763 0.673088 -0.000281715 0.0025 0.447025 0.427283 2.38026 0.0111851 402 5 1 5.38089e-05 
0.740294 0.673087 -0.000263521 0.0025 0.452456 0.429654 2.37464 0.0110508 403 4 1 -3.01272e-06 
0.745814 0.673086 -0.000242447 0.0025 0.453639 0.429325 2.36525 0.011022 404 4 1 3.91275e-06 
0.751317 0.673085 -0.000217022 0.0025 0.454719 0.429384 2.36046 0.0109958 405 4 1 1.27154e-06 
0.75681 0.673085 -0.000185543 0.0025 0.455343 0.429358 2.35717 0.0109807 406 4 1 8.42875e-07 
0.762297 0.673084 -0.000147072 0.0025 0.455787 0.429347 2.35487 0.01097 407 4 1 5.44309e-07 
0.76778 0.673083 -0.000102231 0.0025 0.456108 0.42934 2.35321 0.0109623 408 4 1 3.49029e-07 
0.77326 0.673082 -5.30865e-05 0.0025 0.456349 0.429335 2.35196 0.0109565 409 4 1 2.46668e-07 
0.778737 0.67308 -2.50707e-06 0.0025 0.456533 0.429332 2.35101 0.0109521 410 4 1 1.77191e-07 
0.784212 0.673079 4.64702e-05 0.0025 0.456677 0.42933 2.35027 0.0109487 411 4 1 1.30864e-07 
0.789685 0.673077 9.09199e-05 0.0025 0.45679 0.429329 2.34969 0.0109459 412 4 1 9.8001e-08 
0.795158 0.673076 0.000128086 0.0025 0.456881 0.429328 2.34922 0.0109438 413 4 1 7.54237e-08 
0.800629 0.673074 0.000155532 0.0025 0.456954 0.429327 2.34884 0.010942 414 4 1 5.88524e-08 
0.8061 0.673072 0.000171557 0.0025 0.457014 0.429326 2.34853 0.0109406 415 4 1 4.64356e-08 
0.81157 0.67307 0.000175744 0.0025 0.457062 0.429325 2.34828 0.0109394 416 4 1 3.70811e-08 
0.817039 0.673069 0.000169314 0.0025 0.457102 0.429324 2.34807 0.0109385 417 4 1 2.98855e-08 
0.822508 0.673067 0.000155036 0.0025 0.457135 0.429324 2.3479 0.0109377 418 4 1 2.4229e-08 
0.827977 0.673066 0.000136651 0.0025 0.457163 0.429323 2.34775 0.010937 419 4 1 1.97837e-08 
0.833445 0.673065 0.000118018 0.0025 0.457186 0.429323 2.34763 0.0109365 420 4 1 1.62548e-08 
0.838913 0.673063 0.000102324 0.0025 0.457205 0.429323 2.34753 0.010936 421 4 1 1.34421e-08 
0.844381 0.673062 9.15876e-05 0.0025 0.457221 0.429322 2.34745 0.0109356 422 4 1 1.11646e-08 
0.849849 0.673061 8.65701e-05 0.0025 0.457235 0.429322 2.34738 0.0109353 423 4 1 9.28177e-09 
0.855316 0.67306 8.6993e-05 0.0025 0.457246 0.429322 2.34732 0.010935 424 4 1 7.76521e-09 
0.860784 0.67306 9.19246e-05 0.0025 0.457256 0.429322 2.34727 0.0109348 425 4 1 6.54249e-09 
0.866251 0.673059 0.000100208 0.0025 0.457264 0.429321 2.34723 0.0109346 426 4 1 5.17846e-09 
0.871718 0.673058 0.000110864 0.0025 0.457271 0.429321 2.34719 0.0109344 427 4 1 4.00671e-09 
0.877186 0.673057 0.000123451 0.0025 0.457277 0.429321 2.34716 0.0109343 428 4 1 3.72301e-09 
0.882653 0.673056 0.000138452 0.0025 0.457281 0.42932 2.34713 0.0109342 429 4 1 3.51311e-09 
0.88812 0.673055 0.000157849 0.0025 0.457286 0.42932 2.34711 0.0109341 430 4 1 2.79481e-09 
0.893587 0.673054 0.000186441 0.0025 0.457289 0.429319 2.34709 0.010934 431 4 1 2.09656e-09 
0.899054 0.673052 0.000235317 0.0025 0.457291 0.429319 2.34707 0.0109339 432 4 1 1.53171e-09 
0.904521 0.67305 0.000330951 0.0025 0.457293 0.429318 2.34706 0.0109339 433 4 1 7.55257e-10 
0.909988 0.673048 0.000537471 0.0025 0.457294 0.429316 2.34704 0.0109339 434 3 1 -6.8667e-10 
0.915455 0.673043 0.00100776 0.0025 0.457294 0.429312 2.34703 0.0109339 435 4 1 -3.7013e-09 
0.920922 0.673034 0.00209083 0.0025 0.45729 0.429305 2.34701 0.010934 436 4 1 -1.04377e-08 
0.926389 0.673016 0.00453286 0.0025 0.457279 0.429288 2.34698 0.0109342 437 4 1 -2.57109e-08 
0.931856 0.672972 0.00984901 0.0025 0.457252 0.429251 2.34691 0.0109349 438 4 1 -6.05261e-08 
0.937324 0.672869 0.0212486 0.0025 0.45719 0.429164 2.34678 0.0109364 439 4 1 -1.411e-07 
0.942792 0.672617 0.0466003 0.0025 0.457043 0.428964 2.34647 0.0109399 440 4 1 -3.33859e-07 
0.948263 0.672014 0.109954 0.0025 0.4567 0.428495 2.34576 0.0109481 441 4 1 -7.95549e-07 
0.95374 0.670626 0.28051 0.0025 0.455885 0.427386 2.34409 0.0109677 442 4 1 -1.88306e-06 
0.959231 0.667611 0.737965 0.0025 0.45395 0.424768 2.3401 0.0110144 443 4 1 -4.04124e-06 
0.964755 0.661225 1.81275 0.0025 0.449563 0.418893 2.331 0.0111219 444 4 1 -7.37988e-06 
0.970353 0.648291 3.85233 0.0025 0.440414 0.406808 2.31169 0.011353 445 4 1 -9.61789e-06 
0.97611 0.619661 7.11374 0.0025 0.423521 0.384953 2.27487 0.0118058 446 4 1 -1.24076e-06 
0.982168 0.560537 9.31848 0.0025 0.397408 0.351845 2.21497 0.0125815 447 4 1 2.48256e-05 
0.988714 0.429468 12.5671 0.0025 0.361347 0.308427 2.12825 0.0138371 448 4 1 9.67554e-05 
0.996063 0.16771 7.75539 0.0025 0.32911 0.271372 2.04707 0.0151925 449 4 1 0.000184038 
1.00394 -0.16771 -7.75539 0.0025 0.32911 0.271372 2.04707 0.0151925 450 4 1 0.000184038 
1.01129 -0.429468 -12.5671 0.0025 0.361347 0.308427 2.12825 0.0138371 451 4 1 9.67554e-05 
1.01783 -0.560537 -9.31848 0.0025 0.397408 0.351845 2.21497 0.0125815 452 4 1 2.48256e-05 
1.02389 -0.619661 -7.11374 0.0025 0.423521 0.384953 2.27487 0.0118058 453 4 1 -1.24076e-06 
1.02965 -0.648291 -3.85233 0.0025 0.440414 0.406808 2.31169 0.011353 454 4 1 -9.61789e-06 
1.03525 -0.661225 -1.81275 0.0025 0.449563 0.418893 2.331 0.0111219 455 4 1 -7.37988e-06 
1.04077 -0.667611 -0.737965 0.0025 0.45395 0.424768 2.3401 0.0110144 456 4 1 -4.04124e-06 
1.04626 -0.670626 -0.28051 0.0025 0.455885 0.427386 2.34409 0.0109677 457 4 1 -1.88306e-06 
1.05174 -0.672014 -0.109954 0.0025 0.4567 0.428495 2.34576 0.0109481 458 4 1 -7.95549e-07 
1.05721 -0.672617 -0.0466003 0.0025 0.457043 0.428964 2.34647 0.0109399 459 4 1 -3.33859e-07 
1.06268 -0.672869 -0.0212486 0.0025 0.45719 0.429164 2.34678 0.0109364 460 4 1 -1.411e-07 
1.06814 -0.672972 -0.00984901 0.0025 0.457252 0.429251 2.34691 0.0109349 461 4 1 -6.05261e-08 
1.07361 -0.673016 -0.00453286 0.0025 0.457279 0.429288 2.34698 0.0109342 462 4 1 -2.57109e-08 
1.07908 -0.673034 -0.00209083 0.0025 0.45729 0.429305 2.34701 0.010934 463 4 1 -1.04377e-08 
1.08455 -0.673043 -0.00100776 0.0025 0.457294 0.429312 2.34703 0.0109339 464 4 1 -3.7013e-09 
1.09001 -0.673048 -0.000537471 0.0025 0.457294 0.429316 2.34704 0.0109339 465 3 1 -6.8667e-10 
1.09548 -0.67305 -0.000330951 0.0025 0.457293 0.429318 2.34706 0.0109339 466 4 1 7.55258e-10 
1.10095 -0.673052 -0.000235317 0.0025 0.457291 0.429319 2.34707 0.0109339 467 4 1 1.53171e-09 
1.10641 -0.673054 -0.000186441 0.0025 0.457289 0.429319 2.34709 0.010934 468 4 1 2.09656e-09 
1.11188 -0.673055 -0.000157849 0.0025 0.457286 0.42932 2.34711 0.0109341 469 4 1 2.79481e-09 
1.11735 -0.673056 -0.000138452 0.0025 0.457281 0.42932 2.34713 0.0109342 470 4 1 3.51311e-09 
1.12281 -0.673057 -0.000123451 0.0025 0.457277 0.429321 2.34716 0.0109343 471 4 1 3.72301e-09 
1.12828 -0.673058 -0.000110864 0.0025 0.457271 0.429321 2.34719 0.0109344 472 4 1 4.00671e-09 
1.13375 -0.673059 -0.000100208 0.0025 0.457264 0.429321 2.34723 0.0109346 473 4 1 5.17846e-09 
1.13922 -0.67306 -9.19246e-05 0.0025 0.457256 0.429322 2.34727 0.0109348 474 4 1 6.54249e-09 
1.14468 -0.67306 -8.6993e-05 0.0025 0.457246 0.429322 2.34732 0.010935 475 4 1 7.76521e-09 
1.15015 -0.673061 -8.65701e-05 0.0025 0.457235 0.429322 2.34738 0.0109353 476 4 1 9.28177e-09 
1.15562 -0.673062 -9.15876e-05 0.0025 0.457221 0.429322 2.34745 0.0109356 477 4 1 1.11646e-08 
1.16109 -0.673063 -0.000102324 0.0025 0.457205 0.429323 2.34753 0.010936 478 4 1 1.34421e-08 
1.16655 -0.673065 -0.000118018 0.0025 0.457186 0.429323 2.34763 0.0109365 479 4 1 1.62548e-08 
1.17202 -0.673066 -0.000136651 0.0025 0.457163 0.429323 2.34775 0.010937 480 4 1 1.97837e-08 
1.17749 -0.673067 -0.000155036 0.0025 0.457135 0.429324 2.3479 0.0109377 481 4 1 2.4229e-08 
1.18296 -0.673069 -0.000169314 0.0025 0.457102 0.429324 2.34807 0.0109385 482 4 1 2.98855e-08 
1.18843 -0.67307 -0.000175744 0.0025 0.457062 0.429325 2.34828 0.0109394 483 4 1 3.70811e-08 
1.1939 -0.673072 -0.000171557 0.0025 0.457014 0.429326 2.34853 0.0109406 484 4 1 4.64356e-08 
1.19937 -0.673074 -0.000155532 0.0025 0.456954 0.429327 2.34884 0.010942 485 4 1 5.88524e-08 
1.20484 -0.673076 -0.000128086 0.0025 0.456881 0.429328 2.34922 0.0109438 486 4 1 7.54237e-08 
1.21031 -0.673077 -9.09199e-05 0.0025 0.45679 0.429329 2.34969 0.0109459 487 4 1 9.8001e-08 
1.21579 -0.673079 -4.64702e-05 0.0025 0.456677 0.42933 2.35027 0.0109487 488 4 1 1.30864e-07 
1.22126 -0.67308 2.5071e-06 0.0025 0.456533 0.429332 2.35101 0.0109521 489 4 1 1.77191e-07 
1.22674 -0.673082 5.30865e-05 0.0025 0.456349 0.429335 2.35196 0.0109565 490 4 1 2.46668e-07 
1.23222 -0.673083 0.000102231 0.0025 0.456108 0.42934 2.35321 0.0109623 491 4 1 3.49029e-07 
1.2377 -0.673084 0.000147072 0.0025 0.455787 0.429347 2.35487 0.01097 492 4 1 5.44309e-07 
1.24319 -0.673085 0.000185543 0.0025 0.455343 0.429358 2.35717 0.0109807 493 4 1 8.42875e-07 
1.24868 -0.673085 0.000217022 0.0025 0.454719 0.429384 2.36046 0.0109958 494 4 1 1.27154e-06 
1.25419 -0.673086 0.000242447 0.0025 0.453639 0.429325 2.36525 0.011022 495 4 1 3.91275e-06 
1.25971 -0.673087 0.000263521 0.0025 0.452456 0.429654 2.37464 0.0110508 496 4 1 -3.01272e-06 
1.26524 -0.673088 0.000281715 0.0025 0.447025 0.427283 2.38026 0.0111851 497 5 1 5.38089e-05 
1.27089 -0.673089 0.000297917 0.0025 0.454322 0.432947 2.44418 0.0110054 498 4 1 -0.000240409 
1.27625 -0.67309 0.000311518 0.0025 0.482806 0.424503 2.15549 0.0103561 499 4 1 0.000266084 
