# Time [s]: 0.330753
# Columns: pos [m], vel [m/s], acc [m/s^2], mass [kg], dens [kg/m^3], pres [Pa], ene [J/kg], sml [m], id, neighbor, alpha, gradh, ...additional?
1.2796 -0.67309 0.000309984 0.0025 0.511052 0.432728 2.1525 0.00978374 0 4 1 -0.000134225 
1.28438 -0.673091 0.000321334 0.0025 0.536909 0.426191 1.95004 0.00931256 1 4 1 0.000179252 
1.28892 -0.673092 0.000333999 0.0025 0.548239 0.43086 1.9685 0.00912012 2 3 1 -1.90586e-05 
1.2935 -0.673093 0.000348889 0.0025 0.545973 0.429195 1.96465 0.00915796 3 5 1 3.48576e-06 
1.29807 -0.673095 0.000365342 0.0025 0.546371 0.42935 1.96458 0.00915129 4 4 1 -1.38714e-07 
1.30265 -0.673096 0.000382901 0.0025 0.546381 0.42932 1.96435 0.00915112 5 4 1 1.43691e-07 
1.30723 -0.673098 0.000401946 0.0025 0.546404 0.429318 1.96429 0.00915074 6 4 1 -3.55345e-09 
1.3118 -0.6731 0.000423562 0.0025 0.546416 0.429314 1.96423 0.00915053 7 4 1 8.18628e-09 
1.31638 -0.673102 0.000448545 0.0025 0.54643 0.429313 1.96417 0.0091503 8 4 1 4.70847e-09 
1.32095 -0.673104 0.000476477 0.0025 0.546442 0.429312 1.96412 0.00915011 9 4 1 5.4142e-09 
1.32553 -0.673106 0.000505829 0.0025 0.546452 0.42931 1.96408 0.00914993 10 4 1 -2.30487e-09 
1.3301 -0.673108 0.000535263 0.0025 0.546462 0.429309 1.96404 0.00914976 11 4 1 4.66171e-09 
1.33468 -0.673111 0.000565151 0.0025 0.546472 0.429307 1.964 0.00914961 12 4 1 2.78092e-09 
1.33925 -0.673113 0.000597859 0.0025 0.54648 0.429306 1.96396 0.00914947 13 4 1 3.49365e-09 
1.34383 -0.673116 0.000636156 0.0025 0.546486 0.429304 1.96393 0.00914936 14 4 1 2.02908e-09 
1.3484 -0.673119 0.00068077 0.0025 0.546493 0.429303 1.9639 0.00914926 15 4 1 -1.68446e-09 
1.35297 -0.673122 0.000729278 0.0025 0.546498 0.429301 1.96387 0.00914916 16 4 1 4.79425e-09 
1.35755 -0.673126 0.00077789 0.0025 0.546503 0.429299 1.96384 0.00914908 17 4 1 1.37587e-09 
1.36212 -0.67313 0.000825297 0.0025 0.546507 0.429297 1.96382 0.00914901 18 4 1 -1.29597e-09 
1.3667 -0.673134 0.00087536 0.0025 0.546511 0.429294 1.96379 0.00914894 19 4 1 2.5917e-09 
1.37127 -0.673138 0.000935554 0.0025 0.546515 0.429292 1.96377 0.00914889 20 4 1 1.03953e-09 
1.37585 -0.673143 0.0010114 0.0025 0.546517 0.42929 1.96375 0.00914884 21 4 1 1.02925e-09 
1.38042 -0.673148 0.00110115 0.0025 0.546519 0.429287 1.96373 0.00914881 22 4 1 8.68009e-10 
1.385 -0.673153 0.00119583 0.0025 0.546521 0.429284 1.96371 0.00914878 23 4 1 -3.68168e-10 
1.38957 -0.673159 0.00128564 0.0025 0.546522 0.429281 1.96369 0.00914877 24 4 1 1.29485e-09 
1.39414 -0.673165 0.00136814 0.0025 0.546522 0.429277 1.96368 0.00914876 25 4 1 5.70549e-10 
1.39872 -0.673172 0.00145151 0.0025 0.546522 0.429273 1.96366 0.00914876 26 3 1 -5.30112e-10 
1.40329 -0.673179 0.0015499 0.0025 0.546522 0.42927 1.96364 0.00914876 27 4 1 1.0182e-09 
1.40787 -0.673187 0.00167428 0.0025 0.546521 0.429265 1.96363 0.00914877 28 4 1 5.98854e-10 
1.41244 -0.673196 0.00182575 0.0025 0.54652 0.429261 1.96361 0.0091488 29 4 1 -1.10268e-09 
1.41702 -0.673205 0.00199616 0.0025 0.546518 0.429256 1.96359 0.00914882 30 4 1 1.13551e-10 
1.42159 -0.673215 0.00217481 0.0025 0.546516 0.42925 1.96358 0.00914886 31 4 1 1.53733e-09 
1.42617 -0.673225 0.00235562 0.0025 0.546513 0.429244 1.96356 0.00914892 32 4 1 -1.31316e-09 
1.43074 -0.673237 0.00253996 0.0025 0.546509 0.429238 1.96354 0.00914898 33 4 1 -1.31349e-09 
1.43531 -0.673249 0.00273511 0.0025 0.546505 0.429231 1.96353 0.00914904 34 4 1 1.58584e-09 
1.43989 -0.673263 0.00295176 0.0025 0.5465 0.429224 1.96351 0.00914912 35 4 1 -8.08799e-10 
1.44446 -0.673278 0.00320103 0.0025 0.546495 0.429216 1.96349 0.00914921 36 4 1 -1.56805e-09 
1.44904 -0.673294 0.00348786 0.0025 0.546489 0.429207 1.96347 0.00914932 37 4 1 6.45164e-10 
1.45361 -0.673312 0.00379953 0.0025 0.546482 0.429197 1.96346 0.00914943 38 4 1 -7.38332e-10 
1.45819 -0.673331 0.00409936 0.0025 0.546474 0.429187 1.96344 0.00914957 39 4 1 -1.5299e-09 
1.46276 -0.673353 0.00434399 0.0025 0.546465 0.429175 1.96342 0.00914971 40 4 1 2.62042e-11 
1.46734 -0.673378 0.00452846 0.0025 0.546456 0.429163 1.96339 0.00914987 41 4 1 -1.58296e-10 
1.47191 -0.673406 0.00472831 0.0025 0.546446 0.429151 1.96337 0.00915004 42 4 1 -1.34439e-09 
1.47649 -0.673439 0.0050864 0.0025 0.546435 0.429137 1.96335 0.00915022 43 4 1 -1.17626e-09 
1.48106 -0.673475 0.00573017 0.0025 0.546423 0.429123 1.96333 0.00915042 44 4 1 -9.33545e-10 
1.48564 -0.673514 0.0066856 0.0025 0.546409 0.429106 1.9633 0.00915066 45 4 1 -3.06333e-09 
1.49021 -0.673556 0.00787813 0.0025 0.546393 0.429087 1.96327 0.00915093 46 4 1 -4.06585e-09 
1.49479 -0.673601 0.00921825 0.0025 0.546373 0.429064 1.96324 0.00915125 47 4 1 -3.22645e-09 
1.49936 -0.673649 0.0106687 0.0025 0.546351 0.429038 1.9632 0.00915163 48 4 1 -3.91628e-09 
-0.49606 -0.673702 0.0122297 0.0025 0.546324 0.429008 1.96316 0.00915207 49 4 1 -5.14593e-09 
-0.491484 -0.67376 0.013896 0.0025 0.546294 0.428974 1.96311 0.00915258 50 4 1 -5.14669e-09 
-0.486907 -0.673825 0.0156562 0.0025 0.54626 0.428935 1.96305 0.00915316 51 4 1 -4.49792e-09 
-0.482331 -0.673897 0.0175266 0.0025 0.546221 0.428891 1.96299 0.00915381 52 4 1 -5.54443e-09 
-0.477754 -0.673979 0.0195768 0.0025 0.546177 0.428841 1.96293 0.00915455 53 4 1 -6.73417e-09 
-0.473176 -0.67407 0.0218915 0.0025 0.546128 0.428786 1.96285 0.00915537 54 4 1 -6.40733e-09 
-0.468598 -0.674172 0.0244546 0.0025 0.546073 0.428725 1.96277 0.00915628 55 4 1 -6.12722e-09 
-0.46402 -0.674284 0.027097 0.0025 0.546012 0.428658 1.96268 0.0091573 56 4 1 -6.95818e-09 
-0.459441 -0.674408 0.0296058 0.0025 0.545946 0.428584 1.96258 0.00915842 57 4 1 -6.50525e-09 
-0.454861 -0.674543 0.0318276 0.0025 0.545874 0.428505 1.96247 0.00915962 58 4 1 -3.87464e-09 
-0.450281 -0.674687 0.0336808 0.0025 0.545799 0.428421 1.96236 0.00916088 59 4 1 -2.28501e-09 
-0.445701 -0.674839 0.0350414 0.0025 0.545721 0.428335 1.96224 0.00916219 60 4 1 -4.6037e-10 
-0.441119 -0.674991 0.0354673 0.0025 0.545643 0.428248 1.96213 0.00916351 61 4 1 3.44595e-09 
-0.436537 -0.675139 0.0343813 0.0025 0.545567 0.428164 1.96201 0.00916477 62 4 1 9.1559e-09 
-0.431954 -0.675275 0.0311763 0.0025 0.545499 0.428089 1.96191 0.00916593 63 4 1 1.50441e-08 
-0.427371 -0.675392 0.0255812 0.0025 0.545442 0.428026 1.96183 0.00916687 64 4 1 2.19579e-08 
-0.422788 -0.67548 0.0177721 0.0025 0.545404 0.427984 1.96177 0.00916751 65 4 1 2.73074e-08 
-0.418204 -0.67552 0.00427639 0.0025 0.545389 0.427966 1.96174 0.00916777 66 5 1 1.98817e-08 
-0.41362 -0.675556 0.0145734 0.0025 0.545391 0.427972 1.96174 0.00916773 67 4 1 1.1522e-07 
-0.409036 -0.675431 -0.0752755 0.0025 0.545489 0.428085 1.96188 0.00916608 68 4 1 2.53971e-07 
-0.404454 -0.674837 -0.180236 0.0025 0.545793 0.428418 1.96232 0.00916098 69 4 1 2.84446e-07 
-0.399875 -0.673881 -0.257285 0.0025 0.546323 0.429006 1.96307 0.00915209 70 4 1 4.43008e-07 
-0.395302 -0.672361 -0.452737 0.0025 0.547191 0.429972 1.96432 0.00913758 71 4 1 8.26849e-07 
-0.390737 -0.669668 -0.796585 0.0025 0.54865 0.431585 1.96641 0.00911329 72 4 1 1.15888e-06 
-0.386188 -0.665375 -1.16485 0.0025 0.550859 0.434016 1.96957 0.00907674 73 4 1 1.19707e-06 
-0.381661 -0.659822 -1.40538 0.0025 0.553729 0.437177 1.97367 0.00902969 74 4 1 1.11212e-06 
-0.377158 -0.653423 -1.58417 0.0025 0.557083 0.440884 1.97844 0.00897533 75 4 1 1.13091e-06 
-0.372685 -0.646353 -1.74692 0.0025 0.560835 0.445047 1.98376 0.00891528 76 4 1 1.27362e-06 
-0.368243 -0.638599 -1.94514 0.0025 0.564989 0.44967 1.98962 0.00884973 77 4 1 1.4581e-06 
-0.363835 -0.630062 -2.14716 0.0025 0.569569 0.454783 1.99606 0.00877856 78 4 1 1.60854e-06 
-0.359464 -0.620773 -2.34914 0.0025 0.574569 0.460379 2.00305 0.00870217 79 4 1 1.66223e-06 
-0.355133 -0.610878 -2.49478 0.0025 0.579924 0.466391 2.01049 0.00862182 80 4 1 1.60328e-06 
-0.350842 -0.600617 -2.58401 0.0025 0.585516 0.472693 2.01822 0.00853948 81 4 1 1.48308e-06 
-0.346593 -0.590231 -2.61256 0.0025 0.591223 0.479151 2.02607 0.00845705 82 4 1 1.34545e-06 
-0.342385 -0.57995 -2.60523 0.0025 0.596944 0.485652 2.03389 0.00837599 83 4 1 1.24978e-06 
-0.338217 -0.569806 -2.592 0.0025 0.602628 0.492136 2.04161 0.00829699 84 4 1 1.16907e-06 
-0.334088 -0.559881 -2.56323 0.0025 0.608248 0.498571 2.0492 0.00822033 85 4 1 1.0806e-06 
-0.329996 -0.550171 -2.52224 0.0025 0.613776 0.504925 2.05663 0.00814629 86 4 1 1.01359e-06 
-0.325941 -0.540714 -2.4841 0.0025 0.619204 0.511188 2.06388 0.00807488 87 4 1 9.88587e-07 
-0.321921 -0.531476 -2.46489 0.0025 0.62455 0.517376 2.07099 0.00800577 88 4 1 9.46209e-07 
-0.317936 -0.522415 -2.42852 0.0025 0.629817 0.523494 2.07796 0.00793882 89 4 1 8.99268e-07 
-0.313983 -0.513585 -2.40024 0.0025 0.635002 0.529539 2.08478 0.00787399 90 4 1 8.97255e-07 
-0.310061 -0.504882 -2.3909 0.0025 0.640131 0.535537 2.0915 0.00781091 91 4 1 8.97698e-07 
-0.306171 -0.496314 -2.38353 0.0025 0.645225 0.541514 2.09814 0.00774923 92 4 1 9.05828e-07 
-0.302312 -0.487818 -2.39142 0.0025 0.650307 0.547495 2.10473 0.00768868 93 4 1 9.40917e-07 
-0.298483 -0.479338 -2.41778 0.0025 0.655408 0.553517 2.11132 0.00762884 94 4 1 9.73186e-07 
-0.294683 -0.47085 -2.4486 0.0025 0.660554 0.559614 2.11794 0.0075694 95 4 1 1.03597e-06 
-0.290913 -0.46227 -2.51721 0.0025 0.665784 0.565827 2.12463 0.00750994 96 4 1 1.08084e-06 
-0.287173 -0.453542 -2.57051 0.0025 0.671116 0.57218 2.13142 0.00745027 97 4 1 1.06115e-06 
-0.283463 -0.444762 -2.60111 0.0025 0.676524 0.578646 2.13827 0.00739072 98 4 1 1.09163e-06 
-0.279782 -0.435919 -2.66843 0.0025 0.682016 0.585233 2.1452 0.00733121 99 4 1 1.11773e-06 
-0.276131 -0.426937 -2.71446 0.0025 0.687599 0.591949 2.1522 0.00727169 100 4 1 1.06965e-06 
-0.27251 -0.417977 -2.72856 0.0025 0.693229 0.598745 2.15923 0.00721263 101 4 1 1.05502e-06 
-0.268919 -0.409037 -2.76192 0.0025 0.698891 0.605602 2.16627 0.00715419 102 4 1 1.03435e-06 
-0.265356 -0.400086 -2.76762 0.0025 0.704575 0.612507 2.1733 0.00709648 103 4 1 9.95835e-07 
-0.261822 -0.391237 -2.77312 0.0025 0.710257 0.619433 2.18029 0.00703971 104 4 1 9.91866e-07 
-0.258316 -0.382414 -2.78852 0.0025 0.715941 0.626385 2.18726 0.00698381 105 4 1 9.81662e-07 
-0.254838 -0.373637 -2.79803 0.0025 0.72163 0.633363 2.19419 0.00692876 106 4 1 9.43847e-07 
-0.251387 -0.364937 -2.78927 0.0025 0.727305 0.640347 2.20108 0.00687469 107 4 1 9.27903e-07 
-0.247963 -0.356332 -2.79823 0.0025 0.732966 0.647336 2.20791 0.0068216 108 4 1 9.4502e-07 
-0.244566 -0.347751 -2.82159 0.0025 0.738633 0.654353 2.21473 0.00676926 109 4 1 8.86228e-07 
-0.241194 -0.339267 -2.78635 0.0025 0.744277 0.661362 2.22148 0.00671793 110 4 1 8.70101e-07 
-0.237848 -0.330906 -2.80584 0.0025 0.749895 0.668363 2.22817 0.0066676 111 4 1 9.0523e-07 
-0.234526 -0.322529 -2.82518 0.0025 0.755525 0.675398 2.23485 0.00661792 112 4 1 8.73602e-07 
-0.23123 -0.314214 -2.82158 0.0025 0.761151 0.682448 2.24149 0.006569 113 4 1 8.25955e-07 
-0.227957 -0.306004 -2.80272 0.0025 0.766747 0.689484 2.24807 0.00652105 114 4 1 8.29886e-07 
-0.224708 -0.29787 -2.82049 0.0025 0.772329 0.696523 2.2546 0.00647392 115 4 1 8.6965e-07 
-0.221483 -0.289729 -2.85736 0.0025 0.777933 0.703606 2.26113 0.00642729 116 4 1 7.9428e-07 
-0.218281 -0.281659 -2.8059 0.0025 0.783512 0.710678 2.2676 0.00638153 117 4 1 7.42027e-07 
-0.215102 -0.273774 -2.79843 0.0025 0.789036 0.717708 2.27398 0.00633684 118 4 1 8.37753e-07 
-0.211944 -0.265858 -2.86817 0.0025 0.79459 0.72479 2.28037 0.00629255 119 4 1 8.2119e-07 
-0.208809 -0.257912 -2.85312 0.0025 0.800168 0.73192 2.28676 0.00624868 120 4 1 7.22162e-07 
-0.205695 -0.250128 -2.81727 0.0025 0.805699 0.739012 2.29307 0.00620579 121 4 1 7.28444e-07 
-0.202603 -0.242433 -2.82735 0.0025 0.811198 0.746086 2.29931 0.00616372 122 4 1 7.88948e-07 
-0.199532 -0.234721 -2.87547 0.0025 0.816723 0.753209 2.30557 0.00612202 123 4 1 7.60616e-07 
-0.196481 -0.227021 -2.86165 0.0025 0.822257 0.760361 2.3118 0.00608082 124 4 1 6.74718e-07 
-0.193451 -0.219454 -2.82092 0.0025 0.82774 0.767468 2.31795 0.00604054 125 4 1 6.69524e-07 
-0.19044 -0.212004 -2.8192 0.0025 0.833181 0.774543 2.32403 0.0060011 126 4 1 7.51413e-07 
-0.18745 -0.204547 -2.88517 0.0025 0.838653 0.781675 2.33013 0.00596194 127 4 1 7.57653e-07 
-0.184478 -0.197004 -2.89694 0.0025 0.844166 0.788874 2.33625 0.00592301 128 4 1 6.44439e-07 
-0.181526 -0.189629 -2.83547 0.0025 0.849632 0.796033 2.34228 0.0058849 129 4 1 6.00045e-07 
-0.178593 -0.182408 -2.81069 0.0025 0.855029 0.803124 2.34822 0.00584776 130 4 1 7.12336e-07 
-0.175679 -0.175179 -2.89947 0.0025 0.860456 0.810273 2.35417 0.00581087 131 4 1 7.58879e-07 
-0.172782 -0.167793 -2.93717 0.0025 0.865953 0.817523 2.36018 0.00577398 132 4 1 5.87783e-07 
-0.169905 -0.160573 -2.82594 0.0025 0.871386 0.824708 2.36609 0.00573798 133 4 1 4.9435e-07 
-0.167044 -0.153647 -2.76603 0.0025 0.876692 0.831754 2.37184 0.00570326 134 4 1 6.72313e-07 
-0.164201 -0.146681 -2.89327 0.0025 0.882033 0.838862 2.37761 0.00566872 135 4 1 8.02821e-07 
-0.161376 -0.139465 -2.99523 0.0025 0.887514 0.846163 2.38351 0.00563371 136 4 1 5.95687e-07 
-0.158568 -0.13233 -2.86258 0.0025 0.892963 0.853436 2.38935 0.00559933 137 4 1 4.05015e-07 
-0.155776 -0.125592 -2.74084 0.0025 0.898231 0.8605 2.39498 0.00556649 138 4 1 5.85484e-07 
-0.153001 -0.118897 -2.86281 0.0025 0.903488 0.867568 2.40057 0.00553411 139 4 1 8.08475e-07 
-0.150242 -0.111886 -3.0291 0.0025 0.908923 0.874878 2.40634 0.00550101 140 4 1 6.3589e-07 
-0.1475 -0.104825 -2.9245 0.0025 0.914385 0.882234 2.41212 0.00546816 141 4 1 3.29818e-07 
-0.144774 -0.0982362 -2.71277 0.0025 0.919621 0.889317 2.41763 0.00543702 142 4 1 4.21831e-07 
-0.142063 -0.0918859 -2.76031 0.0025 0.924734 0.896261 2.42299 0.00540696 143 4 1 7.41094e-07 
-0.139367 -0.0852527 -2.97892 0.0025 0.930012 0.903432 2.42851 0.00537627 144 4 1 7.46193e-07 
-0.136687 -0.0783315 -3.01636 0.0025 0.93545 0.910823 2.43419 0.00534502 145 4 1 4.18299e-07 
-0.134022 -0.0717048 -2.80135 0.0025 0.940759 0.918062 2.43971 0.00531486 146 4 1 2.91521e-07 
-0.131372 -0.0654679 -2.70079 0.0025 0.945845 0.925028 2.44497 0.00528628 147 4 1 5.43453e-07 
-0.128735 -0.0592543 -2.85356 0.0025 0.950952 0.932037 2.45023 0.00525789 148 4 1 7.57561e-07 
-0.126114 -0.0526457 -3.03895 0.0025 0.956264 0.939328 2.45571 0.00522868 149 4 1 5.63108e-07 
-0.123507 -0.0460029 -2.92209 0.0025 0.961598 0.946654 2.46119 0.00519968 150 4 1 1.28006e-07 
-0.120914 -0.039933 -2.54475 0.0025 0.966596 0.95355 2.46628 0.00517279 151 4 1 2.27194e-07 
-0.118334 -0.0343774 -2.60353 0.0025 0.971382 0.960195 2.47114 0.00514731 152 4 1 9.71152e-07 
-0.115767 -0.0280506 -3.25378 0.0025 0.976583 0.967402 2.47645 0.00511989 153 4 1 7.48295e-07 
-0.113214 -0.0210917 -3.01084 0.0025 0.981985 0.974845 2.48195 0.00509173 154 4 1 -7.19985e-07 
-0.110675 -0.0159453 -1.67132 0.0025 0.986388 0.980974 2.48635 0.005069 155 4 1 -8.52727e-08 
-0.108145 -0.0120742 -2.31738 0.0025 0.990388 0.986653 2.49033 0.00504853 156 4 1 2.53691e-06 
-0.105626 -0.00471533 -4.591 0.0025 0.996166 0.994696 2.49622 0.00501924 157 4 1 8.66386e-07 
-0.103126 0.00387166 -3.005 0.0025 1.00226 1.00305 2.50238 0.00498872 158 4 1 -3.08592e-06 
-0.100638 0.00659242 0.309948 0.0025 1.0052 1.00723 2.50519 0.00497413 159 4 1 -6.18117e-07 
-0.0981516 0.00729337 -1.66845 0.0025 1.00721 1.01024 2.50713 0.00496421 160 4 1 3.54346e-06 
-0.0956734 0.0143424 -4.57893 0.0025 1.01222 1.0172 2.51223 0.00493966 161 4 1 6.83346e-07 
-0.0932118 0.0217977 -2.45474 0.0025 1.01768 1.02474 2.5177 0.00491313 162 4 1 -2.72775e-06 
-0.0907602 0.0242621 -0.208464 0.0025 1.02017 1.02826 2.5201 0.00490116 163 4 1 -1.6943e-06 
-0.0883107 0.0243057 0.132088 0.0025 1.02054 1.02885 2.52044 0.00489937 164 3 1 -4.41151e-07 
-0.0858609 0.0240053 0.171231 0.0025 1.02027 1.02849 2.52018 0.00490065 165 4 1 -2.45352e-07 
-0.08341 0.0234443 0.308617 0.0025 1.0197 1.02768 2.51961 0.00490342 166 4 1 -2.99795e-07 
-0.0809574 0.0224662 0.53041 0.0025 1.01876 1.02636 2.51869 0.00490792 167 4 1 -2.91075e-07 
-0.0785021 0.021034 0.750046 0.0025 1.01747 1.02453 2.5174 0.00491417 168 4 1 -2.1359e-07 
-0.0760433 0.0192262 0.918107 0.0025 1.01588 1.02231 2.51583 0.00492183 169 4 1 -1.08239e-07 
-0.0735803 0.0171705 1.01922 0.0025 1.01412 1.01982 2.51407 0.0049304 170 4 1 -5.69546e-09 
-0.0711129 0.0149998 1.05588 0.0025 1.01228 1.01724 2.51224 0.00493935 171 4 1 7.8402e-08 
-0.0686409 0.0128312 1.03848 0.0025 1.01046 1.01468 2.51044 0.00494824 172 4 1 1.38726e-07 
-0.0661646 0.0107572 0.980064 0.0025 1.00874 1.01226 2.50872 0.00495669 173 4 1 1.75864e-07 
-0.0636842 0.00884389 0.89364 0.0025 1.00716 1.01005 2.50714 0.00496446 174 4 1 1.93288e-07 
-0.0612002 0.00713307 0.790799 0.0025 1.00576 1.00808 2.50574 0.00497139 175 4 1 1.95457e-07 
-0.0587128 0.00564534 0.681146 0.0025 1.00454 1.00637 2.50453 0.0049774 176 4 1 1.8674e-07 
-0.0562228 0.00438448 0.572154 0.0025 1.00352 1.00494 2.50351 0.00498248 177 4 1 1.70929e-07 
-0.0537304 0.00334157 0.469266 0.0025 1.00267 1.00375 2.50267 0.00498667 178 4 1 1.51087e-07 
-0.0512361 0.0024989 0.376096 0.0025 1.00199 1.0028 2.50199 0.00499005 179 4 1 1.29569e-07 
-0.0487403 0.00183338 0.29469 0.0025 1.00146 1.00205 2.50146 0.00499271 180 4 1 1.08107e-07 
-0.0462434 0.00131942 0.225814 0.0025 1.00105 1.00147 2.50105 0.00499476 181 4 1 8.79038e-08 
-0.0437456 0.000931211 0.169252 0.0025 1.00074 1.00104 2.50074 0.00499631 182 4 1 6.97259e-08 
-0.0412471 0.000644386 0.124094 0.0025 1.00051 1.00072 2.50051 0.00499745 183 4 1 5.39833e-08 
-0.0387481 0.000437072 0.0890028 0.0025 1.00035 1.00049 2.50034 0.00499827 184 4 1 4.08073e-08 
-0.0362488 0.000290488 0.0624411 0.0025 1.00023 1.00032 2.50023 0.00499885 185 4 1 3.01227e-08 
-0.0337493 0.000189106 0.0428446 0.0025 1.00015 1.00021 2.50015 0.00499925 186 4 1 2.17143e-08 
-0.0312495 0.000120528 0.0287471 0.0025 1.0001 1.00013 2.50009 0.00499952 187 4 1 1.52853e-08 
-0.0287497 7.5171e-05 0.0188556 0.0025 1.00006 1.00008 2.50006 0.0049997 188 4 1 1.05058e-08 
-0.0262498 4.58476e-05 0.0120858 0.0025 1.00004 1.00005 2.50004 0.00499982 189 4 1 7.04908e-09 
-0.0237499 2.7325e-05 0.00756629 0.0025 1.00002 1.00003 2.50002 0.00499989 190 4 1 4.61597e-09 
-0.02125 1.58997e-05 0.00462378 0.0025 1.00001 1.00002 2.50001 0.00499994 191 4 1 2.9489e-09 
-0.01875 9.02252e-06 0.00275601 0.0025 1.00001 1.00001 2.50001 0.00499996 192 4 1 1.83699e-09 
-0.01625 4.98656e-06 0.00160068 0.0025 1 1.00001 2.5 0.00499998 193 4 1 1.11515e-09 
-0.01375 2.6797e-06 0.000904723 0.0025 1 1 2.5 0.00499999 194 4 1 6.59217e-10 
-0.01125 1.39707e-06 0.000496689 0.0025 1 1 2.5 0.00499999 195 4 1 3.79309e-10 
-0.00875 7.03931e-07 0.000263823 0.0025 1 1 2.5 0.005 196 4 1 2.12732e-10 
-0.00625 3.39078e-07 0.000133902 0.0025 1 1 2.5 0.005 197 4 1 1.17463e-10 
-0.00375 1.48617e-07 6.14686e-05 0.0025 1 1 2.5 0.005 198 4 1 6.67316e-11 
-0.00125 4.13937e-08 1.7624e-05 0.0025 1 1 2.5 0.005 199 5 1 4.49336e-11 
0.00125 -4.13937e-08 -1.7624e-05 0.0025 1 1 2.5 0.005 200 4 1 4.49336e-11 
0.00375 -1.48617e-07 -6.14686e-05 0.0025 1 1 2.5 0.005 201 4 1 6.67316e-11 
0.00625 -3.39078e-07 -0.000133902 0.0025 1 1 2.5 0.005 202 4 1 1.17463e-10 
0.00875 -7.03931e-07 -0.000263823 0.0025 1 1 2.5 0.005 203 4 1 2.12732e-10 
0.01125 -1.39707e-06 -0.000496689 0.0025 1 1 2.5 0.00499999 204 4 1 3.79309e-10 
0.01375 -2.6797e-06 -0.000904723 0.0025 1 1 2.5 0.00499999 205 4 1 6.59217e-10 
0.01625 -4.98656e-06 -0.00160068 0.0025 1 1.00001 2.5 0.00499998 206 4 1 1.11515e-09 
0.01875 -9.02252e-06 -0.00275601 0.0025 1.00001 1.00001 2.50001 0.00499996 207 4 1 1.83699e-09 
0.02125 -1.58997e-05 -0.00462378 0.0025 1.00001 1.00002 2.50001 0.00499994 208 4 1 2.9489e-09 
0.0237499 -2.7325e-05 -0.00756629 0.0025 1.00002 1.00003 2.50002 0.00499989 209 4 1 4.61597e-09 
0.0262498 -4.58476e-05 -0.0120858 0.0025 1.00004 1.00005 2.50004 0.00499982 210 4 1 7.04908e-09 
0.0287497 -7.5171e-05 -0.0188556 0.0025 1.00006 1.00008 2.50006 0.0049997 211 4 1 1.05058e-08 
0.0312495 -0.000120528 -0.0287471 0.0025 1.0001 1.00013 2.50009 0.00499952 212 4 1 1.52853e-08 
0.0337493 -0.000189106 -0.0428446 0.0025 1.00015 1.00021 2.50015 0.00499925 213 4 1 2.17143e-08 
0.0362488 -0.000290488 -0.0624411 0.0025 1.00023 1.00032 2.50023 0.00499885 214 4 1 3.01227e-08 
0.0387481 -0.000437072 -0.0890028 0.0025 1.00035 1.00049 2.50034 0.00499827 215 4 1 4.08073e-08 
0.0412471 -0.000644386 -0.124094 0.0025 1.00051 1.00072 2.50051 0.00499745 216 4 1 5.39833e-08 
0.0437456 -0.000931211 -0.169252 0.0025 1.00074 1.00104 2.50074 0.00499631 217 4 1 6.97259e-08 
0.0462434 -0.00131942 -0.225814 0.0025 1.00105 1.00147 2.50105 0.00499476 218 4 1 8.79038e-08 
0.0487403 -0.00183338 -0.29469 0.0025 1.00146 1.00205 2.50146 0.00499271 219 4 1 1.08107e-07 
0.0512361 -0.0024989 -0.376096 0.0025 1.00199 1.0028 2.50199 0.00499005 220 4 1 1.29569e-07 
0.0537304 -0.00334157 -0.469266 0.0025 1.00267 1.00375 2.50267 0.00498667 221 4 1 1.51087e-07 
0.0562228 -0.00438448 -0.572154 0.0025 1.00352 1.00494 2.50351 0.00498248 222 4 1 1.70929e-07 
0.0587128 -0.00564534 -0.681146 0.0025 1.00454 1.00637 2.50453 0.0049774 223 4 1 1.8674e-07 
0.0612002 -0.00713307 -0.790799 0.0025 1.00576 1.00808 2.50574 0.00497139 224 4 1 1.95457e-07 
0.0636842 -0.00884389 -0.89364 0.0025 1.00716 1.01005 2.50714 0.00496446 225 4 1 1.93288e-07 
0.0661646 -0.0107572 -0.980064 0.0025 1.00874 1.01226 2.50872 0.00495669 226 4 1 1.75864e-07 
0.0686409 -0.0128312 -1.03848 0.0025 1.01046 1.01468 2.51044 0.00494824 227 4 1 1.38726e-07 
0.0711129 -0.0149998 -1.05588 0.0025 1.01228 1.01724 2.51224 0.00493935 228 4 1 7.8402e-08 
0.0735803 -0.0171705 -1.01922 0.0025 1.01412 1.01982 2.51407 0.0049304 229 4 1 -5.69546e-09 
0.0760433 -0.0192262 -0.918107 0.0025 1.01588 1.02231 2.51583 0.00492183 230 4 1 -1.08239e-07 
0.0785021 -0.021034 -0.750046 0.0025 1.01747 1.02453 2.5174 0.00491417 231 4 1 -2.1359e-07 
0.0809574 -0.0224662 -0.53041 0.0025 1.01876 1.02636 2.51869 0.00490792 232 4 1 -2.91075e-07 
0.08341 -0.0234443 -0.308617 0.0025 1.0197 1.02768 2.51961 0.00490342 233 4 1 -2.99795e-07 
0.0858609 -0.0240053 -0.171231 0.0025 1.02027 1.02849 2.52018 0.00490065 234 4 1 -2.45352e-07 
0.0883107 -0.0243057 -0.132088 0.0025 1.02054 1.02885 2.52044 0.00489937 235 3 1 -4.41151e-07 
0.0907602 -0.0242621 0.208464 0.0025 1.02017 1.02826 2.5201 0.00490116 236 4 1 -1.6943e-06 
0.0932118 -0.0217977 2.45474 0.0025 1.01768 1.02474 2.5177 0.00491313 237 4 1 -2.72775e-06 
0.0956734 -0.0143424 4.57893 0.0025 1.01222 1.0172 2.51223 0.00493966 238 4 1 6.83346e-07 
0.0981516 -0.00729337 1.66845 0.0025 1.00721 1.01024 2.50713 0.00496421 239 4 1 3.54346e-06 
0.100638 -0.00659242 -0.309948 0.0025 1.0052 1.00723 2.50519 0.00497413 240 4 1 -6.18117e-07 
0.103126 -0.00387166 3.005 0.0025 1.00226 1.00305 2.50238 0.00498872 241 4 1 -3.08592e-06 
0.105626 0.00471533 4.591 0.0025 0.996166 0.994696 2.49622 0.00501924 242 4 1 8.66386e-07 
0.108145 0.0120742 2.31738 0.0025 0.990388 0.986653 2.49033 0.00504853 243 4 1 2.53691e-06 
0.110675 0.0159453 1.67132 0.0025 0.986388 0.980974 2.48635 0.005069 244 4 1 -8.52727e-08 
0.113214 0.0210917 3.01084 0.0025 0.981985 0.974845 2.48195 0.00509173 245 4 1 -7.19985e-07 
0.115767 0.0280506 3.25378 0.0025 0.976583 0.967402 2.47645 0.00511989 246 4 1 7.48295e-07 
0.118334 0.0343774 2.60353 0.0025 0.971382 0.960195 2.47114 0.00514731 247 4 1 9.71152e-07 
0.120914 0.039933 2.54475 0.0025 0.966596 0.95355 2.46628 0.00517279 248 4 1 2.27194e-07 
0.123507 0.0460029 2.92209 0.0025 0.961598 0.946654 2.46119 0.00519968 249 4 1 1.28006e-07 
0.126114 0.0526457 3.03895 0.0025 0.956264 0.939328 2.45571 0.00522868 250 4 1 5.63108e-07 
0.128735 0.0592543 2.85356 0.0025 0.950952 0.932037 2.45023 0.00525789 251 4 1 7.57561e-07 
0.131372 0.0654679 2.70079 0.0025 0.945845 0.925028 2.44497 0.00528628 252 4 1 5.43453e-07 
0.134022 0.0717048 2.80135 0.0025 0.940759 0.918062 2.43971 0.00531486 253 4 1 2.91521e-07 
0.136687 0.0783315 3.01636 0.0025 0.93545 0.910823 2.43419 0.00534502 254 4 1 4.18299e-07 
0.139367 0.0852527 2.97892 0.0025 0.930012 0.903432 2.42851 0.00537627 255 4 1 7.46193e-07 
0.142063 0.0918859 2.76031 0.0025 0.924734 0.896261 2.42299 0.00540696 256 4 1 7.41094e-07 
0.144774 0.0982362 2.71277 0.0025 0.919621 0.889317 2.41763 0.00543702 257 4 1 4.21831e-07 
0.1475 0.104825 2.9245 0.0025 0.914385 0.882234 2.41212 0.00546816 258 4 1 3.29818e-07 
0.150242 0.111886 3.0291 0.0025 0.908923 0.874878 2.40634 0.00550101 259 4 1 6.3589e-07 
0.153001 0.118897 2.86281 0.0025 0.903488 0.867568 2.40057 0.00553411 260 4 1 8.08475e-07 
0.155776 0.125592 2.74084 0.0025 0.898231 0.8605 2.39498 0.00556649 261 4 1 5.85484e-07 
0.158568 0.13233 2.86258 0.0025 0.892963 0.853436 2.38935 0.00559933 262 4 1 4.05015e-07 
0.161376 0.139465 2.99523 0.0025 0.887514 0.846163 2.38351 0.00563371 263 4 1 5.95687e-07 
0.164201 0.146681 2.89327 0.0025 0.882033 0.838862 2.37761 0.00566872 264 4 1 8.02821e-07 
0.167044 0.153647 2.76603 0.0025 0.876692 0.831754 2.37184 0.00570326 265 4 1 6.72313e-07 
0.169905 0.160573 2.82594 0.0025 0.871386 0.824708 2.36609 0.00573798 266 4 1 4.9435e-07 
0.172782 0.167793 2.93717 0.0025 0.865953 0.817523 2.36018 0.00577398 267 4 1 5.87783e-07 
0.175679 0.175179 2.89947 0.0025 0.860456 0.810273 2.35417 0.00581087 268 4 1 7.58879e-07 
0.178593 0.182408 2.81069 0.0025 0.855029 0.803124 2.34822 0.00584776 269 4 1 7.12336e-07 
0.181526 0.189629 2.83547 0.0025 0.849632 0.796033 2.34228 0.0058849 270 4 1 6.00045e-07 
0.184478 0.197004 2.89694 0.0025 0.844166 0.788874 2.33625 0.00592301 271 4 1 6.44439e-07 
0.18745 0.204547 2.88517 0.0025 0.838653 0.781675 2.33013 0.00596194 272 4 1 7.57653e-07 
0.19044 0.212004 2.8192 0.0025 0.833181 0.774543 2.32403 0.0060011 273 4 1 7.51413e-07 
0.193451 0.219454 2.82092 0.0025 0.82774 0.767468 2.31795 0.00604054 274 4 1 6.69524e-07 
0.196481 0.227021 2.86165 0.0025 0.822257 0.760361 2.3118 0.00608082 275 4 1 6.74718e-07 
0.199532 0.234721 2.87547 0.0025 0.816723 0.753209 2.30557 0.00612202 276 4 1 7.60616e-07 
0.202603 0.242433 2.82735 0.0025 0.811198 0.746086 2.29931 0.00616372 277 4 1 7.88948e-07 
0.205695 0.250128 2.81727 0.0025 0.805699 0.739012 2.29307 0.00620579 278 4 1 7.28444e-07 
0.208809 0.257912 2.85312 0.0025 0.800168 0.73192 2.28676 0.00624868 279 4 1 7.22162e-07 
0.211944 0.265858 2.86817 0.0025 0.79459 0.72479 2.28037 0.00629255 280 4 1 8.2119e-07 
0.215102 0.273774 2.79843 0.0025 0.789036 0.717708 2.27398 0.00633684 281 4 1 8.37753e-07 
0.218281 0.281659 2.8059 0.0025 0.783512 0.710678 2.2676 0.00638153 282 4 1 7.42027e-07 
0.221483 0.289729 2.85736 0.0025 0.777933 0.703606 2.26113 0.00642729 283 4 1 7.9428e-07 
0.224708 0.29787 2.82049 0.0025 0.772329 0.696523 2.2546 0.00647392 284 4 1 8.6965e-07 
0.227957 0.306004 2.80272 0.0025 0.766747 0.689484 2.24807 0.00652105 285 4 1 8.29886e-07 
0.23123 0.314214 2.82158 0.0025 0.761151 0.682448 2.24149 0.006569 286 4 1 8.25955e-07 
0.234526 0.322529 2.82518 0.0025 0.755525 0.675398 2.23485 0.00661792 287 4 1 8.73602e-07 
0.237848 0.330906 2.80584 0.0025 0.749895 0.668363 2.22817 0.0066676 288 4 1 9.0523e-07 
0.241194 0.339267 2.78635 0.0025 0.744277 0.661362 2.22148 0.00671793 289 4 1 8.70101e-07 
0.244566 0.347751 2.82159 0.0025 0.738633 0.654353 2.21473 0.00676926 290 4 1 8.86228e-07 
0.247963 0.356332 2.79823 0.0025 0.732966 0.647336 2.20791 0.0068216 291 4 1 9.4502e-07 
0.251387 0.364937 2.78927 0.0025 0.727305 0.640347 2.20108 0.00687469 292 4 1 9.27903e-07 
0.254838 0.373637 2.79803 0.0025 0.72163 0.633363 2.19419 0.00692876 293 4 1 9.43847e-07 
0.258316 0.382414 2.78852 0.0025 0.715941 0.626385 2.18726 0.00698381 294 4 1 9.81662e-07 
0.261822 0.391237 2.77312 0.0025 0.710257 0.619433 2.18029 0.00703971 295 4 1 9.91866e-07 
0.265356 0.400086 2.76762 0.0025 0.704575 0.612507 2.1733 0.00709648 296 4 1 9.95835e-07 
0.268919 0.409037 2.76192 0.0025 0.698891 0.605602 2.16627 0.00715419 297 4 1 1.03435e-06 
0.27251 0.417977 2.72856 0.0025 0.693229 0.598745 2.15923 0.00721263 298 4 1 1.05502e-06 
0.276131 0.426937 2.71446 0.0025 0.687599 0.591949 2.1522 0.00727169 299 4 1 1.06965e-06 
0.279782 0.435919 2.66843 0.0025 0.682016 0.585233 2.1452 0.00733121 300 4 1 1.11773e-06 
0.283463 0.444762 2.60111 0.0025 0.676524 0.578646 2.13827 0.00739072 301 4 1 1.09163e-06 
0.287173 0.453542 2.57051 0.0025 0.671116 0.57218 2.13142 0.00745027 302 4 1 1.06115e-06 
0.290913 0.46227 2.51721 0.0025 0.665784 0.565827 2.12463 0.00750994 303 4 1 1.08084e-06 
0.294683 0.47085 2.4486 0.0025 0.660554 0.559614 2.11794 0.0075694 304 4 1 1.03597e-06 
0.298483 0.479338 2.41778 0.0025 0.655408 0.553517 2.11132 0.00762884 305 4 1 9.73186e-07 
0.302312 0.487818 2.39142 0.0025 0.650307 0.547495 2.10473 0.00768868 306 4 1 9.40917e-07 
0.306171 0.496314 2.38353 0.0025 0.645225 0.541514 2.09814 0.00774923 307 4 1 9.05828e-07 
0.310061 0.504882 2.3909 0.0025 0.640131 0.535537 2.0915 0.00781091 308 4 1 8.97698e-07 
0.313983 0.513585 2.40024 0.0025 0.635002 0.529539 2.08478 0.00787399 309 4 1 8.97255e-07 
0.317936 0.522415 2.42852 0.0025 0.629817 0.523494 2.07796 0.00793882 310 4 1 8.99268e-07 
0.321921 0.531476 2.46489 0.0025 0.62455 0.517376 2.07099 0.00800577 311 4 1 9.46209e-07 
0.325941 0.540714 2.4841 0.0025 0.619204 0.511188 2.06388 0.00807488 312 4 1 9.88587e-07 
0.329996 0.550171 2.52224 0.0025 0.613776 0.504925 2.05663 0.00814629 313 4 1 1.01359e-06 
0.334088 0.559881 2.56323 0.0025 0.608248 0.498571 2.0492 0.00822033 314 4 1 1.0806e-06 
0.338217 0.569806 2.592 0.0025 0.602628 0.492136 2.04161 0.00829699 315 4 1 1.16907e-06 
0.342385 0.57995 2.60523 0.0025 0.596944 0.485652 2.03389 0.00837599 316 4 1 1.24978e-06 
0.346593 0.590231 2.61256 0.0025 0.591223 0.479151 2.02607 0.00845705 317 4 1 1.34545e-06 
0.350842 0.600617 2.58401 0.0025 0.585516 0.472693 2.01822 0.00853948 318 4 1 1.48308e-06 
0.355133 0.610878 2.49478 0.0025 0.579924 0.466391 2.01049 0.00862182 319 4 1 1.60328e-06 
0.359464 0.620773 2.34914 0.0025 0.574569 0.460379 2.00305 0.00870217 320 4 1 1.66223e-06 
0.363835 0.630062 2.14716 0.0025 0.569569 0.454783 1.99606 0.00877856 321 4 1 1.60854e-06 
0.368243 0.638599 1.94514 0.0025 0.564989 0.44967 1.98962 0.00884973 322 4 1 1.4581e-06 
0.372685 0.646353 1.74692 0.0025 0.560835 0.445047 1.98376 0.00891528 323 4 1 1.27362e-06 
0.377158 0.653423 1.58417 0.0025 0.557083 0.440884 1.97844 0.00897533 324 4 1 1.13091e-06 
0.381661 0.659822 1.40538 0.0025 0.553729 0.437177 1.97367 0.00902969 325 4 1 1.11212e-06 
0.386188 0.665375 1.16485 0.0025 0.550859 0.434016 1.96957 0.00907674 326 4 1 1.19707e-06 
0.390737 0.669668 0.796585 0.0025 0.54865 0.431585 1.96641 0.00911329 327 4 1 1.15888e-06 
0.395302 0.672361 0.452737 0.0025 0.547191 0.429972 1.96432 0.00913758 328 4 1 8.26849e-07 
0.399875 0.673881 0.257285 0.0025 0.546323 0.429006 1.96307 0.00915209 329 4 1 4.43008e-07 
0.404454 0.674837 0.180236 0.0025 0.545793 0.428418 1.96232 0.00916098 330 4 1 2.84446e-07 
0.409036 0.675431 0.0752755 0.0025 0.545489 0.428085 1.96188 0.00916608 331 4 1 2.53971e-07 
0.41362 0.675556 -0.0145734 0.0025 0.545391 0.427972 1.96174 0.00916773 332 4 1 1.1522e-07 
0.418204 0.67552 -0.00427639 0.0025 0.545389 0.427966 1.96174 0.00916777 333 5 1 1.98817e-08 
0.422788 0.67548 -0.0177721 0.0025 0.545404 0.427984 1.96177 0.00916751 334 4 1 2.73074e-08 
0.427371 0.675392 -0.0255812 0.0025 0.545442 0.428026 1.96183 0.00916687 335 4 1 2.19579e-08 
0.431954 0.675275 -0.0311763 0.0025 0.545499 0.428089 1.96191 0.00916593 336 4 1 1.50441e-08 
0.436537 0.675139 -0.0343813 0.0025 0.545567 0.428164 1.96201 0.00916477 337 4 1 9.1559e-09 
0.441119 0.674991 -0.0354673 0.0025 0.545643 0.428248 1.96213 0.00916351 338 4 1 3.44595e-09 
0.445701 0.674839 -0.0350414 0.0025 0.545721 0.428335 1.96224 0.00916219 339 4 1 -4.60369e-10 
0.450281 0.674687 -0.0336808 0.0025 0.545799 0.428421 1.96236 0.00916088 340 4 1 -2.28501e-09 
0.454861 0.674543 -0.0318276 0.0025 0.545874 0.428505 1.96247 0.00915962 341 4 1 -3.87464e-09 
0.459441 0.674408 -0.0296058 0.0025 0.545946 0.428584 1.96258 0.00915842 342 4 1 -6.50525e-09 
0.46402 0.674284 -0.027097 0.0025 0.546012 0.428658 1.96268 0.0091573 343 4 1 -6.95818e-09 
0.468598 0.674172 -0.0244546 0.0025 0.546073 0.428725 1.96277 0.00915628 344 4 1 -6.12722e-09 
0.473176 0.67407 -0.0218915 0.0025 0.546128 0.428786 1.96285 0.00915537 345 4 1 -6.40733e-09 
0.477754 0.673979 -0.0195768 0.0025 0.546177 0.428841 1.96293 0.00915455 346 4 1 -6.73417e-09 
0.482331 0.673897 -0.0175266 0.0025 0.546221 0.428891 1.96299 0.00915381 347 4 1 -5.54443e-09 
0.486907 0.673825 -0.0156562 0.0025 0.54626 0.428935 1.96305 0.00915316 348 4 1 -4.49792e-09 
0.491484 0.67376 -0.013896 0.0025 0.546294 0.428974 1.96311 0.00915258 349 4 1 -5.14669e-09 
0.49606 0.673702 -0.0122297 0.0025 0.546324 0.429008 1.96316 0.00915207 350 4 1 -5.14593e-09 
0.500636 0.673649 -0.0106687 0.0025 0.546351 0.429038 1.9632 0.00915163 351 4 1 -3.91628e-09 
0.505212 0.673601 -0.00921825 0.0025 0.546373 0.429064 1.96324 0.00915125 352 4 1 -3.22645e-09 
0.509787 0.673556 -0.00787813 0.0025 0.546393 0.429087 1.96327 0.00915093 353 4 1 -4.06585e-09 
0.514363 0.673514 -0.0066856 0.0025 0.546409 0.429106 1.9633 0.00915066 354 4 1 -3.06333e-09 
0.518938 0.673475 -0.00573017 0.0025 0.546423 0.429123 1.96333 0.00915042 355 4 1 -9.33545e-10 
0.523513 0.673439 -0.0050864 0.0025 0.546435 0.429137 1.96335 0.00915022 356 4 1 -1.17626e-09 
0.528088 0.673406 -0.00472831 0.0025 0.546446 0.429151 1.96337 0.00915004 357 4 1 -1.34439e-09 
0.532663 0.673378 -0.00452846 0.0025 0.546456 0.429163 1.96339 0.00914987 358 4 1 -1.58295e-10 
0.537238 0.673353 -0.00434399 0.0025 0.546465 0.429175 1.96342 0.00914971 359 4 1 2.62041e-11 
0.541813 0.673331 -0.00409936 0.0025 0.546474 0.429187 1.96344 0.00914957 360 4 1 -1.5299e-09 
0.546387 0.673312 -0.00379953 0.0025 0.546482 0.429197 1.96346 0.00914943 361 4 1 -7.38332e-10 
0.550962 0.673294 -0.00348786 0.0025 0.546489 0.429207 1.96347 0.00914932 362 4 1 6.45164e-10 
0.555537 0.673278 -0.00320103 0.0025 0.546495 0.429216 1.96349 0.00914921 363 4 1 -1.56805e-09 
0.560111 0.673263 -0.00295176 0.0025 0.5465 0.429224 1.96351 0.00914912 364 4 1 -8.08799e-10 
0.564686 0.673249 -0.00273511 0.0025 0.546505 0.429231 1.96353 0.00914904 365 4 1 1.58584e-09 
0.56926 0.673237 -0.00253996 0.0025 0.546509 0.429238 1.96354 0.00914898 366 4 1 -1.31349e-09 
0.573835 0.673225 -0.00235562 0.0025 0.546513 0.429244 1.96356 0.00914892 367 4 1 -1.31316e-09 
0.578409 0.673215 -0.00217481 0.0025 0.546516 0.42925 1.96358 0.00914886 368 4 1 1.53733e-09 
0.582984 0.673205 -0.00199616 0.0025 0.546518 0.429256 1.96359 0.00914882 369 4 1 1.13551e-10 
0.587558 0.673196 -0.00182575 0.0025 0.54652 0.429261 1.96361 0.0091488 370 4 1 -1.10268e-09 
0.592133 0.673187 -0.00167428 0.0025 0.546521 0.429265 1.96363 0.00914877 371 4 1 5.98854e-10 
0.596707 0.673179 -0.0015499 0.0025 0.546522 0.42927 1.96364 0.00914876 372 4 1 1.0182e-09 
0.601281 0.673172 -0.00145151 0.0025 0.546522 0.429273 1.96366 0.00914876 373 3 1 -5.30112e-10 
0.605856 0.673165 -0.00136814 0.0025 0.546522 0.429277 1.96368 0.00914876 374 4 1 5.70549e-10 
0.61043 0.673159 -0.00128564 0.0025 0.546522 0.429281 1.96369 0.00914877 375 4 1 1.29485e-09 
0.615004 0.673153 -0.00119583 0.0025 0.546521 0.429284 1.96371 0.00914878 376 4 1 -3.68169e-10 
0.619579 0.673148 -0.00110115 0.0025 0.546519 0.429287 1.96373 0.00914881 377 4 1 8.68009e-10 
0.624153 0.673143 -0.0010114 0.0025 0.546517 0.42929 1.96375 0.00914884 378 4 1 1.02925e-09 
0.628728 0.673138 -0.000935554 0.0025 0.546515 0.429292 1.96377 0.00914889 379 4 1 1.03953e-09 
0.633302 0.673134 -0.00087536 0.0025 0.546511 0.429294 1.96379 0.00914894 380 4 1 2.5917e-09 
0.637877 0.67313 -0.000825297 0.0025 0.546507 0.429297 1.96382 0.00914901 381 4 1 -1.29597e-09 
0.642451 0.673126 -0.00077789 0.0025 0.546503 0.429299 1.96384 0.00914908 382 4 1 1.37587e-09 
0.647026 0.673122 -0.000729278 0.0025 0.546498 0.429301 1.96387 0.00914916 383 4 1 4.79425e-09 
0.6516 0.673119 -0.00068077 0.0025 0.546493 0.429303 1.9639 0.00914926 384 4 1 -1.68446e-09 
0.656175 0.673116 -0.000636156 0.0025 0.546486 0.429304 1.96393 0.00914936 385 4 1 2.02908e-09 
0.66075 0.673113 -0.000597859 0.0025 0.54648 0.429306 1.96396 0.00914947 386 4 1 3.49365e-09 
0.665324 0.673111 -0.000565151 0.0025 0.546472 0.429307 1.964 0.00914961 387 4 1 2.78092e-09 
0.669899 0.673108 -0.000535263 0.0025 0.546462 0.429309 1.96404 0.00914976 388 4 1 4.66172e-09 
0.674474 0.673106 -0.000505829 0.0025 0.546452 0.42931 1.96408 0.00914993 389 4 1 -2.30488e-09 
0.679049 0.673104 -0.000476477 0.0025 0.546442 0.429312 1.96412 0.00915011 390 4 1 5.4142e-09 
0.683624 0.673102 -0.000448545 0.0025 0.54643 0.429313 1.96417 0.0091503 391 4 1 4.70847e-09 
0.6882 0.6731 -0.000423562 0.0025 0.546416 0.429314 1.96423 0.00915053 392 4 1 8.18628e-09 
0.692775 0.673098 -0.000401946 0.0025 0.546404 0.429318 1.96429 0.00915074 393 4 1 -3.55345e-09 
0.69735 0.673096 -0.000382901 0.0025 0.546381 0.42932 1.96435 0.00915112 394 4 1 1.43691e-07 
0.701926 0.673095 -0.000365342 0.0025 0.546371 0.42935 1.96458 0.00915129 395 4 1 -1.38714e-07 
0.706502 0.673093 -0.000348889 0.0025 0.545973 0.429195 1.96465 0.00915796 396 5 1 3.48576e-06 
0.711084 0.673092 -0.000333999 0.0025 0.548239 0.43086 1.9685 0.00912012 397 3 1 -1.90586e-05 
0.715622 0.673091 -0.000321334 0.0025 0.536909 0.426191 1.95004 0.00931256 398 4 1 0.000179252 
0.720403 0.67309 -0.000309984 0.0025 0.511052 0.432728 2.1525 0.00978374 399 4 1 -0.000134225 
0.725412 0.673089 -0.000299139 0.0025 0.482807 0.424503 2.15549 0.0103561 400 4 1 0.000266084 
0.730773 0.673088 -0.000287423 0.0025 0.454322 0.432947 2.44418 0.0110054 401 4 1 -0.000240409 
0.736428 0.673087 -0.000273545 0.0025 0.447025 0.427283 2.38026 0.0111851 402 5 1 5.38089e-05 
0.741959 0.673086 -0.000257674 0.0025 0.452456 0.429654 2.37465 0.0110508 403 4 1 -3.01271e-06 
0.747479 0.673086 -0.000239153 0.0025 0.453639 0.429325 2.36525 0.011022 404 4 1 3.91276e-06 
0.752981 0.673085 -0.000216959 0.0025 0.454719 0.429384 2.36046 0.0109958 405 4 1 1.27155e-06 
0.758475 0.673084 -0.000189547 0.0025 0.455343 0.429358 2.35717 0.0109807 406 4 1 8.42891e-07 
0.763962 0.673083 -0.000155558 0.0025 0.455787 0.429347 2.35487 0.01097 407 4 1 5.44323e-07 
0.769445 0.673082 -0.00011481 0.0025 0.456109 0.42934 2.35321 0.0109623 408 4 1 3.49039e-07 
0.774924 0.673081 -6.86194e-05 0.0025 0.456349 0.429336 2.35196 0.0109565 409 4 1 2.46674e-07 
0.780401 0.67308 -1.94479e-05 0.0025 0.456533 0.429333 2.35101 0.0109521 410 4 1 1.77192e-07 
0.785877 0.673079 2.97484e-05 0.0025 0.456677 0.429331 2.35027 0.0109487 411 4 1 1.30859e-07 
0.79135 0.673077 7.59828e-05 0.0025 0.456791 0.429329 2.34969 0.0109459 412 4 1 9.7991e-08 
0.796822 0.673076 0.000116412 0.0025 0.456881 0.429328 2.34922 0.0109438 413 4 1 7.54095e-08 
0.802294 0.673074 0.000148437 0.0025 0.456954 0.429327 2.34884 0.010942 414 4 1 5.88354e-08 
0.807764 0.673073 0.000169978 0.0025 0.457014 0.429326 2.34853 0.0109406 415 4 1 4.64178e-08 
0.813234 0.673071 0.000179946 0.0025 0.457063 0.429326 2.34828 0.0109394 416 4 1 3.7065e-08 
0.818704 0.673069 0.000178703 0.0025 0.457103 0.429325 2.34807 0.0109385 417 4 1 2.98737e-08 
0.824173 0.673068 0.000168194 0.0025 0.457136 0.429324 2.3479 0.0109377 418 4 1 2.42229e-08 
0.829642 0.673066 0.000151628 0.0025 0.457163 0.429324 2.34776 0.010937 419 4 1 1.97838e-08 
0.83511 0.673065 0.000132785 0.0025 0.457186 0.429323 2.34764 0.0109365 420 4 1 1.62601e-08 
0.840578 0.673064 0.000115208 0.0025 0.457206 0.429323 2.34754 0.010936 421 4 1 1.34509e-08 
0.846046 0.673063 0.000101557 0.0025 0.457222 0.429323 2.34745 0.0109356 422 4 1 1.11747e-08 
0.851514 0.673062 9.32841e-05 0.0025 0.457235 0.429322 2.34738 0.0109353 423 4 1 9.29143e-09 
0.856981 0.673061 9.06635e-05 0.0025 0.457247 0.429322 2.34732 0.010935 424 4 1 7.77338e-09 
0.862449 0.67306 9.3075e-05 0.0025 0.457256 0.429322 2.34727 0.0109348 425 4 1 6.54889e-09 
0.867916 0.673059 9.94375e-05 0.0025 0.457264 0.429321 2.34723 0.0109346 426 4 1 5.18347e-09 
0.873383 0.673058 0.000108664 0.0025 0.457271 0.429321 2.34719 0.0109344 427 4 1 4.01128e-09 
0.87885 0.673057 0.000120061 0.0025 0.457277 0.429321 2.34716 0.0109343 428 4 1 3.72883e-09 
0.884318 0.673056 0.000133667 0.0025 0.457282 0.42932 2.34713 0.0109342 429 4 1 3.52332e-09 
0.889785 0.673055 0.00015069 0.0025 0.457286 0.42932 2.34711 0.0109341 430 4 1 2.81577e-09 
0.895252 0.673054 0.000174578 0.0025 0.457289 0.42932 2.34709 0.010934 431 4 1 2.14158e-09 
0.900719 0.673053 0.000214146 0.0025 0.457292 0.429319 2.34707 0.0109339 432 4 1 1.62976e-09 
0.906186 0.673051 0.000291776 0.0025 0.457294 0.429318 2.34706 0.0109339 433 4 1 9.73103e-10 
0.911653 0.673049 0.000462225 0.0025 0.457295 0.429317 2.34705 0.0109339 434 3 1 -1.83871e-10 
0.917119 0.673046 0.000848544 0.0025 0.457295 0.429314 2.34703 0.0109339 435 4 1 -2.47685e-09 
0.922586 0.673039 0.00169041 0.0025 0.457292 0.429308 2.34701 0.0109339 436 4 1 -7.32001e-09 
0.928053 0.673025 0.00337555 0.0025 0.457285 0.429296 2.34699 0.0109341 437 4 1 -1.77107e-08 
0.93352 0.672993 0.00647458 0.0025 0.457266 0.429269 2.34694 0.0109346 438 4 1 -4.08234e-08 
0.938988 0.67291 0.012395 0.0025 0.457222 0.429209 2.34685 0.0109356 439 4 1 -9.65861e-08 
0.944456 0.672708 0.0274857 0.0025 0.457122 0.42907 2.34663 0.010938 440 4 1 -2.43062e-07 
0.949926 0.672242 0.0780801 0.0025 0.456877 0.428734 2.34613 0.0109439 441 4 1 -6.29186e-07 
0.9554 0.671263 0.245094 0.0025 0.456259 0.42789 2.34486 0.0109587 442 4 1 -1.55939e-06 
0.960885 0.669366 0.701602 0.0025 0.454718 0.4258 2.34168 0.0109958 443 4 1 -3.41504e-06 
0.966396 0.665553 1.70013 0.0025 0.451132 0.421003 2.33425 0.0110832 444 4 1 -5.8513e-06 
0.971968 0.65698 3.15237 0.0025 0.443839 0.411366 2.31892 0.0112654 445 4 1 -7.2718e-06 
0.977663 0.634419 4.61987 0.0025 0.430869 0.394576 2.29097 0.0116045 446 4 1 -3.96339e-08 
0.983577 0.576263 3.14444 0.0025 0.412156 0.370844 2.24987 0.0121313 447 4 1 1.86739e-05 
0.989803 0.445202 -0.0618679 0.0025 0.38768 0.341588 2.19985 0.0128972 448 4 1 5.3346e-05 
0.996494 0.177368 -0.129577 0.0025 0.365179 0.316431 2.15973 0.0136919 449 4 1 8.80484e-05 
1.00351 -0.177368 0.129577 0.0025 0.365179 0.316431 2.15973 0.0136919 450 4 1 8.80484e-05 
1.0102 -0.445202 0.0618679 0.0025 0.38768 0.341588 2.19985 0.0128972 451 4 1 5.3346e-05 
1.01642 -0.576263 -3.14444 0.0025 0.412156 0.370844 2.24987 0.0121313 452 4 1 1.86739e-05 
1.02234 -0.634419 -4.61987 0.0025 0.430869 0.394576 2.29097 0.0116045 453 4 1 -3.96339e-08 
1.02803 -0.65698 -3.15237 0.0025 0.443839 0.411366 2.31892 0.0112654 454 4 1 -7.2718e-06 
1.0336 -0.665553 -1.70013 0.0025 0.451132 0.421003 2.33425 0.0110832 455 4 1 -5.8513e-06 
1.03912 -0.669366 -0.701602 0.0025 0.454718 0.4258 2.34168 0.0109958 456 4 1 -3.41504e-06 
1.0446 -0.671263 -0.245094 0.0025 0.456259 0.42789 2.34486 0.0109587 457 4 1 -1.55939e-06 
1.05007 -0.672242 -0.0780801 0.0025 0.456877 0.428734 2.34613 0.0109439 458 4 1 -6.29186e-07 
1.05554 -0.672708 -0.0274857 0.0025 0.457122 0.42907 2.34663 0.010938 459 4 1 -2.43062e-07 
1.06101 -0.67291 -0.012395 0.0025 0.457222 0.429209 2.34685 0.0109356 460 4 1 -9.65861e-08 
1.06648 -0.672993 -0.00647458 0.0025 0.457266 0.429269 2.34694 0.0109346 461 4 1 -4.08234e-08 
1.07195 -0.673025 -0.00337555 0.0025 0.457285 0.429296 2.34699 0.0109341 462 4 1 -1.77107e-08 
1.07741 -0.673039 -0.00169041 0.0025 0.457292 0.429308 2.34701 0.0109339 463 4 1 -7.32e-09 
1.08288 -0.673046 -0.000848544 0.0025 0.457295 0.429314 2.34703 0.0109339 464 4 1 -2.47685e-09 
1.08835 -0.673049 -0.000462225 0.0025 0.457295 0.429317 2.34705 0.0109339 465 3 1 -1.83871e-10 
1.09381 -0.673051 -0.000291776 0.0025 0.457294 0.429318 2.34706 0.0109339 466 4 1 9.73103e-10 
1.09928 -0.673053 -0.000214146 0.0025 0.457292 0.429319 2.34707 0.0109339 467 4 1 1.62976e-09 
1.10475 -0.673054 -0.000174578 0.0025 0.457289 0.42932 2.34709 0.010934 468 4 1 2.14158e-09 
1.11022 -0.673055 -0.00015069 0.0025 0.457286 0.42932 2.34711 0.0109341 469 4 1 2.81577e-09 
1.11568 -0.673056 -0.000133667 0.0025 0.457282 0.42932 2.34713 0.0109342 470 4 1 3.52332e-09 
1.12115 -0.673057 -0.000120061 0.0025 0.457277 0.429321 2.34716 0.0109343 471 4 1 3.72883e-09 
1.12662 -0.673058 -0.000108664 0.0025 0.457271 0.429321 2.34719 0.0109344 472 4 1 4.01128e-09 
1.13208 -0.673059 -9.94375e-05 0.0025 0.457264 0.429321 2.34723 0.0109346 473 4 1 5.18347e-09 
1.13755 -0.67306 -9.3075e-05 0.0025 0.457256 0.429322 2.34727 0.0109348 474 4 1 6.54889e-09 
1.14302 -0.673061 -9.06635e-05 0.0025 0.457247 0.429322 2.34732 0.010935 475 4 1 7.77338e-09 
1.14849 -0.673062 -9.32841e-05 0.0025 0.457235 0.429322 2.34738 0.0109353 476 4 1 9.29143e-09 
1.15395 -0.673063 -0.000101557 0.0025 0.457222 0.429323 2.34745 0.0109356 477 4 1 1.11747e-08 
1.15942 -0.673064 -0.000115208 0.0025 0.457206 0.429323 2.34754 0.010936 478 4 1 1.34509e-08 
1.16489 -0.673065 -0.000132785 0.0025 0.457186 0.429323 2.34764 0.0109365 479 4 1 1.62601e-08 
1.17036 -0.673066 -0.000151628 0.0025 0.457163 0.429324 2.34776 0.010937 480 4 1 1.97838e-08 
1.17583 -0.673068 -0.000168194 0.0025 0.457136 0.429324 2.3479 0.0109377 481 4 1 2.42229e-08 
1.1813 -0.673069 -0.000178703 0.0025 0.457103 0.429325 2.34807 0.0109385 482 4 1 2.98737e-08 
1.18677 -0.673071 -0.000179946 0.0025 0.457063 0.429326 2.34828 0.0109394 483 4 1 3.7065e-08 
1.19224 -0.673073 -0.000169978 0.0025 0.457014 0.429326 2.34853 0.0109406 484 4 1 4.64178e-08 
1.19771 -0.673074 -0.000148437 0.0025 0.456954 0.429327 2.34884 0.010942 485 4 1 5.88354e-08 
1.20318 -0.673076 -0.000116412 0.0025 0.456881 0.429328 2.34922 0.0109438 486 4 1 7.54095e-08 
1.20865 -0.673077 -7.59828e-05 0.0025 0.456791 0.429329 2.34969 0.0109459 487 4 1 9.7991e-08 
1.21412 -0.673079 -2.97484e-05 0.0025 0.456677 0.429331 2.35027 0.0109487 488 4 1 1.30859e-07 
1.2196 -0.67308 1.94479e-05 0.0025 0.456533 0.429333 2.35101 0.0109521 489 4 1 1.77192e-07 
1.22508 -0.673081 6.86194e-05 0.0025 0.456349 0.429336 2.35196 0.0109565 490 4 1 2.46674e-07 
1.23056 -0.673082 0.00011481 0.0025 0.456109 0.42934 2.35321 0.0109623 491 4 1 3.49039e-07 
1.23604 -0.673083 0.000155558 0.0025 0.455787 0.429347 2.35487 0.01097 492 4 1 5.44323e-07 
1.24153 -0.673084 0.000189547 0.0025 0.455343 0.429358 2.35717 0.0109807 493 4 1 8.42891e-07 
1.24702 -0.673085 0.000216959 0.0025 0.454719 0.429384 2.36046 0.0109958 494 4 1 1.27155e-06 
1.25252 -0.673086 0.000239153 0.0025 0.453639 0.429325 2.36525 0.011022 495 4 1 3.91276e-06 
1.25804 -0.673086 0.000257674 0.0025 0.452456 0.429654 2.37465 0.0110508 496 4 1 -3.01271e-06 
1.26357 -0.673087 0.000273545 0.0025 0.447025 0.427283 2.38026 0.0111851 497 5 1 5.38089e-05 
1.26923 -0.673088 0.000287423 0.0025 0.454322 0.432947 2.44418 0.0110054 498 4 1 -0.000240409 
1.27459 -0.673089 0.000299139 0.0025 0.482807 0.424503 2.15549 0.0103561 499 4 1 0.000266084 
