# Time [s]: 0.332608
# Columns: pos [m], vel [m/s], acc [m/s^2], mass [kg], dens [kg/m^3], pres [Pa], ene [J/kg], sml [m], id, neighbor, alpha, gradh, ...additional?
1.27835 -0.673089 0.000300195 0.0025 0.511052 0.432729 2.1525 0.00978373 0 4 1 -0.000134225 
1.28313 -0.673091 0.000311302 0.0025 0.536909 0.426191 1.95004 0.00931256 1 4 1 0.000179252 
1.28767 -0.673092 0.000323675 0.0025 0.548239 0.43086 1.9685 0.00912011 2 3 1 -1.90586e-05 
1.29225 -0.673093 0.00033796 0.0025 0.545973 0.429196 1.96465 0.00915795 3 5 1 3.48575e-06 
1.29683 -0.673094 0.000353564 0.0025 0.546371 0.42935 1.96458 0.00915129 4 4 1 -1.38712e-07 
1.3014 -0.673096 0.000370425 0.0025 0.546382 0.42932 1.96435 0.00915111 5 4 1 1.43693e-07 
1.30598 -0.673097 0.000389266 0.0025 0.546404 0.429318 1.96429 0.00915074 6 4 1 -3.55289e-09 
1.31055 -0.673099 0.000411064 0.0025 0.546417 0.429315 1.96423 0.00915052 7 4 1 8.18624e-09 
1.31513 -0.673101 0.000436063 0.0025 0.54643 0.429313 1.96417 0.0091503 8 4 1 4.70902e-09 
1.3197 -0.673103 0.000463274 0.0025 0.546442 0.429312 1.96412 0.0091501 9 4 1 5.41648e-09 
1.32428 -0.673105 0.000491131 0.0025 0.546453 0.429311 1.96408 0.00914992 10 4 1 -2.30095e-09 
1.32885 -0.673107 0.000518941 0.0025 0.546463 0.429309 1.96404 0.00914975 11 4 1 4.66586e-09 
1.33343 -0.67311 0.000547906 0.0025 0.546472 0.429308 1.964 0.0091496 12 4 1 2.78365e-09 
1.338 -0.673112 0.000580588 0.0025 0.54648 0.429307 1.96396 0.00914946 13 4 1 3.49479e-09 
1.34258 -0.673115 0.000618906 0.0025 0.546487 0.429305 1.96393 0.00914935 14 4 1 2.03062e-09 
1.34715 -0.673118 0.000662203 0.0025 0.546493 0.429303 1.9639 0.00914924 15 4 1 -1.67973e-09 
1.35173 -0.673121 0.00070738 0.0025 0.546499 0.429302 1.96387 0.00914915 16 4 1 4.80316e-09 
1.3563 -0.673124 0.000751643 0.0025 0.546504 0.4293 1.96384 0.00914906 17 4 1 1.38641e-09 
1.36087 -0.673128 0.000795938 0.0025 0.546508 0.429298 1.96382 0.00914899 18 4 1 -1.28858e-09 
1.36545 -0.673132 0.000845829 0.0025 0.546512 0.429295 1.9638 0.00914893 19 4 1 2.59286e-09 
1.37002 -0.673136 0.000908111 0.0025 0.546516 0.429293 1.96377 0.00914887 20 4 1 1.03661e-09 
1.3746 -0.673141 0.000985196 0.0025 0.546518 0.429291 1.96375 0.00914882 21 4 1 1.02915e-09 
1.37917 -0.673146 0.00107204 0.0025 0.54652 0.429288 1.96373 0.00914879 22 4 1 8.77436e-10 
1.38375 -0.673151 0.001159 0.0025 0.546522 0.429285 1.96371 0.00914876 23 4 1 -3.48495e-10 
1.38832 -0.673157 0.00123923 0.0025 0.546523 0.429282 1.9637 0.00914874 24 4 1 1.31801e-09 
1.3929 -0.673163 0.00131487 0.0025 0.546524 0.429279 1.96368 0.00914873 25 4 1 5.87513e-10 
1.39747 -0.673169 0.0013968 0.0025 0.546524 0.429275 1.96366 0.00914873 26 3 1 -5.24642e-10 
1.40204 -0.673176 0.00149788 0.0025 0.546524 0.429271 1.96364 0.00914873 27 4 1 1.01543e-09 
1.40662 -0.673184 0.00162471 0.0025 0.546523 0.429267 1.96363 0.00914874 28 4 1 5.97409e-10 
1.41119 -0.673192 0.00177408 0.0025 0.546522 0.429263 1.96361 0.00914876 29 4 1 -1.09353e-09 
1.41577 -0.673201 0.00193638 0.0025 0.54652 0.429258 1.9636 0.00914879 30 4 1 1.36548e-10 
1.42034 -0.673211 0.00210266 0.0025 0.546518 0.429253 1.96358 0.00914883 31 4 1 1.57065e-09 
1.42492 -0.673221 0.00226991 0.0025 0.546515 0.429247 1.96356 0.00914888 32 4 1 -1.27617e-09 
1.42949 -0.673232 0.00244191 0.0025 0.546512 0.429241 1.96355 0.00914893 33 4 1 -1.27855e-09 
1.43407 -0.673244 0.00262719 0.0025 0.546508 0.429234 1.96353 0.00914899 34 4 1 1.6158e-09 
1.43864 -0.673257 0.00283639 0.0025 0.546504 0.429227 1.96351 0.00914907 35 4 1 -7.82476e-10 
1.44321 -0.673272 0.00307778 0.0025 0.546498 0.429219 1.9635 0.00914916 36 4 1 -1.536e-09 
1.44779 -0.673288 0.00334846 0.0025 0.546493 0.429211 1.96348 0.00914925 37 4 1 7.03006e-10 
1.45236 -0.673305 0.00362464 0.0025 0.546486 0.429202 1.96346 0.00914937 38 4 1 -6.31904e-10 
1.45694 -0.673324 0.00386511 0.0025 0.546479 0.429192 1.96344 0.00914949 39 4 1 -1.3723e-09 
1.46151 -0.673345 0.00404096 0.0025 0.546471 0.429181 1.96342 0.00914962 40 4 1 1.9472e-10 
1.46609 -0.67337 0.00418066 0.0025 0.546462 0.42917 1.9634 0.00914977 41 4 1 -5.33378e-11 
1.47066 -0.673398 0.00438941 0.0025 0.546452 0.429158 1.96338 0.00914993 42 4 1 -1.35883e-09 
1.47524 -0.673429 0.00480497 0.0025 0.546442 0.429145 1.96336 0.0091501 43 4 1 -1.28881e-09 
1.47981 -0.673464 0.00551063 0.0025 0.546431 0.429131 1.96334 0.00915028 44 4 1 -1.04806e-09 
1.48439 -0.673502 0.00648536 0.0025 0.546418 0.429116 1.96331 0.00915051 45 4 1 -3.08383e-09 
1.48896 -0.673542 0.00764389 0.0025 0.546402 0.429097 1.96329 0.00915077 46 4 1 -3.96677e-09 
1.49354 -0.673584 0.00891793 0.0025 0.546384 0.429075 1.96325 0.00915108 47 4 1 -3.04188e-09 
1.49811 -0.67363 0.0102873 0.0025 0.546362 0.42905 1.96322 0.00915145 48 4 1 -3.67816e-09 
-0.49731 -0.67368 0.0117499 0.0025 0.546336 0.429021 1.96317 0.00915187 49 4 1 -4.85878e-09 
-0.492734 -0.673735 0.0132972 0.0025 0.546307 0.428988 1.96313 0.00915236 50 4 1 -4.81739e-09 
-0.488157 -0.673796 0.0149309 0.0025 0.546274 0.428951 1.96307 0.00915291 51 4 1 -4.16738e-09 
-0.483581 -0.673865 0.0166958 0.0025 0.546237 0.428909 1.96302 0.00915353 52 4 1 -5.27827e-09 
-0.479004 -0.673943 0.01868 0.0025 0.546195 0.428862 1.96295 0.00915423 53 4 1 -6.56586e-09 
-0.474427 -0.67403 0.0209444 0.0025 0.546149 0.428809 1.96288 0.00915502 54 4 1 -6.29318e-09 
-0.469849 -0.674127 0.0234292 0.0025 0.546096 0.428751 1.9628 0.0091559 55 4 1 -6.01252e-09 
-0.465271 -0.674235 0.0259745 0.0025 0.546038 0.428686 1.96271 0.00915687 56 4 1 -6.89696e-09 
-0.460692 -0.674354 0.0284377 0.0025 0.545974 0.428615 1.96262 0.00915795 57 4 1 -6.66779e-09 
-0.456113 -0.674485 0.0307495 0.0025 0.545905 0.428538 1.96251 0.0091591 58 4 1 -4.45336e-09 
-0.451533 -0.674626 0.0328715 0.0025 0.545831 0.428456 1.9624 0.00916034 59 4 1 -3.335e-09 
-0.446952 -0.674774 0.0346055 0.0025 0.545754 0.428371 1.96229 0.00916163 60 4 1 -1.84498e-09 
-0.442371 -0.674925 0.0354645 0.0025 0.545676 0.428284 1.96217 0.00916295 61 4 1 1.80819e-09 
-0.437789 -0.675075 0.0349008 0.0025 0.545599 0.428199 1.96206 0.00916424 62 4 1 7.35475e-09 
-0.433207 -0.675216 0.0323062 0.0025 0.545527 0.42812 1.96195 0.00916544 63 4 1 1.2943e-08 
-0.428624 -0.675342 0.0276592 0.0025 0.545466 0.428053 1.96186 0.00916647 64 4 1 1.84614e-08 
-0.424041 -0.675444 0.0210406 0.0025 0.545421 0.428002 1.96179 0.00916724 65 4 1 2.74424e-08 
-0.419457 -0.675508 0.0096872 0.0025 0.545397 0.427975 1.96176 0.00916763 66 4 1 1.59582e-08 
-0.414873 -0.675526 0.0152564 0.0025 0.545388 0.427966 1.96174 0.00916778 67 5 1 5.87901e-08 
-0.410289 -0.675525 -0.0267003 0.0025 0.545429 0.428017 1.9618 0.00916709 68 4 1 2.09104e-07 
-0.405706 -0.67514 -0.144342 0.0025 0.545641 0.428251 1.9621 0.00916354 69 4 1 2.77319e-07 
-0.401125 -0.674322 -0.220786 0.0025 0.546075 0.428729 1.96272 0.00915626 70 4 1 3.4155e-07 
-0.39655 -0.673101 -0.350077 0.0025 0.546774 0.429508 1.96372 0.00914454 71 4 1 6.35616e-07 
-0.391981 -0.670987 -0.62805 0.0025 0.547942 0.430804 1.96539 0.00912505 72 4 1 1.04051e-06 
-0.387424 -0.667401 -1.01637 0.0025 0.549818 0.432871 1.96808 0.00909392 73 4 1 1.21184e-06 
-0.382887 -0.662343 -1.31005 0.0025 0.552418 0.435732 1.9718 0.00905112 74 4 1 1.14063e-06 
-0.378373 -0.656293 -1.50899 0.0025 0.555572 0.439213 1.97629 0.00899973 75 4 1 1.10217e-06 
-0.373887 -0.649521 -1.67033 0.0025 0.559148 0.443173 1.98137 0.00894218 76 4 1 1.18464e-06 
-0.369431 -0.642115 -1.84606 0.0025 0.563108 0.447575 1.98697 0.00887929 77 4 1 1.35606e-06 
-0.365008 -0.63395 -2.04523 0.0025 0.567476 0.452444 1.99312 0.00881095 78 4 1 1.53505e-06 
-0.36062 -0.625041 -2.25177 0.0025 0.572269 0.457801 1.99983 0.00873715 79 4 1 1.63397e-06 
-0.35627 -0.615439 -2.4216 0.0025 0.577448 0.463608 2.00705 0.00865879 80 4 1 1.62148e-06 
-0.351961 -0.605368 -2.53639 0.0025 0.582917 0.469761 2.01463 0.00857755 81 4 1 1.53477e-06 
-0.347693 -0.595063 -2.59579 0.0025 0.588559 0.476132 2.02241 0.00849533 82 4 1 1.39041e-06 
-0.343465 -0.584772 -2.59443 0.0025 0.594254 0.482591 2.03022 0.00841391 83 4 1 1.27898e-06 
-0.339278 -0.574613 -2.59003 0.0025 0.599932 0.489056 2.03795 0.00833428 84 4 1 1.19319e-06 
-0.335131 -0.564635 -2.56151 0.0025 0.605556 0.495485 2.04557 0.00825687 85 4 1 1.10677e-06 
-0.331021 -0.554857 -2.52981 0.0025 0.611099 0.501845 2.05304 0.00818198 86 4 1 1.03747e-06 
-0.326949 -0.545327 -2.49008 0.0025 0.616549 0.508121 2.06034 0.00810966 87 4 1 9.87521e-07 
-0.322912 -0.536044 -2.45993 0.0025 0.621906 0.514313 2.06748 0.0080398 88 4 1 9.62219e-07 
-0.318909 -0.526929 -2.43823 0.0025 0.627186 0.520436 2.07448 0.00797212 89 4 1 9.0817e-07 
-0.314939 -0.518033 -2.3965 0.0025 0.632384 0.526484 2.08134 0.00790659 90 4 1 8.89021e-07 
-0.311002 -0.509314 -2.38701 0.0025 0.637513 0.532473 2.08807 0.00784298 91 4 1 8.91324e-07 
-0.307096 -0.500725 -2.37317 0.0025 0.6426 0.538431 2.09472 0.00778089 92 4 1 8.86025e-07 
-0.303221 -0.492236 -2.3729 0.0025 0.647658 0.544375 2.1013 0.00772012 93 4 1 9.17238e-07 
-0.299376 -0.483801 -2.39391 0.0025 0.652722 0.550344 2.10786 0.00766023 94 4 1 9.42906e-07 
-0.295561 -0.47536 -2.41541 0.0025 0.657816 0.556367 2.11442 0.00760091 95 4 1 9.84615e-07 
-0.291775 -0.466889 -2.46365 0.0025 0.662968 0.562479 2.12103 0.00754184 96 4 1 1.05408e-06 
-0.288019 -0.458277 -2.53251 0.0025 0.668217 0.568724 2.12773 0.0074826 97 4 1 1.06518e-06 
-0.284292 -0.449558 -2.57126 0.0025 0.673559 0.575098 2.13452 0.00742326 98 4 1 1.05227e-06 
-0.280595 -0.440814 -2.61044 0.0025 0.678972 0.581579 2.14136 0.00736408 99 4 1 1.10187e-06 
-0.276928 -0.431947 -2.68386 0.0025 0.684477 0.588191 2.14829 0.00730485 100 4 1 1.09388e-06 
-0.27329 -0.423018 -2.70735 0.0025 0.690059 0.594915 2.15528 0.00724576 101 4 1 1.03856e-06 
-0.269682 -0.414125 -2.72321 0.0025 0.695671 0.6017 2.16227 0.0071873 102 4 1 1.0411e-06 
-0.266103 -0.405211 -2.75665 0.0025 0.701314 0.608543 2.16927 0.00712947 103 4 1 1.00511e-06 
-0.262553 -0.396358 -2.74926 0.0025 0.706967 0.61542 2.17625 0.00707246 104 4 1 9.76228e-07 
-0.25903 -0.387564 -2.76384 0.0025 0.712615 0.622314 2.18319 0.00701641 105 4 1 9.82459e-07 
-0.255536 -0.37881 -2.77819 0.0025 0.71827 0.629239 2.1901 0.00696117 106 4 1 9.58356e-07 
-0.252069 -0.370104 -2.78114 0.0025 0.723924 0.636183 2.19698 0.0069068 107 4 1 9.22581e-07 
-0.248629 -0.361498 -2.77364 0.0025 0.729562 0.64313 2.20381 0.00685343 108 4 1 9.28392e-07 
-0.245216 -0.352966 -2.79695 0.0025 0.735195 0.650093 2.2106 0.00680092 109 4 1 9.17618e-07 
-0.241828 -0.344443 -2.79463 0.0025 0.740827 0.657074 2.21735 0.00674922 110 4 1 8.56581e-07 
-0.238466 -0.336075 -2.76962 0.0025 0.746425 0.664036 2.22404 0.0066986 111 4 1 8.73682e-07 
-0.235129 -0.327748 -2.7998 0.0025 0.752011 0.671005 2.23068 0.00664884 112 4 1 8.93634e-07 
-0.231817 -0.31944 -2.81113 0.0025 0.757612 0.678011 2.23731 0.00659969 113 4 1 8.44328e-07 
-0.22853 -0.311197 -2.79819 0.0025 0.763197 0.685018 2.2439 0.00655139 114 4 1 8.11535e-07 
-0.225266 -0.30307 -2.78946 0.0025 0.768754 0.692012 2.25042 0.00650403 115 4 1 8.37077e-07 
-0.222026 -0.295 -2.81926 0.0025 0.774311 0.699026 2.25691 0.00645736 116 4 1 8.46143e-07 
-0.218808 -0.28689 -2.83242 0.0025 0.779882 0.706074 2.26339 0.00641123 117 4 1 7.57981e-07 
-0.215614 -0.278939 -2.77905 0.0025 0.785411 0.713092 2.2698 0.00636609 118 4 1 7.5593e-07 
-0.212442 -0.271121 -2.803 0.0025 0.790907 0.720091 2.27613 0.00632186 119 4 1 8.38924e-07 
-0.209292 -0.263214 -2.85689 0.0025 0.796442 0.727155 2.28249 0.00627792 120 4 1 7.80979e-07 
-0.206164 -0.255358 -2.82381 0.0025 0.801979 0.734239 2.28883 0.00623457 121 4 1 7.03978e-07 
-0.203058 -0.247647 -2.79971 0.0025 0.807464 0.74128 2.29507 0.00619222 122 4 1 7.4045e-07 
-0.199972 -0.240013 -2.82661 0.0025 0.812937 0.748326 2.30128 0.00615054 123 4 1 7.78804e-07 
-0.196907 -0.232331 -2.85873 0.0025 0.818437 0.755421 2.3075 0.00610921 124 4 1 7.28151e-07 
-0.193863 -0.224699 -2.83575 0.0025 0.823928 0.762525 2.31368 0.00606849 125 4 1 6.61826e-07 
-0.190838 -0.217213 -2.80287 0.0025 0.829368 0.769582 2.31978 0.00602869 126 4 1 6.73001e-07 
-0.187834 -0.209828 -2.81032 0.0025 0.834778 0.776623 2.32582 0.00598961 127 4 1 7.61702e-07 
-0.184849 -0.202382 -2.88972 0.0025 0.840236 0.78374 2.33189 0.00595071 128 4 1 7.29295e-07 
-0.181883 -0.194917 -2.86553 0.0025 0.845718 0.790904 2.33796 0.00591214 129 4 1 6.09279e-07 
-0.178937 -0.187612 -2.80937 0.0025 0.851133 0.798002 2.34394 0.00587452 130 4 1 6.05295e-07 
-0.176009 -0.18046 -2.80029 0.0025 0.856493 0.805051 2.34983 0.00583776 131 4 1 7.30235e-07 
-0.173099 -0.173229 -2.9066 0.0025 0.861905 0.812183 2.35576 0.0058011 132 4 1 7.3393e-07 
-0.170207 -0.165897 -2.90726 0.0025 0.867374 0.8194 2.36173 0.00576452 133 4 1 5.39968e-07 
-0.167334 -0.158778 -2.78532 0.0025 0.872748 0.826514 2.36757 0.00572903 134 4 1 5.07786e-07 
-0.164478 -0.15192 -2.76597 0.0025 0.878016 0.833514 2.37327 0.00569466 135 4 1 7.07625e-07 
-0.161639 -0.144959 -2.90693 0.0025 0.883354 0.840621 2.37903 0.00566025 136 4 1 7.7621e-07 
-0.158818 -0.137754 -2.96979 0.0025 0.888816 0.847899 2.38491 0.00562546 137 4 1 5.3745e-07 
-0.156014 -0.130723 -2.81377 0.0025 0.894204 0.855098 2.39068 0.00559156 138 4 1 4.08389e-07 
-0.153226 -0.124067 -2.73291 0.0025 0.899424 0.862101 2.39624 0.00555912 139 4 1 6.25997e-07 
-0.150455 -0.117382 -2.87732 0.0025 0.904674 0.869162 2.40183 0.00552686 140 4 1 8.02065e-07 
-0.147699 -0.110368 -3.01979 0.0025 0.910101 0.876463 2.40759 0.0054939 141 4 1 5.74671e-07 
-0.144961 -0.103399 -2.87024 0.0025 0.915509 0.883752 2.4133 0.00546144 142 4 1 3.08913e-07 
-0.142238 -0.0969091 -2.68853 0.0025 0.920682 0.890755 2.41874 0.00543076 143 4 1 4.58106e-07 
-0.13953 -0.0905835 -2.76723 0.0025 0.925773 0.897671 2.42408 0.00540089 144 4 1 7.64128e-07 
-0.136837 -0.0839412 -2.99078 0.0025 0.931053 0.904846 2.4296 0.00537026 145 4 1 7.00421e-07 
-0.13416 -0.0770615 -2.97054 0.0025 0.936458 0.912197 2.43524 0.00533927 146 4 1 3.84741e-07 
-0.131498 -0.070526 -2.77813 0.0025 0.941711 0.919364 2.44069 0.00530948 147 4 1 3.00503e-07 
-0.12885 -0.0643602 -2.68018 0.0025 0.946758 0.926278 2.44591 0.00528118 148 4 1 5.61383e-07 
-0.126217 -0.0581427 -2.86372 0.0025 0.951848 0.933266 2.45116 0.00525294 149 4 1 7.54746e-07 
-0.123597 -0.051563 -3.02243 0.0025 0.957145 0.940539 2.45661 0.00522387 150 4 1 5.27493e-07 
-0.120993 -0.0449739 -2.8919 0.0025 0.962437 0.947811 2.46204 0.00519514 151 4 1 9.79583e-08 
-0.118402 -0.0390056 -2.49928 0.0025 0.967376 0.954627 2.46708 0.00516862 152 4 1 2.46517e-07 
-0.115824 -0.0334946 -2.60978 0.0025 0.972126 0.961226 2.4719 0.00514337 153 4 1 1.01305e-06 
-0.113259 -0.0271342 -3.27505 0.0025 0.977332 0.96844 2.47721 0.00511597 154 4 1 7.01221e-07 
-0.110708 -0.0202037 -2.96029 0.0025 0.982703 0.975839 2.48267 0.00508801 155 4 1 -8.19924e-07 
-0.108171 -0.0152499 -1.56148 0.0025 0.986997 0.981824 2.48696 0.00506587 156 4 1 1.91093e-08 
-0.105642 -0.0114103 -2.42061 0.0025 0.990982 0.987487 2.49092 0.0050455 157 4 1 2.65054e-06 
-0.103125 -0.00383832 -4.64584 0.0025 0.996842 0.995633 2.4969 0.00501584 158 4 1 6.14648e-07 
-0.100626 0.00456355 -2.78197 0.0025 1.00282 1.00383 2.50294 0.00498595 159 4 1 -3.16248e-06 
-0.0981391 0.00690122 0.382195 0.0025 1.00556 1.00774 2.50554 0.00497236 160 4 1 -3.23119e-07 
-0.0956538 0.00778263 -1.89633 0.0025 1.00765 1.01085 2.50757 0.00496206 161 4 1 3.4766e-06 
-0.093177 0.0149815 -4.43733 0.0025 1.01269 1.01786 2.5127 0.00493734 162 4 1 4.7083e-07 
-0.0907164 0.0221445 -2.37283 0.0025 1.01799 1.02518 2.518 0.00491162 163 4 1 -2.70797e-06 
-0.0882654 0.0244397 -0.13565 0.0025 1.02033 1.02849 2.52026 0.0049004 164 4 1 -1.69366e-06 
-0.085816 0.0243445 0.196997 0.0025 1.02055 1.02887 2.52045 0.00489931 165 3 1 -4.03321e-07 
-0.0833661 0.0239203 0.22856 0.0025 1.02019 1.02837 2.52009 0.00490107 166 4 1 -2.19237e-07 
-0.080915 0.0232697 0.347034 0.0025 1.01954 1.02746 2.51945 0.00490417 167 4 1 -2.72084e-07 
-0.0784619 0.0222407 0.550174 0.0025 1.01857 1.02609 2.51849 0.00490885 168 4 1 -2.70903e-07 
-0.0760061 0.0207866 0.757198 0.0025 1.01726 1.02424 2.51719 0.00491519 169 4 1 -2.00976e-07 
-0.0735467 0.018975 0.917766 0.0025 1.01567 1.02201 2.51562 0.00492286 170 4 1 -1.00418e-07 
-0.0710832 0.0169269 1.01396 0.0025 1.01391 1.01954 2.51387 0.00493139 171 4 1 -9.8102e-10 
-0.0686153 0.0147717 1.04729 0.0025 1.01209 1.01697 2.51206 0.00494028 172 4 1 8.08653e-08 
-0.0661429 0.0126238 1.02773 0.0025 1.01029 1.01444 2.51026 0.00494908 173 4 1 1.39479e-07 
-0.0636662 0.0105736 0.968113 0.0025 1.00859 1.01205 2.50857 0.00495743 174 4 1 1.75326e-07 
-0.0611855 0.00868553 0.881285 0.0025 1.00703 1.00986 2.50702 0.0049651 175 4 1 1.91813e-07 
-0.0587011 0.00699991 0.778694 0.0025 1.00565 1.00792 2.50564 0.00497192 176 4 1 1.93351e-07 
-0.0562136 0.00553618 0.669802 0.0025 1.00445 1.00625 2.50445 0.00497783 177 4 1 1.84268e-07 
-0.0537233 0.00429725 0.561938 0.0025 1.00345 1.00484 2.50344 0.00498282 178 4 1 1.68316e-07 
-0.0512308 0.00327363 0.460398 0.0025 1.00262 1.00368 2.50261 0.00498694 179 4 1 1.48516e-07 
-0.0487364 0.00244733 0.368664 0.0025 1.00195 1.00274 2.50195 0.00499025 180 4 1 1.27177e-07 
-0.0462405 0.00179523 0.288666 0.0025 1.00143 1.00201 2.50143 0.00499286 181 4 1 1.05982e-07 
-0.0437435 0.00129193 0.221088 0.0025 1.00103 1.00144 2.50102 0.00499487 182 4 1 8.60941e-08 
-0.0412456 0.000911918 0.165658 0.0025 1.00072 1.00102 2.50072 0.00499638 183 4 1 6.82421e-08 
-0.0387471 0.0006312 0.121444 0.0025 1.0005 1.0007 2.5005 0.0049975 184 4 1 5.28093e-08 
-0.0362481 0.000428301 0.0871081 0.0025 1.00034 1.00048 2.50034 0.00499831 185 4 1 3.99097e-08 
-0.0337488 0.000284813 0.0611265 0.0025 1.00023 1.00032 2.50022 0.00499888 186 4 1 2.94588e-08 
-0.0312493 0.000185539 0.0419597 0.0025 1.00015 1.00021 2.50015 0.00499927 187 4 1 2.12388e-08 
-0.0287496 0.000118353 0.0281694 0.0025 1.00009 1.00013 2.50009 0.00499953 188 4 1 1.49556e-08 
-0.0262497 7.38862e-05 0.0184903 0.0025 1.00006 1.00008 2.50006 0.00499971 189 4 1 1.02845e-08 
-0.0237498 4.51148e-05 0.0118622 0.0025 1.00004 1.00005 2.50004 0.00499982 190 4 1 6.90526e-09 
-0.0212499 2.69229e-05 0.00743415 0.0025 1.00002 1.00003 2.50002 0.00499989 191 4 1 4.52565e-09 
-0.01875 1.56887e-05 0.00454859 0.0025 1.00001 1.00002 2.50001 0.00499994 192 4 1 2.89419e-09 
-0.01625 8.91747e-06 0.00271493 0.0025 1.00001 1.00001 2.50001 0.00499996 193 4 1 1.80519e-09 
-0.01375 4.9374e-06 0.0015791 0.0025 1 1.00001 2.5 0.00499998 194 4 1 1.0977e-09 
-0.01125 2.65776e-06 0.000893433 0.0025 1 1 2.5 0.00499999 195 4 1 6.50761e-10 
-0.00875 1.3856e-06 0.000489693 0.0025 1 1 2.5 0.00499999 196 4 1 3.77044e-10 
-0.00625 6.91321e-07 0.000256453 0.0025 1 1 2.5 0.005 197 4 1 2.16078e-10 
-0.00375 3.12911e-07 0.000121016 0.0025 1 1 2.5 0.005 198 4 1 1.28211e-10 
-0.00125 8.89676e-08 3.5292e-05 0.0025 1 1 2.5 0.005 199 4 1 8.97756e-11 
0.00125 -8.89676e-08 -3.5292e-05 0.0025 1 1 2.5 0.005 200 4 1 8.97756e-11 
0.00375 -3.12911e-07 -0.000121016 0.0025 1 1 2.5 0.005 201 4 1 1.28211e-10 
0.00625 -6.91321e-07 -0.000256453 0.0025 1 1 2.5 0.005 202 4 1 2.16078e-10 
0.00875 -1.3856e-06 -0.000489693 0.0025 1 1 2.5 0.00499999 203 4 1 3.77044e-10 
0.01125 -2.65776e-06 -0.000893433 0.0025 1 1 2.5 0.00499999 204 4 1 6.50761e-10 
0.01375 -4.9374e-06 -0.0015791 0.0025 1 1.00001 2.5 0.00499998 205 4 1 1.0977e-09 
0.01625 -8.91747e-06 -0.00271493 0.0025 1.00001 1.00001 2.50001 0.00499996 206 4 1 1.80519e-09 
0.01875 -1.56887e-05 -0.00454859 0.0025 1.00001 1.00002 2.50001 0.00499994 207 4 1 2.89419e-09 
0.0212499 -2.69229e-05 -0.00743415 0.0025 1.00002 1.00003 2.50002 0.00499989 208 4 1 4.52565e-09 
0.0237498 -4.51148e-05 -0.0118622 0.0025 1.00004 1.00005 2.50004 0.00499982 209 4 1 6.90526e-09 
0.0262497 -7.38862e-05 -0.0184903 0.0025 1.00006 1.00008 2.50006 0.00499971 210 4 1 1.02845e-08 
0.0287496 -0.000118353 -0.0281694 0.0025 1.00009 1.00013 2.50009 0.00499953 211 4 1 1.49556e-08 
0.0312493 -0.000185539 -0.0419597 0.0025 1.00015 1.00021 2.50015 0.00499927 212 4 1 2.12388e-08 
0.0337488 -0.000284813 -0.0611265 0.0025 1.00023 1.00032 2.50022 0.00499888 213 4 1 2.94588e-08 
0.0362481 -0.000428301 -0.0871081 0.0025 1.00034 1.00048 2.50034 0.00499831 214 4 1 3.99097e-08 
0.0387471 -0.0006312 -0.121444 0.0025 1.0005 1.0007 2.5005 0.0049975 215 4 1 5.28093e-08 
0.0412456 -0.000911918 -0.165658 0.0025 1.00072 1.00102 2.50072 0.00499638 216 4 1 6.82421e-08 
0.0437435 -0.00129193 -0.221088 0.0025 1.00103 1.00144 2.50102 0.00499487 217 4 1 8.60941e-08 
0.0462405 -0.00179523 -0.288666 0.0025 1.00143 1.00201 2.50143 0.00499286 218 4 1 1.05982e-07 
0.0487364 -0.00244733 -0.368664 0.0025 1.00195 1.00274 2.50195 0.00499025 219 4 1 1.27177e-07 
0.0512308 -0.00327363 -0.460398 0.0025 1.00262 1.00368 2.50261 0.00498694 220 4 1 1.48516e-07 
0.0537233 -0.00429725 -0.561938 0.0025 1.00345 1.00484 2.50344 0.00498282 221 4 1 1.68316e-07 
0.0562136 -0.00553618 -0.669802 0.0025 1.00445 1.00625 2.50445 0.00497783 222 4 1 1.84268e-07 
0.0587011 -0.00699991 -0.778694 0.0025 1.00565 1.00792 2.50564 0.00497192 223 4 1 1.93351e-07 
0.0611855 -0.00868553 -0.881285 0.0025 1.00703 1.00986 2.50702 0.0049651 224 4 1 1.91813e-07 
0.0636662 -0.0105736 -0.968113 0.0025 1.00859 1.01205 2.50857 0.00495743 225 4 1 1.75326e-07 
0.0661429 -0.0126238 -1.02773 0.0025 1.01029 1.01444 2.51026 0.00494908 226 4 1 1.39479e-07 
0.0686153 -0.0147717 -1.04729 0.0025 1.01209 1.01697 2.51206 0.00494028 227 4 1 8.08653e-08 
0.0710832 -0.0169269 -1.01396 0.0025 1.01391 1.01954 2.51387 0.00493139 228 4 1 -9.8102e-10 
0.0735467 -0.018975 -0.917766 0.0025 1.01567 1.02201 2.51562 0.00492286 229 4 1 -1.00418e-07 
0.0760061 -0.0207866 -0.757198 0.0025 1.01726 1.02424 2.51719 0.00491519 230 4 1 -2.00976e-07 
0.0784619 -0.0222407 -0.550174 0.0025 1.01857 1.02609 2.51849 0.00490885 231 4 1 -2.70903e-07 
0.080915 -0.0232697 -0.347034 0.0025 1.01954 1.02746 2.51945 0.00490417 232 4 1 -2.72084e-07 
0.0833661 -0.0239203 -0.22856 0.0025 1.02019 1.02837 2.52009 0.00490107 233 4 1 -2.19237e-07 
0.085816 -0.0243445 -0.196997 0.0025 1.02055 1.02887 2.52045 0.00489931 234 3 1 -4.03321e-07 
0.0882654 -0.0244397 0.13565 0.0025 1.02033 1.02849 2.52026 0.0049004 235 4 1 -1.69366e-06 
0.0907164 -0.0221445 2.37283 0.0025 1.01799 1.02518 2.518 0.00491162 236 4 1 -2.70797e-06 
0.093177 -0.0149815 4.43733 0.0025 1.01269 1.01786 2.5127 0.00493734 237 4 1 4.7083e-07 
0.0956538 -0.00778263 1.89633 0.0025 1.00765 1.01085 2.50757 0.00496206 238 4 1 3.4766e-06 
0.0981391 -0.00690122 -0.382195 0.0025 1.00556 1.00774 2.50554 0.00497236 239 4 1 -3.23119e-07 
0.100626 -0.00456355 2.78197 0.0025 1.00282 1.00383 2.50294 0.00498595 240 4 1 -3.16248e-06 
0.103125 0.00383832 4.64584 0.0025 0.996842 0.995633 2.4969 0.00501584 241 4 1 6.14648e-07 
0.105642 0.0114103 2.42061 0.0025 0.990982 0.987487 2.49092 0.0050455 242 4 1 2.65054e-06 
0.108171 0.0152499 1.56148 0.0025 0.986997 0.981824 2.48696 0.00506587 243 4 1 1.91093e-08 
0.110708 0.0202037 2.96029 0.0025 0.982703 0.975839 2.48267 0.00508801 244 4 1 -8.19924e-07 
0.113259 0.0271342 3.27505 0.0025 0.977332 0.96844 2.47721 0.00511597 245 4 1 7.01221e-07 
0.115824 0.0334946 2.60978 0.0025 0.972126 0.961226 2.4719 0.00514337 246 4 1 1.01305e-06 
0.118402 0.0390056 2.49928 0.0025 0.967376 0.954627 2.46708 0.00516862 247 4 1 2.46517e-07 
0.120993 0.0449739 2.8919 0.0025 0.962437 0.947811 2.46204 0.00519514 248 4 1 9.79583e-08 
0.123597 0.051563 3.02243 0.0025 0.957145 0.940539 2.45661 0.00522387 249 4 1 5.27493e-07 
0.126217 0.0581427 2.86372 0.0025 0.951848 0.933266 2.45116 0.00525294 250 4 1 7.54746e-07 
0.12885 0.0643602 2.68018 0.0025 0.946758 0.926278 2.44591 0.00528118 251 4 1 5.61383e-07 
0.131498 0.070526 2.77813 0.0025 0.941711 0.919364 2.44069 0.00530948 252 4 1 3.00503e-07 
0.13416 0.0770615 2.97054 0.0025 0.936458 0.912197 2.43524 0.00533927 253 4 1 3.84741e-07 
0.136837 0.0839412 2.99078 0.0025 0.931053 0.904846 2.4296 0.00537026 254 4 1 7.00421e-07 
0.13953 0.0905835 2.76723 0.0025 0.925773 0.897671 2.42408 0.00540089 255 4 1 7.64128e-07 
0.142238 0.0969091 2.68853 0.0025 0.920682 0.890755 2.41874 0.00543076 256 4 1 4.58106e-07 
0.144961 0.103399 2.87024 0.0025 0.915509 0.883752 2.4133 0.00546144 257 4 1 3.08913e-07 
0.147699 0.110368 3.01979 0.0025 0.910101 0.876463 2.40759 0.0054939 258 4 1 5.74671e-07 
0.150455 0.117382 2.87732 0.0025 0.904674 0.869162 2.40183 0.00552686 259 4 1 8.02065e-07 
0.153226 0.124067 2.73291 0.0025 0.899424 0.862101 2.39624 0.00555912 260 4 1 6.25997e-07 
0.156014 0.130723 2.81377 0.0025 0.894204 0.855098 2.39068 0.00559156 261 4 1 4.08389e-07 
0.158818 0.137754 2.96979 0.0025 0.888816 0.847899 2.38491 0.00562546 262 4 1 5.3745e-07 
0.161639 0.144959 2.90693 0.0025 0.883354 0.840621 2.37903 0.00566025 263 4 1 7.7621e-07 
0.164478 0.15192 2.76597 0.0025 0.878016 0.833514 2.37327 0.00569466 264 4 1 7.07625e-07 
0.167334 0.158778 2.78532 0.0025 0.872748 0.826514 2.36757 0.00572903 265 4 1 5.07786e-07 
0.170207 0.165897 2.90726 0.0025 0.867374 0.8194 2.36173 0.00576452 266 4 1 5.39968e-07 
0.173099 0.173229 2.9066 0.0025 0.861905 0.812183 2.35576 0.0058011 267 4 1 7.3393e-07 
0.176009 0.18046 2.80029 0.0025 0.856493 0.805051 2.34983 0.00583776 268 4 1 7.30235e-07 
0.178937 0.187612 2.80937 0.0025 0.851133 0.798002 2.34394 0.00587452 269 4 1 6.05295e-07 
0.181883 0.194917 2.86553 0.0025 0.845718 0.790904 2.33796 0.00591214 270 4 1 6.09279e-07 
0.184849 0.202382 2.88972 0.0025 0.840236 0.78374 2.33189 0.00595071 271 4 1 7.29295e-07 
0.187834 0.209828 2.81032 0.0025 0.834778 0.776623 2.32582 0.00598961 272 4 1 7.61702e-07 
0.190838 0.217213 2.80287 0.0025 0.829368 0.769582 2.31978 0.00602869 273 4 1 6.73001e-07 
0.193863 0.224699 2.83575 0.0025 0.823928 0.762525 2.31368 0.00606849 274 4 1 6.61826e-07 
0.196907 0.232331 2.85873 0.0025 0.818437 0.755421 2.3075 0.00610921 275 4 1 7.28151e-07 
0.199972 0.240013 2.82661 0.0025 0.812937 0.748326 2.30128 0.00615054 276 4 1 7.78804e-07 
0.203058 0.247647 2.79971 0.0025 0.807464 0.74128 2.29507 0.00619222 277 4 1 7.4045e-07 
0.206164 0.255358 2.82381 0.0025 0.801979 0.734239 2.28883 0.00623457 278 4 1 7.03978e-07 
0.209292 0.263214 2.85689 0.0025 0.796442 0.727155 2.28249 0.00627792 279 4 1 7.80979e-07 
0.212442 0.271121 2.803 0.0025 0.790907 0.720091 2.27613 0.00632186 280 4 1 8.38924e-07 
0.215614 0.278939 2.77905 0.0025 0.785411 0.713092 2.2698 0.00636609 281 4 1 7.5593e-07 
0.218808 0.28689 2.83242 0.0025 0.779882 0.706074 2.26339 0.00641123 282 4 1 7.57981e-07 
0.222026 0.295 2.81926 0.0025 0.774311 0.699026 2.25691 0.00645736 283 4 1 8.46143e-07 
0.225266 0.30307 2.78946 0.0025 0.768754 0.692012 2.25042 0.00650403 284 4 1 8.37077e-07 
0.22853 0.311197 2.79819 0.0025 0.763197 0.685018 2.2439 0.00655139 285 4 1 8.11535e-07 
0.231817 0.31944 2.81113 0.0025 0.757612 0.678011 2.23731 0.00659969 286 4 1 8.44328e-07 
0.235129 0.327748 2.7998 0.0025 0.752011 0.671005 2.23068 0.00664884 287 4 1 8.93634e-07 
0.238466 0.336075 2.76962 0.0025 0.746425 0.664036 2.22404 0.0066986 288 4 1 8.73682e-07 
0.241828 0.344443 2.79463 0.0025 0.740827 0.657074 2.21735 0.00674922 289 4 1 8.56581e-07 
0.245216 0.352966 2.79695 0.0025 0.735195 0.650093 2.2106 0.00680092 290 4 1 9.17618e-07 
0.248629 0.361498 2.77364 0.0025 0.729562 0.64313 2.20381 0.00685343 291 4 1 9.28392e-07 
0.252069 0.370104 2.78114 0.0025 0.723924 0.636183 2.19698 0.0069068 292 4 1 9.22581e-07 
0.255536 0.37881 2.77819 0.0025 0.71827 0.629239 2.1901 0.00696117 293 4 1 9.58356e-07 
0.25903 0.387564 2.76384 0.0025 0.712615 0.622314 2.18319 0.00701641 294 4 1 9.82459e-07 
0.262553 0.396358 2.74926 0.0025 0.706967 0.61542 2.17625 0.00707246 295 4 1 9.76228e-07 
0.266103 0.405211 2.75665 0.0025 0.701314 0.608543 2.16927 0.00712947 296 4 1 1.00511e-06 
0.269682 0.414125 2.72321 0.0025 0.695671 0.6017 2.16227 0.0071873 297 4 1 1.0411e-06 
0.27329 0.423018 2.70735 0.0025 0.690059 0.594915 2.15528 0.00724576 298 4 1 1.03856e-06 
0.276928 0.431947 2.68386 0.0025 0.684477 0.588191 2.14829 0.00730485 299 4 1 1.09388e-06 
0.280595 0.440814 2.61044 0.0025 0.678972 0.581579 2.14136 0.00736408 300 4 1 1.10187e-06 
0.284292 0.449558 2.57126 0.0025 0.673559 0.575098 2.13452 0.00742326 301 4 1 1.05227e-06 
0.288019 0.458277 2.53251 0.0025 0.668217 0.568724 2.12773 0.0074826 302 4 1 1.06518e-06 
0.291775 0.466889 2.46365 0.0025 0.662968 0.562479 2.12103 0.00754184 303 4 1 1.05408e-06 
0.295561 0.47536 2.41541 0.0025 0.657816 0.556367 2.11442 0.00760091 304 4 1 9.84615e-07 
0.299376 0.483801 2.39391 0.0025 0.652722 0.550344 2.10786 0.00766023 305 4 1 9.42906e-07 
0.303221 0.492236 2.3729 0.0025 0.647658 0.544375 2.1013 0.00772012 306 4 1 9.17238e-07 
0.307096 0.500725 2.37317 0.0025 0.6426 0.538431 2.09472 0.00778089 307 4 1 8.86025e-07 
0.311002 0.509314 2.38701 0.0025 0.637513 0.532473 2.08807 0.00784298 308 4 1 8.91324e-07 
0.314939 0.518033 2.3965 0.0025 0.632384 0.526484 2.08134 0.00790659 309 4 1 8.89021e-07 
0.318909 0.526929 2.43823 0.0025 0.627186 0.520436 2.07448 0.00797212 310 4 1 9.0817e-07 
0.322912 0.536044 2.45993 0.0025 0.621906 0.514313 2.06748 0.0080398 311 4 1 9.62219e-07 
0.326949 0.545327 2.49008 0.0025 0.616549 0.508121 2.06034 0.00810966 312 4 1 9.87521e-07 
0.331021 0.554857 2.52981 0.0025 0.611099 0.501845 2.05304 0.00818198 313 4 1 1.03747e-06 
0.335131 0.564635 2.56151 0.0025 0.605556 0.495485 2.04557 0.00825687 314 4 1 1.10677e-06 
0.339278 0.574613 2.59003 0.0025 0.599932 0.489056 2.03795 0.00833428 315 4 1 1.19319e-06 
0.343465 0.584772 2.59443 0.0025 0.594254 0.482591 2.03022 0.00841391 316 4 1 1.27898e-06 
0.347693 0.595063 2.59579 0.0025 0.588559 0.476132 2.02241 0.00849533 317 4 1 1.39041e-06 
0.351961 0.605368 2.53639 0.0025 0.582917 0.469761 2.01463 0.00857755 318 4 1 1.53477e-06 
0.35627 0.615439 2.4216 0.0025 0.577448 0.463608 2.00705 0.00865879 319 4 1 1.62148e-06 
0.36062 0.625041 2.25177 0.0025 0.572269 0.457801 1.99983 0.00873715 320 4 1 1.63397e-06 
0.365008 0.63395 2.04523 0.0025 0.567476 0.452444 1.99312 0.00881095 321 4 1 1.53505e-06 
0.369431 0.642115 1.84606 0.0025 0.563108 0.447575 1.98697 0.00887929 322 4 1 1.35606e-06 
0.373887 0.649521 1.67033 0.0025 0.559148 0.443173 1.98137 0.00894218 323 4 1 1.18464e-06 
0.378373 0.656293 1.50899 0.0025 0.555572 0.439213 1.97629 0.00899973 324 4 1 1.10217e-06 
0.382887 0.662343 1.31005 0.0025 0.552418 0.435732 1.9718 0.00905112 325 4 1 1.14063e-06 
0.387424 0.667401 1.01637 0.0025 0.549818 0.432871 1.96808 0.00909392 326 4 1 1.21184e-06 
0.391981 0.670987 0.62805 0.0025 0.547942 0.430804 1.96539 0.00912505 327 4 1 1.04051e-06 
0.39655 0.673101 0.350077 0.0025 0.546774 0.429508 1.96372 0.00914454 328 4 1 6.35616e-07 
0.401125 0.674322 0.220786 0.0025 0.546075 0.428729 1.96272 0.00915626 329 4 1 3.4155e-07 
0.405706 0.67514 0.144342 0.0025 0.545641 0.428251 1.9621 0.00916354 330 4 1 2.77319e-07 
0.410289 0.675525 0.0267003 0.0025 0.545429 0.428017 1.9618 0.00916709 331 4 1 2.09104e-07 
0.414873 0.675526 -0.0152564 0.0025 0.545388 0.427966 1.96174 0.00916778 332 5 1 5.87901e-08 
0.419457 0.675508 -0.0096872 0.0025 0.545397 0.427975 1.96176 0.00916763 333 4 1 1.59582e-08 
0.424041 0.675444 -0.0210406 0.0025 0.545421 0.428002 1.96179 0.00916724 334 4 1 2.74424e-08 
0.428624 0.675342 -0.0276592 0.0025 0.545466 0.428053 1.96186 0.00916647 335 4 1 1.84614e-08 
0.433207 0.675216 -0.0323062 0.0025 0.545527 0.42812 1.96195 0.00916544 336 4 1 1.2943e-08 
0.437789 0.675075 -0.0349008 0.0025 0.545599 0.428199 1.96206 0.00916424 337 4 1 7.35475e-09 
0.442371 0.674925 -0.0354645 0.0025 0.545676 0.428284 1.96217 0.00916295 338 4 1 1.80819e-09 
0.446952 0.674774 -0.0346055 0.0025 0.545754 0.428371 1.96229 0.00916163 339 4 1 -1.84498e-09 
0.451533 0.674626 -0.0328715 0.0025 0.545831 0.428456 1.9624 0.00916034 340 4 1 -3.335e-09 
0.456113 0.674485 -0.0307495 0.0025 0.545905 0.428538 1.96251 0.0091591 341 4 1 -4.45336e-09 
0.460692 0.674354 -0.0284377 0.0025 0.545974 0.428615 1.96262 0.00915795 342 4 1 -6.66779e-09 
0.465271 0.674235 -0.0259745 0.0025 0.546038 0.428686 1.96271 0.00915687 343 4 1 -6.89696e-09 
0.469849 0.674127 -0.0234292 0.0025 0.546096 0.428751 1.9628 0.0091559 344 4 1 -6.01252e-09 
0.474427 0.67403 -0.0209444 0.0025 0.546149 0.428809 1.96288 0.00915502 345 4 1 -6.29318e-09 
0.479004 0.673943 -0.01868 0.0025 0.546195 0.428862 1.96295 0.00915423 346 4 1 -6.56586e-09 
0.483581 0.673865 -0.0166958 0.0025 0.546237 0.428909 1.96302 0.00915353 347 4 1 -5.27827e-09 
0.488157 0.673796 -0.0149309 0.0025 0.546274 0.428951 1.96307 0.00915291 348 4 1 -4.16738e-09 
0.492734 0.673735 -0.0132972 0.0025 0.546307 0.428988 1.96313 0.00915236 349 4 1 -4.81739e-09 
0.49731 0.67368 -0.0117499 0.0025 0.546336 0.429021 1.96317 0.00915187 350 4 1 -4.85878e-09 
0.501886 0.67363 -0.0102873 0.0025 0.546362 0.42905 1.96322 0.00915145 351 4 1 -3.67816e-09 
0.506461 0.673584 -0.00891793 0.0025 0.546384 0.429075 1.96325 0.00915108 352 4 1 -3.04188e-09 
0.511037 0.673542 -0.00764389 0.0025 0.546402 0.429097 1.96329 0.00915077 353 4 1 -3.96677e-09 
0.515612 0.673502 -0.00648536 0.0025 0.546418 0.429116 1.96331 0.00915051 354 4 1 -3.08382e-09 
0.520187 0.673464 -0.00551063 0.0025 0.546431 0.429131 1.96334 0.00915028 355 4 1 -1.04806e-09 
0.524762 0.673429 -0.00480497 0.0025 0.546442 0.429145 1.96336 0.0091501 356 4 1 -1.28881e-09 
0.529337 0.673398 -0.00438941 0.0025 0.546452 0.429158 1.96338 0.00914993 357 4 1 -1.35883e-09 
0.533912 0.67337 -0.00418066 0.0025 0.546462 0.42917 1.9634 0.00914977 358 4 1 -5.33377e-11 
0.538487 0.673345 -0.00404096 0.0025 0.546471 0.429181 1.96342 0.00914962 359 4 1 1.9472e-10 
0.543062 0.673324 -0.00386511 0.0025 0.546479 0.429192 1.96344 0.00914949 360 4 1 -1.3723e-09 
0.547637 0.673305 -0.00362464 0.0025 0.546486 0.429202 1.96346 0.00914937 361 4 1 -6.31904e-10 
0.552211 0.673288 -0.00334846 0.0025 0.546493 0.429211 1.96348 0.00914925 362 4 1 7.03006e-10 
0.556786 0.673272 -0.00307778 0.0025 0.546498 0.429219 1.9635 0.00914916 363 4 1 -1.536e-09 
0.56136 0.673257 -0.00283639 0.0025 0.546504 0.429227 1.96351 0.00914907 364 4 1 -7.82476e-10 
0.565935 0.673244 -0.00262719 0.0025 0.546508 0.429234 1.96353 0.00914899 365 4 1 1.6158e-09 
0.570509 0.673232 -0.00244191 0.0025 0.546512 0.429241 1.96355 0.00914893 366 4 1 -1.27855e-09 
0.575084 0.673221 -0.00226991 0.0025 0.546515 0.429247 1.96356 0.00914888 367 4 1 -1.27617e-09 
0.579658 0.673211 -0.00210266 0.0025 0.546518 0.429253 1.96358 0.00914883 368 4 1 1.57065e-09 
0.584233 0.673201 -0.00193638 0.0025 0.54652 0.429258 1.9636 0.00914879 369 4 1 1.36548e-10 
0.588807 0.673192 -0.00177408 0.0025 0.546522 0.429263 1.96361 0.00914876 370 4 1 -1.09353e-09 
0.593381 0.673184 -0.00162471 0.0025 0.546523 0.429267 1.96363 0.00914874 371 4 1 5.97409e-10 
0.597956 0.673176 -0.00149788 0.0025 0.546524 0.429271 1.96364 0.00914873 372 4 1 1.01543e-09 
0.60253 0.673169 -0.0013968 0.0025 0.546524 0.429275 1.96366 0.00914873 373 3 1 -5.24642e-10 
0.607104 0.673163 -0.00131487 0.0025 0.546524 0.429279 1.96368 0.00914873 374 4 1 5.87513e-10 
0.611679 0.673157 -0.00123923 0.0025 0.546523 0.429282 1.9637 0.00914874 375 4 1 1.31801e-09 
0.616253 0.673151 -0.001159 0.0025 0.546522 0.429285 1.96371 0.00914876 376 4 1 -3.48495e-10 
0.620828 0.673146 -0.00107204 0.0025 0.54652 0.429288 1.96373 0.00914879 377 4 1 8.77437e-10 
0.625402 0.673141 -0.000985196 0.0025 0.546518 0.429291 1.96375 0.00914882 378 4 1 1.02915e-09 
0.629976 0.673136 -0.000908111 0.0025 0.546516 0.429293 1.96377 0.00914887 379 4 1 1.03661e-09 
0.634551 0.673132 -0.000845829 0.0025 0.546512 0.429295 1.9638 0.00914893 380 4 1 2.59286e-09 
0.639125 0.673128 -0.000795938 0.0025 0.546508 0.429298 1.96382 0.00914899 381 4 1 -1.28858e-09 
0.6437 0.673124 -0.000751643 0.0025 0.546504 0.4293 1.96384 0.00914906 382 4 1 1.38641e-09 
0.648274 0.673121 -0.00070738 0.0025 0.546499 0.429302 1.96387 0.00914915 383 4 1 4.80316e-09 
0.652849 0.673118 -0.000662203 0.0025 0.546493 0.429303 1.9639 0.00914924 384 4 1 -1.67973e-09 
0.657424 0.673115 -0.000618906 0.0025 0.546487 0.429305 1.96393 0.00914935 385 4 1 2.03062e-09 
0.661998 0.673112 -0.000580588 0.0025 0.54648 0.429307 1.96396 0.00914946 386 4 1 3.49479e-09 
0.666573 0.67311 -0.000547906 0.0025 0.546472 0.429308 1.964 0.0091496 387 4 1 2.78365e-09 
0.671148 0.673107 -0.000518941 0.0025 0.546463 0.429309 1.96404 0.00914975 388 4 1 4.66586e-09 
0.675723 0.673105 -0.000491131 0.0025 0.546453 0.429311 1.96408 0.00914992 389 4 1 -2.30095e-09 
0.680298 0.673103 -0.000463274 0.0025 0.546442 0.429312 1.96412 0.0091501 390 4 1 5.41648e-09 
0.684873 0.673101 -0.000436063 0.0025 0.54643 0.429313 1.96417 0.0091503 391 4 1 4.70902e-09 
0.689448 0.673099 -0.000411064 0.0025 0.546417 0.429315 1.96423 0.00915052 392 4 1 8.18624e-09 
0.694023 0.673097 -0.000389266 0.0025 0.546404 0.429318 1.96429 0.00915074 393 4 1 -3.55289e-09 
0.698599 0.673096 -0.000370425 0.0025 0.546382 0.42932 1.96435 0.00915111 394 4 1 1.43693e-07 
0.703175 0.673094 -0.000353564 0.0025 0.546371 0.42935 1.96458 0.00915129 395 4 1 -1.38712e-07 
0.70775 0.673093 -0.00033796 0.0025 0.545973 0.429196 1.96465 0.00915795 396 5 1 3.48575e-06 
0.712333 0.673092 -0.000323675 0.0025 0.548239 0.43086 1.9685 0.00912011 397 3 1 -1.90586e-05 
0.716871 0.673091 -0.000311302 0.0025 0.536909 0.426191 1.95004 0.00931256 398 4 1 0.000179252 
0.721651 0.673089 -0.000300195 0.0025 0.511052 0.432729 2.1525 0.00978373 399 4 1 -0.000134225 
0.726661 0.673089 -0.000289916 0.0025 0.482807 0.424503 2.15549 0.0103561 400 4 1 0.000266084 
0.732022 0.673088 -0.00027932 0.0025 0.454323 0.432947 2.44418 0.0110054 401 4 1 -0.000240409 
0.737677 0.673087 -0.000267029 0.0025 0.447025 0.427283 2.38026 0.0111851 402 5 1 5.3809e-05 
0.743208 0.673086 -0.000252863 0.0025 0.452457 0.429654 2.37465 0.0110508 403 4 1 -3.01271e-06 
0.748728 0.673085 -0.000236142 0.0025 0.453639 0.429326 2.36525 0.011022 404 4 1 3.91277e-06 
0.75423 0.673084 -0.000216101 0.0025 0.454719 0.429384 2.36046 0.0109958 405 4 1 1.27156e-06 
0.759724 0.673084 -0.000191423 0.0025 0.455343 0.429358 2.35717 0.0109807 406 4 1 8.42901e-07 
0.765211 0.673083 -0.000160637 0.0025 0.455788 0.429347 2.35487 0.01097 407 4 1 5.44333e-07 
0.770694 0.673082 -0.000123084 0.0025 0.456109 0.42934 2.35321 0.0109623 408 4 1 3.49048e-07 
0.776173 0.673081 -7.94913e-05 0.0025 0.456349 0.429336 2.35196 0.0109565 409 4 1 2.4668e-07 
0.78165 0.67308 -3.18922e-05 0.0025 0.456534 0.429333 2.35101 0.0109521 410 4 1 1.77193e-07 
0.787125 0.673079 1.69272e-05 0.0025 0.456677 0.429331 2.35027 0.0109486 411 4 1 1.30857e-07 
0.792599 0.673078 6.39788e-05 0.0025 0.456791 0.42933 2.34969 0.0109459 412 4 1 9.79851e-08 
0.798071 0.673076 0.000106362 0.0025 0.456882 0.429329 2.34922 0.0109438 413 4 1 7.54003e-08 
0.803542 0.673075 0.000141384 0.0025 0.456955 0.429328 2.34884 0.010942 414 4 1 5.88235e-08 
0.809013 0.673073 0.000166757 0.0025 0.457014 0.429327 2.34853 0.0109406 415 4 1 4.64046e-08 
0.814483 0.673071 0.000180993 0.0025 0.457063 0.429326 2.34828 0.0109394 416 4 1 3.70522e-08 
0.819952 0.67307 0.000183866 0.0025 0.457103 0.429325 2.34807 0.0109385 417 4 1 2.98633e-08 
0.825421 0.673068 0.000176684 0.0025 0.457136 0.429325 2.3479 0.0109377 418 4 1 2.42164e-08 
0.83089 0.673066 0.000162154 0.0025 0.457164 0.429324 2.34776 0.010937 419 4 1 1.97818e-08 
0.836358 0.673065 0.000143846 0.0025 0.457187 0.429324 2.34764 0.0109365 420 4 1 1.62624e-08 
0.841827 0.673064 0.000125431 0.0025 0.457206 0.429323 2.34754 0.010936 421 4 1 1.34563e-08 
0.847294 0.673063 0.000109954 0.0025 0.457222 0.429323 2.34745 0.0109356 422 4 1 1.11818e-08 
0.852762 0.673062 9.93667e-05 0.0025 0.457235 0.429323 2.34738 0.0109353 423 4 1 9.29879e-09 
0.85823 0.673061 9.43931e-05 0.0025 0.457247 0.429322 2.34732 0.010935 424 4 1 7.78001e-09 
0.863697 0.67306 9.47258e-05 0.0025 0.457256 0.429322 2.34727 0.0109348 425 4 1 6.55431e-09 
0.869165 0.673059 9.94296e-05 0.0025 0.457264 0.429322 2.34723 0.0109346 426 4 1 5.18773e-09 
0.874632 0.673058 0.000107411 0.0025 0.457271 0.429321 2.34719 0.0109344 427 4 1 4.01488e-09 
0.880099 0.673057 0.000117834 0.0025 0.457277 0.429321 2.34716 0.0109343 428 4 1 3.73281e-09 
0.885566 0.673056 0.000130441 0.0025 0.457282 0.429321 2.34713 0.0109342 429 4 1 3.5296e-09 
0.891033 0.673055 0.000145966 0.0025 0.457286 0.42932 2.34711 0.0109341 430 4 1 2.8279e-09 
0.8965 0.673054 0.000167249 0.0025 0.457289 0.42932 2.34709 0.010934 431 4 1 2.16627e-09 
0.901967 0.673053 0.000202546 0.0025 0.457292 0.429319 2.34707 0.0109339 432 4 1 1.6809e-09 
0.907434 0.673052 0.000273723 0.0025 0.457294 0.429319 2.34706 0.0109339 433 4 1 1.0846e-09 
0.912901 0.67305 0.000432107 0.0025 0.457295 0.429317 2.34705 0.0109339 434 4 1 8.57441e-11 
0.918368 0.673047 0.000776351 0.0025 0.457296 0.429315 2.34703 0.0109338 435 3 1 -1.75041e-09 
0.923835 0.673042 0.00143617 0.0025 0.457294 0.42931 2.34702 0.0109339 436 4 1 -5.28924e-09 
0.929302 0.673031 0.00245675 0.0025 0.457288 0.429301 2.347 0.010934 437 4 1 -1.23408e-08 
0.934769 0.673002 0.00369974 0.0025 0.457274 0.42928 2.34696 0.0109344 438 4 1 -2.83195e-08 
0.940236 0.672927 0.00597436 0.0025 0.457243 0.429237 2.34689 0.0109351 439 4 1 -7.2425e-08 
0.945704 0.672749 0.0175849 0.0025 0.457169 0.429133 2.34673 0.0109369 440 4 1 -2.0495e-07 
0.951173 0.672379 0.0734145 0.0025 0.456972 0.428862 2.34632 0.0109416 441 4 1 -5.75288e-07 
0.956646 0.671732 0.267461 0.0025 0.456436 0.428126 2.34522 0.0109544 442 4 1 -1.43208e-06 
0.962128 0.670707 0.752392 0.0025 0.455054 0.426257 2.34237 0.0109877 443 4 1 -2.96248e-06 
0.967633 0.668638 1.61647 0.0025 0.451908 0.422069 2.33586 0.0110642 444 4 1 -4.42424e-06 
0.973192 0.662153 2.36319 0.0025 0.445957 0.414244 2.32336 0.0112118 445 4 1 -4.11053e-06 
0.978846 0.640431 1.69771 0.0025 0.436504 0.402058 2.30322 0.0114547 446 4 1 2.79099e-06 
0.984649 0.576744 -2.82627 0.0025 0.424629 0.387275 2.27894 0.011775 447 4 1 1.70452e-05 
0.990624 0.436079 -9.68036 0.0025 0.410953 0.372067 2.26123 0.0121668 448 4 1 2.7429e-05 
0.99682 0.17159 -5.969 0.0025 0.398295 0.359767 2.25808 0.0125535 449 4 1 1.91153e-05 
1.00318 -0.17159 5.969 0.0025 0.398295 0.359767 2.25808 0.0125535 450 4 1 1.91153e-05 
1.00938 -0.436079 9.68036 0.0025 0.410953 0.372067 2.26123 0.0121668 451 4 1 2.7429e-05 
1.01535 -0.576744 2.82627 0.0025 0.424629 0.387275 2.27894 0.011775 452 4 1 1.70452e-05 
1.02115 -0.640431 -1.69771 0.0025 0.436504 0.402058 2.30322 0.0114547 453 4 1 2.79099e-06 
1.02681 -0.662153 -2.36319 0.0025 0.445957 0.414244 2.32336 0.0112118 454 4 1 -4.11053e-06 
1.03237 -0.668638 -1.61647 0.0025 0.451908 0.422069 2.33586 0.0110642 455 4 1 -4.42424e-06 
1.03787 -0.670707 -0.752392 0.0025 0.455054 0.426257 2.34237 0.0109877 456 4 1 -2.96248e-06 
1.04335 -0.671732 -0.267461 0.0025 0.456436 0.428126 2.34522 0.0109544 457 4 1 -1.43208e-06 
1.04883 -0.672379 -0.0734145 0.0025 0.456972 0.428862 2.34632 0.0109416 458 4 1 -5.75288e-07 
1.0543 -0.672749 -0.0175849 0.0025 0.457169 0.429133 2.34673 0.0109369 459 4 1 -2.0495e-07 
1.05976 -0.672927 -0.00597436 0.0025 0.457243 0.429237 2.34689 0.0109351 460 4 1 -7.2425e-08 
1.06523 -0.673002 -0.00369974 0.0025 0.457274 0.42928 2.34696 0.0109344 461 4 1 -2.83195e-08 
1.0707 -0.673031 -0.00245675 0.0025 0.457288 0.429301 2.347 0.010934 462 4 1 -1.23408e-08 
1.07617 -0.673042 -0.00143617 0.0025 0.457294 0.42931 2.34702 0.0109339 463 4 1 -5.28924e-09 
1.08163 -0.673047 -0.000776351 0.0025 0.457296 0.429315 2.34703 0.0109338 464 3 1 -1.75042e-09 
1.0871 -0.67305 -0.000432107 0.0025 0.457295 0.429317 2.34705 0.0109339 465 4 1 8.57441e-11 
1.09257 -0.673052 -0.000273723 0.0025 0.457294 0.429319 2.34706 0.0109339 466 4 1 1.0846e-09 
1.09803 -0.673053 -0.000202546 0.0025 0.457292 0.429319 2.34707 0.0109339 467 4 1 1.6809e-09 
1.1035 -0.673054 -0.000167249 0.0025 0.457289 0.42932 2.34709 0.010934 468 4 1 2.16627e-09 
1.10897 -0.673055 -0.000145966 0.0025 0.457286 0.42932 2.34711 0.0109341 469 4 1 2.8279e-09 
1.11443 -0.673056 -0.000130441 0.0025 0.457282 0.429321 2.34713 0.0109342 470 4 1 3.5296e-09 
1.1199 -0.673057 -0.000117834 0.0025 0.457277 0.429321 2.34716 0.0109343 471 4 1 3.73281e-09 
1.12537 -0.673058 -0.000107411 0.0025 0.457271 0.429321 2.34719 0.0109344 472 4 1 4.01488e-09 
1.13084 -0.673059 -9.94296e-05 0.0025 0.457264 0.429322 2.34723 0.0109346 473 4 1 5.18773e-09 
1.1363 -0.67306 -9.47258e-05 0.0025 0.457256 0.429322 2.34727 0.0109348 474 4 1 6.55431e-09 
1.14177 -0.673061 -9.43931e-05 0.0025 0.457247 0.429322 2.34732 0.010935 475 4 1 7.78001e-09 
1.14724 -0.673062 -9.93667e-05 0.0025 0.457235 0.429323 2.34738 0.0109353 476 4 1 9.29879e-09 
1.15271 -0.673063 -0.000109954 0.0025 0.457222 0.429323 2.34745 0.0109356 477 4 1 1.11818e-08 
1.15817 -0.673064 -0.000125431 0.0025 0.457206 0.429323 2.34754 0.010936 478 4 1 1.34563e-08 
1.16364 -0.673065 -0.000143846 0.0025 0.457187 0.429324 2.34764 0.0109365 479 4 1 1.62624e-08 
1.16911 -0.673066 -0.000162154 0.0025 0.457164 0.429324 2.34776 0.010937 480 4 1 1.97818e-08 
1.17458 -0.673068 -0.000176684 0.0025 0.457136 0.429325 2.3479 0.0109377 481 4 1 2.42164e-08 
1.18005 -0.67307 -0.000183866 0.0025 0.457103 0.429325 2.34807 0.0109385 482 4 1 2.98633e-08 
1.18552 -0.673071 -0.000180993 0.0025 0.457063 0.429326 2.34828 0.0109394 483 4 1 3.70522e-08 
1.19099 -0.673073 -0.000166757 0.0025 0.457014 0.429327 2.34853 0.0109406 484 4 1 4.64046e-08 
1.19646 -0.673075 -0.000141384 0.0025 0.456955 0.429328 2.34884 0.010942 485 4 1 5.88235e-08 
1.20193 -0.673076 -0.000106362 0.0025 0.456882 0.429329 2.34922 0.0109438 486 4 1 7.54003e-08 
1.2074 -0.673078 -6.39788e-05 0.0025 0.456791 0.42933 2.34969 0.0109459 487 4 1 9.79851e-08 
1.21287 -0.673079 -1.69272e-05 0.0025 0.456677 0.429331 2.35027 0.0109486 488 4 1 1.30857e-07 
1.21835 -0.67308 3.18922e-05 0.0025 0.456534 0.429333 2.35101 0.0109521 489 4 1 1.77193e-07 
1.22383 -0.673081 7.94913e-05 0.0025 0.456349 0.429336 2.35196 0.0109565 490 4 1 2.4668e-07 
1.22931 -0.673082 0.000123084 0.0025 0.456109 0.42934 2.35321 0.0109623 491 4 1 3.49048e-07 
1.23479 -0.673083 0.000160637 0.0025 0.455788 0.429347 2.35487 0.01097 492 4 1 5.44333e-07 
1.24028 -0.673084 0.000191423 0.0025 0.455343 0.429358 2.35717 0.0109807 493 4 1 8.42901e-07 
1.24577 -0.673084 0.000216101 0.0025 0.454719 0.429384 2.36046 0.0109958 494 4 1 1.27156e-06 
1.25127 -0.673085 0.000236142 0.0025 0.453639 0.429326 2.36525 0.011022 495 4 1 3.91277e-06 
1.25679 -0.673086 0.000252863 0.0025 0.452457 0.429654 2.37465 0.0110508 496 4 1 -3.01271e-06 
1.26232 -0.673087 0.000267029 0.0025 0.447025 0.427283 2.38026 0.0111851 497 5 1 5.3809e-05 
1.26798 -0.673088 0.00027932 0.0025 0.454323 0.432947 2.44418 0.0110054 498 4 1 -0.000240409 
1.27334 -0.673089 0.000289916 0.0025 0.482807 0.424503 2.15549 0.0103561 499 4 1 0.000266084 
