# Time [s]: 0.333845
# Columns: pos [m], vel [m/s], acc [m/s^2], mass [kg], dens [kg/m^3], pres [Pa], ene [J/kg], sml [m], id, neighbor, alpha, gradh, ...additional?
1.27752 -0.673089 0.000293853 0.0025 0.511052 0.432729 2.1525 0.00978373 0 4 1 -0.000134225 
1.2823 -0.67309 0.000304815 0.0025 0.536909 0.426191 1.95004 0.00931256 1 4 1 0.000179252 
1.28684 -0.673091 0.000316943 0.0025 0.548239 0.430861 1.9685 0.00912011 2 3 1 -1.90586e-05 
1.29142 -0.673092 0.000330775 0.0025 0.545974 0.429196 1.96465 0.00915795 3 5 1 3.48575e-06 
1.29599 -0.673094 0.000345844 0.0025 0.546371 0.42935 1.96458 0.00915128 4 4 1 -1.38711e-07 
1.30057 -0.673095 0.000362355 0.0025 0.546382 0.42932 1.96435 0.00915111 5 4 1 1.43694e-07 
1.30514 -0.673097 0.000381158 0.0025 0.546404 0.429318 1.96429 0.00915073 6 4 1 -3.5527e-09 
1.30972 -0.673098 0.000403052 0.0025 0.546417 0.429315 1.96423 0.00915052 7 4 1 8.1863e-09 
1.31429 -0.6731 0.000427896 0.0025 0.546431 0.429314 1.96417 0.00915029 8 4 1 4.70974e-09 
1.31887 -0.673102 0.000454448 0.0025 0.546442 0.429312 1.96412 0.0091501 9 4 1 5.41832e-09 
1.32344 -0.673104 0.000481292 0.0025 0.546453 0.429311 1.96408 0.00914992 10 4 1 -2.29839e-09 
1.32802 -0.673106 0.000508232 0.0025 0.546463 0.42931 1.96404 0.00914975 11 4 1 4.66811e-09 
1.33259 -0.673109 0.000536882 0.0025 0.546473 0.429309 1.964 0.00914959 12 4 1 2.78483e-09 
1.33717 -0.673111 0.000569676 0.0025 0.546481 0.429307 1.96396 0.00914946 13 4 1 3.49535e-09 
1.34174 -0.673114 0.0006078 0.0025 0.546487 0.429305 1.96393 0.00914934 14 4 1 2.03213e-09 
1.34632 -0.673117 0.000649805 0.0025 0.546494 0.429304 1.9639 0.00914924 15 4 1 -1.67575e-09 
1.35089 -0.67312 0.000692541 0.0025 0.5465 0.429302 1.96387 0.00914914 16 4 1 4.80941e-09 
1.35547 -0.673124 0.00073422 0.0025 0.546505 0.4293 1.96385 0.00914905 17 4 1 1.3926e-09 
1.36004 -0.673127 0.000777214 0.0025 0.546509 0.429298 1.96382 0.00914898 18 4 1 -1.28535e-09 
1.36462 -0.673131 0.000827673 0.0025 0.546513 0.429296 1.9638 0.00914892 19 4 1 2.5923e-09 
1.36919 -0.673135 0.000891311 0.0025 0.546516 0.429294 1.96377 0.00914886 20 4 1 1.03492e-09 
1.37377 -0.67314 0.000968345 0.0025 0.546519 0.429292 1.96375 0.00914881 21 4 1 1.03107e-09 
1.37834 -0.673145 0.00105212 0.0025 0.546521 0.429289 1.96373 0.00914878 22 4 1 8.86042e-10 
1.38291 -0.67315 0.00113346 0.0025 0.546523 0.429286 1.96372 0.00914875 23 4 1 -3.34613e-10 
1.38749 -0.673155 0.00120799 0.0025 0.546524 0.429283 1.9637 0.00914873 24 4 1 1.33175e-09 
1.39206 -0.673161 0.00128051 0.0025 0.546525 0.42928 1.96368 0.00914872 25 4 1 5.95556e-10 
1.39664 -0.673168 0.00136275 0.0025 0.546525 0.429276 1.96366 0.00914871 26 3 1 -5.23766e-10 
1.40121 -0.673175 0.0014659 0.0025 0.546525 0.429273 1.96365 0.00914871 27 4 1 1.01299e-09 
1.40579 -0.673182 0.00159356 0.0025 0.546524 0.429269 1.96363 0.00914872 28 4 1 5.98142e-10 
1.41036 -0.67319 0.00174032 0.0025 0.546523 0.429264 1.96361 0.00914874 29 4 1 -1.08486e-09 
1.41493 -0.673199 0.00189641 0.0025 0.546522 0.42926 1.9636 0.00914877 30 4 1 1.53596e-10 
1.41951 -0.673208 0.00205444 0.0025 0.54652 0.429254 1.96358 0.0091488 31 4 1 1.59283e-09 
1.42408 -0.673218 0.00221329 0.0025 0.546517 0.429249 1.96357 0.00914885 32 4 1 -1.25315e-09 
1.42866 -0.673229 0.00237811 0.0025 0.546514 0.429243 1.96355 0.0091489 33 4 1 -1.25788e-09 
1.43323 -0.673241 0.00255795 0.0025 0.54651 0.429236 1.96353 0.00914896 34 4 1 1.63311e-09 
1.43781 -0.673254 0.00276282 0.0025 0.546506 0.429229 1.96352 0.00914904 35 4 1 -7.65869e-10 
1.44238 -0.673268 0.00299795 0.0025 0.546501 0.429222 1.9635 0.00914912 36 4 1 -1.51127e-09 
1.44696 -0.673283 0.00325425 0.0025 0.546495 0.429213 1.96348 0.00914921 37 4 1 7.50318e-10 
1.45153 -0.6733 0.00350179 0.0025 0.546489 0.429205 1.96347 0.00914932 38 4 1 -5.51021e-10 
1.45611 -0.673319 0.00370077 0.0025 0.546482 0.429195 1.96345 0.00914944 39 4 1 -1.26632e-09 
1.46068 -0.673341 0.00383686 0.0025 0.546474 0.429185 1.96343 0.00914957 40 4 1 2.89623e-10 
1.46526 -0.673365 0.00396085 0.0025 0.546466 0.429174 1.96341 0.00914971 41 4 1 -1.65573e-11 
1.46983 -0.673393 0.00418989 0.0025 0.546457 0.429163 1.96339 0.00914985 42 4 1 -1.39967e-09 
1.47441 -0.673424 0.00464828 0.0025 0.546447 0.429151 1.96337 0.00915001 43 4 1 -1.37357e-09 
1.47898 -0.673457 0.00538793 0.0025 0.546436 0.429137 1.96335 0.0091502 44 4 1 -1.11028e-09 
1.48356 -0.673494 0.00636484 0.0025 0.546423 0.429122 1.96332 0.00915041 45 4 1 -3.076e-09 
1.48813 -0.673532 0.00749536 0.0025 0.546408 0.429104 1.96329 0.00915067 46 4 1 -3.88805e-09 
1.49271 -0.673573 0.00872521 0.0025 0.54639 0.429082 1.96326 0.00915097 47 4 1 -2.91567e-09 
1.49728 -0.673617 0.0100405 0.0025 0.546369 0.429058 1.96323 0.00915133 48 4 1 -3.51794e-09 
-0.498143 -0.673666 0.0114363 0.0025 0.546344 0.42903 1.96319 0.00915174 49 4 1 -4.66601e-09 
-0.493567 -0.673719 0.0129054 0.0025 0.546316 0.428998 1.96314 0.00915221 50 4 1 -4.60339e-09 
-0.488991 -0.673778 0.0144623 0.0025 0.546284 0.428961 1.96309 0.00915275 51 4 1 -3.9645e-09 
-0.484414 -0.673845 0.0161684 0.0025 0.546248 0.428921 1.96303 0.00915335 52 4 1 -5.12138e-09 
-0.479837 -0.67392 0.0181133 0.0025 0.546207 0.428875 1.96297 0.00915403 53 4 1 -6.45445e-09 
-0.47526 -0.674005 0.0203337 0.0025 0.546162 0.428824 1.9629 0.00915479 54 4 1 -6.18658e-09 
-0.470682 -0.674099 0.0227501 0.0025 0.546111 0.428767 1.96282 0.00915565 55 4 1 -5.89258e-09 
-0.466104 -0.674204 0.0252228 0.0025 0.546054 0.428704 1.96274 0.0091566 56 4 1 -6.82457e-09 
-0.461526 -0.67432 0.027658 0.0025 0.545992 0.428635 1.96264 0.00915764 57 4 1 -6.76008e-09 
-0.456947 -0.674447 0.0300322 0.0025 0.545925 0.42856 1.96254 0.00915877 58 4 1 -4.80803e-09 
-0.452367 -0.674585 0.0323076 0.0025 0.545852 0.42848 1.96243 0.00915999 59 4 1 -3.94301e-09 
-0.447787 -0.674731 0.034236 0.0025 0.545776 0.428395 1.96232 0.00916126 60 4 1 -2.62765e-09 
-0.443206 -0.674882 0.0353279 0.0025 0.545698 0.428309 1.96221 0.00916258 61 4 1 8.74851e-10 
-0.438624 -0.675032 0.0350513 0.0025 0.54562 0.428223 1.96209 0.00916388 62 4 1 6.23838e-09 
-0.434042 -0.675176 0.0328895 0.0025 0.545547 0.428142 1.96198 0.00916511 63 4 1 1.15283e-08 
-0.429459 -0.675307 0.028819 0.0025 0.545484 0.428071 1.96189 0.00916618 64 4 1 1.65821e-08 
-0.424876 -0.675417 0.0229939 0.0025 0.545434 0.428016 1.96181 0.00916702 65 4 1 2.45039e-08 
-0.420292 -0.675493 0.0143031 0.0025 0.545404 0.427983 1.96177 0.00916752 66 4 1 2.02943e-08 
-0.415708 -0.675512 0.00804797 0.0025 0.545391 0.427968 1.96174 0.00916774 67 5 1 3.37238e-08 
-0.411124 -0.67554 -6.22422e-05 0.0025 0.545408 0.427991 1.96176 0.00916745 68 4 1 1.66032e-07 
-0.406541 -0.6753 -0.113043 0.0025 0.545561 0.428163 1.96198 0.00916488 69 4 1 2.72201e-07 
-0.401959 -0.674584 -0.202424 0.0025 0.545933 0.428573 1.96252 0.00915863 70 4 1 3.04352e-07 
-0.397382 -0.673502 -0.30006 0.0025 0.546545 0.429252 1.96339 0.00914837 71 4 1 5.22415e-07 
-0.392811 -0.671701 -0.52934 0.0025 0.547549 0.430368 1.96483 0.0091316 72 4 1 9.32048e-07 
-0.38825 -0.66859 -0.90502 0.0025 0.549204 0.432195 1.9672 0.00910409 73 4 1 1.19323e-06 
-0.383707 -0.663918 -1.23619 0.0025 0.551604 0.434835 1.97063 0.00906447 74 4 1 1.16704e-06 
-0.379186 -0.658126 -1.45599 0.0025 0.554612 0.438151 1.97492 0.00901531 75 4 1 1.09983e-06 
-0.374692 -0.651557 -1.62297 0.0025 0.558069 0.441976 1.97984 0.00895946 76 4 1 1.13734e-06 
-0.370226 -0.644359 -1.78427 0.0025 0.561907 0.446238 1.98527 0.00889827 77 4 1 1.29046e-06 
-0.365793 -0.636438 -1.98008 0.0025 0.566139 0.450952 1.99124 0.00883176 78 4 1 1.47719e-06 
-0.361394 -0.627783 -2.18339 0.0025 0.570792 0.456148 1.99777 0.00875976 79 4 1 1.60166e-06 
-0.357033 -0.6184 -2.36716 0.0025 0.575845 0.461808 2.00482 0.0086829 80 4 1 1.6246e-06 
-0.352711 -0.608481 -2.49839 0.0025 0.581219 0.467848 2.01228 0.00860261 81 4 1 1.56081e-06 
-0.34843 -0.598262 -2.57694 0.0025 0.586803 0.474147 2.02 0.00852075 82 4 1 1.4254e-06 
-0.34419 -0.587976 -2.58809 0.0025 0.592473 0.480569 2.02778 0.0084392 83 4 1 1.30114e-06 
-0.339991 -0.577813 -2.58532 0.0025 0.598143 0.487017 2.03552 0.0083592 84 4 1 1.2074e-06 
-0.335831 -0.567801 -2.55981 0.0025 0.603767 0.493437 2.04315 0.00828134 85 4 1 1.12582e-06 
-0.331709 -0.557988 -2.53345 0.0025 0.609317 0.499798 2.05064 0.0082059 86 4 1 1.05642e-06 
-0.327625 -0.54841 -2.49587 0.0025 0.614781 0.506082 2.05797 0.00813298 87 4 1 9.89681e-07 
-0.323576 -0.539084 -2.45737 0.0025 0.620148 0.512279 2.06514 0.00806259 88 4 1 9.66756e-07 
-0.319562 -0.529946 -2.44083 0.0025 0.625435 0.518403 2.07216 0.00799443 89 4 1 9.20606e-07 
-0.315582 -0.520998 -2.39975 0.0025 0.630644 0.524457 2.07905 0.00792841 90 4 1 8.86544e-07 
-0.311634 -0.512263 -2.38295 0.0025 0.635777 0.530443 2.0858 0.0078644 91 4 1 8.85061e-07 
-0.307717 -0.503656 -2.36845 0.0025 0.64086 0.53639 2.09245 0.00780202 92 4 1 8.79842e-07 
-0.303832 -0.495165 -2.36441 0.0025 0.645909 0.542317 2.09903 0.00774103 93 4 1 8.99929e-07 
-0.299976 -0.486751 -2.37737 0.0025 0.650951 0.548255 2.10557 0.00768106 94 4 1 9.26935e-07 
-0.29615 -0.478337 -2.39927 0.0025 0.656015 0.554236 2.1121 0.00762177 95 4 1 9.56568e-07 
-0.292354 -0.469916 -2.43199 0.0025 0.661124 0.560289 2.11866 0.00756288 96 4 1 1.02366e-06 
-0.288587 -0.461389 -2.50063 0.0025 0.666316 0.56646 2.1253 0.00750395 97 4 1 1.06543e-06 
-0.28485 -0.452726 -2.5532 0.0025 0.671611 0.57277 2.13204 0.00744479 98 4 1 1.04042e-06 
-0.281142 -0.444022 -2.57962 0.0025 0.676977 0.579189 2.13884 0.00738577 99 4 1 1.07747e-06 
-0.277464 -0.435247 -2.65257 0.0025 0.682428 0.585729 2.14571 0.00732678 100 4 1 1.10162e-06 
-0.273816 -0.426357 -2.69327 0.0025 0.68797 0.592395 2.15267 0.00726776 101 4 1 1.04078e-06 
-0.270196 -0.417478 -2.70157 0.0025 0.69355 0.599133 2.15963 0.00720928 102 4 1 1.03558e-06 
-0.266606 -0.408611 -2.74031 0.0025 0.699162 0.60593 2.16661 0.00715142 103 4 1 1.01367e-06 
-0.263045 -0.399751 -2.73925 0.0025 0.704793 0.612772 2.17357 0.00709428 104 4 1 9.73989e-07 
-0.259512 -0.390971 -2.74769 0.0025 0.71042 0.619632 2.18049 0.00703809 105 4 1 9.74542e-07 
-0.256007 -0.382235 -2.76161 0.0025 0.716051 0.626519 2.18739 0.00698274 106 4 1 9.65392e-07 
-0.252529 -0.373538 -2.77394 0.0025 0.721687 0.633433 2.19426 0.00692821 107 4 1 9.31102e-07 
-0.249078 -0.364923 -2.76616 0.0025 0.727314 0.640357 2.20109 0.00687461 108 4 1 9.09997e-07 
-0.245654 -0.356409 -2.77177 0.0025 0.732924 0.647284 2.20786 0.00682199 109 4 1 9.26435e-07 
-0.242256 -0.3479 -2.79603 0.0025 0.738539 0.654236 2.21461 0.00677012 110 4 1 8.70051e-07 
-0.238884 -0.339493 -2.76044 0.0025 0.744131 0.661181 2.22131 0.00671924 111 4 1 8.5103e-07 
-0.235537 -0.331197 -2.77722 0.0025 0.749695 0.668114 2.22793 0.00666938 112 4 1 8.87293e-07 
-0.232214 -0.322908 -2.7967 0.0025 0.75527 0.675079 2.23454 0.00662015 113 4 1 8.62776e-07 
-0.228917 -0.314657 -2.79777 0.0025 0.760845 0.682064 2.24113 0.00657164 114 4 1 8.18015e-07 
-0.225643 -0.306514 -2.78141 0.0025 0.766395 0.68904 2.24765 0.00652405 115 4 1 8.05816e-07 
-0.222392 -0.298464 -2.78546 0.0025 0.771923 0.69601 2.25412 0.00647733 116 4 1 8.51791e-07 
-0.219165 -0.290394 -2.83155 0.0025 0.777471 0.703022 2.26059 0.00643111 117 4 1 8.00867e-07 
-0.215961 -0.282383 -2.79302 0.0025 0.783009 0.71004 2.26702 0.00638562 118 4 1 7.22806e-07 
-0.21278 -0.274562 -2.76549 0.0025 0.788488 0.717009 2.27335 0.00634125 119 4 1 8.03568e-07 
-0.20962 -0.266733 -2.83148 0.0025 0.793981 0.724012 2.27967 0.00629738 120 4 1 8.18608e-07 
-0.206482 -0.258855 -2.83299 0.0025 0.799506 0.731072 2.286 0.00625386 121 4 1 7.2612e-07 
-0.203366 -0.251108 -2.7997 0.0025 0.804997 0.73811 2.29227 0.0062112 122 4 1 7.0509e-07 
-0.200271 -0.243487 -2.79329 0.0025 0.810447 0.745118 2.29846 0.00616943 123 4 1 7.59241e-07 
-0.197196 -0.235854 -2.8378 0.0025 0.81591 0.752159 2.30465 0.00612813 124 4 1 7.61034e-07 
-0.194143 -0.228211 -2.84322 0.0025 0.821393 0.759243 2.31083 0.00608722 125 4 1 6.86026e-07 
-0.191109 -0.220682 -2.80868 0.0025 0.826842 0.766302 2.31695 0.0060471 126 4 1 6.4542e-07 
-0.188096 -0.213284 -2.78369 0.0025 0.832238 0.773315 2.32298 0.0060079 127 4 1 7.17097e-07 
-0.185101 -0.205929 -2.84563 0.0025 0.837648 0.780363 2.32901 0.0059691 128 4 1 7.56803e-07 
-0.182126 -0.198467 -2.875 0.0025 0.843107 0.787489 2.33507 0.00593045 129 4 1 6.63712e-07 
-0.179171 -0.191099 -2.83102 0.0025 0.848543 0.794604 2.34108 0.00589245 130 4 1 5.79992e-07 
-0.176234 -0.183904 -2.77571 0.0025 0.8539 0.801638 2.34698 0.00585549 131 4 1 6.55954e-07 
-0.173315 -0.176783 -2.83998 0.0025 0.859251 0.808685 2.35285 0.00581902 132 4 1 7.58495e-07 
-0.170415 -0.169501 -2.91606 0.0025 0.864684 0.815848 2.35879 0.00578246 133 4 1 6.44287e-07 
-0.167533 -0.162259 -2.84634 0.0025 0.870105 0.823012 2.3647 0.00574643 134 4 1 4.87255e-07 
-0.164668 -0.155322 -2.74363 0.0025 0.875399 0.830033 2.37044 0.00571168 135 4 1 5.76864e-07 
-0.161821 -0.148491 -2.80581 0.0025 0.880654 0.837025 2.37612 0.0056776 136 4 1 7.73757e-07 
-0.158991 -0.141423 -2.95353 0.0025 0.886038 0.844197 2.38192 0.0056431 137 4 1 6.88412e-07 
-0.156178 -0.13426 -2.9051 0.0025 0.891477 0.85145 2.38776 0.00560867 138 4 1 4.34641e-07 
-0.153382 -0.127446 -2.74247 0.0025 0.896764 0.858528 2.39341 0.00557561 139 4 1 4.68025e-07 
-0.150602 -0.120865 -2.76198 0.0025 0.901944 0.865489 2.39893 0.00554358 140 4 1 7.35707e-07 
-0.147838 -0.114069 -2.95409 0.0025 0.907252 0.872631 2.40457 0.00551115 141 4 1 7.42322e-07 
-0.145091 -0.107017 -2.97533 0.0025 0.912689 0.879948 2.41033 0.00547832 142 4 1 4.22533e-07 
-0.14236 -0.100273 -2.76192 0.0025 0.917983 0.887097 2.41591 0.00544672 143 4 1 3.20324e-07 
-0.139644 -0.0939441 -2.67922 0.0025 0.923066 0.893991 2.42124 0.00541673 144 4 1 5.95985e-07 
-0.136943 -0.0875574 -2.85162 0.0025 0.928195 0.900963 2.42661 0.0053868 145 4 1 7.89774e-07 
-0.134257 -0.0807697 -3.01473 0.0025 0.933538 0.908224 2.4322 0.00535597 146 4 1 5.70849e-07 
-0.131587 -0.0740271 -2.88545 0.0025 0.938893 0.915514 2.43777 0.00532542 147 4 1 2.92618e-07 
-0.128932 -0.067676 -2.69686 0.0025 0.944024 0.922529 2.44308 0.00529648 148 4 1 3.81654e-07 
-0.126291 -0.0615936 -2.72312 0.0025 0.949034 0.929401 2.44826 0.00526852 149 4 1 6.67405e-07 
-0.123663 -0.0552514 -2.9326 0.0025 0.954185 0.936476 2.45357 0.00524007 150 4 1 7.15144e-07 
-0.12105 -0.0486362 -3.01123 0.0025 0.959506 0.943782 2.45904 0.00521102 151 4 1 3.47781e-07 
-0.118452 -0.0422319 -2.73085 0.0025 0.964672 0.950889 2.46433 0.00518311 152 4 1 3.4485e-08 
-0.115867 -0.0365786 -2.42317 0.0025 0.969449 0.957502 2.46918 0.00515757 153 4 1 5.22228e-07 
-0.113295 -0.0309296 -2.84128 0.0025 0.974284 0.964222 2.4741 0.00513198 154 4 1 1.13564e-06 
-0.110735 -0.0241722 -3.36493 0.0025 0.979664 0.971658 2.47959 0.00510379 155 4 1 1.21096e-07 
-0.108191 -0.01767 -2.41901 0.0025 0.984734 0.978651 2.48472 0.00507751 156 4 1 -9.75569e-07 
-0.105658 -0.0136911 -1.43145 0.0025 0.988614 0.984116 2.48856 0.00505758 157 4 1 1.09797e-06 
-0.103133 -0.00890969 -3.39525 0.0025 0.993114 0.990478 2.49309 0.00503467 158 4 1 2.67506e-06 
-0.100623 -0.000101594 -4.55991 0.0025 0.999485 0.99926 2.49959 0.00500258 159 4 1 -1.17148e-06 
-0.0981306 0.00640681 -1.28681 0.0025 1.00443 1.00607 2.50451 0.00497796 160 4 1 -2.94091e-06 
-0.0956451 0.00695994 0.227399 0.0025 1.00629 1.00885 2.50622 0.00496877 161 4 1 1.55551e-06 
-0.0931618 0.0100221 -3.30383 0.0025 1.00931 1.0132 2.50926 0.00495386 162 4 1 3.10672e-06 
-0.0906912 0.0181243 -4.02113 0.0025 1.01496 1.02099 2.51499 0.0049263 163 4 1 -1.20266e-06 
-0.0882354 0.0236298 -1.32852 0.0025 1.01928 1.02698 2.51926 0.00490542 164 4 1 -2.63828e-06 
-0.0857858 0.0245519 0.128644 0.0025 1.02059 1.02889 2.5205 0.00489912 165 3 1 -1.10812e-06 
-0.0833363 0.0242093 0.240693 0.0025 1.02044 1.02872 2.52034 0.00489985 166 4 1 -2.51437e-07 
-0.0808859 0.0236568 0.286451 0.0025 1.01993 1.028 2.51983 0.00490231 167 4 1 -2.19164e-07 
-0.078434 0.0228448 0.430594 0.0025 1.01914 1.0269 2.51906 0.00490609 168 4 1 -2.64695e-07 
-0.0759798 0.0216459 0.631951 0.0025 1.01803 1.02533 2.51796 0.00491144 169 4 1 -2.42054e-07 
-0.0735226 0.0200511 0.820245 0.0025 1.01661 1.02333 2.51655 0.0049183 170 4 1 -1.61645e-07 
-0.0710615 0.0181466 0.955644 0.0025 1.01496 1.02101 2.51491 0.00492631 171 4 1 -6.1605e-08 
-0.0685963 0.016056 1.02727 0.0025 1.01318 1.0185 2.51314 0.00493498 172 4 1 3.12668e-08 
-0.0661266 0.0139034 1.03971 0.0025 1.01136 1.01595 2.51133 0.00494383 173 4 1 1.04242e-07 
-0.0636524 0.0117939 1.00415 0.0025 1.0096 1.01347 2.50958 0.00495246 174 4 1 1.53981e-07 
-0.0611741 0.00980816 0.933497 0.0025 1.00796 1.01116 2.50794 0.00496054 175 4 1 1.82145e-07 
-0.0586919 0.00800109 0.840145 0.0025 1.00647 1.00908 2.50646 0.00496787 176 4 1 1.92603e-07 
-0.0562062 0.00640468 0.734817 0.0025 1.00516 1.00724 2.50515 0.00497433 177 4 1 1.89794e-07 
-0.0537176 0.00503171 0.62617 0.0025 1.00404 1.00567 2.50404 0.00497986 178 4 1 1.77859e-07 
-0.0512264 0.00388 0.520737 0.0025 1.00311 1.00436 2.5031 0.0049845 179 4 1 1.60284e-07 
-0.0487331 0.00293654 0.423087 0.0025 1.00235 1.00329 2.50234 0.00498829 180 4 1 1.39814e-07 
-0.0462381 0.00218114 0.336069 0.0025 1.00174 1.00244 2.50174 0.00499132 181 4 1 1.18508e-07 
-0.0437417 0.0015897 0.261098 0.0025 1.00127 1.00178 2.50126 0.00499368 182 4 1 9.78356e-08 
-0.0412444 0.00113671 0.198457 0.0025 1.0009 1.00127 2.5009 0.00499549 183 4 1 7.87767e-08 
-0.0387463 0.000797242 0.147598 0.0025 1.00063 1.00089 2.50063 0.00499684 184 4 1 6.19159e-08 
-0.0362475 0.00054831 0.107416 0.0025 1.00043 1.00061 2.50043 0.00499783 185 4 1 4.75231e-08 
-0.0337484 0.000369683 0.0764924 0.0025 1.00029 1.00041 2.50029 0.00499854 186 4 1 3.5629e-08 
-0.031249 0.000244259 0.0532955 0.0025 1.00019 1.00027 2.50019 0.00499904 187 4 1 2.60938e-08 
-0.0287494 0.000158093 0.036326 0.0025 1.00012 1.00018 2.50012 0.00499938 188 4 1 1.86682e-08 
-0.0262496 0.000100188 0.0242157 0.0025 1.00008 1.00011 2.50008 0.00499961 189 4 1 1.30455e-08 
-0.0237498 6.21319e-05 0.0157831 0.0025 1.00005 1.00007 2.50005 0.00499976 190 4 1 8.90333e-09 
-0.0212499 3.76815e-05 0.0100536 0.0025 1.00003 1.00004 2.50003 0.00499985 191 4 1 5.93306e-09 
-0.0187499 2.23313e-05 0.00625552 0.0025 1.00002 1.00002 2.50002 0.00499991 192 4 1 3.85935e-09 
-0.01625 1.292e-05 0.00379937 0.0025 1.00001 1.00001 2.50001 0.00499995 193 4 1 2.44969e-09 
-0.01375 7.28855e-06 0.00225032 0.0025 1.00001 1.00001 2.50001 0.00499997 194 4 1 1.51689e-09 
-0.01125 4.00186e-06 0.00129749 0.0025 1 1 2.5 0.00499998 195 4 1 9.16642e-10 
-0.00874999 2.13024e-06 0.000725105 0.0025 1 1 2.5 0.00499999 196 4 1 5.42223e-10 
-0.00625 1.08542e-06 0.000387035 0.0025 1 1 2.5 0.005 197 4 1 3.18135e-10 
-0.00375 5.00585e-07 0.000185648 0.0025 1 1 2.5 0.005 198 4 1 1.93918e-10 
-0.00125 1.44003e-07 5.46791e-05 0.0025 1 1 2.5 0.005 199 4 1 1.38987e-10 
0.00125 -1.44003e-07 -5.46791e-05 0.0025 1 1 2.5 0.005 200 4 1 1.38987e-10 
0.00375 -5.00585e-07 -0.000185648 0.0025 1 1 2.5 0.005 201 4 1 1.93918e-10 
0.00625 -1.08542e-06 -0.000387035 0.0025 1 1 2.5 0.005 202 4 1 3.18135e-10 
0.00874999 -2.13024e-06 -0.000725105 0.0025 1 1 2.5 0.00499999 203 4 1 5.42223e-10 
0.01125 -4.00186e-06 -0.00129749 0.0025 1 1 2.5 0.00499998 204 4 1 9.16642e-10 
0.01375 -7.28855e-06 -0.00225032 0.0025 1.00001 1.00001 2.50001 0.00499997 205 4 1 1.51689e-09 
0.01625 -1.292e-05 -0.00379937 0.0025 1.00001 1.00001 2.50001 0.00499995 206 4 1 2.44969e-09 
0.0187499 -2.23313e-05 -0.00625552 0.0025 1.00002 1.00002 2.50002 0.00499991 207 4 1 3.85935e-09 
0.0212499 -3.76815e-05 -0.0100536 0.0025 1.00003 1.00004 2.50003 0.00499985 208 4 1 5.93306e-09 
0.0237498 -6.21319e-05 -0.0157831 0.0025 1.00005 1.00007 2.50005 0.00499976 209 4 1 8.90333e-09 
0.0262496 -0.000100188 -0.0242157 0.0025 1.00008 1.00011 2.50008 0.00499961 210 4 1 1.30455e-08 
0.0287494 -0.000158093 -0.036326 0.0025 1.00012 1.00018 2.50012 0.00499938 211 4 1 1.86682e-08 
0.031249 -0.000244259 -0.0532955 0.0025 1.00019 1.00027 2.50019 0.00499904 212 4 1 2.60938e-08 
0.0337484 -0.000369683 -0.0764924 0.0025 1.00029 1.00041 2.50029 0.00499854 213 4 1 3.5629e-08 
0.0362475 -0.00054831 -0.107416 0.0025 1.00043 1.00061 2.50043 0.00499783 214 4 1 4.75231e-08 
0.0387463 -0.000797242 -0.147598 0.0025 1.00063 1.00089 2.50063 0.00499684 215 4 1 6.19159e-08 
0.0412444 -0.00113671 -0.198457 0.0025 1.0009 1.00127 2.5009 0.00499549 216 4 1 7.87767e-08 
0.0437417 -0.0015897 -0.261098 0.0025 1.00127 1.00178 2.50126 0.00499368 217 4 1 9.78356e-08 
0.0462381 -0.00218114 -0.336069 0.0025 1.00174 1.00244 2.50174 0.00499132 218 4 1 1.18508e-07 
0.0487331 -0.00293654 -0.423087 0.0025 1.00235 1.00329 2.50234 0.00498829 219 4 1 1.39814e-07 
0.0512264 -0.00388 -0.520737 0.0025 1.00311 1.00436 2.5031 0.0049845 220 4 1 1.60284e-07 
0.0537176 -0.00503171 -0.62617 0.0025 1.00404 1.00567 2.50404 0.00497986 221 4 1 1.77859e-07 
0.0562062 -0.00640468 -0.734817 0.0025 1.00516 1.00724 2.50515 0.00497433 222 4 1 1.89794e-07 
0.0586919 -0.00800109 -0.840145 0.0025 1.00647 1.00908 2.50646 0.00496787 223 4 1 1.92603e-07 
0.0611741 -0.00980816 -0.933497 0.0025 1.00796 1.01116 2.50794 0.00496054 224 4 1 1.82145e-07 
0.0636524 -0.0117939 -1.00415 0.0025 1.0096 1.01347 2.50958 0.00495246 225 4 1 1.53981e-07 
0.0661266 -0.0139034 -1.03971 0.0025 1.01136 1.01595 2.51133 0.00494383 226 4 1 1.04242e-07 
0.0685963 -0.016056 -1.02727 0.0025 1.01318 1.0185 2.51314 0.00493498 227 4 1 3.12668e-08 
0.0710615 -0.0181466 -0.955644 0.0025 1.01496 1.02101 2.51491 0.00492631 228 4 1 -6.1605e-08 
0.0735226 -0.0200511 -0.820245 0.0025 1.01661 1.02333 2.51655 0.0049183 229 4 1 -1.61645e-07 
0.0759798 -0.0216459 -0.631951 0.0025 1.01803 1.02533 2.51796 0.00491144 230 4 1 -2.42054e-07 
0.078434 -0.0228448 -0.430594 0.0025 1.01914 1.0269 2.51906 0.00490609 231 4 1 -2.64695e-07 
0.0808859 -0.0236568 -0.286451 0.0025 1.01993 1.028 2.51983 0.00490231 232 4 1 -2.19164e-07 
0.0833363 -0.0242093 -0.240693 0.0025 1.02044 1.02872 2.52034 0.00489985 233 4 1 -2.51437e-07 
0.0857858 -0.0245519 -0.128644 0.0025 1.02059 1.02889 2.5205 0.00489912 234 3 1 -1.10812e-06 
0.0882354 -0.0236298 1.32852 0.0025 1.01928 1.02698 2.51926 0.00490542 235 4 1 -2.63828e-06 
0.0906912 -0.0181243 4.02113 0.0025 1.01496 1.02099 2.51499 0.0049263 236 4 1 -1.20266e-06 
0.0931618 -0.0100221 3.30383 0.0025 1.00931 1.0132 2.50926 0.00495386 237 4 1 3.10672e-06 
0.0956451 -0.00695994 -0.227399 0.0025 1.00629 1.00885 2.50622 0.00496877 238 4 1 1.55551e-06 
0.0981306 -0.00640681 1.28681 0.0025 1.00443 1.00607 2.50451 0.00497796 239 4 1 -2.94091e-06 
0.100623 0.000101594 4.55991 0.0025 0.999485 0.99926 2.49959 0.00500258 240 4 1 -1.17148e-06 
0.103133 0.00890969 3.39525 0.0025 0.993114 0.990478 2.49309 0.00503467 241 4 1 2.67506e-06 
0.105658 0.0136911 1.43145 0.0025 0.988614 0.984116 2.48856 0.00505758 242 4 1 1.09797e-06 
0.108191 0.01767 2.41901 0.0025 0.984734 0.978651 2.48472 0.00507751 243 4 1 -9.75569e-07 
0.110735 0.0241722 3.36493 0.0025 0.979664 0.971658 2.47959 0.00510379 244 4 1 1.21096e-07 
0.113295 0.0309296 2.84128 0.0025 0.974284 0.964222 2.4741 0.00513198 245 4 1 1.13564e-06 
0.115867 0.0365786 2.42317 0.0025 0.969449 0.957502 2.46918 0.00515757 246 4 1 5.22228e-07 
0.118452 0.0422319 2.73085 0.0025 0.964672 0.950889 2.46433 0.00518311 247 4 1 3.4485e-08 
0.12105 0.0486362 3.01123 0.0025 0.959506 0.943782 2.45904 0.00521102 248 4 1 3.47781e-07 
0.123663 0.0552514 2.9326 0.0025 0.954185 0.936476 2.45357 0.00524007 249 4 1 7.15144e-07 
0.126291 0.0615936 2.72312 0.0025 0.949034 0.929401 2.44826 0.00526852 250 4 1 6.67405e-07 
0.128932 0.067676 2.69686 0.0025 0.944024 0.922529 2.44308 0.00529648 251 4 1 3.81654e-07 
0.131587 0.0740271 2.88545 0.0025 0.938893 0.915514 2.43777 0.00532542 252 4 1 2.92618e-07 
0.134257 0.0807697 3.01473 0.0025 0.933538 0.908224 2.4322 0.00535597 253 4 1 5.70849e-07 
0.136943 0.0875574 2.85162 0.0025 0.928195 0.900963 2.42661 0.0053868 254 4 1 7.89774e-07 
0.139644 0.0939441 2.67922 0.0025 0.923066 0.893991 2.42124 0.00541673 255 4 1 5.95985e-07 
0.14236 0.100273 2.76192 0.0025 0.917983 0.887097 2.41591 0.00544672 256 4 1 3.20324e-07 
0.145091 0.107017 2.97533 0.0025 0.912689 0.879948 2.41033 0.00547832 257 4 1 4.22533e-07 
0.147838 0.114069 2.95409 0.0025 0.907252 0.872631 2.40457 0.00551115 258 4 1 7.42322e-07 
0.150602 0.120865 2.76198 0.0025 0.901944 0.865489 2.39893 0.00554358 259 4 1 7.35707e-07 
0.153382 0.127446 2.74247 0.0025 0.896764 0.858528 2.39341 0.00557561 260 4 1 4.68025e-07 
0.156178 0.13426 2.9051 0.0025 0.891477 0.85145 2.38776 0.00560867 261 4 1 4.34641e-07 
0.158991 0.141423 2.95353 0.0025 0.886038 0.844197 2.38192 0.0056431 262 4 1 6.88412e-07 
0.161821 0.148491 2.80581 0.0025 0.880654 0.837025 2.37612 0.0056776 263 4 1 7.73757e-07 
0.164668 0.155322 2.74363 0.0025 0.875399 0.830033 2.37044 0.00571168 264 4 1 5.76864e-07 
0.167533 0.162259 2.84634 0.0025 0.870105 0.823012 2.3647 0.00574643 265 4 1 4.87255e-07 
0.170415 0.169501 2.91606 0.0025 0.864684 0.815848 2.35879 0.00578246 266 4 1 6.44287e-07 
0.173315 0.176783 2.83998 0.0025 0.859251 0.808685 2.35285 0.00581902 267 4 1 7.58495e-07 
0.176234 0.183904 2.77571 0.0025 0.8539 0.801638 2.34698 0.00585549 268 4 1 6.55954e-07 
0.179171 0.191099 2.83102 0.0025 0.848543 0.794604 2.34108 0.00589245 269 4 1 5.79992e-07 
0.182126 0.198467 2.875 0.0025 0.843107 0.787489 2.33507 0.00593045 270 4 1 6.63712e-07 
0.185101 0.205929 2.84563 0.0025 0.837648 0.780363 2.32901 0.0059691 271 4 1 7.56803e-07 
0.188096 0.213284 2.78369 0.0025 0.832238 0.773315 2.32298 0.0060079 272 4 1 7.17097e-07 
0.191109 0.220682 2.80868 0.0025 0.826842 0.766302 2.31695 0.0060471 273 4 1 6.4542e-07 
0.194143 0.228211 2.84322 0.0025 0.821393 0.759243 2.31083 0.00608722 274 4 1 6.86026e-07 
0.197196 0.235854 2.8378 0.0025 0.81591 0.752159 2.30465 0.00612813 275 4 1 7.61034e-07 
0.200271 0.243487 2.79329 0.0025 0.810447 0.745118 2.29846 0.00616943 276 4 1 7.59241e-07 
0.203366 0.251108 2.7997 0.0025 0.804997 0.73811 2.29227 0.0062112 277 4 1 7.0509e-07 
0.206482 0.258855 2.83299 0.0025 0.799506 0.731072 2.286 0.00625386 278 4 1 7.2612e-07 
0.20962 0.266733 2.83148 0.0025 0.793981 0.724012 2.27967 0.00629738 279 4 1 8.18608e-07 
0.21278 0.274562 2.76549 0.0025 0.788488 0.717009 2.27335 0.00634125 280 4 1 8.03568e-07 
0.215961 0.282383 2.79302 0.0025 0.783009 0.71004 2.26702 0.00638562 281 4 1 7.22806e-07 
0.219165 0.290394 2.83155 0.0025 0.777471 0.703022 2.26059 0.00643111 282 4 1 8.00867e-07 
0.222392 0.298464 2.78546 0.0025 0.771923 0.69601 2.25412 0.00647733 283 4 1 8.51791e-07 
0.225643 0.306514 2.78141 0.0025 0.766395 0.68904 2.24765 0.00652405 284 4 1 8.05816e-07 
0.228917 0.314657 2.79777 0.0025 0.760845 0.682064 2.24113 0.00657164 285 4 1 8.18015e-07 
0.232214 0.322908 2.7967 0.0025 0.75527 0.675079 2.23454 0.00662015 286 4 1 8.62776e-07 
0.235537 0.331197 2.77722 0.0025 0.749695 0.668114 2.22793 0.00666938 287 4 1 8.87293e-07 
0.238884 0.339493 2.76044 0.0025 0.744131 0.661181 2.22131 0.00671924 288 4 1 8.5103e-07 
0.242256 0.3479 2.79603 0.0025 0.738539 0.654236 2.21461 0.00677012 289 4 1 8.70051e-07 
0.245654 0.356409 2.77177 0.0025 0.732924 0.647284 2.20786 0.00682199 290 4 1 9.26435e-07 
0.249078 0.364923 2.76616 0.0025 0.727314 0.640357 2.20109 0.00687461 291 4 1 9.09997e-07 
0.252529 0.373538 2.77394 0.0025 0.721687 0.633433 2.19426 0.00692821 292 4 1 9.31102e-07 
0.256007 0.382235 2.76161 0.0025 0.716051 0.626519 2.18739 0.00698274 293 4 1 9.65392e-07 
0.259512 0.390971 2.74769 0.0025 0.71042 0.619632 2.18049 0.00703809 294 4 1 9.74542e-07 
0.263045 0.399751 2.73925 0.0025 0.704793 0.612772 2.17357 0.00709428 295 4 1 9.73989e-07 
0.266606 0.408611 2.74031 0.0025 0.699162 0.60593 2.16661 0.00715142 296 4 1 1.01367e-06 
0.270196 0.417478 2.70157 0.0025 0.69355 0.599133 2.15963 0.00720928 297 4 1 1.03558e-06 
0.273816 0.426357 2.69327 0.0025 0.68797 0.592395 2.15267 0.00726776 298 4 1 1.04078e-06 
0.277464 0.435247 2.65257 0.0025 0.682428 0.585729 2.14571 0.00732678 299 4 1 1.10162e-06 
0.281142 0.444022 2.57962 0.0025 0.676977 0.579189 2.13884 0.00738577 300 4 1 1.07747e-06 
0.28485 0.452726 2.5532 0.0025 0.671611 0.57277 2.13204 0.00744479 301 4 1 1.04042e-06 
0.288587 0.461389 2.50063 0.0025 0.666316 0.56646 2.1253 0.00750395 302 4 1 1.06543e-06 
0.292354 0.469916 2.43199 0.0025 0.661124 0.560289 2.11866 0.00756288 303 4 1 1.02366e-06 
0.29615 0.478337 2.39927 0.0025 0.656015 0.554236 2.1121 0.00762177 304 4 1 9.56568e-07 
0.299976 0.486751 2.37737 0.0025 0.650951 0.548255 2.10557 0.00768106 305 4 1 9.26935e-07 
0.303832 0.495165 2.36441 0.0025 0.645909 0.542317 2.09903 0.00774103 306 4 1 8.99929e-07 
0.307717 0.503656 2.36845 0.0025 0.64086 0.53639 2.09245 0.00780202 307 4 1 8.79842e-07 
0.311634 0.512263 2.38295 0.0025 0.635777 0.530443 2.0858 0.0078644 308 4 1 8.85061e-07 
0.315582 0.520998 2.39975 0.0025 0.630644 0.524457 2.07905 0.00792841 309 4 1 8.86544e-07 
0.319562 0.529946 2.44083 0.0025 0.625435 0.518403 2.07216 0.00799443 310 4 1 9.20606e-07 
0.323576 0.539084 2.45737 0.0025 0.620148 0.512279 2.06514 0.00806259 311 4 1 9.66756e-07 
0.327625 0.54841 2.49587 0.0025 0.614781 0.506082 2.05797 0.00813298 312 4 1 9.89681e-07 
0.331709 0.557988 2.53345 0.0025 0.609317 0.499798 2.05064 0.0082059 313 4 1 1.05642e-06 
0.335831 0.567801 2.55981 0.0025 0.603767 0.493437 2.04315 0.00828134 314 4 1 1.12582e-06 
0.339991 0.577813 2.58532 0.0025 0.598143 0.487017 2.03552 0.0083592 315 4 1 1.2074e-06 
0.34419 0.587976 2.58809 0.0025 0.592473 0.480569 2.02778 0.0084392 316 4 1 1.30114e-06 
0.34843 0.598262 2.57694 0.0025 0.586803 0.474147 2.02 0.00852075 317 4 1 1.4254e-06 
0.352711 0.608481 2.49839 0.0025 0.581219 0.467848 2.01228 0.00860261 318 4 1 1.56081e-06 
0.357033 0.6184 2.36716 0.0025 0.575845 0.461808 2.00482 0.0086829 319 4 1 1.6246e-06 
0.361394 0.627783 2.18339 0.0025 0.570792 0.456148 1.99777 0.00875976 320 4 1 1.60166e-06 
0.365793 0.636438 1.98008 0.0025 0.566139 0.450952 1.99124 0.00883176 321 4 1 1.47719e-06 
0.370226 0.644359 1.78427 0.0025 0.561907 0.446238 1.98527 0.00889827 322 4 1 1.29046e-06 
0.374692 0.651557 1.62297 0.0025 0.558069 0.441976 1.97984 0.00895946 323 4 1 1.13734e-06 
0.379186 0.658126 1.45599 0.0025 0.554612 0.438151 1.97492 0.00901531 324 4 1 1.09983e-06 
0.383707 0.663918 1.23619 0.0025 0.551604 0.434835 1.97063 0.00906447 325 4 1 1.16704e-06 
0.38825 0.66859 0.90502 0.0025 0.549204 0.432195 1.9672 0.00910409 326 4 1 1.19323e-06 
0.392811 0.671701 0.52934 0.0025 0.547549 0.430368 1.96483 0.0091316 327 4 1 9.32048e-07 
0.397382 0.673502 0.30006 0.0025 0.546545 0.429252 1.96339 0.00914837 328 4 1 5.22415e-07 
0.401959 0.674584 0.202424 0.0025 0.545933 0.428573 1.96252 0.00915863 329 4 1 3.04352e-07 
0.406541 0.6753 0.113043 0.0025 0.545561 0.428163 1.96198 0.00916488 330 4 1 2.72201e-07 
0.411124 0.67554 6.22422e-05 0.0025 0.545408 0.427991 1.96176 0.00916745 331 4 1 1.66032e-07 
0.415708 0.675512 -0.00804797 0.0025 0.545391 0.427968 1.96174 0.00916774 332 5 1 3.37238e-08 
0.420292 0.675493 -0.0143031 0.0025 0.545404 0.427983 1.96177 0.00916752 333 4 1 2.02943e-08 
0.424876 0.675417 -0.0229939 0.0025 0.545434 0.428016 1.96181 0.00916702 334 4 1 2.45039e-08 
0.429459 0.675307 -0.028819 0.0025 0.545484 0.428071 1.96189 0.00916618 335 4 1 1.65821e-08 
0.434042 0.675176 -0.0328895 0.0025 0.545547 0.428142 1.96198 0.00916511 336 4 1 1.15283e-08 
0.438624 0.675032 -0.0350513 0.0025 0.54562 0.428223 1.96209 0.00916388 337 4 1 6.23838e-09 
0.443206 0.674882 -0.0353279 0.0025 0.545698 0.428309 1.96221 0.00916258 338 4 1 8.74851e-10 
0.447787 0.674731 -0.034236 0.0025 0.545776 0.428395 1.96232 0.00916126 339 4 1 -2.62765e-09 
0.452367 0.674585 -0.0323076 0.0025 0.545852 0.42848 1.96243 0.00915999 340 4 1 -3.94301e-09 
0.456947 0.674447 -0.0300322 0.0025 0.545925 0.42856 1.96254 0.00915877 341 4 1 -4.80803e-09 
0.461526 0.67432 -0.027658 0.0025 0.545992 0.428635 1.96264 0.00915764 342 4 1 -6.76008e-09 
0.466104 0.674204 -0.0252228 0.0025 0.546054 0.428704 1.96274 0.0091566 343 4 1 -6.82457e-09 
0.470682 0.674099 -0.0227501 0.0025 0.546111 0.428767 1.96282 0.00915565 344 4 1 -5.89258e-09 
0.47526 0.674005 -0.0203337 0.0025 0.546162 0.428824 1.9629 0.00915479 345 4 1 -6.18658e-09 
0.479837 0.67392 -0.0181133 0.0025 0.546207 0.428875 1.96297 0.00915403 346 4 1 -6.45445e-09 
0.484414 0.673845 -0.0161684 0.0025 0.546248 0.428921 1.96303 0.00915335 347 4 1 -5.12138e-09 
0.488991 0.673778 -0.0144623 0.0025 0.546284 0.428961 1.96309 0.00915275 348 4 1 -3.9645e-09 
0.493567 0.673719 -0.0129054 0.0025 0.546316 0.428998 1.96314 0.00915221 349 4 1 -4.60339e-09 
0.498143 0.673666 -0.0114363 0.0025 0.546344 0.42903 1.96319 0.00915174 350 4 1 -4.66601e-09 
0.502719 0.673617 -0.0100405 0.0025 0.546369 0.429058 1.96323 0.00915133 351 4 1 -3.51794e-09 
0.507294 0.673573 -0.00872521 0.0025 0.54639 0.429082 1.96326 0.00915097 352 4 1 -2.91567e-09 
0.511869 0.673532 -0.00749536 0.0025 0.546408 0.429104 1.96329 0.00915067 353 4 1 -3.88805e-09 
0.516445 0.673494 -0.00636484 0.0025 0.546423 0.429122 1.96332 0.00915041 354 4 1 -3.076e-09 
0.52102 0.673457 -0.00538793 0.0025 0.546436 0.429137 1.96335 0.0091502 355 4 1 -1.11028e-09 
0.525595 0.673424 -0.00464828 0.0025 0.546447 0.429151 1.96337 0.00915001 356 4 1 -1.37357e-09 
0.53017 0.673393 -0.00418989 0.0025 0.546457 0.429163 1.96339 0.00914985 357 4 1 -1.39967e-09 
0.534745 0.673365 -0.00396085 0.0025 0.546466 0.429174 1.96341 0.00914971 358 4 1 -1.65572e-11 
0.53932 0.673341 -0.00383686 0.0025 0.546474 0.429185 1.96343 0.00914957 359 4 1 2.89623e-10 
0.543894 0.673319 -0.00370077 0.0025 0.546482 0.429195 1.96345 0.00914944 360 4 1 -1.26632e-09 
0.548469 0.6733 -0.00350179 0.0025 0.546489 0.429205 1.96347 0.00914932 361 4 1 -5.51021e-10 
0.553044 0.673283 -0.00325425 0.0025 0.546495 0.429213 1.96348 0.00914921 362 4 1 7.50318e-10 
0.557618 0.673268 -0.00299795 0.0025 0.546501 0.429222 1.9635 0.00914912 363 4 1 -1.51127e-09 
0.562193 0.673254 -0.00276282 0.0025 0.546506 0.429229 1.96352 0.00914904 364 4 1 -7.65869e-10 
0.566767 0.673241 -0.00255795 0.0025 0.54651 0.429236 1.96353 0.00914896 365 4 1 1.63311e-09 
0.571342 0.673229 -0.00237811 0.0025 0.546514 0.429243 1.96355 0.0091489 366 4 1 -1.25788e-09 
0.575916 0.673218 -0.00221329 0.0025 0.546517 0.429249 1.96357 0.00914885 367 4 1 -1.25315e-09 
0.580491 0.673208 -0.00205444 0.0025 0.54652 0.429254 1.96358 0.0091488 368 4 1 1.59283e-09 
0.585065 0.673199 -0.00189641 0.0025 0.546522 0.42926 1.9636 0.00914877 369 4 1 1.53596e-10 
0.589639 0.67319 -0.00174032 0.0025 0.546523 0.429264 1.96361 0.00914874 370 4 1 -1.08486e-09 
0.594214 0.673182 -0.00159356 0.0025 0.546524 0.429269 1.96363 0.00914872 371 4 1 5.98142e-10 
0.598788 0.673175 -0.0014659 0.0025 0.546525 0.429273 1.96365 0.00914871 372 4 1 1.01299e-09 
0.603362 0.673168 -0.00136275 0.0025 0.546525 0.429276 1.96366 0.00914871 373 3 1 -5.23766e-10 
0.607937 0.673161 -0.00128051 0.0025 0.546525 0.42928 1.96368 0.00914872 374 4 1 5.95556e-10 
0.612511 0.673155 -0.00120799 0.0025 0.546524 0.429283 1.9637 0.00914873 375 4 1 1.33175e-09 
0.617086 0.67315 -0.00113346 0.0025 0.546523 0.429286 1.96372 0.00914875 376 4 1 -3.34613e-10 
0.62166 0.673145 -0.00105212 0.0025 0.546521 0.429289 1.96373 0.00914878 377 4 1 8.86042e-10 
0.626234 0.67314 -0.000968345 0.0025 0.546519 0.429292 1.96375 0.00914881 378 4 1 1.03107e-09 
0.630809 0.673135 -0.000891311 0.0025 0.546516 0.429294 1.96377 0.00914886 379 4 1 1.03492e-09 
0.635383 0.673131 -0.000827673 0.0025 0.546513 0.429296 1.9638 0.00914892 380 4 1 2.5923e-09 
0.639958 0.673127 -0.000777214 0.0025 0.546509 0.429298 1.96382 0.00914898 381 4 1 -1.28535e-09 
0.644532 0.673124 -0.00073422 0.0025 0.546505 0.4293 1.96385 0.00914905 382 4 1 1.3926e-09 
0.649107 0.67312 -0.000692541 0.0025 0.5465 0.429302 1.96387 0.00914914 383 4 1 4.80941e-09 
0.653681 0.673117 -0.000649805 0.0025 0.546494 0.429304 1.9639 0.00914924 384 4 1 -1.67575e-09 
0.658256 0.673114 -0.0006078 0.0025 0.546487 0.429305 1.96393 0.00914934 385 4 1 2.03213e-09 
0.662831 0.673111 -0.000569676 0.0025 0.546481 0.429307 1.96396 0.00914946 386 4 1 3.49535e-09 
0.667405 0.673109 -0.000536882 0.0025 0.546473 0.429309 1.964 0.00914959 387 4 1 2.78483e-09 
0.67198 0.673106 -0.000508232 0.0025 0.546463 0.42931 1.96404 0.00914975 388 4 1 4.66811e-09 
0.676555 0.673104 -0.000481293 0.0025 0.546453 0.429311 1.96408 0.00914992 389 4 1 -2.29839e-09 
0.68113 0.673102 -0.000454448 0.0025 0.546442 0.429312 1.96412 0.0091501 390 4 1 5.41832e-09 
0.685705 0.6731 -0.000427896 0.0025 0.546431 0.429314 1.96417 0.00915029 391 4 1 4.70974e-09 
0.69028 0.673098 -0.000403052 0.0025 0.546417 0.429315 1.96423 0.00915052 392 4 1 8.1863e-09 
0.694856 0.673097 -0.000381158 0.0025 0.546404 0.429318 1.96429 0.00915073 393 4 1 -3.5527e-09 
0.699431 0.673095 -0.000362355 0.0025 0.546382 0.42932 1.96435 0.00915111 394 4 1 1.43694e-07 
0.704007 0.673094 -0.000345844 0.0025 0.546371 0.42935 1.96458 0.00915128 395 4 1 -1.38711e-07 
0.708582 0.673092 -0.000330775 0.0025 0.545974 0.429196 1.96465 0.00915795 396 5 1 3.48575e-06 
0.713165 0.673091 -0.000316943 0.0025 0.548239 0.430861 1.9685 0.00912011 397 3 1 -1.90586e-05 
0.717703 0.67309 -0.000304815 0.0025 0.536909 0.426191 1.95004 0.00931256 398 4 1 0.000179252 
0.722484 0.673089 -0.000293853 0.0025 0.511052 0.432729 2.1525 0.00978373 399 4 1 -0.000134225 
0.727493 0.673088 -0.000283849 0.0025 0.482807 0.424503 2.15549 0.0103561 400 4 1 0.000266084 
0.732854 0.673087 -0.000273854 0.0025 0.454323 0.432947 2.44418 0.0110054 401 4 1 -0.000240409 
0.738509 0.673086 -0.000262517 0.0025 0.447025 0.427283 2.38026 0.0111851 402 5 1 5.3809e-05 
0.74404 0.673086 -0.000249452 0.0025 0.452457 0.429654 2.37465 0.0110508 403 4 1 -3.0127e-06 
0.74956 0.673085 -0.000233898 0.0025 0.453639 0.429326 2.36525 0.011022 404 4 1 3.91278e-06 
0.755062 0.673084 -0.000215193 0.0025 0.45472 0.429384 2.36047 0.0109958 405 4 1 1.27157e-06 
0.760556 0.673083 -0.000192193 0.0025 0.455343 0.429359 2.35717 0.0109807 406 4 1 8.42908e-07 
0.766043 0.673083 -0.000163434 0.0025 0.455788 0.429347 2.35487 0.01097 407 4 1 5.4434e-07 
0.771526 0.673082 -0.000128016 0.0025 0.456109 0.42934 2.35321 0.0109623 408 4 1 3.49055e-07 
0.777005 0.673081 -8.62901e-05 0.0025 0.456349 0.429336 2.35196 0.0109565 409 4 1 2.46684e-07 
0.782482 0.67308 -3.99628e-05 0.0025 0.456534 0.429333 2.35101 0.0109521 410 4 1 1.77195e-07 
0.787957 0.673079 8.35024e-06 0.0025 0.456677 0.429331 2.35027 0.0109486 411 4 1 1.30856e-07 
0.793431 0.673078 5.56945e-05 0.0025 0.456791 0.42933 2.34969 0.0109459 412 4 1 9.79819e-08 
0.798903 0.673076 9.91404e-05 0.0025 0.456882 0.429329 2.34922 0.0109438 413 4 1 7.53948e-08 
0.804375 0.673075 0.000135941 0.0025 0.456955 0.429328 2.34884 0.010942 414 4 1 5.88161e-08 
0.809845 0.673073 0.000163698 0.0025 0.457014 0.429327 2.34853 0.0109406 415 4 1 4.6396e-08 
0.815315 0.673071 0.000180699 0.0025 0.457063 0.429326 2.34828 0.0109394 416 4 1 3.70436e-08 
0.820785 0.67307 0.000186366 0.0025 0.457103 0.429325 2.34807 0.0109385 417 4 1 2.98558e-08 
0.826254 0.673068 0.000181588 0.0025 0.457136 0.429325 2.3479 0.0109377 418 4 1 2.42111e-08 
0.831722 0.673067 0.000168706 0.0025 0.457164 0.429324 2.34776 0.010937 419 4 1 1.97795e-08 
0.837191 0.673065 0.000151085 0.0025 0.457187 0.429324 2.34764 0.0109365 420 4 1 1.6263e-08 
0.842659 0.673064 0.00013241 0.0025 0.457206 0.429323 2.34754 0.010936 421 4 1 1.34592e-08 
0.848127 0.673063 0.000115931 0.0025 0.457222 0.429323 2.34745 0.0109356 422 4 1 1.11862e-08 
0.853594 0.673062 0.000103903 0.0025 0.457235 0.429323 2.34738 0.0109353 423 4 1 9.30365e-09 
0.859062 0.673061 9.736e-05 0.0025 0.457247 0.429322 2.34732 0.010935 424 4 1 7.7846e-09 
0.864529 0.67306 9.62365e-05 0.0025 0.457256 0.429322 2.34727 0.0109348 425 4 1 6.55821e-09 
0.869997 0.673059 9.97362e-05 0.0025 0.457264 0.429322 2.34723 0.0109346 426 4 1 5.19083e-09 
0.875464 0.673058 0.000106798 0.0025 0.457271 0.429321 2.34719 0.0109344 427 4 1 4.01743e-09 
0.880931 0.673057 0.000116512 0.0025 0.457277 0.429321 2.34716 0.0109343 428 4 1 3.73539e-09 
0.886398 0.673057 0.000128445 0.0025 0.457282 0.429321 2.34713 0.0109342 429 4 1 3.53328e-09 
0.891865 0.673056 0.000143089 0.0025 0.457286 0.42932 2.34711 0.0109341 430 4 1 2.83446e-09 
0.897332 0.673055 0.000163138 0.0025 0.457289 0.42932 2.34709 0.010934 431 4 1 2.17862e-09 
0.902799 0.673053 0.000197131 0.0025 0.457292 0.429319 2.34707 0.0109339 432 4 1 1.70495e-09 
0.908266 0.673052 0.0002677 0.0025 0.457294 0.429319 2.34706 0.0109339 433 4 1 1.1379e-09 
0.913733 0.67305 0.000423877 0.0025 0.457296 0.429318 2.34705 0.0109338 434 4 1 2.31619e-10 
0.9192 0.673048 0.000740125 0.0025 0.457296 0.429315 2.34703 0.0109338 435 3 1 -1.29838e-09 
0.924667 0.673044 0.00124389 0.0025 0.457294 0.429311 2.34702 0.0109339 436 4 1 -3.93889e-09 
0.930134 0.673033 0.00170921 0.0025 0.45729 0.429303 2.347 0.010934 437 4 1 -8.86029e-09 
0.935601 0.673005 0.00161341 0.0025 0.457279 0.429288 2.34697 0.0109342 438 4 1 -2.11583e-08 
0.941068 0.672932 0.00208086 0.0025 0.457256 0.429254 2.34691 0.0109348 439 4 1 -6.19445e-08 
0.946536 0.672768 0.0147723 0.0025 0.457195 0.429168 2.34678 0.0109363 440 4 1 -1.96677e-07 
0.952005 0.672475 0.0832321 0.0025 0.457017 0.42892 2.34641 0.0109405 441 4 1 -5.72911e-07 
0.957476 0.672086 0.307812 0.0025 0.4565 0.428213 2.34535 0.0109529 442 4 1 -1.38122e-06 
0.962957 0.67167 0.805903 0.0025 0.455171 0.426423 2.34261 0.0109849 443 4 1 -2.6033e-06 
0.968461 0.670567 1.49165 0.0025 0.452294 0.422616 2.33665 0.0110547 444 4 1 -3.21003e-06 
0.974012 0.664582 1.52496 0.0025 0.447352 0.416165 2.32627 0.0111769 445 4 1 -1.33641e-06 
0.979639 0.640947 -0.940478 0.0025 0.4407 0.407685 2.31232 0.0113456 446 4 1 5.67882e-06 
0.985359 0.570371 -7.55301 0.0025 0.434209 0.400085 2.30111 0.0115152 447 4 1 1.77425e-05 
0.991155 0.42047 -15.4752 0.0025 0.428535 0.395729 2.30635 0.0116677 448 4 1 1.6751e-05 
0.997027 0.162202 -9.11611 0.0025 0.423085 0.393312 2.32805 0.011818 449 4 1 -1.54596e-05 
1.00297 -0.162202 9.11611 0.0025 0.423085 0.393312 2.32805 0.011818 450 4 1 -1.54596e-05 
1.00885 -0.42047 15.4752 0.0025 0.428535 0.395729 2.30635 0.0116677 451 4 1 1.6751e-05 
1.01464 -0.570371 7.55301 0.0025 0.434209 0.400085 2.30111 0.0115152 452 4 1 1.77425e-05 
1.02036 -0.640947 0.940478 0.0025 0.4407 0.407685 2.31232 0.0113456 453 4 1 5.67882e-06 
1.02599 -0.664582 -1.52496 0.0025 0.447352 0.416165 2.32627 0.0111769 454 4 1 -1.33641e-06 
1.03154 -0.670567 -1.49165 0.0025 0.452294 0.422616 2.33665 0.0110547 455 4 1 -3.21003e-06 
1.03704 -0.67167 -0.805903 0.0025 0.455171 0.426423 2.34261 0.0109849 456 4 1 -2.6033e-06 
1.04252 -0.672086 -0.307812 0.0025 0.4565 0.428213 2.34535 0.0109529 457 4 1 -1.38122e-06 
1.048 -0.672475 -0.0832321 0.0025 0.457017 0.42892 2.34641 0.0109405 458 4 1 -5.72911e-07 
1.05346 -0.672768 -0.0147723 0.0025 0.457195 0.429168 2.34678 0.0109363 459 4 1 -1.96677e-07 
1.05893 -0.672932 -0.00208086 0.0025 0.457256 0.429254 2.34691 0.0109348 460 4 1 -6.19445e-08 
1.0644 -0.673005 -0.00161341 0.0025 0.457279 0.429288 2.34697 0.0109342 461 4 1 -2.11583e-08 
1.06987 -0.673033 -0.00170921 0.0025 0.45729 0.429303 2.347 0.010934 462 4 1 -8.86029e-09 
1.07533 -0.673044 -0.00124389 0.0025 0.457294 0.429311 2.34702 0.0109339 463 4 1 -3.93889e-09 
1.0808 -0.673048 -0.000740125 0.0025 0.457296 0.429315 2.34703 0.0109338 464 3 1 -1.29838e-09 
1.08627 -0.67305 -0.000423877 0.0025 0.457296 0.429318 2.34705 0.0109338 465 4 1 2.31619e-10 
1.09173 -0.673052 -0.0002677 0.0025 0.457294 0.429319 2.34706 0.0109339 466 4 1 1.1379e-09 
1.0972 -0.673053 -0.000197131 0.0025 0.457292 0.429319 2.34707 0.0109339 467 4 1 1.70495e-09 
1.10267 -0.673055 -0.000163138 0.0025 0.457289 0.42932 2.34709 0.010934 468 4 1 2.17862e-09 
1.10813 -0.673056 -0.000143089 0.0025 0.457286 0.42932 2.34711 0.0109341 469 4 1 2.83446e-09 
1.1136 -0.673057 -0.000128445 0.0025 0.457282 0.429321 2.34713 0.0109342 470 4 1 3.53328e-09 
1.11907 -0.673057 -0.000116512 0.0025 0.457277 0.429321 2.34716 0.0109343 471 4 1 3.73539e-09 
1.12454 -0.673058 -0.000106798 0.0025 0.457271 0.429321 2.34719 0.0109344 472 4 1 4.01743e-09 
1.13 -0.673059 -9.97362e-05 0.0025 0.457264 0.429322 2.34723 0.0109346 473 4 1 5.19083e-09 
1.13547 -0.67306 -9.62364e-05 0.0025 0.457256 0.429322 2.34727 0.0109348 474 4 1 6.55821e-09 
1.14094 -0.673061 -9.736e-05 0.0025 0.457247 0.429322 2.34732 0.010935 475 4 1 7.7846e-09 
1.14641 -0.673062 -0.000103903 0.0025 0.457235 0.429323 2.34738 0.0109353 476 4 1 9.30365e-09 
1.15187 -0.673063 -0.000115931 0.0025 0.457222 0.429323 2.34745 0.0109356 477 4 1 1.11862e-08 
1.15734 -0.673064 -0.00013241 0.0025 0.457206 0.429323 2.34754 0.010936 478 4 1 1.34592e-08 
1.16281 -0.673065 -0.000151085 0.0025 0.457187 0.429324 2.34764 0.0109365 479 4 1 1.6263e-08 
1.16828 -0.673067 -0.000168706 0.0025 0.457164 0.429324 2.34776 0.010937 480 4 1 1.97795e-08 
1.17375 -0.673068 -0.000181588 0.0025 0.457136 0.429325 2.3479 0.0109377 481 4 1 2.42111e-08 
1.17922 -0.67307 -0.000186366 0.0025 0.457103 0.429325 2.34807 0.0109385 482 4 1 2.98558e-08 
1.18468 -0.673071 -0.000180699 0.0025 0.457063 0.429326 2.34828 0.0109394 483 4 1 3.70436e-08 
1.19015 -0.673073 -0.000163698 0.0025 0.457014 0.429327 2.34853 0.0109406 484 4 1 4.6396e-08 
1.19563 -0.673075 -0.000135941 0.0025 0.456955 0.429328 2.34884 0.010942 485 4 1 5.88161e-08 
1.2011 -0.673076 -9.91404e-05 0.0025 0.456882 0.429329 2.34922 0.0109438 486 4 1 7.53948e-08 
1.20657 -0.673078 -5.56945e-05 0.0025 0.456791 0.42933 2.34969 0.0109459 487 4 1 9.79819e-08 
1.21204 -0.673079 -8.35021e-06 0.0025 0.456677 0.429331 2.35027 0.0109486 488 4 1 1.30856e-07 
1.21752 -0.67308 3.99628e-05 0.0025 0.456534 0.429333 2.35101 0.0109521 489 4 1 1.77195e-07 
1.22299 -0.673081 8.62901e-05 0.0025 0.456349 0.429336 2.35196 0.0109565 490 4 1 2.46684e-07 
1.22847 -0.673082 0.000128016 0.0025 0.456109 0.42934 2.35321 0.0109623 491 4 1 3.49055e-07 
1.23396 -0.673083 0.000163434 0.0025 0.455788 0.429347 2.35487 0.01097 492 4 1 5.4434e-07 
1.23944 -0.673083 0.000192193 0.0025 0.455343 0.429359 2.35717 0.0109807 493 4 1 8.42908e-07 
1.24494 -0.673084 0.000215193 0.0025 0.45472 0.429384 2.36047 0.0109958 494 4 1 1.27157e-06 
1.25044 -0.673085 0.000233898 0.0025 0.453639 0.429326 2.36525 0.011022 495 4 1 3.91278e-06 
1.25596 -0.673086 0.000249452 0.0025 0.452457 0.429654 2.37465 0.0110508 496 4 1 -3.0127e-06 
1.26149 -0.673086 0.000262517 0.0025 0.447025 0.427283 2.38026 0.0111851 497 5 1 5.3809e-05 
1.26715 -0.673087 0.000273854 0.0025 0.454323 0.432947 2.44418 0.0110054 498 4 1 -0.000240409 
1.27251 -0.673088 0.000283849 0.0025 0.482807 0.424503 2.15549 0.0103561 499 4 1 0.000266084 
