# Time [s]: 0.343116
# Columns: pos [m], vel [m/s], acc [m/s^2], mass [kg], dens [kg/m^3], pres [Pa], ene [J/kg], sml [m], id, neighbor, alpha, gradh, ...additional?
1.27128 -0.673087 0.00025033 0.0025 0.511053 0.43273 2.15251 0.00978371 0 4 1 -0.000134225 
1.27606 -0.673088 0.000259508 0.0025 0.536911 0.426192 1.95004 0.00931254 1 4 1 0.000179252 
1.2806 -0.673089 0.000269194 0.0025 0.54824 0.430862 1.9685 0.00912009 2 3 1 -1.90586e-05 
1.28518 -0.67309 0.000280382 0.0025 0.545975 0.429197 1.96465 0.00915793 3 5 1 3.48573e-06 
1.28975 -0.673091 0.000293653 0.0025 0.546373 0.429352 1.96458 0.00915126 4 4 1 -1.38708e-07 
1.29433 -0.673092 0.000309487 0.0025 0.546383 0.429322 1.96435 0.00915108 5 4 1 1.43696e-07 
1.2989 -0.673093 0.000327646 0.0025 0.546406 0.42932 1.96429 0.00915071 6 4 1 -3.54962e-09 
1.30348 -0.673095 0.000347246 0.0025 0.546419 0.429317 1.96423 0.00915049 7 4 1 8.19338e-09 
1.30805 -0.673097 0.000367474 0.0025 0.546433 0.429316 1.96417 0.00915026 8 4 1 4.7217e-09 
1.31263 -0.673098 0.000388386 0.0025 0.546444 0.429315 1.96413 0.00915006 9 4 1 5.43222e-09 
1.3172 -0.6731 0.00041103 0.0025 0.546455 0.429314 1.96409 0.00914988 10 4 1 -2.28743e-09 
1.32178 -0.673102 0.000436582 0.0025 0.546466 0.429312 1.96404 0.00914971 11 4 1 4.67406e-09 
1.32635 -0.673104 0.000465098 0.0025 0.546475 0.429311 1.964 0.00914955 12 4 1 2.78984e-09 
1.33093 -0.673106 0.000495079 0.0025 0.546483 0.42931 1.96397 0.00914941 13 4 1 3.50773e-09 
1.3355 -0.673109 0.000524588 0.0025 0.54649 0.429309 1.96394 0.00914929 14 4 1 2.05743e-09 
1.34008 -0.673112 0.000553324 0.0025 0.546497 0.429307 1.96391 0.00914918 15 4 1 -1.6415e-09 
1.34465 -0.673114 0.000583909 0.0025 0.546503 0.429306 1.96388 0.00914908 16 4 1 4.83972e-09 
1.34923 -0.673117 0.000620798 0.0025 0.546508 0.429304 1.96385 0.00914899 17 4 1 1.40668e-09 
1.3538 -0.673121 0.000667117 0.0025 0.546513 0.429303 1.96383 0.00914892 18 4 1 -1.287e-09 
1.35838 -0.673124 0.000721766 0.0025 0.546517 0.429301 1.9638 0.00914885 19 4 1 2.59196e-09 
1.36295 -0.673128 0.000779502 0.0025 0.546521 0.429299 1.96378 0.00914878 20 4 1 1.05899e-09 
1.36753 -0.673131 0.000834537 0.0025 0.546524 0.429297 1.96376 0.00914873 21 4 1 1.09042e-09 
1.3721 -0.673136 0.000885233 0.0025 0.546526 0.429294 1.96374 0.00914869 22 4 1 9.67835e-10 
1.37667 -0.67314 0.000936188 0.0025 0.546528 0.429292 1.96372 0.00914866 23 4 1 -2.60534e-10 
1.38125 -0.673145 0.000995835 0.0025 0.54653 0.42929 1.96371 0.00914863 24 4 1 1.37169e-09 
1.38582 -0.67315 0.00107118 0.0025 0.546531 0.429287 1.96369 0.00914861 25 4 1 5.98517e-10 
1.3904 -0.673156 0.00116347 0.0025 0.546532 0.429284 1.96367 0.0091486 26 4 1 -5.33758e-10 
1.39497 -0.673162 0.00126786 0.0025 0.546532 0.429281 1.96366 0.00914859 27 3 1 1.02529e-09 
1.39955 -0.673168 0.00137687 0.0025 0.546532 0.429277 1.96364 0.00914859 28 4 1 6.56933e-10 
1.40412 -0.673175 0.00148495 0.0025 0.546532 0.429274 1.96363 0.0091486 29 4 1 -9.79082e-10 
1.40869 -0.673183 0.00159134 0.0025 0.546531 0.42927 1.96361 0.00914861 30 4 1 2.86885e-10 
1.41327 -0.673191 0.00170007 0.0025 0.54653 0.429265 1.9636 0.00914863 31 4 1 1.72815e-09 
1.41784 -0.673199 0.00181789 0.0025 0.546528 0.429261 1.96358 0.00914867 32 4 1 -1.1328e-09 
1.42242 -0.673209 0.00195021 0.0025 0.546525 0.429256 1.96357 0.00914871 33 4 1 -1.1495e-09 
1.42699 -0.673219 0.00209506 0.0025 0.546523 0.42925 1.96355 0.00914875 34 4 1 1.76194e-09 
1.43157 -0.673231 0.0022372 0.0025 0.54652 0.429245 1.96354 0.0091488 35 4 1 -5.53448e-10 
1.43614 -0.673243 0.00234933 0.0025 0.546516 0.429239 1.96352 0.00914886 36 4 1 -1.14616e-09 
1.44071 -0.673257 0.0024076 0.0025 0.546512 0.429232 1.96351 0.00914893 37 4 1 1.28199e-09 
1.44529 -0.673273 0.00241826 0.0025 0.546508 0.429226 1.96349 0.009149 38 4 1 4.06465e-11 
1.44986 -0.673291 0.00243615 0.0025 0.546503 0.429219 1.96348 0.00914908 39 4 1 -8.37126e-10 
1.45444 -0.673311 0.00255194 0.0025 0.546499 0.429212 1.96346 0.00914916 40 4 1 3.38695e-10 
1.45901 -0.673334 0.0028467 0.0025 0.546493 0.429204 1.96345 0.00914924 41 4 1 -3.84721e-10 
1.46359 -0.673358 0.00334661 0.0025 0.546487 0.429196 1.96343 0.00914935 42 4 1 -1.96654e-09 
1.46816 -0.673384 0.00401645 0.0025 0.54648 0.429187 1.96341 0.00914947 43 4 1 -1.79096e-09 
1.47274 -0.673411 0.00479458 0.0025 0.546471 0.429175 1.96339 0.00914962 44 4 1 -1.12947e-09 
1.47731 -0.673438 0.00563148 0.0025 0.54646 0.429162 1.96337 0.00914981 45 4 1 -2.66228e-09 
1.48189 -0.673467 0.00649985 0.0025 0.546446 0.429146 1.96335 0.00915003 46 4 1 -3.13679e-09 
1.48646 -0.673499 0.00738553 0.0025 0.546431 0.429128 1.96332 0.00915028 47 4 1 -1.91623e-09 
1.49104 -0.673533 0.00828721 0.0025 0.546414 0.429107 1.96329 0.00915058 48 4 1 -2.33166e-09 
1.49561 -0.67357 0.00923006 0.0025 0.546394 0.429084 1.96326 0.00915091 49 4 1 -3.3924e-09 
-0.499812 -0.673612 0.0102705 0.0025 0.546371 0.429058 1.96322 0.00915129 50 4 1 -3.3896e-09 
-0.495236 -0.673659 0.0114712 0.0025 0.546346 0.42903 1.96318 0.00915171 51 4 1 -2.89955e-09 
-0.49066 -0.673711 0.012858 0.0025 0.546318 0.428997 1.96313 0.00915219 52 4 1 -4.12072e-09 
-0.486084 -0.67377 0.0144065 0.0025 0.546286 0.428961 1.96308 0.00915272 53 4 1 -5.31884e-09 
-0.481508 -0.673836 0.0160871 0.0025 0.54625 0.428921 1.96303 0.00915332 54 4 1 -4.86814e-09 
-0.476931 -0.673911 0.0179234 0.0025 0.54621 0.428876 1.96296 0.009154 55 4 1 -4.69237e-09 
-0.472354 -0.673995 0.0199901 0.0025 0.546164 0.428825 1.9629 0.00915475 56 4 1 -6.24506e-09 
-0.467776 -0.674089 0.0223351 0.0025 0.546114 0.428769 1.96282 0.00915559 57 4 1 -7.13896e-09 
-0.463198 -0.674193 0.0248861 0.0025 0.546059 0.428707 1.96274 0.00915652 58 4 1 -6.10128e-09 
-0.45862 -0.674308 0.0274406 0.0025 0.545997 0.428639 1.96264 0.00915755 59 4 1 -5.95026e-09 
-0.454041 -0.674433 0.0297625 0.0025 0.545931 0.428565 1.96254 0.00915867 60 4 1 -5.52625e-09 
-0.449461 -0.674568 0.0316893 0.0025 0.545859 0.428486 1.96244 0.00915987 61 4 1 -3.66142e-09 
-0.444881 -0.674712 0.0331844 0.0025 0.545785 0.428403 1.96233 0.00916112 62 4 1 -1.00758e-09 
-0.4403 -0.674862 0.0342019 0.0025 0.545709 0.428319 1.96221 0.0091624 63 4 1 1.10679e-09 
-0.435718 -0.67501 0.0343628 0.0025 0.545633 0.428236 1.9621 0.00916366 64 4 1 4.3648e-09 
-0.431136 -0.67515 0.032711 0.0025 0.545562 0.428156 1.962 0.00916487 65 4 1 1.05757e-08 
-0.426553 -0.675277 0.0282595 0.0025 0.545498 0.428087 1.9619 0.00916593 66 4 1 1.7444e-08 
-0.42197 -0.675386 0.0221585 0.0025 0.545449 0.428032 1.96183 0.00916675 67 4 1 2.37621e-08 
-0.417387 -0.675463 0.0139082 0.0025 0.54542 0.427999 1.96178 0.00916725 68 4 1 2.42239e-08 
-0.412803 -0.675488 0.00369213 0.0025 0.545411 0.427988 1.96177 0.00916741 69 5 1 2.1574e-08 
-0.408219 -0.675512 0.00945474 0.0025 0.545421 0.428004 1.96178 0.00916723 70 4 1 1.40322e-07 
-0.403636 -0.675324 -0.0963784 0.0025 0.545547 0.428147 1.96196 0.00916511 71 4 1 2.7215e-07 
-0.399054 -0.67466 -0.196326 0.0025 0.545893 0.428527 1.96245 0.0091593 72 4 1 3.06963e-07 
-0.394476 -0.673576 -0.293378 0.0025 0.546481 0.429178 1.96329 0.00914945 73 4 1 4.63232e-07 
-0.389905 -0.671923 -0.481348 0.0025 0.547418 0.43022 1.96464 0.00913379 74 4 1 8.2962e-07 
-0.385343 -0.669093 -0.828105 0.0025 0.54894 0.431903 1.96682 0.00910846 75 4 1 1.13535e-06 
-0.380796 -0.664733 -1.16907 0.0025 0.551189 0.434377 1.97003 0.0090713 76 4 1 1.16974e-06 
-0.376271 -0.659167 -1.41393 0.0025 0.554072 0.437554 1.97415 0.00902409 77 4 1 1.08112e-06 
-0.371772 -0.65277 -1.57149 0.0025 0.557418 0.441253 1.97891 0.00896993 78 4 1 1.07347e-06 
-0.367301 -0.645779 -1.72447 0.0025 0.561128 0.445369 1.98417 0.00891063 79 4 1 1.19136e-06 
-0.362861 -0.638165 -1.89522 0.0025 0.565199 0.449901 1.98991 0.00884644 80 4 1 1.35439e-06 
-0.358455 -0.629876 -2.08389 0.0025 0.569654 0.454874 1.99617 0.00877726 81 4 1 1.49698e-06 
-0.354084 -0.620896 -2.26676 0.0025 0.574494 0.460291 2.00293 0.00870331 82 4 1 1.53937e-06 
-0.349751 -0.611362 -2.39971 0.0025 0.579658 0.466089 2.01012 0.00862578 83 4 1 1.50856e-06 
-0.345458 -0.601454 -2.49671 0.0025 0.585053 0.472168 2.01758 0.00854624 84 4 1 1.40454e-06 
-0.341205 -0.591428 -2.52442 0.0025 0.590568 0.478407 2.02517 0.00846642 85 4 1 1.26959e-06 
-0.336991 -0.581458 -2.52129 0.0025 0.596103 0.484692 2.03273 0.00838782 86 4 1 1.17461e-06 
-0.332817 -0.571632 -2.50426 0.0025 0.601603 0.490963 2.04021 0.00831112 87 4 1 1.10154e-06 
-0.32868 -0.561996 -2.48134 0.0025 0.607044 0.497189 2.04757 0.00823664 88 4 1 1.03953e-06 
-0.32458 -0.552552 -2.45369 0.0025 0.612411 0.503352 2.05479 0.00816445 89 4 1 9.62172e-07 
-0.320515 -0.543353 -2.40732 0.0025 0.617685 0.509432 2.06185 0.00809474 90 4 1 9.33148e-07 
-0.316485 -0.534362 -2.39348 0.0025 0.622877 0.515437 2.06877 0.00802726 91 4 1 9.0717e-07 
-0.312488 -0.525541 -2.36211 0.0025 0.628 0.521381 2.07555 0.00796178 92 4 1 8.56524e-07 
-0.308523 -0.516912 -2.33331 0.0025 0.633046 0.527256 2.08221 0.00789832 93 4 1 8.44468e-07 
-0.304589 -0.508443 -2.31904 0.0025 0.638032 0.533079 2.08875 0.0078366 94 4 1 8.40779e-07 
-0.300686 -0.500086 -2.30906 0.0025 0.642976 0.538872 2.09521 0.00777634 95 4 1 8.41775e-07 
-0.296813 -0.491836 -2.30903 0.0025 0.647897 0.544655 2.10161 0.00771728 96 4 1 8.70192e-07 
-0.292969 -0.483616 -2.33052 0.0025 0.652824 0.550464 2.10799 0.00765903 97 4 1 8.95057e-07 
-0.289154 -0.475409 -2.35141 0.0025 0.657781 0.556325 2.11437 0.00760131 98 4 1 9.19267e-07 
-0.285368 -0.467184 -2.3861 0.0025 0.662785 0.56226 2.12079 0.00754393 99 4 1 9.92185e-07 
-0.28161 -0.458833 -2.46009 0.0025 0.667878 0.568319 2.12729 0.0074864 100 4 1 1.01045e-06 
-0.277881 -0.45037 -2.4946 0.0025 0.673063 0.574504 2.13389 0.00742872 101 4 1 9.81695e-07 
-0.274181 -0.441881 -2.52465 0.0025 0.678308 0.580783 2.14052 0.00737128 102 4 1 1.02961e-06 
-0.27051 -0.433303 -2.59453 0.0025 0.683636 0.587179 2.14723 0.00731383 103 4 1 1.02987e-06 
-0.266867 -0.424636 -2.61832 0.0025 0.689038 0.593683 2.154 0.00725649 104 4 1 9.89453e-07 
-0.263253 -0.416003 -2.64252 0.0025 0.694477 0.600254 2.16079 0.00719966 105 4 1 9.82194e-07 
-0.259667 -0.407364 -2.66479 0.0025 0.699947 0.606881 2.16758 0.0071434 106 4 1 9.53956e-07 
-0.25611 -0.398756 -2.67109 0.0025 0.705429 0.613546 2.17435 0.00708789 107 4 1 9.25015e-07 
-0.252579 -0.390213 -2.67503 0.0025 0.710909 0.620228 2.18109 0.00703325 108 4 1 9.14259e-07 
-0.249076 -0.381727 -2.68399 0.0025 0.716386 0.626929 2.1878 0.00697948 109 4 1 9.20996e-07 
-0.2456 -0.373264 -2.70611 0.0025 0.721873 0.63366 2.19449 0.00692643 110 4 1 8.75295e-07 
-0.24215 -0.364872 -2.68306 0.0025 0.727346 0.640396 2.20113 0.00687431 111 4 1 8.59826e-07 
-0.238725 -0.356595 -2.70116 0.0025 0.732802 0.647132 2.20771 0.00682313 112 4 1 8.78384e-07 
-0.235326 -0.34831 -2.71321 0.0025 0.738264 0.653894 2.21428 0.00677265 113 4 1 8.33374e-07 
-0.231953 -0.340114 -2.69761 0.0025 0.743709 0.660655 2.2208 0.00672306 114 4 1 8.10067e-07 
-0.228603 -0.332036 -2.69804 0.0025 0.749129 0.667406 2.22726 0.00667442 115 4 1 8.23346e-07 
-0.225278 -0.323985 -2.71185 0.0025 0.754546 0.674173 2.23369 0.0066265 116 4 1 8.32137e-07 
-0.221977 -0.315956 -2.73176 0.0025 0.759972 0.68097 2.2401 0.00657919 117 4 1 7.90883e-07 
-0.218699 -0.307987 -2.71205 0.0025 0.765386 0.687769 2.24647 0.00653265 118 4 1 7.46977e-07 
-0.215444 -0.300153 -2.69863 0.0025 0.770763 0.694545 2.25277 0.00648708 119 4 1 7.96345e-07 
-0.212212 -0.292335 -2.7458 0.0025 0.77615 0.701351 2.25905 0.00644205 120 4 1 7.90751e-07 
-0.209002 -0.284479 -2.73897 0.0025 0.781551 0.708189 2.26533 0.00639754 121 4 1 6.98355e-07 
-0.205814 -0.276808 -2.69398 0.0025 0.786902 0.714988 2.27152 0.00635403 122 4 1 7.15984e-07 
-0.202648 -0.269219 -2.72048 0.0025 0.792228 0.721775 2.27765 0.00631131 123 4 1 7.8362e-07 
-0.199503 -0.261586 -2.76475 0.0025 0.797591 0.728623 2.28381 0.00626888 124 4 1 7.43469e-07 
-0.196379 -0.253975 -2.75063 0.0025 0.802963 0.735499 2.28995 0.00622694 125 4 1 6.60172e-07 
-0.193276 -0.246502 -2.71063 0.0025 0.808284 0.742333 2.29601 0.00618594 126 4 1 6.82643e-07 
-0.190193 -0.2391 -2.7377 0.0025 0.813584 0.749159 2.30201 0.00614565 127 4 1 7.24121e-07 
-0.18713 -0.231689 -2.75988 0.0025 0.818905 0.756027 2.30802 0.00610571 128 4 1 7.07805e-07 
-0.184087 -0.224282 -2.77232 0.0025 0.824237 0.762924 2.31402 0.00606622 129 4 1 6.29092e-07 
-0.181064 -0.216993 -2.71549 0.0025 0.829525 0.769784 2.31995 0.00602755 130 4 1 6.15311e-07 
-0.178059 -0.209841 -2.72472 0.0025 0.834768 0.776608 2.3258 0.00598969 131 4 1 6.90053e-07 
-0.175074 -0.202667 -2.7692 0.0025 0.840037 0.783481 2.33166 0.00595212 132 4 1 7.06171e-07 
-0.172107 -0.19543 -2.80098 0.0025 0.845347 0.790419 2.33755 0.00591473 133 4 1 6.21398e-07 
-0.169159 -0.188269 -2.75049 0.0025 0.850632 0.797342 2.34338 0.00587798 134 4 1 5.4153e-07 
-0.166229 -0.181313 -2.70122 0.0025 0.855837 0.804185 2.34911 0.00584223 135 4 1 6.26889e-07 
-0.163317 -0.174389 -2.76859 0.0025 0.861044 0.811047 2.35481 0.0058069 136 4 1 7.17481e-07 
-0.160422 -0.167321 -2.83668 0.0025 0.86633 0.818023 2.36059 0.00577147 137 4 1 6.12821e-07 
-0.157545 -0.160286 -2.77843 0.0025 0.871608 0.825002 2.36633 0.00573652 138 4 1 4.55434e-07 
-0.154686 -0.153524 -2.66812 0.0025 0.87676 0.83184 2.37191 0.00570281 139 4 1 5.31201e-07 
-0.151842 -0.146906 -2.72293 0.0025 0.881865 0.838636 2.37742 0.0056698 140 4 1 7.258e-07 
-0.149016 -0.140061 -2.86193 0.0025 0.88709 0.845599 2.38305 0.00563641 141 4 1 6.7813e-07 
-0.146206 -0.133101 -2.85071 0.0025 0.89239 0.852671 2.38874 0.00560293 142 4 1 4.40647e-07 
-0.143413 -0.1264 -2.69669 0.0025 0.897566 0.859602 2.39427 0.00557062 143 4 1 3.97232e-07 
-0.140635 -0.120012 -2.6555 0.0025 0.902602 0.86637 2.39963 0.00553954 144 4 1 6.47912e-07 
-0.137873 -0.113471 -2.83807 0.0025 0.907721 0.873262 2.40506 0.0055083 145 4 1 7.42506e-07 
-0.135127 -0.106671 -2.91314 0.0025 0.913 0.880371 2.41065 0.00547645 146 4 1 4.86735e-07 
-0.132397 -0.0999766 -2.76314 0.0025 0.918215 0.88741 2.41615 0.00544535 147 4 1 2.81408e-07 
-0.129682 -0.0937532 -2.59719 0.0025 0.923204 0.894174 2.42139 0.00541592 148 4 1 4.57415e-07 
-0.126981 -0.0876139 -2.70621 0.0025 0.928143 0.900889 2.42656 0.0053871 149 4 1 7.25525e-07 
-0.124294 -0.0811716 -2.89509 0.0025 0.933271 0.907864 2.43191 0.0053575 150 4 1 6.53184e-07 
-0.121623 -0.0745264 -2.88888 0.0025 0.938513 0.914999 2.43737 0.00532758 151 4 1 3.58115e-07 
-0.118967 -0.0681853 -2.69305 0.0025 0.943608 0.921957 2.44266 0.00529881 152 4 1 2.84319e-07 
-0.116324 -0.0622012 -2.61865 0.0025 0.948508 0.928673 2.44771 0.00527144 153 4 1 4.82879e-07 
-0.113695 -0.0562189 -2.71949 0.0025 0.953413 0.935413 2.45277 0.00524432 154 4 1 6.9179e-07 
-0.11108 -0.0499457 -2.92066 0.0025 0.958507 0.942415 2.45801 0.00521645 155 4 1 5.93292e-07 
-0.108479 -0.0435227 -2.88018 0.0025 0.963681 0.94953 2.46331 0.00518844 156 4 1 1.68699e-07 
-0.105891 -0.0375211 -2.52473 0.0025 0.968573 0.956274 2.4683 0.00516223 157 4 1 -7.34633e-09 
-0.103317 -0.0322668 -2.29148 0.0025 0.973085 0.962542 2.47287 0.0051383 158 4 1 7.73721e-07 
-0.100753 -0.0266506 -3.02109 0.0025 0.977896 0.969238 2.47776 0.00511302 159 4 1 1.19648e-06 
-0.0982035 -0.0196022 -3.34908 0.0025 0.983315 0.97671 2.48329 0.00508484 160 4 1 -5.06895e-07 
-0.0956683 -0.0138453 -1.78325 0.0025 0.987927 0.983087 2.48792 0.0050611 161 4 1 -9.69763e-07 
-0.0931424 -0.0107824 -1.43674 0.0025 0.991368 0.987994 2.4913 0.00504354 162 4 1 2.07087e-06 
-0.0906247 -0.00503129 -4.15967 0.0025 0.996277 0.994889 2.49629 0.00501868 163 4 1 2.10867e-06 
-0.0881236 0.00405748 -3.87724 0.0025 1.00262 1.0036 2.50274 0.00498692 164 4 1 -2.36608e-06 
-0.0856378 0.00849299 -0.422142 0.0025 1.00649 1.009 2.50653 0.00496774 165 4 1 -2.06384e-06 
-0.0831559 0.00877588 -0.310015 0.0025 1.00805 1.01136 2.50797 0.00496006 166 4 1 2.27642e-06 
-0.0806777 0.012861 -3.53841 0.0025 1.01151 1.01626 2.51147 0.00494312 167 4 1 2.27094e-06 
-0.0782127 0.0206276 -3.50005 0.0025 1.01689 1.02366 2.5169 0.00491697 168 4 1 -1.90405e-06 
-0.0757607 0.0246452 -0.559762 0.0025 1.02023 1.02833 2.52019 0.00490084 169 4 1 -2.47339e-06 
-0.0733119 0.0246816 0.276995 0.0025 1.02071 1.02908 2.52061 0.00489854 170 3 1 -7.5374e-07 
-0.0708621 0.0239353 0.424535 0.0025 1.02014 1.02831 2.52004 0.00490128 171 4 1 -1.81659e-07 
-0.0684106 0.0230046 0.46572 0.0025 1.01932 1.02715 2.51923 0.00490525 172 4 1 -1.45299e-07 
-0.0659569 0.0218892 0.565458 0.0025 1.0183 1.02571 2.51822 0.00491015 173 4 1 -1.74339e-07 
-0.0635005 0.0205054 0.704986 0.0025 1.01705 1.02395 2.51699 0.00491617 174 4 1 -1.63726e-07 
-0.0610407 0.0188353 0.842569 0.0025 1.01558 1.02188 2.51553 0.00492328 175 4 1 -1.06821e-07 
-0.0585772 0.0169346 0.943535 0.0025 1.01394 1.01958 2.5139 0.00493125 176 4 1 -2.7725e-08 
-0.0561095 0.0149004 0.993045 0.0025 1.01221 1.01714 2.51218 0.00493967 177 4 1 4.99843e-08 
-0.0536375 0.0128378 0.991531 0.0025 1.01048 1.01471 2.51045 0.00494815 178 4 1 1.12282e-07 
-0.0511613 0.0108391 0.947762 0.0025 1.00881 1.01237 2.5088 0.00495631 179 4 1 1.54301e-07 
-0.0486812 0.00897495 0.87341 0.0025 1.00727 1.01021 2.50726 0.0049639 180 4 1 1.76895e-07 
-0.0461974 0.0072922 0.779991 0.0025 1.00589 1.00827 2.50588 0.00497072 181 4 1 1.83535e-07 
-0.0437105 0.0058164 0.67745 0.0025 1.00468 1.00657 2.50468 0.00497668 182 4 1 1.78386e-07 
-0.0412207 0.00455547 0.573672 0.0025 1.00366 1.00513 2.50365 0.00498177 183 4 1 1.65345e-07 
-0.0387287 0.0035039 0.474447 0.0025 1.00281 1.00394 2.5028 0.004986 184 4 1 1.47651e-07 
-0.0362347 0.00264679 0.38366 0.0025 1.00212 1.00297 2.50211 0.00498944 185 4 1 1.27806e-07 
-0.0337392 0.00196342 0.303572 0.0025 1.00157 1.0022 2.50156 0.00499218 186 4 1 1.07634e-07 
-0.0312425 0.00143014 0.235147 0.0025 1.00114 1.0016 2.50114 0.00499431 187 4 1 8.83932e-08 
-0.0287449 0.00102268 0.178359 0.0025 1.00081 1.00114 2.50081 0.00499594 188 4 1 7.08825e-08 
-0.0262466 0.000717799 0.132491 0.0025 1.00057 1.0008 2.50057 0.00499715 189 4 1 5.55448e-08 
-0.0237478 0.000494372 0.0963886 0.0025 1.00039 1.00055 2.50039 0.00499804 190 4 1 4.25514e-08 
-0.0212486 0.000334008 0.0686718 0.0025 1.00026 1.00037 2.50026 0.00499868 191 4 1 3.18749e-08 
-0.0187491 0.000221281 0.0479026 0.0025 1.00017 1.00025 2.50017 0.00499913 192 4 1 2.33519e-08 
-0.0162494 0.000143674 0.0327024 0.0025 1.00011 1.00016 2.50011 0.00499943 193 4 1 1.67369e-08 
-0.0137497 9.13361e-05 0.0218278 0.0025 1.00007 1.0001 2.50007 0.00499964 194 4 1 1.17464e-08 
-0.0112498 5.67273e-05 0.0142082 0.0025 1.00005 1.00006 2.50004 0.00499977 195 4 1 8.09359e-09 
-0.00874988 3.42122e-05 0.00895494 0.0025 1.00003 1.00004 2.50003 0.00499986 196 4 1 5.51441e-09 
-0.00624993 1.96531e-05 0.00534861 0.0025 1.00002 1.00002 2.50002 0.00499991 197 4 1 3.78443e-09 
-0.00374997 1.00247e-05 0.0028118 0.0025 1.00001 1.00002 2.50001 0.00499994 198 4 1 2.7296e-09 
-0.00124999 3.06147e-06 0.000873234 0.0025 1.00001 1.00001 2.50001 0.00499996 199 4 1 2.23187e-09 
0.00124999 -3.06147e-06 -0.000873234 0.0025 1.00001 1.00001 2.50001 0.00499996 200 4 1 2.23187e-09 
0.00374997 -1.00247e-05 -0.0028118 0.0025 1.00001 1.00002 2.50001 0.00499994 201 4 1 2.7296e-09 
0.00624993 -1.96531e-05 -0.00534861 0.0025 1.00002 1.00002 2.50002 0.00499991 202 4 1 3.78443e-09 
0.00874988 -3.42122e-05 -0.00895494 0.0025 1.00003 1.00004 2.50003 0.00499986 203 4 1 5.51441e-09 
0.0112498 -5.67273e-05 -0.0142082 0.0025 1.00005 1.00006 2.50004 0.00499977 204 4 1 8.09359e-09 
0.0137497 -9.13361e-05 -0.0218278 0.0025 1.00007 1.0001 2.50007 0.00499964 205 4 1 1.17464e-08 
0.0162494 -0.000143674 -0.0327024 0.0025 1.00011 1.00016 2.50011 0.00499943 206 4 1 1.67369e-08 
0.0187491 -0.000221281 -0.0479026 0.0025 1.00017 1.00025 2.50017 0.00499913 207 4 1 2.33519e-08 
0.0212486 -0.000334008 -0.0686718 0.0025 1.00026 1.00037 2.50026 0.00499868 208 4 1 3.18749e-08 
0.0237478 -0.000494372 -0.0963886 0.0025 1.00039 1.00055 2.50039 0.00499804 209 4 1 4.25514e-08 
0.0262466 -0.000717799 -0.132491 0.0025 1.00057 1.0008 2.50057 0.00499715 210 4 1 5.55448e-08 
0.0287449 -0.00102268 -0.178359 0.0025 1.00081 1.00114 2.50081 0.00499594 211 4 1 7.08825e-08 
0.0312425 -0.00143014 -0.235147 0.0025 1.00114 1.0016 2.50114 0.00499431 212 4 1 8.83932e-08 
0.0337392 -0.00196342 -0.303572 0.0025 1.00157 1.0022 2.50156 0.00499218 213 4 1 1.07634e-07 
0.0362347 -0.00264679 -0.38366 0.0025 1.00212 1.00297 2.50211 0.00498944 214 4 1 1.27806e-07 
0.0387287 -0.0035039 -0.474447 0.0025 1.00281 1.00394 2.5028 0.004986 215 4 1 1.47651e-07 
0.0412207 -0.00455547 -0.573672 0.0025 1.00366 1.00513 2.50365 0.00498177 216 4 1 1.65345e-07 
0.0437105 -0.0058164 -0.67745 0.0025 1.00468 1.00657 2.50468 0.00497668 217 4 1 1.78386e-07 
0.0461974 -0.0072922 -0.779991 0.0025 1.00589 1.00827 2.50588 0.00497072 218 4 1 1.83535e-07 
0.0486812 -0.00897495 -0.87341 0.0025 1.00727 1.01021 2.50726 0.0049639 219 4 1 1.76895e-07 
0.0511613 -0.0108391 -0.947762 0.0025 1.00881 1.01237 2.5088 0.00495631 220 4 1 1.54301e-07 
0.0536375 -0.0128378 -0.991531 0.0025 1.01048 1.01471 2.51045 0.00494815 221 4 1 1.12282e-07 
0.0561095 -0.0149004 -0.993045 0.0025 1.01221 1.01714 2.51218 0.00493967 222 4 1 4.99843e-08 
0.0585772 -0.0169346 -0.943535 0.0025 1.01394 1.01958 2.5139 0.00493125 223 4 1 -2.7725e-08 
0.0610407 -0.0188353 -0.842569 0.0025 1.01558 1.02188 2.51553 0.00492328 224 4 1 -1.06821e-07 
0.0635005 -0.0205054 -0.704986 0.0025 1.01705 1.02395 2.51699 0.00491617 225 4 1 -1.63726e-07 
0.0659569 -0.0218892 -0.565458 0.0025 1.0183 1.02571 2.51822 0.00491015 226 4 1 -1.74339e-07 
0.0684106 -0.0230046 -0.46572 0.0025 1.01932 1.02715 2.51923 0.00490525 227 4 1 -1.45299e-07 
0.0708621 -0.0239353 -0.424535 0.0025 1.02014 1.02831 2.52004 0.00490128 228 4 1 -1.81659e-07 
0.0733119 -0.0246816 -0.276995 0.0025 1.02071 1.02908 2.52061 0.00489854 229 3 1 -7.5374e-07 
0.0757607 -0.0246452 0.559762 0.0025 1.02023 1.02833 2.52019 0.00490084 230 4 1 -2.47339e-06 
0.0782127 -0.0206276 3.50005 0.0025 1.01689 1.02366 2.5169 0.00491697 231 4 1 -1.90405e-06 
0.0806777 -0.012861 3.53841 0.0025 1.01151 1.01626 2.51147 0.00494312 232 4 1 2.27094e-06 
0.0831559 -0.00877588 0.310015 0.0025 1.00805 1.01136 2.50797 0.00496006 233 4 1 2.27642e-06 
0.0856378 -0.00849299 0.422142 0.0025 1.00649 1.009 2.50653 0.00496774 234 4 1 -2.06384e-06 
0.0881236 -0.00405748 3.87724 0.0025 1.00262 1.0036 2.50274 0.00498692 235 4 1 -2.36608e-06 
0.0906247 0.00503129 4.15967 0.0025 0.996277 0.994889 2.49629 0.00501868 236 4 1 2.10867e-06 
0.0931424 0.0107824 1.43674 0.0025 0.991368 0.987994 2.4913 0.00504354 237 4 1 2.07087e-06 
0.0956683 0.0138453 1.78325 0.0025 0.987927 0.983087 2.48792 0.0050611 238 4 1 -9.69763e-07 
0.0982035 0.0196022 3.34908 0.0025 0.983315 0.97671 2.48329 0.00508484 239 4 1 -5.06895e-07 
0.100753 0.0266506 3.02109 0.0025 0.977896 0.969238 2.47776 0.00511302 240 4 1 1.19648e-06 
0.103317 0.0322668 2.29148 0.0025 0.973085 0.962542 2.47287 0.0051383 241 4 1 7.73721e-07 
0.105891 0.0375211 2.52473 0.0025 0.968573 0.956274 2.4683 0.00516223 242 4 1 -7.34633e-09 
0.108479 0.0435227 2.88018 0.0025 0.963681 0.94953 2.46331 0.00518844 243 4 1 1.68699e-07 
0.11108 0.0499457 2.92066 0.0025 0.958507 0.942415 2.45801 0.00521645 244 4 1 5.93292e-07 
0.113695 0.0562189 2.71949 0.0025 0.953413 0.935413 2.45277 0.00524432 245 4 1 6.9179e-07 
0.116324 0.0622012 2.61865 0.0025 0.948508 0.928673 2.44771 0.00527144 246 4 1 4.82879e-07 
0.118967 0.0681853 2.69305 0.0025 0.943608 0.921957 2.44266 0.00529881 247 4 1 2.84319e-07 
0.121623 0.0745264 2.88888 0.0025 0.938513 0.914999 2.43737 0.00532758 248 4 1 3.58115e-07 
0.124294 0.0811716 2.89509 0.0025 0.933271 0.907864 2.43191 0.0053575 249 4 1 6.53184e-07 
0.126981 0.0876139 2.70621 0.0025 0.928143 0.900889 2.42656 0.0053871 250 4 1 7.25525e-07 
0.129682 0.0937532 2.59719 0.0025 0.923204 0.894174 2.42139 0.00541592 251 4 1 4.57415e-07 
0.132397 0.0999766 2.76314 0.0025 0.918215 0.88741 2.41615 0.00544535 252 4 1 2.81408e-07 
0.135127 0.106671 2.91314 0.0025 0.913 0.880371 2.41065 0.00547645 253 4 1 4.86735e-07 
0.137873 0.113471 2.83807 0.0025 0.907721 0.873262 2.40506 0.0055083 254 4 1 7.42506e-07 
0.140635 0.120012 2.6555 0.0025 0.902602 0.86637 2.39963 0.00553954 255 4 1 6.47912e-07 
0.143413 0.1264 2.69669 0.0025 0.897566 0.859602 2.39427 0.00557062 256 4 1 3.97232e-07 
0.146206 0.133101 2.85071 0.0025 0.89239 0.852671 2.38874 0.00560293 257 4 1 4.40647e-07 
0.149016 0.140061 2.86193 0.0025 0.88709 0.845599 2.38305 0.00563641 258 4 1 6.7813e-07 
0.151842 0.146906 2.72293 0.0025 0.881865 0.838636 2.37742 0.0056698 259 4 1 7.258e-07 
0.154686 0.153524 2.66812 0.0025 0.87676 0.83184 2.37191 0.00570281 260 4 1 5.31201e-07 
0.157545 0.160286 2.77843 0.0025 0.871608 0.825002 2.36633 0.00573652 261 4 1 4.55434e-07 
0.160422 0.167321 2.83668 0.0025 0.86633 0.818023 2.36059 0.00577147 262 4 1 6.12821e-07 
0.163317 0.174389 2.76859 0.0025 0.861044 0.811047 2.35481 0.0058069 263 4 1 7.17481e-07 
0.166229 0.181313 2.70122 0.0025 0.855837 0.804185 2.34911 0.00584223 264 4 1 6.26889e-07 
0.169159 0.188269 2.75049 0.0025 0.850632 0.797342 2.34338 0.00587798 265 4 1 5.4153e-07 
0.172107 0.19543 2.80098 0.0025 0.845347 0.790419 2.33755 0.00591473 266 4 1 6.21398e-07 
0.175074 0.202667 2.7692 0.0025 0.840037 0.783481 2.33166 0.00595212 267 4 1 7.06171e-07 
0.178059 0.209841 2.72472 0.0025 0.834768 0.776608 2.3258 0.00598969 268 4 1 6.90053e-07 
0.181064 0.216993 2.71549 0.0025 0.829525 0.769784 2.31995 0.00602755 269 4 1 6.15311e-07 
0.184087 0.224282 2.77232 0.0025 0.824237 0.762924 2.31402 0.00606622 270 4 1 6.29092e-07 
0.18713 0.231689 2.75988 0.0025 0.818905 0.756027 2.30802 0.00610571 271 4 1 7.07805e-07 
0.190193 0.2391 2.7377 0.0025 0.813584 0.749159 2.30201 0.00614565 272 4 1 7.24121e-07 
0.193276 0.246502 2.71063 0.0025 0.808284 0.742333 2.29601 0.00618594 273 4 1 6.82643e-07 
0.196379 0.253975 2.75063 0.0025 0.802963 0.735499 2.28995 0.00622694 274 4 1 6.60172e-07 
0.199503 0.261586 2.76475 0.0025 0.797591 0.728623 2.28381 0.00626888 275 4 1 7.43469e-07 
0.202648 0.269219 2.72048 0.0025 0.792228 0.721775 2.27765 0.00631131 276 4 1 7.8362e-07 
0.205814 0.276808 2.69398 0.0025 0.786902 0.714988 2.27152 0.00635403 277 4 1 7.15984e-07 
0.209002 0.284479 2.73897 0.0025 0.781551 0.708189 2.26533 0.00639754 278 4 1 6.98355e-07 
0.212212 0.292335 2.7458 0.0025 0.77615 0.701351 2.25905 0.00644205 279 4 1 7.90751e-07 
0.215444 0.300153 2.69863 0.0025 0.770763 0.694545 2.25277 0.00648708 280 4 1 7.96345e-07 
0.218699 0.307987 2.71205 0.0025 0.765386 0.687769 2.24647 0.00653265 281 4 1 7.46977e-07 
0.221977 0.315956 2.73176 0.0025 0.759972 0.68097 2.2401 0.00657919 282 4 1 7.90883e-07 
0.225278 0.323985 2.71185 0.0025 0.754546 0.674173 2.23369 0.0066265 283 4 1 8.32137e-07 
0.228603 0.332036 2.69804 0.0025 0.749129 0.667406 2.22726 0.00667442 284 4 1 8.23346e-07 
0.231953 0.340114 2.69761 0.0025 0.743709 0.660655 2.2208 0.00672306 285 4 1 8.10067e-07 
0.235326 0.34831 2.71321 0.0025 0.738264 0.653894 2.21428 0.00677265 286 4 1 8.33374e-07 
0.238725 0.356595 2.70116 0.0025 0.732802 0.647132 2.20771 0.00682313 287 4 1 8.78384e-07 
0.24215 0.364872 2.68306 0.0025 0.727346 0.640396 2.20113 0.00687431 288 4 1 8.59826e-07 
0.2456 0.373264 2.70611 0.0025 0.721873 0.63366 2.19449 0.00692643 289 4 1 8.75295e-07 
0.249076 0.381727 2.68399 0.0025 0.716386 0.626929 2.1878 0.00697948 290 4 1 9.20996e-07 
0.252579 0.390213 2.67503 0.0025 0.710909 0.620228 2.18109 0.00703325 291 4 1 9.14259e-07 
0.25611 0.398756 2.67109 0.0025 0.705429 0.613546 2.17435 0.00708789 292 4 1 9.25015e-07 
0.259667 0.407364 2.66479 0.0025 0.699947 0.606881 2.16758 0.0071434 293 4 1 9.53956e-07 
0.263253 0.416003 2.64252 0.0025 0.694477 0.600254 2.16079 0.00719966 294 4 1 9.82194e-07 
0.266867 0.424636 2.61832 0.0025 0.689038 0.593683 2.154 0.00725649 295 4 1 9.89453e-07 
0.27051 0.433303 2.59453 0.0025 0.683636 0.587179 2.14723 0.00731383 296 4 1 1.02987e-06 
0.274181 0.441881 2.52465 0.0025 0.678308 0.580783 2.14052 0.00737128 297 4 1 1.02961e-06 
0.277881 0.45037 2.4946 0.0025 0.673063 0.574504 2.13389 0.00742872 298 4 1 9.81695e-07 
0.28161 0.458833 2.46009 0.0025 0.667878 0.568319 2.12729 0.0074864 299 4 1 1.01045e-06 
0.285368 0.467184 2.3861 0.0025 0.662785 0.56226 2.12079 0.00754393 300 4 1 9.92185e-07 
0.289154 0.475409 2.35141 0.0025 0.657781 0.556325 2.11437 0.00760131 301 4 1 9.19267e-07 
0.292969 0.483616 2.33052 0.0025 0.652824 0.550464 2.10799 0.00765903 302 4 1 8.95057e-07 
0.296813 0.491836 2.30903 0.0025 0.647897 0.544655 2.10161 0.00771728 303 4 1 8.70192e-07 
0.300686 0.500086 2.30906 0.0025 0.642976 0.538872 2.09521 0.00777634 304 4 1 8.41775e-07 
0.304589 0.508443 2.31904 0.0025 0.638032 0.533079 2.08875 0.0078366 305 4 1 8.40779e-07 
0.308523 0.516912 2.33331 0.0025 0.633046 0.527256 2.08221 0.00789832 306 4 1 8.44468e-07 
0.312488 0.525541 2.36211 0.0025 0.628 0.521381 2.07555 0.00796178 307 4 1 8.56524e-07 
0.316485 0.534362 2.39348 0.0025 0.622877 0.515437 2.06877 0.00802726 308 4 1 9.0717e-07 
0.320515 0.543353 2.40732 0.0025 0.617685 0.509432 2.06185 0.00809474 309 4 1 9.33148e-07 
0.32458 0.552552 2.45369 0.0025 0.612411 0.503352 2.05479 0.00816445 310 4 1 9.62172e-07 
0.32868 0.561996 2.48134 0.0025 0.607044 0.497189 2.04757 0.00823664 311 4 1 1.03953e-06 
0.332817 0.571632 2.50426 0.0025 0.601603 0.490963 2.04021 0.00831112 312 4 1 1.10154e-06 
0.336991 0.581458 2.52129 0.0025 0.596103 0.484692 2.03273 0.00838782 313 4 1 1.17461e-06 
0.341205 0.591428 2.52442 0.0025 0.590568 0.478407 2.02517 0.00846642 314 4 1 1.26959e-06 
0.345458 0.601454 2.49671 0.0025 0.585053 0.472168 2.01758 0.00854624 315 4 1 1.40454e-06 
0.349751 0.611362 2.39971 0.0025 0.579658 0.466089 2.01012 0.00862578 316 4 1 1.50856e-06 
0.354084 0.620896 2.26676 0.0025 0.574494 0.460291 2.00293 0.00870331 317 4 1 1.53937e-06 
0.358455 0.629876 2.08389 0.0025 0.569654 0.454874 1.99617 0.00877726 318 4 1 1.49698e-06 
0.362861 0.638165 1.89522 0.0025 0.565199 0.449901 1.98991 0.00884644 319 4 1 1.35439e-06 
0.367301 0.645779 1.72447 0.0025 0.561128 0.445369 1.98417 0.00891063 320 4 1 1.19136e-06 
0.371772 0.65277 1.57149 0.0025 0.557418 0.441253 1.97891 0.00896993 321 4 1 1.07347e-06 
0.376271 0.659167 1.41393 0.0025 0.554072 0.437554 1.97415 0.00902409 322 4 1 1.08112e-06 
0.380796 0.664733 1.16907 0.0025 0.551189 0.434377 1.97003 0.0090713 323 4 1 1.16974e-06 
0.385343 0.669093 0.828105 0.0025 0.54894 0.431903 1.96682 0.00910846 324 4 1 1.13535e-06 
0.389905 0.671923 0.481348 0.0025 0.547418 0.43022 1.96464 0.00913379 325 4 1 8.2962e-07 
0.394476 0.673576 0.293378 0.0025 0.546481 0.429178 1.96329 0.00914945 326 4 1 4.63232e-07 
0.399054 0.67466 0.196326 0.0025 0.545893 0.428527 1.96245 0.0091593 327 4 1 3.06963e-07 
0.403636 0.675324 0.0963784 0.0025 0.545547 0.428147 1.96196 0.00916511 328 4 1 2.7215e-07 
0.408219 0.675512 -0.00945474 0.0025 0.545421 0.428004 1.96178 0.00916723 329 4 1 1.40322e-07 
0.412803 0.675488 -0.00369213 0.0025 0.545411 0.427988 1.96177 0.00916741 330 5 1 2.1574e-08 
0.417387 0.675463 -0.0139082 0.0025 0.54542 0.427999 1.96178 0.00916725 331 4 1 2.42239e-08 
0.42197 0.675386 -0.0221585 0.0025 0.545449 0.428032 1.96183 0.00916675 332 4 1 2.37621e-08 
0.426553 0.675277 -0.0282595 0.0025 0.545498 0.428087 1.9619 0.00916593 333 4 1 1.7444e-08 
0.431136 0.67515 -0.032711 0.0025 0.545562 0.428156 1.962 0.00916487 334 4 1 1.05757e-08 
0.435718 0.67501 -0.0343628 0.0025 0.545633 0.428236 1.9621 0.00916366 335 4 1 4.3648e-09 
0.4403 0.674862 -0.0342019 0.0025 0.545709 0.428319 1.96221 0.0091624 336 4 1 1.10679e-09 
0.444881 0.674712 -0.0331844 0.0025 0.545785 0.428403 1.96233 0.00916112 337 4 1 -1.00758e-09 
0.449461 0.674568 -0.0316893 0.0025 0.545859 0.428486 1.96244 0.00915987 338 4 1 -3.66142e-09 
0.454041 0.674433 -0.0297625 0.0025 0.545931 0.428565 1.96254 0.00915867 339 4 1 -5.52625e-09 
0.45862 0.674308 -0.0274406 0.0025 0.545997 0.428639 1.96264 0.00915755 340 4 1 -5.95026e-09 
0.463198 0.674193 -0.0248861 0.0025 0.546059 0.428707 1.96274 0.00915652 341 4 1 -6.10128e-09 
0.467776 0.674089 -0.0223351 0.0025 0.546114 0.428769 1.96282 0.00915559 342 4 1 -7.13896e-09 
0.472354 0.673995 -0.0199901 0.0025 0.546164 0.428825 1.9629 0.00915475 343 4 1 -6.24506e-09 
0.476931 0.673911 -0.0179234 0.0025 0.54621 0.428876 1.96296 0.009154 344 4 1 -4.69237e-09 
0.481508 0.673836 -0.0160871 0.0025 0.54625 0.428921 1.96303 0.00915332 345 4 1 -4.86814e-09 
0.486084 0.67377 -0.0144065 0.0025 0.546286 0.428961 1.96308 0.00915272 346 4 1 -5.31884e-09 
0.49066 0.673711 -0.012858 0.0025 0.546318 0.428997 1.96313 0.00915219 347 4 1 -4.12072e-09 
0.495236 0.673659 -0.0114712 0.0025 0.546346 0.42903 1.96318 0.00915171 348 4 1 -2.89955e-09 
0.499812 0.673612 -0.0102705 0.0025 0.546371 0.429058 1.96322 0.00915129 349 4 1 -3.3896e-09 
0.504388 0.67357 -0.00923006 0.0025 0.546394 0.429084 1.96326 0.00915091 350 4 1 -3.3924e-09 
0.508963 0.673533 -0.00828721 0.0025 0.546414 0.429107 1.96329 0.00915058 351 4 1 -2.33166e-09 
0.513538 0.673499 -0.00738553 0.0025 0.546431 0.429128 1.96332 0.00915028 352 4 1 -1.91623e-09 
0.518113 0.673467 -0.00649985 0.0025 0.546446 0.429146 1.96335 0.00915003 353 4 1 -3.13679e-09 
0.522688 0.673438 -0.00563148 0.0025 0.54646 0.429162 1.96337 0.00914981 354 4 1 -2.66228e-09 
0.527263 0.673411 -0.00479458 0.0025 0.546471 0.429175 1.96339 0.00914962 355 4 1 -1.12947e-09 
0.531838 0.673384 -0.00401645 0.0025 0.54648 0.429187 1.96341 0.00914947 356 4 1 -1.79096e-09 
0.536413 0.673358 -0.00334661 0.0025 0.546487 0.429196 1.96343 0.00914935 357 4 1 -1.96654e-09 
0.540987 0.673334 -0.0028467 0.0025 0.546493 0.429204 1.96345 0.00914924 358 4 1 -3.84721e-10 
0.545562 0.673311 -0.00255194 0.0025 0.546499 0.429212 1.96346 0.00914916 359 4 1 3.38695e-10 
0.550136 0.673291 -0.00243615 0.0025 0.546503 0.429219 1.96348 0.00914908 360 4 1 -8.37126e-10 
0.554711 0.673273 -0.00241826 0.0025 0.546508 0.429226 1.96349 0.009149 361 4 1 4.06468e-11 
0.559285 0.673257 -0.0024076 0.0025 0.546512 0.429232 1.96351 0.00914893 362 4 1 1.28199e-09 
0.56386 0.673243 -0.00234933 0.0025 0.546516 0.429239 1.96352 0.00914886 363 4 1 -1.14616e-09 
0.568434 0.673231 -0.0022372 0.0025 0.54652 0.429245 1.96354 0.0091488 364 4 1 -5.53448e-10 
0.573009 0.673219 -0.00209506 0.0025 0.546523 0.42925 1.96355 0.00914875 365 4 1 1.76194e-09 
0.577583 0.673209 -0.00195021 0.0025 0.546525 0.429256 1.96357 0.00914871 366 4 1 -1.1495e-09 
0.582157 0.673199 -0.00181788 0.0025 0.546528 0.429261 1.96358 0.00914867 367 4 1 -1.1328e-09 
0.586732 0.673191 -0.00170007 0.0025 0.54653 0.429265 1.9636 0.00914863 368 4 1 1.72815e-09 
0.591306 0.673183 -0.00159134 0.0025 0.546531 0.42927 1.96361 0.00914861 369 4 1 2.86885e-10 
0.59588 0.673175 -0.00148495 0.0025 0.546532 0.429274 1.96363 0.0091486 370 4 1 -9.79082e-10 
0.600455 0.673168 -0.00137687 0.0025 0.546532 0.429277 1.96364 0.00914859 371 4 1 6.56933e-10 
0.605029 0.673162 -0.00126786 0.0025 0.546532 0.429281 1.96366 0.00914859 372 3 1 1.02529e-09 
0.609603 0.673156 -0.00116347 0.0025 0.546532 0.429284 1.96367 0.0091486 373 4 1 -5.33758e-10 
0.614177 0.67315 -0.00107118 0.0025 0.546531 0.429287 1.96369 0.00914861 374 4 1 5.98517e-10 
0.618752 0.673145 -0.000995835 0.0025 0.54653 0.42929 1.96371 0.00914863 375 4 1 1.37169e-09 
0.623326 0.67314 -0.000936188 0.0025 0.546528 0.429292 1.96372 0.00914866 376 4 1 -2.60534e-10 
0.6279 0.673136 -0.000885233 0.0025 0.546526 0.429294 1.96374 0.00914869 377 4 1 9.67835e-10 
0.632475 0.673131 -0.000834537 0.0025 0.546524 0.429297 1.96376 0.00914873 378 4 1 1.09042e-09 
0.637049 0.673128 -0.000779502 0.0025 0.546521 0.429299 1.96378 0.00914878 379 4 1 1.05899e-09 
0.641624 0.673124 -0.000721766 0.0025 0.546517 0.429301 1.9638 0.00914885 380 4 1 2.59196e-09 
0.646198 0.673121 -0.000667116 0.0025 0.546513 0.429303 1.96383 0.00914892 381 4 1 -1.287e-09 
0.650772 0.673117 -0.000620798 0.0025 0.546508 0.429304 1.96385 0.00914899 382 4 1 1.40668e-09 
0.655347 0.673114 -0.000583909 0.0025 0.546503 0.429306 1.96388 0.00914908 383 4 1 4.83972e-09 
0.659922 0.673112 -0.000553324 0.0025 0.546497 0.429307 1.96391 0.00914918 384 4 1 -1.6415e-09 
0.664496 0.673109 -0.000524588 0.0025 0.54649 0.429309 1.96394 0.00914929 385 4 1 2.05742e-09 
0.669071 0.673106 -0.000495079 0.0025 0.546483 0.42931 1.96397 0.00914941 386 4 1 3.50773e-09 
0.673646 0.673104 -0.000465098 0.0025 0.546475 0.429311 1.964 0.00914955 387 4 1 2.78984e-09 
0.67822 0.673102 -0.000436582 0.0025 0.546466 0.429312 1.96404 0.00914971 388 4 1 4.67406e-09 
0.682795 0.6731 -0.00041103 0.0025 0.546455 0.429314 1.96409 0.00914988 389 4 1 -2.28743e-09 
0.68737 0.673098 -0.000388386 0.0025 0.546444 0.429315 1.96413 0.00915006 390 4 1 5.43222e-09 
0.691945 0.673097 -0.000367474 0.0025 0.546433 0.429316 1.96417 0.00915026 391 4 1 4.7217e-09 
0.696521 0.673095 -0.000347246 0.0025 0.546419 0.429317 1.96423 0.00915049 392 4 1 8.19338e-09 
0.701096 0.673093 -0.000327646 0.0025 0.546406 0.42932 1.96429 0.00915071 393 4 1 -3.54962e-09 
0.705671 0.673092 -0.000309487 0.0025 0.546383 0.429322 1.96435 0.00915108 394 4 1 1.43696e-07 
0.710247 0.673091 -0.000293653 0.0025 0.546373 0.429352 1.96458 0.00915126 395 4 1 -1.38708e-07 
0.714822 0.67309 -0.000280382 0.0025 0.545975 0.429197 1.96465 0.00915793 396 5 1 3.48573e-06 
0.719405 0.673089 -0.000269194 0.0025 0.54824 0.430862 1.9685 0.00912009 397 3 1 -1.90586e-05 
0.723943 0.673088 -0.000259508 0.0025 0.536911 0.426192 1.95004 0.00931254 398 4 1 0.000179252 
0.728724 0.673087 -0.00025033 0.0025 0.511053 0.43273 2.15251 0.00978371 399 4 1 -0.000134225 
0.733733 0.673086 -0.000241764 0.0025 0.482808 0.424504 2.15549 0.0103561 400 4 1 0.000266085 
0.739094 0.673085 -0.000233824 0.0025 0.454323 0.432948 2.44418 0.0110054 401 4 1 -0.000240409 
0.744749 0.673084 -0.000226504 0.0025 0.447026 0.427284 2.38026 0.011185 402 5 1 5.38091e-05 
0.75028 0.673083 -0.000219548 0.0025 0.452457 0.429655 2.37465 0.0110508 403 4 1 -3.01269e-06 
0.7558 0.673083 -0.000211534 0.0025 0.45364 0.429326 2.36525 0.011022 404 4 1 3.9128e-06 
0.761302 0.673082 -0.000201399 0.0025 0.45472 0.429385 2.36047 0.0109958 405 4 1 1.2716e-06 
0.766796 0.673082 -0.000188406 0.0025 0.455344 0.429359 2.35717 0.0109807 406 4 1 8.4295e-07 
0.772283 0.673081 -0.000171787 0.0025 0.455788 0.429348 2.35487 0.01097 407 4 1 5.44388e-07 
0.777766 0.673081 -0.000150525 0.0025 0.456109 0.429341 2.35321 0.0109623 408 4 1 3.49103e-07 
0.783245 0.67308 -0.000123549 0.0025 0.45635 0.429337 2.35197 0.0109565 409 4 1 2.46727e-07 
0.788722 0.67308 -9.03023e-05 0.0025 0.456534 0.429334 2.35101 0.0109521 410 4 1 1.77227e-07 
0.794197 0.673079 -5.12425e-05 0.0025 0.456678 0.429332 2.35027 0.0109486 411 4 1 1.30871e-07 
0.799671 0.673078 -7.94362e-06 0.0025 0.456792 0.429331 2.34969 0.0109459 412 4 1 9.79784e-08 
0.805143 0.673077 3.71918e-05 0.0025 0.456883 0.42933 2.34922 0.0109437 413 4 1 7.53728e-08 
0.810615 0.673076 8.13681e-05 0.0025 0.456956 0.429329 2.34884 0.010942 414 4 1 5.87772e-08 
0.816085 0.673074 0.000121744 0.0025 0.457016 0.429329 2.34854 0.0109405 415 4 1 4.63435e-08 
0.821555 0.673073 0.000155665 0.0025 0.457064 0.429328 2.34828 0.0109394 416 4 1 3.69829e-08 
0.827025 0.673071 0.000180886 0.0025 0.457104 0.429327 2.34807 0.0109384 417 4 1 2.97943e-08 
0.832494 0.67307 0.000195901 0.0025 0.457137 0.429326 2.3479 0.0109376 418 4 1 2.41572e-08 
0.837962 0.673068 0.000200306 0.0025 0.457165 0.429326 2.34776 0.010937 419 4 1 1.97405e-08 
0.843431 0.673067 0.000195045 0.0025 0.457188 0.429325 2.34764 0.0109364 420 4 1 1.62434e-08 
0.848899 0.673066 0.000182344 0.0025 0.457207 0.429325 2.34754 0.010936 421 4 1 1.34597e-08 
0.854366 0.673064 0.000165303 0.0025 0.457223 0.429324 2.34745 0.0109356 422 4 1 1.12035e-08 
0.859834 0.673063 0.00014726 0.0025 0.457236 0.429324 2.34738 0.0109353 423 4 1 9.33234e-09 
0.865302 0.673062 0.000131148 0.0025 0.457248 0.429323 2.34732 0.010935 424 4 1 7.81837e-09 
0.870769 0.673061 0.000119024 0.0025 0.457257 0.429323 2.34727 0.0109348 425 4 1 6.59161e-09 
0.876237 0.67306 0.000111878 0.0025 0.457265 0.429323 2.34723 0.0109346 426 4 1 5.22037e-09 
0.881704 0.673059 0.000109743 0.0025 0.457272 0.429322 2.34719 0.0109344 427 4 1 4.04183e-09 
0.887171 0.673058 0.000112253 0.0025 0.457278 0.429322 2.34716 0.0109343 428 4 1 3.75444e-09 
0.892638 0.673058 0.000120125 0.0025 0.457283 0.429322 2.34713 0.0109342 429 4 1 3.54446e-09 
0.898105 0.673057 0.000138227 0.0025 0.457287 0.429321 2.34711 0.0109341 430 4 1 2.82942e-09 
0.903572 0.673056 0.000178631 0.0025 0.45729 0.429321 2.34709 0.010934 431 4 1 2.15618e-09 
0.909039 0.673055 0.000250885 0.0025 0.457293 0.42932 2.34708 0.0109339 432 4 1 1.75906e-09 
0.914506 0.673055 0.000299737 0.0025 0.457295 0.42932 2.34706 0.0109339 433 4 1 1.73511e-09 
0.919973 0.673054 3.69674e-05 0.0025 0.457297 0.429319 2.34705 0.0109338 434 4 1 2.69791e-09 
0.92544 0.67305 -0.00123181 0.0025 0.457299 0.42932 2.34704 0.0109338 435 4 1 5.25062e-09 
0.930907 0.673037 -0.00418327 0.0025 0.457303 0.429323 2.34704 0.0109337 436 4 1 7.36812e-09 
0.936373 0.673006 -0.00788063 0.0025 0.457311 0.429331 2.34704 0.0109335 437 4 1 -7.75223e-10 
0.94184 0.67296 -0.00823741 0.0025 0.457317 0.429336 2.34705 0.0109333 438 3 1 -5.37073e-08 
0.947307 0.672936 0.0069822 0.0025 0.45729 0.429292 2.34699 0.010934 439 4 1 -2.77697e-07 
0.952774 0.673205 0.158774 0.0025 0.457098 0.429025 2.34659 0.0109386 440 4 1 -6.68352e-07 
0.958245 0.674565 0.544562 0.0025 0.456517 0.428276 2.34539 0.0109525 441 4 1 -2.74932e-07 
0.963727 0.677032 0.535002 0.0025 0.455792 0.427404 2.34388 0.0109699 442 5 1 2.28274e-06 
0.969215 0.675234 -1.46407 0.0025 0.456389 0.428415 2.34507 0.0109556 443 4 1 1.258e-05 
0.974682 0.657715 -8.40283 0.0025 0.462204 0.436627 2.35727 0.0108177 444 4 1 5.12895e-05 
0.980035 0.597685 -23.0883 0.0025 0.480332 0.461924 2.39651 0.0104095 445 4 1 0.000119242 
0.985103 0.478478 -37.309 0.0025 0.515954 0.512674 2.47549 0.00969078 446 4 1 0.000139448 
0.989751 0.324645 -37.8178 0.0025 0.563195 0.583544 2.58391 0.00887792 447 4 1 7.62397e-05 
0.994002 0.178563 -25.0149 0.0025 0.604955 0.653496 2.7004 0.00826508 448 4 1 -4.27531e-06 
0.998023 0.055874 -8.30138 0.0025 0.627 0.697778 2.79722 0.00797448 449 3 1 -8.27478e-05 
1.00198 -0.055874 8.30138 0.0025 0.627 0.697778 2.79722 0.00797448 450 3 1 -8.27478e-05 
1.006 -0.178563 25.0149 0.0025 0.604955 0.653496 2.7004 0.00826508 451 4 1 -4.27531e-06 
1.01025 -0.324645 37.8178 0.0025 0.563195 0.583544 2.58391 0.00887792 452 4 1 7.62397e-05 
1.0149 -0.478478 37.309 0.0025 0.515954 0.512674 2.47549 0.00969078 453 4 1 0.000139448 
1.01997 -0.597685 23.0883 0.0025 0.480332 0.461924 2.39651 0.0104095 454 4 1 0.000119242 
1.02532 -0.657715 8.40283 0.0025 0.462204 0.436627 2.35727 0.0108177 455 4 1 5.12895e-05 
1.03078 -0.675234 1.46407 0.0025 0.456389 0.428415 2.34507 0.0109556 456 4 1 1.258e-05 
1.03627 -0.677032 -0.535002 0.0025 0.455792 0.427404 2.34388 0.0109699 457 5 1 2.28274e-06 
1.04175 -0.674565 -0.544562 0.0025 0.456517 0.428276 2.34539 0.0109525 458 4 1 -2.74932e-07 
1.04723 -0.673205 -0.158774 0.0025 0.457098 0.429025 2.34659 0.0109386 459 4 1 -6.68352e-07 
1.05269 -0.672936 -0.0069822 0.0025 0.45729 0.429292 2.34699 0.010934 460 4 1 -2.77697e-07 
1.05816 -0.67296 0.00823741 0.0025 0.457317 0.429336 2.34705 0.0109333 461 3 1 -5.37073e-08 
1.06363 -0.673006 0.00788063 0.0025 0.457311 0.429331 2.34704 0.0109335 462 4 1 -7.75223e-10 
1.06909 -0.673037 0.00418327 0.0025 0.457303 0.429323 2.34704 0.0109337 463 4 1 7.36812e-09 
1.07456 -0.67305 0.00123181 0.0025 0.457299 0.42932 2.34704 0.0109338 464 4 1 5.25062e-09 
1.08003 -0.673054 -3.69674e-05 0.0025 0.457297 0.429319 2.34705 0.0109338 465 4 1 2.69791e-09 
1.08549 -0.673055 -0.000299737 0.0025 0.457295 0.42932 2.34706 0.0109339 466 4 1 1.73511e-09 
1.09096 -0.673055 -0.000250885 0.0025 0.457293 0.42932 2.34708 0.0109339 467 4 1 1.75906e-09 
1.09643 -0.673056 -0.000178631 0.0025 0.45729 0.429321 2.34709 0.010934 468 4 1 2.15618e-09 
1.10189 -0.673057 -0.000138227 0.0025 0.457287 0.429321 2.34711 0.0109341 469 4 1 2.82942e-09 
1.10736 -0.673058 -0.000120124 0.0025 0.457283 0.429322 2.34713 0.0109342 470 4 1 3.54446e-09 
1.11283 -0.673058 -0.000112253 0.0025 0.457278 0.429322 2.34716 0.0109343 471 4 1 3.75444e-09 
1.1183 -0.673059 -0.000109743 0.0025 0.457272 0.429322 2.34719 0.0109344 472 4 1 4.04183e-09 
1.12376 -0.67306 -0.000111878 0.0025 0.457265 0.429323 2.34723 0.0109346 473 4 1 5.22037e-09 
1.12923 -0.673061 -0.000119024 0.0025 0.457257 0.429323 2.34727 0.0109348 474 4 1 6.5916e-09 
1.1347 -0.673062 -0.000131148 0.0025 0.457248 0.429323 2.34732 0.010935 475 4 1 7.81837e-09 
1.14017 -0.673063 -0.00014726 0.0025 0.457236 0.429324 2.34738 0.0109353 476 4 1 9.33234e-09 
1.14563 -0.673064 -0.000165303 0.0025 0.457223 0.429324 2.34745 0.0109356 477 4 1 1.12035e-08 
1.1511 -0.673066 -0.000182344 0.0025 0.457207 0.429325 2.34754 0.010936 478 4 1 1.34597e-08 
1.15657 -0.673067 -0.000195045 0.0025 0.457188 0.429325 2.34764 0.0109364 479 4 1 1.62434e-08 
1.16204 -0.673068 -0.000200306 0.0025 0.457165 0.429326 2.34776 0.010937 480 4 1 1.97405e-08 
1.16751 -0.67307 -0.000195901 0.0025 0.457137 0.429326 2.3479 0.0109376 481 4 1 2.41572e-08 
1.17298 -0.673071 -0.000180886 0.0025 0.457104 0.429327 2.34807 0.0109384 482 4 1 2.97943e-08 
1.17844 -0.673073 -0.000155665 0.0025 0.457064 0.429328 2.34828 0.0109394 483 4 1 3.69829e-08 
1.18391 -0.673074 -0.000121744 0.0025 0.457016 0.429329 2.34854 0.0109405 484 4 1 4.63435e-08 
1.18939 -0.673076 -8.13681e-05 0.0025 0.456956 0.429329 2.34884 0.010942 485 4 1 5.87772e-08 
1.19486 -0.673077 -3.71918e-05 0.0025 0.456883 0.42933 2.34922 0.0109437 486 4 1 7.53728e-08 
1.20033 -0.673078 7.94364e-06 0.0025 0.456792 0.429331 2.34969 0.0109459 487 4 1 9.79784e-08 
1.2058 -0.673079 5.12424e-05 0.0025 0.456678 0.429332 2.35027 0.0109486 488 4 1 1.30871e-07 
1.21128 -0.67308 9.03023e-05 0.0025 0.456534 0.429334 2.35101 0.0109521 489 4 1 1.77227e-07 
1.21675 -0.67308 0.000123549 0.0025 0.45635 0.429337 2.35197 0.0109565 490 4 1 2.46727e-07 
1.22223 -0.673081 0.000150525 0.0025 0.456109 0.429341 2.35321 0.0109623 491 4 1 3.49103e-07 
1.22772 -0.673081 0.000171787 0.0025 0.455788 0.429348 2.35487 0.01097 492 4 1 5.44388e-07 
1.2332 -0.673082 0.000188406 0.0025 0.455344 0.429359 2.35717 0.0109807 493 4 1 8.4295e-07 
1.2387 -0.673082 0.000201399 0.0025 0.45472 0.429385 2.36047 0.0109958 494 4 1 1.2716e-06 
1.2442 -0.673083 0.000211534 0.0025 0.45364 0.429326 2.36525 0.011022 495 4 1 3.9128e-06 
1.24972 -0.673083 0.000219548 0.0025 0.452457 0.429655 2.37465 0.0110508 496 4 1 -3.01269e-06 
1.25525 -0.673084 0.000226504 0.0025 0.447026 0.427284 2.38026 0.011185 497 5 1 5.38091e-05 
1.26091 -0.673085 0.000233824 0.0025 0.454323 0.432948 2.44418 0.0110054 498 4 1 -0.000240409 
1.26627 -0.673086 0.000241764 0.0025 0.482808 0.424504 2.15549 0.0103561 499 4 1 0.000266085 
