# Time [s]: 0.341262
# Columns: pos [m], vel [m/s], acc [m/s^2], mass [kg], dens [kg/m^3], pres [Pa], ene [J/kg], sml [m], id, neighbor, alpha, gradh, ...additional?
1.27252 -0.673087 0.000258587 0.0025 0.511053 0.43273 2.15251 0.00978372 0 4 1 -0.000134225 
1.27731 -0.673088 0.000268215 0.0025 0.53691 0.426192 1.95004 0.00931254 1 4 1 0.000179252 
1.28184 -0.673089 0.000278341 0.0025 0.54824 0.430862 1.9685 0.00912009 2 3 1 -1.90586e-05 
1.28643 -0.67309 0.000289803 0.0025 0.545975 0.429197 1.96465 0.00915793 3 5 1 3.48573e-06 
1.291 -0.673091 0.000303133 0.0025 0.546373 0.429352 1.96458 0.00915126 4 4 1 -1.38708e-07 
1.29558 -0.673093 0.000319037 0.0025 0.546383 0.429322 1.96435 0.00915109 5 4 1 1.43696e-07 
1.30015 -0.673094 0.000337618 0.0025 0.546406 0.42932 1.96429 0.00915071 6 4 1 -3.55094e-09 
1.30473 -0.673096 0.000358132 0.0025 0.546419 0.429317 1.96423 0.00915049 7 4 1 8.19102e-09 
1.3093 -0.673097 0.0003795 0.0025 0.546432 0.429315 1.96417 0.00915027 8 4 1 4.71897e-09 
1.31388 -0.673099 0.000401258 0.0025 0.546444 0.429314 1.96413 0.00915007 9 4 1 5.43016e-09 
1.31845 -0.673101 0.000424135 0.0025 0.546455 0.429313 1.96408 0.00914989 10 4 1 -2.28831e-09 
1.32303 -0.673103 0.00044958 0.0025 0.546465 0.429312 1.96404 0.00914971 11 4 1 4.67359e-09 
1.3276 -0.673105 0.000478434 0.0025 0.546475 0.429311 1.964 0.00914956 12 4 1 2.7881e-09 
1.33218 -0.673107 0.000509862 0.0025 0.546483 0.42931 1.96397 0.00914942 13 4 1 3.5035e-09 
1.33675 -0.67311 0.000541753 0.0025 0.54649 0.429308 1.96393 0.0091493 14 4 1 2.05135e-09 
1.34133 -0.673113 0.000572688 0.0025 0.546496 0.429307 1.96391 0.00914919 15 4 1 -1.64689e-09 
1.3459 -0.673115 0.000604014 0.0025 0.546502 0.429305 1.96387 0.00914909 16 4 1 4.83753e-09 
1.35048 -0.673118 0.000639971 0.0025 0.546508 0.429304 1.96385 0.00914901 17 4 1 1.40776e-09 
1.35505 -0.673122 0.000685083 0.0025 0.546512 0.429302 1.96383 0.00914893 18 4 1 -1.28596e-09 
1.35962 -0.673125 0.000740459 0.0025 0.546516 0.4293 1.9638 0.00914886 19 4 1 2.58829e-09 
1.3642 -0.673129 0.000802146 0.0025 0.54652 0.429298 1.96378 0.0091488 20 4 1 1.04825e-09 
1.36877 -0.673133 0.000863462 0.0025 0.546523 0.429296 1.96376 0.00914875 21 4 1 1.07495e-09 
1.37335 -0.673137 0.000920067 0.0025 0.546525 0.429293 1.96374 0.00914871 22 4 1 9.53606e-10 
1.37792 -0.673142 0.000973925 0.0025 0.546527 0.429291 1.96372 0.00914868 23 4 1 -2.68064e-10 
1.3825 -0.673147 0.00103287 0.0025 0.546529 0.429288 1.9637 0.00914865 24 4 1 1.37179e-09 
1.38707 -0.673152 0.00110584 0.0025 0.54653 0.429286 1.96369 0.00914863 25 4 1 6.01812e-10 
1.39164 -0.673158 0.00119722 0.0025 0.546531 0.429283 1.96367 0.00914862 26 4 1 -5.3416e-10 
1.39622 -0.673164 0.00130443 0.0025 0.546531 0.429279 1.96365 0.00914861 27 3 1 1.01623e-09 
1.40079 -0.673171 0.00142013 0.0025 0.546531 0.429276 1.96364 0.00914861 28 4 1 6.38771e-10 
1.40537 -0.673178 0.00153716 0.0025 0.54653 0.429272 1.96362 0.00914863 29 4 1 -1.00274e-09 
1.40994 -0.673186 0.00165249 0.0025 0.546529 0.429268 1.96361 0.00914864 30 4 1 2.62752e-10 
1.41452 -0.673194 0.00176849 0.0025 0.546528 0.429263 1.96359 0.00914867 31 4 1 1.70727e-09 
1.41909 -0.673203 0.00189155 0.0025 0.546526 0.429258 1.96358 0.0091487 32 4 1 -1.15032e-09 
1.42367 -0.673213 0.00202898 0.0025 0.546523 0.429253 1.96356 0.00914874 33 4 1 -1.16945e-09 
1.42824 -0.673223 0.00218374 0.0025 0.54652 0.429248 1.96355 0.00914879 34 4 1 1.727e-09 
1.43281 -0.673235 0.00234746 0.0025 0.546517 0.429242 1.96353 0.00914885 35 4 1 -6.18084e-10 
1.43739 -0.673248 0.00249653 0.0025 0.546513 0.429235 1.96352 0.00914891 36 4 1 -1.24494e-09 
1.44196 -0.673262 0.00260059 0.0025 0.546509 0.429229 1.9635 0.00914898 37 4 1 1.16895e-09 
1.44654 -0.673278 0.00264697 0.0025 0.546504 0.429221 1.96349 0.00914906 38 4 1 -4.19878e-11 
1.45111 -0.673296 0.00266874 0.0025 0.546499 0.429214 1.96347 0.00914915 39 4 1 -8.43825e-10 
1.45569 -0.673316 0.00274921 0.0025 0.546494 0.429207 1.96346 0.00914924 40 4 1 4.18297e-10 
1.46026 -0.673339 0.00298655 0.0025 0.546488 0.429199 1.96344 0.00914933 41 4 1 -2.59754e-10 
1.46484 -0.673365 0.00343816 0.0025 0.546481 0.42919 1.96342 0.00914944 42 4 1 -1.86416e-09 
1.46941 -0.673392 0.00409148 0.0025 0.546474 0.42918 1.96341 0.00914957 43 4 1 -1.76094e-09 
1.47399 -0.67342 0.00488674 0.0025 0.546465 0.429168 1.96339 0.00914972 44 4 1 -1.18066e-09 
1.47856 -0.673449 0.00576436 0.0025 0.546453 0.429155 1.96336 0.00914992 45 4 1 -2.7784e-09 
1.48314 -0.67348 0.0066899 0.0025 0.54644 0.429138 1.96334 0.00915014 46 4 1 -3.30209e-09 
1.48771 -0.673513 0.00764682 0.0025 0.546424 0.42912 1.96331 0.00915041 47 4 1 -2.1193e-09 
1.49229 -0.673548 0.00862751 0.0025 0.546406 0.429098 1.96328 0.00915071 48 4 1 -2.55251e-09 
1.49686 -0.673588 0.00964383 0.0025 0.546385 0.429074 1.96324 0.00915106 49 4 1 -3.60119e-09 
-0.498563 -0.673631 0.0107421 0.0025 0.546361 0.429047 1.9632 0.00915146 50 4 1 -3.56931e-09 
-0.493987 -0.673681 0.0119928 0.0025 0.546335 0.429017 1.96316 0.0091519 51 4 1 -3.07109e-09 
-0.489411 -0.673736 0.0134465 0.0025 0.546305 0.428983 1.96311 0.0091524 52 4 1 -4.33158e-09 
-0.484835 -0.673797 0.0150949 0.0025 0.546271 0.428946 1.96306 0.00915296 53 4 1 -5.58964e-09 
-0.480258 -0.673867 0.0168919 0.0025 0.546234 0.428903 1.963 0.00915359 54 4 1 -5.15311e-09 
-0.475681 -0.673945 0.0188228 0.0025 0.546192 0.428856 1.96294 0.0091543 55 4 1 -4.90731e-09 
-0.471104 -0.674033 0.0209392 0.0025 0.546144 0.428803 1.96287 0.00915509 56 4 1 -6.34054e-09 
-0.466526 -0.674131 0.0233066 0.0025 0.546092 0.428745 1.96279 0.00915597 57 4 1 -7.14398e-09 
-0.461948 -0.67424 0.0258936 0.0025 0.546034 0.42868 1.9627 0.00915694 58 4 1 -6.07445e-09 
-0.457369 -0.674359 0.0285053 0.0025 0.54597 0.428609 1.9626 0.00915801 59 4 1 -5.87193e-09 
-0.45279 -0.674489 0.0308498 0.0025 0.545901 0.428533 1.9625 0.00915916 60 4 1 -5.24458e-09 
-0.44821 -0.674628 0.0326595 0.0025 0.545828 0.428451 1.96239 0.0091604 61 4 1 -2.93063e-09 
-0.44363 -0.674775 0.0337939 0.0025 0.545752 0.428367 1.96228 0.00916167 62 4 1 3.46602e-10 
-0.439049 -0.674925 0.0342281 0.0025 0.545676 0.428283 1.96217 0.00916295 63 4 1 2.95954e-09 
-0.434467 -0.675073 0.0337806 0.0025 0.545602 0.428201 1.96206 0.00916419 64 4 1 6.23618e-09 
-0.429884 -0.67521 0.0317541 0.0025 0.545533 0.428125 1.96195 0.00916535 65 4 1 1.19514e-08 
-0.425301 -0.675328 0.0269416 0.0025 0.545474 0.428059 1.96187 0.00916635 66 4 1 1.97446e-08 
-0.420718 -0.675424 0.0191971 0.0025 0.54543 0.428012 1.9618 0.00916707 67 4 1 2.80905e-08 
-0.416134 -0.675484 0.00836442 0.0025 0.54541 0.427989 1.96177 0.00916741 68 4 1 1.80947e-08 
-0.411551 -0.6755 0.0105352 0.0025 0.545406 0.427985 1.96176 0.00916748 69 5 1 5.71715e-08 
-0.406967 -0.675502 -0.0253757 0.0025 0.545451 0.428039 1.96182 0.00916673 70 4 1 2.04866e-07 
-0.402384 -0.6751 -0.143755 0.0025 0.545663 0.428274 1.96212 0.00916317 71 4 1 2.89625e-07 
-0.397804 -0.674263 -0.231819 0.0025 0.546106 0.428763 1.96276 0.00915572 72 4 1 3.42933e-07 
-0.393228 -0.672981 -0.351999 0.0025 0.546817 0.429552 1.96378 0.00914383 73 4 1 6.10945e-07 
-0.38866 -0.670907 -0.619699 0.0025 0.547976 0.430838 1.96544 0.00912449 74 4 1 1.00269e-06 
-0.384104 -0.667404 -0.99243 0.0025 0.549817 0.432868 1.96807 0.00909394 75 4 1 1.18221e-06 
-0.379566 -0.662452 -1.28811 0.0025 0.552369 0.435676 1.97172 0.00905193 76 4 1 1.13444e-06 
-0.375052 -0.656469 -1.49451 0.0025 0.555479 0.439107 1.97615 0.00900125 77 4 1 1.06865e-06 
-0.370565 -0.649795 -1.63867 0.0025 0.558998 0.443005 1.98115 0.00894457 78 4 1 1.1199e-06 
-0.366107 -0.64251 -1.80337 0.0025 0.562875 0.447313 1.98663 0.00888297 79 4 1 1.27761e-06 
-0.361681 -0.634568 -1.98623 0.0025 0.56713 0.452055 1.99263 0.00881632 80 4 1 1.44262e-06 
-0.357291 -0.625923 -2.18037 0.0025 0.571782 0.457254 1.99915 0.0087446 81 4 1 1.54819e-06 
-0.352937 -0.616618 -2.34674 0.0025 0.576804 0.462883 2.00615 0.00866845 82 4 1 1.55256e-06 
-0.348622 -0.606852 -2.46432 0.0025 0.582115 0.468856 2.01352 0.00858936 83 4 1 1.47754e-06 
-0.344347 -0.596796 -2.52693 0.0025 0.587606 0.475054 2.0211 0.0085091 84 4 1 1.35383e-06 
-0.340113 -0.586734 -2.53904 0.0025 0.593168 0.481356 2.02873 0.00842932 85 4 1 1.23549e-06 
-0.335918 -0.576778 -2.52758 0.0025 0.598719 0.487672 2.0363 0.00835116 86 4 1 1.14785e-06 
-0.331761 -0.566988 -2.50593 0.0025 0.604221 0.493956 2.04376 0.00827512 87 4 1 1.08225e-06 
-0.327642 -0.557395 -2.482 0.0025 0.609655 0.500185 2.05109 0.00820136 88 4 1 1.01036e-06 
-0.32356 -0.548012 -2.44267 0.0025 0.615004 0.506339 2.05827 0.00813002 89 4 1 9.51008e-07 
-0.319512 -0.53889 -2.40929 0.0025 0.620261 0.512409 2.06529 0.00806112 90 4 1 9.31452e-07 
-0.315498 -0.529925 -2.39186 0.0025 0.625444 0.518412 2.07217 0.00799432 91 4 1 8.9193e-07 
-0.311518 -0.521166 -2.35839 0.0025 0.630554 0.524352 2.07893 0.00792953 92 4 1 8.53239e-07 
-0.307569 -0.512585 -2.33536 0.0025 0.635592 0.530226 2.08555 0.00786669 93 4 1 8.51354e-07 
-0.303651 -0.504138 -2.32591 0.0025 0.640579 0.53606 2.09208 0.00780544 94 4 1 8.45424e-07 
-0.299763 -0.495799 -2.31607 0.0025 0.645531 0.541872 2.09854 0.00774556 95 4 1 8.61734e-07 
-0.295905 -0.487536 -2.33072 0.0025 0.650474 0.547691 2.10495 0.0076867 96 4 1 8.90931e-07 
-0.292076 -0.479278 -2.34965 0.0025 0.655437 0.553551 2.11136 0.0076285 97 4 1 9.1385e-07 
-0.288277 -0.471026 -2.37869 0.0025 0.660438 0.559474 2.11778 0.00757074 98 4 1 9.72389e-07 
-0.284506 -0.462713 -2.43912 0.0025 0.665513 0.565504 2.12428 0.007513 99 4 1 1.02075e-06 
-0.280763 -0.454236 -2.49605 0.0025 0.670686 0.571667 2.13087 0.00745505 100 4 1 1.00315e-06 
-0.27705 -0.44572 -2.5219 0.0025 0.675933 0.577937 2.13752 0.00739718 101 4 1 1.01363e-06 
-0.273366 -0.437156 -2.57522 0.0025 0.681249 0.584312 2.14423 0.00733946 102 4 1 1.05124e-06 
-0.269711 -0.428458 -2.62937 0.0025 0.686651 0.590807 2.15101 0.00728172 103 4 1 1.01301e-06 
-0.266084 -0.419764 -2.6396 0.0025 0.692104 0.597385 2.15783 0.00722434 104 4 1 9.92274e-07 
-0.262486 -0.411076 -2.6723 0.0025 0.697588 0.604021 2.16465 0.00716756 105 4 1 9.84804e-07 
-0.258917 -0.402404 -2.68493 0.0025 0.703098 0.610709 2.17148 0.00711139 106 4 1 9.44282e-07 
-0.255375 -0.39379 -2.68685 0.0025 0.708609 0.617422 2.17827 0.00705607 107 4 1 9.27084e-07 
-0.25186 -0.385236 -2.69497 0.0025 0.714117 0.624151 2.18502 0.00700165 108 4 1 9.30019e-07 
-0.248373 -0.376724 -2.71273 0.0025 0.719631 0.630908 2.19176 0.00694801 109 4 1 9.0792e-07 
-0.244912 -0.368241 -2.71101 0.0025 0.725143 0.637682 2.19846 0.0068952 110 4 1 8.64028e-07 
-0.241478 -0.359888 -2.69838 0.0025 0.730631 0.64445 2.2051 0.0068434 111 4 1 8.86036e-07 
-0.238069 -0.351556 -2.73294 0.0025 0.73612 0.651238 2.21171 0.00679237 112 4 1 8.68089e-07 
-0.234685 -0.343275 -2.7174 0.0025 0.741607 0.658042 2.21829 0.00674212 113 4 1 8.11409e-07 
-0.231327 -0.335109 -2.70424 0.0025 0.747059 0.664827 2.2248 0.00669291 114 4 1 8.31965e-07 
-0.227992 -0.327008 -2.72612 0.0025 0.752504 0.671621 2.23127 0.00664448 115 4 1 8.45766e-07 
-0.224682 -0.318931 -2.74035 0.0025 0.757961 0.678448 2.23773 0.00659665 116 4 1 8.14299e-07 
-0.221396 -0.310884 -2.73708 0.0025 0.763412 0.685287 2.24415 0.00654955 117 4 1 7.6335e-07 
-0.218132 -0.302963 -2.71071 0.0025 0.768829 0.692105 2.2505 0.0065034 118 4 1 7.83457e-07 
-0.214892 -0.295112 -2.7434 0.0025 0.774236 0.698932 2.25682 0.00645798 119 4 1 8.22052e-07 
-0.211674 -0.287213 -2.77154 0.0025 0.779671 0.705807 2.26315 0.00641296 120 4 1 7.26953e-07 
-0.208479 -0.279428 -2.71134 0.0025 0.785071 0.712658 2.2694 0.00636885 121 4 1 7.00826e-07 
-0.205305 -0.271793 -2.72211 0.0025 0.790423 0.719472 2.27557 0.00632573 122 4 1 7.83111e-07 
-0.202153 -0.264129 -2.76992 0.0025 0.795802 0.726337 2.28176 0.00628297 123 4 1 7.71075e-07 
-0.199022 -0.256448 -2.77332 0.0025 0.801205 0.733247 2.28794 0.0062406 124 4 1 6.89073e-07 
-0.195913 -0.24889 -2.73584 0.0025 0.806573 0.740133 2.29406 0.00619907 125 4 1 6.77063e-07 
-0.192823 -0.241454 -2.74011 0.0025 0.811904 0.746994 2.30011 0.00615836 126 4 1 7.24265e-07 
-0.189754 -0.233992 -2.77239 0.0025 0.817248 0.753886 2.30616 0.00611809 127 4 1 7.26644e-07 
-0.186705 -0.226545 -2.78675 0.0025 0.822611 0.760818 2.3122 0.00607821 128 4 1 6.56282e-07 
-0.183676 -0.219162 -2.74711 0.0025 0.827942 0.767729 2.31818 0.00603907 129 4 1 6.12713e-07 
-0.180666 -0.211958 -2.72481 0.0025 0.833219 0.77459 2.32408 0.00600082 130 4 1 6.77926e-07 
-0.177675 -0.204745 -2.77482 0.0025 0.838503 0.781479 2.32996 0.00596301 131 4 1 7.27354e-07 
-0.174703 -0.197484 -2.81742 0.0025 0.84384 0.788448 2.33588 0.0059253 132 4 1 6.51109e-07 
-0.17175 -0.190249 -2.7802 0.0025 0.849167 0.795422 2.34177 0.00588812 133 4 1 5.50688e-07 
-0.168815 -0.183207 -2.71662 0.0025 0.854415 0.802313 2.34754 0.00585196 134 4 1 6.0571e-07 
-0.165898 -0.176259 -2.76173 0.0025 0.859638 0.809194 2.35327 0.0058164 135 4 1 7.22584e-07 
-0.162998 -0.169175 -2.84885 0.0025 0.864939 0.816186 2.35907 0.00578075 136 4 1 6.54377e-07 
-0.160117 -0.162071 -2.81327 0.0025 0.870261 0.823218 2.36487 0.0057454 137 4 1 4.80406e-07 
-0.157253 -0.155213 -2.6983 0.0025 0.875468 0.830122 2.37051 0.00571123 138 4 1 5.01161e-07 
-0.154406 -0.148559 -2.70936 0.0025 0.880594 0.836943 2.37605 0.00567799 139 4 1 7.0861e-07 
-0.151575 -0.141726 -2.8622 0.0025 0.885821 0.843908 2.38168 0.00564448 140 4 1 7.1834e-07 
-0.148761 -0.134718 -2.88089 0.0025 0.891151 0.851017 2.38741 0.00561072 141 4 1 4.79699e-07 
-0.145964 -0.127917 -2.73511 0.0025 0.896384 0.858017 2.39301 0.00557796 142 4 1 3.8627e-07 
-0.143183 -0.121458 -2.66002 0.0025 0.901459 0.864833 2.39841 0.00554656 143 4 1 6.14768e-07 
-0.140417 -0.114945 -2.82394 0.0025 0.906582 0.871728 2.40385 0.00551522 144 4 1 7.55036e-07 
-0.137668 -0.108105 -2.92801 0.0025 0.911872 0.878851 2.40946 0.00548323 145 4 1 5.44629e-07 
-0.134934 -0.101339 -2.81449 0.0025 0.917141 0.885958 2.41502 0.00545172 146 4 1 2.93099e-07 
-0.132216 -0.0950096 -2.61539 0.0025 0.922188 0.892794 2.42032 0.00542189 147 4 1 4.21556e-07 
-0.129512 -0.0888709 -2.69893 0.0025 0.927144 0.899531 2.42551 0.00539291 148 4 1 7.11112e-07 
-0.126823 -0.0824236 -2.8885 0.0025 0.932272 0.906505 2.43087 0.00536324 149 4 1 6.89853e-07 
-0.124149 -0.075746 -2.92434 0.0025 0.937542 0.913675 2.43636 0.0053331 150 4 1 3.96743e-07 
-0.12149 -0.0693137 -2.72766 0.0025 0.942693 0.920705 2.44171 0.00530395 151 4 1 2.71887e-07 
-0.118845 -0.0632776 -2.62607 0.0025 0.947631 0.927471 2.44681 0.00527632 152 4 1 4.6691e-07 
-0.116214 -0.0572686 -2.7235 0.0025 0.952553 0.934232 2.45188 0.00524905 153 4 1 6.89174e-07 
-0.113596 -0.0509909 -2.91883 0.0025 0.957657 0.941247 2.45713 0.00522107 154 4 1 6.17424e-07 
-0.110992 -0.0444981 -2.90933 0.0025 0.96286 0.948399 2.46247 0.00519286 155 4 1 2.09175e-07 
-0.108403 -0.0384396 -2.56907 0.0025 0.967811 0.955222 2.46753 0.0051663 156 4 1 5.38801e-09 
-0.105826 -0.0331058 -2.32443 0.0025 0.972382 0.961566 2.47216 0.00514201 157 4 1 7.01078e-07 
-0.103261 -0.0275024 -2.95936 0.0025 0.977186 0.968252 2.47704 0.00511673 158 4 1 1.20074e-06 
-0.100709 -0.0205056 -3.38035 0.0025 0.982599 0.975719 2.48257 0.00508855 159 4 1 -3.62712e-07 
-0.0981723 -0.0145788 -1.91237 0.0025 0.98732 0.982242 2.48732 0.00506421 160 4 1 -1.01304e-06 
-0.0956451 -0.0113235 -1.40533 0.0025 0.990831 0.987238 2.49077 0.00504627 161 4 1 1.87404e-06 
-0.093126 -0.00585313 -4.00719 0.0025 0.99564 0.994003 2.49564 0.0050219 162 4 1 2.29277e-06 
-0.0906231 0.00328632 -4.07265 0.0025 1.00203 1.00278 2.50214 0.00498988 163 4 1 -2.19389e-06 
-0.0881361 0.0081094 -0.539371 0.0025 1.00611 1.00844 2.50615 0.00496965 164 4 1 -2.23873e-06 
-0.0856535 0.0083953 -0.227657 0.0025 1.00771 1.01087 2.50763 0.00496177 165 4 1 2.16561e-06 
-0.0831743 0.012323 -3.47001 0.0025 1.01109 1.01567 2.51104 0.00494518 166 4 1 2.42455e-06 
-0.0807082 0.0201427 -3.63024 0.0025 1.01652 1.02316 2.51654 0.00491873 167 4 1 -1.74773e-06 
-0.0782556 0.024508 -0.698905 0.0025 1.02008 1.02812 2.52005 0.00490156 168 4 1 -2.53475e-06 
-0.0758067 0.0246915 0.240548 0.0025 1.02072 1.02909 2.52062 0.0048985 169 3 1 -8.2882e-07 
-0.0733571 0.0240134 0.396006 0.0025 1.02022 1.02842 2.52012 0.00490091 170 4 1 -1.92856e-07 
-0.0709058 0.0231431 0.436891 0.0025 1.01944 1.02733 2.51935 0.00490463 171 4 1 -1.55384e-07 
-0.0684524 0.0220798 0.541657 0.0025 1.01847 1.02594 2.51839 0.00490934 172 4 1 -1.89066e-07 
-0.0659964 0.0207299 0.691335 0.0025 1.01725 1.02422 2.51718 0.00491524 173 4 1 -1.77838e-07 
-0.0635372 0.0190742 0.83819 0.0025 1.01578 1.02217 2.51573 0.0049223 174 4 1 -1.17481e-07 
-0.0610741 0.0171725 0.946026 0.0025 1.01414 1.01986 2.5141 0.00493028 175 4 1 -3.44962e-08 
-0.0586069 0.0151268 1.00001 0.0025 1.0124 1.01741 2.51237 0.00493876 176 4 1 4.62938e-08 
-0.0561354 0.0130459 1.00125 0.0025 1.01065 1.01495 2.51062 0.00494731 177 4 1 1.10789e-07 
-0.0536596 0.0110251 0.95903 0.0025 1.00897 1.01259 2.50895 0.00495556 178 4 1 1.54352e-07 
-0.0511798 0.00913671 0.88532 0.0025 1.00741 1.01039 2.50739 0.00496324 179 4 1 1.78029e-07 
-0.0486963 0.00742943 0.79183 0.0025 1.006 1.00842 2.50599 0.00497017 180 4 1 1.85393e-07 
-0.0462096 0.00592998 0.688671 0.0025 1.00478 1.0067 2.50477 0.00497623 181 4 1 1.80673e-07 
-0.0437201 0.00464721 0.583885 0.0025 1.00373 1.00524 2.50373 0.0049814 182 4 1 1.6782e-07 
-0.0412282 0.00357622 0.483411 0.0025 1.00287 1.00402 2.50286 0.00498571 183 4 1 1.50124e-07 
-0.0387344 0.00270243 0.391265 0.0025 1.00216 1.00303 2.50216 0.00498922 184 4 1 1.30138e-07 
-0.036239 0.00200519 0.309822 0.0025 1.0016 1.00224 2.5016 0.00499202 185 4 1 1.09734e-07 
-0.0337424 0.00146074 0.240127 0.0025 1.00116 1.00163 2.50116 0.00499419 186 4 1 9.02086e-08 
-0.0312448 0.00104455 0.18221 0.0025 1.00083 1.00117 2.50083 0.00499585 187 4 1 7.23953e-08 
-0.0287465 0.000733045 0.135384 0.0025 1.00058 1.00082 2.50058 0.00499709 188 4 1 5.67628e-08 
-0.0262477 0.000504737 0.0985013 0.0025 1.0004 1.00056 2.5004 0.004998 189 4 1 4.34998e-08 
-0.0237485 0.000340879 0.0701733 0.0025 1.00027 1.00038 2.50027 0.00499865 190 4 1 3.25885e-08 
-0.0212491 0.000225727 0.0489442 0.0025 1.00018 1.00025 2.50018 0.00499911 191 4 1 2.38689e-08 
-0.0187494 0.000146498 0.033414 0.0025 1.00012 1.00016 2.50012 0.00499942 192 4 1 1.70927e-08 
-0.0162497 9.31307e-05 0.0223185 0.0025 1.00007 1.0001 2.50007 0.00499963 193 4 1 1.19694e-08 
-0.0137498 5.7939e-05 0.0145719 0.0025 1.00005 1.00006 2.50005 0.00499977 194 4 1 8.20184e-09 
-0.0112499 3.52048e-05 0.00927879 0.0025 1.00003 1.00004 2.50003 0.00499986 195 4 1 5.51139e-09 
-0.00874993 2.07771e-05 0.00572492 0.0025 1.00002 1.00002 2.50002 0.00499992 196 4 1 3.65532e-09 
-0.00624996 1.16978e-05 0.0033541 0.0025 1.00001 1.00001 2.50001 0.00499995 197 4 1 2.43597e-09 
-0.00374998 5.87075e-06 0.00173675 0.0025 1.00001 1.00001 2.50001 0.00499997 198 4 1 1.70491e-09 
-0.00124999 1.77627e-06 0.000534796 0.0025 1 1.00001 2.5 0.00499998 199 4 1 1.36379e-09 
0.00124999 -1.77627e-06 -0.000534796 0.0025 1 1.00001 2.5 0.00499998 200 4 1 1.36379e-09 
0.00374998 -5.87075e-06 -0.00173675 0.0025 1.00001 1.00001 2.50001 0.00499997 201 4 1 1.70491e-09 
0.00624996 -1.16978e-05 -0.0033541 0.0025 1.00001 1.00001 2.50001 0.00499995 202 4 1 2.43597e-09 
0.00874993 -2.07771e-05 -0.00572492 0.0025 1.00002 1.00002 2.50002 0.00499992 203 4 1 3.65532e-09 
0.0112499 -3.52048e-05 -0.00927879 0.0025 1.00003 1.00004 2.50003 0.00499986 204 4 1 5.51139e-09 
0.0137498 -5.7939e-05 -0.0145719 0.0025 1.00005 1.00006 2.50005 0.00499977 205 4 1 8.20184e-09 
0.0162497 -9.31307e-05 -0.0223185 0.0025 1.00007 1.0001 2.50007 0.00499963 206 4 1 1.19694e-08 
0.0187494 -0.000146498 -0.033414 0.0025 1.00012 1.00016 2.50012 0.00499942 207 4 1 1.70927e-08 
0.0212491 -0.000225727 -0.0489442 0.0025 1.00018 1.00025 2.50018 0.00499911 208 4 1 2.38689e-08 
0.0237485 -0.000340879 -0.0701733 0.0025 1.00027 1.00038 2.50027 0.00499865 209 4 1 3.25885e-08 
0.0262477 -0.000504737 -0.0985013 0.0025 1.0004 1.00056 2.5004 0.004998 210 4 1 4.34998e-08 
0.0287465 -0.000733045 -0.135384 0.0025 1.00058 1.00082 2.50058 0.00499709 211 4 1 5.67628e-08 
0.0312448 -0.00104455 -0.18221 0.0025 1.00083 1.00117 2.50083 0.00499585 212 4 1 7.23953e-08 
0.0337424 -0.00146074 -0.240127 0.0025 1.00116 1.00163 2.50116 0.00499419 213 4 1 9.02086e-08 
0.036239 -0.00200519 -0.309822 0.0025 1.0016 1.00224 2.5016 0.00499202 214 4 1 1.09734e-07 
0.0387344 -0.00270243 -0.391265 0.0025 1.00216 1.00303 2.50216 0.00498922 215 4 1 1.30138e-07 
0.0412282 -0.00357622 -0.483411 0.0025 1.00287 1.00402 2.50286 0.00498571 216 4 1 1.50124e-07 
0.0437201 -0.00464721 -0.583885 0.0025 1.00373 1.00524 2.50373 0.0049814 217 4 1 1.6782e-07 
0.0462096 -0.00592998 -0.688671 0.0025 1.00478 1.0067 2.50477 0.00497623 218 4 1 1.80673e-07 
0.0486963 -0.00742943 -0.79183 0.0025 1.006 1.00842 2.50599 0.00497017 219 4 1 1.85393e-07 
0.0511798 -0.00913671 -0.88532 0.0025 1.00741 1.01039 2.50739 0.00496324 220 4 1 1.78029e-07 
0.0536596 -0.0110251 -0.95903 0.0025 1.00897 1.01259 2.50895 0.00495556 221 4 1 1.54352e-07 
0.0561354 -0.0130459 -1.00125 0.0025 1.01065 1.01495 2.51062 0.00494731 222 4 1 1.10789e-07 
0.0586069 -0.0151268 -1.00001 0.0025 1.0124 1.01741 2.51237 0.00493876 223 4 1 4.62938e-08 
0.0610741 -0.0171725 -0.946026 0.0025 1.01414 1.01986 2.5141 0.00493028 224 4 1 -3.44962e-08 
0.0635372 -0.0190742 -0.83819 0.0025 1.01578 1.02217 2.51573 0.0049223 225 4 1 -1.17481e-07 
0.0659964 -0.0207299 -0.691335 0.0025 1.01725 1.02422 2.51718 0.00491524 226 4 1 -1.77838e-07 
0.0684524 -0.0220798 -0.541657 0.0025 1.01847 1.02594 2.51839 0.00490934 227 4 1 -1.89066e-07 
0.0709058 -0.0231431 -0.436891 0.0025 1.01944 1.02733 2.51935 0.00490463 228 4 1 -1.55384e-07 
0.0733571 -0.0240134 -0.396006 0.0025 1.02022 1.02842 2.52012 0.00490091 229 4 1 -1.92856e-07 
0.0758067 -0.0246915 -0.240548 0.0025 1.02072 1.02909 2.52062 0.0048985 230 3 1 -8.2882e-07 
0.0782556 -0.024508 0.698905 0.0025 1.02008 1.02812 2.52005 0.00490156 231 4 1 -2.53475e-06 
0.0807082 -0.0201427 3.63024 0.0025 1.01652 1.02316 2.51654 0.00491873 232 4 1 -1.74773e-06 
0.0831743 -0.012323 3.47001 0.0025 1.01109 1.01567 2.51104 0.00494518 233 4 1 2.42455e-06 
0.0856535 -0.0083953 0.227657 0.0025 1.00771 1.01087 2.50763 0.00496177 234 4 1 2.16561e-06 
0.0881361 -0.0081094 0.539371 0.0025 1.00611 1.00844 2.50615 0.00496965 235 4 1 -2.23873e-06 
0.0906231 -0.00328632 4.07265 0.0025 1.00203 1.00278 2.50214 0.00498988 236 4 1 -2.19389e-06 
0.093126 0.00585313 4.00719 0.0025 0.99564 0.994003 2.49564 0.0050219 237 4 1 2.29277e-06 
0.0956451 0.0113235 1.40533 0.0025 0.990831 0.987238 2.49077 0.00504627 238 4 1 1.87404e-06 
0.0981723 0.0145788 1.91237 0.0025 0.98732 0.982242 2.48732 0.00506421 239 4 1 -1.01304e-06 
0.100709 0.0205056 3.38035 0.0025 0.982599 0.975719 2.48257 0.00508855 240 4 1 -3.62712e-07 
0.103261 0.0275024 2.95936 0.0025 0.977186 0.968252 2.47704 0.00511673 241 4 1 1.20074e-06 
0.105826 0.0331058 2.32443 0.0025 0.972382 0.961566 2.47216 0.00514201 242 4 1 7.01078e-07 
0.108403 0.0384396 2.56907 0.0025 0.967811 0.955222 2.46753 0.0051663 243 4 1 5.38801e-09 
0.110992 0.0444981 2.90933 0.0025 0.96286 0.948399 2.46247 0.00519286 244 4 1 2.09175e-07 
0.113596 0.0509909 2.91883 0.0025 0.957657 0.941247 2.45713 0.00522107 245 4 1 6.17424e-07 
0.116214 0.0572686 2.7235 0.0025 0.952553 0.934232 2.45188 0.00524905 246 4 1 6.89174e-07 
0.118845 0.0632776 2.62607 0.0025 0.947631 0.927471 2.44681 0.00527632 247 4 1 4.6691e-07 
0.12149 0.0693137 2.72766 0.0025 0.942693 0.920705 2.44171 0.00530395 248 4 1 2.71887e-07 
0.124149 0.075746 2.92434 0.0025 0.937542 0.913675 2.43636 0.0053331 249 4 1 3.96743e-07 
0.126823 0.0824236 2.8885 0.0025 0.932272 0.906505 2.43087 0.00536324 250 4 1 6.89853e-07 
0.129512 0.0888709 2.69893 0.0025 0.927144 0.899531 2.42551 0.00539291 251 4 1 7.11112e-07 
0.132216 0.0950096 2.61539 0.0025 0.922188 0.892794 2.42032 0.00542189 252 4 1 4.21556e-07 
0.134934 0.101339 2.81449 0.0025 0.917141 0.885958 2.41502 0.00545172 253 4 1 2.93099e-07 
0.137668 0.108105 2.92801 0.0025 0.911872 0.878851 2.40946 0.00548323 254 4 1 5.44629e-07 
0.140417 0.114945 2.82394 0.0025 0.906582 0.871728 2.40385 0.00551522 255 4 1 7.55036e-07 
0.143183 0.121458 2.66002 0.0025 0.901459 0.864833 2.39841 0.00554656 256 4 1 6.14768e-07 
0.145964 0.127917 2.73511 0.0025 0.896384 0.858017 2.39301 0.00557796 257 4 1 3.8627e-07 
0.148761 0.134718 2.88089 0.0025 0.891151 0.851017 2.38741 0.00561072 258 4 1 4.79699e-07 
0.151575 0.141726 2.8622 0.0025 0.885821 0.843908 2.38168 0.00564448 259 4 1 7.1834e-07 
0.154406 0.148559 2.70936 0.0025 0.880594 0.836943 2.37605 0.00567799 260 4 1 7.0861e-07 
0.157253 0.155213 2.6983 0.0025 0.875468 0.830122 2.37051 0.00571123 261 4 1 5.01161e-07 
0.160117 0.162071 2.81327 0.0025 0.870261 0.823218 2.36487 0.0057454 262 4 1 4.80406e-07 
0.162998 0.169175 2.84885 0.0025 0.864939 0.816186 2.35907 0.00578075 263 4 1 6.54377e-07 
0.165898 0.176259 2.76173 0.0025 0.859638 0.809194 2.35327 0.0058164 264 4 1 7.22584e-07 
0.168815 0.183207 2.71662 0.0025 0.854415 0.802313 2.34754 0.00585196 265 4 1 6.0571e-07 
0.17175 0.190249 2.7802 0.0025 0.849167 0.795422 2.34177 0.00588812 266 4 1 5.50688e-07 
0.174703 0.197484 2.81742 0.0025 0.84384 0.788448 2.33588 0.0059253 267 4 1 6.51109e-07 
0.177675 0.204745 2.77482 0.0025 0.838503 0.781479 2.32996 0.00596301 268 4 1 7.27354e-07 
0.180666 0.211958 2.72481 0.0025 0.833219 0.77459 2.32408 0.00600082 269 4 1 6.77926e-07 
0.183676 0.219162 2.74711 0.0025 0.827942 0.767729 2.31818 0.00603907 270 4 1 6.12713e-07 
0.186705 0.226545 2.78675 0.0025 0.822611 0.760818 2.3122 0.00607821 271 4 1 6.56282e-07 
0.189754 0.233992 2.77239 0.0025 0.817248 0.753886 2.30616 0.00611809 272 4 1 7.26644e-07 
0.192823 0.241454 2.74011 0.0025 0.811904 0.746994 2.30011 0.00615836 273 4 1 7.24265e-07 
0.195913 0.24889 2.73584 0.0025 0.806573 0.740133 2.29406 0.00619907 274 4 1 6.77063e-07 
0.199022 0.256448 2.77332 0.0025 0.801205 0.733247 2.28794 0.0062406 275 4 1 6.89073e-07 
0.202153 0.264129 2.76992 0.0025 0.795802 0.726337 2.28176 0.00628297 276 4 1 7.71075e-07 
0.205305 0.271793 2.72211 0.0025 0.790423 0.719472 2.27557 0.00632573 277 4 1 7.83111e-07 
0.208479 0.279428 2.71134 0.0025 0.785071 0.712658 2.2694 0.00636885 278 4 1 7.00826e-07 
0.211674 0.287213 2.77154 0.0025 0.779671 0.705807 2.26315 0.00641296 279 4 1 7.26953e-07 
0.214892 0.295112 2.7434 0.0025 0.774236 0.698932 2.25682 0.00645798 280 4 1 8.22052e-07 
0.218132 0.302963 2.71071 0.0025 0.768829 0.692105 2.2505 0.0065034 281 4 1 7.83457e-07 
0.221396 0.310884 2.73708 0.0025 0.763412 0.685287 2.24415 0.00654955 282 4 1 7.6335e-07 
0.224682 0.318931 2.74035 0.0025 0.757961 0.678448 2.23773 0.00659665 283 4 1 8.14299e-07 
0.227992 0.327008 2.72612 0.0025 0.752504 0.671621 2.23127 0.00664448 284 4 1 8.45766e-07 
0.231327 0.335109 2.70424 0.0025 0.747059 0.664827 2.2248 0.00669291 285 4 1 8.31965e-07 
0.234685 0.343275 2.7174 0.0025 0.741607 0.658042 2.21829 0.00674212 286 4 1 8.11409e-07 
0.238069 0.351556 2.73294 0.0025 0.73612 0.651238 2.21171 0.00679237 287 4 1 8.68089e-07 
0.241478 0.359888 2.69838 0.0025 0.730631 0.64445 2.2051 0.0068434 288 4 1 8.86036e-07 
0.244912 0.368241 2.71101 0.0025 0.725143 0.637682 2.19846 0.0068952 289 4 1 8.64028e-07 
0.248373 0.376724 2.71273 0.0025 0.719631 0.630908 2.19176 0.00694801 290 4 1 9.0792e-07 
0.25186 0.385236 2.69497 0.0025 0.714117 0.624151 2.18502 0.00700165 291 4 1 9.30019e-07 
0.255375 0.39379 2.68685 0.0025 0.708609 0.617422 2.17827 0.00705607 292 4 1 9.27084e-07 
0.258917 0.402404 2.68493 0.0025 0.703098 0.610709 2.17148 0.00711139 293 4 1 9.44282e-07 
0.262486 0.411076 2.6723 0.0025 0.697588 0.604021 2.16465 0.00716756 294 4 1 9.84804e-07 
0.266084 0.419764 2.6396 0.0025 0.692104 0.597385 2.15783 0.00722434 295 4 1 9.92274e-07 
0.269711 0.428458 2.62937 0.0025 0.686651 0.590807 2.15101 0.00728172 296 4 1 1.01301e-06 
0.273366 0.437156 2.57522 0.0025 0.681249 0.584312 2.14423 0.00733946 297 4 1 1.05124e-06 
0.27705 0.44572 2.5219 0.0025 0.675933 0.577937 2.13752 0.00739718 298 4 1 1.01363e-06 
0.280763 0.454236 2.49605 0.0025 0.670686 0.571667 2.13087 0.00745505 299 4 1 1.00315e-06 
0.284506 0.462713 2.43912 0.0025 0.665513 0.565504 2.12428 0.007513 300 4 1 1.02075e-06 
0.288277 0.471026 2.37869 0.0025 0.660438 0.559474 2.11778 0.00757074 301 4 1 9.72389e-07 
0.292076 0.479278 2.34965 0.0025 0.655437 0.553551 2.11136 0.0076285 302 4 1 9.1385e-07 
0.295905 0.487536 2.33072 0.0025 0.650474 0.547691 2.10495 0.0076867 303 4 1 8.90931e-07 
0.299763 0.495799 2.31607 0.0025 0.645531 0.541872 2.09854 0.00774556 304 4 1 8.61734e-07 
0.303651 0.504138 2.32591 0.0025 0.640579 0.53606 2.09208 0.00780544 305 4 1 8.45424e-07 
0.307569 0.512585 2.33536 0.0025 0.635592 0.530226 2.08555 0.00786669 306 4 1 8.51354e-07 
0.311518 0.521166 2.35839 0.0025 0.630554 0.524352 2.07893 0.00792953 307 4 1 8.53239e-07 
0.315498 0.529925 2.39186 0.0025 0.625444 0.518412 2.07217 0.00799432 308 4 1 8.9193e-07 
0.319512 0.53889 2.40929 0.0025 0.620261 0.512409 2.06529 0.00806112 309 4 1 9.31452e-07 
0.32356 0.548012 2.44267 0.0025 0.615004 0.506339 2.05827 0.00813002 310 4 1 9.51008e-07 
0.327642 0.557395 2.482 0.0025 0.609655 0.500185 2.05109 0.00820136 311 4 1 1.01036e-06 
0.331761 0.566988 2.50593 0.0025 0.604221 0.493956 2.04376 0.00827512 312 4 1 1.08225e-06 
0.335918 0.576778 2.52758 0.0025 0.598719 0.487672 2.0363 0.00835116 313 4 1 1.14785e-06 
0.340113 0.586734 2.53904 0.0025 0.593168 0.481356 2.02873 0.00842932 314 4 1 1.23549e-06 
0.344347 0.596796 2.52693 0.0025 0.587606 0.475054 2.0211 0.0085091 315 4 1 1.35383e-06 
0.348622 0.606852 2.46432 0.0025 0.582115 0.468856 2.01352 0.00858936 316 4 1 1.47754e-06 
0.352937 0.616618 2.34674 0.0025 0.576804 0.462883 2.00615 0.00866845 317 4 1 1.55256e-06 
0.357291 0.625923 2.18037 0.0025 0.571782 0.457254 1.99915 0.0087446 318 4 1 1.54819e-06 
0.361681 0.634568 1.98623 0.0025 0.56713 0.452055 1.99263 0.00881632 319 4 1 1.44262e-06 
0.366107 0.64251 1.80337 0.0025 0.562875 0.447313 1.98663 0.00888297 320 4 1 1.27761e-06 
0.370565 0.649795 1.63867 0.0025 0.558998 0.443005 1.98115 0.00894457 321 4 1 1.1199e-06 
0.375052 0.656469 1.49451 0.0025 0.555479 0.439107 1.97615 0.00900125 322 4 1 1.06865e-06 
0.379566 0.662452 1.28811 0.0025 0.552369 0.435676 1.97172 0.00905193 323 4 1 1.13444e-06 
0.384104 0.667404 0.99243 0.0025 0.549817 0.432868 1.96807 0.00909394 324 4 1 1.18221e-06 
0.38866 0.670907 0.619699 0.0025 0.547976 0.430838 1.96544 0.00912449 325 4 1 1.00269e-06 
0.393228 0.672981 0.351999 0.0025 0.546817 0.429552 1.96378 0.00914383 326 4 1 6.10945e-07 
0.397804 0.674263 0.231819 0.0025 0.546106 0.428763 1.96276 0.00915572 327 4 1 3.42933e-07 
0.402384 0.6751 0.143755 0.0025 0.545663 0.428274 1.96212 0.00916317 328 4 1 2.89625e-07 
0.406967 0.675502 0.0253757 0.0025 0.545451 0.428039 1.96182 0.00916673 329 4 1 2.04866e-07 
0.411551 0.6755 -0.0105352 0.0025 0.545406 0.427985 1.96176 0.00916748 330 5 1 5.71715e-08 
0.416134 0.675484 -0.00836442 0.0025 0.54541 0.427989 1.96177 0.00916741 331 4 1 1.80947e-08 
0.420718 0.675424 -0.0191971 0.0025 0.54543 0.428012 1.9618 0.00916707 332 4 1 2.80905e-08 
0.425301 0.675328 -0.0269416 0.0025 0.545474 0.428059 1.96187 0.00916635 333 4 1 1.97446e-08 
0.429884 0.67521 -0.0317541 0.0025 0.545533 0.428125 1.96195 0.00916535 334 4 1 1.19514e-08 
0.434467 0.675073 -0.0337806 0.0025 0.545602 0.428201 1.96206 0.00916419 335 4 1 6.23618e-09 
0.439049 0.674925 -0.0342281 0.0025 0.545676 0.428283 1.96217 0.00916295 336 4 1 2.95954e-09 
0.44363 0.674775 -0.0337939 0.0025 0.545752 0.428367 1.96228 0.00916167 337 4 1 3.46602e-10 
0.44821 0.674628 -0.0326595 0.0025 0.545828 0.428451 1.96239 0.0091604 338 4 1 -2.93063e-09 
0.45279 0.674489 -0.0308498 0.0025 0.545901 0.428533 1.9625 0.00915916 339 4 1 -5.24458e-09 
0.457369 0.674359 -0.0285053 0.0025 0.54597 0.428609 1.9626 0.00915801 340 4 1 -5.87193e-09 
0.461948 0.67424 -0.0258936 0.0025 0.546034 0.42868 1.9627 0.00915694 341 4 1 -6.07445e-09 
0.466526 0.674131 -0.0233066 0.0025 0.546092 0.428745 1.96279 0.00915597 342 4 1 -7.14398e-09 
0.471104 0.674033 -0.0209392 0.0025 0.546144 0.428803 1.96287 0.00915509 343 4 1 -6.34054e-09 
0.475681 0.673945 -0.0188228 0.0025 0.546192 0.428856 1.96294 0.0091543 344 4 1 -4.90731e-09 
0.480258 0.673867 -0.0168919 0.0025 0.546234 0.428903 1.963 0.00915359 345 4 1 -5.15311e-09 
0.484835 0.673797 -0.0150949 0.0025 0.546271 0.428946 1.96306 0.00915296 346 4 1 -5.58964e-09 
0.489411 0.673736 -0.0134465 0.0025 0.546305 0.428983 1.96311 0.0091524 347 4 1 -4.33158e-09 
0.493987 0.673681 -0.0119928 0.0025 0.546335 0.429017 1.96316 0.0091519 348 4 1 -3.07109e-09 
0.498563 0.673631 -0.0107421 0.0025 0.546361 0.429047 1.9632 0.00915146 349 4 1 -3.56931e-09 
0.503139 0.673588 -0.00964383 0.0025 0.546385 0.429074 1.96324 0.00915106 350 4 1 -3.60119e-09 
0.507714 0.673548 -0.00862751 0.0025 0.546406 0.429098 1.96328 0.00915071 351 4 1 -2.55251e-09 
0.51229 0.673513 -0.00764682 0.0025 0.546424 0.42912 1.96331 0.00915041 352 4 1 -2.1193e-09 
0.516865 0.67348 -0.0066899 0.0025 0.54644 0.429138 1.96334 0.00915014 353 4 1 -3.30209e-09 
0.52144 0.673449 -0.00576436 0.0025 0.546453 0.429155 1.96336 0.00914992 354 4 1 -2.7784e-09 
0.526015 0.67342 -0.00488674 0.0025 0.546465 0.429168 1.96339 0.00914972 355 4 1 -1.18067e-09 
0.530589 0.673392 -0.00409148 0.0025 0.546474 0.42918 1.96341 0.00914957 356 4 1 -1.76094e-09 
0.535164 0.673365 -0.00343816 0.0025 0.546481 0.42919 1.96342 0.00914944 357 4 1 -1.86416e-09 
0.539739 0.673339 -0.00298655 0.0025 0.546488 0.429199 1.96344 0.00914933 358 4 1 -2.59754e-10 
0.544314 0.673316 -0.00274921 0.0025 0.546494 0.429207 1.96346 0.00914924 359 4 1 4.18297e-10 
0.548888 0.673296 -0.00266874 0.0025 0.546499 0.429214 1.96347 0.00914915 360 4 1 -8.43825e-10 
0.553463 0.673278 -0.00264697 0.0025 0.546504 0.429221 1.96349 0.00914906 361 4 1 -4.19875e-11 
0.558037 0.673262 -0.00260059 0.0025 0.546509 0.429229 1.9635 0.00914898 362 4 1 1.16895e-09 
0.562612 0.673248 -0.00249653 0.0025 0.546513 0.429235 1.96352 0.00914891 363 4 1 -1.24494e-09 
0.567186 0.673235 -0.00234746 0.0025 0.546517 0.429242 1.96353 0.00914885 364 4 1 -6.18084e-10 
0.571761 0.673223 -0.00218374 0.0025 0.54652 0.429248 1.96355 0.00914879 365 4 1 1.727e-09 
0.576335 0.673213 -0.00202898 0.0025 0.546523 0.429253 1.96356 0.00914874 366 4 1 -1.16945e-09 
0.580909 0.673203 -0.00189155 0.0025 0.546526 0.429258 1.96358 0.0091487 367 4 1 -1.15032e-09 
0.585484 0.673194 -0.00176849 0.0025 0.546528 0.429263 1.96359 0.00914867 368 4 1 1.70727e-09 
0.590058 0.673186 -0.00165249 0.0025 0.546529 0.429268 1.96361 0.00914864 369 4 1 2.62751e-10 
0.594632 0.673178 -0.00153716 0.0025 0.54653 0.429272 1.96362 0.00914863 370 4 1 -1.00274e-09 
0.599207 0.673171 -0.00142013 0.0025 0.546531 0.429276 1.96364 0.00914861 371 4 1 6.38771e-10 
0.603781 0.673164 -0.00130443 0.0025 0.546531 0.429279 1.96365 0.00914861 372 3 1 1.01623e-09 
0.608355 0.673158 -0.00119722 0.0025 0.546531 0.429283 1.96367 0.00914862 373 4 1 -5.3416e-10 
0.612929 0.673152 -0.00110584 0.0025 0.54653 0.429286 1.96369 0.00914863 374 4 1 6.01812e-10 
0.617504 0.673147 -0.00103287 0.0025 0.546529 0.429288 1.9637 0.00914865 375 4 1 1.37179e-09 
0.622078 0.673142 -0.000973925 0.0025 0.546527 0.429291 1.96372 0.00914868 376 4 1 -2.68064e-10 
0.626652 0.673137 -0.000920067 0.0025 0.546525 0.429293 1.96374 0.00914871 377 4 1 9.53606e-10 
0.631227 0.673133 -0.000863462 0.0025 0.546523 0.429296 1.96376 0.00914875 378 4 1 1.07495e-09 
0.635801 0.673129 -0.000802146 0.0025 0.54652 0.429298 1.96378 0.0091488 379 4 1 1.04825e-09 
0.640376 0.673125 -0.000740459 0.0025 0.546516 0.4293 1.9638 0.00914886 380 4 1 2.58829e-09 
0.64495 0.673122 -0.000685083 0.0025 0.546512 0.429302 1.96383 0.00914893 381 4 1 -1.28596e-09 
0.649525 0.673118 -0.000639971 0.0025 0.546508 0.429304 1.96385 0.00914901 382 4 1 1.40776e-09 
0.654099 0.673115 -0.000604014 0.0025 0.546502 0.429305 1.96387 0.00914909 383 4 1 4.83754e-09 
0.658674 0.673113 -0.000572688 0.0025 0.546496 0.429307 1.96391 0.00914919 384 4 1 -1.64689e-09 
0.663248 0.67311 -0.000541753 0.0025 0.54649 0.429308 1.96393 0.0091493 385 4 1 2.05135e-09 
0.667823 0.673107 -0.000509862 0.0025 0.546483 0.42931 1.96397 0.00914942 386 4 1 3.5035e-09 
0.672398 0.673105 -0.000478434 0.0025 0.546475 0.429311 1.964 0.00914956 387 4 1 2.7881e-09 
0.676973 0.673103 -0.00044958 0.0025 0.546465 0.429312 1.96404 0.00914971 388 4 1 4.67359e-09 
0.681547 0.673101 -0.000424135 0.0025 0.546455 0.429313 1.96408 0.00914989 389 4 1 -2.28831e-09 
0.686122 0.673099 -0.000401258 0.0025 0.546444 0.429314 1.96413 0.00915007 390 4 1 5.43016e-09 
0.690697 0.673097 -0.0003795 0.0025 0.546432 0.429315 1.96417 0.00915027 391 4 1 4.71897e-09 
0.695273 0.673096 -0.000358132 0.0025 0.546419 0.429317 1.96423 0.00915049 392 4 1 8.19102e-09 
0.699848 0.673094 -0.000337618 0.0025 0.546406 0.42932 1.96429 0.00915071 393 4 1 -3.55094e-09 
0.704423 0.673093 -0.000319037 0.0025 0.546383 0.429322 1.96435 0.00915109 394 4 1 1.43696e-07 
0.708999 0.673091 -0.000303133 0.0025 0.546373 0.429352 1.96458 0.00915126 395 4 1 -1.38708e-07 
0.713575 0.67309 -0.000289803 0.0025 0.545975 0.429197 1.96465 0.00915793 396 5 1 3.48573e-06 
0.718157 0.673089 -0.000278341 0.0025 0.54824 0.430862 1.9685 0.00912009 397 3 1 -1.90586e-05 
0.722695 0.673088 -0.000268215 0.0025 0.53691 0.426192 1.95004 0.00931254 398 4 1 0.000179252 
0.727476 0.673087 -0.000258587 0.0025 0.511053 0.43273 2.15251 0.00978372 399 4 1 -0.000134225 
0.732485 0.673086 -0.000249691 0.0025 0.482808 0.424504 2.15549 0.0103561 400 4 1 0.000266084 
0.737846 0.673085 -0.000241509 0.0025 0.454323 0.432948 2.44418 0.0110054 401 4 1 -0.000240409 
0.743501 0.673084 -0.000233768 0.0025 0.447026 0.427284 2.38026 0.011185 402 5 1 5.38091e-05 
0.749032 0.673084 -0.000225981 0.0025 0.452457 0.429655 2.37465 0.0110508 403 4 1 -3.01269e-06 
0.754552 0.673083 -0.000216715 0.0025 0.45364 0.429326 2.36525 0.011022 404 4 1 3.9128e-06 
0.760054 0.673083 -0.000205046 0.0025 0.45472 0.429385 2.36047 0.0109958 405 4 1 1.27159e-06 
0.765548 0.673082 -0.00019031 0.0025 0.455344 0.429359 2.35717 0.0109807 406 4 1 8.42943e-07 
0.771035 0.673081 -0.000171645 0.0025 0.455788 0.429348 2.35487 0.01097 407 4 1 5.44379e-07 
0.776518 0.673081 -0.000147915 0.0025 0.456109 0.429341 2.35321 0.0109623 408 4 1 3.49094e-07 
0.781997 0.67308 -0.00011811 0.0025 0.45635 0.429337 2.35197 0.0109565 409 4 1 2.46718e-07 
0.787474 0.67308 -8.19918e-05 0.0025 0.456534 0.429334 2.35101 0.0109521 410 4 1 1.77219e-07 
0.792949 0.673079 -4.0477e-05 0.0025 0.456678 0.429332 2.35027 0.0109486 411 4 1 1.30866e-07 
0.798423 0.673078 4.44545e-06 0.0025 0.456792 0.429331 2.34969 0.0109459 412 4 1 9.79763e-08 
0.803895 0.673077 5.01276e-05 0.0025 0.456882 0.42933 2.34922 0.0109437 413 4 1 7.53744e-08 
0.809367 0.673076 9.36992e-05 0.0025 0.456956 0.429329 2.34884 0.010942 414 4 1 5.87824e-08 
0.814837 0.673074 0.000132357 0.0025 0.457015 0.429328 2.34853 0.0109406 415 4 1 4.63519e-08 
0.820307 0.673073 0.000163561 0.0025 0.457064 0.429328 2.34828 0.0109394 416 4 1 3.69938e-08 
0.825777 0.673071 0.000185281 0.0025 0.457104 0.429327 2.34807 0.0109384 417 4 1 2.98065e-08 
0.831246 0.67307 0.00019636 0.0025 0.457137 0.429326 2.3479 0.0109376 418 4 1 2.41693e-08 
0.836714 0.673068 0.000196879 0.0025 0.457165 0.429325 2.34776 0.010937 419 4 1 1.97508e-08 
0.842183 0.673067 0.000188319 0.0025 0.457188 0.429325 2.34764 0.0109364 420 4 1 1.62505e-08 
0.847651 0.673065 0.000173367 0.0025 0.457207 0.429324 2.34754 0.010936 421 4 1 1.34628e-08 
0.853119 0.673064 0.00015538 0.0025 0.457223 0.429324 2.34745 0.0109356 422 4 1 1.12027e-08 
0.858586 0.673063 0.000137684 0.0025 0.457236 0.429323 2.34738 0.0109353 423 4 1 9.32834e-09 
0.864054 0.673062 0.000122954 0.0025 0.457247 0.429323 2.34732 0.010935 424 4 1 7.81231e-09 
0.869521 0.673061 0.000112844 0.0025 0.457257 0.429323 2.34727 0.0109348 425 4 1 6.58475e-09 
0.874989 0.67306 0.000107931 0.0025 0.457265 0.429322 2.34723 0.0109346 426 4 1 5.21376e-09 
0.880456 0.673059 0.000107906 0.0025 0.457272 0.429322 2.34719 0.0109344 427 4 1 4.03627e-09 
0.885923 0.673058 0.00011201 0.0025 0.457278 0.429322 2.34716 0.0109343 428 4 1 3.75111e-09 
0.89139 0.673057 0.000120016 0.0025 0.457283 0.429322 2.34713 0.0109342 429 4 1 3.54628e-09 
0.896857 0.673057 0.000134497 0.0025 0.457287 0.429321 2.34711 0.0109341 430 4 1 2.84111e-09 
0.902324 0.673056 0.000164764 0.0025 0.45729 0.429321 2.34709 0.010934 431 4 1 2.17393e-09 
0.907791 0.673055 0.00022745 0.0025 0.457293 0.42932 2.34708 0.0109339 432 4 1 1.72556e-09 
0.913258 0.673054 0.000319224 0.0025 0.457295 0.42932 2.34706 0.0109339 433 4 1 1.43821e-09 
0.918725 0.673053 0.000302689 0.0025 0.457296 0.429319 2.34705 0.0109338 434 4 1 1.70993e-09 
0.924192 0.673051 -0.000326268 0.0025 0.457298 0.429318 2.34704 0.0109338 435 4 1 3.3502e-09 
0.929659 0.673043 -0.00246295 0.0025 0.4573 0.429319 2.34703 0.0109337 436 4 1 5.92172e-09 
0.935126 0.673019 -0.00606428 0.0025 0.457305 0.429324 2.34703 0.0109336 437 4 1 2.64242e-09 
0.940593 0.672975 -0.0073318 0.0025 0.457311 0.429329 2.34703 0.0109335 438 3 1 -2.75833e-08 
0.946059 0.672931 0.00116258 0.0025 0.457299 0.429307 2.347 0.0109338 439 4 1 -1.63867e-07 
0.951526 0.672999 0.0724869 0.0025 0.457189 0.42915 2.34677 0.0109364 440 4 1 -5.14986e-07 
0.956996 0.673731 0.359514 0.0025 0.456776 0.4286 2.34592 0.0109463 441 4 1 -7.19842e-07 
0.962473 0.675764 0.730259 0.0025 0.455954 0.427559 2.34422 0.010966 442 4 1 5.11924e-07 
0.967962 0.676697 -0.186788 0.0025 0.455435 0.427002 2.34312 0.0109785 443 5 1 4.80974e-06 
0.973451 0.668745 -3.84778 0.0025 0.457462 0.430003 2.34731 0.0109299 444 4 1 2.34944e-05 
0.978892 0.632131 -14.3357 0.0025 0.467273 0.443738 2.36844 0.0107004 445 4 1 7.39407e-05 
0.984156 0.540833 -29.5899 0.0025 0.491339 0.477675 2.42258 0.0101763 446 4 1 0.000118298 
0.989084 0.394715 -37.1187 0.0025 0.529032 0.533355 2.51279 0.00945122 447 4 1 8.90093e-05 
0.993626 0.2286 -28.7197 0.0025 0.567435 0.596158 2.62517 0.00881158 448 4 1 5.15252e-06 
0.997904 0.0731696 -10.3947 0.0025 0.590377 0.639833 2.72485 0.00846917 449 3 1 -8.6141e-05 
1.0021 -0.0731696 10.3947 0.0025 0.590377 0.639833 2.72485 0.00846917 450 3 1 -8.6141e-05 
1.00637 -0.2286 28.7197 0.0025 0.567435 0.596158 2.62517 0.00881158 451 4 1 5.15252e-06 
1.01092 -0.394715 37.1187 0.0025 0.529032 0.533355 2.51279 0.00945122 452 4 1 8.90093e-05 
1.01584 -0.540833 29.5899 0.0025 0.491339 0.477675 2.42258 0.0101763 453 4 1 0.000118298 
1.02111 -0.632131 14.3357 0.0025 0.467273 0.443738 2.36844 0.0107004 454 4 1 7.39407e-05 
1.02655 -0.668745 3.84778 0.0025 0.457462 0.430003 2.34731 0.0109299 455 4 1 2.34944e-05 
1.03204 -0.676697 0.186788 0.0025 0.455435 0.427002 2.34312 0.0109785 456 5 1 4.80974e-06 
1.03753 -0.675764 -0.730259 0.0025 0.455954 0.427559 2.34422 0.010966 457 4 1 5.11924e-07 
1.043 -0.673731 -0.359514 0.0025 0.456776 0.4286 2.34592 0.0109463 458 4 1 -7.19842e-07 
1.04847 -0.672999 -0.0724869 0.0025 0.457189 0.42915 2.34677 0.0109364 459 4 1 -5.14986e-07 
1.05394 -0.672931 -0.00116258 0.0025 0.457299 0.429307 2.347 0.0109338 460 4 1 -1.63867e-07 
1.05941 -0.672975 0.0073318 0.0025 0.457311 0.429329 2.34703 0.0109335 461 3 1 -2.75833e-08 
1.06487 -0.673019 0.00606428 0.0025 0.457305 0.429324 2.34703 0.0109336 462 4 1 2.64242e-09 
1.07034 -0.673043 0.00246295 0.0025 0.4573 0.429319 2.34703 0.0109337 463 4 1 5.92172e-09 
1.07581 -0.673051 0.000326268 0.0025 0.457298 0.429318 2.34704 0.0109338 464 4 1 3.3502e-09 
1.08127 -0.673053 -0.000302689 0.0025 0.457296 0.429319 2.34705 0.0109338 465 4 1 1.70993e-09 
1.08674 -0.673054 -0.000319224 0.0025 0.457295 0.42932 2.34706 0.0109339 466 4 1 1.43821e-09 
1.09221 -0.673055 -0.00022745 0.0025 0.457293 0.42932 2.34708 0.0109339 467 4 1 1.72556e-09 
1.09768 -0.673056 -0.000164764 0.0025 0.45729 0.429321 2.34709 0.010934 468 4 1 2.17393e-09 
1.10314 -0.673057 -0.000134497 0.0025 0.457287 0.429321 2.34711 0.0109341 469 4 1 2.84111e-09 
1.10861 -0.673057 -0.000120016 0.0025 0.457283 0.429322 2.34713 0.0109342 470 4 1 3.54628e-09 
1.11408 -0.673058 -0.00011201 0.0025 0.457278 0.429322 2.34716 0.0109343 471 4 1 3.75111e-09 
1.11954 -0.673059 -0.000107906 0.0025 0.457272 0.429322 2.34719 0.0109344 472 4 1 4.03627e-09 
1.12501 -0.67306 -0.000107931 0.0025 0.457265 0.429322 2.34723 0.0109346 473 4 1 5.21376e-09 
1.13048 -0.673061 -0.000112844 0.0025 0.457257 0.429323 2.34727 0.0109348 474 4 1 6.58475e-09 
1.13595 -0.673062 -0.000122954 0.0025 0.457247 0.429323 2.34732 0.010935 475 4 1 7.81231e-09 
1.14141 -0.673063 -0.000137684 0.0025 0.457236 0.429323 2.34738 0.0109353 476 4 1 9.32834e-09 
1.14688 -0.673064 -0.00015538 0.0025 0.457223 0.429324 2.34745 0.0109356 477 4 1 1.12027e-08 
1.15235 -0.673065 -0.000173367 0.0025 0.457207 0.429324 2.34754 0.010936 478 4 1 1.34628e-08 
1.15782 -0.673067 -0.000188319 0.0025 0.457188 0.429325 2.34764 0.0109364 479 4 1 1.62505e-08 
1.16329 -0.673068 -0.000196879 0.0025 0.457165 0.429325 2.34776 0.010937 480 4 1 1.97508e-08 
1.16875 -0.67307 -0.00019636 0.0025 0.457137 0.429326 2.3479 0.0109376 481 4 1 2.41693e-08 
1.17422 -0.673071 -0.000185281 0.0025 0.457104 0.429327 2.34807 0.0109384 482 4 1 2.98065e-08 
1.17969 -0.673073 -0.000163561 0.0025 0.457064 0.429328 2.34828 0.0109394 483 4 1 3.69938e-08 
1.18516 -0.673074 -0.000132357 0.0025 0.457015 0.429328 2.34853 0.0109406 484 4 1 4.63519e-08 
1.19063 -0.673076 -9.36992e-05 0.0025 0.456956 0.429329 2.34884 0.010942 485 4 1 5.87824e-08 
1.1961 -0.673077 -5.01276e-05 0.0025 0.456882 0.42933 2.34922 0.0109437 486 4 1 7.53744e-08 
1.20158 -0.673078 -4.44547e-06 0.0025 0.456792 0.429331 2.34969 0.0109459 487 4 1 9.79763e-08 
1.20705 -0.673079 4.0477e-05 0.0025 0.456678 0.429332 2.35027 0.0109486 488 4 1 1.30866e-07 
1.21253 -0.67308 8.19918e-05 0.0025 0.456534 0.429334 2.35101 0.0109521 489 4 1 1.77219e-07 
1.218 -0.67308 0.00011811 0.0025 0.45635 0.429337 2.35197 0.0109565 490 4 1 2.46718e-07 
1.22348 -0.673081 0.000147915 0.0025 0.456109 0.429341 2.35321 0.0109623 491 4 1 3.49094e-07 
1.22896 -0.673081 0.000171645 0.0025 0.455788 0.429348 2.35487 0.01097 492 4 1 5.44379e-07 
1.23445 -0.673082 0.00019031 0.0025 0.455344 0.429359 2.35717 0.0109807 493 4 1 8.42943e-07 
1.23995 -0.673083 0.000205046 0.0025 0.45472 0.429385 2.36047 0.0109958 494 4 1 1.27159e-06 
1.24545 -0.673083 0.000216715 0.0025 0.45364 0.429326 2.36525 0.011022 495 4 1 3.9128e-06 
1.25097 -0.673084 0.000225981 0.0025 0.452457 0.429655 2.37465 0.0110508 496 4 1 -3.01269e-06 
1.2565 -0.673084 0.000233769 0.0025 0.447026 0.427284 2.38026 0.011185 497 5 1 5.38091e-05 
1.26215 -0.673085 0.000241509 0.0025 0.454323 0.432948 2.44418 0.0110054 498 4 1 -0.000240409 
1.26751 -0.673086 0.000249691 0.0025 0.482808 0.424504 2.15549 0.0103561 499 4 1 0.000266084 
