# Time [s]: 0.344351
# Columns: pos [m], vel [m/s], acc [m/s^2], mass [kg], dens [kg/m^3], pres [Pa], ene [J/kg], sml [m], id, neighbor, alpha, gradh, ...additional?
1.27044 -0.673086 0.000244913 0.0025 0.511053 0.43273 2.15251 0.00978371 0 4 1 -0.000134225 
1.27523 -0.673087 0.000253799 0.0025 0.536911 0.426193 1.95004 0.00931254 1 4 1 0.000179252 
1.27976 -0.673088 0.00026325 0.0025 0.54824 0.430862 1.96851 0.00912009 2 3 1 -1.90586e-05 
1.28435 -0.673089 0.000274334 0.0025 0.545975 0.429197 1.96465 0.00915793 3 5 1 3.48573e-06 
1.28892 -0.67309 0.000287596 0.0025 0.546373 0.429352 1.96458 0.00915126 4 4 1 -1.38708e-07 
1.2935 -0.673092 0.000303326 0.0025 0.546384 0.429322 1.96435 0.00915108 5 4 1 1.43697e-07 
1.29807 -0.673093 0.000321092 0.0025 0.546406 0.42932 1.96429 0.0091507 6 4 1 -3.5485e-09 
1.30265 -0.673094 0.000340018 0.0025 0.546419 0.429317 1.96423 0.00915049 7 4 1 8.19507e-09 
1.30722 -0.673096 0.000359543 0.0025 0.546433 0.429316 1.96418 0.00915026 8 4 1 4.72338e-09 
1.3118 -0.673098 0.00038004 0.0025 0.546445 0.429315 1.96413 0.00915006 9 4 1 5.43329e-09 
1.31637 -0.6731 0.000402634 0.0025 0.546455 0.429314 1.96409 0.00914988 10 4 1 -2.28703e-09 
1.32095 -0.673102 0.000428187 0.0025 0.546466 0.429313 1.96404 0.0091497 11 4 1 4.67456e-09 
1.32552 -0.673104 0.000456246 0.0025 0.546475 0.429312 1.964 0.00914954 12 4 1 2.79148e-09 
1.3301 -0.673106 0.000485062 0.0025 0.546484 0.42931 1.96397 0.0091494 13 4 1 3.51089e-09 
1.33467 -0.673108 0.00051305 0.0025 0.546491 0.429309 1.96394 0.00914929 14 4 1 2.06119e-09 
1.33925 -0.673111 0.000540727 0.0025 0.546497 0.429308 1.96391 0.00914918 15 4 1 -1.63887e-09 
1.34382 -0.673114 0.000571326 0.0025 0.546503 0.429306 1.96388 0.00914907 16 4 1 4.8401e-09 
1.3484 -0.673117 0.000609044 0.0025 0.546509 0.429305 1.96385 0.00914899 17 4 1 1.40563e-09 
1.35297 -0.67312 0.000655831 0.0025 0.546513 0.429303 1.96383 0.00914891 18 4 1 -1.28686e-09 
1.35754 -0.673123 0.000709293 0.0025 0.546518 0.429301 1.9638 0.00914884 19 4 1 2.59593e-09 
1.36212 -0.673127 0.000763844 0.0025 0.546521 0.429299 1.96378 0.00914877 20 4 1 1.06724e-09 
1.36669 -0.67313 0.000814774 0.0025 0.546524 0.429297 1.96376 0.00914872 21 4 1 1.10039e-09 
1.37127 -0.673135 0.000862291 0.0025 0.546527 0.429295 1.96374 0.00914868 22 4 1 9.75567e-10 
1.37584 -0.673139 0.000912287 0.0025 0.546529 0.429293 1.96372 0.00914865 23 4 1 -2.57666e-10 
1.38042 -0.673144 0.000972967 0.0025 0.546531 0.42929 1.96371 0.00914862 24 4 1 1.37041e-09 
1.38499 -0.673149 0.00104971 0.0025 0.546532 0.429288 1.96369 0.0091486 25 4 1 5.96742e-10 
1.38956 -0.673154 0.00114184 0.0025 0.546533 0.429285 1.96367 0.00914858 26 4 1 -5.31821e-10 
1.39414 -0.67316 0.00124353 0.0025 0.546533 0.429282 1.96366 0.00914857 27 3 1 1.03315e-09 
1.39871 -0.673167 0.00134763 0.0025 0.546533 0.429278 1.96364 0.00914857 28 4 1 6.69965e-10 
1.40329 -0.673173 0.0014499 0.0025 0.546533 0.429275 1.96363 0.00914858 29 4 1 -9.63704e-10 
1.40786 -0.673181 0.00155094 0.0025 0.546532 0.429271 1.96361 0.00914859 30 4 1 3.01516e-10 
1.41244 -0.673189 0.0016556 0.0025 0.546531 0.429267 1.9636 0.00914861 31 4 1 1.74037e-09 
1.41701 -0.673197 0.00177035 0.0025 0.546529 0.429262 1.96358 0.00914865 32 4 1 -1.12172e-09 
1.42159 -0.673207 0.00189862 0.0025 0.546527 0.429257 1.96357 0.00914868 33 4 1 -1.13403e-09 
1.42616 -0.673217 0.00203459 0.0025 0.546524 0.429252 1.96355 0.00914872 34 4 1 1.79092e-09 
1.43073 -0.673228 0.00215902 0.0025 0.546521 0.429247 1.96354 0.00914877 35 4 1 -5.03221e-10 
1.43531 -0.67324 0.00224448 0.0025 0.546518 0.429241 1.96353 0.00914883 36 4 1 -1.07741e-09 
1.43988 -0.673254 0.00227459 0.0025 0.546514 0.429235 1.96351 0.00914889 37 4 1 1.3496e-09 
1.44446 -0.67327 0.00226935 0.0025 0.54651 0.429228 1.9635 0.00914896 38 4 1 7.61371e-11 
1.44903 -0.673288 0.00229507 0.0025 0.546506 0.429222 1.96348 0.00914903 39 4 1 -8.56468e-10 
1.45361 -0.673308 0.00244138 0.0025 0.546502 0.429215 1.96347 0.0091491 40 4 1 2.70192e-10 
1.45818 -0.673331 0.00277399 0.0025 0.546497 0.429208 1.96345 0.00914919 41 4 1 -4.67451e-10 
1.46276 -0.673354 0.00329984 0.0025 0.546491 0.4292 1.96344 0.00914929 42 4 1 -2.02171e-09 
1.46733 -0.673379 0.00397373 0.0025 0.546484 0.429191 1.96342 0.00914941 43 4 1 -1.79555e-09 
1.4719 -0.673405 0.00473621 0.0025 0.546475 0.429179 1.9634 0.00914955 44 4 1 -1.0846e-09 
1.47648 -0.673431 0.00554398 0.0025 0.546464 0.429166 1.96338 0.00914974 45 4 1 -2.57907e-09 
1.48105 -0.67346 0.00637312 0.0025 0.546451 0.429151 1.96336 0.00914995 46 4 1 -3.02428e-09 
1.48563 -0.67349 0.00721175 0.0025 0.546436 0.429133 1.96333 0.0091502 47 4 1 -1.78374e-09 
1.4902 -0.673523 0.00806465 0.0025 0.546419 0.429113 1.9633 0.00915049 48 4 1 -2.19525e-09 
1.49478 -0.673559 0.0089655 0.0025 0.546399 0.429091 1.96327 0.00915082 49 4 1 -3.26956e-09 
1.49936 -0.673599 0.00997337 0.0025 0.546378 0.429066 1.96323 0.00915118 50 4 1 -3.28237e-09 
-0.496069 -0.673645 0.011141 0.0025 0.546353 0.429038 1.96319 0.00915159 51 4 1 -2.78569e-09 
-0.491493 -0.673696 0.0124787 0.0025 0.546326 0.429006 1.96314 0.00915205 52 4 1 -3.97227e-09 
-0.486917 -0.673753 0.0139585 0.0025 0.546295 0.428971 1.9631 0.00915257 53 4 1 -5.13632e-09 
-0.48234 -0.673817 0.0155678 0.0025 0.54626 0.428932 1.96304 0.00915315 54 4 1 -4.69061e-09 
-0.477764 -0.673889 0.0173518 0.0025 0.546221 0.428888 1.96298 0.0091538 55 4 1 -4.56577e-09 
-0.473187 -0.67397 0.0193895 0.0025 0.546177 0.428839 1.96291 0.00915453 56 4 1 -6.17859e-09 
-0.468609 -0.674062 0.0217085 0.0025 0.546129 0.428785 1.96284 0.00915535 57 4 1 -7.09795e-09 
-0.464031 -0.674163 0.0242135 0.0025 0.546075 0.428725 1.96276 0.00915626 58 4 1 -6.05759e-09 
-0.459453 -0.674274 0.0267106 0.0025 0.546015 0.428658 1.96267 0.00915726 59 4 1 -5.94511e-09 
-0.454874 -0.674396 0.0290116 0.0025 0.54595 0.428586 1.96257 0.00915836 60 4 1 -5.68423e-09 
-0.450294 -0.674529 0.0310252 0.0025 0.54588 0.428508 1.96247 0.00915953 61 4 1 -4.13788e-09 
-0.445714 -0.674672 0.0327578 0.0025 0.545806 0.428427 1.96236 0.00916076 62 4 1 -1.8581e-09 
-0.441134 -0.674819 0.034107 0.0025 0.545731 0.428343 1.96225 0.00916203 63 4 1 4.66455e-11 
-0.436552 -0.674967 0.0345429 0.0025 0.545655 0.428259 1.96213 0.0091633 64 4 1 3.38862e-09 
-0.43197 -0.675109 0.0330648 0.0025 0.545582 0.428178 1.96202 0.00916453 65 4 1 9.64709e-09 
-0.427388 -0.675242 0.0290931 0.0025 0.545516 0.428106 1.96193 0.00916563 66 4 1 1.58126e-08 
-0.422805 -0.675357 0.023888 0.0025 0.545464 0.428048 1.96185 0.00916651 67 4 1 2.08603e-08 
-0.418221 -0.675444 0.0167808 0.0025 0.545428 0.428009 1.9618 0.00916711 68 4 1 2.59726e-08 
-0.413638 -0.675483 0.00541204 0.0025 0.545414 0.427992 1.96177 0.00916734 69 4 1 1.3472e-08 
-0.409054 -0.675496 0.0155051 0.0025 0.545413 0.427993 1.96177 0.00916737 70 5 1 9.8199e-08 
-0.40447 -0.675422 -0.0621427 0.0025 0.545494 0.428087 1.96188 0.00916601 71 4 1 2.45189e-07 
-0.399888 -0.674887 -0.170796 0.0025 0.545773 0.428396 1.96228 0.00916131 72 4 1 2.99993e-07 
-0.395309 -0.673921 -0.265455 0.0025 0.546291 0.428968 1.96302 0.00915262 73 4 1 3.92361e-07 
-0.390735 -0.672472 -0.409034 0.0025 0.54711 0.429877 1.96419 0.00913894 74 4 1 7.06342e-07 
-0.38617 -0.670048 -0.717174 0.0025 0.548436 0.431347 1.96609 0.00911683 75 4 1 1.07099e-06 
-0.381619 -0.666122 -1.07856 0.0025 0.550472 0.433588 1.96901 0.00908312 76 4 1 1.18048e-06 
-0.377087 -0.660876 -1.35064 0.0025 0.553185 0.436575 1.97289 0.00903857 77 4 1 1.10199e-06 
-0.37258 -0.654685 -1.52824 0.0025 0.556406 0.440132 1.97747 0.00898624 78 4 1 1.0595e-06 
-0.368101 -0.64788 -1.67549 0.0025 0.560008 0.444125 1.98258 0.00892844 79 4 1 1.14013e-06 
-0.363651 -0.640471 -1.83829 0.0025 0.563963 0.448523 1.98817 0.00886583 80 4 1 1.29426e-06 
-0.359235 -0.632412 -2.0202 0.0025 0.56829 0.45335 1.99426 0.00879832 81 4 1 1.45081e-06 
-0.354853 -0.623661 -2.20817 0.0025 0.573003 0.45862 2.00085 0.00872596 82 4 1 1.52238e-06 
-0.350508 -0.614299 -2.35346 0.0025 0.578059 0.464292 2.0079 0.00864963 83 4 1 1.5194e-06 
-0.346203 -0.604523 -2.46786 0.0025 0.583378 0.470278 2.01527 0.00857078 84 4 1 1.43382e-06 
-0.341938 -0.59454 -2.5113 0.0025 0.588851 0.476462 2.02281 0.00849111 85 4 1 1.2978e-06 
-0.337712 -0.584571 -2.51577 0.0025 0.594368 0.482719 2.03037 0.00841229 86 4 1 1.1949e-06 
-0.333525 -0.574726 -2.50268 0.0025 0.599865 0.488979 2.03786 0.0083352 87 4 1 1.11459e-06 
-0.329376 -0.565061 -2.47988 0.0025 0.605308 0.4952 2.04523 0.00826025 88 4 1 1.05533e-06 
-0.325265 -0.555587 -2.45785 0.0025 0.610684 0.501366 2.05247 0.00818754 89 4 1 9.77795e-07 
-0.321189 -0.546331 -2.4117 0.0025 0.615971 0.507454 2.05956 0.00811726 90 4 1 9.3351e-07 
-0.317147 -0.537318 -2.3908 0.0025 0.621171 0.513461 2.0665 0.00804931 91 4 1 9.12241e-07 
-0.313139 -0.528462 -2.36484 0.0025 0.626301 0.519406 2.07331 0.00798339 92 4 1 8.65679e-07 
-0.309164 -0.519796 -2.33446 0.0025 0.631355 0.525284 2.07998 0.00791948 93 4 1 8.40549e-07 
-0.30522 -0.511306 -2.31454 0.0025 0.636342 0.531103 2.08654 0.00785741 94 4 1 8.38361e-07 
-0.301306 -0.502937 -2.3062 0.0025 0.641283 0.536886 2.093 0.00779687 95 4 1 8.33529e-07 
-0.297423 -0.494683 -2.29822 0.0025 0.646194 0.542651 2.0994 0.00773762 96 4 1 8.55133e-07 
-0.293568 -0.486488 -2.31714 0.0025 0.651101 0.54843 2.10576 0.0076793 97 4 1 8.83509e-07 
-0.289743 -0.478305 -2.33641 0.0025 0.656032 0.554254 2.11212 0.00762158 98 4 1 8.94371e-07 
-0.285947 -0.470115 -2.35889 0.0025 0.660997 0.560137 2.1185 0.00756434 99 4 1 9.61106e-07 
-0.282179 -0.461853 -2.42743 0.0025 0.666037 0.566127 2.12495 0.00750709 100 4 1 1.00739e-06 
-0.27844 -0.453442 -2.47684 0.0025 0.671175 0.57225 2.13149 0.00744962 101 4 1 9.78525e-07 
-0.274729 -0.444986 -2.5004 0.0025 0.67638 0.578472 2.13808 0.0073923 102 4 1 1.00329e-06 
-0.271047 -0.436489 -2.56081 0.0025 0.681656 0.5848 2.14474 0.00733507 103 4 1 1.03355e-06 
-0.267394 -0.427864 -2.60591 0.0025 0.687018 0.591248 2.15147 0.00727783 104 4 1 9.95929e-07 
-0.263769 -0.419256 -2.62264 0.0025 0.692428 0.597775 2.15823 0.00722097 105 4 1 9.74601e-07 
-0.260173 -0.410647 -2.64792 0.0025 0.697867 0.604359 2.165 0.00716469 106 4 1 9.60264e-07 
-0.256604 -0.402051 -2.6605 0.0025 0.703327 0.610988 2.17176 0.00710907 107 4 1 9.28424e-07 
-0.253064 -0.393512 -2.66373 0.0025 0.708789 0.61764 2.17849 0.00705429 108 4 1 9.07267e-07 
-0.24955 -0.385033 -2.66766 0.0025 0.714245 0.624308 2.18518 0.0070004 109 4 1 9.15625e-07 
-0.246063 -0.3766 -2.69131 0.0025 0.719709 0.631003 2.19185 0.00694725 110 4 1 8.92807e-07 
-0.242603 -0.368189 -2.68525 0.0025 0.725172 0.637718 2.19849 0.00689491 111 4 1 8.49417e-07 
-0.239168 -0.359918 -2.67695 0.0025 0.730612 0.644426 2.20507 0.00684358 112 4 1 8.67176e-07 
-0.235759 -0.351658 -2.70322 0.0025 0.73605 0.651152 2.21162 0.00679301 113 4 1 8.56146e-07 
-0.232375 -0.343448 -2.69861 0.0025 0.741489 0.657896 2.21815 0.00674319 114 4 1 8.04793e-07 
-0.229016 -0.33536 -2.68276 0.0025 0.746899 0.664626 2.2246 0.00669434 115 4 1 8.06016e-07 
-0.22568 -0.327325 -2.69437 0.0025 0.752293 0.671356 2.23102 0.00664635 116 4 1 8.29062e-07 
-0.222369 -0.319323 -2.71601 0.0025 0.757696 0.678116 2.23741 0.00659895 117 4 1 8.10926e-07 
-0.219081 -0.311342 -2.71706 0.0025 0.763102 0.684897 2.24378 0.00655221 118 4 1 7.50843e-07 
-0.215817 -0.30348 -2.68689 0.0025 0.768474 0.691657 2.25009 0.0065064 119 4 1 7.57461e-07 
-0.212575 -0.295706 -2.70912 0.0025 0.773828 0.698415 2.25634 0.00646139 120 4 1 8.09645e-07 
-0.209355 -0.287871 -2.74859 0.0025 0.77921 0.705223 2.26261 0.00641676 121 4 1 7.3399e-07 
-0.206158 -0.280139 -2.69835 0.0025 0.784571 0.712023 2.26882 0.00637291 122 4 1 6.82939e-07 
-0.202982 -0.272563 -2.69151 0.0025 0.78988 0.718781 2.27495 0.00633007 123 4 1 7.56036e-07 
-0.199828 -0.264988 -2.73929 0.0025 0.795205 0.725574 2.28107 0.00628769 124 4 1 7.69009e-07 
-0.196695 -0.257378 -2.7543 0.0025 0.800561 0.732422 2.28721 0.00624562 125 4 1 6.84633e-07 
-0.193582 -0.249852 -2.71357 0.0025 0.805888 0.739253 2.29328 0.00620434 126 4 1 6.59263e-07 
-0.19049 -0.242468 -2.71268 0.0025 0.811172 0.74605 2.29928 0.00616392 127 4 1 7.00968e-07 
-0.187418 -0.235085 -2.7368 0.0025 0.81646 0.752869 2.30527 0.006124 128 4 1 7.2143e-07 
-0.184366 -0.227706 -2.76628 0.0025 0.821773 0.759734 2.31125 0.00608441 129 4 1 6.66133e-07 
-0.181334 -0.220359 -2.73453 0.0025 0.827071 0.766597 2.3172 0.00604543 130 4 1 6.03438e-07 
-0.178321 -0.213194 -2.70348 0.0025 0.832312 0.773409 2.32306 0.00600736 131 4 1 6.40567e-07 
-0.175326 -0.206065 -2.72997 0.0025 0.83754 0.780221 2.32889 0.00596987 132 4 1 7.05517e-07 
-0.172351 -0.198883 -2.78411 0.0025 0.842812 0.787104 2.33474 0.00593252 133 4 1 6.76136e-07 
-0.169394 -0.191686 -2.77781 0.0025 0.848104 0.794028 2.3406 0.0058955 134 4 1 5.62152e-07 
-0.166455 -0.184651 -2.70618 0.0025 0.853331 0.800888 2.34635 0.00585939 135 4 1 5.57904e-07 
-0.163534 -0.177773 -2.71086 0.0025 0.858502 0.807695 2.35203 0.0058241 136 4 1 6.81142e-07 
-0.160631 -0.170807 -2.80081 0.0025 0.863726 0.814585 2.35774 0.00578887 137 4 1 6.88151e-07 
-0.157745 -0.163746 -2.81661 0.0025 0.869008 0.821561 2.3635 0.00575369 138 4 1 5.23276e-07 
-0.154877 -0.156845 -2.71151 0.0025 0.874215 0.828459 2.36916 0.00571941 139 4 1 4.50824e-07 
-0.152026 -0.150226 -2.65714 0.0025 0.879304 0.835224 2.37466 0.00568632 140 4 1 6.24238e-07 
-0.149191 -0.143552 -2.78248 0.0025 0.884431 0.842056 2.38019 0.00565335 141 4 1 7.40657e-07 
-0.146373 -0.136642 -2.87292 0.0025 0.889693 0.849072 2.38585 0.00561991 142 4 1 5.70764e-07 
-0.143571 -0.129783 -2.77941 0.0025 0.894942 0.856084 2.39147 0.00558696 143 4 1 3.68402e-07 
-0.140786 -0.123272 -2.63261 0.0025 0.900017 0.862893 2.39688 0.00555545 144 4 1 4.95451e-07 
-0.138016 -0.116908 -2.72362 0.0025 0.905045 0.869659 2.40222 0.00552459 145 4 1 7.24629e-07 
-0.135261 -0.110256 -2.87841 0.0025 0.910226 0.876635 2.40772 0.00549314 146 4 1 6.5642e-07 
-0.132522 -0.103462 -2.8706 0.0025 0.915492 0.883732 2.41328 0.00546154 147 4 1 3.58492e-07 
-0.129799 -0.0969893 -2.65201 0.0025 0.920593 0.89063 2.41865 0.00543128 148 4 1 3.11188e-07 
-0.127091 -0.0908951 -2.61145 0.0025 0.925506 0.897302 2.4238 0.00540245 149 4 1 5.87158e-07 
-0.124397 -0.0846796 -2.77676 0.0025 0.930491 0.904083 2.42901 0.00537351 150 4 1 7.36537e-07 
-0.121717 -0.0781232 -2.91975 0.0025 0.935674 0.911134 2.43442 0.00534374 151 4 1 5.30899e-07 
-0.119053 -0.0715794 -2.80179 0.0025 0.940865 0.918208 2.43982 0.00531426 152 4 1 2.836e-07 
-0.116403 -0.0654405 -2.63247 0.0025 0.94585 0.925028 2.44497 0.00528625 153 4 1 3.40967e-07 
-0.113767 -0.0595183 -2.62841 0.0025 0.950706 0.931691 2.44998 0.00525925 154 4 1 5.83189e-07 
-0.111144 -0.0534841 -2.79909 0.0025 0.955661 0.938502 2.45508 0.00523198 155 4 1 6.85704e-07 
-0.108535 -0.0471188 -2.92241 0.0025 0.960795 0.945561 2.46035 0.00520402 156 4 1 4.4998e-07 
-0.10594 -0.0408011 -2.77397 0.0025 0.965883 0.952563 2.46557 0.00517661 157 4 1 2.45944e-08 
-0.103358 -0.0351083 -2.3541 0.0025 0.970587 0.959063 2.47035 0.00515152 158 4 1 1.60398e-07 
-0.100788 -0.030005 -2.43088 0.0025 0.975072 0.965311 2.47489 0.00512782 159 4 1 1.13524e-06 
-0.0982303 -0.0238048 -3.3426 0.0025 0.98015 0.972358 2.48006 0.00510126 160 4 1 7.86019e-07 
-0.095687 -0.0167779 -2.94386 0.0025 0.985491 0.979705 2.4855 0.00507362 161 4 1 -1.16677e-06 
-0.0931567 -0.0122716 -1.18608 0.0025 0.989476 0.985271 2.48945 0.00505318 162 4 1 -6.67972e-08 
-0.0906338 -0.00906102 -2.31488 0.0025 0.993088 0.990438 2.49303 0.0050348 163 4 1 2.89644e-06 
-0.0881218 -0.00141215 -4.69762 0.0025 0.998848 0.998435 2.49891 0.00500577 164 4 1 4.88422e-07 
-0.0856279 0.00671727 -2.5756 0.0025 1.00467 1.00643 2.50478 0.00497673 165 4 1 -3.0935e-06 
-0.0831451 0.00889725 0.26192 0.0025 1.00729 1.01017 2.50727 0.00496381 166 4 1 -5.20297e-07 
-0.0806641 0.00971697 -1.46457 0.0025 1.00909 1.01287 2.50901 0.00495494 167 4 1 3.08878e-06 
-0.0781901 0.0157752 -4.0981 0.0025 1.01356 1.01909 2.51355 0.00493312 168 4 1 7.3539e-07 
-0.075731 0.0228736 -2.39987 0.0025 1.01856 1.02598 2.51856 0.0049089 169 4 1 -2.66942e-06 
-0.0732812 0.0248903 -0.00920093 0.0025 1.02067 1.02897 2.5206 0.00489873 170 3 1 -1.82614e-06 
-0.0708322 0.0244399 0.392819 0.0025 1.02054 1.02885 2.52044 0.00489937 171 4 1 -4.02066e-07 
-0.0683818 0.0235703 0.449733 0.0025 1.01982 1.02786 2.51972 0.00490282 172 4 1 -1.44789e-07 
-0.0659294 0.0225516 0.510857 0.0025 1.0189 1.02656 2.51882 0.00490724 173 4 1 -1.48126e-07 
-0.0634746 0.0213245 0.622083 0.0025 1.01779 1.02499 2.51772 0.0049126 174 4 1 -1.67616e-07 
-0.0610168 0.0198258 0.759931 0.0025 1.01645 1.02311 2.51639 0.00491906 175 4 1 -1.40415e-07 
-0.0585555 0.0180642 0.882536 0.0025 1.01492 1.02095 2.51487 0.00492651 176 4 1 -7.55012e-08 
-0.0560903 0.0161107 0.963153 0.0025 1.01324 1.01859 2.5132 0.00493466 177 4 1 2.98268e-09 
-0.0536209 0.0140651 0.992499 0.0025 1.01151 1.01616 2.51148 0.00494311 178 4 1 7.47549e-08 
-0.0511472 0.0120278 0.97417 0.0025 1.0098 1.01376 2.50978 0.00495146 179 4 1 1.29166e-07 
-0.0486694 0.0100827 0.918085 0.0025 1.00819 1.01149 2.50817 0.00495939 180 4 1 1.63518e-07 
-0.0461878 0.00829111 0.835927 0.0025 1.00671 1.00942 2.5067 0.00496667 181 4 1 1.79718e-07 
-0.0437027 0.00669159 0.73866 0.0025 1.0054 1.00758 2.50539 0.00497315 182 4 1 1.81564e-07 
-0.0412146 0.00530257 0.635459 0.0025 1.00427 1.00599 2.50426 0.00497876 183 4 1 1.73162e-07 
-0.038724 0.00412648 0.533397 0.0025 1.00331 1.00465 2.50331 0.0049835 184 4 1 1.58175e-07 
-0.0362312 0.00315394 0.437505 0.0025 1.00252 1.00354 2.50252 0.00498741 185 4 1 1.39562e-07 
-0.0337366 0.00236758 0.35101 0.0025 1.00189 1.00265 2.50189 0.00499056 186 4 1 1.19556e-07 
-0.0312406 0.00174544 0.275638 0.0025 1.00139 1.00195 2.50139 0.00499305 187 4 1 9.97498e-08 
-0.0287435 0.00126354 0.211942 0.0025 1.00101 1.00141 2.501 0.00499498 188 4 1 8.12114e-08 
-0.0262456 0.000898 0.159605 0.0025 1.00071 1.001 2.50071 0.00499644 189 4 1 6.45907e-08 
-0.0237471 0.00062642 0.117723 0.0025 1.0005 1.0007 2.5005 0.00499752 190 4 1 5.02169e-08 
-0.0212481 0.000428777 0.0850459 0.0025 1.00034 1.00048 2.50034 0.0049983 191 4 1 3.81784e-08 
-0.0187488 0.000287881 0.0601646 0.0025 1.00023 1.00032 2.50023 0.00499886 192 4 1 2.83921e-08 
-0.0162492 0.000189485 0.0416616 0.0025 1.00015 1.00021 2.50015 0.00499925 193 4 1 2.06624e-08 
-0.0137495 0.000122147 0.0282081 0.0025 1.0001 1.00014 2.5001 0.00499952 194 4 1 1.47313e-08 
-0.0112497 7.69354e-05 0.0186233 0.0025 1.00006 1.00009 2.50006 0.00499969 195 4 1 1.03193e-08 
-0.00874983 4.70419e-05 0.0118983 0.0025 1.00004 1.00005 2.50004 0.00499981 196 4 1 7.1565e-09 
-0.00624991 2.73666e-05 0.00719373 0.0025 1.00002 1.00003 2.50002 0.00499988 197 4 1 5.0065e-09 
-0.00374995 1.41006e-05 0.00381779 0.0025 1.00002 1.00002 2.50002 0.00499992 198 4 1 3.68143e-09 
-0.00124999 4.33088e-06 0.00119192 0.0025 1.00001 1.00002 2.50001 0.00499994 199 4 1 3.05173e-09 
0.00124999 -4.33088e-06 -0.00119192 0.0025 1.00001 1.00002 2.50001 0.00499994 200 4 1 3.05173e-09 
0.00374995 -1.41006e-05 -0.00381779 0.0025 1.00002 1.00002 2.50002 0.00499992 201 4 1 3.68143e-09 
0.00624991 -2.73666e-05 -0.00719373 0.0025 1.00002 1.00003 2.50002 0.00499988 202 4 1 5.0065e-09 
0.00874983 -4.70419e-05 -0.0118983 0.0025 1.00004 1.00005 2.50004 0.00499981 203 4 1 7.1565e-09 
0.0112497 -7.69354e-05 -0.0186233 0.0025 1.00006 1.00009 2.50006 0.00499969 204 4 1 1.03193e-08 
0.0137495 -0.000122147 -0.0282081 0.0025 1.0001 1.00014 2.5001 0.00499952 205 4 1 1.47313e-08 
0.0162492 -0.000189485 -0.0416616 0.0025 1.00015 1.00021 2.50015 0.00499925 206 4 1 2.06624e-08 
0.0187488 -0.000287881 -0.0601646 0.0025 1.00023 1.00032 2.50023 0.00499886 207 4 1 2.83921e-08 
0.0212481 -0.000428777 -0.0850459 0.0025 1.00034 1.00048 2.50034 0.0049983 208 4 1 3.81784e-08 
0.0237471 -0.00062642 -0.117723 0.0025 1.0005 1.0007 2.5005 0.00499752 209 4 1 5.02169e-08 
0.0262456 -0.000898 -0.159605 0.0025 1.00071 1.001 2.50071 0.00499644 210 4 1 6.45907e-08 
0.0287435 -0.00126354 -0.211942 0.0025 1.00101 1.00141 2.501 0.00499498 211 4 1 8.12114e-08 
0.0312406 -0.00174544 -0.275638 0.0025 1.00139 1.00195 2.50139 0.00499305 212 4 1 9.97498e-08 
0.0337366 -0.00236758 -0.35101 0.0025 1.00189 1.00265 2.50189 0.00499056 213 4 1 1.19556e-07 
0.0362312 -0.00315394 -0.437505 0.0025 1.00252 1.00354 2.50252 0.00498741 214 4 1 1.39562e-07 
0.038724 -0.00412648 -0.533397 0.0025 1.00331 1.00465 2.50331 0.0049835 215 4 1 1.58175e-07 
0.0412146 -0.00530257 -0.635459 0.0025 1.00427 1.00599 2.50426 0.00497876 216 4 1 1.73162e-07 
0.0437027 -0.00669159 -0.73866 0.0025 1.0054 1.00758 2.50539 0.00497315 217 4 1 1.81564e-07 
0.0461878 -0.00829111 -0.835927 0.0025 1.00671 1.00942 2.5067 0.00496667 218 4 1 1.79718e-07 
0.0486694 -0.0100827 -0.918085 0.0025 1.00819 1.01149 2.50817 0.00495939 219 4 1 1.63518e-07 
0.0511472 -0.0120278 -0.97417 0.0025 1.0098 1.01376 2.50978 0.00495146 220 4 1 1.29166e-07 
0.0536209 -0.0140651 -0.992499 0.0025 1.01151 1.01616 2.51148 0.00494311 221 4 1 7.47549e-08 
0.0560903 -0.0161107 -0.963153 0.0025 1.01324 1.01859 2.5132 0.00493466 222 4 1 2.98268e-09 
0.0585555 -0.0180642 -0.882536 0.0025 1.01492 1.02095 2.51487 0.00492651 223 4 1 -7.55012e-08 
0.0610168 -0.0198258 -0.759931 0.0025 1.01645 1.02311 2.51639 0.00491906 224 4 1 -1.40415e-07 
0.0634746 -0.0213245 -0.622083 0.0025 1.01779 1.02499 2.51772 0.0049126 225 4 1 -1.67616e-07 
0.0659294 -0.0225516 -0.510857 0.0025 1.0189 1.02656 2.51882 0.00490724 226 4 1 -1.48126e-07 
0.0683818 -0.0235703 -0.449733 0.0025 1.01982 1.02786 2.51972 0.00490282 227 4 1 -1.44789e-07 
0.0708322 -0.0244399 -0.392819 0.0025 1.02054 1.02885 2.52044 0.00489937 228 4 1 -4.02066e-07 
0.0732812 -0.0248903 0.00920093 0.0025 1.02067 1.02897 2.5206 0.00489873 229 3 1 -1.82614e-06 
0.075731 -0.0228736 2.39987 0.0025 1.01856 1.02598 2.51856 0.0049089 230 4 1 -2.66942e-06 
0.0781901 -0.0157752 4.0981 0.0025 1.01356 1.01909 2.51355 0.00493312 231 4 1 7.3539e-07 
0.0806641 -0.00971697 1.46457 0.0025 1.00909 1.01287 2.50901 0.00495494 232 4 1 3.08878e-06 
0.0831451 -0.00889725 -0.26192 0.0025 1.00729 1.01017 2.50727 0.00496381 233 4 1 -5.20297e-07 
0.0856279 -0.00671727 2.5756 0.0025 1.00467 1.00643 2.50478 0.00497673 234 4 1 -3.0935e-06 
0.0881218 0.00141215 4.69762 0.0025 0.998848 0.998435 2.49891 0.00500577 235 4 1 4.88422e-07 
0.0906338 0.00906102 2.31488 0.0025 0.993088 0.990438 2.49303 0.0050348 236 4 1 2.89644e-06 
0.0931567 0.0122716 1.18608 0.0025 0.989476 0.985271 2.48945 0.00505318 237 4 1 -6.67972e-08 
0.095687 0.0167779 2.94386 0.0025 0.985491 0.979705 2.4855 0.00507362 238 4 1 -1.16677e-06 
0.0982303 0.0238048 3.3426 0.0025 0.98015 0.972358 2.48006 0.00510126 239 4 1 7.86019e-07 
0.100788 0.030005 2.43088 0.0025 0.975072 0.965311 2.47489 0.00512782 240 4 1 1.13524e-06 
0.103358 0.0351083 2.3541 0.0025 0.970587 0.959063 2.47035 0.00515152 241 4 1 1.60398e-07 
0.10594 0.0408011 2.77397 0.0025 0.965883 0.952563 2.46557 0.00517661 242 4 1 2.45944e-08 
0.108535 0.0471188 2.92241 0.0025 0.960795 0.945561 2.46035 0.00520402 243 4 1 4.4998e-07 
0.111144 0.0534841 2.79909 0.0025 0.955661 0.938502 2.45508 0.00523198 244 4 1 6.85704e-07 
0.113767 0.0595183 2.62841 0.0025 0.950706 0.931691 2.44998 0.00525925 245 4 1 5.83189e-07 
0.116403 0.0654405 2.63247 0.0025 0.94585 0.925028 2.44497 0.00528625 246 4 1 3.40967e-07 
0.119053 0.0715794 2.80179 0.0025 0.940865 0.918208 2.43982 0.00531426 247 4 1 2.836e-07 
0.121717 0.0781232 2.91975 0.0025 0.935674 0.911134 2.43442 0.00534374 248 4 1 5.30899e-07 
0.124397 0.0846796 2.77676 0.0025 0.930491 0.904083 2.42901 0.00537351 249 4 1 7.36537e-07 
0.127091 0.0908951 2.61145 0.0025 0.925506 0.897302 2.4238 0.00540245 250 4 1 5.87158e-07 
0.129799 0.0969893 2.65201 0.0025 0.920593 0.89063 2.41865 0.00543128 251 4 1 3.11188e-07 
0.132522 0.103462 2.8706 0.0025 0.915492 0.883732 2.41328 0.00546154 252 4 1 3.58492e-07 
0.135261 0.110256 2.87841 0.0025 0.910226 0.876635 2.40772 0.00549314 253 4 1 6.5642e-07 
0.138016 0.116908 2.72362 0.0025 0.905045 0.869659 2.40222 0.00552459 254 4 1 7.24629e-07 
0.140786 0.123272 2.63261 0.0025 0.900017 0.862893 2.39688 0.00555545 255 4 1 4.95451e-07 
0.143571 0.129783 2.77941 0.0025 0.894942 0.856084 2.39147 0.00558696 256 4 1 3.68402e-07 
0.146373 0.136642 2.87292 0.0025 0.889693 0.849072 2.38585 0.00561991 257 4 1 5.70764e-07 
0.149191 0.143552 2.78248 0.0025 0.884431 0.842056 2.38019 0.00565335 258 4 1 7.40657e-07 
0.152026 0.150226 2.65714 0.0025 0.879304 0.835224 2.37466 0.00568632 259 4 1 6.24238e-07 
0.154877 0.156845 2.71151 0.0025 0.874215 0.828459 2.36916 0.00571941 260 4 1 4.50824e-07 
0.157745 0.163746 2.81661 0.0025 0.869008 0.821561 2.3635 0.00575369 261 4 1 5.23276e-07 
0.160631 0.170807 2.80081 0.0025 0.863726 0.814585 2.35774 0.00578887 262 4 1 6.88151e-07 
0.163534 0.177773 2.71086 0.0025 0.858502 0.807695 2.35203 0.0058241 263 4 1 6.81142e-07 
0.166455 0.184651 2.70618 0.0025 0.853331 0.800888 2.34635 0.00585939 264 4 1 5.57904e-07 
0.169394 0.191686 2.77781 0.0025 0.848104 0.794028 2.3406 0.0058955 265 4 1 5.62152e-07 
0.172351 0.198883 2.78411 0.0025 0.842812 0.787104 2.33474 0.00593252 266 4 1 6.76136e-07 
0.175326 0.206065 2.72997 0.0025 0.83754 0.780221 2.32889 0.00596987 267 4 1 7.05517e-07 
0.178321 0.213194 2.70348 0.0025 0.832312 0.773409 2.32306 0.00600736 268 4 1 6.40567e-07 
0.181334 0.220359 2.73453 0.0025 0.827071 0.766597 2.3172 0.00604543 269 4 1 6.03438e-07 
0.184366 0.227706 2.76628 0.0025 0.821773 0.759734 2.31125 0.00608441 270 4 1 6.66133e-07 
0.187418 0.235085 2.7368 0.0025 0.81646 0.752869 2.30527 0.006124 271 4 1 7.2143e-07 
0.19049 0.242468 2.71268 0.0025 0.811172 0.74605 2.29928 0.00616392 272 4 1 7.00968e-07 
0.193582 0.249852 2.71357 0.0025 0.805888 0.739253 2.29328 0.00620434 273 4 1 6.59263e-07 
0.196695 0.257378 2.7543 0.0025 0.800561 0.732422 2.28721 0.00624562 274 4 1 6.84633e-07 
0.199828 0.264988 2.73929 0.0025 0.795205 0.725574 2.28107 0.00628769 275 4 1 7.69009e-07 
0.202982 0.272563 2.69151 0.0025 0.78988 0.718781 2.27495 0.00633007 276 4 1 7.56036e-07 
0.206158 0.280139 2.69835 0.0025 0.784571 0.712023 2.26882 0.00637291 277 4 1 6.82939e-07 
0.209355 0.287871 2.74859 0.0025 0.77921 0.705223 2.26261 0.00641676 278 4 1 7.3399e-07 
0.212575 0.295706 2.70912 0.0025 0.773828 0.698415 2.25634 0.00646139 279 4 1 8.09645e-07 
0.215817 0.30348 2.68689 0.0025 0.768474 0.691657 2.25009 0.0065064 280 4 1 7.57461e-07 
0.219081 0.311342 2.71706 0.0025 0.763102 0.684897 2.24378 0.00655221 281 4 1 7.50843e-07 
0.222369 0.319323 2.71601 0.0025 0.757696 0.678116 2.23741 0.00659895 282 4 1 8.10926e-07 
0.22568 0.327325 2.69437 0.0025 0.752293 0.671356 2.23102 0.00664635 283 4 1 8.29062e-07 
0.229016 0.33536 2.68276 0.0025 0.746899 0.664626 2.2246 0.00669434 284 4 1 8.06016e-07 
0.232375 0.343448 2.69861 0.0025 0.741489 0.657896 2.21815 0.00674319 285 4 1 8.04793e-07 
0.235759 0.351658 2.70322 0.0025 0.73605 0.651152 2.21162 0.00679301 286 4 1 8.56146e-07 
0.239168 0.359918 2.67695 0.0025 0.730612 0.644426 2.20507 0.00684358 287 4 1 8.67176e-07 
0.242603 0.368189 2.68525 0.0025 0.725172 0.637718 2.19849 0.00689491 288 4 1 8.49417e-07 
0.246063 0.3766 2.69131 0.0025 0.719709 0.631003 2.19185 0.00694725 289 4 1 8.92807e-07 
0.24955 0.385033 2.66766 0.0025 0.714245 0.624308 2.18518 0.0070004 290 4 1 9.15625e-07 
0.253064 0.393512 2.66373 0.0025 0.708789 0.61764 2.17849 0.00705429 291 4 1 9.07267e-07 
0.256604 0.402051 2.6605 0.0025 0.703327 0.610988 2.17176 0.00710907 292 4 1 9.28424e-07 
0.260173 0.410647 2.64792 0.0025 0.697867 0.604359 2.165 0.00716469 293 4 1 9.60264e-07 
0.263769 0.419256 2.62264 0.0025 0.692428 0.597775 2.15823 0.00722097 294 4 1 9.74601e-07 
0.267394 0.427864 2.60591 0.0025 0.687018 0.591248 2.15147 0.00727783 295 4 1 9.95929e-07 
0.271047 0.436489 2.56081 0.0025 0.681656 0.5848 2.14474 0.00733507 296 4 1 1.03355e-06 
0.274729 0.444986 2.5004 0.0025 0.67638 0.578472 2.13808 0.0073923 297 4 1 1.00329e-06 
0.27844 0.453442 2.47684 0.0025 0.671175 0.57225 2.13149 0.00744962 298 4 1 9.78525e-07 
0.282179 0.461853 2.42743 0.0025 0.666037 0.566127 2.12495 0.00750709 299 4 1 1.00739e-06 
0.285947 0.470115 2.35889 0.0025 0.660997 0.560137 2.1185 0.00756434 300 4 1 9.61106e-07 
0.289743 0.478305 2.33641 0.0025 0.656032 0.554254 2.11212 0.00762158 301 4 1 8.94371e-07 
0.293568 0.486488 2.31714 0.0025 0.651101 0.54843 2.10576 0.0076793 302 4 1 8.83509e-07 
0.297423 0.494683 2.29822 0.0025 0.646194 0.542651 2.0994 0.00773762 303 4 1 8.55133e-07 
0.301306 0.502937 2.3062 0.0025 0.641283 0.536886 2.093 0.00779687 304 4 1 8.33529e-07 
0.30522 0.511306 2.31454 0.0025 0.636342 0.531103 2.08654 0.00785741 305 4 1 8.38361e-07 
0.309164 0.519796 2.33446 0.0025 0.631355 0.525284 2.07998 0.00791948 306 4 1 8.40549e-07 
0.313139 0.528462 2.36484 0.0025 0.626301 0.519406 2.07331 0.00798339 307 4 1 8.65679e-07 
0.317147 0.537318 2.3908 0.0025 0.621171 0.513461 2.0665 0.00804931 308 4 1 9.12241e-07 
0.321189 0.546331 2.4117 0.0025 0.615971 0.507454 2.05956 0.00811726 309 4 1 9.3351e-07 
0.325265 0.555587 2.45785 0.0025 0.610684 0.501366 2.05247 0.00818754 310 4 1 9.77795e-07 
0.329376 0.565061 2.47988 0.0025 0.605308 0.4952 2.04523 0.00826025 311 4 1 1.05533e-06 
0.333525 0.574726 2.50268 0.0025 0.599865 0.488979 2.03786 0.0083352 312 4 1 1.11459e-06 
0.337712 0.584571 2.51577 0.0025 0.594368 0.482719 2.03037 0.00841229 313 4 1 1.1949e-06 
0.341938 0.59454 2.5113 0.0025 0.588851 0.476462 2.02281 0.00849111 314 4 1 1.2978e-06 
0.346203 0.604523 2.46786 0.0025 0.583378 0.470278 2.01527 0.00857078 315 4 1 1.43382e-06 
0.350508 0.614299 2.35346 0.0025 0.578059 0.464292 2.0079 0.00864963 316 4 1 1.5194e-06 
0.354853 0.623661 2.20817 0.0025 0.573003 0.45862 2.00085 0.00872596 317 4 1 1.52238e-06 
0.359235 0.632412 2.0202 0.0025 0.56829 0.45335 1.99426 0.00879832 318 4 1 1.45081e-06 
0.363651 0.640471 1.83829 0.0025 0.563963 0.448523 1.98817 0.00886583 319 4 1 1.29426e-06 
0.368101 0.64788 1.67549 0.0025 0.560008 0.444125 1.98258 0.00892844 320 4 1 1.14013e-06 
0.37258 0.654685 1.52824 0.0025 0.556406 0.440132 1.97747 0.00898624 321 4 1 1.0595e-06 
0.377087 0.660876 1.35064 0.0025 0.553185 0.436575 1.97289 0.00903857 322 4 1 1.10199e-06 
0.381619 0.666122 1.07856 0.0025 0.550472 0.433588 1.96901 0.00908312 323 4 1 1.18048e-06 
0.38617 0.670048 0.717174 0.0025 0.548436 0.431347 1.96609 0.00911683 324 4 1 1.07099e-06 
0.390735 0.672472 0.409034 0.0025 0.54711 0.429877 1.96419 0.00913894 325 4 1 7.06342e-07 
0.395309 0.673921 0.265455 0.0025 0.546291 0.428968 1.96302 0.00915262 326 4 1 3.92361e-07 
0.399888 0.674887 0.170796 0.0025 0.545773 0.428396 1.96228 0.00916131 327 4 1 2.99993e-07 
0.40447 0.675422 0.0621427 0.0025 0.545494 0.428087 1.96188 0.00916601 328 4 1 2.45189e-07 
0.409054 0.675496 -0.0155051 0.0025 0.545413 0.427993 1.96177 0.00916737 329 5 1 9.8199e-08 
0.413638 0.675483 -0.00541204 0.0025 0.545414 0.427992 1.96177 0.00916734 330 4 1 1.3472e-08 
0.418221 0.675444 -0.0167808 0.0025 0.545428 0.428009 1.9618 0.00916711 331 4 1 2.59726e-08 
0.422805 0.675357 -0.023888 0.0025 0.545464 0.428048 1.96185 0.00916651 332 4 1 2.08603e-08 
0.427388 0.675242 -0.0290931 0.0025 0.545516 0.428106 1.96193 0.00916563 333 4 1 1.58126e-08 
0.43197 0.675109 -0.0330648 0.0025 0.545582 0.428178 1.96202 0.00916453 334 4 1 9.64709e-09 
0.436552 0.674967 -0.0345429 0.0025 0.545655 0.428259 1.96213 0.0091633 335 4 1 3.38862e-09 
0.441134 0.674819 -0.034107 0.0025 0.545731 0.428343 1.96225 0.00916203 336 4 1 4.66456e-11 
0.445714 0.674672 -0.0327578 0.0025 0.545806 0.428427 1.96236 0.00916076 337 4 1 -1.8581e-09 
0.450294 0.674529 -0.0310252 0.0025 0.54588 0.428508 1.96247 0.00915953 338 4 1 -4.13788e-09 
0.454874 0.674396 -0.0290116 0.0025 0.54595 0.428586 1.96257 0.00915836 339 4 1 -5.68423e-09 
0.459453 0.674274 -0.0267106 0.0025 0.546015 0.428658 1.96267 0.00915726 340 4 1 -5.94511e-09 
0.464031 0.674163 -0.0242135 0.0025 0.546075 0.428725 1.96276 0.00915626 341 4 1 -6.05759e-09 
0.468609 0.674062 -0.0217085 0.0025 0.546129 0.428785 1.96284 0.00915535 342 4 1 -7.09795e-09 
0.473187 0.67397 -0.0193895 0.0025 0.546177 0.428839 1.96291 0.00915453 343 4 1 -6.17859e-09 
0.477764 0.673889 -0.0173518 0.0025 0.546221 0.428888 1.96298 0.0091538 344 4 1 -4.56577e-09 
0.48234 0.673817 -0.0155678 0.0025 0.54626 0.428932 1.96304 0.00915315 345 4 1 -4.69061e-09 
0.486917 0.673753 -0.0139585 0.0025 0.546295 0.428971 1.9631 0.00915257 346 4 1 -5.13632e-09 
0.491493 0.673696 -0.0124787 0.0025 0.546326 0.429006 1.96314 0.00915205 347 4 1 -3.97227e-09 
0.496069 0.673645 -0.011141 0.0025 0.546353 0.429038 1.96319 0.00915159 348 4 1 -2.78569e-09 
0.500645 0.673599 -0.00997337 0.0025 0.546378 0.429066 1.96323 0.00915118 349 4 1 -3.28237e-09 
0.50522 0.673559 -0.0089655 0.0025 0.546399 0.429091 1.96327 0.00915082 350 4 1 -3.26956e-09 
0.509795 0.673523 -0.00806465 0.0025 0.546419 0.429113 1.9633 0.00915049 351 4 1 -2.19525e-09 
0.514371 0.67349 -0.00721175 0.0025 0.546436 0.429133 1.96333 0.0091502 352 4 1 -1.78374e-09 
0.518946 0.67346 -0.00637312 0.0025 0.546451 0.429151 1.96336 0.00914995 353 4 1 -3.02428e-09 
0.52352 0.673431 -0.00554398 0.0025 0.546464 0.429166 1.96338 0.00914974 354 4 1 -2.57907e-09 
0.528095 0.673405 -0.00473621 0.0025 0.546475 0.429179 1.9634 0.00914955 355 4 1 -1.0846e-09 
0.53267 0.673379 -0.00397373 0.0025 0.546484 0.429191 1.96342 0.00914941 356 4 1 -1.79555e-09 
0.537245 0.673354 -0.00329984 0.0025 0.546491 0.4292 1.96344 0.00914929 357 4 1 -2.02171e-09 
0.541819 0.673331 -0.00277399 0.0025 0.546497 0.429208 1.96345 0.00914919 358 4 1 -4.67451e-10 
0.546394 0.673308 -0.00244138 0.0025 0.546502 0.429215 1.96347 0.0091491 359 4 1 2.70192e-10 
0.550968 0.673288 -0.00229507 0.0025 0.546506 0.429222 1.96348 0.00914903 360 4 1 -8.56468e-10 
0.555543 0.67327 -0.00226935 0.0025 0.54651 0.429228 1.9635 0.00914896 361 4 1 7.61374e-11 
0.560117 0.673254 -0.00227459 0.0025 0.546514 0.429235 1.96351 0.00914889 362 4 1 1.3496e-09 
0.564692 0.67324 -0.00224448 0.0025 0.546518 0.429241 1.96353 0.00914883 363 4 1 -1.07741e-09 
0.569266 0.673228 -0.00215902 0.0025 0.546521 0.429247 1.96354 0.00914877 364 4 1 -5.03221e-10 
0.573841 0.673217 -0.00203459 0.0025 0.546524 0.429252 1.96355 0.00914872 365 4 1 1.79092e-09 
0.578415 0.673207 -0.00189862 0.0025 0.546527 0.429257 1.96357 0.00914868 366 4 1 -1.13403e-09 
0.582989 0.673197 -0.00177035 0.0025 0.546529 0.429262 1.96358 0.00914865 367 4 1 -1.12172e-09 
0.587564 0.673189 -0.0016556 0.0025 0.546531 0.429267 1.9636 0.00914861 368 4 1 1.74037e-09 
0.592138 0.673181 -0.00155094 0.0025 0.546532 0.429271 1.96361 0.00914859 369 4 1 3.01515e-10 
0.596712 0.673173 -0.0014499 0.0025 0.546533 0.429275 1.96363 0.00914858 370 4 1 -9.63704e-10 
0.601286 0.673167 -0.00134763 0.0025 0.546533 0.429278 1.96364 0.00914857 371 4 1 6.69965e-10 
0.605861 0.67316 -0.00124353 0.0025 0.546533 0.429282 1.96366 0.00914857 372 3 1 1.03315e-09 
0.610435 0.673154 -0.00114184 0.0025 0.546533 0.429285 1.96367 0.00914858 373 4 1 -5.31821e-10 
0.615009 0.673149 -0.00104971 0.0025 0.546532 0.429288 1.96369 0.0091486 374 4 1 5.96742e-10 
0.619584 0.673144 -0.000972967 0.0025 0.546531 0.42929 1.96371 0.00914862 375 4 1 1.37041e-09 
0.624158 0.673139 -0.000912287 0.0025 0.546529 0.429293 1.96372 0.00914865 376 4 1 -2.57666e-10 
0.628732 0.673135 -0.000862291 0.0025 0.546527 0.429295 1.96374 0.00914868 377 4 1 9.75568e-10 
0.633307 0.67313 -0.000814774 0.0025 0.546524 0.429297 1.96376 0.00914872 378 4 1 1.10039e-09 
0.637881 0.673127 -0.000763844 0.0025 0.546521 0.429299 1.96378 0.00914877 379 4 1 1.06724e-09 
0.642455 0.673123 -0.000709293 0.0025 0.546518 0.429301 1.9638 0.00914884 380 4 1 2.59593e-09 
0.64703 0.67312 -0.000655831 0.0025 0.546513 0.429303 1.96383 0.00914891 381 4 1 -1.28686e-09 
0.651604 0.673117 -0.000609044 0.0025 0.546509 0.429305 1.96385 0.00914899 382 4 1 1.40563e-09 
0.656179 0.673114 -0.000571326 0.0025 0.546503 0.429306 1.96388 0.00914907 383 4 1 4.8401e-09 
0.660753 0.673111 -0.000540727 0.0025 0.546497 0.429308 1.96391 0.00914918 384 4 1 -1.63887e-09 
0.665328 0.673108 -0.00051305 0.0025 0.546491 0.429309 1.96394 0.00914929 385 4 1 2.06119e-09 
0.669903 0.673106 -0.000485062 0.0025 0.546484 0.42931 1.96397 0.0091494 386 4 1 3.51089e-09 
0.674477 0.673104 -0.000456246 0.0025 0.546475 0.429312 1.964 0.00914954 387 4 1 2.79148e-09 
0.679052 0.673102 -0.000428187 0.0025 0.546466 0.429313 1.96404 0.0091497 388 4 1 4.67456e-09 
0.683627 0.6731 -0.000402634 0.0025 0.546455 0.429314 1.96409 0.00914988 389 4 1 -2.28703e-09 
0.688202 0.673098 -0.00038004 0.0025 0.546445 0.429315 1.96413 0.00915006 390 4 1 5.43329e-09 
0.692777 0.673096 -0.000359543 0.0025 0.546433 0.429316 1.96418 0.00915026 391 4 1 4.72338e-09 
0.697352 0.673094 -0.000340018 0.0025 0.546419 0.429317 1.96423 0.00915049 392 4 1 8.19507e-09 
0.701928 0.673093 -0.000321092 0.0025 0.546406 0.42932 1.96429 0.0091507 393 4 1 -3.5485e-09 
0.706503 0.673092 -0.000303326 0.0025 0.546384 0.429322 1.96435 0.00915108 394 4 1 1.43697e-07 
0.711079 0.67309 -0.000287596 0.0025 0.546373 0.429352 1.96458 0.00915126 395 4 1 -1.38708e-07 
0.715654 0.673089 -0.000274334 0.0025 0.545975 0.429197 1.96465 0.00915793 396 5 1 3.48573e-06 
0.720237 0.673088 -0.00026325 0.0025 0.54824 0.430862 1.96851 0.00912009 397 3 1 -1.90586e-05 
0.724775 0.673087 -0.000253799 0.0025 0.536911 0.426193 1.95004 0.00931254 398 4 1 0.000179252 
0.729556 0.673086 -0.000244913 0.0025 0.511053 0.43273 2.15251 0.00978371 399 4 1 -0.000134225 
0.734565 0.673085 -0.000236589 0.0025 0.482808 0.424505 2.15549 0.0103561 400 4 1 0.000266085 
0.739926 0.673085 -0.000228814 0.0025 0.454323 0.432948 2.44418 0.0110054 401 4 1 -0.000240409 
0.745581 0.673084 -0.000221715 0.0025 0.447026 0.427284 2.38026 0.011185 402 5 1 5.38091e-05 
0.751112 0.673083 -0.000215207 0.0025 0.452457 0.429655 2.37465 0.0110508 403 4 1 -3.01269e-06 
0.756632 0.673082 -0.000207926 0.0025 0.45364 0.429326 2.36525 0.011022 404 4 1 3.91281e-06 
0.762134 0.673082 -0.000198749 0.0025 0.45472 0.429385 2.36047 0.0109958 405 4 1 1.2716e-06 
0.767628 0.673081 -0.000186865 0.0025 0.455344 0.429359 2.35717 0.0109807 406 4 1 8.42954e-07 
0.773115 0.673081 -0.000171532 0.0025 0.455788 0.429348 2.35487 0.01097 407 4 1 5.44393e-07 
0.778598 0.67308 -0.000151811 0.0025 0.456109 0.429341 2.35321 0.0109623 408 4 1 3.49109e-07 
0.784077 0.67308 -0.000126637 0.0025 0.45635 0.429337 2.35197 0.0109565 409 4 1 2.46734e-07 
0.789554 0.673079 -9.5298e-05 0.0025 0.456535 0.429334 2.35101 0.0109521 410 4 1 1.77233e-07 
0.795029 0.673079 -5.797e-05 0.0025 0.456678 0.429332 2.35027 0.0109486 411 4 1 1.30876e-07 
0.800503 0.673078 -1.59364e-05 0.0025 0.456792 0.429331 2.34969 0.0109459 412 4 1 9.79806e-08 
0.805975 0.673077 2.86026e-05 0.0025 0.456883 0.42933 2.34922 0.0109437 413 4 1 7.53725e-08 
0.811446 0.673076 7.29361e-05 0.0025 0.456956 0.429329 2.34884 0.010942 414 4 1 5.87745e-08 
0.816917 0.673075 0.00011422 0.0025 0.457016 0.429329 2.34854 0.0109405 415 4 1 4.63386e-08 
0.822387 0.673073 0.000149737 0.0025 0.457064 0.429328 2.34828 0.0109394 416 4 1 3.69761e-08 
0.827856 0.673072 0.000177126 0.0025 0.457104 0.429327 2.34807 0.0109384 417 4 1 2.97864e-08 
0.833325 0.67307 0.00019468 0.0025 0.457138 0.429327 2.3479 0.0109376 418 4 1 2.41491e-08 
0.838794 0.673069 0.000201704 0.0025 0.457165 0.429326 2.34776 0.010937 419 4 1 1.97332e-08 
0.844262 0.673067 0.00019879 0.0025 0.457188 0.429325 2.34764 0.0109364 420 4 1 1.62379e-08 
0.84973 0.673066 0.000187834 0.0025 0.457207 0.429325 2.34754 0.010936 421 4 1 1.34567e-08 
0.855198 0.673064 0.000171713 0.0025 0.457223 0.429324 2.34745 0.0109356 422 4 1 1.12032e-08 
0.860666 0.673063 0.000153716 0.0025 0.457236 0.429324 2.34738 0.0109353 423 4 1 9.33433e-09 
0.866134 0.673062 0.000136897 0.0025 0.457248 0.429323 2.34732 0.010935 424 4 1 7.822e-09 
0.871601 0.673061 0.000123552 0.0025 0.457257 0.429323 2.34727 0.0109348 425 4 1 6.59605e-09 
0.877068 0.67306 0.000114944 0.0025 0.457265 0.429323 2.34723 0.0109346 426 4 1 5.22484e-09 
0.882536 0.673059 0.00011139 0.0025 0.457272 0.429322 2.34719 0.0109344 427 4 1 4.04552e-09 
0.888003 0.673059 0.000112957 0.0025 0.457278 0.429322 2.34716 0.0109343 428 4 1 3.75595e-09 
0.89347 0.673058 0.000121373 0.0025 0.457283 0.429322 2.34713 0.0109342 429 4 1 3.54101e-09 
0.898937 0.673057 0.000143399 0.0025 0.457287 0.429321 2.34711 0.0109341 430 4 1 2.81846e-09 
0.904404 0.673056 0.000191534 0.0025 0.45729 0.429321 2.34709 0.010934 431 4 1 2.14915e-09 
0.909871 0.673056 0.000262108 0.0025 0.457293 0.429321 2.34708 0.0109339 432 4 1 1.82437e-09 
0.915338 0.673055 0.000243939 0.0025 0.457295 0.42932 2.34706 0.0109339 433 4 1 2.0628e-09 
0.920805 0.673054 -0.000265541 0.0025 0.457297 0.42932 2.34705 0.0109338 434 4 1 3.54928e-09 
0.926272 0.673048 -0.00201366 0.0025 0.4573 0.429321 2.34704 0.0109337 435 4 1 6.49873e-09 
0.931738 0.673031 -0.00539799 0.0025 0.457306 0.429326 2.34704 0.0109336 436 4 1 7.66203e-09 
0.937205 0.672996 -0.00911937 0.0025 0.457315 0.429336 2.34705 0.0109334 437 4 1 -5.0541e-09 
0.942672 0.67295 -0.0079669 0.0025 0.45732 0.429339 2.34705 0.0109333 438 3 1 -8.7889e-08 
0.948138 0.672953 0.0220145 0.0025 0.457271 0.429264 2.34695 0.0109344 439 4 1 -3.84042e-07 
0.953606 0.673455 0.249547 0.0025 0.456995 0.428889 2.34638 0.010941 440 4 1 -7.13204e-07 
0.959079 0.675314 0.665923 0.0025 0.456312 0.428026 2.34497 0.0109574 441 4 1 3.27556e-07 
0.964564 0.677453 0.121006 0.0025 0.455833 0.427515 2.34395 0.0109689 442 5 1 4.38307e-06 
0.970048 0.672581 -2.921 0.0025 0.457712 0.430309 2.3478 0.0109239 443 4 1 2.23088e-05 
0.975488 0.644668 -12.8641 0.0025 0.467207 0.443598 2.36788 0.0107019 444 4 1 7.82051e-05 
0.980755 0.565181 -29.5219 0.0025 0.49217 0.478541 2.42199 0.0101591 445 4 1 0.00014613 
0.985666 0.430208 -40.5711 0.0025 0.535373 0.540663 2.51641 0.00933928 446 4 1 0.000138569 
0.990123 0.278911 -35.9953 0.0025 0.586889 0.618924 2.63137 0.0085195 447 4 1 6.09127e-05 
0.994205 0.149518 -21.9693 0.0025 0.628377 0.689919 2.74521 0.007957 448 4 1 -8.54527e-06 
0.998086 0.0463706 -7.10079 0.0025 0.648544 0.732451 2.83786 0.00770957 449 3 1 -7.85949e-05 
1.00191 -0.0463706 7.10079 0.0025 0.648544 0.732451 2.83786 0.00770957 450 3 1 -7.85949e-05 
1.0058 -0.149518 21.9693 0.0025 0.628377 0.689919 2.74521 0.007957 451 4 1 -8.54527e-06 
1.00988 -0.278911 35.9953 0.0025 0.586889 0.618924 2.63137 0.0085195 452 4 1 6.09127e-05 
1.01433 -0.430208 40.5711 0.0025 0.535373 0.540663 2.51641 0.00933928 453 4 1 0.000138569 
1.01925 -0.565181 29.5219 0.0025 0.49217 0.478541 2.42199 0.0101591 454 4 1 0.00014613 
1.02451 -0.644668 12.8641 0.0025 0.467207 0.443598 2.36788 0.0107019 455 4 1 7.82051e-05 
1.02995 -0.672581 2.921 0.0025 0.457712 0.430309 2.3478 0.0109239 456 4 1 2.23088e-05 
1.03544 -0.677453 -0.121006 0.0025 0.455833 0.427515 2.34395 0.0109689 457 5 1 4.38307e-06 
1.04092 -0.675314 -0.665923 0.0025 0.456312 0.428026 2.34497 0.0109574 458 4 1 3.27556e-07 
1.04639 -0.673455 -0.249547 0.0025 0.456995 0.428889 2.34638 0.010941 459 4 1 -7.13204e-07 
1.05186 -0.672953 -0.0220145 0.0025 0.457271 0.429264 2.34695 0.0109344 460 4 1 -3.84042e-07 
1.05733 -0.67295 0.0079669 0.0025 0.45732 0.429339 2.34705 0.0109333 461 3 1 -8.7889e-08 
1.06279 -0.672996 0.00911937 0.0025 0.457315 0.429336 2.34705 0.0109334 462 4 1 -5.0541e-09 
1.06826 -0.673031 0.00539799 0.0025 0.457306 0.429326 2.34704 0.0109336 463 4 1 7.66203e-09 
1.07373 -0.673048 0.00201366 0.0025 0.4573 0.429321 2.34704 0.0109337 464 4 1 6.49872e-09 
1.0792 -0.673054 0.000265541 0.0025 0.457297 0.42932 2.34705 0.0109338 465 4 1 3.54928e-09 
1.08466 -0.673055 -0.000243939 0.0025 0.457295 0.42932 2.34706 0.0109339 466 4 1 2.0628e-09 
1.09013 -0.673056 -0.000262108 0.0025 0.457293 0.429321 2.34708 0.0109339 467 4 1 1.82437e-09 
1.0956 -0.673056 -0.000191534 0.0025 0.45729 0.429321 2.34709 0.010934 468 4 1 2.14915e-09 
1.10106 -0.673057 -0.000143399 0.0025 0.457287 0.429321 2.34711 0.0109341 469 4 1 2.81846e-09 
1.10653 -0.673058 -0.000121373 0.0025 0.457283 0.429322 2.34713 0.0109342 470 4 1 3.54101e-09 
1.112 -0.673059 -0.000112957 0.0025 0.457278 0.429322 2.34716 0.0109343 471 4 1 3.75595e-09 
1.11746 -0.673059 -0.00011139 0.0025 0.457272 0.429322 2.34719 0.0109344 472 4 1 4.04552e-09 
1.12293 -0.67306 -0.000114944 0.0025 0.457265 0.429323 2.34723 0.0109346 473 4 1 5.22484e-09 
1.1284 -0.673061 -0.000123552 0.0025 0.457257 0.429323 2.34727 0.0109348 474 4 1 6.59605e-09 
1.13387 -0.673062 -0.000136897 0.0025 0.457248 0.429323 2.34732 0.010935 475 4 1 7.822e-09 
1.13933 -0.673063 -0.000153716 0.0025 0.457236 0.429324 2.34738 0.0109353 476 4 1 9.33433e-09 
1.1448 -0.673064 -0.000171713 0.0025 0.457223 0.429324 2.34745 0.0109356 477 4 1 1.12032e-08 
1.15027 -0.673066 -0.000187834 0.0025 0.457207 0.429325 2.34754 0.010936 478 4 1 1.34567e-08 
1.15574 -0.673067 -0.00019879 0.0025 0.457188 0.429325 2.34764 0.0109364 479 4 1 1.62379e-08 
1.16121 -0.673069 -0.000201704 0.0025 0.457165 0.429326 2.34776 0.010937 480 4 1 1.97332e-08 
1.16667 -0.67307 -0.00019468 0.0025 0.457138 0.429327 2.3479 0.0109376 481 4 1 2.41491e-08 
1.17214 -0.673072 -0.000177126 0.0025 0.457104 0.429327 2.34807 0.0109384 482 4 1 2.97864e-08 
1.17761 -0.673073 -0.000149737 0.0025 0.457064 0.429328 2.34828 0.0109394 483 4 1 3.69761e-08 
1.18308 -0.673075 -0.00011422 0.0025 0.457016 0.429329 2.34854 0.0109405 484 4 1 4.63386e-08 
1.18855 -0.673076 -7.2936e-05 0.0025 0.456956 0.429329 2.34884 0.010942 485 4 1 5.87745e-08 
1.19403 -0.673077 -2.86026e-05 0.0025 0.456883 0.42933 2.34922 0.0109437 486 4 1 7.53725e-08 
1.1995 -0.673078 1.59364e-05 0.0025 0.456792 0.429331 2.34969 0.0109459 487 4 1 9.79806e-08 
1.20497 -0.673079 5.797e-05 0.0025 0.456678 0.429332 2.35027 0.0109486 488 4 1 1.30876e-07 
1.21045 -0.673079 9.5298e-05 0.0025 0.456535 0.429334 2.35101 0.0109521 489 4 1 1.77233e-07 
1.21592 -0.67308 0.000126637 0.0025 0.45635 0.429337 2.35197 0.0109565 490 4 1 2.46734e-07 
1.2214 -0.67308 0.000151811 0.0025 0.456109 0.429341 2.35321 0.0109623 491 4 1 3.49109e-07 
1.22689 -0.673081 0.000171532 0.0025 0.455788 0.429348 2.35487 0.01097 492 4 1 5.44393e-07 
1.23237 -0.673081 0.000186865 0.0025 0.455344 0.429359 2.35717 0.0109807 493 4 1 8.42954e-07 
1.23787 -0.673082 0.000198749 0.0025 0.45472 0.429385 2.36047 0.0109958 494 4 1 1.2716e-06 
1.24337 -0.673082 0.000207926 0.0025 0.45364 0.429326 2.36525 0.011022 495 4 1 3.91281e-06 
1.24889 -0.673083 0.000215207 0.0025 0.452457 0.429655 2.37465 0.0110508 496 4 1 -3.01269e-06 
1.25442 -0.673084 0.000221715 0.0025 0.447026 0.427284 2.38026 0.011185 497 5 1 5.38091e-05 
1.26007 -0.673085 0.000228814 0.0025 0.454323 0.432948 2.44418 0.0110054 498 4 1 -0.000240409 
1.26544 -0.673085 0.000236589 0.0025 0.482808 0.424505 2.15549 0.0103561 499 4 1 0.000266085 
