# Time [s]: 0.369065
# Columns: pos [m], vel [m/s], acc [m/s^2], mass [kg], dens [kg/m^3], pres [Pa], ene [J/kg], sml [m], id, neighbor, alpha, gradh, ...additional?
1.25381 -0.673081 0.000156179 0.0025 0.511056 0.432732 2.15251 0.00978367 0 4 1 -0.000134225 
1.25859 -0.673082 0.000163019 0.0025 0.536913 0.426195 1.95005 0.0093125 1 4 1 0.000179253 
1.26313 -0.673083 0.000170052 0.0025 0.548243 0.430865 1.96851 0.00912004 2 3 1 -1.90585e-05 
1.26771 -0.673084 0.000177846 0.0025 0.545978 0.429201 1.96465 0.00915788 3 5 1 3.48568e-06 
1.27229 -0.673085 0.000186611 0.0025 0.546376 0.429356 1.96459 0.0091512 4 4 1 -1.38698e-07 
1.27686 -0.673086 0.000196522 0.0025 0.546387 0.429326 1.96436 0.00915102 5 4 1 1.43713e-07 
1.28144 -0.673087 0.000207364 0.0025 0.54641 0.429324 1.9643 0.00915064 6 4 1 -3.52868e-09 
1.28601 -0.673088 0.000218632 0.0025 0.546423 0.429322 1.96423 0.00915042 7 4 1 8.21723e-09 
1.29059 -0.673089 0.000230021 0.0025 0.546437 0.429321 1.96418 0.00915019 8 4 1 4.74678e-09 
1.29516 -0.67309 0.000241951 0.0025 0.546449 0.42932 1.96413 0.00914998 9 4 1 5.45765e-09 
1.29974 -0.673092 0.000255628 0.0025 0.54646 0.429319 1.96409 0.0091498 10 4 1 -2.26215e-09 
1.30431 -0.673093 0.000272369 0.0025 0.546471 0.429318 1.96405 0.00914962 11 4 1 4.69887e-09 
1.30889 -0.673095 0.000292554 0.0025 0.546481 0.429318 1.96401 0.00914945 12 4 1 2.8136e-09 
1.31346 -0.673096 0.000315016 0.0025 0.54649 0.429317 1.96398 0.00914931 13 4 1 3.53028e-09 
1.31804 -0.673098 0.000337512 0.0025 0.546497 0.429316 1.96394 0.00914918 14 4 1 2.08034e-09 
1.32261 -0.6731 0.000358148 0.0025 0.546504 0.429315 1.96392 0.00914906 15 4 1 -1.61385e-09 
1.32719 -0.673102 0.000376845 0.0025 0.546511 0.429314 1.96389 0.00914895 16 4 1 4.87835e-09 
1.33176 -0.673104 0.000395746 0.0025 0.546516 0.429313 1.96386 0.00914886 17 4 1 1.46077e-09 
1.33634 -0.673106 0.00041815 0.0025 0.546521 0.429312 1.96384 0.00914877 18 4 1 -1.21902e-09 
1.34091 -0.673109 0.000446592 0.0025 0.546526 0.429311 1.96382 0.00914869 19 4 1 2.66479e-09 
1.34548 -0.673112 0.000481335 0.0025 0.546531 0.42931 1.9638 0.00914862 20 4 1 1.12442e-09 
1.35006 -0.673114 0.000520202 0.0025 0.546534 0.429309 1.96378 0.00914855 21 4 1 1.1415e-09 
1.35463 -0.673117 0.000559827 0.0025 0.546538 0.429307 1.96376 0.0091485 22 4 1 1.00993e-09 
1.35921 -0.673121 0.000597464 0.0025 0.54654 0.429306 1.96374 0.00914845 23 4 1 -2.09974e-10 
1.36378 -0.673124 0.000632216 0.0025 0.546543 0.429304 1.96372 0.00914841 24 4 1 1.45208e-09 
1.36836 -0.673128 0.000664863 0.0025 0.546545 0.429302 1.96371 0.00914837 25 4 1 7.23278e-10 
1.37293 -0.673132 0.000696086 0.0025 0.546547 0.4293 1.96369 0.00914834 26 4 1 -3.61514e-10 
1.3775 -0.673136 0.000723686 0.0025 0.546549 0.429299 1.96368 0.00914832 27 4 1 1.24242e-09 
1.38208 -0.673141 0.000740321 0.0025 0.54655 0.429297 1.96367 0.0091483 28 4 1 9.22412e-10 
1.38665 -0.673146 0.000734089 0.0025 0.546551 0.429295 1.96365 0.00914828 29 4 1 -6.48968e-10 
1.39123 -0.673152 0.000693794 0.0025 0.546552 0.429293 1.96364 0.00914826 30 4 1 7.03235e-10 
1.3958 -0.673159 0.000618139 0.0025 0.546553 0.429291 1.96363 0.00914825 31 4 1 2.2365e-09 
1.40037 -0.673167 0.000524129 0.0025 0.546553 0.429289 1.96362 0.00914824 32 4 1 -5.65439e-10 
1.40495 -0.673176 0.000447936 0.0025 0.546554 0.429287 1.96361 0.00914822 33 4 1 -6.0413e-10 
1.40952 -0.673186 0.000434565 0.0025 0.546555 0.429286 1.9636 0.00914821 34 4 1 2.1674e-09 
1.4141 -0.673198 0.000520242 0.0025 0.546556 0.429285 1.96359 0.0091482 35 4 1 -4.1342e-10 
1.41867 -0.673209 0.000717543 0.0025 0.546556 0.429283 1.96358 0.00914819 36 3 1 -1.36237e-09 
1.42324 -0.673221 0.001012 0.0025 0.546556 0.429281 1.96357 0.00914819 37 4 1 7.01089e-10 
1.42782 -0.673233 0.00137067 0.0025 0.546555 0.429278 1.96356 0.00914821 38 4 1 -7.92082e-10 
1.43239 -0.673244 0.00175552 0.0025 0.546553 0.429274 1.96355 0.00914824 39 4 1 -1.68546e-09 
1.43697 -0.673256 0.00213443 0.0025 0.54655 0.429269 1.96354 0.00914829 40 4 1 -2.31133e-10 
1.44154 -0.673267 0.00248735 0.0025 0.546547 0.429263 1.96352 0.00914835 41 4 1 -4.42323e-10 
1.44612 -0.673278 0.00280931 0.0025 0.546542 0.429256 1.96351 0.00914843 42 4 1 -1.43805e-09 
1.45069 -0.67329 0.00310981 0.0025 0.546536 0.429249 1.9635 0.00914852 43 4 1 -7.69578e-10 
1.45526 -0.673303 0.00340696 0.0025 0.54653 0.42924 1.96348 0.00914863 44 4 1 2.09848e-10 
1.45984 -0.673317 0.00371724 0.0025 0.546523 0.429231 1.96346 0.00914875 45 4 1 -1.16165e-09 
1.46441 -0.673332 0.00404795 0.0025 0.546515 0.429221 1.96345 0.00914889 46 4 1 -1.57018e-09 
1.46899 -0.673349 0.00439977 0.0025 0.546506 0.42921 1.96343 0.00914903 47 4 1 -3.30665e-10 
1.47356 -0.673368 0.00477825 0.0025 0.546496 0.429198 1.96341 0.0091492 48 4 1 -7.43035e-10 
1.47814 -0.673388 0.00520223 0.0025 0.546485 0.429185 1.96339 0.00914938 49 4 1 -1.77575e-09 
1.48271 -0.673411 0.00569733 0.0025 0.546473 0.42917 1.96337 0.00914958 50 4 1 -1.66606e-09 
1.48729 -0.673436 0.0062777 0.0025 0.54646 0.429155 1.96334 0.00914981 51 4 1 -9.64199e-10 
1.49186 -0.673464 0.00693505 0.0025 0.546445 0.429137 1.96332 0.00915006 52 4 1 -1.9118e-09 
1.49644 -0.673495 0.00765176 0.0025 0.546428 0.429118 1.96329 0.00915034 53 4 1 -2.86399e-09 
-0.498989 -0.67353 0.00843253 0.0025 0.54641 0.429097 1.96326 0.00915064 54 4 1 -2.25503e-09 
-0.494413 -0.673569 0.009323 0.0025 0.546389 0.429073 1.96322 0.00915099 55 4 1 -1.99704e-09 
-0.489838 -0.673613 0.010385 0.0025 0.546366 0.429047 1.96319 0.00915137 56 4 1 -3.49762e-09 
-0.485262 -0.673662 0.011638 0.0025 0.54634 0.429018 1.96314 0.00915181 57 4 1 -4.38429e-09 
-0.480686 -0.673716 0.0130304 0.0025 0.546311 0.428985 1.9631 0.00915229 58 4 1 -3.54971e-09 
-0.47611 -0.673778 0.0145022 0.0025 0.546279 0.428948 1.96305 0.00915284 59 4 1 -4.11927e-09 
-0.471533 -0.673847 0.0160966 0.0025 0.546242 0.428908 1.96299 0.00915345 60 4 1 -5.22669e-09 
-0.466956 -0.673925 0.017969 0.0025 0.546202 0.428862 1.96293 0.00915412 61 4 1 -5.70708e-09 
-0.462379 -0.674012 0.0202194 0.0025 0.546157 0.428812 1.96286 0.00915488 62 4 1 -5.79796e-09 
-0.457801 -0.674107 0.0227178 0.0025 0.546106 0.428756 1.96279 0.00915573 63 4 1 -6.46456e-09 
-0.453223 -0.674212 0.0251603 0.0025 0.54605 0.428693 1.9627 0.00915667 64 4 1 -6.45229e-09 
-0.448645 -0.674326 0.0273065 0.0025 0.545989 0.428625 1.96261 0.0091577 65 4 1 -4.96993e-09 
-0.444066 -0.67445 0.0291157 0.0025 0.545923 0.428552 1.96251 0.0091588 66 4 1 -3.52238e-09 
-0.439486 -0.674584 0.0306637 0.0025 0.545854 0.428475 1.96241 0.00915996 67 4 1 -2.33737e-09 
-0.434906 -0.674724 0.0319452 0.0025 0.545782 0.428397 1.96231 0.00916116 68 4 1 -6.76493e-10 
-0.430325 -0.674866 0.0326309 0.0025 0.54571 0.428317 1.9622 0.00916237 69 4 1 2.31219e-09 
-0.425743 -0.675004 0.0320587 0.0025 0.54564 0.428239 1.96209 0.00916355 70 4 1 6.20998e-09 
-0.421161 -0.675132 0.0298945 0.0025 0.545574 0.428167 1.962 0.00916465 71 4 1 1.07479e-08 
-0.416579 -0.675244 0.0260337 0.0025 0.545518 0.428104 1.96191 0.00916561 72 4 1 1.65134e-08 
-0.411996 -0.675332 0.0195361 0.0025 0.545475 0.428057 1.96185 0.00916633 73 4 1 2.48117e-08 
-0.407412 -0.675391 0.00929806 0.0025 0.545452 0.428031 1.96181 0.00916671 74 4 1 2.38104e-08 
-0.402829 -0.675409 0.00397277 0.0025 0.545449 0.428027 1.96181 0.00916676 75 5 1 2.932e-08 
-0.398246 -0.675405 -0.00421705 0.0025 0.545472 0.428056 1.96184 0.00916638 76 4 1 1.31078e-07 
-0.393663 -0.675228 -0.0875518 0.0025 0.545604 0.428207 1.96202 0.00916416 77 4 1 2.87964e-07 
-0.389081 -0.674525 -0.220243 0.0025 0.545967 0.428607 1.96255 0.00915806 78 4 1 3.37994e-07 
-0.384505 -0.673348 -0.315211 0.0025 0.546596 0.4293 1.96345 0.00914753 79 4 1 4.26121e-07 
-0.379934 -0.671634 -0.477561 0.0025 0.547542 0.43035 1.9648 0.00913172 80 4 1 7.21414e-07 
-0.375373 -0.668924 -0.768832 0.0025 0.548995 0.431957 1.96688 0.00910755 81 4 1 1.02874e-06 
-0.370826 -0.664876 -1.10084 0.0025 0.551111 0.434288 1.96991 0.00907259 82 4 1 1.12313e-06 
-0.3663 -0.659566 -1.35391 0.0025 0.553853 0.437309 1.97383 0.00902767 83 4 1 1.04638e-06 
-0.361799 -0.653431 -1.51729 0.0025 0.557061 0.440853 1.97839 0.00897567 84 4 1 9.7802e-07 
-0.357324 -0.646732 -1.6385 0.0025 0.560602 0.444779 1.98341 0.00891898 85 4 1 1.00341e-06 
-0.352879 -0.639579 -1.76109 0.0025 0.564425 0.449032 1.98881 0.00885857 86 4 1 1.12105e-06 
-0.348466 -0.631899 -1.91129 0.0025 0.568545 0.453628 1.9946 0.00879438 87 4 1 1.2534e-06 
-0.344085 -0.623658 -2.06483 0.0025 0.572981 0.45859 2.00081 0.0087263 88 4 1 1.32277e-06 
-0.339739 -0.614922 -2.19484 0.0025 0.577709 0.463894 2.0074 0.00865488 89 4 1 1.33783e-06 
-0.33543 -0.605794 -2.30014 0.0025 0.582673 0.469481 2.01428 0.00858114 90 4 1 1.27584e-06 
-0.331158 -0.596469 -2.34754 0.0025 0.587789 0.475257 2.02134 0.00850645 91 4 1 1.17705e-06 
-0.326923 -0.587102 -2.36691 0.0025 0.592966 0.481123 2.02844 0.00843219 92 4 1 1.07318e-06 
-0.322726 -0.577821 -2.34876 0.0025 0.598134 0.487002 2.03549 0.00835933 93 4 1 9.90217e-07 
-0.318564 -0.568716 -2.32968 0.0025 0.603253 0.492846 2.04244 0.0082884 94 4 1 9.47033e-07 
-0.314437 -0.559761 -2.31132 0.0025 0.608314 0.498644 2.04928 0.00821944 95 4 1 8.9962e-07 
-0.310344 -0.550972 -2.28593 0.0025 0.613312 0.504387 2.05599 0.00815246 96 4 1 8.44324e-07 
-0.306284 -0.542407 -2.25223 0.0025 0.618232 0.510062 2.06258 0.00808757 97 4 1 8.16581e-07 
-0.302257 -0.534008 -2.23421 0.0025 0.623083 0.515674 2.06903 0.00802461 98 4 1 7.99737e-07 
-0.29826 -0.525759 -2.21503 0.0025 0.627876 0.521236 2.07539 0.00796335 99 4 1 7.6221e-07 
-0.294293 -0.517661 -2.18814 0.0025 0.632608 0.526743 2.08163 0.00790379 100 4 1 7.49763e-07 
-0.290356 -0.509705 -2.17946 0.0025 0.637289 0.532208 2.08777 0.00784574 101 4 1 7.45708e-07 
-0.286447 -0.501846 -2.16806 0.0025 0.641934 0.537647 2.09385 0.00778896 102 4 1 7.35581e-07 
-0.282567 -0.494087 -2.16266 0.0025 0.646551 0.54307 2.09986 0.00773334 103 4 1 7.5515e-07 
-0.278714 -0.486392 -2.17682 0.0025 0.651164 0.548503 2.10584 0.00767856 104 4 1 7.85858e-07 
-0.274888 -0.47867 -2.201 0.0025 0.6558 0.553978 2.11182 0.00762428 105 4 1 7.82026e-07 
-0.271089 -0.470979 -2.2076 0.0025 0.66046 0.559498 2.11781 0.00757048 106 4 1 8.19697e-07 
-0.267317 -0.463267 -2.25817 0.0025 0.665168 0.565092 2.12384 0.0075169 107 4 1 8.826e-07 
-0.263572 -0.455415 -2.31313 0.0025 0.669963 0.570802 2.12995 0.0074631 108 4 1 8.70263e-07 
-0.259854 -0.447497 -2.33695 0.0025 0.674826 0.57661 2.13612 0.00740932 109 4 1 8.67134e-07 
-0.256163 -0.439567 -2.37678 0.0025 0.679744 0.582502 2.14233 0.00735571 110 4 1 8.80465e-07 
-0.252498 -0.431557 -2.40926 0.0025 0.684722 0.588483 2.14859 0.00730223 111 4 1 8.84585e-07 
-0.248861 -0.423506 -2.44725 0.0025 0.689755 0.594546 2.15489 0.00724895 112 4 1 8.64037e-07 
-0.245249 -0.415439 -2.45825 0.0025 0.694824 0.600672 2.16122 0.00719606 113 4 1 8.39215e-07 
-0.241664 -0.407418 -2.4748 0.0025 0.699911 0.606837 2.16753 0.00714377 114 4 1 8.40367e-07 
-0.238106 -0.399402 -2.49495 0.0025 0.705016 0.613042 2.17384 0.00709204 115 4 1 8.04647e-07 
-0.234572 -0.391429 -2.48567 0.0025 0.710121 0.619264 2.18012 0.00704106 116 4 1 7.77163e-07 
-0.231064 -0.383555 -2.48792 0.0025 0.71521 0.625487 2.18636 0.00699096 117 4 1 7.98502e-07 
-0.227581 -0.375676 -2.51216 0.0025 0.720306 0.631735 2.19258 0.00694149 118 4 1 7.82837e-07 
-0.224123 -0.367845 -2.50873 0.0025 0.725406 0.638005 2.19877 0.00689269 119 4 1 7.40551e-07 
-0.220689 -0.360104 -2.49871 0.0025 0.730485 0.644267 2.20492 0.00684477 120 4 1 7.48433e-07 
-0.217278 -0.352412 -2.51577 0.0025 0.735556 0.650538 2.21103 0.00679758 121 4 1 7.47476e-07 
-0.213891 -0.344765 -2.51716 0.0025 0.740628 0.656826 2.21711 0.00675103 122 4 1 7.25879e-07 
-0.210527 -0.337161 -2.52037 0.0025 0.74569 0.663119 2.22316 0.0067052 123 4 1 6.98675e-07 
-0.207186 -0.329629 -2.50554 0.0025 0.750731 0.669403 2.22916 0.00666017 124 4 1 6.87976e-07 
-0.203867 -0.322202 -2.50888 0.0025 0.755753 0.675683 2.23511 0.00661592 125 4 1 7.31507e-07 
-0.20057 -0.314757 -2.54915 0.0025 0.760795 0.682 2.24106 0.00657208 126 4 1 7.03479e-07 
-0.197294 -0.307322 -2.53125 0.0025 0.76584 0.688338 2.247 0.00652878 127 4 1 6.4157e-07 
-0.194041 -0.300021 -2.51196 0.0025 0.770848 0.694648 2.25286 0.00648637 128 4 1 6.52776e-07 
-0.190808 -0.292787 -2.52105 0.0025 0.775837 0.700953 2.25868 0.00644465 129 4 1 7.02895e-07 
-0.187596 -0.285528 -2.56612 0.0025 0.780852 0.707303 2.26451 0.00640326 130 4 1 6.60357e-07 
-0.184405 -0.27829 -2.53585 0.0025 0.785865 0.713666 2.27032 0.00636241 131 4 1 5.9122e-07 
-0.181234 -0.271208 -2.51215 0.0025 0.79083 0.719987 2.27604 0.00632247 132 4 1 6.24705e-07 
-0.178082 -0.26417 -2.53377 0.0025 0.795781 0.726308 2.28173 0.00628313 133 4 1 6.63221e-07 
-0.17495 -0.257114 -2.56234 0.0025 0.800758 0.732674 2.28743 0.00624409 134 4 1 6.46708e-07 
-0.171838 -0.250064 -2.56765 0.0025 0.805748 0.739072 2.29312 0.00620542 135 4 1 5.87771e-07 
-0.168745 -0.243107 -2.53733 0.0025 0.810709 0.74545 2.29875 0.00616744 136 4 1 5.63635e-07 
-0.165671 -0.236253 -2.52803 0.0025 0.815632 0.751797 2.30433 0.00613021 137 4 1 6.11055e-07 
-0.162615 -0.229408 -2.56398 0.0025 0.820563 0.758168 2.30989 0.00609338 138 4 1 6.24603e-07 
-0.159577 -0.222553 -2.57678 0.0025 0.825516 0.764581 2.31545 0.00605682 139 4 1 5.77519e-07 
-0.156558 -0.215735 -2.5624 0.0025 0.830457 0.770994 2.32099 0.00602078 140 4 1 5.27216e-07 
-0.153556 -0.209034 -2.52811 0.0025 0.835352 0.777365 2.32645 0.0059855 141 4 1 5.36492e-07 
-0.150572 -0.202427 -2.53653 0.0025 0.84022 0.783717 2.33186 0.00595082 142 4 1 6.06726e-07 
-0.147605 -0.195777 -2.59239 0.0025 0.845125 0.790129 2.3373 0.00591629 143 4 1 6.09914e-07 
-0.144656 -0.189095 -2.60661 0.0025 0.850067 0.796603 2.34276 0.00588189 144 4 1 5.27748e-07 
-0.141723 -0.182469 -2.56794 0.0025 0.854982 0.803055 2.34816 0.00584808 145 4 1 4.51205e-07 
-0.138808 -0.176028 -2.50535 0.0025 0.859816 0.809421 2.35346 0.0058152 146 4 1 5.22629e-07 
-0.135908 -0.169626 -2.56622 0.0025 0.864639 0.815788 2.35873 0.00578276 147 4 1 6.16511e-07 
-0.133025 -0.163128 -2.62508 0.0025 0.869534 0.82226 2.36407 0.0057502 148 4 1 5.64643e-07 
-0.130158 -0.156577 -2.61961 0.0025 0.874455 0.828777 2.36941 0.00571785 149 4 1 4.25329e-07 
-0.127307 -0.150224 -2.51721 0.0025 0.879289 0.835197 2.37464 0.00568641 150 4 1 3.9813e-07 
-0.124471 -0.144087 -2.49416 0.0025 0.884028 0.841511 2.37975 0.00565593 151 4 1 5.47404e-07 
-0.121651 -0.137867 -2.59192 0.0025 0.88881 0.847895 2.38489 0.0056255 152 4 1 6.46281e-07 
-0.118846 -0.131471 -2.68738 0.0025 0.893717 0.854451 2.39015 0.00559461 153 4 1 5.13886e-07 
-0.116056 -0.12506 -2.61317 0.0025 0.898627 0.861022 2.3954 0.00556404 154 4 1 3.24611e-07 
-0.113282 -0.118963 -2.48287 0.0025 0.903387 0.867415 2.40046 0.00553473 155 4 1 3.7994e-07 
-0.110522 -0.113049 -2.5022 0.0025 0.90806 0.873712 2.40541 0.00550624 156 4 1 5.71035e-07 
-0.107776 -0.106987 -2.6296 0.0025 0.912825 0.880141 2.41046 0.0054775 157 4 1 6.38044e-07 
-0.105044 -0.100685 -2.72224 0.0025 0.91773 0.886761 2.41563 0.00544822 158 4 1 4.18244e-07 
-0.102327 -0.0944999 -2.56678 0.0025 0.92258 0.893321 2.42073 0.00541959 159 4 1 2.44625e-07 
-0.0996244 -0.0886945 -2.45025 0.0025 0.927231 0.899636 2.4256 0.0053924 160 4 1 3.52279e-07 
-0.0969349 -0.083023 -2.46817 0.0025 0.931805 0.905864 2.43038 0.00536593 161 4 1 5.87832e-07 
-0.0942585 -0.0771521 -2.66309 0.0025 0.936516 0.912285 2.43529 0.00533894 162 4 1 6.21393e-07 
-0.0915959 -0.0710045 -2.70967 0.0025 0.941384 0.918922 2.44035 0.00531133 163 4 1 3.93632e-07 
-0.0889471 -0.0650046 -2.59305 0.0025 0.946196 0.925497 2.44533 0.00528432 164 4 1 2.13224e-07 
-0.0863115 -0.0593429 -2.42839 0.0025 0.950805 0.931819 2.45008 0.0052587 165 4 1 3.55526e-07 
-0.0836884 -0.0538496 -2.52782 0.0025 0.955347 0.938064 2.45476 0.0052337 166 4 1 4.77374e-07 
-0.0810778 -0.0481118 -2.54321 0.0025 0.95996 0.944407 2.45949 0.00520855 167 4 1 4.03282e-07 
-0.0784798 -0.0425772 -2.5388 0.0025 0.964589 0.9508 2.46422 0.00518355 168 4 1 7.03837e-07 
-0.0758942 -0.0365915 -2.93209 0.0025 0.969433 0.957481 2.46918 0.00515765 169 4 1 2.35938e-07 
-0.0733221 -0.0306035 -2.35026 0.0025 0.974113 0.96392 2.47395 0.00513288 170 4 1 -5.58668e-07 
-0.0707613 -0.0263618 -1.66631 0.0025 0.977997 0.969347 2.47785 0.00511249 171 4 1 7.65289e-07 
-0.0682096 -0.0216393 -2.91403 0.0025 0.982237 0.975288 2.48214 0.00509042 172 4 1 1.73422e-06 
-0.0656709 -0.0143934 -3.5805 0.0025 0.987633 0.982721 2.48765 0.00506261 173 4 1 -5.68346e-07 
-0.063147 -0.00860606 -1.66406 0.0025 0.9922 0.989025 2.49224 0.00503931 174 4 1 -1.53298e-06 
-0.0606316 -0.00617539 -0.880905 0.0025 0.995063 0.993125 2.49502 0.00502481 175 4 1 1.30986e-06 
-0.0581221 -0.00211985 -3.15113 0.0025 0.998852 0.9985 2.49883 0.00500575 176 4 1 2.62326e-06 
-0.0556258 0.00594612 -4.19047 0.0025 1.00467 1.00653 2.50475 0.00497678 177 4 1 -9.09352e-07 
-0.0531453 0.0120577 -1.44924 0.0025 1.00932 1.01294 2.50939 0.00495385 178 4 1 -2.94818e-06 
-0.0506719 0.0128916 0.523406 0.0025 1.01088 1.01525 2.51081 0.00494621 179 4 1 5.00451e-07 
-0.0481991 0.0139245 -2.05081 0.0025 1.01266 1.01788 2.51257 0.0049375 180 4 1 2.6811e-06 
-0.0457344 0.0202111 -3.40646 0.0025 1.01681 1.0236 2.5168 0.00491736 181 4 1 -9.50213e-07 
-0.0432817 0.0244067 -0.709724 0.0025 1.02001 1.02802 2.51997 0.00490191 182 4 1 -2.4624e-06 
-0.0408325 0.0244588 0.302753 0.0025 1.02044 1.02869 2.52035 0.00489983 183 3 1 -9.20277e-07 
-0.0383819 0.0234548 0.584071 0.0025 1.01965 1.0276 2.51955 0.00490367 184 4 1 -2.27666e-07 
-0.0359288 0.0221483 0.655438 0.0025 1.01853 1.02604 2.51845 0.00490904 185 4 1 -8.24386e-08 
-0.0334729 0.0207112 0.706377 0.0025 1.01728 1.02428 2.51721 0.00491506 186 4 1 -5.76368e-08 
-0.0310138 0.0191546 0.761492 0.0025 1.01593 1.02238 2.51587 0.00492159 187 4 1 -4.97255e-08 
-0.0285513 0.0174718 0.819216 0.0025 1.01448 1.02034 2.51444 0.00492862 188 4 1 -2.78495e-08 
-0.0260851 0.0156766 0.864966 0.0025 1.01296 1.0182 2.51292 0.00493603 189 4 1 9.96008e-09 
-0.0236152 0.0138084 0.885884 0.0025 1.0114 1.016 2.51137 0.00494364 190 4 1 5.61646e-08 
-0.0211415 0.0119232 0.87476 0.0025 1.00986 1.01383 2.50983 0.00495119 191 4 1 1.01345e-07 
-0.018664 0.01008 0.830857 0.0025 1.00838 1.01177 2.50837 0.00495843 192 4 1 1.38409e-07 
-0.0161831 0.00832937 0.758328 0.0025 1.00703 1.00986 2.50702 0.0049651 193 4 1 1.64061e-07 
-0.0136989 0.00670611 0.663835 0.0025 1.00583 1.00818 2.50582 0.00497102 194 4 1 1.78413e-07 
-0.011212 0.00522666 0.554403 0.0025 1.00481 1.00675 2.5048 0.00497606 195 4 1 1.83726e-07 
-0.00872286 0.00388968 0.436029 0.0025 1.00399 1.0056 2.50398 0.00498014 196 4 1 1.83101e-07 
-0.0062319 0.00267875 0.313065 0.0025 1.00337 1.00473 2.50336 0.00498321 197 4 1 1.79546e-07 
-0.00373965 0.00156584 0.188198 0.0025 1.00296 1.00415 2.50295 0.00498526 198 4 1 1.75506e-07 
-0.00124664 0.000514888 0.062763 0.0025 1.00275 1.00386 2.50274 0.00498629 199 4 1 1.72598e-07 
0.00124664 -0.000514888 -0.062763 0.0025 1.00275 1.00386 2.50274 0.00498629 200 4 1 1.72598e-07 
0.00373965 -0.00156584 -0.188198 0.0025 1.00296 1.00415 2.50295 0.00498526 201 4 1 1.75506e-07 
0.0062319 -0.00267875 -0.313065 0.0025 1.00337 1.00473 2.50336 0.00498321 202 4 1 1.79546e-07 
0.00872286 -0.00388968 -0.436029 0.0025 1.00399 1.0056 2.50398 0.00498014 203 4 1 1.83101e-07 
0.011212 -0.00522666 -0.554403 0.0025 1.00481 1.00675 2.5048 0.00497606 204 4 1 1.83726e-07 
0.0136989 -0.00670611 -0.663835 0.0025 1.00583 1.00818 2.50582 0.00497102 205 4 1 1.78413e-07 
0.0161831 -0.00832937 -0.758328 0.0025 1.00703 1.00986 2.50702 0.0049651 206 4 1 1.64061e-07 
0.018664 -0.01008 -0.830857 0.0025 1.00838 1.01177 2.50837 0.00495843 207 4 1 1.38409e-07 
0.0211415 -0.0119232 -0.87476 0.0025 1.00986 1.01383 2.50983 0.00495119 208 4 1 1.01345e-07 
0.0236152 -0.0138084 -0.885884 0.0025 1.0114 1.016 2.51137 0.00494364 209 4 1 5.61646e-08 
0.0260851 -0.0156766 -0.864966 0.0025 1.01296 1.0182 2.51292 0.00493603 210 4 1 9.96008e-09 
0.0285513 -0.0174718 -0.819216 0.0025 1.01448 1.02034 2.51444 0.00492862 211 4 1 -2.78495e-08 
0.0310138 -0.0191546 -0.761492 0.0025 1.01593 1.02238 2.51587 0.00492159 212 4 1 -4.97255e-08 
0.0334729 -0.0207112 -0.706377 0.0025 1.01728 1.02428 2.51721 0.00491506 213 4 1 -5.76368e-08 
0.0359288 -0.0221483 -0.655438 0.0025 1.01853 1.02604 2.51845 0.00490904 214 4 1 -8.24386e-08 
0.0383819 -0.0234548 -0.584071 0.0025 1.01965 1.0276 2.51955 0.00490367 215 4 1 -2.27666e-07 
0.0408325 -0.0244588 -0.302753 0.0025 1.02044 1.02869 2.52035 0.00489983 216 3 1 -9.20277e-07 
0.0432817 -0.0244067 0.709724 0.0025 1.02001 1.02802 2.51997 0.00490191 217 4 1 -2.4624e-06 
0.0457344 -0.0202111 3.40646 0.0025 1.01681 1.0236 2.5168 0.00491736 218 4 1 -9.50213e-07 
0.0481991 -0.0139245 2.05081 0.0025 1.01266 1.01788 2.51257 0.0049375 219 4 1 2.6811e-06 
0.0506719 -0.0128916 -0.523406 0.0025 1.01088 1.01525 2.51081 0.00494621 220 4 1 5.00451e-07 
0.0531453 -0.0120577 1.44924 0.0025 1.00932 1.01294 2.50939 0.00495385 221 4 1 -2.94818e-06 
0.0556258 -0.00594612 4.19047 0.0025 1.00467 1.00653 2.50475 0.00497678 222 4 1 -9.09352e-07 
0.0581221 0.00211985 3.15113 0.0025 0.998852 0.9985 2.49883 0.00500575 223 4 1 2.62326e-06 
0.0606316 0.00617539 0.880905 0.0025 0.995063 0.993125 2.49502 0.00502481 224 4 1 1.30986e-06 
0.063147 0.00860606 1.66406 0.0025 0.9922 0.989025 2.49224 0.00503931 225 4 1 -1.53298e-06 
0.0656709 0.0143934 3.5805 0.0025 0.987633 0.982721 2.48765 0.00506261 226 4 1 -5.68346e-07 
0.0682096 0.0216393 2.91403 0.0025 0.982237 0.975288 2.48214 0.00509042 227 4 1 1.73422e-06 
0.0707613 0.0263618 1.66631 0.0025 0.977997 0.969347 2.47785 0.00511249 228 4 1 7.65289e-07 
0.0733221 0.0306035 2.35026 0.0025 0.974113 0.96392 2.47395 0.00513288 229 4 1 -5.58668e-07 
0.0758942 0.0365915 2.93209 0.0025 0.969433 0.957481 2.46918 0.00515765 230 4 1 2.35938e-07 
0.0784798 0.0425772 2.5388 0.0025 0.964589 0.9508 2.46422 0.00518355 231 4 1 7.03837e-07 
0.0810778 0.0481118 2.54321 0.0025 0.95996 0.944407 2.45949 0.00520855 232 4 1 4.03282e-07 
0.0836884 0.0538496 2.52782 0.0025 0.955347 0.938064 2.45476 0.0052337 233 4 1 4.77374e-07 
0.0863115 0.0593429 2.42839 0.0025 0.950805 0.931819 2.45008 0.0052587 234 4 1 3.55526e-07 
0.0889471 0.0650046 2.59305 0.0025 0.946196 0.925497 2.44533 0.00528432 235 4 1 2.13224e-07 
0.0915959 0.0710045 2.70967 0.0025 0.941384 0.918922 2.44035 0.00531133 236 4 1 3.93632e-07 
0.0942585 0.0771521 2.66309 0.0025 0.936516 0.912285 2.43529 0.00533894 237 4 1 6.21393e-07 
0.0969349 0.083023 2.46817 0.0025 0.931805 0.905864 2.43038 0.00536593 238 4 1 5.87832e-07 
0.0996244 0.0886945 2.45025 0.0025 0.927231 0.899636 2.4256 0.0053924 239 4 1 3.52279e-07 
0.102327 0.0944999 2.56678 0.0025 0.92258 0.893321 2.42073 0.00541959 240 4 1 2.44625e-07 
0.105044 0.100685 2.72224 0.0025 0.91773 0.886761 2.41563 0.00544822 241 4 1 4.18244e-07 
0.107776 0.106987 2.6296 0.0025 0.912825 0.880141 2.41046 0.0054775 242 4 1 6.38044e-07 
0.110522 0.113049 2.5022 0.0025 0.90806 0.873712 2.40541 0.00550624 243 4 1 5.71035e-07 
0.113282 0.118963 2.48287 0.0025 0.903387 0.867415 2.40046 0.00553473 244 4 1 3.7994e-07 
0.116056 0.12506 2.61317 0.0025 0.898627 0.861022 2.3954 0.00556404 245 4 1 3.24611e-07 
0.118846 0.131471 2.68738 0.0025 0.893717 0.854451 2.39015 0.00559461 246 4 1 5.13886e-07 
0.121651 0.137867 2.59192 0.0025 0.88881 0.847895 2.38489 0.0056255 247 4 1 6.46281e-07 
0.124471 0.144087 2.49416 0.0025 0.884028 0.841511 2.37975 0.00565593 248 4 1 5.47404e-07 
0.127307 0.150224 2.51721 0.0025 0.879289 0.835197 2.37464 0.00568641 249 4 1 3.9813e-07 
0.130158 0.156577 2.61961 0.0025 0.874455 0.828777 2.36941 0.00571785 250 4 1 4.25329e-07 
0.133025 0.163128 2.62508 0.0025 0.869534 0.82226 2.36407 0.0057502 251 4 1 5.64643e-07 
0.135908 0.169626 2.56622 0.0025 0.864639 0.815788 2.35873 0.00578276 252 4 1 6.16511e-07 
0.138808 0.176028 2.50535 0.0025 0.859816 0.809421 2.35346 0.0058152 253 4 1 5.22629e-07 
0.141723 0.182469 2.56794 0.0025 0.854982 0.803055 2.34816 0.00584808 254 4 1 4.51205e-07 
0.144656 0.189095 2.60661 0.0025 0.850067 0.796603 2.34276 0.00588189 255 4 1 5.27748e-07 
0.147605 0.195777 2.59239 0.0025 0.845125 0.790129 2.3373 0.00591629 256 4 1 6.09914e-07 
0.150572 0.202427 2.53653 0.0025 0.84022 0.783717 2.33186 0.00595082 257 4 1 6.06726e-07 
0.153556 0.209034 2.52811 0.0025 0.835352 0.777365 2.32645 0.0059855 258 4 1 5.36492e-07 
0.156558 0.215735 2.5624 0.0025 0.830457 0.770994 2.32099 0.00602078 259 4 1 5.27216e-07 
0.159577 0.222553 2.57678 0.0025 0.825516 0.764581 2.31545 0.00605682 260 4 1 5.77519e-07 
0.162615 0.229408 2.56398 0.0025 0.820563 0.758168 2.30989 0.00609338 261 4 1 6.24603e-07 
0.165671 0.236253 2.52803 0.0025 0.815632 0.751797 2.30433 0.00613021 262 4 1 6.11055e-07 
0.168745 0.243107 2.53733 0.0025 0.810709 0.74545 2.29875 0.00616744 263 4 1 5.63635e-07 
0.171838 0.250064 2.56765 0.0025 0.805748 0.739072 2.29312 0.00620542 264 4 1 5.87771e-07 
0.17495 0.257114 2.56234 0.0025 0.800758 0.732674 2.28743 0.00624409 265 4 1 6.46708e-07 
0.178082 0.26417 2.53377 0.0025 0.795781 0.726308 2.28173 0.00628313 266 4 1 6.63221e-07 
0.181234 0.271208 2.51215 0.0025 0.79083 0.719987 2.27604 0.00632247 267 4 1 6.24705e-07 
0.184405 0.27829 2.53585 0.0025 0.785865 0.713666 2.27032 0.00636241 268 4 1 5.9122e-07 
0.187596 0.285528 2.56612 0.0025 0.780852 0.707303 2.26451 0.00640326 269 4 1 6.60357e-07 
0.190808 0.292787 2.52105 0.0025 0.775837 0.700953 2.25868 0.00644465 270 4 1 7.02895e-07 
0.194041 0.300021 2.51196 0.0025 0.770848 0.694648 2.25286 0.00648637 271 4 1 6.52776e-07 
0.197294 0.307322 2.53125 0.0025 0.76584 0.688338 2.247 0.00652878 272 4 1 6.4157e-07 
0.20057 0.314757 2.54915 0.0025 0.760795 0.682 2.24106 0.00657208 273 4 1 7.03479e-07 
0.203867 0.322202 2.50888 0.0025 0.755753 0.675683 2.23511 0.00661592 274 4 1 7.31507e-07 
0.207186 0.329629 2.50554 0.0025 0.750731 0.669403 2.22916 0.00666017 275 4 1 6.87976e-07 
0.210527 0.337161 2.52037 0.0025 0.74569 0.663119 2.22316 0.0067052 276 4 1 6.98675e-07 
0.213891 0.344765 2.51716 0.0025 0.740628 0.656826 2.21711 0.00675103 277 4 1 7.25879e-07 
0.217278 0.352412 2.51577 0.0025 0.735556 0.650538 2.21103 0.00679758 278 4 1 7.47476e-07 
0.220689 0.360104 2.49871 0.0025 0.730485 0.644267 2.20492 0.00684477 279 4 1 7.48433e-07 
0.224123 0.367845 2.50873 0.0025 0.725406 0.638005 2.19877 0.00689269 280 4 1 7.40551e-07 
0.227581 0.375676 2.51216 0.0025 0.720306 0.631735 2.19258 0.00694149 281 4 1 7.82837e-07 
0.231064 0.383555 2.48792 0.0025 0.71521 0.625487 2.18636 0.00699096 282 4 1 7.98502e-07 
0.234572 0.391429 2.48567 0.0025 0.710121 0.619264 2.18012 0.00704106 283 4 1 7.77163e-07 
0.238106 0.399402 2.49495 0.0025 0.705016 0.613042 2.17384 0.00709204 284 4 1 8.04647e-07 
0.241664 0.407418 2.4748 0.0025 0.699911 0.606837 2.16753 0.00714377 285 4 1 8.40367e-07 
0.245249 0.415439 2.45825 0.0025 0.694824 0.600672 2.16122 0.00719606 286 4 1 8.39215e-07 
0.248861 0.423506 2.44725 0.0025 0.689755 0.594546 2.15489 0.00724895 287 4 1 8.64037e-07 
0.252498 0.431557 2.40926 0.0025 0.684722 0.588483 2.14859 0.00730223 288 4 1 8.84585e-07 
0.256163 0.439567 2.37678 0.0025 0.679744 0.582502 2.14233 0.00735571 289 4 1 8.80465e-07 
0.259854 0.447497 2.33695 0.0025 0.674826 0.57661 2.13612 0.00740932 290 4 1 8.67134e-07 
0.263572 0.455415 2.31313 0.0025 0.669963 0.570802 2.12995 0.0074631 291 4 1 8.70263e-07 
0.267317 0.463267 2.25817 0.0025 0.665168 0.565092 2.12384 0.0075169 292 4 1 8.826e-07 
0.271089 0.470979 2.2076 0.0025 0.66046 0.559498 2.11781 0.00757048 293 4 1 8.19697e-07 
0.274888 0.47867 2.201 0.0025 0.6558 0.553978 2.11182 0.00762428 294 4 1 7.82026e-07 
0.278714 0.486392 2.17682 0.0025 0.651164 0.548503 2.10584 0.00767856 295 4 1 7.85858e-07 
0.282567 0.494087 2.16266 0.0025 0.646551 0.54307 2.09986 0.00773334 296 4 1 7.5515e-07 
0.286447 0.501846 2.16806 0.0025 0.641934 0.537647 2.09385 0.00778896 297 4 1 7.35581e-07 
0.290356 0.509705 2.17946 0.0025 0.637289 0.532208 2.08777 0.00784574 298 4 1 7.45708e-07 
0.294293 0.517661 2.18814 0.0025 0.632608 0.526743 2.08163 0.00790379 299 4 1 7.49763e-07 
0.29826 0.525759 2.21503 0.0025 0.627876 0.521236 2.07539 0.00796335 300 4 1 7.6221e-07 
0.302257 0.534008 2.23421 0.0025 0.623083 0.515674 2.06903 0.00802461 301 4 1 7.99737e-07 
0.306284 0.542407 2.25223 0.0025 0.618232 0.510062 2.06258 0.00808757 302 4 1 8.16581e-07 
0.310344 0.550972 2.28593 0.0025 0.613312 0.504387 2.05599 0.00815246 303 4 1 8.44324e-07 
0.314437 0.559761 2.31132 0.0025 0.608314 0.498644 2.04928 0.00821944 304 4 1 8.9962e-07 
0.318564 0.568716 2.32968 0.0025 0.603253 0.492846 2.04244 0.0082884 305 4 1 9.47033e-07 
0.322726 0.577821 2.34876 0.0025 0.598134 0.487002 2.03549 0.00835933 306 4 1 9.90217e-07 
0.326923 0.587102 2.36691 0.0025 0.592966 0.481123 2.02844 0.00843219 307 4 1 1.07318e-06 
0.331158 0.596469 2.34754 0.0025 0.587789 0.475257 2.02134 0.00850645 308 4 1 1.17705e-06 
0.33543 0.605794 2.30014 0.0025 0.582673 0.469481 2.01428 0.00858114 309 4 1 1.27584e-06 
0.339739 0.614922 2.19484 0.0025 0.577709 0.463894 2.0074 0.00865488 310 4 1 1.33783e-06 
0.344085 0.623658 2.06483 0.0025 0.572981 0.45859 2.00081 0.0087263 311 4 1 1.32277e-06 
0.348466 0.631899 1.91129 0.0025 0.568545 0.453628 1.9946 0.00879438 312 4 1 1.2534e-06 
0.352879 0.639579 1.76109 0.0025 0.564425 0.449032 1.98881 0.00885857 313 4 1 1.12105e-06 
0.357324 0.646732 1.6385 0.0025 0.560602 0.444779 1.98341 0.00891898 314 4 1 1.00341e-06 
0.361799 0.653431 1.51729 0.0025 0.557061 0.440853 1.97839 0.00897567 315 4 1 9.7802e-07 
0.3663 0.659566 1.35391 0.0025 0.553853 0.437309 1.97383 0.00902767 316 4 1 1.04638e-06 
0.370826 0.664876 1.10084 0.0025 0.551111 0.434288 1.96991 0.00907259 317 4 1 1.12313e-06 
0.375373 0.668924 0.768832 0.0025 0.548995 0.431957 1.96688 0.00910755 318 4 1 1.02874e-06 
0.379934 0.671634 0.477561 0.0025 0.547542 0.43035 1.9648 0.00913172 319 4 1 7.21414e-07 
0.384505 0.673348 0.315211 0.0025 0.546596 0.4293 1.96345 0.00914753 320 4 1 4.26121e-07 
0.389081 0.674525 0.220243 0.0025 0.545967 0.428607 1.96255 0.00915806 321 4 1 3.37994e-07 
0.393663 0.675228 0.0875518 0.0025 0.545604 0.428207 1.96202 0.00916416 322 4 1 2.87964e-07 
0.398246 0.675405 0.00421705 0.0025 0.545472 0.428056 1.96184 0.00916638 323 4 1 1.31078e-07 
0.402829 0.675409 -0.00397277 0.0025 0.545449 0.428027 1.96181 0.00916676 324 5 1 2.932e-08 
0.407412 0.675391 -0.00929806 0.0025 0.545452 0.428031 1.96181 0.00916671 325 4 1 2.38104e-08 
0.411996 0.675332 -0.0195361 0.0025 0.545475 0.428057 1.96185 0.00916633 326 4 1 2.48117e-08 
0.416579 0.675244 -0.0260337 0.0025 0.545518 0.428104 1.96191 0.00916561 327 4 1 1.65134e-08 
0.421161 0.675132 -0.0298945 0.0025 0.545574 0.428167 1.962 0.00916465 328 4 1 1.07479e-08 
0.425743 0.675004 -0.0320587 0.0025 0.54564 0.428239 1.96209 0.00916355 329 4 1 6.20998e-09 
0.430325 0.674866 -0.0326309 0.0025 0.54571 0.428317 1.9622 0.00916237 330 4 1 2.31219e-09 
0.434906 0.674724 -0.0319452 0.0025 0.545782 0.428397 1.96231 0.00916116 331 4 1 -6.76493e-10 
0.439486 0.674584 -0.0306637 0.0025 0.545854 0.428475 1.96241 0.00915996 332 4 1 -2.33737e-09 
0.444066 0.67445 -0.0291157 0.0025 0.545923 0.428552 1.96251 0.0091588 333 4 1 -3.52238e-09 
0.448645 0.674326 -0.0273065 0.0025 0.545989 0.428625 1.96261 0.0091577 334 4 1 -4.96993e-09 
0.453223 0.674212 -0.0251603 0.0025 0.54605 0.428693 1.9627 0.00915667 335 4 1 -6.45229e-09 
0.457801 0.674107 -0.0227178 0.0025 0.546106 0.428756 1.96279 0.00915573 336 4 1 -6.46456e-09 
0.462379 0.674012 -0.0202194 0.0025 0.546157 0.428812 1.96286 0.00915488 337 4 1 -5.79796e-09 
0.466956 0.673925 -0.017969 0.0025 0.546202 0.428862 1.96293 0.00915412 338 4 1 -5.70708e-09 
0.471533 0.673847 -0.0160966 0.0025 0.546242 0.428908 1.96299 0.00915345 339 4 1 -5.22669e-09 
0.47611 0.673778 -0.0145022 0.0025 0.546279 0.428948 1.96305 0.00915284 340 4 1 -4.11927e-09 
0.480686 0.673716 -0.0130304 0.0025 0.546311 0.428985 1.9631 0.00915229 341 4 1 -3.54971e-09 
0.485262 0.673662 -0.011638 0.0025 0.54634 0.429018 1.96314 0.00915181 342 4 1 -4.38429e-09 
0.489838 0.673613 -0.010385 0.0025 0.546366 0.429047 1.96319 0.00915137 343 4 1 -3.49762e-09 
0.494413 0.673569 -0.009323 0.0025 0.546389 0.429073 1.96322 0.00915099 344 4 1 -1.99704e-09 
0.498989 0.67353 -0.00843253 0.0025 0.54641 0.429097 1.96326 0.00915064 345 4 1 -2.25503e-09 
0.503564 0.673495 -0.00765176 0.0025 0.546428 0.429118 1.96329 0.00915034 346 4 1 -2.86399e-09 
0.508139 0.673464 -0.00693505 0.0025 0.546445 0.429137 1.96332 0.00915006 347 4 1 -1.9118e-09 
0.512714 0.673436 -0.0062777 0.0025 0.54646 0.429155 1.96334 0.00914981 348 4 1 -9.64199e-10 
0.517289 0.673411 -0.00569733 0.0025 0.546473 0.42917 1.96337 0.00914958 349 4 1 -1.66606e-09 
0.521864 0.673388 -0.00520223 0.0025 0.546485 0.429185 1.96339 0.00914938 350 4 1 -1.77575e-09 
0.526438 0.673368 -0.00477825 0.0025 0.546496 0.429198 1.96341 0.0091492 351 4 1 -7.43035e-10 
0.531013 0.673349 -0.00439977 0.0025 0.546506 0.42921 1.96343 0.00914903 352 4 1 -3.30665e-10 
0.535587 0.673332 -0.00404795 0.0025 0.546515 0.429221 1.96345 0.00914889 353 4 1 -1.57018e-09 
0.540162 0.673317 -0.00371724 0.0025 0.546523 0.429231 1.96346 0.00914875 354 4 1 -1.16165e-09 
0.544736 0.673303 -0.00340696 0.0025 0.54653 0.42924 1.96348 0.00914863 355 4 1 2.09847e-10 
0.54931 0.67329 -0.00310981 0.0025 0.546536 0.429249 1.9635 0.00914852 356 4 1 -7.69578e-10 
0.553885 0.673278 -0.00280931 0.0025 0.546542 0.429256 1.96351 0.00914843 357 4 1 -1.43805e-09 
0.558459 0.673267 -0.00248735 0.0025 0.546547 0.429263 1.96352 0.00914835 358 4 1 -4.42323e-10 
0.563033 0.673256 -0.00213443 0.0025 0.54655 0.429269 1.96354 0.00914829 359 4 1 -2.31133e-10 
0.567607 0.673244 -0.00175552 0.0025 0.546553 0.429274 1.96355 0.00914824 360 4 1 -1.68546e-09 
0.572181 0.673233 -0.00137067 0.0025 0.546555 0.429278 1.96356 0.00914821 361 4 1 -7.92082e-10 
0.576755 0.673221 -0.001012 0.0025 0.546556 0.429281 1.96357 0.00914819 362 4 1 7.01089e-10 
0.581329 0.673209 -0.000717543 0.0025 0.546556 0.429283 1.96358 0.00914819 363 3 1 -1.36237e-09 
0.585904 0.673198 -0.000520242 0.0025 0.546556 0.429285 1.96359 0.0091482 364 4 1 -4.1342e-10 
0.590478 0.673186 -0.000434565 0.0025 0.546555 0.429286 1.9636 0.00914821 365 4 1 2.1674e-09 
0.595052 0.673176 -0.000447936 0.0025 0.546554 0.429287 1.96361 0.00914822 366 4 1 -6.0413e-10 
0.599626 0.673167 -0.000524129 0.0025 0.546553 0.429289 1.96362 0.00914824 367 4 1 -5.65438e-10 
0.6042 0.673159 -0.000618139 0.0025 0.546553 0.429291 1.96363 0.00914825 368 4 1 2.2365e-09 
0.608774 0.673152 -0.000693794 0.0025 0.546552 0.429293 1.96364 0.00914826 369 4 1 7.03234e-10 
0.613348 0.673146 -0.000734089 0.0025 0.546551 0.429295 1.96365 0.00914828 370 4 1 -6.48968e-10 
0.617922 0.673141 -0.000740321 0.0025 0.54655 0.429297 1.96367 0.0091483 371 4 1 9.22413e-10 
0.622497 0.673136 -0.000723686 0.0025 0.546549 0.429299 1.96368 0.00914832 372 4 1 1.24242e-09 
0.627071 0.673132 -0.000696086 0.0025 0.546547 0.4293 1.96369 0.00914834 373 4 1 -3.61514e-10 
0.631645 0.673128 -0.000664863 0.0025 0.546545 0.429302 1.96371 0.00914837 374 4 1 7.23278e-10 
0.636219 0.673124 -0.000632216 0.0025 0.546543 0.429304 1.96372 0.00914841 375 4 1 1.45208e-09 
0.640793 0.673121 -0.000597464 0.0025 0.54654 0.429306 1.96374 0.00914845 376 4 1 -2.09974e-10 
0.645368 0.673117 -0.000559827 0.0025 0.546538 0.429307 1.96376 0.0091485 377 4 1 1.00993e-09 
0.649942 0.673114 -0.000520202 0.0025 0.546534 0.429309 1.96378 0.00914855 378 4 1 1.1415e-09 
0.654516 0.673112 -0.000481335 0.0025 0.546531 0.42931 1.9638 0.00914862 379 4 1 1.12442e-09 
0.65909 0.673109 -0.000446592 0.0025 0.546526 0.429311 1.96382 0.00914869 380 4 1 2.66479e-09 
0.663665 0.673106 -0.00041815 0.0025 0.546521 0.429312 1.96384 0.00914877 381 4 1 -1.21902e-09 
0.668239 0.673104 -0.000395746 0.0025 0.546516 0.429313 1.96386 0.00914886 382 4 1 1.46077e-09 
0.672814 0.673102 -0.000376845 0.0025 0.546511 0.429314 1.96389 0.00914895 383 4 1 4.87835e-09 
0.677388 0.6731 -0.000358148 0.0025 0.546504 0.429315 1.96392 0.00914906 384 4 1 -1.61385e-09 
0.681963 0.673098 -0.000337512 0.0025 0.546497 0.429316 1.96394 0.00914918 385 4 1 2.08034e-09 
0.686537 0.673096 -0.000315016 0.0025 0.54649 0.429317 1.96398 0.00914931 386 4 1 3.53028e-09 
0.691112 0.673095 -0.000292554 0.0025 0.546481 0.429318 1.96401 0.00914945 387 4 1 2.8136e-09 
0.695687 0.673093 -0.000272369 0.0025 0.546471 0.429318 1.96405 0.00914962 388 4 1 4.69887e-09 
0.700262 0.673092 -0.000255628 0.0025 0.54646 0.429319 1.96409 0.0091498 389 4 1 -2.26215e-09 
0.704837 0.67309 -0.000241951 0.0025 0.546449 0.42932 1.96413 0.00914998 390 4 1 5.45765e-09 
0.709412 0.673089 -0.000230021 0.0025 0.546437 0.429321 1.96418 0.00915019 391 4 1 4.74678e-09 
0.713987 0.673088 -0.000218632 0.0025 0.546423 0.429322 1.96423 0.00915042 392 4 1 8.21723e-09 
0.718562 0.673087 -0.000207364 0.0025 0.54641 0.429324 1.9643 0.00915064 393 4 1 -3.52868e-09 
0.723137 0.673086 -0.000196522 0.0025 0.546387 0.429326 1.96436 0.00915102 394 4 1 1.43713e-07 
0.727713 0.673085 -0.000186611 0.0025 0.546376 0.429356 1.96459 0.0091512 395 4 1 -1.38698e-07 
0.732289 0.673084 -0.000177846 0.0025 0.545978 0.429201 1.96465 0.00915788 396 5 1 3.48568e-06 
0.736871 0.673083 -0.000170052 0.0025 0.548243 0.430865 1.96851 0.00912004 397 3 1 -1.90585e-05 
0.741409 0.673082 -0.000163019 0.0025 0.536913 0.426195 1.95005 0.0093125 398 4 1 0.000179253 
0.74619 0.673081 -0.000156179 0.0025 0.511056 0.432732 2.15251 0.00978367 399 4 1 -0.000134225 
0.751199 0.673081 -0.000149738 0.0025 0.48281 0.424507 2.15549 0.010356 400 4 1 0.000266085 
0.75656 0.67308 -0.000143843 0.0025 0.454325 0.43295 2.44418 0.0110053 401 4 1 -0.000240409 
0.762215 0.673079 -0.00013893 0.0025 0.447027 0.427286 2.38027 0.011185 402 5 1 5.38093e-05 
0.767746 0.673079 -0.000135438 0.0025 0.452458 0.429657 2.37465 0.0110507 403 4 1 -3.0127e-06 
0.773266 0.673078 -0.000132926 0.0025 0.453641 0.429328 2.36526 0.0110219 404 4 1 3.91282e-06 
0.778768 0.673078 -0.000131116 0.0025 0.454721 0.429386 2.36047 0.0109958 405 4 1 1.27163e-06 
0.784262 0.673077 -0.000129743 0.0025 0.455345 0.42936 2.35717 0.0109807 406 4 1 8.42997e-07 
0.789749 0.673077 -0.000128502 0.0025 0.455789 0.429349 2.35487 0.01097 407 4 1 5.44452e-07 
0.795232 0.673077 -0.000126878 0.0025 0.45611 0.429342 2.35321 0.0109623 408 4 1 3.49183e-07 
0.800711 0.673077 -0.000124127 0.0025 0.456351 0.429338 2.35197 0.0109565 409 4 1 2.46821e-07 
0.806188 0.673076 -0.000119387 0.0025 0.456535 0.429335 2.35102 0.0109521 410 4 1 1.7733e-07 
0.811663 0.673076 -0.000111795 0.0025 0.456679 0.429334 2.35028 0.0109486 411 4 1 1.30976e-07 
0.817137 0.673076 -0.000100534 0.0025 0.456793 0.429333 2.34969 0.0109459 412 4 1 9.80742e-08 
0.822609 0.673076 -8.48306e-05 0.0025 0.456884 0.429332 2.34922 0.0109437 413 4 1 7.5449e-08 
0.82808 0.673076 -6.40381e-05 0.0025 0.456958 0.429331 2.34885 0.0109419 414 4 1 5.8824e-08 
0.833551 0.673075 -3.78297e-05 0.0025 0.457017 0.429331 2.34854 0.0109405 415 4 1 4.63533e-08 
0.839021 0.673075 -6.45158e-06 0.0025 0.457066 0.429331 2.34829 0.0109393 416 4 1 3.6952e-08 
0.84449 0.673074 2.91107e-05 0.0025 0.457107 0.42933 2.34808 0.0109384 417 4 1 2.97234e-08 
0.849959 0.673074 6.71438e-05 0.0025 0.45714 0.42933 2.34791 0.0109376 418 4 1 2.40522e-08 
0.855428 0.673073 0.0001054 0.0025 0.457168 0.429329 2.34776 0.0109369 419 4 1 1.9612e-08 
0.860896 0.673072 0.000141449 0.0025 0.457191 0.429329 2.34764 0.0109364 420 4 1 1.61054e-08 
0.866364 0.673071 0.000173257 0.0025 0.45721 0.429328 2.34754 0.0109359 421 4 1 1.33263e-08 
0.871832 0.673069 0.000200118 0.0025 0.457226 0.429328 2.34746 0.0109355 422 4 1 1.1085e-08 
0.8773 0.673068 0.000223606 0.0025 0.457239 0.429327 2.34739 0.0109352 423 4 1 9.23226e-09 
0.882767 0.673067 0.000246267 0.0025 0.45725 0.429327 2.34733 0.0109349 424 4 1 7.7432e-09 
0.888235 0.673066 0.000262106 0.0025 0.457259 0.429326 2.34728 0.0109347 425 4 1 6.59106e-09 
0.893702 0.673065 0.000230055 0.0025 0.457267 0.429325 2.34723 0.0109345 426 4 1 5.48558e-09 
0.899169 0.673063 2.27349e-05 0.0025 0.457274 0.429325 2.3472 0.0109344 427 4 1 5.09383e-09 
0.904636 0.673061 -0.000667968 0.0025 0.45728 0.429326 2.34717 0.0109342 428 4 1 6.80536e-09 
0.910103 0.673053 -0.00257209 0.0025 0.457288 0.429329 2.34714 0.010934 429 4 1 1.12031e-08 
0.91557 0.673034 -0.00748309 0.0025 0.457299 0.429338 2.34714 0.0109338 430 4 1 1.95062e-08 
0.921037 0.672984 -0.0189972 0.0025 0.457319 0.429359 2.34715 0.0109333 431 4 1 2.58283e-08 
0.926504 0.67288 -0.0379159 0.0025 0.457351 0.429396 2.3472 0.0109325 432 4 1 -3.14044e-08 
0.93197 0.672754 -0.0255844 0.0025 0.457361 0.429389 2.3472 0.0109323 433 3 1 -4.97735e-07 
0.937436 0.673213 0.370323 0.0025 0.457069 0.428988 2.34659 0.0109393 434 4 1 -1.04764e-06 
0.942909 0.676591 1.40654 0.0025 0.456209 0.427985 2.34479 0.0109599 435 5 1 2.95404e-06 
0.948396 0.677685 -1.9995 0.0025 0.457097 0.42959 2.34655 0.0109386 436 4 1 2.61926e-05 
0.953848 0.651625 -14.821 0.0025 0.467165 0.443919 2.36785 0.0107029 437 4 1 0.000110872 
0.959105 0.560249 -38.2001 0.0025 0.497944 0.487349 2.43469 0.0100413 438 4 1 0.000211386 
0.96392 0.403099 -49.8229 0.0025 0.553855 0.567848 2.5532 0.00902763 439 4 1 0.000184099 
0.96818 0.248923 -38.9812 0.0025 0.621093 0.66774 2.68535 0.00805032 440 4 1 8.51323e-05 
0.972 0.145049 -24.1152 0.0025 0.679756 0.758166 2.79045 0.00735558 441 4 1 2.31092e-05 
0.975547 0.0820536 -14.717 0.0025 0.721858 0.825077 2.86017 0.00692657 442 4 1 -1.03505e-06 
0.978931 0.0450051 -8.41847 0.0025 0.749181 0.869275 2.903 0.00667395 443 4 1 -7.85875e-06 
0.982223 0.0244555 -4.67364 0.0025 0.76541 0.895882 2.92757 0.00653245 444 4 1 -6.64841e-06 
0.985464 0.0132419 -2.55183 0.0025 0.774379 0.910963 2.9415 0.00645678 445 4 1 -3.1496e-06 
0.988679 0.00717919 -1.376 0.0025 0.778682 0.919312 2.9511 0.00642111 446 3 1 1.53765e-06 
0.991885 0.00386493 -0.734881 0.0025 0.77864 0.923547 2.96261 0.00642145 447 4 1 1.31298e-05 
0.995101 0.00193029 -0.362156 0.0025 0.77255 0.924851 2.98995 0.00647207 448 4 1 1.61883e-05 
0.998357 0.000586827 -0.109015 0.0025 0.764352 0.925846 3.03596 0.00654149 449 4 1 -3.56318e-05 
1.00164 -0.000586827 0.109015 0.0025 0.764352 0.925846 3.03596 0.00654149 450 4 1 -3.56318e-05 
1.0049 -0.00193029 0.362156 0.0025 0.77255 0.924851 2.98995 0.00647207 451 4 1 1.61883e-05 
1.00811 -0.00386493 0.734881 0.0025 0.77864 0.923547 2.96261 0.00642145 452 4 1 1.31298e-05 
1.01132 -0.00717919 1.376 0.0025 0.778682 0.919312 2.9511 0.00642111 453 3 1 1.53765e-06 
1.01454 -0.0132419 2.55183 0.0025 0.774379 0.910963 2.9415 0.00645678 454 4 1 -3.1496e-06 
1.01778 -0.0244555 4.67364 0.0025 0.76541 0.895882 2.92757 0.00653245 455 4 1 -6.64841e-06 
1.02107 -0.0450051 8.41847 0.0025 0.749181 0.869275 2.903 0.00667395 456 4 1 -7.85875e-06 
1.02445 -0.0820536 14.717 0.0025 0.721858 0.825077 2.86017 0.00692657 457 4 1 -1.03505e-06 
1.028 -0.145049 24.1152 0.0025 0.679756 0.758166 2.79045 0.00735558 458 4 1 2.31092e-05 
1.03182 -0.248923 38.9812 0.0025 0.621093 0.66774 2.68535 0.00805032 459 4 1 8.51323e-05 
1.03608 -0.403099 49.8229 0.0025 0.553855 0.567848 2.5532 0.00902763 460 4 1 0.000184099 
1.04089 -0.560249 38.2001 0.0025 0.497944 0.487349 2.43469 0.0100413 461 4 1 0.000211386 
1.04615 -0.651625 14.821 0.0025 0.467165 0.443919 2.36785 0.0107029 462 4 1 0.000110872 
1.0516 -0.677685 1.9995 0.0025 0.457097 0.42959 2.34655 0.0109386 463 4 1 2.61926e-05 
1.05709 -0.676591 -1.40654 0.0025 0.456209 0.427985 2.34479 0.0109599 464 5 1 2.95404e-06 
1.06256 -0.673213 -0.370323 0.0025 0.457069 0.428988 2.34659 0.0109393 465 4 1 -1.04764e-06 
1.06803 -0.672754 0.0255844 0.0025 0.457361 0.429389 2.3472 0.0109323 466 3 1 -4.97735e-07 
1.0735 -0.67288 0.0379159 0.0025 0.457351 0.429396 2.3472 0.0109325 467 4 1 -3.14044e-08 
1.07896 -0.672984 0.0189972 0.0025 0.457319 0.429359 2.34715 0.0109333 468 4 1 2.58283e-08 
1.08443 -0.673034 0.00748309 0.0025 0.457299 0.429338 2.34714 0.0109338 469 4 1 1.95062e-08 
1.0899 -0.673053 0.00257209 0.0025 0.457288 0.429329 2.34714 0.010934 470 4 1 1.12031e-08 
1.09536 -0.673061 0.000667968 0.0025 0.45728 0.429326 2.34717 0.0109342 471 4 1 6.80536e-09 
1.10083 -0.673063 -2.27349e-05 0.0025 0.457274 0.429325 2.3472 0.0109344 472 4 1 5.09383e-09 
1.1063 -0.673065 -0.000230055 0.0025 0.457267 0.429325 2.34723 0.0109345 473 4 1 5.48558e-09 
1.11177 -0.673066 -0.000262106 0.0025 0.457259 0.429326 2.34728 0.0109347 474 4 1 6.59106e-09 
1.11723 -0.673067 -0.000246267 0.0025 0.45725 0.429327 2.34733 0.0109349 475 4 1 7.7432e-09 
1.1227 -0.673068 -0.000223606 0.0025 0.457239 0.429327 2.34739 0.0109352 476 4 1 9.23226e-09 
1.12817 -0.673069 -0.000200118 0.0025 0.457226 0.429328 2.34746 0.0109355 477 4 1 1.1085e-08 
1.13364 -0.673071 -0.000173257 0.0025 0.45721 0.429328 2.34754 0.0109359 478 4 1 1.33263e-08 
1.1391 -0.673072 -0.000141449 0.0025 0.457191 0.429329 2.34764 0.0109364 479 4 1 1.61054e-08 
1.14457 -0.673073 -0.0001054 0.0025 0.457168 0.429329 2.34776 0.0109369 480 4 1 1.9612e-08 
1.15004 -0.673074 -6.71438e-05 0.0025 0.45714 0.42933 2.34791 0.0109376 481 4 1 2.40522e-08 
1.15551 -0.673074 -2.91107e-05 0.0025 0.457107 0.42933 2.34808 0.0109384 482 4 1 2.97234e-08 
1.16098 -0.673075 6.4516e-06 0.0025 0.457066 0.429331 2.34829 0.0109393 483 4 1 3.6952e-08 
1.16645 -0.673075 3.78297e-05 0.0025 0.457017 0.429331 2.34854 0.0109405 484 4 1 4.63533e-08 
1.17192 -0.673076 6.40381e-05 0.0025 0.456958 0.429331 2.34885 0.0109419 485 4 1 5.8824e-08 
1.17739 -0.673076 8.48306e-05 0.0025 0.456884 0.429332 2.34922 0.0109437 486 4 1 7.5449e-08 
1.18286 -0.673076 0.000100533 0.0025 0.456793 0.429333 2.34969 0.0109459 487 4 1 9.80742e-08 
1.18834 -0.673076 0.000111795 0.0025 0.456679 0.429334 2.35028 0.0109486 488 4 1 1.30976e-07 
1.19381 -0.673076 0.000119387 0.0025 0.456535 0.429335 2.35102 0.0109521 489 4 1 1.7733e-07 
1.19929 -0.673077 0.000124127 0.0025 0.456351 0.429338 2.35197 0.0109565 490 4 1 2.46821e-07 
1.20477 -0.673077 0.000126878 0.0025 0.45611 0.429342 2.35321 0.0109623 491 4 1 3.49183e-07 
1.21025 -0.673077 0.000128502 0.0025 0.455789 0.429349 2.35487 0.01097 492 4 1 5.44452e-07 
1.21574 -0.673077 0.000129743 0.0025 0.455345 0.42936 2.35717 0.0109807 493 4 1 8.42997e-07 
1.22123 -0.673078 0.000131116 0.0025 0.454721 0.429386 2.36047 0.0109958 494 4 1 1.27163e-06 
1.22673 -0.673078 0.000132926 0.0025 0.453641 0.429328 2.36526 0.0110219 495 4 1 3.91282e-06 
1.23225 -0.673079 0.000135438 0.0025 0.452458 0.429657 2.37465 0.0110507 496 4 1 -3.0127e-06 
1.23778 -0.673079 0.000138931 0.0025 0.447027 0.427286 2.38027 0.011185 497 5 1 5.38093e-05 
1.24344 -0.67308 0.000143843 0.0025 0.454325 0.43295 2.44418 0.0110053 498 4 1 -0.000240409 
1.2488 -0.673081 0.000149738 0.0025 0.48281 0.424507 2.15549 0.010356 499 4 1 0.000266085 
