# Time [s]: 0.377716
# Columns: pos [m], vel [m/s], acc [m/s^2], mass [kg], dens [kg/m^3], pres [Pa], ene [J/kg], sml [m], id, neighbor, alpha, gradh, ...additional?
1.24799 -0.67308 0.00013214 0.0025 0.511056 0.432733 2.15251 0.00978366 0 4 1 -0.000134225 
1.25277 -0.673081 0.000137795 0.0025 0.536914 0.426196 1.95005 0.00931248 1 4 1 0.000179253 
1.25731 -0.673082 0.000143854 0.0025 0.548244 0.430866 1.96851 0.00912003 2 3 1 -1.90585e-05 
1.26189 -0.673082 0.000150748 0.0025 0.545979 0.429202 1.96465 0.00915786 3 5 1 3.48567e-06 
1.26646 -0.673083 0.00015822 0.0025 0.546377 0.429357 1.96459 0.00915119 4 4 1 -1.38694e-07 
1.27104 -0.673084 0.000165942 0.0025 0.546388 0.429327 1.96436 0.00915101 5 4 1 1.43719e-07 
1.27561 -0.673085 0.000173798 0.0025 0.546411 0.429326 1.9643 0.00915062 6 4 1 -3.52088e-09 
1.28019 -0.673086 0.000182211 0.0025 0.546424 0.429323 1.96424 0.0091504 7 4 1 8.22454e-09 
1.28477 -0.673087 0.000192085 0.0025 0.546438 0.429322 1.96418 0.00915017 8 4 1 4.751e-09 
1.28934 -0.673088 0.000204282 0.0025 0.54645 0.429321 1.96414 0.00914996 9 4 1 5.45825e-09 
1.29392 -0.673089 0.000218922 0.0025 0.546462 0.429321 1.96409 0.00914977 10 4 1 -2.26239e-09 
1.29849 -0.673091 0.000235053 0.0025 0.546473 0.42932 1.96405 0.00914959 11 4 1 4.70282e-09 
1.30306 -0.673092 0.000251079 0.0025 0.546483 0.42932 1.96401 0.00914942 12 4 1 2.82569e-09 
1.30764 -0.673094 0.000265792 0.0025 0.546491 0.429319 1.96398 0.00914928 13 4 1 3.55001e-09 
1.31221 -0.673095 0.000279353 0.0025 0.546499 0.429318 1.96395 0.00914915 14 4 1 2.10201e-09 
1.31679 -0.673097 0.000293472 0.0025 0.546506 0.429317 1.96392 0.00914903 15 4 1 -1.59817e-09 
1.32136 -0.673099 0.000310567 0.0025 0.546513 0.429317 1.96389 0.00914892 16 4 1 4.883e-09 
1.32594 -0.673101 0.000332361 0.0025 0.546519 0.429316 1.96387 0.00914882 17 4 1 1.45591e-09 
1.33051 -0.673103 0.00035881 0.0025 0.546524 0.429315 1.96384 0.00914873 18 4 1 -1.2255e-09 
1.33509 -0.673105 0.000388021 0.0025 0.546529 0.429314 1.96382 0.00914865 19 4 1 2.66675e-09 
1.33966 -0.673108 0.000417194 0.0025 0.546533 0.429313 1.9638 0.00914857 20 4 1 1.14169e-09 
1.34423 -0.67311 0.000443964 0.0025 0.546537 0.429312 1.96378 0.00914851 21 4 1 1.1746e-09 
1.34881 -0.673113 0.000467259 0.0025 0.546541 0.42931 1.96376 0.00914845 22 4 1 1.05414e-09 
1.35338 -0.673116 0.00048701 0.0025 0.546544 0.429309 1.96375 0.0091484 23 4 1 -1.59682e-10 
1.35796 -0.673119 0.00050263 0.0025 0.546547 0.429308 1.96373 0.00914835 24 4 1 1.50932e-09 
1.36253 -0.673123 0.000510911 0.0025 0.546549 0.429307 1.96371 0.00914831 25 4 1 7.98061e-10 
1.36711 -0.673126 0.000504769 0.0025 0.546551 0.429305 1.9637 0.00914827 26 4 1 -2.51348e-10 
1.37168 -0.673131 0.0004746 0.0025 0.546553 0.429304 1.96369 0.00914824 27 4 1 1.40221e-09 
1.37625 -0.673136 0.000413157 0.0025 0.546555 0.429302 1.96367 0.00914821 28 4 1 1.12584e-09 
1.38083 -0.673141 0.000322696 0.0025 0.546557 0.429301 1.96366 0.00914818 29 4 1 -4.41253e-10 
1.3854 -0.673148 0.000220488 0.0025 0.546559 0.4293 1.96365 0.00914815 30 4 1 8.45265e-10 
1.38998 -0.673156 0.000138103 0.0025 0.546561 0.4293 1.96364 0.00914811 31 4 1 2.23758e-09 
1.39455 -0.673164 0.000112644 0.0025 0.546562 0.429299 1.96363 0.00914809 32 4 1 -7.46874e-10 
1.39912 -0.673174 0.000173296 0.0025 0.546564 0.429298 1.96362 0.00914806 33 4 1 -9.46167e-10 
1.4037 -0.673183 0.000330228 0.0025 0.546566 0.429298 1.96361 0.00914803 34 4 1 1.7493e-09 
1.40827 -0.673193 0.000571716 0.0025 0.546567 0.429297 1.96361 0.00914801 35 4 1 -7.94287e-10 
1.41285 -0.673203 0.000870045 0.0025 0.546567 0.429295 1.9636 0.00914801 36 3 1 -1.6098e-09 
1.41742 -0.673212 0.00119181 0.0025 0.546567 0.429292 1.96359 0.00914801 37 4 1 6.35053e-10 
1.42199 -0.67322 0.00150753 0.0025 0.546565 0.429289 1.96358 0.00914803 38 4 1 -6.81682e-10 
1.42657 -0.673229 0.001798 0.0025 0.546563 0.429285 1.96356 0.00914807 39 4 1 -1.4426e-09 
1.43114 -0.673237 0.00205707 0.0025 0.546561 0.42928 1.96355 0.00914812 40 4 1 8.0873e-11 
1.43572 -0.673246 0.00229045 0.0025 0.546557 0.429275 1.96354 0.00914818 41 4 1 -1.23527e-10 
1.44029 -0.673255 0.00251048 0.0025 0.546553 0.429268 1.96353 0.00914825 42 4 1 -1.15323e-09 
1.44486 -0.673265 0.00272882 0.0025 0.546548 0.429262 1.96351 0.00914833 43 4 1 -5.24276e-10 
1.44944 -0.673276 0.00295179 0.0025 0.546543 0.429254 1.9635 0.00914842 44 4 1 4.39147e-10 
1.45401 -0.673287 0.00318244 0.0025 0.546537 0.429246 1.96348 0.00914852 45 4 1 -9.22978e-10 
1.45859 -0.6733 0.00342711 0.0025 0.54653 0.429238 1.96347 0.00914863 46 4 1 -1.32178e-09 
1.46316 -0.673314 0.00369914 0.0025 0.546523 0.429228 1.96345 0.00914875 47 4 1 -9.4935e-11 
1.46774 -0.67333 0.00401347 0.0025 0.546514 0.429218 1.96344 0.00914889 48 4 1 -5.29722e-10 
1.47231 -0.673347 0.00437597 0.0025 0.546505 0.429207 1.96342 0.00914904 49 4 1 -1.5483e-09 
1.47689 -0.673366 0.00477927 0.0025 0.546496 0.429195 1.9634 0.00914921 50 4 1 -1.35457e-09 
1.48146 -0.673387 0.00521362 0.0025 0.546485 0.429182 1.96338 0.00914939 51 4 1 -5.27281e-10 
1.48603 -0.67341 0.00568575 0.0025 0.546472 0.429168 1.96336 0.00914959 52 4 1 -1.38903e-09 
1.49061 -0.673436 0.00622557 0.0025 0.546459 0.429152 1.96333 0.00914982 53 4 1 -2.34803e-09 
1.49518 -0.673464 0.00686644 0.0025 0.546444 0.429135 1.96331 0.00915007 54 4 1 -1.78334e-09 
1.49976 -0.673496 0.00761337 0.0025 0.546428 0.429116 1.96328 0.00915034 55 4 1 -1.46894e-09 
-0.495665 -0.673532 0.00843854 0.0025 0.546409 0.429094 1.96325 0.00915065 56 4 1 -2.74614e-09 
-0.49109 -0.673571 0.00932665 0.0025 0.546388 0.429071 1.96321 0.009151 57 4 1 -3.38892e-09 
-0.486514 -0.673616 0.0103303 0.0025 0.546365 0.429044 1.96318 0.00915138 58 4 1 -2.55885e-09 
-0.481938 -0.673666 0.0115567 0.0025 0.54634 0.429015 1.96314 0.00915181 59 4 1 -3.44746e-09 
-0.477362 -0.673722 0.0130695 0.0025 0.546311 0.428983 1.96309 0.0091523 60 4 1 -4.85899e-09 
-0.472786 -0.673784 0.014807 0.0025 0.546278 0.428946 1.96304 0.00915285 61 4 1 -5.20841e-09 
-0.468209 -0.673852 0.0166262 0.0025 0.546241 0.428904 1.96298 0.00915347 62 4 1 -4.78112e-09 
-0.463633 -0.673929 0.0184428 0.0025 0.546199 0.428858 1.96292 0.00915417 63 4 1 -5.15574e-09 
-0.459055 -0.674015 0.0203152 0.0025 0.546153 0.428807 1.96285 0.00915494 64 4 1 -5.68027e-09 
-0.454478 -0.674111 0.022384 0.0025 0.546103 0.42875 1.96277 0.00915579 65 4 1 -5.56213e-09 
-0.4499 -0.674218 0.0247137 0.0025 0.546047 0.428689 1.96269 0.00915672 66 4 1 -5.71439e-09 
-0.445321 -0.674334 0.0271652 0.0025 0.545987 0.428621 1.9626 0.00915773 67 4 1 -5.70288e-09 
-0.440742 -0.674457 0.029434 0.0025 0.545921 0.428549 1.9625 0.00915883 68 4 1 -4.6716e-09 
-0.436162 -0.674587 0.0312081 0.0025 0.545852 0.428472 1.9624 0.00916 69 4 1 -2.35318e-09 
-0.431582 -0.674722 0.032145 0.0025 0.54578 0.428393 1.9623 0.0091612 70 4 1 4.99695e-10 
-0.427001 -0.67486 0.0318616 0.0025 0.545708 0.428313 1.96219 0.00916241 71 4 1 4.10873e-09 
-0.422419 -0.674996 0.0304255 0.0025 0.54564 0.428238 1.96209 0.00916355 72 4 1 8.05151e-09 
-0.417837 -0.675124 0.0280951 0.0025 0.545578 0.428169 1.962 0.0091646 73 4 1 1.15047e-08 
-0.413255 -0.675235 0.0243406 0.0025 0.545525 0.428111 1.96192 0.00916548 74 4 1 1.5738e-08 
-0.408672 -0.67532 0.0188395 0.0025 0.545485 0.428067 1.96186 0.00916615 75 4 1 2.11771e-08 
-0.404089 -0.67537 0.0101154 0.0025 0.545463 0.428043 1.96183 0.00916652 76 4 1 2.63831e-08 
-0.399505 -0.675383 -0.000571318 0.0025 0.545463 0.428042 1.96182 0.00916652 77 5 1 2.71212e-08 
-0.394922 -0.675372 -0.00061266 0.0025 0.545487 0.428072 1.96186 0.00916612 78 4 1 1.30695e-07 
-0.390339 -0.675186 -0.0908141 0.0025 0.545619 0.428223 1.96204 0.0091639 79 4 1 2.95552e-07 
-0.385758 -0.674485 -0.223258 0.0025 0.545989 0.428631 1.96257 0.00915769 80 4 1 3.41844e-07 
-0.381182 -0.673279 -0.321904 0.0025 0.546627 0.429334 1.96349 0.009147 81 4 1 4.25501e-07 
-0.376611 -0.671541 -0.481863 0.0025 0.547581 0.430391 1.96486 0.00913106 82 4 1 6.89121e-07 
-0.37205 -0.668882 -0.751124 0.0025 0.549019 0.431981 1.96691 0.00910716 83 4 1 9.87269e-07 
-0.367504 -0.664914 -1.07761 0.0025 0.551091 0.434265 1.96988 0.00907291 84 4 1 1.10065e-06 
-0.362978 -0.659706 -1.3302 0.0025 0.553783 0.437231 1.97372 0.00902881 85 4 1 1.03472e-06 
-0.358475 -0.653645 -1.49864 0.0025 0.556942 0.440721 1.97822 0.00897759 86 4 1 9.55422e-07 
-0.354 -0.647035 -1.61229 0.0025 0.56043 0.444586 1.98317 0.00892172 87 4 1 9.58059e-07 
-0.349553 -0.640004 -1.72552 0.0025 0.564183 0.44876 1.98847 0.00886238 88 4 1 1.0619e-06 
-0.345137 -0.632517 -1.86441 0.0025 0.56821 0.453252 1.99413 0.00879956 89 4 1 1.17977e-06 
-0.340754 -0.624492 -2.00468 0.0025 0.57253 0.458084 2.00018 0.00873317 90 4 1 1.25552e-06 
-0.336404 -0.616002 -2.13408 0.0025 0.577128 0.46324 2.00659 0.00866359 91 4 1 1.2781e-06 
-0.33209 -0.60711 -2.23509 0.0025 0.581958 0.468673 2.01329 0.00859169 92 4 1 1.22742e-06 
-0.327812 -0.598003 -2.28862 0.0025 0.586942 0.474298 2.02017 0.00851873 93 4 1 1.14939e-06 
-0.323571 -0.588825 -2.31649 0.0025 0.592001 0.480028 2.02712 0.00844593 94 4 1 1.0539e-06 
-0.319366 -0.579723 -2.30585 0.0025 0.597068 0.485787 2.03404 0.00837425 95 4 1 9.58852e-07 
-0.315197 -0.570772 -2.28187 0.0025 0.60209 0.491516 2.04086 0.0083044 96 4 1 9.16232e-07 
-0.311062 -0.56199 -2.26856 0.0025 0.607057 0.497202 2.04758 0.00823645 97 4 1 8.76251e-07 
-0.30696 -0.553345 -2.24386 0.0025 0.611966 0.502839 2.05419 0.00817039 98 4 1 8.2139e-07 
-0.302891 -0.544896 -2.21391 0.0025 0.616803 0.508411 2.06067 0.00810631 99 4 1 7.86046e-07 
-0.298854 -0.53663 -2.18886 0.0025 0.621569 0.513919 2.06702 0.00804417 100 4 1 7.74672e-07 
-0.294847 -0.528501 -2.17642 0.0025 0.626277 0.519378 2.07327 0.00798369 101 4 1 7.47225e-07 
-0.29087 -0.52052 -2.15122 0.0025 0.630931 0.524789 2.07942 0.0079248 102 4 1 7.22047e-07 
-0.286922 -0.512679 -2.13698 0.0025 0.635531 0.530155 2.08547 0.00786743 103 4 1 7.23286e-07 
-0.283002 -0.504951 -2.13183 0.0025 0.640097 0.535494 2.09145 0.00781132 104 4 1 7.10809e-07 
-0.27911 -0.497306 -2.11988 0.0025 0.644632 0.540813 2.09736 0.00775636 105 4 1 7.06724e-07 
-0.275246 -0.489757 -2.12032 0.0025 0.649147 0.546125 2.10322 0.00770242 106 4 1 7.4816e-07 
-0.271408 -0.482208 -2.15164 0.0025 0.653677 0.551469 2.10908 0.00764903 107 4 1 7.55158e-07 
-0.267597 -0.474655 -2.15748 0.0025 0.658233 0.556857 2.11495 0.00759609 108 4 1 7.47582e-07 
-0.263812 -0.467121 -2.17481 0.0025 0.662809 0.562287 2.12082 0.00754365 109 4 1 8.18544e-07 
-0.260053 -0.459513 -2.23948 0.0025 0.667453 0.56781 2.12675 0.00749117 110 4 1 8.47664e-07 
-0.25632 -0.451793 -2.27308 0.0025 0.672178 0.573444 2.13276 0.00743851 111 4 1 8.30883e-07 
-0.252614 -0.444045 -2.30624 0.0025 0.676961 0.579165 2.13882 0.00738595 112 4 1 8.31759e-07 
-0.248934 -0.436253 -2.33381 0.0025 0.681797 0.584965 2.14491 0.00733356 113 4 1 8.42309e-07 
-0.245281 -0.42842 -2.37253 0.0025 0.686685 0.590846 2.15105 0.00728135 114 4 1 8.43674e-07 
-0.241653 -0.420532 -2.39865 0.0025 0.691623 0.596801 2.15723 0.00722937 115 4 1 8.10999e-07 
-0.238051 -0.41266 -2.40555 0.0025 0.696585 0.602803 2.1634 0.00717788 116 4 1 7.99877e-07 
-0.234475 -0.404832 -2.42506 0.0025 0.701561 0.60884 2.16957 0.00712697 117 4 1 7.98135e-07 
-0.230924 -0.396989 -2.43884 0.0025 0.706553 0.614912 2.17573 0.00707661 118 4 1 7.5875e-07 
-0.227398 -0.389231 -2.42791 0.0025 0.711538 0.620994 2.18186 0.00702704 119 4 1 7.41115e-07 
-0.223897 -0.381539 -2.43389 0.0025 0.716509 0.627077 2.18794 0.00697828 120 4 1 7.64265e-07 
-0.22042 -0.373851 -2.45748 0.0025 0.72149 0.633189 2.19402 0.0069301 121 4 1 7.4132e-07 
-0.216967 -0.366217 -2.44892 0.0025 0.726472 0.639316 2.20006 0.00688258 122 4 1 7.09716e-07 
-0.213537 -0.358666 -2.44821 0.0025 0.731435 0.64544 2.20606 0.00683588 123 4 1 7.09911e-07 
-0.210131 -0.351156 -2.45279 0.0025 0.736389 0.651568 2.21203 0.00678989 124 4 1 7.0611e-07 
-0.206747 -0.343697 -2.45912 0.0025 0.741339 0.657709 2.21796 0.00674455 125 4 1 7.04063e-07 
-0.203386 -0.336271 -2.46993 0.0025 0.746288 0.663863 2.22387 0.00669982 126 4 1 6.63443e-07 
-0.200047 -0.328912 -2.44469 0.0025 0.751216 0.670007 2.22973 0.00665588 127 4 1 6.51827e-07 
-0.19673 -0.321666 -2.45286 0.0025 0.75612 0.676141 2.23554 0.00661271 128 4 1 6.92357e-07 
-0.193435 -0.314393 -2.48192 0.0025 0.76104 0.682308 2.24135 0.00656996 129 4 1 6.82428e-07 
-0.19016 -0.307141 -2.4854 0.0025 0.765972 0.688504 2.24715 0.00652765 130 4 1 6.19726e-07 
-0.186907 -0.299974 -2.45386 0.0025 0.770873 0.694679 2.25289 0.00648615 131 4 1 6.10379e-07 
-0.183674 -0.292929 -2.45953 0.0025 0.775745 0.700836 2.25857 0.00644541 132 4 1 6.67409e-07 
-0.180461 -0.285848 -2.5016 0.0025 0.78064 0.707034 2.26426 0.00640501 133 4 1 6.43671e-07 
-0.177269 -0.27877 -2.48787 0.0025 0.785542 0.713256 2.26994 0.00636503 134 4 1 5.78068e-07 
-0.174096 -0.271814 -2.46309 0.0025 0.790407 0.719447 2.27555 0.00632585 135 4 1 5.8009e-07 
-0.170943 -0.264944 -2.46505 0.0025 0.795245 0.725621 2.28111 0.00628737 136 4 1 6.16299e-07 
-0.167809 -0.258069 -2.49168 0.0025 0.800092 0.731822 2.28666 0.00624928 137 4 1 6.32844e-07 
-0.164694 -0.251178 -2.51541 0.0025 0.804966 0.738068 2.29222 0.00621144 138 4 1 5.83124e-07 
-0.161597 -0.24434 -2.49064 0.0025 0.809829 0.744317 2.29775 0.00617414 139 4 1 5.40203e-07 
-0.158519 -0.237624 -2.47512 0.0025 0.814653 0.750532 2.30322 0.00613758 140 4 1 5.62805e-07 
-0.15546 -0.230956 -2.48907 0.0025 0.819465 0.756747 2.30865 0.00610154 141 4 1 5.86384e-07 
-0.152418 -0.224271 -2.5093 0.0025 0.824291 0.762994 2.31408 0.00606582 142 4 1 5.81227e-07 
-0.149394 -0.217589 -2.5209 0.0025 0.829128 0.769268 2.3195 0.00603043 143 4 1 5.26775e-07 
-0.146387 -0.210979 -2.4863 0.0025 0.833938 0.775522 2.32487 0.00599565 144 4 1 4.96578e-07 
-0.143398 -0.204505 -2.47215 0.0025 0.838704 0.781735 2.33018 0.00596158 145 4 1 5.34244e-07 
-0.140426 -0.198033 -2.49386 0.0025 0.843466 0.787958 2.33546 0.00592792 146 4 1 5.87565e-07 
-0.13747 -0.191547 -2.54615 0.0025 0.848271 0.794249 2.34077 0.00589434 147 4 1 5.61513e-07 
-0.134531 -0.185002 -2.5384 0.0025 0.853098 0.800579 2.34609 0.00586099 148 4 1 4.65243e-07 
-0.131609 -0.178604 -2.48319 0.0025 0.857869 0.806854 2.35133 0.00582839 149 4 1 4.47164e-07 
-0.128703 -0.172349 -2.46655 0.0025 0.862581 0.813068 2.35649 0.00579656 150 4 1 5.18714e-07 
-0.125813 -0.166091 -2.51148 0.0025 0.867304 0.81931 2.36164 0.00576499 151 4 1 5.93762e-07 
-0.122938 -0.159719 -2.58683 0.0025 0.8721 0.825658 2.36685 0.00573329 152 4 1 5.11754e-07 
-0.120079 -0.15336 -2.53265 0.0025 0.876899 0.832021 2.37206 0.00570191 153 4 1 3.79041e-07 
-0.117236 -0.147211 -2.45285 0.0025 0.881595 0.838266 2.37713 0.00567154 154 4 1 4.03153e-07 
-0.114408 -0.141218 -2.44788 0.0025 0.886224 0.844439 2.38211 0.00564192 155 4 1 5.42944e-07 
-0.111594 -0.135149 -2.55077 0.0025 0.890913 0.850704 2.38714 0.00561222 156 4 1 6.13262e-07 
-0.108795 -0.128862 -2.62731 0.0025 0.895718 0.857128 2.39229 0.00558212 157 4 1 4.60547e-07 
-0.106012 -0.122656 -2.53551 0.0025 0.900502 0.863538 2.39739 0.00555246 158 4 1 3.14587e-07 
-0.103243 -0.116708 -2.43927 0.0025 0.905145 0.869779 2.40233 0.00552398 159 4 1 3.56254e-07 
-0.100488 -0.110951 -2.42757 0.0025 0.909705 0.875928 2.40715 0.00549629 160 4 1 5.59486e-07 
-0.0977465 -0.105025 -2.59651 0.0025 0.914365 0.882218 2.41208 0.00546828 161 4 1 6.00066e-07 
-0.0950195 -0.0988796 -2.63145 0.0025 0.919154 0.888687 2.41713 0.00543979 162 4 1 4.03597e-07 
-0.0923067 -0.092852 -2.53857 0.0025 0.923892 0.8951 2.42211 0.00541189 163 4 1 2.34114e-07 
-0.0896076 -0.0871472 -2.37724 0.0025 0.928444 0.901283 2.42687 0.00538536 164 4 1 3.26887e-07 
-0.0869213 -0.0816408 -2.42888 0.0025 0.93291 0.907367 2.43153 0.00535958 165 4 1 5.39629e-07 
-0.084248 -0.0759077 -2.55819 0.0025 0.937493 0.913617 2.4363 0.00533337 166 4 1 6.08113e-07 
-0.0815879 -0.0699813 -2.67861 0.0025 0.94224 0.920094 2.44123 0.0053065 167 4 1 4.27607e-07 
-0.0789414 -0.0639926 -2.55993 0.0025 0.946979 0.926567 2.44614 0.00527995 168 4 1 1.44193e-07 
-0.0763079 -0.0585424 -2.33047 0.0025 0.951476 0.93274 2.45077 0.00525499 169 4 1 3.776e-07 
-0.0736864 -0.0531346 -2.54068 0.0025 0.95593 0.938867 2.45536 0.00523051 170 4 1 4.60961e-07 
-0.0710774 -0.0474594 -2.45723 0.0025 0.960457 0.945086 2.46 0.00520585 171 4 1 2.34985e-07 
-0.0684805 -0.04223 -2.34873 0.0025 0.964879 0.951198 2.46451 0.005182 172 4 1 7.22964e-07 
-0.0658954 -0.0365496 -2.89868 0.0025 0.96956 0.957669 2.4693 0.00515698 173 4 1 5.55036e-07 
-0.0633235 -0.0302967 -2.61318 0.0025 0.974357 0.964261 2.47421 0.00513159 174 4 1 -6.21123e-07 
-0.0607638 -0.0257854 -1.56631 0.0025 0.9783 0.969743 2.47817 0.0051109 175 4 1 1.0539e-07 
-0.0582126 -0.0218649 -2.27849 0.0025 0.982043 0.975014 2.48193 0.00509143 176 4 1 1.7913e-06 
-0.0556723 -0.0154653 -3.60289 0.0025 0.987043 0.981941 2.48703 0.00506564 177 4 1 5.20481e-07 
-0.0531469 -0.00859186 -2.55411 0.0025 0.992165 0.988984 2.49222 0.00503949 178 4 1 -1.69748e-06 
-0.0506328 -0.00521237 -0.711615 0.0025 0.995439 0.99359 2.49544 0.00502291 179 4 1 -2.06163e-07 
-0.048124 -0.00283408 -1.84929 0.0025 0.99826 0.997659 2.49821 0.00500871 180 4 1 2.65082e-06 
-0.0456241 0.00355997 -4.14198 0.0025 1.00321 1.00456 2.50325 0.00498401 181 4 1 9.75716e-07 
-0.04314 0.0112973 -2.86178 0.0025 1.00873 1.01214 2.50882 0.00495675 182 4 1 -2.68632e-06 
-0.0406673 0.0141632 -0.0979987 0.0025 1.01145 1.01598 2.51144 0.00494338 183 4 1 -1.43699e-06 
-0.0381966 0.0138655 -0.212191 0.0025 1.01248 1.01759 2.51238 0.00493838 184 4 1 2.25977e-06 
-0.0357289 0.0179019 -3.22804 0.0025 1.01545 1.02176 2.51542 0.00492391 185 4 1 7.20279e-07 
-0.0332726 0.023289 -1.65388 0.0025 1.01913 1.02679 2.5191 0.00490617 186 4 1 -2.26829e-06 
-0.0308227 0.0242696 0.128607 0.0025 1.02038 1.02857 2.5203 0.00490015 187 3 1 -1.41574e-06 
-0.0283725 0.0234531 0.484495 0.0025 1.01985 1.02789 2.51976 0.00490268 188 4 1 -3.61153e-07 
-0.0259201 0.0221238 0.614135 0.0025 1.01884 1.02647 2.51875 0.00490755 189 4 1 -1.0015e-07 
-0.0234649 0.0205852 0.654908 0.0025 1.01767 1.02483 2.51759 0.00491319 190 4 1 -3.19809e-08 
-0.0210069 0.0188972 0.680765 0.0025 1.01643 1.02308 2.51637 0.00491917 191 4 1 -7.79493e-09 
-0.0185458 0.0170585 0.698555 0.0025 1.01515 1.02128 2.5151 0.00492537 192 4 1 1.65873e-08 
-0.0160815 0.0150669 0.701728 0.0025 1.01386 1.01946 2.51381 0.00493166 193 4 1 5.2409e-08 
-0.0136141 0.0129352 0.679513 0.0025 1.01259 1.01768 2.51256 0.00493782 194 4 1 9.74352e-08 
-0.0111437 0.0106907 0.623958 0.0025 1.01141 1.01602 2.51138 0.00494359 195 4 1 1.44951e-07 
-0.00867051 0.00836721 0.5323 0.0025 1.01037 1.01457 2.51035 0.00494866 196 4 1 1.88037e-07 
-0.00619501 0.00599681 0.407192 0.0025 1.00954 1.01339 2.50951 0.00495276 197 4 1 2.21793e-07 
-0.00371775 0.00360356 0.255569 0.0025 1.00895 1.01257 2.50893 0.00495564 198 4 1 2.43891e-07 
-0.00123937 0.00120181 0.0871077 0.0025 1.00865 1.01215 2.50863 0.00495712 199 4 1 2.53763e-07 
0.00123937 -0.00120181 -0.0871077 0.0025 1.00865 1.01215 2.50863 0.00495712 200 4 1 2.53763e-07 
0.00371775 -0.00360356 -0.255569 0.0025 1.00895 1.01257 2.50893 0.00495564 201 4 1 2.43891e-07 
0.00619501 -0.00599681 -0.407192 0.0025 1.00954 1.01339 2.50951 0.00495276 202 4 1 2.21793e-07 
0.00867051 -0.00836721 -0.5323 0.0025 1.01037 1.01457 2.51035 0.00494866 203 4 1 1.88037e-07 
0.0111437 -0.0106907 -0.623958 0.0025 1.01141 1.01602 2.51138 0.00494359 204 4 1 1.44951e-07 
0.0136141 -0.0129352 -0.679513 0.0025 1.01259 1.01768 2.51256 0.00493782 205 4 1 9.74352e-08 
0.0160815 -0.0150669 -0.701728 0.0025 1.01386 1.01946 2.51381 0.00493166 206 4 1 5.2409e-08 
0.0185458 -0.0170585 -0.698555 0.0025 1.01515 1.02128 2.5151 0.00492537 207 4 1 1.65873e-08 
0.0210069 -0.0188972 -0.680765 0.0025 1.01643 1.02308 2.51637 0.00491917 208 4 1 -7.79493e-09 
0.0234649 -0.0205852 -0.654908 0.0025 1.01767 1.02483 2.51759 0.00491319 209 4 1 -3.19809e-08 
0.0259201 -0.0221238 -0.614135 0.0025 1.01884 1.02647 2.51875 0.00490755 210 4 1 -1.0015e-07 
0.0283725 -0.0234531 -0.484495 0.0025 1.01985 1.02789 2.51976 0.00490268 211 4 1 -3.61153e-07 
0.0308227 -0.0242696 -0.128607 0.0025 1.02038 1.02857 2.5203 0.00490015 212 3 1 -1.41574e-06 
0.0332726 -0.023289 1.65388 0.0025 1.01913 1.02679 2.5191 0.00490617 213 4 1 -2.26829e-06 
0.0357289 -0.0179019 3.22804 0.0025 1.01545 1.02176 2.51542 0.00492391 214 4 1 7.20279e-07 
0.0381966 -0.0138655 0.212191 0.0025 1.01248 1.01759 2.51238 0.00493838 215 4 1 2.25977e-06 
0.0406673 -0.0141632 0.0979987 0.0025 1.01145 1.01598 2.51144 0.00494338 216 4 1 -1.43699e-06 
0.04314 -0.0112973 2.86178 0.0025 1.00873 1.01214 2.50882 0.00495675 217 4 1 -2.68632e-06 
0.0456241 -0.00355997 4.14198 0.0025 1.00321 1.00456 2.50325 0.00498401 218 4 1 9.75716e-07 
0.048124 0.00283408 1.84929 0.0025 0.99826 0.997659 2.49821 0.00500871 219 4 1 2.65082e-06 
0.0506328 0.00521237 0.711615 0.0025 0.995439 0.99359 2.49544 0.00502291 220 4 1 -2.06163e-07 
0.0531469 0.00859186 2.55411 0.0025 0.992165 0.988984 2.49222 0.00503949 221 4 1 -1.69748e-06 
0.0556723 0.0154653 3.60289 0.0025 0.987043 0.981941 2.48703 0.00506564 222 4 1 5.20481e-07 
0.0582126 0.0218649 2.27849 0.0025 0.982043 0.975014 2.48193 0.00509143 223 4 1 1.7913e-06 
0.0607638 0.0257854 1.56631 0.0025 0.9783 0.969743 2.47817 0.0051109 224 4 1 1.0539e-07 
0.0633235 0.0302967 2.61318 0.0025 0.974357 0.964261 2.47421 0.00513159 225 4 1 -6.21123e-07 
0.0658954 0.0365496 2.89868 0.0025 0.96956 0.957669 2.4693 0.00515698 226 4 1 5.55036e-07 
0.0684805 0.04223 2.34873 0.0025 0.964879 0.951198 2.46451 0.005182 227 4 1 7.22964e-07 
0.0710774 0.0474594 2.45723 0.0025 0.960457 0.945086 2.46 0.00520585 228 4 1 2.34985e-07 
0.0736864 0.0531346 2.54068 0.0025 0.95593 0.938867 2.45536 0.00523051 229 4 1 4.60961e-07 
0.0763079 0.0585424 2.33047 0.0025 0.951476 0.93274 2.45077 0.00525499 230 4 1 3.776e-07 
0.0789414 0.0639926 2.55993 0.0025 0.946979 0.926567 2.44614 0.00527995 231 4 1 1.44193e-07 
0.0815879 0.0699813 2.67861 0.0025 0.94224 0.920094 2.44123 0.0053065 232 4 1 4.27607e-07 
0.084248 0.0759077 2.55819 0.0025 0.937493 0.913617 2.4363 0.00533337 233 4 1 6.08113e-07 
0.0869213 0.0816408 2.42888 0.0025 0.93291 0.907367 2.43153 0.00535958 234 4 1 5.39629e-07 
0.0896076 0.0871472 2.37724 0.0025 0.928444 0.901283 2.42687 0.00538536 235 4 1 3.26887e-07 
0.0923067 0.092852 2.53857 0.0025 0.923892 0.8951 2.42211 0.00541189 236 4 1 2.34114e-07 
0.0950195 0.0988796 2.63145 0.0025 0.919154 0.888687 2.41713 0.00543979 237 4 1 4.03597e-07 
0.0977465 0.105025 2.59651 0.0025 0.914365 0.882218 2.41208 0.00546828 238 4 1 6.00066e-07 
0.100488 0.110951 2.42757 0.0025 0.909705 0.875928 2.40715 0.00549629 239 4 1 5.59486e-07 
0.103243 0.116708 2.43927 0.0025 0.905145 0.869779 2.40233 0.00552398 240 4 1 3.56254e-07 
0.106012 0.122656 2.53551 0.0025 0.900502 0.863538 2.39739 0.00555246 241 4 1 3.14587e-07 
0.108795 0.128862 2.62731 0.0025 0.895718 0.857128 2.39229 0.00558212 242 4 1 4.60547e-07 
0.111594 0.135149 2.55077 0.0025 0.890913 0.850704 2.38714 0.00561222 243 4 1 6.13262e-07 
0.114408 0.141218 2.44788 0.0025 0.886224 0.844439 2.38211 0.00564192 244 4 1 5.42944e-07 
0.117236 0.147211 2.45285 0.0025 0.881595 0.838266 2.37713 0.00567154 245 4 1 4.03153e-07 
0.120079 0.15336 2.53265 0.0025 0.876899 0.832021 2.37206 0.00570191 246 4 1 3.79041e-07 
0.122938 0.159719 2.58683 0.0025 0.8721 0.825658 2.36685 0.00573329 247 4 1 5.11754e-07 
0.125813 0.166091 2.51148 0.0025 0.867304 0.81931 2.36164 0.00576499 248 4 1 5.93762e-07 
0.128703 0.172349 2.46655 0.0025 0.862581 0.813068 2.35649 0.00579656 249 4 1 5.18714e-07 
0.131609 0.178604 2.48319 0.0025 0.857869 0.806854 2.35133 0.00582839 250 4 1 4.47164e-07 
0.134531 0.185002 2.5384 0.0025 0.853098 0.800579 2.34609 0.00586099 251 4 1 4.65243e-07 
0.13747 0.191547 2.54615 0.0025 0.848271 0.794249 2.34077 0.00589434 252 4 1 5.61513e-07 
0.140426 0.198033 2.49386 0.0025 0.843466 0.787958 2.33546 0.00592792 253 4 1 5.87565e-07 
0.143398 0.204505 2.47215 0.0025 0.838704 0.781735 2.33018 0.00596158 254 4 1 5.34244e-07 
0.146387 0.210979 2.4863 0.0025 0.833938 0.775522 2.32487 0.00599565 255 4 1 4.96578e-07 
0.149394 0.217589 2.5209 0.0025 0.829128 0.769268 2.3195 0.00603043 256 4 1 5.26775e-07 
0.152418 0.224271 2.5093 0.0025 0.824291 0.762994 2.31408 0.00606582 257 4 1 5.81227e-07 
0.15546 0.230956 2.48907 0.0025 0.819465 0.756747 2.30865 0.00610154 258 4 1 5.86384e-07 
0.158519 0.237624 2.47512 0.0025 0.814653 0.750532 2.30322 0.00613758 259 4 1 5.62805e-07 
0.161597 0.24434 2.49064 0.0025 0.809829 0.744317 2.29775 0.00617414 260 4 1 5.40203e-07 
0.164694 0.251178 2.51541 0.0025 0.804966 0.738068 2.29222 0.00621144 261 4 1 5.83124e-07 
0.167809 0.258069 2.49168 0.0025 0.800092 0.731822 2.28666 0.00624928 262 4 1 6.32844e-07 
0.170943 0.264944 2.46505 0.0025 0.795245 0.725621 2.28111 0.00628737 263 4 1 6.16299e-07 
0.174096 0.271814 2.46309 0.0025 0.790407 0.719447 2.27555 0.00632585 264 4 1 5.8009e-07 
0.177269 0.27877 2.48787 0.0025 0.785542 0.713256 2.26994 0.00636503 265 4 1 5.78068e-07 
0.180461 0.285848 2.5016 0.0025 0.78064 0.707034 2.26426 0.00640501 266 4 1 6.43671e-07 
0.183674 0.292929 2.45953 0.0025 0.775745 0.700836 2.25857 0.00644541 267 4 1 6.67409e-07 
0.186907 0.299974 2.45386 0.0025 0.770873 0.694679 2.25289 0.00648615 268 4 1 6.10379e-07 
0.19016 0.307141 2.4854 0.0025 0.765972 0.688504 2.24715 0.00652765 269 4 1 6.19726e-07 
0.193435 0.314393 2.48192 0.0025 0.76104 0.682308 2.24135 0.00656996 270 4 1 6.82428e-07 
0.19673 0.321666 2.45286 0.0025 0.75612 0.676141 2.23554 0.00661271 271 4 1 6.92357e-07 
0.200047 0.328912 2.44469 0.0025 0.751216 0.670007 2.22973 0.00665588 272 4 1 6.51827e-07 
0.203386 0.336271 2.46993 0.0025 0.746288 0.663863 2.22387 0.00669982 273 4 1 6.63443e-07 
0.206747 0.343697 2.45912 0.0025 0.741339 0.657709 2.21796 0.00674455 274 4 1 7.04063e-07 
0.210131 0.351156 2.45279 0.0025 0.736389 0.651568 2.21203 0.00678989 275 4 1 7.0611e-07 
0.213537 0.358666 2.44821 0.0025 0.731435 0.64544 2.20606 0.00683588 276 4 1 7.09911e-07 
0.216967 0.366217 2.44892 0.0025 0.726472 0.639316 2.20006 0.00688258 277 4 1 7.09716e-07 
0.22042 0.373851 2.45748 0.0025 0.72149 0.633189 2.19402 0.0069301 278 4 1 7.4132e-07 
0.223897 0.381539 2.43389 0.0025 0.716509 0.627077 2.18794 0.00697828 279 4 1 7.64265e-07 
0.227398 0.389231 2.42791 0.0025 0.711538 0.620994 2.18186 0.00702704 280 4 1 7.41115e-07 
0.230924 0.396989 2.43884 0.0025 0.706553 0.614912 2.17573 0.00707661 281 4 1 7.5875e-07 
0.234475 0.404832 2.42506 0.0025 0.701561 0.60884 2.16957 0.00712697 282 4 1 7.98135e-07 
0.238051 0.41266 2.40555 0.0025 0.696585 0.602803 2.1634 0.00717788 283 4 1 7.99877e-07 
0.241653 0.420532 2.39865 0.0025 0.691623 0.596801 2.15723 0.00722937 284 4 1 8.10999e-07 
0.245281 0.42842 2.37253 0.0025 0.686685 0.590846 2.15105 0.00728135 285 4 1 8.43674e-07 
0.248934 0.436253 2.33381 0.0025 0.681797 0.584965 2.14491 0.00733356 286 4 1 8.42309e-07 
0.252614 0.444045 2.30624 0.0025 0.676961 0.579165 2.13882 0.00738595 287 4 1 8.31759e-07 
0.25632 0.451793 2.27308 0.0025 0.672178 0.573444 2.13276 0.00743851 288 4 1 8.30883e-07 
0.260053 0.459513 2.23948 0.0025 0.667453 0.56781 2.12675 0.00749117 289 4 1 8.47664e-07 
0.263812 0.467121 2.17481 0.0025 0.662809 0.562287 2.12082 0.00754365 290 4 1 8.18544e-07 
0.267597 0.474655 2.15748 0.0025 0.658233 0.556857 2.11495 0.00759609 291 4 1 7.47582e-07 
0.271408 0.482208 2.15164 0.0025 0.653677 0.551469 2.10908 0.00764903 292 4 1 7.55158e-07 
0.275246 0.489757 2.12032 0.0025 0.649147 0.546125 2.10322 0.00770242 293 4 1 7.4816e-07 
0.27911 0.497306 2.11988 0.0025 0.644632 0.540813 2.09736 0.00775636 294 4 1 7.06724e-07 
0.283002 0.504951 2.13183 0.0025 0.640097 0.535494 2.09145 0.00781132 295 4 1 7.10809e-07 
0.286922 0.512679 2.13698 0.0025 0.635531 0.530155 2.08547 0.00786743 296 4 1 7.23286e-07 
0.29087 0.52052 2.15122 0.0025 0.630931 0.524789 2.07942 0.0079248 297 4 1 7.22047e-07 
0.294847 0.528501 2.17642 0.0025 0.626277 0.519378 2.07327 0.00798369 298 4 1 7.47225e-07 
0.298854 0.53663 2.18886 0.0025 0.621569 0.513919 2.06702 0.00804417 299 4 1 7.74672e-07 
0.302891 0.544896 2.21391 0.0025 0.616803 0.508411 2.06067 0.00810631 300 4 1 7.86046e-07 
0.30696 0.553345 2.24386 0.0025 0.611966 0.502839 2.05419 0.00817039 301 4 1 8.2139e-07 
0.311062 0.56199 2.26856 0.0025 0.607057 0.497202 2.04758 0.00823645 302 4 1 8.76251e-07 
0.315197 0.570772 2.28187 0.0025 0.60209 0.491516 2.04086 0.0083044 303 4 1 9.16232e-07 
0.319366 0.579723 2.30585 0.0025 0.597068 0.485787 2.03404 0.00837425 304 4 1 9.58852e-07 
0.323571 0.588825 2.31649 0.0025 0.592001 0.480028 2.02712 0.00844593 305 4 1 1.0539e-06 
0.327812 0.598003 2.28862 0.0025 0.586942 0.474298 2.02017 0.00851873 306 4 1 1.14939e-06 
0.33209 0.60711 2.23509 0.0025 0.581958 0.468673 2.01329 0.00859169 307 4 1 1.22742e-06 
0.336404 0.616002 2.13408 0.0025 0.577128 0.46324 2.00659 0.00866359 308 4 1 1.2781e-06 
0.340754 0.624492 2.00468 0.0025 0.57253 0.458084 2.00018 0.00873317 309 4 1 1.25552e-06 
0.345137 0.632517 1.86441 0.0025 0.56821 0.453252 1.99413 0.00879956 310 4 1 1.17977e-06 
0.349553 0.640004 1.72552 0.0025 0.564183 0.44876 1.98847 0.00886238 311 4 1 1.0619e-06 
0.354 0.647035 1.61229 0.0025 0.56043 0.444586 1.98317 0.00892172 312 4 1 9.58059e-07 
0.358475 0.653645 1.49864 0.0025 0.556942 0.440721 1.97822 0.00897759 313 4 1 9.55422e-07 
0.362978 0.659706 1.3302 0.0025 0.553783 0.437231 1.97372 0.00902881 314 4 1 1.03472e-06 
0.367504 0.664914 1.07761 0.0025 0.551091 0.434265 1.96988 0.00907291 315 4 1 1.10065e-06 
0.37205 0.668882 0.751124 0.0025 0.549019 0.431981 1.96691 0.00910716 316 4 1 9.87269e-07 
0.376611 0.671541 0.481863 0.0025 0.547581 0.430391 1.96486 0.00913106 317 4 1 6.89121e-07 
0.381182 0.673279 0.321904 0.0025 0.546627 0.429334 1.96349 0.009147 318 4 1 4.25501e-07 
0.385758 0.674485 0.223258 0.0025 0.545989 0.428631 1.96257 0.00915769 319 4 1 3.41844e-07 
0.390339 0.675186 0.0908141 0.0025 0.545619 0.428223 1.96204 0.0091639 320 4 1 2.95552e-07 
0.394922 0.675372 0.00061266 0.0025 0.545487 0.428072 1.96186 0.00916612 321 4 1 1.30695e-07 
0.399505 0.675383 0.000571318 0.0025 0.545463 0.428042 1.96182 0.00916652 322 5 1 2.71212e-08 
0.404089 0.67537 -0.0101154 0.0025 0.545463 0.428043 1.96183 0.00916652 323 4 1 2.63831e-08 
0.408672 0.67532 -0.0188395 0.0025 0.545485 0.428067 1.96186 0.00916615 324 4 1 2.11771e-08 
0.413255 0.675235 -0.0243406 0.0025 0.545525 0.428111 1.96192 0.00916548 325 4 1 1.5738e-08 
0.417837 0.675124 -0.0280951 0.0025 0.545578 0.428169 1.962 0.0091646 326 4 1 1.15047e-08 
0.422419 0.674996 -0.0304255 0.0025 0.54564 0.428238 1.96209 0.00916355 327 4 1 8.05151e-09 
0.427001 0.67486 -0.0318616 0.0025 0.545708 0.428313 1.96219 0.00916241 328 4 1 4.10873e-09 
0.431582 0.674722 -0.032145 0.0025 0.54578 0.428393 1.9623 0.0091612 329 4 1 4.99695e-10 
0.436162 0.674587 -0.0312081 0.0025 0.545852 0.428472 1.9624 0.00916 330 4 1 -2.35318e-09 
0.440742 0.674457 -0.029434 0.0025 0.545921 0.428549 1.9625 0.00915883 331 4 1 -4.6716e-09 
0.445321 0.674334 -0.0271652 0.0025 0.545987 0.428621 1.9626 0.00915773 332 4 1 -5.70288e-09 
0.4499 0.674218 -0.0247137 0.0025 0.546047 0.428689 1.96269 0.00915672 333 4 1 -5.71439e-09 
0.454478 0.674111 -0.022384 0.0025 0.546103 0.42875 1.96277 0.00915579 334 4 1 -5.56213e-09 
0.459055 0.674015 -0.0203152 0.0025 0.546153 0.428807 1.96285 0.00915494 335 4 1 -5.68027e-09 
0.463633 0.673929 -0.0184428 0.0025 0.546199 0.428858 1.96292 0.00915417 336 4 1 -5.15574e-09 
0.468209 0.673852 -0.0166262 0.0025 0.546241 0.428904 1.96298 0.00915347 337 4 1 -4.78112e-09 
0.472786 0.673784 -0.014807 0.0025 0.546278 0.428946 1.96304 0.00915285 338 4 1 -5.20841e-09 
0.477362 0.673722 -0.0130695 0.0025 0.546311 0.428983 1.96309 0.0091523 339 4 1 -4.85899e-09 
0.481938 0.673666 -0.0115567 0.0025 0.54634 0.429015 1.96314 0.00915181 340 4 1 -3.44746e-09 
0.486514 0.673616 -0.0103303 0.0025 0.546365 0.429044 1.96318 0.00915138 341 4 1 -2.55885e-09 
0.49109 0.673571 -0.00932665 0.0025 0.546388 0.429071 1.96321 0.009151 342 4 1 -3.38892e-09 
0.495665 0.673532 -0.00843854 0.0025 0.546409 0.429094 1.96325 0.00915065 343 4 1 -2.74614e-09 
0.50024 0.673496 -0.00761337 0.0025 0.546428 0.429116 1.96328 0.00915034 344 4 1 -1.46894e-09 
0.504815 0.673464 -0.00686644 0.0025 0.546444 0.429135 1.96331 0.00915007 345 4 1 -1.78334e-09 
0.50939 0.673436 -0.00622557 0.0025 0.546459 0.429152 1.96333 0.00914982 346 4 1 -2.34803e-09 
0.513965 0.67341 -0.00568575 0.0025 0.546472 0.429168 1.96336 0.00914959 347 4 1 -1.38903e-09 
0.51854 0.673387 -0.00521362 0.0025 0.546485 0.429182 1.96338 0.00914939 348 4 1 -5.27281e-10 
0.523115 0.673366 -0.00477927 0.0025 0.546496 0.429195 1.9634 0.00914921 349 4 1 -1.35457e-09 
0.527689 0.673347 -0.00437597 0.0025 0.546505 0.429207 1.96342 0.00914904 350 4 1 -1.5483e-09 
0.532264 0.67333 -0.00401347 0.0025 0.546514 0.429218 1.96344 0.00914889 351 4 1 -5.29722e-10 
0.536838 0.673314 -0.00369914 0.0025 0.546523 0.429228 1.96345 0.00914875 352 4 1 -9.49351e-11 
0.541412 0.6733 -0.00342711 0.0025 0.54653 0.429238 1.96347 0.00914863 353 4 1 -1.32178e-09 
0.545987 0.673287 -0.00318244 0.0025 0.546537 0.429246 1.96348 0.00914852 354 4 1 -9.22977e-10 
0.550561 0.673276 -0.00295179 0.0025 0.546543 0.429254 1.9635 0.00914842 355 4 1 4.39147e-10 
0.555135 0.673265 -0.00272882 0.0025 0.546548 0.429262 1.96351 0.00914833 356 4 1 -5.24276e-10 
0.559709 0.673255 -0.00251048 0.0025 0.546553 0.429268 1.96353 0.00914825 357 4 1 -1.15323e-09 
0.564283 0.673246 -0.00229045 0.0025 0.546557 0.429275 1.96354 0.00914818 358 4 1 -1.23527e-10 
0.568858 0.673237 -0.00205707 0.0025 0.546561 0.42928 1.96355 0.00914812 359 4 1 8.08729e-11 
0.573432 0.673229 -0.001798 0.0025 0.546563 0.429285 1.96356 0.00914807 360 4 1 -1.4426e-09 
0.578006 0.67322 -0.00150753 0.0025 0.546565 0.429289 1.96358 0.00914803 361 4 1 -6.81682e-10 
0.58258 0.673212 -0.00119181 0.0025 0.546567 0.429292 1.96359 0.00914801 362 4 1 6.35053e-10 
0.587154 0.673203 -0.000870045 0.0025 0.546567 0.429295 1.9636 0.00914801 363 3 1 -1.6098e-09 
0.591728 0.673193 -0.000571716 0.0025 0.546567 0.429297 1.96361 0.00914801 364 4 1 -7.94286e-10 
0.596302 0.673183 -0.000330228 0.0025 0.546566 0.429298 1.96361 0.00914803 365 4 1 1.7493e-09 
0.600876 0.673174 -0.000173296 0.0025 0.546564 0.429298 1.96362 0.00914806 366 4 1 -9.46167e-10 
0.60545 0.673164 -0.000112644 0.0025 0.546562 0.429299 1.96363 0.00914809 367 4 1 -7.46874e-10 
0.610024 0.673156 -0.000138103 0.0025 0.546561 0.4293 1.96364 0.00914811 368 4 1 2.23758e-09 
0.614598 0.673148 -0.000220488 0.0025 0.546559 0.4293 1.96365 0.00914815 369 4 1 8.45265e-10 
0.619172 0.673141 -0.000322696 0.0025 0.546557 0.429301 1.96366 0.00914818 370 4 1 -4.41253e-10 
0.623746 0.673136 -0.000413157 0.0025 0.546555 0.429302 1.96367 0.00914821 371 4 1 1.12584e-09 
0.62832 0.673131 -0.0004746 0.0025 0.546553 0.429304 1.96369 0.00914824 372 4 1 1.40221e-09 
0.632894 0.673126 -0.000504769 0.0025 0.546551 0.429305 1.9637 0.00914827 373 4 1 -2.51348e-10 
0.637468 0.673123 -0.000510911 0.0025 0.546549 0.429307 1.96371 0.00914831 374 4 1 7.98061e-10 
0.642042 0.673119 -0.00050263 0.0025 0.546547 0.429308 1.96373 0.00914835 375 4 1 1.50932e-09 
0.646617 0.673116 -0.00048701 0.0025 0.546544 0.429309 1.96375 0.0091484 376 4 1 -1.59682e-10 
0.651191 0.673113 -0.000467259 0.0025 0.546541 0.42931 1.96376 0.00914845 377 4 1 1.05414e-09 
0.655765 0.67311 -0.000443965 0.0025 0.546537 0.429312 1.96378 0.00914851 378 4 1 1.1746e-09 
0.660339 0.673108 -0.000417194 0.0025 0.546533 0.429313 1.9638 0.00914857 379 4 1 1.14169e-09 
0.664914 0.673105 -0.000388021 0.0025 0.546529 0.429314 1.96382 0.00914865 380 4 1 2.66675e-09 
0.669488 0.673103 -0.00035881 0.0025 0.546524 0.429315 1.96384 0.00914873 381 4 1 -1.22551e-09 
0.674062 0.673101 -0.000332361 0.0025 0.546519 0.429316 1.96387 0.00914882 382 4 1 1.45591e-09 
0.678637 0.673099 -0.000310567 0.0025 0.546513 0.429317 1.96389 0.00914892 383 4 1 4.883e-09 
0.683211 0.673097 -0.000293472 0.0025 0.546506 0.429317 1.96392 0.00914903 384 4 1 -1.59817e-09 
0.687786 0.673095 -0.000279353 0.0025 0.546499 0.429318 1.96395 0.00914915 385 4 1 2.10201e-09 
0.692361 0.673094 -0.000265792 0.0025 0.546491 0.429319 1.96398 0.00914928 386 4 1 3.55001e-09 
0.696935 0.673092 -0.000251079 0.0025 0.546483 0.42932 1.96401 0.00914942 387 4 1 2.82569e-09 
0.70151 0.673091 -0.000235053 0.0025 0.546473 0.42932 1.96405 0.00914959 388 4 1 4.70282e-09 
0.706085 0.673089 -0.000218922 0.0025 0.546462 0.429321 1.96409 0.00914977 389 4 1 -2.26239e-09 
0.71066 0.673088 -0.000204282 0.0025 0.54645 0.429321 1.96414 0.00914996 390 4 1 5.45825e-09 
0.715235 0.673087 -0.000192085 0.0025 0.546438 0.429322 1.96418 0.00915017 391 4 1 4.751e-09 
0.71981 0.673086 -0.000182211 0.0025 0.546424 0.429323 1.96424 0.0091504 392 4 1 8.22454e-09 
0.724385 0.673085 -0.000173798 0.0025 0.546411 0.429326 1.9643 0.00915062 393 4 1 -3.52088e-09 
0.72896 0.673084 -0.000165942 0.0025 0.546388 0.429327 1.96436 0.00915101 394 4 1 1.43719e-07 
0.733536 0.673083 -0.00015822 0.0025 0.546377 0.429357 1.96459 0.00915119 395 4 1 -1.38694e-07 
0.738112 0.673082 -0.000150748 0.0025 0.545979 0.429202 1.96465 0.00915786 396 5 1 3.48567e-06 
0.742694 0.673082 -0.000143854 0.0025 0.548244 0.430866 1.96851 0.00912003 397 3 1 -1.90585e-05 
0.747232 0.673081 -0.000137795 0.0025 0.536914 0.426196 1.95005 0.00931248 398 4 1 0.000179253 
0.752013 0.67308 -0.00013214 0.0025 0.511056 0.432733 2.15251 0.00978366 399 4 1 -0.000134225 
0.757022 0.67308 -0.000126805 0.0025 0.48281 0.424507 2.1555 0.010356 400 4 1 0.000266085 
0.762383 0.673079 -0.000121618 0.0025 0.454325 0.432951 2.44419 0.0110053 401 4 1 -0.000240409 
0.768038 0.673078 -0.000116825 0.0025 0.447028 0.427286 2.38027 0.011185 402 5 1 5.38094e-05 
0.773569 0.673078 -0.000113092 0.0025 0.452459 0.429657 2.37465 0.0110507 403 4 1 -3.01271e-06 
0.779089 0.673077 -0.000110441 0.0025 0.453641 0.429328 2.36526 0.0110219 404 4 1 3.91281e-06 
0.784591 0.673077 -0.000108821 0.0025 0.454721 0.429387 2.36047 0.0109957 405 4 1 1.27163e-06 
0.790085 0.673076 -0.000107978 0.0025 0.455345 0.429361 2.35717 0.0109807 406 4 1 8.42998e-07 
0.795572 0.673076 -0.000107643 0.0025 0.455789 0.429349 2.35487 0.01097 407 4 1 5.44456e-07 
0.801055 0.673076 -0.000107541 0.0025 0.45611 0.429342 2.35321 0.0109623 408 4 1 3.49191e-07 
0.806534 0.673076 -0.000107309 0.0025 0.456351 0.429338 2.35197 0.0109565 409 4 1 2.46833e-07 
0.812011 0.673076 -0.000106414 0.0025 0.456535 0.429335 2.35102 0.0109521 410 4 1 1.77347e-07 
0.817486 0.673075 -0.000104138 0.0025 0.456679 0.429334 2.35028 0.0109486 411 4 1 1.30998e-07 
0.82296 0.673075 -9.96556e-05 0.0025 0.456793 0.429333 2.34969 0.0109459 412 4 1 9.81009e-08 
0.828432 0.673075 -9.21233e-05 0.0025 0.456884 0.429332 2.34922 0.0109437 413 4 1 7.54796e-08 
0.833903 0.673075 -8.0739e-05 0.0025 0.456958 0.429332 2.34885 0.0109419 414 4 1 5.88571e-08 
0.839374 0.673075 -6.48025e-05 0.0025 0.457018 0.429331 2.34854 0.0109405 415 4 1 4.63865e-08 
0.844844 0.673075 -4.38233e-05 0.0025 0.457067 0.429331 2.34829 0.0109393 416 4 1 3.69817e-08 
0.850313 0.673074 -1.7674e-05 0.0025 0.457107 0.429331 2.34808 0.0109384 417 4 1 2.97458e-08 
0.855782 0.673074 1.33419e-05 0.0025 0.457141 0.42933 2.34791 0.0109376 418 4 1 2.40631e-08 
0.861251 0.673074 4.87072e-05 0.0025 0.457168 0.42933 2.34777 0.0109369 419 4 1 1.96068e-08 
0.866719 0.673073 8.82474e-05 0.0025 0.457191 0.42933 2.34765 0.0109363 420 4 1 1.60789e-08 
0.872187 0.673072 0.000132321 0.0025 0.457211 0.429329 2.34755 0.0109359 421 4 1 1.32768e-08 
0.877655 0.673071 0.000179233 0.0025 0.457227 0.429329 2.34746 0.0109355 422 4 1 1.10299e-08 
0.883123 0.67307 0.000215151 0.0025 0.45724 0.429328 2.34739 0.0109352 423 4 1 9.25124e-09 
0.88859 0.673069 0.000189624 0.0025 0.457251 0.429328 2.34733 0.0109349 424 4 1 8.06838e-09 
0.894058 0.673067 -3.89666e-05 0.0025 0.457261 0.429328 2.34728 0.0109347 425 4 1 7.80506e-09 
0.899525 0.673064 -0.00085365 0.0025 0.457269 0.429328 2.34724 0.0109345 426 4 1 9.02734e-09 
0.904992 0.673054 -0.0033443 0.0025 0.457279 0.429332 2.34721 0.0109342 427 4 1 1.43383e-08 
0.910459 0.673028 -0.0104294 0.0025 0.457294 0.429344 2.34719 0.0109339 428 4 1 2.70362e-08 
0.915926 0.672959 -0.0275885 0.0025 0.457322 0.429374 2.34721 0.0109332 429 4 1 3.27356e-08 
0.921392 0.672814 -0.0505892 0.0025 0.457365 0.42942 2.34727 0.0109322 430 3 1 -8.81738e-08 
0.926858 0.672693 0.0106726 0.0025 0.457346 0.429368 2.34721 0.0109326 431 4 1 -8.21093e-07 
0.932325 0.673795 0.771843 0.0025 0.456844 0.428719 2.34617 0.0109447 432 4 1 -4.97262e-07 
0.937803 0.678552 1.146 0.0025 0.456145 0.428062 2.34466 0.0109614 433 5 1 9.29389e-06 
0.943286 0.671535 -6.70483 0.0025 0.459983 0.433853 2.3526 0.01087 434 4 1 6.16887e-05 
0.948675 0.61606 -27.4726 0.0025 0.479379 0.461247 2.39451 0.0104302 435 4 1 0.000179563 
0.953734 0.481085 -48.9667 0.0025 0.524807 0.526005 2.49311 0.0095273 436 4 1 0.000222714 
0.958248 0.311208 -46.8973 0.0025 0.590885 0.622769 2.62872 0.00846188 437 4 1 0.0001315 
0.962238 0.18127 -30.19 0.0025 0.65652 0.722374 2.75164 0.00761591 438 4 1 4.35176e-05 
0.965883 0.102567 -18.1767 0.0025 0.706544 0.80109 2.83732 0.0070767 439 4 1 5.49826e-06 
0.969322 0.0557778 -10.6005 0.0025 0.739941 0.854866 2.89089 0.00675729 440 4 1 -7.09324e-06 
0.972642 0.0297319 -5.79738 0.0025 0.76031 0.888086 2.92204 0.00657627 441 4 1 -8.27242e-06 
0.975899 0.0157337 -3.13859 0.0025 0.771812 0.906946 2.93885 0.00647826 442 4 1 -5.66193e-06 
0.979121 0.00833937 -1.67186 0.0025 0.778085 0.917184 2.94753 0.00642604 443 4 1 -3.21664e-06 
0.982325 0.00446332 -0.899458 0.0025 0.781437 0.922636 2.95196 0.00639847 444 4 1 -1.31839e-06 
0.985519 0.00240665 -0.491251 0.0025 0.783111 0.925595 2.9547 0.00638479 445 4 1 7.07531e-07 
0.988709 0.00129902 -0.272296 0.0025 0.783446 0.927316 2.95828 0.00638206 446 3 1 3.99317e-06 
0.991901 0.000688026 -0.149236 0.0025 0.781319 0.928061 2.96666 0.00639944 447 4 1 1.4573e-05 
0.995109 0.000331597 -0.0738713 0.0025 0.774198 0.927647 2.99248 0.0064583 448 4 1 1.74285e-05 
0.99836 9.79641e-05 -0.0220627 0.0025 0.765574 0.927944 3.03789 0.00653104 449 4 1 -3.48347e-05 
1.00164 -9.79641e-05 0.0220627 0.0025 0.765574 0.927944 3.03789 0.00653104 450 4 1 -3.48347e-05 
1.00489 -0.000331597 0.0738713 0.0025 0.774198 0.927647 2.99248 0.0064583 451 4 1 1.74285e-05 
1.0081 -0.000688026 0.149236 0.0025 0.781319 0.928061 2.96666 0.00639944 452 4 1 1.4573e-05 
1.01129 -0.00129902 0.272296 0.0025 0.783446 0.927316 2.95828 0.00638206 453 3 1 3.99317e-06 
1.01448 -0.00240665 0.491251 0.0025 0.783111 0.925595 2.9547 0.00638479 454 4 1 7.07531e-07 
1.01768 -0.00446332 0.899458 0.0025 0.781437 0.922636 2.95196 0.00639847 455 4 1 -1.31839e-06 
1.02088 -0.00833937 1.67186 0.0025 0.778085 0.917184 2.94753 0.00642604 456 4 1 -3.21664e-06 
1.0241 -0.0157337 3.13859 0.0025 0.771812 0.906946 2.93885 0.00647826 457 4 1 -5.66193e-06 
1.02736 -0.0297319 5.79738 0.0025 0.76031 0.888086 2.92204 0.00657627 458 4 1 -8.27242e-06 
1.03068 -0.0557778 10.6005 0.0025 0.739941 0.854866 2.89089 0.00675729 459 4 1 -7.09324e-06 
1.03412 -0.102567 18.1767 0.0025 0.706544 0.80109 2.83732 0.0070767 460 4 1 5.49826e-06 
1.03776 -0.18127 30.19 0.0025 0.65652 0.722374 2.75164 0.00761591 461 4 1 4.35176e-05 
1.04175 -0.311208 46.8973 0.0025 0.590885 0.622769 2.62872 0.00846188 462 4 1 0.0001315 
1.04627 -0.481085 48.9667 0.0025 0.524807 0.526005 2.49311 0.0095273 463 4 1 0.000222714 
1.05133 -0.61606 27.4726 0.0025 0.479379 0.461247 2.39451 0.0104302 464 4 1 0.000179563 
1.05671 -0.671535 6.70483 0.0025 0.459983 0.433853 2.3526 0.01087 465 4 1 6.16887e-05 
1.0622 -0.678552 -1.146 0.0025 0.456145 0.428062 2.34466 0.0109614 466 5 1 9.29389e-06 
1.06767 -0.673795 -0.771843 0.0025 0.456844 0.428719 2.34617 0.0109447 467 4 1 -4.97262e-07 
1.07314 -0.672693 -0.0106726 0.0025 0.457346 0.429368 2.34721 0.0109326 468 4 1 -8.21093e-07 
1.07861 -0.672814 0.0505892 0.0025 0.457365 0.42942 2.34727 0.0109322 469 3 1 -8.81738e-08 
1.08407 -0.672959 0.0275885 0.0025 0.457322 0.429374 2.34721 0.0109332 470 4 1 3.27356e-08 
1.08954 -0.673028 0.0104294 0.0025 0.457294 0.429344 2.34719 0.0109339 471 4 1 2.70362e-08 
1.09501 -0.673054 0.0033443 0.0025 0.457279 0.429332 2.34721 0.0109342 472 4 1 1.43383e-08 
1.10048 -0.673064 0.00085365 0.0025 0.457269 0.429328 2.34724 0.0109345 473 4 1 9.02734e-09 
1.10594 -0.673067 3.89666e-05 0.0025 0.457261 0.429328 2.34728 0.0109347 474 4 1 7.80506e-09 
1.11141 -0.673069 -0.000189624 0.0025 0.457251 0.429328 2.34733 0.0109349 475 4 1 8.06838e-09 
1.11688 -0.67307 -0.000215151 0.0025 0.45724 0.429328 2.34739 0.0109352 476 4 1 9.25124e-09 
1.12234 -0.673071 -0.000179233 0.0025 0.457227 0.429329 2.34746 0.0109355 477 4 1 1.10299e-08 
1.12781 -0.673072 -0.000132321 0.0025 0.457211 0.429329 2.34755 0.0109359 478 4 1 1.32768e-08 
1.13328 -0.673073 -8.82475e-05 0.0025 0.457191 0.42933 2.34765 0.0109363 479 4 1 1.60789e-08 
1.13875 -0.673074 -4.87072e-05 0.0025 0.457168 0.42933 2.34777 0.0109369 480 4 1 1.96068e-08 
1.14422 -0.673074 -1.33418e-05 0.0025 0.457141 0.42933 2.34791 0.0109376 481 4 1 2.40631e-08 
1.14969 -0.673074 1.7674e-05 0.0025 0.457107 0.429331 2.34808 0.0109384 482 4 1 2.97458e-08 
1.15516 -0.673075 4.38234e-05 0.0025 0.457067 0.429331 2.34829 0.0109393 483 4 1 3.69817e-08 
1.16063 -0.673075 6.48024e-05 0.0025 0.457018 0.429331 2.34854 0.0109405 484 4 1 4.63865e-08 
1.1661 -0.673075 8.0739e-05 0.0025 0.456958 0.429332 2.34885 0.0109419 485 4 1 5.88571e-08 
1.17157 -0.673075 9.21233e-05 0.0025 0.456884 0.429332 2.34922 0.0109437 486 4 1 7.54796e-08 
1.17704 -0.673075 9.96556e-05 0.0025 0.456793 0.429333 2.34969 0.0109459 487 4 1 9.81009e-08 
1.18251 -0.673075 0.000104138 0.0025 0.456679 0.429334 2.35028 0.0109486 488 4 1 1.30998e-07 
1.18799 -0.673076 0.000106414 0.0025 0.456535 0.429335 2.35102 0.0109521 489 4 1 1.77347e-07 
1.19347 -0.673076 0.000107309 0.0025 0.456351 0.429338 2.35197 0.0109565 490 4 1 2.46833e-07 
1.19895 -0.673076 0.000107541 0.0025 0.45611 0.429342 2.35321 0.0109623 491 4 1 3.49191e-07 
1.20443 -0.673076 0.000107643 0.0025 0.455789 0.429349 2.35487 0.01097 492 4 1 5.44456e-07 
1.20992 -0.673076 0.000107978 0.0025 0.455345 0.429361 2.35717 0.0109807 493 4 1 8.42998e-07 
1.21541 -0.673077 0.000108821 0.0025 0.454721 0.429387 2.36047 0.0109957 494 4 1 1.27163e-06 
1.22091 -0.673077 0.000110441 0.0025 0.453641 0.429328 2.36526 0.0110219 495 4 1 3.91281e-06 
1.22643 -0.673078 0.000113092 0.0025 0.452459 0.429657 2.37465 0.0110507 496 4 1 -3.01271e-06 
1.23196 -0.673078 0.000116825 0.0025 0.447028 0.427286 2.38027 0.011185 497 5 1 5.38094e-05 
1.23762 -0.673079 0.000121618 0.0025 0.454325 0.432951 2.44419 0.0110053 498 4 1 -0.000240409 
1.24298 -0.67308 0.000126805 0.0025 0.48281 0.424507 2.1555 0.010356 499 4 1 0.000266085 
