# Time [s]: 0.384509
# Columns: pos [m], vel [m/s], acc [m/s^2], mass [kg], dens [kg/m^3], pres [Pa], ene [J/kg], sml [m], id, neighbor, alpha, gradh, ...additional?
1.24342 -0.673079 0.000114799 0.0025 0.511057 0.432734 2.15251 0.00978365 0 4 1 -0.000134225 
1.2482 -0.67308 0.000119883 0.0025 0.536914 0.426197 1.95005 0.00931247 1 4 1 0.000179253 
1.25273 -0.673081 0.000125153 0.0025 0.548244 0.430867 1.96851 0.00912002 2 3 1 -1.90585e-05 
1.25732 -0.673081 0.000130743 0.0025 0.545979 0.429202 1.96466 0.00915785 3 5 1 3.48566e-06 
1.26189 -0.673082 0.000136458 0.0025 0.546378 0.429357 1.96459 0.00915118 4 4 1 -1.38691e-07 
1.26647 -0.673083 0.0001425 0.0025 0.546389 0.429328 1.96436 0.009151 5 4 1 1.43723e-07 
1.27104 -0.673084 0.000149475 0.0025 0.546412 0.429326 1.9643 0.00915061 6 4 1 -3.51854e-09 
1.27562 -0.673085 0.000158098 0.0025 0.546425 0.429324 1.96424 0.00915039 7 4 1 8.22473e-09 
1.28019 -0.673086 0.000168665 0.0025 0.546439 0.429323 1.96418 0.00915015 8 4 1 4.75057e-09 
1.28477 -0.673087 0.000180679 0.0025 0.546451 0.429322 1.96414 0.00914994 9 4 1 5.46028e-09 
1.28934 -0.673088 0.000192979 0.0025 0.546463 0.429322 1.9641 0.00914976 10 4 1 -2.25527e-09 
1.29392 -0.673089 0.000204422 0.0025 0.546474 0.429321 1.96405 0.00914957 11 4 1 4.7151e-09 
1.29849 -0.673091 0.000214727 0.0025 0.546484 0.429321 1.96401 0.0091494 12 4 1 2.83991e-09 
1.30307 -0.673092 0.000224885 0.0025 0.546492 0.42932 1.96398 0.00914926 13 4 1 3.56123e-09 
1.30764 -0.673094 0.000236781 0.0025 0.5465 0.42932 1.96395 0.00914913 14 4 1 2.10658e-09 
1.31222 -0.673095 0.000252177 0.0025 0.546507 0.429319 1.96392 0.00914901 15 4 1 -1.60005e-09 
1.31679 -0.673097 0.000271668 0.0025 0.546514 0.429318 1.96389 0.00914889 16 4 1 4.87901e-09 
1.32137 -0.673099 0.000294246 0.0025 0.54652 0.429317 1.96387 0.00914879 17 4 1 1.45607e-09 
1.32594 -0.673101 0.000317721 0.0025 0.546526 0.429317 1.96385 0.0091487 18 4 1 -1.21631e-09 
1.33051 -0.673103 0.000339713 0.0025 0.546531 0.429316 1.96382 0.00914862 19 4 1 2.68626e-09 
1.33509 -0.673105 0.000358534 0.0025 0.546535 0.429315 1.9638 0.00914854 20 4 1 1.16942e-09 
1.33966 -0.673107 0.000373308 0.0025 0.546539 0.429314 1.96378 0.00914847 21 4 1 1.20801e-09 
1.34424 -0.67311 0.000383063 0.0025 0.546543 0.429313 1.96377 0.00914841 22 4 1 1.09413e-09 
1.34881 -0.673113 0.000385149 0.0025 0.546546 0.429312 1.96375 0.00914836 23 4 1 -1.06225e-10 
1.35339 -0.673116 0.00037404 0.0025 0.546549 0.429311 1.96373 0.00914831 24 4 1 1.58755e-09 
1.35796 -0.67312 0.000341893 0.0025 0.546552 0.42931 1.96372 0.00914826 25 4 1 9.09831e-10 
1.36253 -0.673124 0.000281871 0.0025 0.546555 0.429309 1.96371 0.00914822 26 4 1 -1.10422e-10 
1.36711 -0.673128 0.000193654 0.0025 0.546557 0.429308 1.96369 0.00914817 27 4 1 1.54629e-09 
1.37168 -0.673134 8.86094e-05 0.0025 0.54656 0.429307 1.96368 0.00914813 28 4 1 1.22688e-09 
1.37626 -0.67314 -9.02883e-06 0.0025 0.546562 0.429307 1.96367 0.00914809 29 4 1 -4.34326e-10 
1.38083 -0.673148 -6.7278e-05 0.0025 0.546565 0.429307 1.96366 0.00914804 30 4 1 7.26595e-10 
1.3854 -0.673156 -5.66089e-05 0.0025 0.546567 0.429307 1.96365 0.009148 31 4 1 2.00175e-09 
1.38998 -0.673164 3.94729e-05 0.0025 0.54657 0.429307 1.96364 0.00914797 32 4 1 -1.04902e-09 
1.39455 -0.673172 0.00021879 0.0025 0.546572 0.429306 1.96363 0.00914793 33 4 1 -1.23969e-09 
1.39913 -0.673181 0.000462208 0.0025 0.546573 0.429306 1.96362 0.00914791 34 4 1 1.53465e-09 
1.4037 -0.673189 0.000740966 0.0025 0.546574 0.429304 1.96362 0.0091479 35 3 1 -8.87901e-10 
1.40827 -0.673196 0.00102564 0.0025 0.546574 0.429302 1.96361 0.0091479 36 4 1 -1.57636e-09 
1.41285 -0.673203 0.00129348 0.0025 0.546573 0.429299 1.96359 0.00914791 37 4 1 7.71102e-10 
1.41742 -0.67321 0.0015325 0.0025 0.546572 0.429296 1.96358 0.00914793 38 4 1 -4.85188e-10 
1.422 -0.673217 0.00174197 0.0025 0.54657 0.429292 1.96357 0.00914797 39 4 1 -1.23032e-09 
1.42657 -0.673224 0.00192922 0.0025 0.546567 0.429287 1.96356 0.00914801 40 4 1 2.76537e-10 
1.43114 -0.673231 0.00210404 0.0025 0.546564 0.429282 1.96355 0.00914806 41 4 1 4.48113e-11 
1.43572 -0.673239 0.00227396 0.0025 0.54656 0.429276 1.96354 0.00914813 42 4 1 -1.00377e-09 
1.44029 -0.673248 0.00244356 0.0025 0.546556 0.42927 1.96352 0.0091482 43 4 1 -3.80829e-10 
1.44487 -0.673257 0.00261788 0.0025 0.546551 0.429264 1.96351 0.00914827 44 4 1 5.78232e-10 
1.44944 -0.673267 0.00280577 0.0025 0.546546 0.429257 1.9635 0.00914836 45 4 1 -7.9834e-10 
1.45401 -0.673278 0.00301814 0.0025 0.54654 0.429249 1.96348 0.00914846 46 4 1 -1.21568e-09 
1.45859 -0.673291 0.00326146 0.0025 0.546534 0.429241 1.96347 0.00914856 47 4 1 1.2438e-11 
1.46316 -0.673304 0.003533 0.0025 0.546527 0.429232 1.96345 0.00914868 48 4 1 -3.83239e-10 
1.46774 -0.673319 0.00382526 0.0025 0.546519 0.429222 1.96344 0.00914881 49 4 1 -1.33901e-09 
1.47231 -0.673336 0.00413804 0.0025 0.546511 0.429212 1.96342 0.00914895 50 4 1 -1.10133e-09 
1.47689 -0.673354 0.00448636 0.0025 0.546501 0.4292 1.9634 0.00914911 51 4 1 -2.77985e-10 
1.48146 -0.673374 0.00489244 0.0025 0.546491 0.429188 1.96338 0.00914928 52 4 1 -1.16391e-09 
1.48604 -0.673396 0.00536581 0.0025 0.546479 0.429175 1.96336 0.00914947 53 4 1 -2.09555e-09 
1.49061 -0.673421 0.00589413 0.0025 0.546467 0.42916 1.96334 0.00914968 54 4 1 -1.4166e-09 
1.49518 -0.673448 0.00646426 0.0025 0.546453 0.429143 1.96331 0.00914992 55 4 1 -9.7329e-10 
1.49976 -0.673479 0.00709954 0.0025 0.546437 0.429125 1.96329 0.00915018 56 4 1 -2.23956e-09 
-0.495665 -0.673513 0.00786683 0.0025 0.54642 0.429106 1.96326 0.00915047 57 4 1 -3.01953e-09 
-0.49109 -0.673551 0.00882705 0.0025 0.546401 0.429083 1.96323 0.00915079 58 4 1 -2.30424e-09 
-0.486514 -0.673593 0.00997124 0.0025 0.546379 0.429059 1.96319 0.00915116 59 4 1 -3.05651e-09 
-0.481939 -0.673639 0.0112197 0.0025 0.546354 0.429031 1.96315 0.00915157 60 4 1 -4.07328e-09 
-0.477363 -0.673691 0.0125022 0.0025 0.546326 0.428999 1.96311 0.00915204 61 4 1 -4.06695e-09 
-0.472787 -0.673749 0.013843 0.0025 0.546295 0.428964 1.96306 0.00915256 62 4 1 -3.66465e-09 
-0.46821 -0.673814 0.015361 0.0025 0.546261 0.428925 1.96301 0.00915314 63 4 1 -4.49498e-09 
-0.463633 -0.673888 0.0171769 0.0025 0.546222 0.428882 1.96295 0.00915379 64 4 1 -5.61006e-09 
-0.459056 -0.67397 0.019307 0.0025 0.546179 0.428834 1.96288 0.00915451 65 4 1 -5.85285e-09 
-0.454479 -0.674061 0.0216368 0.0025 0.546131 0.42878 1.96281 0.00915532 66 4 1 -6.05572e-09 
-0.449901 -0.67416 0.0239835 0.0025 0.546077 0.428721 1.96273 0.00915622 67 4 1 -6.05336e-09 
-0.445323 -0.674268 0.0261553 0.0025 0.546018 0.428656 1.96264 0.0091572 68 4 1 -5.28713e-09 
-0.440744 -0.674385 0.0279866 0.0025 0.545955 0.428586 1.96255 0.00915826 69 4 1 -3.69068e-09 
-0.436164 -0.674512 0.0294551 0.0025 0.545888 0.428512 1.96245 0.00915938 70 4 1 -2.39921e-09 
-0.431584 -0.674647 0.0306741 0.0025 0.545819 0.428436 1.96235 0.00916054 71 4 1 -1.05589e-09 
-0.427004 -0.674784 0.0314838 0.0025 0.54575 0.428358 1.96225 0.00916171 72 4 1 1.38823e-09 
-0.422423 -0.67492 0.0312858 0.0025 0.545681 0.428282 1.96215 0.00916287 73 4 1 4.92024e-09 
-0.417841 -0.675049 0.0294474 0.0025 0.545615 0.42821 1.96205 0.00916397 74 4 1 9.47572e-09 
-0.413259 -0.675166 0.025888 0.0025 0.545558 0.428147 1.96196 0.00916493 75 4 1 1.39129e-08 
-0.408676 -0.675263 0.0217816 0.0025 0.545512 0.428096 1.9619 0.00916571 76 4 1 1.67948e-08 
-0.404093 -0.675328 0.0153038 0.0025 0.54548 0.42806 1.96185 0.00916625 77 4 1 2.65356e-08 
-0.39951 -0.675362 0.00233913 0.0025 0.545469 0.428048 1.96183 0.00916642 78 5 1 2.29596e-08 
-0.394927 -0.675353 0.00221662 0.0025 0.545478 0.428059 1.96184 0.00916627 79 4 1 5.52966e-08 
-0.390344 -0.675312 -0.0281452 0.0025 0.545535 0.428127 1.96192 0.00916531 80 4 1 2.09185e-07 
-0.385761 -0.674932 -0.152289 0.0025 0.545763 0.428381 1.96225 0.00916149 81 4 1 3.28918e-07 
-0.381182 -0.67399 -0.268825 0.0025 0.546252 0.42892 1.96295 0.00915328 82 4 1 3.62656e-07 
-0.376608 -0.672557 -0.3841 0.0025 0.54702 0.429768 1.96405 0.00914043 83 4 1 5.04703e-07 
-0.372042 -0.670473 -0.575837 0.0025 0.548153 0.431023 1.96567 0.00912154 84 4 1 7.99988e-07 
-0.367486 -0.667323 -0.878744 0.0025 0.549829 0.432873 1.96807 0.00909374 85 4 1 1.04323e-06 
-0.362948 -0.66286 -1.17948 0.0025 0.552145 0.435425 1.97138 0.00905559 86 4 1 1.07572e-06 
-0.358431 -0.657321 -1.39895 0.0025 0.555023 0.438599 1.97549 0.00900864 87 4 1 9.85519e-07 
-0.353939 -0.651066 -1.53544 0.0025 0.558303 0.442226 1.98015 0.00895571 88 4 1 9.17204e-07 
-0.349475 -0.644343 -1.63688 0.0025 0.561863 0.446177 1.98519 0.00889896 89 4 1 9.49868e-07 
-0.34504 -0.637238 -1.74882 0.0025 0.565668 0.450414 1.99056 0.0088391 90 4 1 1.06336e-06 
-0.340636 -0.629652 -1.88508 0.0025 0.56974 0.45496 1.99627 0.00877594 91 4 1 1.16648e-06 
-0.336264 -0.621591 -2.01509 0.0025 0.574088 0.459828 2.00235 0.00870946 92 4 1 1.23153e-06 
-0.331926 -0.613098 -2.13882 0.0025 0.578695 0.465 2.00877 0.00864013 93 4 1 1.22672e-06 
-0.327624 -0.604277 -2.2164 0.0025 0.583504 0.470416 2.01543 0.00856892 94 4 1 1.16574e-06 
-0.323357 -0.595292 -2.26436 0.0025 0.588437 0.475989 2.02223 0.00849708 95 4 1 1.08569e-06 
-0.319126 -0.586279 -2.2763 0.0025 0.593423 0.481641 2.02906 0.0084257 96 4 1 9.88705e-07 
-0.314931 -0.577348 -2.26147 0.0025 0.598396 0.487299 2.03585 0.00835568 97 4 1 9.12897e-07 
-0.310771 -0.568596 -2.23884 0.0025 0.603319 0.492921 2.04253 0.00828749 98 4 1 8.75405e-07 
-0.306644 -0.559985 -2.22473 0.0025 0.608189 0.498499 2.04911 0.00822114 99 4 1 8.4062e-07 
-0.302549 -0.55153 -2.20276 0.0025 0.613002 0.50403 2.05558 0.00815659 100 4 1 7.86557e-07 
-0.298487 -0.543253 -2.17024 0.0025 0.617744 0.509498 2.06192 0.00809396 101 4 1 7.61321e-07 
-0.294455 -0.535156 -2.15426 0.0025 0.622422 0.514907 2.06815 0.00803314 102 4 1 7.46838e-07 
-0.290454 -0.527187 -2.13561 0.0025 0.627046 0.52027 2.07429 0.0079739 103 4 1 7.18932e-07 
-0.286481 -0.519352 -2.11621 0.0025 0.631617 0.525588 2.08032 0.00791619 104 4 1 7.0043e-07 
-0.282537 -0.511658 -2.10091 0.0025 0.636139 0.530864 2.08626 0.00785992 105 4 1 7.00939e-07 
-0.278621 -0.504059 -2.09902 0.0025 0.640628 0.536116 2.09214 0.00780484 106 4 1 6.83797e-07 
-0.274732 -0.496536 -2.08186 0.0025 0.645087 0.541348 2.09795 0.00775089 107 4 1 6.8647e-07 
-0.27087 -0.48911 -2.09027 0.0025 0.649529 0.546575 2.10372 0.00769789 108 4 1 7.30164e-07 
-0.267034 -0.481684 -2.11768 0.0025 0.65399 0.551838 2.10949 0.00764538 109 4 1 7.32013e-07 
-0.263225 -0.474241 -2.12582 0.0025 0.658476 0.557144 2.11526 0.0075933 110 4 1 7.28767e-07 
-0.259441 -0.466846 -2.14429 0.0025 0.662984 0.562493 2.12104 0.00754166 111 4 1 7.85373e-07 
-0.255683 -0.459355 -2.19874 0.0025 0.667552 0.567928 2.12687 0.00749005 112 4 1 8.15891e-07 
-0.251951 -0.451776 -2.23532 0.0025 0.672196 0.573466 2.13278 0.00743831 113 4 1 8.06072e-07 
-0.248245 -0.444142 -2.26679 0.0025 0.676898 0.579089 2.13874 0.00738664 114 4 1 8.01548e-07 
-0.244564 -0.436485 -2.29228 0.0025 0.681649 0.584788 2.14473 0.00733515 115 4 1 8.09468e-07 
-0.240909 -0.42879 -2.32723 0.0025 0.68645 0.590562 2.15076 0.00728385 116 4 1 8.21199e-07 
-0.23728 -0.421045 -2.36082 0.0025 0.691302 0.596412 2.15683 0.00723273 117 4 1 7.83457e-07 
-0.233677 -0.413308 -2.35889 0.0025 0.696176 0.602308 2.1629 0.00718209 118 4 1 7.68184e-07 
-0.230098 -0.405608 -2.38124 0.0025 0.701062 0.608234 2.16895 0.00713204 119 4 1 7.7782e-07 
-0.226544 -0.397914 -2.39774 0.0025 0.705968 0.6142 2.17501 0.00708248 120 4 1 7.3629e-07 
-0.223015 -0.390267 -2.3861 0.0025 0.710868 0.620176 2.18104 0.00703365 121 4 1 7.13095e-07 
-0.219511 -0.382709 -2.38859 0.0025 0.715753 0.626151 2.18702 0.00698565 122 4 1 7.35696e-07 
-0.21603 -0.375162 -2.411 0.0025 0.720644 0.632149 2.19299 0.00693824 123 4 1 7.21268e-07 
-0.212572 -0.367649 -2.40761 0.0025 0.725538 0.638167 2.19893 0.00689143 124 4 1 6.89626e-07 
-0.209138 -0.36021 -2.40511 0.0025 0.730418 0.644184 2.20483 0.0068454 125 4 1 6.86459e-07 
-0.205727 -0.352822 -2.40967 0.0025 0.735287 0.650203 2.2107 0.00680007 126 4 1 6.76177e-07 
-0.202338 -0.345494 -2.40759 0.0025 0.740147 0.656228 2.21653 0.00675542 127 4 1 6.8685e-07 
-0.198971 -0.338189 -2.43133 0.0025 0.74501 0.662272 2.22235 0.00671132 128 4 1 6.57819e-07 
-0.195627 -0.330929 -2.40962 0.0025 0.749863 0.668318 2.22813 0.00666788 129 4 1 6.24215e-07 
-0.192303 -0.323786 -2.40547 0.0025 0.754687 0.674346 2.23385 0.00662526 130 4 1 6.48962e-07 
-0.189001 -0.316667 -2.42174 0.0025 0.759509 0.680387 2.23955 0.0065832 131 4 1 6.71019e-07 
-0.18572 -0.309536 -2.4487 0.0025 0.764351 0.686466 2.24525 0.0065415 132 4 1 6.31675e-07 
-0.18246 -0.302443 -2.42863 0.0025 0.769187 0.692552 2.25092 0.00650037 133 4 1 5.73825e-07 
-0.17922 -0.295488 -2.40168 0.0025 0.773979 0.698602 2.25651 0.00646012 134 4 1 6.1352e-07 
-0.176 -0.288557 -2.43719 0.0025 0.778767 0.704661 2.26209 0.00642041 135 4 1 6.48847e-07 
-0.172799 -0.281597 -2.45839 0.0025 0.783583 0.710768 2.26767 0.00638094 136 4 1 5.92287e-07 
-0.169619 -0.274702 -2.43476 0.0025 0.788388 0.716875 2.27322 0.00634205 137 4 1 5.53341e-07 
-0.166457 -0.267919 -2.4212 0.0025 0.793156 0.722952 2.27871 0.00630393 138 4 1 5.6754e-07 
-0.163315 -0.261189 -2.42693 0.0025 0.797907 0.729025 2.28416 0.00626639 139 4 1 6.0393e-07 
-0.160191 -0.254435 -2.46144 0.0025 0.802678 0.735134 2.28962 0.00622915 140 4 1 6.001e-07 
-0.157085 -0.247676 -2.46656 0.0025 0.807467 0.74128 2.29507 0.0061922 141 4 1 5.39644e-07 
-0.153998 -0.241006 -2.43795 0.0025 0.81223 0.747407 2.30047 0.0061559 142 4 1 5.21234e-07 
-0.150929 -0.234429 -2.43277 0.0025 0.816958 0.753506 2.30582 0.00612027 143 4 1 5.46583e-07 
-0.147878 -0.227878 -2.44618 0.0025 0.821681 0.759614 2.31114 0.00608509 144 4 1 5.74631e-07 
-0.144844 -0.221331 -2.47752 0.0025 0.826427 0.765762 2.31647 0.00605014 145 4 1 5.47275e-07 
-0.141828 -0.214765 -2.4645 0.0025 0.831175 0.771926 2.32179 0.00601558 146 4 1 4.9742e-07 
-0.138829 -0.208329 -2.44442 0.0025 0.835889 0.778062 2.32705 0.00598166 147 4 1 4.83236e-07 
-0.135846 -0.201961 -2.4265 0.0025 0.840566 0.784165 2.33224 0.00594837 148 4 1 5.18905e-07 
-0.13288 -0.195631 -2.45788 0.0025 0.845245 0.790286 2.33743 0.00591544 149 4 1 5.75125e-07 
-0.129931 -0.189236 -2.50857 0.0025 0.849973 0.79648 2.34265 0.00588254 150 4 1 5.25387e-07 
-0.126998 -0.182839 -2.48345 0.0025 0.85471 0.802697 2.34786 0.00584994 151 4 1 4.46171e-07 
-0.124081 -0.176573 -2.44526 0.0025 0.859391 0.808858 2.353 0.00581807 152 4 1 4.29509e-07 
-0.12118 -0.170444 -2.41571 0.0025 0.864016 0.814961 2.35805 0.00578693 153 4 1 5.06824e-07 
-0.118294 -0.164302 -2.48075 0.0025 0.868657 0.8211 2.36311 0.00575601 154 4 1 5.72569e-07 
-0.115424 -0.158039 -2.53371 0.0025 0.87337 0.827341 2.36823 0.00572495 155 4 1 4.8343e-07 
-0.112569 -0.151815 -2.48901 0.0025 0.878079 0.833587 2.37333 0.00569425 156 4 1 3.74384e-07 
-0.109729 -0.145771 -2.41629 0.0025 0.882694 0.839728 2.37831 0.00566448 157 4 1 3.76552e-07 
-0.106904 -0.1399 -2.3936 0.0025 0.887236 0.845789 2.3832 0.00563548 158 4 1 5.29906e-07 
-0.104094 -0.133934 -2.51812 0.0025 0.891841 0.851944 2.38814 0.00560638 159 4 1 5.84067e-07 
-0.101298 -0.127784 -2.56094 0.0025 0.896555 0.85825 2.39318 0.0055769 160 4 1 4.60577e-07 
-0.0985168 -0.121679 -2.52111 0.0025 0.901261 0.864557 2.3982 0.00554778 161 4 1 3.05721e-07 
-0.09575 -0.115809 -2.38477 0.0025 0.905834 0.870705 2.40306 0.00551978 162 4 1 3.28649e-07 
-0.092997 -0.110173 -2.3942 0.0025 0.91031 0.876743 2.40779 0.00549263 163 4 1 5.21256e-07 
-0.0902574 -0.104368 -2.51716 0.0025 0.91487 0.8829 2.41261 0.00546526 164 4 1 5.84887e-07 
-0.0875317 -0.0983913 -2.59852 0.0025 0.919561 0.88924 2.41756 0.00543738 165 4 1 4.29846e-07 
-0.08482 -0.0924002 -2.51434 0.0025 0.92424 0.895572 2.42247 0.00540985 166 4 1 2.29491e-07 
-0.0821218 -0.0867954 -2.35395 0.0025 0.928738 0.901682 2.42718 0.00538365 167 4 1 2.98552e-07 
-0.0794363 -0.0813295 -2.3822 0.0025 0.933134 0.907669 2.43176 0.00535829 168 4 1 4.53227e-07 
-0.0767635 -0.075804 -2.44561 0.0025 0.937588 0.913746 2.4364 0.00533283 169 4 1 6.11638e-07 
-0.0741034 -0.0700333 -2.65727 0.0025 0.942223 0.920074 2.44121 0.0053066 170 4 1 4.94907e-07 
-0.0714568 -0.0640418 -2.56013 0.0025 0.946925 0.926492 2.44608 0.00528025 171 4 1 1.08915e-07 
-0.0688231 -0.0586496 -2.27386 0.0025 0.951367 0.932588 2.45066 0.0052556 172 4 1 3.23851e-07 
-0.0662012 -0.0533934 -2.48093 0.0025 0.955728 0.938591 2.45515 0.00523161 173 4 1 5.23862e-07 
-0.0635915 -0.0477299 -2.50271 0.0025 0.960216 0.944751 2.45976 0.00520716 174 4 1 1.36104e-07 
-0.060994 -0.0425864 -2.17992 0.0025 0.964528 0.950706 2.46416 0.00518388 175 4 1 5.30399e-07 
-0.0584076 -0.0373586 -2.70204 0.0025 0.968967 0.956858 2.46869 0.00516014 176 4 1 8.75869e-07 
-0.0558338 -0.0310996 -2.88659 0.0025 0.973805 0.963513 2.47364 0.0051345 177 4 1 -3.04551e-07 
-0.0532731 -0.0258789 -1.82516 0.0025 0.978056 0.969384 2.47794 0.00511218 178 4 1 -5.32793e-07 
-0.0507216 -0.0223082 -1.66399 0.0025 0.981542 0.974291 2.48142 0.00509403 179 4 1 1.24849e-06 
-0.048179 -0.0172397 -3.14142 0.0025 0.985856 0.98032 2.4858 0.00507173 180 4 1 1.53464e-06 
-0.0456499 -0.0100703 -3.35309 0.0025 0.991194 0.98767 2.49124 0.00504442 181 4 1 -9.57313e-07 
-0.0431346 -0.00494308 -1.34595 0.0025 0.995355 0.993432 2.4954 0.00502333 182 4 1 -1.46557e-06 
-0.0406265 -0.00303259 -0.787837 0.0025 0.997882 0.997074 2.49784 0.00501061 183 4 1 1.50159e-06 
-0.0381239 0.000898468 -3.18277 0.0025 1.00155 1.00228 2.50154 0.00499225 184 4 1 2.49814e-06 
-0.0356342 0.00869176 -3.99275 0.0025 1.0072 1.01007 2.50727 0.00496428 185 4 1 -1.13423e-06 
-0.0331596 0.0140641 -1.17037 0.0025 1.01149 1.01601 2.51154 0.0049432 186 4 1 -2.74793e-06 
-0.030691 0.0144672 0.409816 0.0025 1.01288 1.01809 2.5128 0.00493641 187 4 1 7.12909e-07 
-0.0282232 0.015482 -2.1448 0.0025 1.0147 1.02074 2.51462 0.00492755 188 4 1 2.03524e-06 
-0.0257635 0.020707 -2.67166 0.0025 1.01835 1.02575 2.51832 0.00490992 189 4 1 -1.25935e-06 
-0.0233133 0.0229609 -0.475026 0.0025 1.02074 1.02907 2.52067 0.0048984 190 4 1 -1.86386e-06 
-0.0208651 0.0223142 0.15145 0.0025 1.02097 1.02946 2.52087 0.00489729 191 3 1 -5.50497e-07 
-0.018416 0.0207514 0.326607 0.0025 1.02045 1.02875 2.52035 0.0048998 192 4 1 -1.34836e-07 
-0.0159653 0.0187643 0.360325 0.0025 1.01975 1.02776 2.51965 0.00490318 193 4 1 6.19317e-09 
-0.0135128 0.0164929 0.338198 0.0025 1.01903 1.02676 2.51894 0.00490662 194 4 1 5.10182e-08 
-0.0110586 0.0139655 0.300206 0.0025 1.01837 1.02582 2.51828 0.00490982 195 4 1 7.4362e-08 
-0.00860297 0.011189 0.251985 0.0025 1.01778 1.025 2.51771 0.00491265 196 4 1 9.56638e-08 
-0.006146 0.00818332 0.192799 0.0025 1.01731 1.02433 2.51723 0.00491495 197 4 1 1.17662e-07 
-0.00368803 0.00499143 0.121924 0.0025 1.01697 1.02385 2.5169 0.00491658 198 4 1 1.36557e-07 
-0.00122941 0.0016779 0.0418133 0.0025 1.01679 1.0236 2.51672 0.00491744 199 4 1 1.47255e-07 
0.00122941 -0.0016779 -0.0418133 0.0025 1.01679 1.0236 2.51672 0.00491744 200 4 1 1.47255e-07 
0.00368803 -0.00499143 -0.121924 0.0025 1.01697 1.02385 2.5169 0.00491658 201 4 1 1.36557e-07 
0.006146 -0.00818332 -0.192799 0.0025 1.01731 1.02433 2.51723 0.00491495 202 4 1 1.17662e-07 
0.00860297 -0.011189 -0.251985 0.0025 1.01778 1.025 2.51771 0.00491265 203 4 1 9.56638e-08 
0.0110586 -0.0139655 -0.300206 0.0025 1.01837 1.02582 2.51828 0.00490982 204 4 1 7.4362e-08 
0.0135128 -0.0164929 -0.338198 0.0025 1.01903 1.02676 2.51894 0.00490662 205 4 1 5.10182e-08 
0.0159653 -0.0187643 -0.360325 0.0025 1.01975 1.02776 2.51965 0.00490318 206 4 1 6.19317e-09 
0.018416 -0.0207514 -0.326607 0.0025 1.02045 1.02875 2.52035 0.0048998 207 4 1 -1.34836e-07 
0.0208651 -0.0223142 -0.15145 0.0025 1.02097 1.02946 2.52087 0.00489729 208 3 1 -5.50497e-07 
0.0233133 -0.0229609 0.475026 0.0025 1.02074 1.02907 2.52067 0.0048984 209 4 1 -1.86386e-06 
0.0257635 -0.020707 2.67166 0.0025 1.01835 1.02575 2.51832 0.00490992 210 4 1 -1.25935e-06 
0.0282232 -0.015482 2.1448 0.0025 1.0147 1.02074 2.51462 0.00492755 211 4 1 2.03524e-06 
0.030691 -0.0144672 -0.409816 0.0025 1.01288 1.01809 2.5128 0.00493641 212 4 1 7.12909e-07 
0.0331596 -0.0140641 1.17037 0.0025 1.01149 1.01601 2.51154 0.0049432 213 4 1 -2.74793e-06 
0.0356342 -0.00869176 3.99275 0.0025 1.0072 1.01007 2.50727 0.00496428 214 4 1 -1.13423e-06 
0.0381239 -0.000898468 3.18277 0.0025 1.00155 1.00228 2.50154 0.00499225 215 4 1 2.49814e-06 
0.0406265 0.00303259 0.787837 0.0025 0.997882 0.997074 2.49784 0.00501061 216 4 1 1.50159e-06 
0.0431346 0.00494308 1.34595 0.0025 0.995355 0.993432 2.4954 0.00502333 217 4 1 -1.46557e-06 
0.0456499 0.0100703 3.35309 0.0025 0.991194 0.98767 2.49124 0.00504442 218 4 1 -9.57313e-07 
0.048179 0.0172397 3.14142 0.0025 0.985856 0.98032 2.4858 0.00507173 219 4 1 1.53464e-06 
0.0507216 0.0223082 1.66399 0.0025 0.981542 0.974291 2.48142 0.00509403 220 4 1 1.24849e-06 
0.0532731 0.0258789 1.82516 0.0025 0.978056 0.969384 2.47794 0.00511218 221 4 1 -5.32793e-07 
0.0558338 0.0310996 2.88659 0.0025 0.973805 0.963513 2.47364 0.0051345 222 4 1 -3.04551e-07 
0.0584076 0.0373586 2.70204 0.0025 0.968967 0.956858 2.46869 0.00516014 223 4 1 8.75869e-07 
0.060994 0.0425864 2.17992 0.0025 0.964528 0.950706 2.46416 0.00518388 224 4 1 5.30399e-07 
0.0635915 0.0477299 2.50271 0.0025 0.960216 0.944751 2.45976 0.00520716 225 4 1 1.36104e-07 
0.0662012 0.0533934 2.48093 0.0025 0.955728 0.938591 2.45515 0.00523161 226 4 1 5.23862e-07 
0.0688231 0.0586496 2.27386 0.0025 0.951367 0.932588 2.45066 0.0052556 227 4 1 3.23851e-07 
0.0714568 0.0640418 2.56013 0.0025 0.946925 0.926492 2.44608 0.00528025 228 4 1 1.08915e-07 
0.0741034 0.0700333 2.65727 0.0025 0.942223 0.920074 2.44121 0.0053066 229 4 1 4.94907e-07 
0.0767635 0.075804 2.44561 0.0025 0.937588 0.913746 2.4364 0.00533283 230 4 1 6.11638e-07 
0.0794363 0.0813295 2.3822 0.0025 0.933134 0.907669 2.43176 0.00535829 231 4 1 4.53227e-07 
0.0821218 0.0867954 2.35395 0.0025 0.928738 0.901682 2.42718 0.00538365 232 4 1 2.98552e-07 
0.08482 0.0924002 2.51434 0.0025 0.92424 0.895572 2.42247 0.00540985 233 4 1 2.29491e-07 
0.0875317 0.0983913 2.59852 0.0025 0.919561 0.88924 2.41756 0.00543738 234 4 1 4.29846e-07 
0.0902574 0.104368 2.51716 0.0025 0.91487 0.8829 2.41261 0.00546526 235 4 1 5.84887e-07 
0.092997 0.110173 2.3942 0.0025 0.91031 0.876743 2.40779 0.00549263 236 4 1 5.21256e-07 
0.09575 0.115809 2.38477 0.0025 0.905834 0.870705 2.40306 0.00551978 237 4 1 3.28649e-07 
0.0985168 0.121679 2.52111 0.0025 0.901261 0.864557 2.3982 0.00554778 238 4 1 3.05721e-07 
0.101298 0.127784 2.56094 0.0025 0.896555 0.85825 2.39318 0.0055769 239 4 1 4.60577e-07 
0.104094 0.133934 2.51812 0.0025 0.891841 0.851944 2.38814 0.00560638 240 4 1 5.84067e-07 
0.106904 0.1399 2.3936 0.0025 0.887236 0.845789 2.3832 0.00563548 241 4 1 5.29906e-07 
0.109729 0.145771 2.41629 0.0025 0.882694 0.839728 2.37831 0.00566448 242 4 1 3.76552e-07 
0.112569 0.151815 2.48901 0.0025 0.878079 0.833587 2.37333 0.00569425 243 4 1 3.74384e-07 
0.115424 0.158039 2.53371 0.0025 0.87337 0.827341 2.36823 0.00572495 244 4 1 4.8343e-07 
0.118294 0.164302 2.48075 0.0025 0.868657 0.8211 2.36311 0.00575601 245 4 1 5.72569e-07 
0.12118 0.170444 2.41571 0.0025 0.864016 0.814961 2.35805 0.00578693 246 4 1 5.06824e-07 
0.124081 0.176573 2.44526 0.0025 0.859391 0.808858 2.353 0.00581807 247 4 1 4.29509e-07 
0.126998 0.182839 2.48345 0.0025 0.85471 0.802697 2.34786 0.00584994 248 4 1 4.46171e-07 
0.129931 0.189236 2.50857 0.0025 0.849973 0.79648 2.34265 0.00588254 249 4 1 5.25387e-07 
0.13288 0.195631 2.45788 0.0025 0.845245 0.790286 2.33743 0.00591544 250 4 1 5.75125e-07 
0.135846 0.201961 2.4265 0.0025 0.840566 0.784165 2.33224 0.00594837 251 4 1 5.18905e-07 
0.138829 0.208329 2.44442 0.0025 0.835889 0.778062 2.32705 0.00598166 252 4 1 4.83236e-07 
0.141828 0.214765 2.4645 0.0025 0.831175 0.771926 2.32179 0.00601558 253 4 1 4.9742e-07 
0.144844 0.221331 2.47752 0.0025 0.826427 0.765762 2.31647 0.00605014 254 4 1 5.47275e-07 
0.147878 0.227878 2.44618 0.0025 0.821681 0.759614 2.31114 0.00608509 255 4 1 5.74631e-07 
0.150929 0.234429 2.43277 0.0025 0.816958 0.753506 2.30582 0.00612027 256 4 1 5.46583e-07 
0.153998 0.241006 2.43795 0.0025 0.81223 0.747407 2.30047 0.0061559 257 4 1 5.21234e-07 
0.157085 0.247676 2.46656 0.0025 0.807467 0.74128 2.29507 0.0061922 258 4 1 5.39644e-07 
0.160191 0.254435 2.46144 0.0025 0.802678 0.735134 2.28962 0.00622915 259 4 1 6.001e-07 
0.163315 0.261189 2.42693 0.0025 0.797907 0.729025 2.28416 0.00626639 260 4 1 6.0393e-07 
0.166457 0.267919 2.4212 0.0025 0.793156 0.722952 2.27871 0.00630393 261 4 1 5.6754e-07 
0.169619 0.274702 2.43476 0.0025 0.788388 0.716875 2.27322 0.00634205 262 4 1 5.53341e-07 
0.172799 0.281597 2.45839 0.0025 0.783583 0.710768 2.26767 0.00638094 263 4 1 5.92287e-07 
0.176 0.288557 2.43719 0.0025 0.778767 0.704661 2.26209 0.00642041 264 4 1 6.48847e-07 
0.17922 0.295488 2.40168 0.0025 0.773979 0.698602 2.25651 0.00646012 265 4 1 6.1352e-07 
0.18246 0.302443 2.42863 0.0025 0.769187 0.692552 2.25092 0.00650037 266 4 1 5.73825e-07 
0.18572 0.309536 2.4487 0.0025 0.764351 0.686466 2.24525 0.0065415 267 4 1 6.31675e-07 
0.189001 0.316667 2.42174 0.0025 0.759509 0.680387 2.23955 0.0065832 268 4 1 6.71019e-07 
0.192303 0.323786 2.40547 0.0025 0.754687 0.674346 2.23385 0.00662526 269 4 1 6.48962e-07 
0.195627 0.330929 2.40962 0.0025 0.749863 0.668318 2.22813 0.00666788 270 4 1 6.24215e-07 
0.198971 0.338189 2.43133 0.0025 0.74501 0.662272 2.22235 0.00671132 271 4 1 6.57819e-07 
0.202338 0.345494 2.40759 0.0025 0.740147 0.656228 2.21653 0.00675542 272 4 1 6.8685e-07 
0.205727 0.352822 2.40967 0.0025 0.735287 0.650203 2.2107 0.00680007 273 4 1 6.76177e-07 
0.209138 0.36021 2.40511 0.0025 0.730418 0.644184 2.20483 0.0068454 274 4 1 6.86459e-07 
0.212572 0.367649 2.40761 0.0025 0.725538 0.638167 2.19893 0.00689143 275 4 1 6.89626e-07 
0.21603 0.375162 2.411 0.0025 0.720644 0.632149 2.19299 0.00693824 276 4 1 7.21268e-07 
0.219511 0.382709 2.38859 0.0025 0.715753 0.626151 2.18702 0.00698565 277 4 1 7.35696e-07 
0.223015 0.390267 2.3861 0.0025 0.710868 0.620176 2.18104 0.00703365 278 4 1 7.13095e-07 
0.226544 0.397914 2.39774 0.0025 0.705968 0.6142 2.17501 0.00708248 279 4 1 7.3629e-07 
0.230098 0.405608 2.38124 0.0025 0.701062 0.608234 2.16895 0.00713204 280 4 1 7.7782e-07 
0.233677 0.413308 2.35889 0.0025 0.696176 0.602308 2.1629 0.00718209 281 4 1 7.68184e-07 
0.23728 0.421045 2.36082 0.0025 0.691302 0.596412 2.15683 0.00723273 282 4 1 7.83457e-07 
0.240909 0.42879 2.32723 0.0025 0.68645 0.590562 2.15076 0.00728385 283 4 1 8.21199e-07 
0.244564 0.436485 2.29228 0.0025 0.681649 0.584788 2.14473 0.00733515 284 4 1 8.09468e-07 
0.248245 0.444142 2.26679 0.0025 0.676898 0.579089 2.13874 0.00738664 285 4 1 8.01548e-07 
0.251951 0.451776 2.23532 0.0025 0.672196 0.573466 2.13278 0.00743831 286 4 1 8.06072e-07 
0.255683 0.459355 2.19874 0.0025 0.667552 0.567928 2.12687 0.00749005 287 4 1 8.15891e-07 
0.259441 0.466846 2.14429 0.0025 0.662984 0.562493 2.12104 0.00754166 288 4 1 7.85373e-07 
0.263225 0.474241 2.12582 0.0025 0.658476 0.557144 2.11526 0.0075933 289 4 1 7.28767e-07 
0.267034 0.481684 2.11768 0.0025 0.65399 0.551838 2.10949 0.00764538 290 4 1 7.32013e-07 
0.27087 0.48911 2.09027 0.0025 0.649529 0.546575 2.10372 0.00769789 291 4 1 7.30164e-07 
0.274732 0.496536 2.08186 0.0025 0.645087 0.541348 2.09795 0.00775089 292 4 1 6.8647e-07 
0.278621 0.504059 2.09902 0.0025 0.640628 0.536116 2.09214 0.00780484 293 4 1 6.83797e-07 
0.282537 0.511658 2.10091 0.0025 0.636139 0.530864 2.08626 0.00785992 294 4 1 7.00939e-07 
0.286481 0.519352 2.11621 0.0025 0.631617 0.525588 2.08032 0.00791619 295 4 1 7.0043e-07 
0.290454 0.527187 2.13561 0.0025 0.627046 0.52027 2.07429 0.0079739 296 4 1 7.18932e-07 
0.294455 0.535156 2.15426 0.0025 0.622422 0.514907 2.06815 0.00803314 297 4 1 7.46838e-07 
0.298487 0.543253 2.17024 0.0025 0.617744 0.509498 2.06192 0.00809396 298 4 1 7.61321e-07 
0.302549 0.55153 2.20276 0.0025 0.613002 0.50403 2.05558 0.00815659 299 4 1 7.86557e-07 
0.306644 0.559985 2.22473 0.0025 0.608189 0.498499 2.04911 0.00822114 300 4 1 8.4062e-07 
0.310771 0.568596 2.23884 0.0025 0.603319 0.492921 2.04253 0.00828749 301 4 1 8.75405e-07 
0.314931 0.577348 2.26147 0.0025 0.598396 0.487299 2.03585 0.00835568 302 4 1 9.12897e-07 
0.319126 0.586279 2.2763 0.0025 0.593423 0.481641 2.02906 0.0084257 303 4 1 9.88705e-07 
0.323357 0.595292 2.26436 0.0025 0.588437 0.475989 2.02223 0.00849708 304 4 1 1.08569e-06 
0.327624 0.604277 2.2164 0.0025 0.583504 0.470416 2.01543 0.00856892 305 4 1 1.16574e-06 
0.331926 0.613098 2.13882 0.0025 0.578695 0.465 2.00877 0.00864013 306 4 1 1.22672e-06 
0.336264 0.621591 2.01509 0.0025 0.574088 0.459828 2.00235 0.00870946 307 4 1 1.23153e-06 
0.340636 0.629652 1.88508 0.0025 0.56974 0.45496 1.99627 0.00877594 308 4 1 1.16648e-06 
0.34504 0.637238 1.74882 0.0025 0.565668 0.450414 1.99056 0.0088391 309 4 1 1.06336e-06 
0.349475 0.644343 1.63688 0.0025 0.561863 0.446177 1.98519 0.00889896 310 4 1 9.49868e-07 
0.353939 0.651066 1.53544 0.0025 0.558303 0.442226 1.98015 0.00895571 311 4 1 9.17204e-07 
0.358431 0.657321 1.39895 0.0025 0.555023 0.438599 1.97549 0.00900864 312 4 1 9.85519e-07 
0.362948 0.66286 1.17948 0.0025 0.552145 0.435425 1.97138 0.00905559 313 4 1 1.07572e-06 
0.367486 0.667323 0.878744 0.0025 0.549829 0.432873 1.96807 0.00909374 314 4 1 1.04323e-06 
0.372042 0.670473 0.575837 0.0025 0.548153 0.431023 1.96567 0.00912154 315 4 1 7.99988e-07 
0.376608 0.672557 0.3841 0.0025 0.54702 0.429768 1.96405 0.00914043 316 4 1 5.04703e-07 
0.381182 0.67399 0.268825 0.0025 0.546252 0.42892 1.96295 0.00915328 317 4 1 3.62656e-07 
0.385761 0.674932 0.152289 0.0025 0.545763 0.428381 1.96225 0.00916149 318 4 1 3.28918e-07 
0.390344 0.675312 0.0281452 0.0025 0.545535 0.428127 1.96192 0.00916531 319 4 1 2.09185e-07 
0.394927 0.675353 -0.00221662 0.0025 0.545478 0.428059 1.96184 0.00916627 320 4 1 5.52966e-08 
0.39951 0.675362 -0.00233913 0.0025 0.545469 0.428048 1.96183 0.00916642 321 5 1 2.29596e-08 
0.404093 0.675328 -0.0153038 0.0025 0.54548 0.42806 1.96185 0.00916625 322 4 1 2.65356e-08 
0.408676 0.675263 -0.0217816 0.0025 0.545512 0.428096 1.9619 0.00916571 323 4 1 1.67948e-08 
0.413259 0.675166 -0.025888 0.0025 0.545558 0.428147 1.96196 0.00916493 324 4 1 1.39129e-08 
0.417841 0.675049 -0.0294474 0.0025 0.545615 0.42821 1.96205 0.00916397 325 4 1 9.47572e-09 
0.422423 0.67492 -0.0312858 0.0025 0.545681 0.428282 1.96215 0.00916287 326 4 1 4.92024e-09 
0.427004 0.674784 -0.0314838 0.0025 0.54575 0.428358 1.96225 0.00916171 327 4 1 1.38823e-09 
0.431584 0.674647 -0.0306741 0.0025 0.545819 0.428436 1.96235 0.00916054 328 4 1 -1.05589e-09 
0.436164 0.674512 -0.0294551 0.0025 0.545888 0.428512 1.96245 0.00915938 329 4 1 -2.39921e-09 
0.440744 0.674385 -0.0279866 0.0025 0.545955 0.428586 1.96255 0.00915826 330 4 1 -3.69068e-09 
0.445323 0.674268 -0.0261553 0.0025 0.546018 0.428656 1.96264 0.0091572 331 4 1 -5.28713e-09 
0.449901 0.67416 -0.0239835 0.0025 0.546077 0.428721 1.96273 0.00915622 332 4 1 -6.05336e-09 
0.454479 0.674061 -0.0216368 0.0025 0.546131 0.42878 1.96281 0.00915532 333 4 1 -6.05572e-09 
0.459056 0.67397 -0.019307 0.0025 0.546179 0.428834 1.96288 0.00915451 334 4 1 -5.85285e-09 
0.463633 0.673888 -0.0171769 0.0025 0.546222 0.428882 1.96295 0.00915379 335 4 1 -5.61006e-09 
0.46821 0.673814 -0.015361 0.0025 0.546261 0.428925 1.96301 0.00915314 336 4 1 -4.49498e-09 
0.472787 0.673749 -0.013843 0.0025 0.546295 0.428964 1.96306 0.00915256 337 4 1 -3.66465e-09 
0.477363 0.673691 -0.0125022 0.0025 0.546326 0.428999 1.96311 0.00915204 338 4 1 -4.06695e-09 
0.481939 0.673639 -0.0112197 0.0025 0.546354 0.429031 1.96315 0.00915157 339 4 1 -4.07328e-09 
0.486514 0.673593 -0.00997124 0.0025 0.546379 0.429059 1.96319 0.00915116 340 4 1 -3.05651e-09 
0.49109 0.673551 -0.00882705 0.0025 0.546401 0.429083 1.96323 0.00915079 341 4 1 -2.30424e-09 
0.495665 0.673513 -0.00786683 0.0025 0.54642 0.429106 1.96326 0.00915047 342 4 1 -3.01953e-09 
0.50024 0.673479 -0.00709954 0.0025 0.546437 0.429125 1.96329 0.00915018 343 4 1 -2.23956e-09 
0.504815 0.673448 -0.00646426 0.0025 0.546453 0.429143 1.96331 0.00914992 344 4 1 -9.7329e-10 
0.50939 0.673421 -0.00589413 0.0025 0.546467 0.42916 1.96334 0.00914968 345 4 1 -1.4166e-09 
0.513965 0.673396 -0.00536581 0.0025 0.546479 0.429175 1.96336 0.00914947 346 4 1 -2.09555e-09 
0.51854 0.673374 -0.00489244 0.0025 0.546491 0.429188 1.96338 0.00914928 347 4 1 -1.16391e-09 
0.523114 0.673354 -0.00448636 0.0025 0.546501 0.4292 1.9634 0.00914911 348 4 1 -2.77985e-10 
0.527689 0.673336 -0.00413804 0.0025 0.546511 0.429212 1.96342 0.00914895 349 4 1 -1.10133e-09 
0.532263 0.673319 -0.00382526 0.0025 0.546519 0.429222 1.96344 0.00914881 350 4 1 -1.33901e-09 
0.536837 0.673304 -0.003533 0.0025 0.546527 0.429232 1.96345 0.00914868 351 4 1 -3.83239e-10 
0.541412 0.673291 -0.00326146 0.0025 0.546534 0.429241 1.96347 0.00914856 352 4 1 1.24379e-11 
0.545986 0.673278 -0.00301814 0.0025 0.54654 0.429249 1.96348 0.00914846 353 4 1 -1.21568e-09 
0.55056 0.673267 -0.00280577 0.0025 0.546546 0.429257 1.9635 0.00914836 354 4 1 -7.98339e-10 
0.555134 0.673257 -0.00261788 0.0025 0.546551 0.429264 1.96351 0.00914827 355 4 1 5.78232e-10 
0.559709 0.673248 -0.00244356 0.0025 0.546556 0.42927 1.96352 0.0091482 356 4 1 -3.80829e-10 
0.564283 0.673239 -0.00227396 0.0025 0.54656 0.429276 1.96354 0.00914813 357 4 1 -1.00377e-09 
0.568857 0.673231 -0.00210404 0.0025 0.546564 0.429282 1.96355 0.00914806 358 4 1 4.48115e-11 
0.573431 0.673224 -0.00192922 0.0025 0.546567 0.429287 1.96356 0.00914801 359 4 1 2.76537e-10 
0.578005 0.673217 -0.00174197 0.0025 0.54657 0.429292 1.96357 0.00914797 360 4 1 -1.23032e-09 
0.582579 0.67321 -0.0015325 0.0025 0.546572 0.429296 1.96358 0.00914793 361 4 1 -4.85188e-10 
0.587153 0.673203 -0.00129348 0.0025 0.546573 0.429299 1.96359 0.00914791 362 4 1 7.71101e-10 
0.591727 0.673196 -0.00102564 0.0025 0.546574 0.429302 1.96361 0.0091479 363 4 1 -1.57636e-09 
0.5963 0.673189 -0.000740966 0.0025 0.546574 0.429304 1.96362 0.0091479 364 3 1 -8.87901e-10 
0.600874 0.673181 -0.000462208 0.0025 0.546573 0.429306 1.96362 0.00914791 365 4 1 1.53465e-09 
0.605448 0.673172 -0.00021879 0.0025 0.546572 0.429306 1.96363 0.00914793 366 4 1 -1.23969e-09 
0.610022 0.673164 -3.94729e-05 0.0025 0.54657 0.429307 1.96364 0.00914797 367 4 1 -1.04902e-09 
0.614596 0.673156 5.66088e-05 0.0025 0.546567 0.429307 1.96365 0.009148 368 4 1 2.00175e-09 
0.61917 0.673148 6.7278e-05 0.0025 0.546565 0.429307 1.96366 0.00914804 369 4 1 7.26595e-10 
0.623744 0.67314 9.02882e-06 0.0025 0.546562 0.429307 1.96367 0.00914809 370 4 1 -4.34326e-10 
0.628318 0.673134 -8.86094e-05 0.0025 0.54656 0.429307 1.96368 0.00914813 371 4 1 1.22688e-09 
0.632893 0.673128 -0.000193654 0.0025 0.546557 0.429308 1.96369 0.00914817 372 4 1 1.54629e-09 
0.637467 0.673124 -0.000281871 0.0025 0.546555 0.429309 1.96371 0.00914822 373 4 1 -1.10422e-10 
0.642041 0.67312 -0.000341893 0.0025 0.546552 0.42931 1.96372 0.00914826 374 4 1 9.0983e-10 
0.646615 0.673116 -0.00037404 0.0025 0.546549 0.429311 1.96373 0.00914831 375 4 1 1.58755e-09 
0.651189 0.673113 -0.000385149 0.0025 0.546546 0.429312 1.96375 0.00914836 376 4 1 -1.06225e-10 
0.655763 0.67311 -0.000383063 0.0025 0.546543 0.429313 1.96377 0.00914841 377 4 1 1.09413e-09 
0.660337 0.673107 -0.000373308 0.0025 0.546539 0.429314 1.96378 0.00914847 378 4 1 1.20801e-09 
0.664912 0.673105 -0.000358534 0.0025 0.546535 0.429315 1.9638 0.00914854 379 4 1 1.16942e-09 
0.669486 0.673103 -0.000339713 0.0025 0.546531 0.429316 1.96382 0.00914862 380 4 1 2.68626e-09 
0.67406 0.673101 -0.000317721 0.0025 0.546526 0.429317 1.96385 0.0091487 381 4 1 -1.21631e-09 
0.678635 0.673099 -0.000294246 0.0025 0.54652 0.429317 1.96387 0.00914879 382 4 1 1.45607e-09 
0.683209 0.673097 -0.000271669 0.0025 0.546514 0.429318 1.96389 0.00914889 383 4 1 4.87901e-09 
0.687784 0.673095 -0.000252177 0.0025 0.546507 0.429319 1.96392 0.00914901 384 4 1 -1.60005e-09 
0.692358 0.673094 -0.000236781 0.0025 0.5465 0.42932 1.96395 0.00914913 385 4 1 2.10658e-09 
0.696933 0.673092 -0.000224885 0.0025 0.546492 0.42932 1.96398 0.00914926 386 4 1 3.56123e-09 
0.701507 0.673091 -0.000214727 0.0025 0.546484 0.429321 1.96401 0.0091494 387 4 1 2.83991e-09 
0.706082 0.673089 -0.000204422 0.0025 0.546474 0.429321 1.96405 0.00914957 388 4 1 4.7151e-09 
0.710657 0.673088 -0.000192979 0.0025 0.546463 0.429322 1.9641 0.00914976 389 4 1 -2.25528e-09 
0.715232 0.673087 -0.000180679 0.0025 0.546451 0.429322 1.96414 0.00914994 390 4 1 5.46028e-09 
0.719807 0.673086 -0.000168665 0.0025 0.546439 0.429323 1.96418 0.00915015 391 4 1 4.75057e-09 
0.724382 0.673085 -0.000158098 0.0025 0.546425 0.429324 1.96424 0.00915039 392 4 1 8.22473e-09 
0.728957 0.673084 -0.000149475 0.0025 0.546412 0.429326 1.9643 0.00915061 393 4 1 -3.51854e-09 
0.733533 0.673083 -0.0001425 0.0025 0.546389 0.429328 1.96436 0.009151 394 4 1 1.43723e-07 
0.738108 0.673082 -0.000136458 0.0025 0.546378 0.429357 1.96459 0.00915118 395 4 1 -1.38691e-07 
0.742684 0.673081 -0.000130743 0.0025 0.545979 0.429202 1.96466 0.00915785 396 5 1 3.48566e-06 
0.747266 0.673081 -0.000125153 0.0025 0.548244 0.430867 1.96851 0.00912002 397 3 1 -1.90585e-05 
0.751804 0.67308 -0.000119883 0.0025 0.536914 0.426197 1.95005 0.00931247 398 4 1 0.000179253 
0.756585 0.673079 -0.000114799 0.0025 0.511057 0.432734 2.15251 0.00978365 399 4 1 -0.000134225 
0.761594 0.673079 -0.000110063 0.0025 0.482811 0.424508 2.1555 0.010356 400 4 1 0.000266086 
0.766955 0.673078 -0.000105591 0.0025 0.454326 0.432951 2.44419 0.0110053 401 4 1 -0.000240409 
0.77261 0.673078 -0.000101415 0.0025 0.447028 0.427287 2.38027 0.011185 402 5 1 5.38094e-05 
0.778141 0.673077 -9.79065e-05 0.0025 0.452459 0.429658 2.37465 0.0110507 403 4 1 -3.01271e-06 
0.783661 0.673077 -9.51179e-05 0.0025 0.453641 0.429329 2.36526 0.0110219 404 4 1 3.91281e-06 
0.789163 0.673076 -9.323e-05 0.0025 0.454721 0.429387 2.36047 0.0109957 405 4 1 1.27163e-06 
0.794657 0.673076 -9.22546e-05 0.0025 0.455345 0.429361 2.35717 0.0109807 406 4 1 8.42997e-07 
0.800144 0.673075 -9.2061e-05 0.0025 0.455789 0.429349 2.35487 0.01097 407 4 1 5.44456e-07 
0.805627 0.673075 -9.24207e-05 0.0025 0.45611 0.429342 2.35321 0.0109623 408 4 1 3.49193e-07 
0.811106 0.673075 -9.30621e-05 0.0025 0.456351 0.429338 2.35197 0.0109565 409 4 1 2.46838e-07 
0.816583 0.673075 -9.36456e-05 0.0025 0.456535 0.429335 2.35102 0.0109521 410 4 1 1.77355e-07 
0.822058 0.673075 -9.36995e-05 0.0025 0.456679 0.429334 2.35028 0.0109486 411 4 1 1.31009e-07 
0.827532 0.673075 -9.25906e-05 0.0025 0.456793 0.429333 2.34969 0.0109459 412 4 1 9.81156e-08 
0.833004 0.673075 -8.95635e-05 0.0025 0.456884 0.429332 2.34922 0.0109437 413 4 1 7.5498e-08 
0.838476 0.673075 -8.3817e-05 0.0025 0.456958 0.429332 2.34885 0.0109419 414 4 1 5.88787e-08 
0.843946 0.673074 -7.45567e-05 0.0025 0.457018 0.429331 2.34854 0.0109405 415 4 1 4.64105e-08 
0.849416 0.673074 -6.09694e-05 0.0025 0.457067 0.429331 2.34829 0.0109393 416 4 1 3.70062e-08 
0.854885 0.673074 -4.20757e-05 0.0025 0.457107 0.429331 2.34808 0.0109384 417 4 1 2.97669e-08 
0.860354 0.673074 -1.64915e-05 0.0025 0.457141 0.429331 2.34791 0.0109376 418 4 1 2.40754e-08 
0.865823 0.673074 1.74769e-05 0.0025 0.457169 0.429331 2.34777 0.0109369 419 4 1 1.96059e-08 
0.871291 0.673073 5.99684e-05 0.0025 0.457192 0.42933 2.34765 0.0109363 420 4 1 1.60726e-08 
0.876759 0.673073 0.000102937 0.0025 0.457211 0.42933 2.34755 0.0109359 421 4 1 1.33124e-08 
0.882227 0.673072 0.000113274 0.0025 0.457227 0.42933 2.34746 0.0109355 422 4 1 1.12581e-08 
0.887695 0.673071 -1.07307e-05 0.0025 0.457241 0.429329 2.34739 0.0109352 423 4 1 1.00955e-08 
0.893162 0.673069 -0.000578725 0.0025 0.457252 0.42933 2.34733 0.0109349 424 4 1 1.07281e-08 
0.89863 0.673061 -0.00257916 0.0025 0.457264 0.429333 2.34729 0.0109346 425 4 1 1.54635e-08 
0.904097 0.67304 -0.00890551 0.0025 0.45728 0.429343 2.34726 0.0109342 426 4 1 2.75442e-08 
0.909564 0.672978 -0.0255832 0.0025 0.457307 0.42937 2.34727 0.0109336 427 4 1 3.89186e-08 
0.91503 0.672835 -0.0527724 0.0025 0.457354 0.42942 2.34732 0.0109325 428 4 1 -4.28949e-08 
0.920496 0.672671 -0.0181122 0.0025 0.457365 0.429407 2.34731 0.0109322 429 3 1 -6.99553e-07 
0.925963 0.673455 0.654969 0.0025 0.456956 0.428867 2.34645 0.010942 430 4 1 -7.75457e-07 
0.931438 0.678186 1.46081 0.0025 0.456193 0.428112 2.3448 0.0109603 431 5 1 8.3694e-06 
0.936923 0.672808 -6.32437 0.0025 0.459626 0.433382 2.35189 0.0108784 432 4 1 6.06511e-05 
0.942318 0.618447 -27.5454 0.0025 0.478631 0.460283 2.39301 0.0104465 433 4 1 0.00018244 
0.947387 0.482129 -49.8343 0.0025 0.524261 0.525378 2.49236 0.00953723 434 4 1 0.000227875 
0.951903 0.309412 -47.5778 0.0025 0.591151 0.62339 2.63 0.00845807 435 4 1 0.000132815 
0.955888 0.178292 -30.1661 0.0025 0.657488 0.724145 2.75443 0.0076047 436 4 1 4.25179e-05 
0.959527 0.0998671 -17.9797 0.0025 0.707674 0.803236 2.84047 0.0070654 437 4 1 4.60446e-06 
0.96296 0.0535684 -10.3828 0.0025 0.740911 0.856852 2.89385 0.00674845 438 4 1 -7.62924e-06 
0.966277 0.0280901 -5.59462 0.0025 0.760989 0.88967 2.92465 0.00657039 439 4 1 -8.50583e-06 
0.969531 0.0145746 -2.98534 0.0025 0.772181 0.908071 2.94109 0.00647517 440 4 1 -5.723e-06 
0.972753 0.00754245 -1.56234 0.0025 0.778205 0.917909 2.94943 0.00642504 441 4 1 -3.32207e-06 
0.975957 0.00392219 -0.826288 0.0025 0.781414 0.923036 2.95341 0.00639866 442 4 1 -1.73836e-06 
0.979151 0.00204014 -0.444272 0.0025 0.783161 0.925714 2.95519 0.00638438 443 4 1 -7.6873e-07 
0.982341 0.00105103 -0.243459 0.0025 0.784129 0.927161 2.956 0.0063765 444 4 1 3.93867e-08 
0.985528 0.000527756 -0.135065 0.0025 0.78455 0.928013 2.95686 0.00637308 445 3 1 1.44816e-06 
0.988714 0.000254057 -0.075272 0.0025 0.784219 0.928617 2.95945 0.00637577 446 4 1 4.38175e-06 
0.991904 0.000115148 -0.0415555 0.0025 0.78174 0.92877 2.96729 0.00639599 447 4 1 1.48437e-05 
0.99511 4.66244e-05 -0.0210068 0.0025 0.774439 0.928057 2.99285 0.00645629 448 4 1 1.7648e-05 
0.99836 1.20762e-05 -0.00643759 0.0025 0.765739 0.928228 3.03815 0.00652964 449 4 1 -3.46873e-05 
1.00164 -1.20762e-05 0.00643759 0.0025 0.765739 0.928228 3.03815 0.00652964 450 4 1 -3.46873e-05 
1.00489 -4.66244e-05 0.0210068 0.0025 0.774439 0.928057 2.99285 0.00645629 451 4 1 1.7648e-05 
1.0081 -0.000115148 0.0415555 0.0025 0.78174 0.92877 2.96729 0.00639599 452 4 1 1.48437e-05 
1.01129 -0.000254057 0.075272 0.0025 0.784219 0.928617 2.95945 0.00637577 453 4 1 4.38175e-06 
1.01447 -0.000527756 0.135065 0.0025 0.78455 0.928013 2.95686 0.00637308 454 3 1 1.44816e-06 
1.01766 -0.00105103 0.243459 0.0025 0.784129 0.927161 2.956 0.0063765 455 4 1 3.93867e-08 
1.02085 -0.00204014 0.444272 0.0025 0.783161 0.925714 2.95519 0.00638438 456 4 1 -7.6873e-07 
1.02404 -0.00392219 0.826288 0.0025 0.781414 0.923036 2.95341 0.00639866 457 4 1 -1.73836e-06 
1.02725 -0.00754245 1.56234 0.0025 0.778205 0.917909 2.94943 0.00642504 458 4 1 -3.32207e-06 
1.03047 -0.0145746 2.98534 0.0025 0.772181 0.908071 2.94109 0.00647517 459 4 1 -5.723e-06 
1.03372 -0.0280901 5.59462 0.0025 0.760989 0.88967 2.92465 0.00657039 460 4 1 -8.50583e-06 
1.03704 -0.0535684 10.3828 0.0025 0.740911 0.856852 2.89385 0.00674845 461 4 1 -7.62924e-06 
1.04047 -0.0998671 17.9797 0.0025 0.707674 0.803236 2.84047 0.0070654 462 4 1 4.60446e-06 
1.04411 -0.178292 30.1661 0.0025 0.657488 0.724145 2.75443 0.0076047 463 4 1 4.25179e-05 
1.0481 -0.309412 47.5778 0.0025 0.591151 0.62339 2.63 0.00845807 464 4 1 0.000132815 
1.05261 -0.482129 49.8343 0.0025 0.524261 0.525378 2.49236 0.00953723 465 4 1 0.000227875 
1.05768 -0.618447 27.5454 0.0025 0.478631 0.460283 2.39301 0.0104465 466 4 1 0.00018244 
1.06308 -0.672808 6.32437 0.0025 0.459626 0.433382 2.35189 0.0108784 467 4 1 6.06511e-05 
1.06856 -0.678186 -1.46081 0.0025 0.456193 0.428112 2.3448 0.0109603 468 5 1 8.3694e-06 
1.07404 -0.673455 -0.654969 0.0025 0.456956 0.428867 2.34645 0.010942 469 4 1 -7.75457e-07 
1.0795 -0.672671 0.0181122 0.0025 0.457365 0.429407 2.34731 0.0109322 470 3 1 -6.99553e-07 
1.08497 -0.672835 0.0527724 0.0025 0.457354 0.42942 2.34732 0.0109325 471 4 1 -4.28949e-08 
1.09044 -0.672978 0.0255832 0.0025 0.457307 0.42937 2.34727 0.0109336 472 4 1 3.89186e-08 
1.0959 -0.67304 0.00890551 0.0025 0.45728 0.429343 2.34726 0.0109342 473 4 1 2.75442e-08 
1.10137 -0.673061 0.00257916 0.0025 0.457264 0.429333 2.34729 0.0109346 474 4 1 1.54635e-08 
1.10684 -0.673069 0.000578725 0.0025 0.457252 0.42933 2.34733 0.0109349 475 4 1 1.07281e-08 
1.11231 -0.673071 1.07307e-05 0.0025 0.457241 0.429329 2.34739 0.0109352 476 4 1 1.00955e-08 
1.11777 -0.673072 -0.000113274 0.0025 0.457227 0.42933 2.34746 0.0109355 477 4 1 1.12581e-08 
1.12324 -0.673073 -0.000102937 0.0025 0.457211 0.42933 2.34755 0.0109359 478 4 1 1.33124e-08 
1.12871 -0.673073 -5.99684e-05 0.0025 0.457192 0.42933 2.34765 0.0109363 479 4 1 1.60726e-08 
1.13418 -0.673074 -1.74769e-05 0.0025 0.457169 0.429331 2.34777 0.0109369 480 4 1 1.96059e-08 
1.13965 -0.673074 1.64915e-05 0.0025 0.457141 0.429331 2.34791 0.0109376 481 4 1 2.40754e-08 
1.14511 -0.673074 4.20757e-05 0.0025 0.457107 0.429331 2.34808 0.0109384 482 4 1 2.97669e-08 
1.15058 -0.673074 6.09694e-05 0.0025 0.457067 0.429331 2.34829 0.0109393 483 4 1 3.70062e-08 
1.15605 -0.673074 7.45567e-05 0.0025 0.457018 0.429331 2.34854 0.0109405 484 4 1 4.64105e-08 
1.16152 -0.673075 8.3817e-05 0.0025 0.456958 0.429332 2.34885 0.0109419 485 4 1 5.88787e-08 
1.167 -0.673075 8.95635e-05 0.0025 0.456884 0.429332 2.34922 0.0109437 486 4 1 7.5498e-08 
1.17247 -0.673075 9.25906e-05 0.0025 0.456793 0.429333 2.34969 0.0109459 487 4 1 9.81156e-08 
1.17794 -0.673075 9.36995e-05 0.0025 0.456679 0.429334 2.35028 0.0109486 488 4 1 1.31009e-07 
1.18342 -0.673075 9.36456e-05 0.0025 0.456535 0.429335 2.35102 0.0109521 489 4 1 1.77355e-07 
1.18889 -0.673075 9.30621e-05 0.0025 0.456351 0.429338 2.35197 0.0109565 490 4 1 2.46838e-07 
1.19437 -0.673075 9.24208e-05 0.0025 0.45611 0.429342 2.35321 0.0109623 491 4 1 3.49193e-07 
1.19986 -0.673075 9.2061e-05 0.0025 0.455789 0.429349 2.35487 0.01097 492 4 1 5.44456e-07 
1.20534 -0.673076 9.22546e-05 0.0025 0.455345 0.429361 2.35717 0.0109807 493 4 1 8.42997e-07 
1.21084 -0.673076 9.323e-05 0.0025 0.454721 0.429387 2.36047 0.0109957 494 4 1 1.27163e-06 
1.21634 -0.673077 9.51179e-05 0.0025 0.453641 0.429329 2.36526 0.0110219 495 4 1 3.91281e-06 
1.22186 -0.673077 9.79065e-05 0.0025 0.452459 0.429658 2.37465 0.0110507 496 4 1 -3.01271e-06 
1.22739 -0.673078 0.000101415 0.0025 0.447028 0.427287 2.38027 0.011185 497 5 1 5.38094e-05 
1.23305 -0.673078 0.000105591 0.0025 0.454326 0.432951 2.44419 0.0110053 498 4 1 -0.000240409 
1.23841 -0.673079 0.000110063 0.0025 0.482811 0.424508 2.1555 0.010356 499 4 1 0.000266086 
