# Time [s]: 0.382041
# Columns: pos [m], vel [m/s], acc [m/s^2], mass [kg], dens [kg/m^3], pres [Pa], ene [J/kg], sml [m], id, neighbor, alpha, gradh, ...additional?
1.24508 -0.67308 0.000120924 0.0025 0.511056 0.432734 2.15251 0.00978365 0 4 1 -0.000134225 
1.24986 -0.67308 0.000126229 0.0025 0.536914 0.426196 1.95005 0.00931248 1 4 1 0.000179253 
1.2544 -0.673081 0.000131854 0.0025 0.548244 0.430866 1.96851 0.00912002 2 3 1 -1.90585e-05 
1.25898 -0.673082 0.000137995 0.0025 0.545979 0.429202 1.96465 0.00915786 3 5 1 3.48566e-06 
1.26355 -0.673082 0.000144336 0.0025 0.546378 0.429357 1.96459 0.00915118 4 4 1 -1.38692e-07 
1.26813 -0.673083 0.000150828 0.0025 0.546388 0.429327 1.96436 0.009151 5 4 1 1.43722e-07 
1.2727 -0.673084 0.00015787 0.0025 0.546411 0.429326 1.9643 0.00915062 6 4 1 -3.51882e-09 
1.27728 -0.673085 0.000166238 0.0025 0.546425 0.429323 1.96424 0.00915039 7 4 1 8.225e-09 
1.28185 -0.673086 0.000176622 0.0025 0.546439 0.429323 1.96418 0.00915016 8 4 1 4.7505e-09 
1.28643 -0.673087 0.000189043 0.0025 0.546451 0.429322 1.96414 0.00914995 9 4 1 5.45875e-09 
1.291 -0.673089 0.000202625 0.0025 0.546462 0.429322 1.9641 0.00914976 10 4 1 -2.25879e-09 
1.29558 -0.67309 0.000215996 0.0025 0.546473 0.429321 1.96405 0.00914958 11 4 1 4.71023e-09 
1.30015 -0.673091 0.000228184 0.0025 0.546483 0.42932 1.96401 0.00914941 12 4 1 2.83528e-09 
1.30473 -0.673093 0.000239424 0.0025 0.546492 0.42932 1.96398 0.00914926 13 4 1 3.55848e-09 
1.3093 -0.673094 0.000251275 0.0025 0.5465 0.429319 1.96395 0.00914914 14 4 1 2.10636e-09 
1.31388 -0.673096 0.000265863 0.0025 0.546507 0.429318 1.96392 0.00914902 15 4 1 -1.59866e-09 
1.31845 -0.673098 0.000284671 0.0025 0.546514 0.429318 1.96389 0.0091489 16 4 1 4.87995e-09 
1.32303 -0.6731 0.000307612 0.0025 0.54652 0.429317 1.96387 0.0091488 17 4 1 1.45448e-09 
1.3276 -0.673102 0.000332962 0.0025 0.546525 0.429316 1.96385 0.00914871 18 4 1 -1.2215e-09 
1.33218 -0.673104 0.000358169 0.0025 0.54653 0.429315 1.96382 0.00914863 19 4 1 2.67774e-09 
1.33675 -0.673106 0.000380993 0.0025 0.546535 0.429314 1.9638 0.00914855 20 4 1 1.1586e-09 
1.34132 -0.673108 0.000400213 0.0025 0.546539 0.429313 1.96378 0.00914848 21 4 1 1.19529e-09 
1.3459 -0.673111 0.000415311 0.0025 0.546542 0.429312 1.96376 0.00914843 22 4 1 1.07804e-09 
1.35047 -0.673114 0.000425109 0.0025 0.546545 0.429311 1.96375 0.00914837 23 4 1 -1.29272e-10 
1.35505 -0.673117 0.000425999 0.0025 0.546548 0.42931 1.96373 0.00914832 24 4 1 1.55347e-09 
1.35962 -0.673121 0.000411112 0.0025 0.546551 0.429309 1.96372 0.00914828 25 4 1 8.63561e-10 
1.36419 -0.673125 0.000371909 0.0025 0.546553 0.429307 1.9637 0.00914824 26 4 1 -1.63355e-10 
1.36877 -0.673129 0.000302788 0.0025 0.546556 0.429306 1.96369 0.0091482 27 4 1 1.50038e-09 
1.37334 -0.673134 0.000207334 0.0025 0.546558 0.429306 1.96368 0.00914816 28 4 1 1.2066e-09 
1.37792 -0.673141 0.000102742 0.0025 0.54656 0.429305 1.96367 0.00914812 29 4 1 -4.13167e-10 
1.38249 -0.673148 1.86161e-05 0.0025 0.546563 0.429305 1.96366 0.00914808 30 4 1 7.93496e-10 
1.38707 -0.673156 -1.10935e-05 0.0025 0.546565 0.429304 1.96365 0.00914804 31 4 1 2.10291e-09 
1.39164 -0.673164 4.00465e-05 0.0025 0.546567 0.429304 1.96364 0.00914801 32 4 1 -9.37541e-10 
1.39621 -0.673173 0.000181255 0.0025 0.546569 0.429304 1.96363 0.00914798 33 4 1 -1.1451e-09 
1.40079 -0.673182 0.000401893 0.0025 0.546571 0.429303 1.96362 0.00914795 34 4 1 1.59169e-09 
1.40536 -0.67319 0.000676439 0.0025 0.546571 0.429302 1.96361 0.00914794 35 4 1 -8.7683e-10 
1.40993 -0.673199 0.000973621 0.0025 0.546572 0.4293 1.9636 0.00914793 36 3 1 -1.60737e-09 
1.41451 -0.673206 0.00126535 0.0025 0.546571 0.429297 1.96359 0.00914794 37 4 1 7.10662e-10 
1.41908 -0.673214 0.00153291 0.0025 0.54657 0.429294 1.96358 0.00914797 38 4 1 -5.58757e-10 
1.42366 -0.673221 0.0017696 0.0025 0.546567 0.429289 1.96357 0.009148 39 4 1 -1.30266e-09 
1.42823 -0.673229 0.00197956 0.0025 0.546565 0.429285 1.96356 0.00914805 40 4 1 2.13183e-10 
1.4328 -0.673236 0.00217296 0.0025 0.546561 0.429279 1.96355 0.0091481 41 4 1 -9.69968e-12 
1.43738 -0.673245 0.00235982 0.0025 0.546557 0.429274 1.96353 0.00914817 42 4 1 -1.05389e-09 
1.44195 -0.673254 0.00254628 0.0025 0.546553 0.429267 1.96352 0.00914824 43 4 1 -4.29189e-10 
1.44653 -0.673263 0.00273619 0.0025 0.546548 0.42926 1.96351 0.00914832 44 4 1 5.33992e-10 
1.4511 -0.673274 0.00293603 0.0025 0.546543 0.429253 1.96349 0.00914842 45 4 1 -8.34963e-10 
1.45568 -0.673286 0.00315709 0.0025 0.546537 0.429245 1.96348 0.00914852 46 4 1 -1.24759e-09 
1.46025 -0.673299 0.00341086 0.0025 0.54653 0.429236 1.96346 0.00914863 47 4 1 -2.64109e-11 
1.46482 -0.673313 0.0037009 0.0025 0.546523 0.429227 1.96345 0.00914875 48 4 1 -4.41327e-10 
1.4694 -0.673329 0.00402074 0.0025 0.546514 0.429217 1.96343 0.00914889 49 4 1 -1.4166e-09 
1.47397 -0.673346 0.00436322 0.0025 0.546505 0.429206 1.96341 0.00914904 50 4 1 -1.18378e-09 
1.47855 -0.673365 0.00473478 0.0025 0.546496 0.429194 1.96339 0.00914921 51 4 1 -3.50738e-10 
1.48312 -0.673386 0.00515877 0.0025 0.546485 0.429181 1.96337 0.00914939 52 4 1 -1.2337e-09 
1.4877 -0.67341 0.00565882 0.0025 0.546472 0.429167 1.96335 0.00914959 53 4 1 -2.19185e-09 
1.49227 -0.673436 0.00623603 0.0025 0.546459 0.429151 1.96333 0.00914982 54 4 1 -1.56073e-09 
1.49685 -0.673465 0.00686994 0.0025 0.546444 0.429134 1.9633 0.00915006 55 4 1 -1.14275e-09 
-0.498578 -0.673497 0.00755526 0.0025 0.546428 0.429115 1.96327 0.00915034 56 4 1 -2.37769e-09 
-0.494003 -0.673533 0.0083399 0.0025 0.546409 0.429093 1.96324 0.00915065 57 4 1 -3.10073e-09 
-0.489427 -0.673573 0.00930829 0.0025 0.546389 0.42907 1.96321 0.00915099 58 4 1 -2.38806e-09 
-0.484852 -0.673618 0.010506 0.0025 0.546366 0.429044 1.96317 0.00915138 59 4 1 -3.25067e-09 
-0.480276 -0.673668 0.0118838 0.0025 0.546339 0.429014 1.96313 0.00915182 60 4 1 -4.42323e-09 
-0.4757 -0.673723 0.0133378 0.0025 0.54631 0.428981 1.96309 0.00915232 61 4 1 -4.48853e-09 
-0.471124 -0.673784 0.0148188 0.0025 0.546277 0.428944 1.96303 0.00915287 62 4 1 -4.0014e-09 
-0.466547 -0.673854 0.0163975 0.0025 0.546239 0.428902 1.96298 0.00915349 63 4 1 -4.64879e-09 
-0.46197 -0.673932 0.0182142 0.0025 0.546198 0.428856 1.96292 0.00915419 64 4 1 -5.61939e-09 
-0.457393 -0.674019 0.0203521 0.0025 0.546153 0.428805 1.96285 0.00915495 65 4 1 -5.84123e-09 
-0.452815 -0.674115 0.0227424 0.0025 0.546102 0.428749 1.96277 0.0091558 66 4 1 -6.09925e-09 
-0.448237 -0.67422 0.0251884 0.0025 0.546046 0.428686 1.96269 0.00915674 67 4 1 -6.11537e-09 
-0.443658 -0.674334 0.027458 0.0025 0.545984 0.428618 1.9626 0.00915777 68 4 1 -5.24735e-09 
-0.439079 -0.674456 0.0293065 0.0025 0.545918 0.428545 1.9625 0.00915888 69 4 1 -3.29869e-09 
-0.4345 -0.674586 0.0305333 0.0025 0.545849 0.428469 1.9624 0.00916003 70 4 1 -1.30605e-09 
-0.429919 -0.674723 0.0311831 0.0025 0.545779 0.428391 1.96229 0.00916122 71 4 1 7.4226e-10 
-0.425338 -0.674862 0.0313451 0.0025 0.545709 0.428314 1.96219 0.00916239 72 4 1 3.42301e-09 
-0.420757 -0.674996 0.0305989 0.0025 0.545642 0.42824 1.96209 0.00916352 73 4 1 6.85713e-09 
-0.416175 -0.67512 0.0282437 0.0025 0.54558 0.428172 1.962 0.00916456 74 4 1 1.14696e-08 
-0.411592 -0.675227 0.0236601 0.0025 0.545528 0.428114 1.96192 0.00916544 75 4 1 1.74576e-08 
-0.407009 -0.675312 0.0171777 0.0025 0.54549 0.428072 1.96186 0.00916607 76 4 1 2.0509e-08 
-0.402426 -0.675363 0.0121424 0.0025 0.545469 0.428048 1.96183 0.00916643 77 4 1 2.42783e-08 
-0.397843 -0.675361 -0.00125047 0.0025 0.545468 0.428047 1.96183 0.00916644 78 5 1 3.08999e-08 
-0.39326 -0.675355 -0.0037765 0.0025 0.545494 0.428079 1.96186 0.009166 79 4 1 1.31466e-07 
-0.388677 -0.675171 -0.09051 0.0025 0.545629 0.428234 1.96206 0.00916373 80 4 1 2.93995e-07 
-0.384096 -0.674464 -0.224595 0.0025 0.546001 0.428644 1.96259 0.00915749 81 4 1 3.48021e-07 
-0.379519 -0.673255 -0.327665 0.0025 0.546645 0.429353 1.96351 0.0091467 82 4 1 4.20646e-07 
-0.374949 -0.671498 -0.479864 0.0025 0.547602 0.430413 1.96488 0.00913072 83 4 1 6.7078e-07 
-0.370389 -0.668853 -0.742766 0.0025 0.549028 0.43199 1.96693 0.00910701 84 4 1 9.70399e-07 
-0.365842 -0.664921 -1.06544 0.0025 0.551079 0.434251 1.96986 0.00907311 85 4 1 1.09239e-06 
-0.361316 -0.659769 -1.32062 0.0025 0.553747 0.437191 1.97367 0.0090294 86 4 1 1.03146e-06 
-0.356813 -0.653751 -1.49012 0.0025 0.556885 0.440657 1.97814 0.00897851 87 4 1 9.47092e-07 
-0.352337 -0.647192 -1.6028 0.0025 0.560351 0.444497 1.98305 0.00892298 88 4 1 9.32464e-07 
-0.34789 -0.640221 -1.70566 0.0025 0.56407 0.448633 1.98831 0.00886416 89 4 1 1.02801e-06 
-0.343473 -0.63281 -1.84069 0.0025 0.568049 0.453072 1.9939 0.00880205 90 4 1 1.14607e-06 
-0.339088 -0.624888 -1.97512 0.0025 0.572312 0.457838 1.99987 0.0087365 91 4 1 1.2226e-06 
-0.334736 -0.616508 -2.10342 0.0025 0.576845 0.462922 2.0062 0.00866784 92 4 1 1.25382e-06 
-0.33042 -0.607733 -2.20601 0.0025 0.581611 0.468282 2.01281 0.00859681 93 4 1 1.21184e-06 
-0.326139 -0.598747 -2.26384 0.0025 0.586536 0.473839 2.01961 0.00852462 94 4 1 1.13058e-06 
-0.321895 -0.58967 -2.28945 0.0025 0.59154 0.479505 2.02648 0.00845251 95 4 1 1.03911e-06 
-0.317686 -0.580648 -2.28445 0.0025 0.596555 0.485203 2.03334 0.00838145 96 4 1 9.44993e-07 
-0.313513 -0.571772 -2.25785 0.0025 0.601529 0.490874 2.0401 0.00831216 97 4 1 8.98567e-07 
-0.309374 -0.563062 -2.24563 0.0025 0.606447 0.496502 2.04676 0.00824474 98 4 1 8.65594e-07 
-0.305268 -0.554494 -2.2239 0.0025 0.611311 0.502086 2.05331 0.00817914 99 4 1 8.13031e-07 
-0.301195 -0.546102 -2.19532 0.0025 0.616108 0.507609 2.05974 0.00811546 100 4 1 7.73987e-07 
-0.297153 -0.537901 -2.16873 0.0025 0.620833 0.513068 2.06604 0.00805369 101 4 1 7.61289e-07 
-0.293141 -0.529835 -2.15648 0.0025 0.625501 0.518477 2.07224 0.00799359 102 4 1 7.40847e-07 
-0.289159 -0.521915 -2.13582 0.0025 0.630119 0.523843 2.07835 0.00793501 103 4 1 7.09291e-07 
-0.285206 -0.514131 -2.11548 0.0025 0.634682 0.529162 2.08435 0.00787797 104 4 1 7.0656e-07 
-0.281281 -0.506461 -2.11103 0.0025 0.639205 0.53445 2.09028 0.00782222 105 4 1 7.03735e-07 
-0.277384 -0.498871 -2.10324 0.0025 0.643701 0.53972 2.09615 0.00776758 106 4 1 6.87824e-07 
-0.273513 -0.491387 -2.09416 0.0025 0.648172 0.544977 2.10196 0.007714 107 4 1 7.18569e-07 
-0.26967 -0.483914 -2.12027 0.0025 0.652647 0.550253 2.10775 0.0076611 108 4 1 7.47503e-07 
-0.265852 -0.476428 -2.13851 0.0025 0.657152 0.555577 2.11356 0.00760859 109 4 1 7.31641e-07 
-0.262061 -0.468977 -2.14409 0.0025 0.661676 0.56094 2.11937 0.00755657 110 4 1 7.80867e-07 
-0.258295 -0.461486 -2.20082 0.0025 0.666252 0.56638 2.12522 0.00750467 111 4 1 8.26206e-07 
-0.254556 -0.453876 -2.24032 0.0025 0.670907 0.571927 2.13114 0.0074526 112 4 1 8.16318e-07 
-0.250843 -0.446213 -2.27268 0.0025 0.675624 0.577564 2.13713 0.00740057 113 4 1 8.09613e-07 
-0.247155 -0.43851 -2.29759 0.0025 0.680391 0.583277 2.14314 0.00734872 114 4 1 8.18153e-07 
-0.243494 -0.430778 -2.33377 0.0025 0.685207 0.589066 2.1492 0.00729706 115 4 1 8.31655e-07 
-0.239858 -0.422994 -2.36804 0.0025 0.690078 0.594936 2.1553 0.00724555 116 4 1 8.0572e-07 
-0.236248 -0.415195 -2.37741 0.0025 0.694981 0.600861 2.16141 0.00719444 117 4 1 7.80093e-07 
-0.232664 -0.407453 -2.38929 0.0025 0.699896 0.606818 2.16751 0.00714392 118 4 1 7.82013e-07 
-0.229104 -0.399694 -2.40867 0.0025 0.704827 0.612811 2.17361 0.00709394 119 4 1 7.58948e-07 
-0.22557 -0.391982 -2.40634 0.0025 0.709762 0.618825 2.17968 0.00704462 120 4 1 7.25564e-07 
-0.22206 -0.384364 -2.40081 0.0025 0.714681 0.624838 2.18571 0.00699613 121 4 1 7.40075e-07 
-0.218573 -0.37677 -2.42349 0.0025 0.719602 0.63087 2.19172 0.00694829 122 4 1 7.36909e-07 
-0.215111 -0.369191 -2.42486 0.0025 0.724529 0.636925 2.19771 0.00690104 123 4 1 7.02528e-07 
-0.211672 -0.361693 -2.41997 0.0025 0.729443 0.64298 2.20366 0.00685455 124 4 1 6.94629e-07 
-0.208257 -0.35425 -2.42402 0.0025 0.734344 0.649037 2.20957 0.0068088 125 4 1 6.88313e-07 
-0.204863 -0.346858 -2.4244 0.0025 0.739238 0.6551 2.21544 0.00676372 126 4 1 6.93458e-07 
-0.201493 -0.33951 -2.44202 0.0025 0.744132 0.66118 2.2213 0.00671924 127 4 1 6.72605e-07 
-0.198144 -0.332181 -2.43101 0.0025 0.749019 0.667265 2.22712 0.0066754 128 4 1 6.32353e-07 
-0.194817 -0.324982 -2.41545 0.0025 0.753875 0.673331 2.23289 0.0066324 129 4 1 6.5483e-07 
-0.191512 -0.31781 -2.43863 0.0025 0.758727 0.679407 2.23862 0.00658998 130 4 1 6.83039e-07 
-0.188227 -0.310638 -2.46189 0.0025 0.763601 0.685524 2.24436 0.00654792 131 4 1 6.42873e-07 
-0.184964 -0.303486 -2.44699 0.0025 0.76847 0.691649 2.25008 0.00650643 132 4 1 5.85427e-07 
-0.181721 -0.296469 -2.41805 0.0025 0.773298 0.697741 2.25572 0.00646581 133 4 1 6.1947e-07 
-0.178498 -0.289505 -2.4519 0.0025 0.778118 0.703838 2.26133 0.00642576 134 4 1 6.54296e-07 
-0.175295 -0.282492 -2.47114 0.0025 0.782964 0.709981 2.26696 0.00638599 135 4 1 6.00878e-07 
-0.172112 -0.275535 -2.45036 0.0025 0.787798 0.716124 2.27254 0.00634681 136 4 1 5.6088e-07 
-0.168948 -0.2687 -2.43373 0.0025 0.792595 0.722237 2.27807 0.00630839 137 4 1 5.78381e-07 
-0.165803 -0.261919 -2.44538 0.0025 0.797379 0.728349 2.28356 0.00627055 138 4 1 6.17567e-07 
-0.162677 -0.255135 -2.47973 0.0025 0.802185 0.734502 2.28905 0.00623298 139 4 1 6.05253e-07 
-0.15957 -0.248329 -2.48085 0.0025 0.807007 0.740688 2.29455 0.00619574 140 4 1 5.44626e-07 
-0.156482 -0.241604 -2.45304 0.0025 0.811799 0.746853 2.29999 0.00615916 141 4 1 5.28932e-07 
-0.153411 -0.234983 -2.44779 0.0025 0.816558 0.75299 2.30537 0.00612327 142 4 1 5.57094e-07 
-0.150358 -0.228388 -2.46431 0.0025 0.821314 0.759138 2.31073 0.00608781 143 4 1 5.77786e-07 
-0.147323 -0.221791 -2.48815 0.0025 0.826089 0.765324 2.31609 0.00605262 144 4 1 5.61024e-07 
-0.144306 -0.215186 -2.48956 0.0025 0.830871 0.771531 2.32145 0.00601778 145 4 1 4.99386e-07 
-0.141305 -0.208708 -2.4495 0.0025 0.835614 0.777705 2.32674 0.00598362 146 4 1 4.87171e-07 
-0.138322 -0.202292 -2.44762 0.0025 0.840319 0.783843 2.33197 0.00595012 147 4 1 5.34903e-07 
-0.135355 -0.195926 -2.47459 0.0025 0.845033 0.790008 2.33719 0.00591693 148 4 1 5.75727e-07 
-0.132405 -0.18948 -2.52181 0.0025 0.849791 0.79624 2.34245 0.0058838 149 4 1 5.33124e-07 
-0.129471 -0.183037 -2.50173 0.0025 0.854557 0.802496 2.3477 0.00585098 150 4 1 4.48964e-07 
-0.126554 -0.176747 -2.45436 0.0025 0.859266 0.808693 2.35286 0.00581892 151 4 1 4.35036e-07 
-0.123652 -0.170567 -2.43305 0.0025 0.863917 0.814832 2.35794 0.00578759 152 4 1 5.25144e-07 
-0.120766 -0.164386 -2.50483 0.0025 0.868595 0.821018 2.36304 0.00575642 153 4 1 5.79024e-07 
-0.117896 -0.158075 -2.55016 0.0025 0.873345 0.827307 2.36821 0.00572512 154 4 1 4.76498e-07 
-0.115041 -0.151813 -2.49702 0.0025 0.878078 0.833586 2.37333 0.00569426 155 4 1 3.73108e-07 
-0.112202 -0.145753 -2.42484 0.0025 0.882713 0.839753 2.37833 0.00566436 156 4 1 3.93754e-07 
-0.109377 -0.139838 -2.41685 0.0025 0.887284 0.845854 2.38325 0.00563517 157 4 1 5.49383e-07 
-0.106566 -0.133821 -2.54322 0.0025 0.891931 0.852065 2.38823 0.00560581 158 4 1 5.89239e-07 
-0.103771 -0.127608 -2.5815 0.0025 0.896684 0.858422 2.39332 0.0055761 159 4 1 4.44578e-07 
-0.10099 -0.121493 -2.51938 0.0025 0.901409 0.864757 2.39836 0.00554687 160 4 1 3.01305e-07 
-0.098224 -0.115614 -2.39384 0.0025 0.905995 0.870923 2.40323 0.0055188 161 4 1 3.49892e-07 
-0.0954714 -0.109942 -2.41535 0.0025 0.910499 0.876999 2.40799 0.00549149 162 4 1 5.52033e-07 
-0.0927325 -0.104061 -2.55738 0.0025 0.915108 0.883222 2.41286 0.00546383 163 4 1 5.81456e-07 
-0.0900076 -0.0980203 -2.60729 0.0025 0.91984 0.889616 2.41785 0.00543573 164 4 1 4.02402e-07 
-0.0872967 -0.0920316 -2.51161 0.0025 0.924529 0.895964 2.42278 0.00540816 165 4 1 2.25007e-07 
-0.0845994 -0.0864293 -2.35349 0.0025 0.929032 0.902082 2.42748 0.00538195 166 4 1 3.24291e-07 
-0.0819147 -0.0809453 -2.40965 0.0025 0.933453 0.908106 2.43209 0.00535646 167 4 1 4.99298e-07 
-0.0792429 -0.0753364 -2.49706 0.0025 0.937969 0.914266 2.43679 0.00533067 168 4 1 6.13942e-07 
-0.076584 -0.0694719 -2.67717 0.0025 0.942658 0.920667 2.44167 0.00530415 169 4 1 4.37269e-07 
-0.0739387 -0.0635055 -2.52874 0.0025 0.94736 0.927088 2.44653 0.00527782 170 4 1 1.09883e-07 
-0.0713062 -0.0581532 -2.29175 0.0025 0.951798 0.933183 2.4511 0.00525321 171 4 1 3.83953e-07 
-0.0686855 -0.0527878 -2.52942 0.0025 0.956205 0.939246 2.45564 0.005229 172 4 1 4.74836e-07 
-0.0660772 -0.0471369 -2.45088 0.0025 0.960702 0.94542 2.46025 0.00520453 173 4 1 1.56803e-07 
-0.0634809 -0.0420194 -2.24351 0.0025 0.965034 0.951411 2.46467 0.00518116 174 4 1 6.81989e-07 
-0.060896 -0.0365296 -2.84964 0.0025 0.969608 0.95774 2.46935 0.00515672 175 4 1 7.08298e-07 
-0.0583242 -0.0302386 -2.72588 0.0025 0.974436 0.964375 2.47429 0.00513117 176 4 1 -5.4707e-07 
-0.0557648 -0.0254811 -1.62866 0.0025 0.97847 0.969968 2.47835 0.00511002 177 4 1 -1.99884e-07 
-0.0532141 -0.0218245 -1.9701 0.0025 0.982038 0.974998 2.48192 0.00509145 178 4 1 1.62182e-06 
-0.0506733 -0.0160021 -3.45347 0.0025 0.986743 0.98154 2.48672 0.00506718 179 4 1 1.02918e-06 
-0.0481469 -0.00887104 -2.95473 0.0025 0.992019 0.988795 2.49208 0.00504023 180 4 1 -1.47871e-06 
-0.045633 -0.00475237 -0.9003 0.0025 0.995649 0.99386 2.49567 0.00502185 181 4 1 -8.70783e-07 
-0.043125 -0.00281809 -1.27058 0.0025 0.998204 0.997559 2.49816 0.005009 182 4 1 2.2443e-06 
-0.040624 0.00246078 -3.78964 0.0025 1.00256 1.00367 2.50257 0.00498724 183 4 1 1.78563e-06 
-0.0381378 0.0104366 -3.45879 0.0025 1.00823 1.01148 2.50832 0.00495917 184 4 1 -2.07408e-06 
-0.0356648 0.0144154 -0.550877 0.0025 1.01168 1.01628 2.51169 0.00494229 185 4 1 -2.19972e-06 
-0.0331955 0.0142438 0.265326 0.0025 1.01271 1.0179 2.51262 0.00493723 186 4 1 1.6308e-06 
-0.0307276 0.0168098 -2.81892 0.0025 1.0151 1.02128 2.51504 0.00492562 187 4 1 1.42976e-06 
-0.0282698 0.0222502 -2.10682 0.0025 1.01879 1.02634 2.51877 0.00490777 188 4 1 -1.90548e-06 
-0.0258198 0.0237215 -0.11089 0.0025 1.02052 1.02877 2.52045 0.00489945 189 3 1 -1.60864e-06 
-0.0233704 0.0229341 0.346308 0.0025 1.0203 1.02852 2.5202 0.00490052 190 4 1 -4.25977e-07 
-0.0209193 0.0214657 0.483225 0.0025 1.0195 1.02741 2.51941 0.00490437 191 4 1 -1.01475e-07 
-0.018466 0.0196899 0.510033 0.0025 1.01855 1.02607 2.51846 0.00490895 192 4 1 -2.23702e-09 
-0.0160103 0.0176921 0.503012 0.0025 1.01757 1.0247 2.5175 0.00491365 193 4 1 3.37478e-08 
-0.0135523 0.0154784 0.481394 0.0025 1.01662 1.02335 2.51655 0.00491828 194 4 1 6.08013e-08 
-0.0110921 0.0130445 0.443783 0.0025 1.01571 1.02208 2.51566 0.00492264 195 4 1 9.26986e-08 
-0.00862969 0.0103994 0.384713 0.0025 1.01491 1.02095 2.51485 0.00492656 196 4 1 1.29522e-07 
-0.0061655 0.0075706 0.300269 0.0025 1.01424 1.02001 2.51419 0.00492978 197 4 1 1.6538e-07 
-0.0036999 0.00460102 0.191752 0.0025 1.01377 1.01934 2.51372 0.0049321 198 4 1 1.93385e-07 
-0.0012334 0.0015436 0.0659998 0.0025 1.01352 1.01899 2.51347 0.00493331 199 4 1 2.08051e-07 
0.0012334 -0.0015436 -0.0659998 0.0025 1.01352 1.01899 2.51347 0.00493331 200 4 1 2.08051e-07 
0.0036999 -0.00460102 -0.191752 0.0025 1.01377 1.01934 2.51372 0.0049321 201 4 1 1.93385e-07 
0.0061655 -0.0075706 -0.300269 0.0025 1.01424 1.02001 2.51419 0.00492978 202 4 1 1.6538e-07 
0.00862969 -0.0103994 -0.384713 0.0025 1.01491 1.02095 2.51485 0.00492656 203 4 1 1.29522e-07 
0.0110921 -0.0130445 -0.443783 0.0025 1.01571 1.02208 2.51566 0.00492264 204 4 1 9.26986e-08 
0.0135523 -0.0154784 -0.481394 0.0025 1.01662 1.02335 2.51655 0.00491828 205 4 1 6.08013e-08 
0.0160103 -0.0176921 -0.503012 0.0025 1.01757 1.0247 2.5175 0.00491365 206 4 1 3.37478e-08 
0.018466 -0.0196899 -0.510033 0.0025 1.01855 1.02607 2.51846 0.00490895 207 4 1 -2.23702e-09 
0.0209193 -0.0214657 -0.483225 0.0025 1.0195 1.02741 2.51941 0.00490437 208 4 1 -1.01475e-07 
0.0233704 -0.0229341 -0.346308 0.0025 1.0203 1.02852 2.5202 0.00490052 209 4 1 -4.25977e-07 
0.0258198 -0.0237215 0.11089 0.0025 1.02052 1.02877 2.52045 0.00489945 210 3 1 -1.60864e-06 
0.0282698 -0.0222502 2.10682 0.0025 1.01879 1.02634 2.51877 0.00490777 211 4 1 -1.90548e-06 
0.0307276 -0.0168098 2.81892 0.0025 1.0151 1.02128 2.51504 0.00492562 212 4 1 1.42976e-06 
0.0331955 -0.0142438 -0.265326 0.0025 1.01271 1.0179 2.51262 0.00493723 213 4 1 1.6308e-06 
0.0356648 -0.0144154 0.550877 0.0025 1.01168 1.01628 2.51169 0.00494229 214 4 1 -2.19972e-06 
0.0381378 -0.0104366 3.45879 0.0025 1.00823 1.01148 2.50832 0.00495917 215 4 1 -2.07408e-06 
0.040624 -0.00246078 3.78964 0.0025 1.00256 1.00367 2.50257 0.00498724 216 4 1 1.78563e-06 
0.043125 0.00281809 1.27058 0.0025 0.998204 0.997559 2.49816 0.005009 217 4 1 2.2443e-06 
0.045633 0.00475237 0.9003 0.0025 0.995649 0.99386 2.49567 0.00502185 218 4 1 -8.70783e-07 
0.0481469 0.00887104 2.95473 0.0025 0.992019 0.988795 2.49208 0.00504023 219 4 1 -1.47871e-06 
0.0506733 0.0160021 3.45347 0.0025 0.986743 0.98154 2.48672 0.00506718 220 4 1 1.02918e-06 
0.0532141 0.0218245 1.9701 0.0025 0.982038 0.974998 2.48192 0.00509145 221 4 1 1.62182e-06 
0.0557648 0.0254811 1.62866 0.0025 0.97847 0.969968 2.47835 0.00511002 222 4 1 -1.99884e-07 
0.0583242 0.0302386 2.72588 0.0025 0.974436 0.964375 2.47429 0.00513117 223 4 1 -5.4707e-07 
0.060896 0.0365296 2.84964 0.0025 0.969608 0.95774 2.46935 0.00515672 224 4 1 7.08298e-07 
0.0634809 0.0420194 2.24351 0.0025 0.965034 0.951411 2.46467 0.00518116 225 4 1 6.81989e-07 
0.0660772 0.0471369 2.45088 0.0025 0.960702 0.94542 2.46025 0.00520453 226 4 1 1.56803e-07 
0.0686855 0.0527878 2.52942 0.0025 0.956205 0.939246 2.45564 0.005229 227 4 1 4.74836e-07 
0.0713062 0.0581532 2.29175 0.0025 0.951798 0.933183 2.4511 0.00525321 228 4 1 3.83953e-07 
0.0739387 0.0635055 2.52874 0.0025 0.94736 0.927088 2.44653 0.00527782 229 4 1 1.09883e-07 
0.076584 0.0694719 2.67717 0.0025 0.942658 0.920667 2.44167 0.00530415 230 4 1 4.37269e-07 
0.0792429 0.0753364 2.49706 0.0025 0.937969 0.914266 2.43679 0.00533067 231 4 1 6.13942e-07 
0.0819147 0.0809453 2.40965 0.0025 0.933453 0.908106 2.43209 0.00535646 232 4 1 4.99298e-07 
0.0845994 0.0864293 2.35349 0.0025 0.929032 0.902082 2.42748 0.00538195 233 4 1 3.24291e-07 
0.0872967 0.0920316 2.51161 0.0025 0.924529 0.895964 2.42278 0.00540816 234 4 1 2.25007e-07 
0.0900076 0.0980203 2.60729 0.0025 0.91984 0.889616 2.41785 0.00543573 235 4 1 4.02402e-07 
0.0927325 0.104061 2.55738 0.0025 0.915108 0.883222 2.41286 0.00546383 236 4 1 5.81456e-07 
0.0954714 0.109942 2.41535 0.0025 0.910499 0.876999 2.40799 0.00549149 237 4 1 5.52033e-07 
0.098224 0.115614 2.39384 0.0025 0.905995 0.870923 2.40323 0.0055188 238 4 1 3.49892e-07 
0.10099 0.121493 2.51938 0.0025 0.901409 0.864757 2.39836 0.00554687 239 4 1 3.01305e-07 
0.103771 0.127608 2.5815 0.0025 0.896684 0.858422 2.39332 0.0055761 240 4 1 4.44578e-07 
0.106566 0.133821 2.54322 0.0025 0.891931 0.852065 2.38823 0.00560581 241 4 1 5.89239e-07 
0.109377 0.139838 2.41685 0.0025 0.887284 0.845854 2.38325 0.00563517 242 4 1 5.49383e-07 
0.112202 0.145753 2.42484 0.0025 0.882713 0.839753 2.37833 0.00566436 243 4 1 3.93754e-07 
0.115041 0.151813 2.49702 0.0025 0.878078 0.833586 2.37333 0.00569426 244 4 1 3.73108e-07 
0.117896 0.158075 2.55016 0.0025 0.873345 0.827307 2.36821 0.00572512 245 4 1 4.76498e-07 
0.120766 0.164386 2.50483 0.0025 0.868595 0.821018 2.36304 0.00575642 246 4 1 5.79024e-07 
0.123652 0.170567 2.43305 0.0025 0.863917 0.814832 2.35794 0.00578759 247 4 1 5.25144e-07 
0.126554 0.176747 2.45436 0.0025 0.859266 0.808693 2.35286 0.00581892 248 4 1 4.35036e-07 
0.129471 0.183037 2.50173 0.0025 0.854557 0.802496 2.3477 0.00585098 249 4 1 4.48964e-07 
0.132405 0.18948 2.52181 0.0025 0.849791 0.79624 2.34245 0.0058838 250 4 1 5.33124e-07 
0.135355 0.195926 2.47459 0.0025 0.845033 0.790008 2.33719 0.00591693 251 4 1 5.75727e-07 
0.138322 0.202292 2.44762 0.0025 0.840319 0.783843 2.33197 0.00595012 252 4 1 5.34903e-07 
0.141305 0.208708 2.4495 0.0025 0.835614 0.777705 2.32674 0.00598362 253 4 1 4.87171e-07 
0.144306 0.215186 2.48956 0.0025 0.830871 0.771531 2.32145 0.00601778 254 4 1 4.99386e-07 
0.147323 0.221791 2.48815 0.0025 0.826089 0.765324 2.31609 0.00605262 255 4 1 5.61024e-07 
0.150358 0.228388 2.46431 0.0025 0.821314 0.759138 2.31073 0.00608781 256 4 1 5.77786e-07 
0.153411 0.234983 2.44779 0.0025 0.816558 0.75299 2.30537 0.00612327 257 4 1 5.57094e-07 
0.156482 0.241604 2.45304 0.0025 0.811799 0.746853 2.29999 0.00615916 258 4 1 5.28932e-07 
0.15957 0.248329 2.48085 0.0025 0.807007 0.740688 2.29455 0.00619574 259 4 1 5.44626e-07 
0.162677 0.255135 2.47973 0.0025 0.802185 0.734502 2.28905 0.00623298 260 4 1 6.05253e-07 
0.165803 0.261919 2.44538 0.0025 0.797379 0.728349 2.28356 0.00627055 261 4 1 6.17567e-07 
0.168948 0.2687 2.43373 0.0025 0.792595 0.722237 2.27807 0.00630839 262 4 1 5.78381e-07 
0.172112 0.275535 2.45036 0.0025 0.787798 0.716124 2.27254 0.00634681 263 4 1 5.6088e-07 
0.175295 0.282492 2.47114 0.0025 0.782964 0.709981 2.26696 0.00638599 264 4 1 6.00878e-07 
0.178498 0.289505 2.4519 0.0025 0.778118 0.703838 2.26133 0.00642576 265 4 1 6.54296e-07 
0.181721 0.296469 2.41805 0.0025 0.773298 0.697741 2.25572 0.00646581 266 4 1 6.1947e-07 
0.184964 0.303486 2.44699 0.0025 0.76847 0.691649 2.25008 0.00650643 267 4 1 5.85427e-07 
0.188227 0.310638 2.46189 0.0025 0.763601 0.685524 2.24436 0.00654792 268 4 1 6.42873e-07 
0.191512 0.31781 2.43863 0.0025 0.758727 0.679407 2.23862 0.00658998 269 4 1 6.83039e-07 
0.194817 0.324982 2.41545 0.0025 0.753875 0.673331 2.23289 0.0066324 270 4 1 6.5483e-07 
0.198144 0.332181 2.43101 0.0025 0.749019 0.667265 2.22712 0.0066754 271 4 1 6.32353e-07 
0.201493 0.33951 2.44202 0.0025 0.744132 0.66118 2.2213 0.00671924 272 4 1 6.72605e-07 
0.204863 0.346858 2.4244 0.0025 0.739238 0.6551 2.21544 0.00676372 273 4 1 6.93458e-07 
0.208257 0.35425 2.42402 0.0025 0.734344 0.649037 2.20957 0.0068088 274 4 1 6.88313e-07 
0.211672 0.361693 2.41997 0.0025 0.729443 0.64298 2.20366 0.00685455 275 4 1 6.94629e-07 
0.215111 0.369191 2.42486 0.0025 0.724529 0.636925 2.19771 0.00690104 276 4 1 7.02528e-07 
0.218573 0.37677 2.42349 0.0025 0.719602 0.63087 2.19172 0.00694829 277 4 1 7.36909e-07 
0.22206 0.384364 2.40081 0.0025 0.714681 0.624838 2.18571 0.00699613 278 4 1 7.40075e-07 
0.22557 0.391982 2.40634 0.0025 0.709762 0.618825 2.17968 0.00704462 279 4 1 7.25564e-07 
0.229104 0.399694 2.40867 0.0025 0.704827 0.612811 2.17361 0.00709394 280 4 1 7.58948e-07 
0.232664 0.407453 2.38929 0.0025 0.699896 0.606818 2.16751 0.00714392 281 4 1 7.82013e-07 
0.236248 0.415195 2.37741 0.0025 0.694981 0.600861 2.16141 0.00719444 282 4 1 7.80093e-07 
0.239858 0.422994 2.36804 0.0025 0.690078 0.594936 2.1553 0.00724555 283 4 1 8.0572e-07 
0.243494 0.430778 2.33377 0.0025 0.685207 0.589066 2.1492 0.00729706 284 4 1 8.31655e-07 
0.247155 0.43851 2.29759 0.0025 0.680391 0.583277 2.14314 0.00734872 285 4 1 8.18153e-07 
0.250843 0.446213 2.27268 0.0025 0.675624 0.577564 2.13713 0.00740057 286 4 1 8.09613e-07 
0.254556 0.453876 2.24032 0.0025 0.670907 0.571927 2.13114 0.0074526 287 4 1 8.16318e-07 
0.258295 0.461486 2.20082 0.0025 0.666252 0.56638 2.12522 0.00750467 288 4 1 8.26206e-07 
0.262061 0.468977 2.14409 0.0025 0.661676 0.56094 2.11937 0.00755657 289 4 1 7.80867e-07 
0.265852 0.476428 2.13851 0.0025 0.657152 0.555577 2.11356 0.00760859 290 4 1 7.31641e-07 
0.26967 0.483914 2.12027 0.0025 0.652647 0.550253 2.10775 0.0076611 291 4 1 7.47503e-07 
0.273513 0.491387 2.09416 0.0025 0.648172 0.544977 2.10196 0.007714 292 4 1 7.18569e-07 
0.277384 0.498871 2.10324 0.0025 0.643701 0.53972 2.09615 0.00776758 293 4 1 6.87824e-07 
0.281281 0.506461 2.11103 0.0025 0.639205 0.53445 2.09028 0.00782222 294 4 1 7.03735e-07 
0.285206 0.514131 2.11548 0.0025 0.634682 0.529162 2.08435 0.00787797 295 4 1 7.0656e-07 
0.289159 0.521915 2.13582 0.0025 0.630119 0.523843 2.07835 0.00793501 296 4 1 7.09291e-07 
0.293141 0.529835 2.15648 0.0025 0.625501 0.518477 2.07224 0.00799359 297 4 1 7.40847e-07 
0.297153 0.537901 2.16873 0.0025 0.620833 0.513068 2.06604 0.00805369 298 4 1 7.61289e-07 
0.301195 0.546102 2.19532 0.0025 0.616108 0.507609 2.05974 0.00811546 299 4 1 7.73987e-07 
0.305268 0.554494 2.2239 0.0025 0.611311 0.502086 2.05331 0.00817914 300 4 1 8.13031e-07 
0.309374 0.563062 2.24563 0.0025 0.606447 0.496502 2.04676 0.00824474 301 4 1 8.65594e-07 
0.313513 0.571772 2.25785 0.0025 0.601529 0.490874 2.0401 0.00831216 302 4 1 8.98567e-07 
0.317686 0.580648 2.28445 0.0025 0.596555 0.485203 2.03334 0.00838145 303 4 1 9.44993e-07 
0.321895 0.58967 2.28945 0.0025 0.59154 0.479505 2.02648 0.00845251 304 4 1 1.03911e-06 
0.326139 0.598747 2.26384 0.0025 0.586536 0.473839 2.01961 0.00852462 305 4 1 1.13058e-06 
0.33042 0.607733 2.20601 0.0025 0.581611 0.468282 2.01281 0.00859681 306 4 1 1.21184e-06 
0.334736 0.616508 2.10342 0.0025 0.576845 0.462922 2.0062 0.00866784 307 4 1 1.25382e-06 
0.339088 0.624888 1.97512 0.0025 0.572312 0.457838 1.99987 0.0087365 308 4 1 1.2226e-06 
0.343473 0.63281 1.84069 0.0025 0.568049 0.453072 1.9939 0.00880205 309 4 1 1.14607e-06 
0.34789 0.640221 1.70566 0.0025 0.56407 0.448633 1.98831 0.00886416 310 4 1 1.02801e-06 
0.352337 0.647192 1.6028 0.0025 0.560351 0.444497 1.98305 0.00892298 311 4 1 9.32464e-07 
0.356813 0.653751 1.49012 0.0025 0.556885 0.440657 1.97814 0.00897851 312 4 1 9.47092e-07 
0.361316 0.659769 1.32062 0.0025 0.553747 0.437191 1.97367 0.0090294 313 4 1 1.03146e-06 
0.365842 0.664921 1.06544 0.0025 0.551079 0.434251 1.96986 0.00907311 314 4 1 1.09239e-06 
0.370389 0.668853 0.742766 0.0025 0.549028 0.43199 1.96693 0.00910701 315 4 1 9.70399e-07 
0.374949 0.671498 0.479864 0.0025 0.547602 0.430413 1.96488 0.00913072 316 4 1 6.7078e-07 
0.379519 0.673255 0.327665 0.0025 0.546645 0.429353 1.96351 0.0091467 317 4 1 4.20646e-07 
0.384096 0.674464 0.224595 0.0025 0.546001 0.428644 1.96259 0.00915749 318 4 1 3.48021e-07 
0.388677 0.675171 0.09051 0.0025 0.545629 0.428234 1.96206 0.00916373 319 4 1 2.93995e-07 
0.39326 0.675355 0.0037765 0.0025 0.545494 0.428079 1.96186 0.009166 320 4 1 1.31466e-07 
0.397843 0.675361 0.00125047 0.0025 0.545468 0.428047 1.96183 0.00916644 321 5 1 3.08999e-08 
0.402426 0.675363 -0.0121424 0.0025 0.545469 0.428048 1.96183 0.00916643 322 4 1 2.42783e-08 
0.407009 0.675312 -0.0171777 0.0025 0.54549 0.428072 1.96186 0.00916607 323 4 1 2.0509e-08 
0.411592 0.675227 -0.0236601 0.0025 0.545528 0.428114 1.96192 0.00916544 324 4 1 1.74576e-08 
0.416175 0.67512 -0.0282437 0.0025 0.54558 0.428172 1.962 0.00916456 325 4 1 1.14696e-08 
0.420757 0.674996 -0.0305989 0.0025 0.545642 0.42824 1.96209 0.00916352 326 4 1 6.85713e-09 
0.425338 0.674862 -0.0313451 0.0025 0.545709 0.428314 1.96219 0.00916239 327 4 1 3.42301e-09 
0.429919 0.674723 -0.0311831 0.0025 0.545779 0.428391 1.96229 0.00916122 328 4 1 7.4226e-10 
0.4345 0.674586 -0.0305333 0.0025 0.545849 0.428469 1.9624 0.00916003 329 4 1 -1.30605e-09 
0.439079 0.674456 -0.0293065 0.0025 0.545918 0.428545 1.9625 0.00915888 330 4 1 -3.29869e-09 
0.443658 0.674334 -0.027458 0.0025 0.545984 0.428618 1.9626 0.00915777 331 4 1 -5.24735e-09 
0.448237 0.67422 -0.0251884 0.0025 0.546046 0.428686 1.96269 0.00915674 332 4 1 -6.11537e-09 
0.452815 0.674115 -0.0227424 0.0025 0.546102 0.428749 1.96277 0.0091558 333 4 1 -6.09925e-09 
0.457393 0.674019 -0.0203521 0.0025 0.546153 0.428805 1.96285 0.00915495 334 4 1 -5.84123e-09 
0.46197 0.673932 -0.0182142 0.0025 0.546198 0.428856 1.96292 0.00915419 335 4 1 -5.61939e-09 
0.466547 0.673854 -0.0163975 0.0025 0.546239 0.428902 1.96298 0.00915349 336 4 1 -4.64879e-09 
0.471124 0.673784 -0.0148188 0.0025 0.546277 0.428944 1.96303 0.00915287 337 4 1 -4.0014e-09 
0.4757 0.673723 -0.0133378 0.0025 0.54631 0.428981 1.96309 0.00915232 338 4 1 -4.48853e-09 
0.480276 0.673668 -0.0118838 0.0025 0.546339 0.429014 1.96313 0.00915182 339 4 1 -4.42323e-09 
0.484852 0.673618 -0.010506 0.0025 0.546366 0.429044 1.96317 0.00915138 340 4 1 -3.25067e-09 
0.489427 0.673573 -0.00930829 0.0025 0.546389 0.42907 1.96321 0.00915099 341 4 1 -2.38806e-09 
0.494003 0.673533 -0.0083399 0.0025 0.546409 0.429093 1.96324 0.00915065 342 4 1 -3.10073e-09 
0.498578 0.673497 -0.00755526 0.0025 0.546428 0.429115 1.96327 0.00915034 343 4 1 -2.37769e-09 
0.503153 0.673465 -0.00686994 0.0025 0.546444 0.429134 1.9633 0.00915006 344 4 1 -1.14275e-09 
0.507728 0.673436 -0.00623603 0.0025 0.546459 0.429151 1.96333 0.00914982 345 4 1 -1.56073e-09 
0.512303 0.67341 -0.00565882 0.0025 0.546472 0.429167 1.96335 0.00914959 346 4 1 -2.19185e-09 
0.516878 0.673386 -0.00515877 0.0025 0.546485 0.429181 1.96337 0.00914939 347 4 1 -1.2337e-09 
0.521452 0.673365 -0.00473478 0.0025 0.546496 0.429194 1.96339 0.00914921 348 4 1 -3.50738e-10 
0.526027 0.673346 -0.00436322 0.0025 0.546505 0.429206 1.96341 0.00914904 349 4 1 -1.18378e-09 
0.530601 0.673329 -0.00402074 0.0025 0.546514 0.429217 1.96343 0.00914889 350 4 1 -1.4166e-09 
0.535176 0.673313 -0.0037009 0.0025 0.546523 0.429227 1.96345 0.00914875 351 4 1 -4.41327e-10 
0.53975 0.673299 -0.00341086 0.0025 0.54653 0.429236 1.96346 0.00914863 352 4 1 -2.6411e-11 
0.544324 0.673286 -0.00315709 0.0025 0.546537 0.429245 1.96348 0.00914852 353 4 1 -1.24759e-09 
0.548899 0.673274 -0.00293603 0.0025 0.546543 0.429253 1.96349 0.00914842 354 4 1 -8.34963e-10 
0.553473 0.673263 -0.00273619 0.0025 0.546548 0.42926 1.96351 0.00914832 355 4 1 5.33992e-10 
0.558047 0.673254 -0.00254628 0.0025 0.546553 0.429267 1.96352 0.00914824 356 4 1 -4.29189e-10 
0.562621 0.673245 -0.00235982 0.0025 0.546557 0.429274 1.96353 0.00914817 357 4 1 -1.05389e-09 
0.567195 0.673236 -0.00217296 0.0025 0.546561 0.429279 1.96355 0.0091481 358 4 1 -9.69957e-12 
0.571769 0.673229 -0.00197956 0.0025 0.546565 0.429285 1.96356 0.00914805 359 4 1 2.13182e-10 
0.576343 0.673221 -0.0017696 0.0025 0.546567 0.429289 1.96357 0.009148 360 4 1 -1.30266e-09 
0.580917 0.673214 -0.00153291 0.0025 0.54657 0.429294 1.96358 0.00914797 361 4 1 -5.58756e-10 
0.585491 0.673206 -0.00126535 0.0025 0.546571 0.429297 1.96359 0.00914794 362 4 1 7.10662e-10 
0.590065 0.673199 -0.000973621 0.0025 0.546572 0.4293 1.9636 0.00914793 363 3 1 -1.60737e-09 
0.594639 0.67319 -0.000676439 0.0025 0.546571 0.429302 1.96361 0.00914794 364 4 1 -8.7683e-10 
0.599213 0.673182 -0.000401893 0.0025 0.546571 0.429303 1.96362 0.00914795 365 4 1 1.59169e-09 
0.603787 0.673173 -0.000181255 0.0025 0.546569 0.429304 1.96363 0.00914798 366 4 1 -1.1451e-09 
0.608361 0.673164 -4.00465e-05 0.0025 0.546567 0.429304 1.96364 0.00914801 367 4 1 -9.37541e-10 
0.612935 0.673156 1.10935e-05 0.0025 0.546565 0.429304 1.96365 0.00914804 368 4 1 2.10291e-09 
0.617509 0.673148 -1.86161e-05 0.0025 0.546563 0.429305 1.96366 0.00914808 369 4 1 7.93496e-10 
0.622083 0.673141 -0.000102742 0.0025 0.54656 0.429305 1.96367 0.00914812 370 4 1 -4.13168e-10 
0.626657 0.673134 -0.000207334 0.0025 0.546558 0.429306 1.96368 0.00914816 371 4 1 1.2066e-09 
0.631231 0.673129 -0.000302788 0.0025 0.546556 0.429306 1.96369 0.0091482 372 4 1 1.50038e-09 
0.635805 0.673125 -0.000371909 0.0025 0.546553 0.429307 1.9637 0.00914824 373 4 1 -1.63355e-10 
0.640379 0.673121 -0.000411112 0.0025 0.546551 0.429309 1.96372 0.00914828 374 4 1 8.63561e-10 
0.644954 0.673117 -0.000425999 0.0025 0.546548 0.42931 1.96373 0.00914832 375 4 1 1.55347e-09 
0.649528 0.673114 -0.000425109 0.0025 0.546545 0.429311 1.96375 0.00914837 376 4 1 -1.29273e-10 
0.654102 0.673111 -0.000415311 0.0025 0.546542 0.429312 1.96376 0.00914843 377 4 1 1.07804e-09 
0.658676 0.673108 -0.000400213 0.0025 0.546539 0.429313 1.96378 0.00914848 378 4 1 1.19529e-09 
0.66325 0.673106 -0.000380993 0.0025 0.546535 0.429314 1.9638 0.00914855 379 4 1 1.1586e-09 
0.667825 0.673104 -0.000358169 0.0025 0.54653 0.429315 1.96382 0.00914863 380 4 1 2.67774e-09 
0.672399 0.673102 -0.000332962 0.0025 0.546525 0.429316 1.96385 0.00914871 381 4 1 -1.2215e-09 
0.676973 0.6731 -0.000307612 0.0025 0.54652 0.429317 1.96387 0.0091488 382 4 1 1.45448e-09 
0.681548 0.673098 -0.000284671 0.0025 0.546514 0.429318 1.96389 0.0091489 383 4 1 4.87995e-09 
0.686122 0.673096 -0.000265863 0.0025 0.546507 0.429318 1.96392 0.00914902 384 4 1 -1.59866e-09 
0.690697 0.673094 -0.000251275 0.0025 0.5465 0.429319 1.96395 0.00914914 385 4 1 2.10636e-09 
0.695271 0.673093 -0.000239424 0.0025 0.546492 0.42932 1.96398 0.00914926 386 4 1 3.55848e-09 
0.699846 0.673091 -0.000228184 0.0025 0.546483 0.42932 1.96401 0.00914941 387 4 1 2.83528e-09 
0.704421 0.67309 -0.000215996 0.0025 0.546473 0.429321 1.96405 0.00914958 388 4 1 4.71023e-09 
0.708996 0.673089 -0.000202625 0.0025 0.546462 0.429322 1.9641 0.00914976 389 4 1 -2.25879e-09 
0.713571 0.673087 -0.000189043 0.0025 0.546451 0.429322 1.96414 0.00914995 390 4 1 5.45875e-09 
0.718146 0.673086 -0.000176622 0.0025 0.546439 0.429323 1.96418 0.00915016 391 4 1 4.7505e-09 
0.722721 0.673085 -0.000166238 0.0025 0.546425 0.429323 1.96424 0.00915039 392 4 1 8.225e-09 
0.727296 0.673084 -0.00015787 0.0025 0.546411 0.429326 1.9643 0.00915062 393 4 1 -3.51882e-09 
0.731871 0.673083 -0.000150828 0.0025 0.546388 0.429327 1.96436 0.009151 394 4 1 1.43722e-07 
0.736447 0.673082 -0.000144336 0.0025 0.546378 0.429357 1.96459 0.00915118 395 4 1 -1.38692e-07 
0.741023 0.673082 -0.000137995 0.0025 0.545979 0.429202 1.96465 0.00915786 396 5 1 3.48566e-06 
0.745605 0.673081 -0.000131854 0.0025 0.548244 0.430866 1.96851 0.00912002 397 3 1 -1.90585e-05 
0.750143 0.67308 -0.000126229 0.0025 0.536914 0.426196 1.95005 0.00931248 398 4 1 0.000179253 
0.754924 0.67308 -0.000120924 0.0025 0.511056 0.432734 2.15251 0.00978365 399 4 1 -0.000134225 
0.759933 0.673079 -0.000116001 0.0025 0.48281 0.424508 2.1555 0.010356 400 4 1 0.000266086 
0.765294 0.673078 -0.000111301 0.0025 0.454326 0.432951 2.44419 0.0110053 401 4 1 -0.000240409 
0.770949 0.673078 -0.000106887 0.0025 0.447028 0.427287 2.38027 0.011185 402 5 1 5.38094e-05 
0.77648 0.673077 -0.000103242 0.0025 0.452459 0.429658 2.37465 0.0110507 403 4 1 -3.01271e-06 
0.782 0.673077 -0.00010046 0.0025 0.453641 0.429328 2.36526 0.0110219 404 4 1 3.91281e-06 
0.787502 0.673076 -9.86715e-05 0.0025 0.454721 0.429387 2.36047 0.0109957 405 4 1 1.27163e-06 
0.792996 0.673076 -9.77858e-05 0.0025 0.455345 0.429361 2.35717 0.0109807 406 4 1 8.42997e-07 
0.798483 0.673076 -9.75973e-05 0.0025 0.455789 0.429349 2.35487 0.01097 407 4 1 5.44456e-07 
0.803966 0.673075 -9.7849e-05 0.0025 0.45611 0.429342 2.35321 0.0109623 408 4 1 3.49192e-07 
0.809445 0.673075 -9.82508e-05 0.0025 0.456351 0.429338 2.35197 0.0109565 409 4 1 2.46837e-07 
0.814922 0.673075 -9.8413e-05 0.0025 0.456535 0.429335 2.35102 0.0109521 410 4 1 1.77352e-07 
0.820397 0.673075 -9.778e-05 0.0025 0.456679 0.429334 2.35028 0.0109486 411 4 1 1.31005e-07 
0.825871 0.673075 -9.56334e-05 0.0025 0.456793 0.429333 2.34969 0.0109459 412 4 1 9.81109e-08 
0.831343 0.673075 -9.11635e-05 0.0025 0.456884 0.429332 2.34922 0.0109437 413 4 1 7.54919e-08 
0.836814 0.673075 -8.35549e-05 0.0025 0.456958 0.429332 2.34885 0.0109419 414 4 1 5.88714e-08 
0.842285 0.673075 -7.20467e-05 0.0025 0.457018 0.429331 2.34854 0.0109405 415 4 1 4.64022e-08 
0.847755 0.673075 -5.59641e-05 0.0025 0.457067 0.429331 2.34829 0.0109393 416 4 1 3.69977e-08 
0.853224 0.673074 -3.46973e-05 0.0025 0.457107 0.429331 2.34808 0.0109384 417 4 1 2.97598e-08 
0.858693 0.673074 -7.54834e-06 0.0025 0.457141 0.429331 2.34791 0.0109376 418 4 1 2.40716e-08 
0.864162 0.673074 2.65156e-05 0.0025 0.457168 0.42933 2.34777 0.0109369 419 4 1 1.96059e-08 
0.86963 0.673073 6.84926e-05 0.0025 0.457192 0.42933 2.34765 0.0109363 420 4 1 1.60692e-08 
0.875098 0.673073 0.000116174 0.0025 0.457211 0.42933 2.34755 0.0109359 421 4 1 1.32764e-08 
0.880566 0.673072 0.000154053 0.0025 0.457227 0.429329 2.34746 0.0109355 422 4 1 1.11046e-08 
0.886034 0.673071 0.000128954 0.0025 0.45724 0.429329 2.34739 0.0109352 423 4 1 9.58172e-09 
0.891501 0.673069 -0.000112681 0.0025 0.457252 0.429329 2.34733 0.0109349 424 4 1 9.14146e-09 
0.896969 0.673066 -0.00102485 0.0025 0.457262 0.42933 2.34728 0.0109346 425 4 1 1.09629e-08 
0.902436 0.673055 -0.00399135 0.0025 0.457274 0.429334 2.34725 0.0109344 426 4 1 1.74475e-08 
0.907903 0.673024 -0.0127236 0.0025 0.457291 0.429349 2.34723 0.010934 427 4 1 3.14521e-08 
0.91337 0.672941 -0.0334792 0.0025 0.457324 0.429383 2.34726 0.0109332 428 4 1 3.20362e-08 
0.918836 0.672774 -0.0531304 0.0025 0.45737 0.429432 2.34732 0.0109321 429 3 1 -1.55342e-07 
0.924302 0.672703 0.0670839 0.0025 0.457314 0.429324 2.34717 0.0109334 430 4 1 -1.02916e-06 
0.929769 0.674436 1.09607 0.0025 0.456665 0.428519 2.34582 0.0109489 431 4 1 4.02595e-07 
0.935251 0.679159 0.309705 0.0025 0.456364 0.428485 2.34511 0.0109562 432 5 1 1.60527e-05 
0.940726 0.664307 -10.7129 0.0025 0.462833 0.437948 2.35868 0.010803 433 4 1 8.97456e-05 
0.946057 0.588446 -34.7602 0.0025 0.488505 0.47422 2.4146 0.0102353 434 4 1 0.000209519 
0.950987 0.434624 -51.7412 0.0025 0.541316 0.550006 2.52837 0.00923675 435 4 1 0.000209099 
0.955345 0.268378 -42.9731 0.0025 0.610111 0.651703 2.66653 0.00819523 436 4 1 0.000102641 
0.959218 0.153624 -26.1115 0.0025 0.672672 0.747708 2.78079 0.00743305 437 4 1 2.8343e-05 
0.962792 0.0854943 -15.7015 0.0025 0.717908 0.819531 2.85675 0.00696468 438 4 1 -9.46221e-08 
0.966188 0.0456533 -8.86303 0.0025 0.747226 0.866989 2.90316 0.00669142 439 4 1 -8.51722e-06 
0.969485 0.0240177 -4.78652 0.0025 0.764546 0.89535 2.92939 0.00653983 440 4 1 -7.77349e-06 
0.972728 0.0125284 -2.55136 0.0025 0.774122 0.911067 2.94323 0.00645893 441 4 1 -4.98171e-06 
0.975944 0.00655266 -1.34454 0.0025 0.779275 0.919439 2.95019 0.00641622 442 4 1 -2.79774e-06 
0.979145 0.00345021 -0.718992 0.0025 0.782039 0.923825 2.9535 0.00639355 443 4 1 -1.34635e-06 
0.982337 0.00182089 -0.391246 0.0025 0.783535 0.926162 2.95511 0.00638134 444 4 1 -2.65805e-07 
0.985526 0.000954296 -0.216479 0.0025 0.784234 0.927483 2.95638 0.00637565 445 3 1 1.28643e-06 
0.988713 0.000491531 -0.120482 0.0025 0.784053 0.928337 2.9592 0.00637712 446 4 1 4.29336e-06 
0.991903 0.000245861 -0.066123 0.0025 0.781653 0.928624 2.96716 0.0063967 447 4 1 1.47816e-05 
0.99511 0.000112398 -0.0330983 0.0025 0.774393 0.927979 2.99278 0.00645667 448 4 1 1.7598e-05 
0.99836 3.21831e-05 -0.0100759 0.0025 0.76571 0.928178 3.0381 0.00652989 449 4 1 -3.47208e-05 
1.00164 -3.21831e-05 0.0100759 0.0025 0.76571 0.928178 3.0381 0.00652989 450 4 1 -3.47208e-05 
1.00489 -0.000112398 0.0330983 0.0025 0.774393 0.927979 2.99278 0.00645667 451 4 1 1.7598e-05 
1.0081 -0.000245861 0.066123 0.0025 0.781653 0.928624 2.96716 0.0063967 452 4 1 1.47816e-05 
1.01129 -0.000491531 0.120482 0.0025 0.784053 0.928337 2.9592 0.00637712 453 4 1 4.29336e-06 
1.01447 -0.000954296 0.216479 0.0025 0.784234 0.927483 2.95638 0.00637565 454 3 1 1.28643e-06 
1.01766 -0.00182089 0.391246 0.0025 0.783535 0.926162 2.95511 0.00638134 455 4 1 -2.65805e-07 
1.02086 -0.00345021 0.718992 0.0025 0.782039 0.923825 2.9535 0.00639355 456 4 1 -1.34635e-06 
1.02406 -0.00655266 1.34454 0.0025 0.779275 0.919439 2.95019 0.00641622 457 4 1 -2.79774e-06 
1.02727 -0.0125284 2.55136 0.0025 0.774122 0.911067 2.94323 0.00645893 458 4 1 -4.98171e-06 
1.03052 -0.0240177 4.78652 0.0025 0.764546 0.89535 2.92939 0.00653983 459 4 1 -7.77349e-06 
1.03381 -0.0456533 8.86303 0.0025 0.747226 0.866989 2.90316 0.00669142 460 4 1 -8.51722e-06 
1.03721 -0.0854943 15.7015 0.0025 0.717908 0.819531 2.85675 0.00696468 461 4 1 -9.46221e-08 
1.04078 -0.153624 26.1115 0.0025 0.672672 0.747708 2.78079 0.00743305 462 4 1 2.8343e-05 
1.04466 -0.268378 42.9731 0.0025 0.610111 0.651703 2.66653 0.00819523 463 4 1 0.000102641 
1.04901 -0.434624 51.7412 0.0025 0.541316 0.550006 2.52837 0.00923675 464 4 1 0.000209099 
1.05394 -0.588446 34.7602 0.0025 0.488505 0.47422 2.4146 0.0102353 465 4 1 0.000209519 
1.05927 -0.664307 10.7129 0.0025 0.462833 0.437948 2.35868 0.010803 466 4 1 8.97456e-05 
1.06475 -0.679159 -0.309705 0.0025 0.456364 0.428485 2.34511 0.0109562 467 5 1 1.60527e-05 
1.07023 -0.674436 -1.09607 0.0025 0.456665 0.428519 2.34582 0.0109489 468 4 1 4.02595e-07 
1.0757 -0.672703 -0.0670839 0.0025 0.457314 0.429324 2.34717 0.0109334 469 4 1 -1.02916e-06 
1.08116 -0.672774 0.0531304 0.0025 0.45737 0.429432 2.34732 0.0109321 470 3 1 -1.55342e-07 
1.08663 -0.672941 0.0334792 0.0025 0.457324 0.429383 2.34726 0.0109332 471 4 1 3.20362e-08 
1.0921 -0.673024 0.0127236 0.0025 0.457291 0.429349 2.34723 0.010934 472 4 1 3.14521e-08 
1.09756 -0.673055 0.00399135 0.0025 0.457274 0.429334 2.34725 0.0109344 473 4 1 1.74475e-08 
1.10303 -0.673066 0.00102485 0.0025 0.457262 0.42933 2.34728 0.0109346 474 4 1 1.09629e-08 
1.1085 -0.673069 0.000112681 0.0025 0.457252 0.429329 2.34733 0.0109349 475 4 1 9.14146e-09 
1.11397 -0.673071 -0.000128954 0.0025 0.45724 0.429329 2.34739 0.0109352 476 4 1 9.58172e-09 
1.11943 -0.673072 -0.000154053 0.0025 0.457227 0.429329 2.34746 0.0109355 477 4 1 1.11046e-08 
1.1249 -0.673073 -0.000116174 0.0025 0.457211 0.42933 2.34755 0.0109359 478 4 1 1.32764e-08 
1.13037 -0.673073 -6.84926e-05 0.0025 0.457192 0.42933 2.34765 0.0109363 479 4 1 1.60692e-08 
1.13584 -0.673074 -2.65156e-05 0.0025 0.457168 0.42933 2.34777 0.0109369 480 4 1 1.96059e-08 
1.14131 -0.673074 7.54832e-06 0.0025 0.457141 0.429331 2.34791 0.0109376 481 4 1 2.40716e-08 
1.14678 -0.673074 3.46973e-05 0.0025 0.457107 0.429331 2.34808 0.0109384 482 4 1 2.97598e-08 
1.15225 -0.673075 5.59641e-05 0.0025 0.457067 0.429331 2.34829 0.0109393 483 4 1 3.69977e-08 
1.15772 -0.673075 7.20467e-05 0.0025 0.457018 0.429331 2.34854 0.0109405 484 4 1 4.64022e-08 
1.16319 -0.673075 8.35549e-05 0.0025 0.456958 0.429332 2.34885 0.0109419 485 4 1 5.88714e-08 
1.16866 -0.673075 9.11636e-05 0.0025 0.456884 0.429332 2.34922 0.0109437 486 4 1 7.54919e-08 
1.17413 -0.673075 9.56334e-05 0.0025 0.456793 0.429333 2.34969 0.0109459 487 4 1 9.81109e-08 
1.1796 -0.673075 9.778e-05 0.0025 0.456679 0.429334 2.35028 0.0109486 488 4 1 1.31005e-07 
1.18508 -0.673075 9.8413e-05 0.0025 0.456535 0.429335 2.35102 0.0109521 489 4 1 1.77352e-07 
1.19055 -0.673075 9.82508e-05 0.0025 0.456351 0.429338 2.35197 0.0109565 490 4 1 2.46837e-07 
1.19603 -0.673075 9.7849e-05 0.0025 0.45611 0.429342 2.35321 0.0109623 491 4 1 3.49192e-07 
1.20152 -0.673076 9.75974e-05 0.0025 0.455789 0.429349 2.35487 0.01097 492 4 1 5.44456e-07 
1.207 -0.673076 9.77858e-05 0.0025 0.455345 0.429361 2.35717 0.0109807 493 4 1 8.42997e-07 
1.2125 -0.673076 9.86715e-05 0.0025 0.454721 0.429387 2.36047 0.0109957 494 4 1 1.27163e-06 
1.218 -0.673077 0.00010046 0.0025 0.453641 0.429328 2.36526 0.0110219 495 4 1 3.91281e-06 
1.22352 -0.673077 0.000103242 0.0025 0.452459 0.429658 2.37465 0.0110507 496 4 1 -3.01271e-06 
1.22905 -0.673078 0.000106887 0.0025 0.447028 0.427287 2.38027 0.011185 497 5 1 5.38094e-05 
1.23471 -0.673078 0.000111301 0.0025 0.454326 0.432951 2.44419 0.0110053 498 4 1 -0.000240409 
1.24007 -0.673079 0.000116001 0.0025 0.48281 0.424508 2.1555 0.010356 499 4 1 0.000266086 
