# Time [s]: 0.391251
# Columns: pos [m], vel [m/s], acc [m/s^2], mass [kg], dens [kg/m^3], pres [Pa], ene [J/kg], sml [m], id, neighbor, alpha, gradh, ...additional?
1.23888 -0.673079 9.87919e-05 0.0025 0.511057 0.432734 2.15251 0.00978364 0 4 1 -0.000134225 
1.24366 -0.673079 0.000102924 0.0025 0.536915 0.426197 1.95005 0.00931247 1 4 1 0.000179253 
1.2482 -0.67308 0.000106951 0.0025 0.548245 0.430867 1.96851 0.00912001 2 3 1 -1.90585e-05 
1.25278 -0.673081 0.000111215 0.0025 0.54598 0.429203 1.96466 0.00915784 3 5 1 3.48565e-06 
1.25735 -0.673081 0.00011606 0.0025 0.546378 0.429358 1.96459 0.00915117 4 4 1 -1.38689e-07 
1.26193 -0.673082 0.000122054 0.0025 0.546389 0.429328 1.96436 0.00915098 5 4 1 1.43724e-07 
1.2665 -0.673083 0.000129555 0.0025 0.546412 0.429327 1.9643 0.0091506 6 4 1 -3.51907e-09 
1.27108 -0.673084 0.000138371 0.0025 0.546426 0.429325 1.96424 0.00915037 7 4 1 8.22543e-09 
1.27566 -0.673085 0.000147709 0.0025 0.54644 0.429324 1.96419 0.00915014 8 4 1 4.75475e-09 
1.28023 -0.673086 0.00015658 0.0025 0.546452 0.429323 1.96414 0.00914993 9 4 1 5.4688e-09 
1.28481 -0.673087 0.000164455 0.0025 0.546464 0.429323 1.9641 0.00914974 10 4 1 -2.24408e-09 
1.28938 -0.673088 0.000171755 0.0025 0.546475 0.429322 1.96405 0.00914956 11 4 1 4.7254e-09 
1.29395 -0.673089 0.000179796 0.0025 0.546485 0.429322 1.96402 0.00914939 12 4 1 2.84584e-09 
1.29853 -0.673091 0.000190148 0.0025 0.546494 0.429321 1.96398 0.00914924 13 4 1 3.56172e-09 
1.3031 -0.673092 0.000203754 0.0025 0.546501 0.429321 1.96395 0.00914911 14 4 1 2.10397e-09 
1.30768 -0.673094 0.000220332 0.0025 0.546509 0.42932 1.96392 0.00914899 15 4 1 -1.60105e-09 
1.31225 -0.673095 0.000238414 0.0025 0.546516 0.42932 1.96389 0.00914887 16 4 1 4.88429e-09 
1.31683 -0.673097 0.000255961 0.0025 0.546522 0.429319 1.96387 0.00914877 17 4 1 1.47005e-09 
1.3214 -0.673099 0.000271117 0.0025 0.546527 0.429318 1.96385 0.00914868 18 4 1 -1.19408e-09 
1.32598 -0.673101 0.000282537 0.0025 0.546532 0.429318 1.96382 0.00914859 19 4 1 2.71505e-09 
1.33055 -0.673103 0.000288922 0.0025 0.546537 0.429317 1.9638 0.00914851 20 4 1 1.20484e-09 
1.33512 -0.673105 0.000287912 0.0025 0.546541 0.429316 1.96379 0.00914844 21 4 1 1.25441e-09 
1.3397 -0.673108 0.000275015 0.0025 0.546545 0.429315 1.96377 0.00914838 22 4 1 1.15985e-09 
1.34427 -0.673111 0.000243704 0.0025 0.546549 0.429315 1.96375 0.00914832 23 4 1 -1.33824e-11 
1.34885 -0.673114 0.000187594 0.0025 0.546552 0.429314 1.96374 0.00914826 24 4 1 1.7067e-09 
1.35342 -0.673118 0.000104626 0.0025 0.546555 0.429313 1.96372 0.00914821 25 4 1 1.03815e-09 
1.358 -0.673123 1.6579e-06 0.0025 0.546558 0.429313 1.96371 0.00914815 26 4 1 -7.92473e-12 
1.36257 -0.673128 -0.000103296 0.0025 0.546562 0.429313 1.9637 0.0091481 27 4 1 1.57919e-09 
1.36714 -0.673134 -0.000183547 0.0025 0.546565 0.429313 1.96369 0.00914805 28 4 1 1.15582e-09 
1.37172 -0.673141 -0.000210996 0.0025 0.546568 0.429313 1.96368 0.00914799 29 4 1 -6.15547e-10 
1.37629 -0.673149 -0.000165386 0.0025 0.546571 0.429314 1.96367 0.00914794 30 4 1 4.65399e-10 
1.38087 -0.673156 -4.12015e-05 0.0025 0.546574 0.429314 1.96366 0.0091479 31 4 1 1.71882e-09 
1.38544 -0.673163 0.000150906 0.0025 0.546576 0.429314 1.96365 0.00914786 32 4 1 -1.28848e-09 
1.39001 -0.67317 0.00038832 0.0025 0.546578 0.429313 1.96364 0.00914783 33 4 1 -1.38592e-09 
1.39459 -0.673177 0.000643837 0.0025 0.546579 0.429312 1.96363 0.00914781 34 4 1 1.50245e-09 
1.39916 -0.673183 0.000893072 0.0025 0.546579 0.42931 1.96362 0.0091478 35 3 1 -8.15402e-10 
1.40374 -0.673189 0.00111968 0.0025 0.546579 0.429308 1.96361 0.00914781 36 4 1 -1.43007e-09 
1.40831 -0.673194 0.00131732 0.0025 0.546578 0.429305 1.9636 0.00914782 37 4 1 9.51642e-10 
1.41288 -0.6732 0.0014883 0.0025 0.546577 0.429301 1.96359 0.00914785 38 4 1 -3.04944e-10 
1.41746 -0.673205 0.00163959 0.0025 0.546575 0.429297 1.96358 0.00914788 39 4 1 -1.06972e-09 
1.42203 -0.673211 0.00177853 0.0025 0.546572 0.429293 1.96357 0.00914792 40 4 1 4.15272e-10 
1.4266 -0.673218 0.00191073 0.0025 0.546569 0.429288 1.96356 0.00914797 41 4 1 1.68581e-10 
1.43118 -0.673224 0.00204114 0.0025 0.546566 0.429283 1.96355 0.00914802 42 4 1 -8.90817e-10 
1.43575 -0.673232 0.00217637 0.0025 0.546563 0.429278 1.96353 0.00914808 43 4 1 -2.82224e-10 
1.44033 -0.67324 0.00232466 0.0025 0.546559 0.429272 1.96352 0.00914815 44 4 1 6.59098e-10 
1.4449 -0.673249 0.00249225 0.0025 0.546554 0.429266 1.96351 0.00914823 45 4 1 -7.25628e-10 
1.44947 -0.673259 0.00267942 0.0025 0.546549 0.429259 1.9635 0.00914831 46 4 1 -1.12691e-09 
1.45405 -0.67327 0.00288144 0.0025 0.546544 0.429252 1.96348 0.0091484 47 4 1 1.38912e-10 
1.45862 -0.673282 0.00309562 0.0025 0.546538 0.429244 1.96347 0.0091485 48 4 1 -2.2207e-10 
1.4632 -0.673295 0.0033283 0.0025 0.546531 0.429235 1.96345 0.00914861 49 4 1 -1.17116e-09 
1.46777 -0.67331 0.00359309 0.0025 0.546524 0.429226 1.96344 0.00914873 50 4 1 -9.48937e-10 
1.47235 -0.673326 0.00389943 0.0025 0.546516 0.429216 1.96342 0.00914887 51 4 1 -1.22434e-10 
1.47692 -0.673343 0.00424345 0.0025 0.546507 0.429206 1.9634 0.00914902 52 4 1 -9.52899e-10 
1.4815 -0.673363 0.00461593 0.0025 0.546497 0.429194 1.96339 0.00914918 53 4 1 -1.80287e-09 
1.48607 -0.673384 0.0050252 0.0025 0.546487 0.429181 1.96337 0.00914936 54 4 1 -1.09557e-09 
1.49064 -0.673408 0.00550966 0.0025 0.546475 0.429167 1.96334 0.00914955 55 4 1 -7.21756e-10 
1.49522 -0.673435 0.00611588 0.0025 0.546462 0.429152 1.96332 0.00914977 56 4 1 -2.07865e-09 
1.49979 -0.673464 0.00685502 0.0025 0.546447 0.429135 1.9633 0.00915002 57 4 1 -2.81344e-09 
-0.49563 -0.673495 0.00768469 0.0025 0.54643 0.429116 1.96327 0.0091503 58 4 1 -1.84767e-09 
-0.491055 -0.67353 0.0085472 0.0025 0.546412 0.429094 1.96324 0.00915061 59 4 1 -2.27919e-09 
-0.48648 -0.67357 0.00943526 0.0025 0.546391 0.429071 1.96321 0.00915096 60 4 1 -3.14992e-09 
-0.481904 -0.673614 0.0104202 0.0025 0.546367 0.429044 1.96317 0.00915135 61 4 1 -3.29372e-09 
-0.477328 -0.673663 0.0116103 0.0025 0.546341 0.429015 1.96313 0.00915179 62 4 1 -3.20534e-09 
-0.472752 -0.673719 0.0130724 0.0025 0.546312 0.428982 1.96308 0.00915228 63 4 1 -4.23871e-09 
-0.468176 -0.673781 0.0147845 0.0025 0.546279 0.428945 1.96303 0.00915283 64 4 1 -5.27636e-09 
-0.4636 -0.673849 0.016653 0.0025 0.546242 0.428904 1.96298 0.00915345 65 4 1 -5.24276e-09 
-0.459023 -0.673925 0.0185686 0.0025 0.546201 0.428857 1.96291 0.00915414 66 4 1 -5.22363e-09 
-0.454445 -0.67401 0.0204625 0.0025 0.546154 0.428806 1.96284 0.00915492 67 4 1 -5.33085e-09 
-0.449868 -0.674104 0.0223613 0.0025 0.546104 0.42875 1.96277 0.00915577 68 4 1 -5.25376e-09 
-0.44529 -0.674209 0.0243816 0.0025 0.546049 0.428688 1.96268 0.0091567 69 4 1 -4.9274e-09 
-0.440711 -0.674324 0.0265523 0.0025 0.545989 0.428622 1.9626 0.0091577 70 4 1 -4.89325e-09 
-0.436132 -0.674446 0.0286186 0.0025 0.545925 0.428551 1.9625 0.00915877 71 4 1 -4.1301e-09 
-0.431552 -0.674575 0.0301787 0.0025 0.545858 0.428477 1.9624 0.0091599 72 4 1 -1.97656e-09 
-0.426972 -0.674709 0.0310482 0.0025 0.545788 0.4284 1.9623 0.00916106 73 4 1 4.3246e-10 
-0.422391 -0.674843 0.031271 0.0025 0.545719 0.428324 1.9622 0.00916223 74 4 1 2.99888e-09 
-0.41781 -0.674973 0.0304 0.0025 0.545652 0.42825 1.9621 0.00916335 75 4 1 7.05617e-09 
-0.413228 -0.675094 0.0274507 0.0025 0.545591 0.428182 1.96201 0.00916438 76 4 1 1.2424e-08 
-0.408645 -0.6752 0.0230373 0.0025 0.545539 0.428125 1.96193 0.00916524 77 4 1 1.64022e-08 
-0.404063 -0.675283 0.0174975 0.0025 0.545502 0.428084 1.96188 0.00916588 78 4 1 2.12741e-08 
-0.39948 -0.675336 0.00948054 0.0025 0.545482 0.428062 1.96185 0.00916621 79 5 1 2.67455e-08 
-0.394896 -0.675346 -0.00268017 0.0025 0.545484 0.428063 1.96185 0.00916618 80 4 1 2.25129e-08 
-0.390313 -0.675328 0.000628133 0.0025 0.545506 0.42809 1.96188 0.00916581 81 4 1 1.10944e-07 
-0.385731 -0.675181 -0.0759173 0.0025 0.54562 0.428223 1.96204 0.00916388 82 4 1 2.76481e-07 
-0.38115 -0.674543 -0.206795 0.0025 0.545959 0.428596 1.96252 0.0091582 83 4 1 3.5397e-07 
-0.376572 -0.673371 -0.323695 0.0025 0.546574 0.429274 1.96341 0.00914789 84 4 1 4.06168e-07 
-0.372002 -0.671672 -0.457244 0.0025 0.547493 0.430291 1.96472 0.00913253 85 4 1 6.05417e-07 
-0.36744 -0.6692 -0.693566 0.0025 0.548838 0.431779 1.96665 0.00911015 86 4 1 8.96162e-07 
-0.362891 -0.665527 -0.999659 0.0025 0.550768 0.433907 1.96941 0.00907824 87 4 1 1.05852e-06 
-0.358362 -0.66062 -1.26953 0.0025 0.55331 0.436708 1.97305 0.00903652 88 4 1 1.02928e-06 
-0.353855 -0.654787 -1.44904 0.0025 0.556344 0.440058 1.97737 0.00898724 89 4 1 9.35858e-07 
-0.349374 -0.648361 -1.56603 0.0025 0.559719 0.443795 1.98215 0.00893306 90 4 1 8.94104e-07 
-0.344922 -0.641561 -1.65877 0.0025 0.56334 0.44782 1.98727 0.00887563 91 4 1 9.56832e-07 
-0.340499 -0.634375 -1.77815 0.0025 0.567199 0.452121 1.99271 0.00881524 92 4 1 1.06309e-06 
-0.336106 -0.626728 -1.9016 0.0025 0.571315 0.456721 1.99848 0.00875174 93 4 1 1.15082e-06 
-0.331747 -0.618643 -2.02885 0.0025 0.57569 0.461624 2.00459 0.00868523 94 4 1 1.19223e-06 
-0.327421 -0.610154 -2.13014 0.0025 0.580296 0.466801 2.01099 0.00861629 95 4 1 1.17003e-06 
-0.32313 -0.601409 -2.19941 0.0025 0.585073 0.472186 2.01759 0.00854594 96 4 1 1.1065e-06 
-0.318875 -0.59255 -2.23192 0.0025 0.589948 0.4777 2.0243 0.00847532 97 4 1 1.02656e-06 
-0.314655 -0.583689 -2.24011 0.0025 0.594855 0.483269 2.03102 0.0084054 98 4 1 9.34426e-07 
-0.310469 -0.574952 -2.21743 0.0025 0.599738 0.48883 2.03767 0.00833697 99 4 1 8.69694e-07 
-0.306318 -0.566379 -2.19956 0.0025 0.604568 0.49435 2.04422 0.00827037 100 4 1 8.42246e-07 
-0.302199 -0.557957 -2.1845 0.0025 0.609346 0.499828 2.05067 0.00820551 101 4 1 8.01118e-07 
-0.298112 -0.54967 -2.15975 0.0025 0.614066 0.505256 2.057 0.00814244 102 4 1 7.5637e-07 
-0.294056 -0.541572 -2.13311 0.0025 0.618719 0.510623 2.06322 0.00808121 103 4 1 7.32651e-07 
-0.290031 -0.533628 -2.11419 0.0025 0.62331 0.515936 2.06933 0.00802169 104 4 1 7.18262e-07 
-0.286034 -0.525806 -2.09856 0.0025 0.627849 0.521204 2.07535 0.0079637 105 4 1 6.94927e-07 
-0.282067 -0.518108 -2.07934 0.0025 0.632339 0.526429 2.08127 0.00790716 106 4 1 6.80243e-07 
-0.278127 -0.51056 -2.06867 0.0025 0.636785 0.531619 2.08711 0.00785195 107 4 1 6.81521e-07 
-0.274215 -0.503079 -2.06618 0.0025 0.641203 0.536789 2.09289 0.00779785 108 4 1 6.67307e-07 
-0.270329 -0.495694 -2.05394 0.0025 0.645594 0.541944 2.09861 0.0077448 109 4 1 6.63189e-07 
-0.26647 -0.488391 -2.05553 0.0025 0.649968 0.547092 2.10429 0.00769269 110 4 1 7.07765e-07 
-0.262637 -0.481071 -2.08887 0.0025 0.65436 0.552275 2.10996 0.00764105 111 4 1 7.08086e-07 
-0.258829 -0.473746 -2.08971 0.0025 0.658777 0.5575 2.11565 0.00758983 112 4 1 7.07895e-07 
-0.255047 -0.466457 -2.11548 0.0025 0.663215 0.562768 2.12134 0.00753903 113 4 1 7.59948e-07 
-0.25129 -0.45909 -2.15997 0.0025 0.667712 0.568118 2.12708 0.00748826 114 4 1 7.88796e-07 
-0.247558 -0.451639 -2.2023 0.0025 0.67228 0.573566 2.13289 0.00743737 115 4 1 7.82876e-07 
-0.243852 -0.444128 -2.22906 0.0025 0.676908 0.579101 2.13875 0.00738653 116 4 1 7.71141e-07 
-0.240172 -0.436588 -2.25289 0.0025 0.681579 0.584703 2.14464 0.0073359 117 4 1 7.83471e-07 
-0.236516 -0.42904 -2.28794 0.0025 0.686298 0.590379 2.15057 0.00728546 118 4 1 7.91216e-07 
-0.232886 -0.42142 -2.31704 0.0025 0.691066 0.596127 2.15653 0.0072352 119 4 1 7.61915e-07 
-0.229281 -0.413813 -2.32293 0.0025 0.695858 0.601922 2.1625 0.00718537 120 4 1 7.41451e-07 
-0.225701 -0.406247 -2.33541 0.0025 0.70066 0.607745 2.16846 0.00713613 121 4 1 7.49005e-07 
-0.222145 -0.398682 -2.35645 0.0025 0.705479 0.613604 2.17441 0.00708738 122 4 1 7.19874e-07 
-0.218613 -0.391152 -2.34798 0.0025 0.710299 0.61948 2.18034 0.00703929 123 4 1 6.88575e-07 
-0.215105 -0.383715 -2.34587 0.0025 0.715101 0.625352 2.18622 0.00699202 124 4 1 7.04803e-07 
-0.211621 -0.376303 -2.36453 0.0025 0.719905 0.631242 2.19208 0.00694536 125 4 1 7.02041e-07 
-0.20816 -0.368909 -2.36829 0.0025 0.724715 0.637153 2.19793 0.00689926 126 4 1 6.75135e-07 
-0.204722 -0.361591 -2.36599 0.0025 0.729516 0.64307 2.20374 0.00685386 127 4 1 6.64721e-07 
-0.201306 -0.354311 -2.36912 0.0025 0.734306 0.648988 2.20952 0.00680915 128 4 1 6.48368e-07 
-0.197912 -0.347111 -2.36116 0.0025 0.739082 0.654906 2.21526 0.00676515 129 4 1 6.6265e-07 
-0.194541 -0.339926 -2.38713 0.0025 0.743859 0.66084 2.22097 0.0067217 130 4 1 6.51186e-07 
-0.191191 -0.332776 -2.37722 0.0025 0.748636 0.666787 2.22667 0.00667881 131 4 1 6.06001e-07 
-0.187862 -0.325711 -2.36271 0.0025 0.753384 0.672716 2.2323 0.00663672 132 4 1 6.08785e-07 
-0.184554 -0.318715 -2.36712 0.0025 0.758116 0.67864 2.2379 0.0065953 133 4 1 6.47733e-07 
-0.181267 -0.311732 -2.40217 0.0025 0.762866 0.6846 2.2435 0.00655423 134 4 1 6.40058e-07 
-0.178 -0.304731 -2.40344 0.0025 0.767631 0.690592 2.24909 0.00651355 135 4 1 5.70294e-07 
-0.174753 -0.297845 -2.36938 0.0025 0.772363 0.696558 2.25463 0.00647364 136 4 1 5.62209e-07 
-0.171526 -0.291047 -2.37336 0.0025 0.777063 0.702502 2.2601 0.00643449 137 4 1 6.15765e-07 
-0.168318 -0.284221 -2.40994 0.0025 0.781781 0.70848 2.26558 0.00639565 138 4 1 6.05294e-07 
-0.16513 -0.27741 -2.40732 0.0025 0.786512 0.714489 2.27106 0.00635718 139 4 1 5.48437e-07 
-0.161961 -0.270679 -2.38526 0.0025 0.791216 0.720477 2.27648 0.00631939 140 4 1 5.31372e-07 
-0.158811 -0.264043 -2.37552 0.0025 0.795887 0.72644 2.28185 0.0062823 141 4 1 5.6383e-07 
-0.155679 -0.257437 -2.40023 0.0025 0.800559 0.732418 2.28719 0.00624564 142 4 1 5.92506e-07 
-0.152565 -0.250797 -2.42706 0.0025 0.805258 0.738443 2.29256 0.00620919 143 4 1 5.53293e-07 
-0.14947 -0.244178 -2.41123 0.0025 0.809957 0.744481 2.2979 0.00617317 144 4 1 5.14489e-07 
-0.146392 -0.237671 -2.40002 0.0025 0.814626 0.750495 2.30319 0.00613779 145 4 1 5.02277e-07 
-0.143332 -0.231215 -2.38369 0.0025 0.819265 0.756487 2.30842 0.00610303 146 4 1 5.37196e-07 
-0.140289 -0.224804 -2.42066 0.0025 0.823909 0.762499 2.31365 0.00606863 147 4 1 5.56644e-07 
-0.137263 -0.218351 -2.432 0.0025 0.828578 0.768553 2.31888 0.00603443 148 4 1 5.1106e-07 
-0.134254 -0.211949 -2.4195 0.0025 0.833237 0.774608 2.32409 0.00600069 149 4 1 4.79068e-07 
-0.131262 -0.205633 -2.40154 0.0025 0.837863 0.780635 2.32924 0.00596756 150 4 1 4.6206e-07 
-0.128287 -0.199408 -2.38119 0.0025 0.842453 0.786631 2.33434 0.00593505 151 4 1 5.16244e-07 
-0.125327 -0.193178 -2.43335 0.0025 0.847059 0.79266 2.33943 0.00590278 152 4 1 5.50723e-07 
-0.122384 -0.186893 -2.45776 0.0025 0.851709 0.798757 2.34456 0.00587055 153 4 1 4.96161e-07 
-0.119457 -0.18063 -2.44474 0.0025 0.856358 0.804865 2.34967 0.00583868 154 4 1 4.24439e-07 
-0.116545 -0.17449 -2.39235 0.0025 0.860951 0.810914 2.3547 0.00580753 155 4 1 4.12069e-07 
-0.113649 -0.168487 -2.37833 0.0025 0.865488 0.816907 2.35966 0.00577709 156 4 1 5.07262e-07 
-0.110768 -0.16244 -2.4501 0.0025 0.870058 0.822953 2.36463 0.00574675 157 4 1 5.39001e-07 
-0.107902 -0.156299 -2.47719 0.0025 0.874687 0.829087 2.36966 0.00571633 158 4 1 4.68645e-07 
-0.105052 -0.15019 -2.45944 0.0025 0.879312 0.835227 2.37466 0.00568626 159 4 1 3.53305e-07 
-0.102216 -0.14426 -2.35747 0.0025 0.883844 0.841259 2.37955 0.00565711 160 4 1 3.69893e-07 
-0.0993945 -0.138507 -2.37341 0.0025 0.888308 0.847219 2.38435 0.00562868 161 4 1 5.11299e-07 
-0.0965872 -0.132629 -2.45878 0.0025 0.892836 0.853273 2.3892 0.00560014 162 4 1 5.58582e-07 
-0.0937943 -0.126631 -2.52674 0.0025 0.897463 0.859468 2.39415 0.00557126 163 4 1 4.58824e-07 
-0.0910159 -0.120596 -2.48106 0.0025 0.902096 0.865679 2.39909 0.00554265 164 4 1 2.89137e-07 
-0.0882516 -0.114856 -2.34797 0.0025 0.906595 0.871729 2.40386 0.00551514 165 4 1 3.17294e-07 
-0.0855007 -0.109274 -2.35752 0.0025 0.910998 0.877668 2.40852 0.00548849 166 4 1 4.72861e-07 
-0.0827631 -0.103638 -2.44068 0.0025 0.915458 0.883694 2.41323 0.00546175 167 4 1 5.78933e-07 
-0.0800389 -0.0977552 -2.57299 0.0025 0.920058 0.889912 2.41808 0.00543444 168 4 1 4.31522e-07 
-0.0773286 -0.0918597 -2.46372 0.0025 0.924664 0.896148 2.42292 0.00540737 169 4 1 2.39315e-07 
-0.0746315 -0.0863282 -2.35291 0.0025 0.929107 0.902184 2.42756 0.00538151 170 4 1 2.87785e-07 
-0.0719471 -0.0808941 -2.33531 0.0025 0.933448 0.908093 2.43209 0.00535649 171 4 1 3.68897e-07 
-0.069275 -0.0755625 -2.35068 0.0025 0.937786 0.914016 2.4366 0.00533171 172 4 1 5.95733e-07 
-0.0666153 -0.0699465 -2.61162 0.0025 0.942306 0.920191 2.4413 0.00530613 173 4 1 5.69609e-07 
-0.0639689 -0.0640001 -2.58445 0.0025 0.946972 0.926556 2.44613 0.00527999 174 4 1 8.87701e-08 
-0.0613353 -0.0586206 -2.21338 0.0025 0.951372 0.932592 2.45066 0.00525557 175 4 1 2.49101e-07 
-0.0587133 -0.0535526 -2.41399 0.0025 0.955637 0.938468 2.45505 0.00523211 176 4 1 5.84812e-07 
-0.0561032 -0.0479313 -2.54092 0.0025 0.960082 0.944569 2.45962 0.00520789 177 4 1 1.36843e-07 
-0.0535054 -0.0427675 -2.13251 0.0025 0.96436 0.950465 2.46399 0.00518479 178 4 1 2.93616e-07 
-0.0509184 -0.0379188 -2.43392 0.0025 0.968583 0.956329 2.46829 0.00516218 179 4 1 9.75437e-07 
-0.0483431 -0.0319927 -2.98216 0.0025 0.973315 0.962853 2.47313 0.00513708 180 4 1 1.88105e-07 
-0.0457812 -0.0262301 -2.23757 0.0025 0.977879 0.969135 2.47777 0.00511311 181 4 1 -7.50163e-07 
-0.04323 -0.0224383 -1.45627 0.0025 0.981474 0.974165 2.48137 0.00509438 182 4 1 4.71469e-07 
-0.0406869 -0.018579 -2.46182 0.0025 0.985228 0.979451 2.48515 0.00507497 183 4 1 1.88058e-06 
-0.038155 -0.012201 -3.63902 0.0025 0.99035 0.986542 2.49037 0.00504872 184 4 1 3.04718e-07 
-0.0356381 -0.00583031 -2.41457 0.0025 0.9954 0.993496 2.49547 0.00502311 185 4 1 -1.75829e-06 
-0.0331319 -0.00318381 -0.634814 0.0025 0.998533 0.997923 2.49853 0.00500734 186 4 1 -3.22805e-08 
-0.0306307 -0.00143025 -1.97189 0.0025 1.00139 1.00205 2.50134 0.00499307 187 4 1 2.86147e-06 
-0.0281388 0.00452391 -4.3371 0.0025 1.00656 1.00925 2.50659 0.00496741 188 4 1 8.05889e-07 
-0.0256633 0.0112538 -2.72098 0.0025 1.01218 1.017 2.51224 0.00493984 189 4 1 -2.48548e-06 
-0.0231989 0.0129104 -0.549566 0.0025 1.01514 1.0212 2.51509 0.00492543 190 4 1 -8.95899e-07 
-0.0207378 0.0121188 -0.776463 0.0025 1.0169 1.02382 2.51678 0.00491691 191 4 1 1.9234e-06 
-0.018282 0.014973 -3.11261 0.0025 1.02031 1.02857 2.52023 0.00490047 192 4 1 1.38034e-07 
-0.0158373 0.0172275 -1.48372 0.0025 1.02378 1.03337 2.52368 0.00488387 193 4 1 -1.69095e-06 
-0.0133981 0.0164697 -0.674843 0.0025 1.02536 1.03566 2.52522 0.00487633 194 4 1 -7.48756e-07 
-0.010961 0.0143639 -0.30255 0.0025 1.02597 1.03655 2.52581 0.00487343 195 4 1 -2.75657e-07 
-0.00852471 0.0115761 -0.157555 0.0025 1.02623 1.03692 2.52606 0.0048722 196 4 1 -8.81403e-08 
-0.00608881 0.00844517 -0.102518 0.0025 1.02637 1.03713 2.5262 0.00487154 197 4 1 -3.67522e-08 
-0.00365317 0.00513101 -0.0652115 0.0025 1.02646 1.03725 2.52629 0.00487111 198 4 1 -3.47354e-08 
-0.0012177 0.0017206 -0.0229393 0.0025 1.02651 1.03732 2.52634 0.00487088 199 3 1 -4.15349e-08 
0.0012177 -0.0017206 0.0229393 0.0025 1.02651 1.03732 2.52634 0.00487088 200 3 1 -4.15349e-08 
0.00365317 -0.00513101 0.0652115 0.0025 1.02646 1.03725 2.52629 0.00487111 201 4 1 -3.47354e-08 
0.00608881 -0.00844517 0.102518 0.0025 1.02637 1.03713 2.5262 0.00487154 202 4 1 -3.67522e-08 
0.00852471 -0.0115761 0.157555 0.0025 1.02623 1.03692 2.52606 0.0048722 203 4 1 -8.81403e-08 
0.010961 -0.0143639 0.30255 0.0025 1.02597 1.03655 2.52581 0.00487343 204 4 1 -2.75657e-07 
0.0133981 -0.0164697 0.674843 0.0025 1.02536 1.03566 2.52522 0.00487633 205 4 1 -7.48756e-07 
0.0158373 -0.0172275 1.48372 0.0025 1.02378 1.03337 2.52368 0.00488387 206 4 1 -1.69095e-06 
0.018282 -0.014973 3.11261 0.0025 1.02031 1.02857 2.52023 0.00490047 207 4 1 1.38034e-07 
0.0207378 -0.0121188 0.776463 0.0025 1.0169 1.02382 2.51678 0.00491691 208 4 1 1.9234e-06 
0.0231989 -0.0129104 0.549566 0.0025 1.01514 1.0212 2.51509 0.00492543 209 4 1 -8.95899e-07 
0.0256633 -0.0112538 2.72098 0.0025 1.01218 1.017 2.51224 0.00493984 210 4 1 -2.48548e-06 
0.0281388 -0.00452391 4.3371 0.0025 1.00656 1.00925 2.50659 0.00496741 211 4 1 8.05889e-07 
0.0306307 0.00143025 1.97189 0.0025 1.00139 1.00205 2.50134 0.00499307 212 4 1 2.86147e-06 
0.0331319 0.00318381 0.634814 0.0025 0.998533 0.997923 2.49853 0.00500734 213 4 1 -3.22804e-08 
0.0356381 0.00583031 2.41457 0.0025 0.9954 0.993496 2.49547 0.00502311 214 4 1 -1.75829e-06 
0.038155 0.012201 3.63902 0.0025 0.99035 0.986542 2.49037 0.00504872 215 4 1 3.04718e-07 
0.0406869 0.018579 2.46182 0.0025 0.985228 0.979451 2.48515 0.00507497 216 4 1 1.88058e-06 
0.04323 0.0224383 1.45627 0.0025 0.981474 0.974165 2.48137 0.00509438 217 4 1 4.71469e-07 
0.0457812 0.0262301 2.23757 0.0025 0.977879 0.969135 2.47777 0.00511311 218 4 1 -7.50163e-07 
0.0483431 0.0319927 2.98216 0.0025 0.973315 0.962853 2.47313 0.00513708 219 4 1 1.88105e-07 
0.0509184 0.0379188 2.43392 0.0025 0.968583 0.956329 2.46829 0.00516218 220 4 1 9.75437e-07 
0.0535054 0.0427675 2.13251 0.0025 0.96436 0.950465 2.46399 0.00518479 221 4 1 2.93616e-07 
0.0561032 0.0479313 2.54092 0.0025 0.960082 0.944569 2.45962 0.00520789 222 4 1 1.36843e-07 
0.0587133 0.0535526 2.41399 0.0025 0.955637 0.938468 2.45505 0.00523211 223 4 1 5.84812e-07 
0.0613353 0.0586206 2.21338 0.0025 0.951372 0.932592 2.45066 0.00525557 224 4 1 2.49101e-07 
0.0639689 0.0640001 2.58445 0.0025 0.946972 0.926556 2.44613 0.00527999 225 4 1 8.87701e-08 
0.0666153 0.0699465 2.61162 0.0025 0.942306 0.920191 2.4413 0.00530613 226 4 1 5.69609e-07 
0.069275 0.0755625 2.35068 0.0025 0.937786 0.914016 2.4366 0.00533171 227 4 1 5.95733e-07 
0.0719471 0.0808941 2.33531 0.0025 0.933448 0.908093 2.43209 0.00535649 228 4 1 3.68897e-07 
0.0746315 0.0863282 2.35291 0.0025 0.929107 0.902184 2.42756 0.00538151 229 4 1 2.87785e-07 
0.0773286 0.0918597 2.46372 0.0025 0.924664 0.896148 2.42292 0.00540737 230 4 1 2.39315e-07 
0.0800389 0.0977552 2.57299 0.0025 0.920058 0.889912 2.41808 0.00543444 231 4 1 4.31522e-07 
0.0827631 0.103638 2.44068 0.0025 0.915458 0.883694 2.41323 0.00546175 232 4 1 5.78933e-07 
0.0855007 0.109274 2.35752 0.0025 0.910998 0.877668 2.40852 0.00548849 233 4 1 4.72861e-07 
0.0882516 0.114856 2.34797 0.0025 0.906595 0.871729 2.40386 0.00551514 234 4 1 3.17294e-07 
0.0910159 0.120596 2.48106 0.0025 0.902096 0.865679 2.39909 0.00554265 235 4 1 2.89137e-07 
0.0937943 0.126631 2.52674 0.0025 0.897463 0.859468 2.39415 0.00557126 236 4 1 4.58824e-07 
0.0965872 0.132629 2.45878 0.0025 0.892836 0.853273 2.3892 0.00560014 237 4 1 5.58582e-07 
0.0993945 0.138507 2.37341 0.0025 0.888308 0.847219 2.38435 0.00562868 238 4 1 5.11299e-07 
0.102216 0.14426 2.35747 0.0025 0.883844 0.841259 2.37955 0.00565711 239 4 1 3.69893e-07 
0.105052 0.15019 2.45944 0.0025 0.879312 0.835227 2.37466 0.00568626 240 4 1 3.53305e-07 
0.107902 0.156299 2.47719 0.0025 0.874687 0.829087 2.36966 0.00571633 241 4 1 4.68645e-07 
0.110768 0.16244 2.4501 0.0025 0.870058 0.822953 2.36463 0.00574675 242 4 1 5.39001e-07 
0.113649 0.168487 2.37833 0.0025 0.865488 0.816907 2.35966 0.00577709 243 4 1 5.07262e-07 
0.116545 0.17449 2.39235 0.0025 0.860951 0.810914 2.3547 0.00580753 244 4 1 4.12069e-07 
0.119457 0.18063 2.44474 0.0025 0.856358 0.804865 2.34967 0.00583868 245 4 1 4.24439e-07 
0.122384 0.186893 2.45776 0.0025 0.851709 0.798757 2.34456 0.00587055 246 4 1 4.96161e-07 
0.125327 0.193178 2.43335 0.0025 0.847059 0.79266 2.33943 0.00590278 247 4 1 5.50723e-07 
0.128287 0.199408 2.38119 0.0025 0.842453 0.786631 2.33434 0.00593505 248 4 1 5.16244e-07 
0.131262 0.205633 2.40154 0.0025 0.837863 0.780635 2.32924 0.00596756 249 4 1 4.6206e-07 
0.134254 0.211949 2.4195 0.0025 0.833237 0.774608 2.32409 0.00600069 250 4 1 4.79068e-07 
0.137263 0.218351 2.432 0.0025 0.828578 0.768553 2.31888 0.00603443 251 4 1 5.1106e-07 
0.140289 0.224804 2.42066 0.0025 0.823909 0.762499 2.31365 0.00606863 252 4 1 5.56644e-07 
0.143332 0.231215 2.38369 0.0025 0.819265 0.756487 2.30842 0.00610303 253 4 1 5.37196e-07 
0.146392 0.237671 2.40002 0.0025 0.814626 0.750495 2.30319 0.00613779 254 4 1 5.02277e-07 
0.14947 0.244178 2.41123 0.0025 0.809957 0.744481 2.2979 0.00617317 255 4 1 5.14489e-07 
0.152565 0.250797 2.42706 0.0025 0.805258 0.738443 2.29256 0.00620919 256 4 1 5.53293e-07 
0.155679 0.257437 2.40023 0.0025 0.800559 0.732418 2.28719 0.00624564 257 4 1 5.92506e-07 
0.158811 0.264043 2.37552 0.0025 0.795887 0.72644 2.28185 0.0062823 258 4 1 5.6383e-07 
0.161961 0.270679 2.38526 0.0025 0.791216 0.720477 2.27648 0.00631939 259 4 1 5.31372e-07 
0.16513 0.27741 2.40732 0.0025 0.786512 0.714489 2.27106 0.00635718 260 4 1 5.48437e-07 
0.168318 0.284221 2.40994 0.0025 0.781781 0.70848 2.26558 0.00639565 261 4 1 6.05294e-07 
0.171526 0.291047 2.37336 0.0025 0.777063 0.702502 2.2601 0.00643449 262 4 1 6.15765e-07 
0.174753 0.297845 2.36938 0.0025 0.772363 0.696558 2.25463 0.00647364 263 4 1 5.62209e-07 
0.178 0.304731 2.40344 0.0025 0.767631 0.690592 2.24909 0.00651355 264 4 1 5.70294e-07 
0.181267 0.311732 2.40217 0.0025 0.762866 0.6846 2.2435 0.00655423 265 4 1 6.40058e-07 
0.184554 0.318715 2.36712 0.0025 0.758116 0.67864 2.2379 0.0065953 266 4 1 6.47733e-07 
0.187862 0.325711 2.36271 0.0025 0.753384 0.672716 2.2323 0.00663672 267 4 1 6.08785e-07 
0.191191 0.332776 2.37722 0.0025 0.748636 0.666787 2.22667 0.00667881 268 4 1 6.06001e-07 
0.194541 0.339926 2.38713 0.0025 0.743859 0.66084 2.22097 0.0067217 269 4 1 6.51186e-07 
0.197912 0.347111 2.36116 0.0025 0.739082 0.654906 2.21526 0.00676515 270 4 1 6.6265e-07 
0.201306 0.354311 2.36912 0.0025 0.734306 0.648988 2.20952 0.00680915 271 4 1 6.48368e-07 
0.204722 0.361591 2.36599 0.0025 0.729516 0.64307 2.20374 0.00685386 272 4 1 6.64721e-07 
0.20816 0.368909 2.36829 0.0025 0.724715 0.637153 2.19793 0.00689926 273 4 1 6.75135e-07 
0.211621 0.376303 2.36453 0.0025 0.719905 0.631242 2.19208 0.00694536 274 4 1 7.02041e-07 
0.215105 0.383715 2.34587 0.0025 0.715101 0.625352 2.18622 0.00699202 275 4 1 7.04803e-07 
0.218613 0.391152 2.34798 0.0025 0.710299 0.61948 2.18034 0.00703929 276 4 1 6.88575e-07 
0.222145 0.398682 2.35645 0.0025 0.705479 0.613604 2.17441 0.00708738 277 4 1 7.19874e-07 
0.225701 0.406247 2.33541 0.0025 0.70066 0.607745 2.16846 0.00713613 278 4 1 7.49005e-07 
0.229281 0.413813 2.32293 0.0025 0.695858 0.601922 2.1625 0.00718537 279 4 1 7.41451e-07 
0.232886 0.42142 2.31704 0.0025 0.691066 0.596127 2.15653 0.0072352 280 4 1 7.61915e-07 
0.236516 0.42904 2.28794 0.0025 0.686298 0.590379 2.15057 0.00728546 281 4 1 7.91216e-07 
0.240172 0.436588 2.25289 0.0025 0.681579 0.584703 2.14464 0.0073359 282 4 1 7.83471e-07 
0.243852 0.444128 2.22906 0.0025 0.676908 0.579101 2.13875 0.00738653 283 4 1 7.71141e-07 
0.247558 0.451639 2.2023 0.0025 0.67228 0.573566 2.13289 0.00743737 284 4 1 7.82876e-07 
0.25129 0.45909 2.15997 0.0025 0.667712 0.568118 2.12708 0.00748826 285 4 1 7.88796e-07 
0.255047 0.466457 2.11548 0.0025 0.663215 0.562768 2.12134 0.00753903 286 4 1 7.59948e-07 
0.258829 0.473746 2.08971 0.0025 0.658777 0.5575 2.11565 0.00758983 287 4 1 7.07895e-07 
0.262637 0.481071 2.08887 0.0025 0.65436 0.552275 2.10996 0.00764105 288 4 1 7.08086e-07 
0.26647 0.488391 2.05553 0.0025 0.649968 0.547092 2.10429 0.00769269 289 4 1 7.07765e-07 
0.270329 0.495694 2.05394 0.0025 0.645594 0.541944 2.09861 0.0077448 290 4 1 6.63189e-07 
0.274215 0.503079 2.06618 0.0025 0.641203 0.536789 2.09289 0.00779785 291 4 1 6.67307e-07 
0.278127 0.51056 2.06867 0.0025 0.636785 0.531619 2.08711 0.00785195 292 4 1 6.81521e-07 
0.282067 0.518108 2.07934 0.0025 0.632339 0.526429 2.08127 0.00790716 293 4 1 6.80243e-07 
0.286034 0.525806 2.09856 0.0025 0.627849 0.521204 2.07535 0.0079637 294 4 1 6.94927e-07 
0.290031 0.533628 2.11419 0.0025 0.62331 0.515936 2.06933 0.00802169 295 4 1 7.18262e-07 
0.294056 0.541572 2.13311 0.0025 0.618719 0.510623 2.06322 0.00808121 296 4 1 7.32651e-07 
0.298112 0.54967 2.15975 0.0025 0.614066 0.505256 2.057 0.00814244 297 4 1 7.5637e-07 
0.302199 0.557957 2.1845 0.0025 0.609346 0.499828 2.05067 0.00820551 298 4 1 8.01118e-07 
0.306318 0.566379 2.19956 0.0025 0.604568 0.49435 2.04422 0.00827037 299 4 1 8.42246e-07 
0.310469 0.574952 2.21743 0.0025 0.599738 0.48883 2.03767 0.00833697 300 4 1 8.69694e-07 
0.314655 0.583689 2.24011 0.0025 0.594855 0.483269 2.03102 0.0084054 301 4 1 9.34426e-07 
0.318875 0.59255 2.23192 0.0025 0.589948 0.4777 2.0243 0.00847532 302 4 1 1.02656e-06 
0.32313 0.601409 2.19941 0.0025 0.585073 0.472186 2.01759 0.00854594 303 4 1 1.1065e-06 
0.327421 0.610154 2.13014 0.0025 0.580296 0.466801 2.01099 0.00861629 304 4 1 1.17003e-06 
0.331747 0.618643 2.02885 0.0025 0.57569 0.461624 2.00459 0.00868523 305 4 1 1.19223e-06 
0.336106 0.626728 1.9016 0.0025 0.571315 0.456721 1.99848 0.00875174 306 4 1 1.15082e-06 
0.340499 0.634375 1.77815 0.0025 0.567199 0.452121 1.99271 0.00881524 307 4 1 1.06309e-06 
0.344922 0.641561 1.65877 0.0025 0.56334 0.44782 1.98727 0.00887563 308 4 1 9.56832e-07 
0.349374 0.648361 1.56603 0.0025 0.559719 0.443795 1.98215 0.00893306 309 4 1 8.94104e-07 
0.353855 0.654787 1.44904 0.0025 0.556344 0.440058 1.97737 0.00898724 310 4 1 9.35858e-07 
0.358362 0.66062 1.26953 0.0025 0.55331 0.436708 1.97305 0.00903652 311 4 1 1.02928e-06 
0.362891 0.665527 0.999659 0.0025 0.550768 0.433907 1.96941 0.00907824 312 4 1 1.05852e-06 
0.36744 0.6692 0.693566 0.0025 0.548838 0.431779 1.96665 0.00911015 313 4 1 8.96162e-07 
0.372002 0.671672 0.457244 0.0025 0.547493 0.430291 1.96472 0.00913253 314 4 1 6.05417e-07 
0.376572 0.673371 0.323695 0.0025 0.546574 0.429274 1.96341 0.00914789 315 4 1 4.06168e-07 
0.38115 0.674543 0.206795 0.0025 0.545959 0.428596 1.96252 0.0091582 316 4 1 3.5397e-07 
0.385731 0.675181 0.0759173 0.0025 0.54562 0.428223 1.96204 0.00916388 317 4 1 2.76481e-07 
0.390313 0.675328 -0.000628133 0.0025 0.545506 0.42809 1.96188 0.00916581 318 4 1 1.10944e-07 
0.394896 0.675346 0.00268017 0.0025 0.545484 0.428063 1.96185 0.00916618 319 4 1 2.25129e-08 
0.39948 0.675336 -0.00948054 0.0025 0.545482 0.428062 1.96185 0.00916621 320 5 1 2.67455e-08 
0.404063 0.675283 -0.0174975 0.0025 0.545502 0.428084 1.96188 0.00916588 321 4 1 2.12741e-08 
0.408645 0.6752 -0.0230373 0.0025 0.545539 0.428125 1.96193 0.00916524 322 4 1 1.64022e-08 
0.413228 0.675094 -0.0274507 0.0025 0.545591 0.428182 1.96201 0.00916438 323 4 1 1.2424e-08 
0.41781 0.674973 -0.0304 0.0025 0.545652 0.42825 1.9621 0.00916335 324 4 1 7.05617e-09 
0.422391 0.674843 -0.031271 0.0025 0.545719 0.428324 1.9622 0.00916223 325 4 1 2.99888e-09 
0.426972 0.674709 -0.0310482 0.0025 0.545788 0.4284 1.9623 0.00916106 326 4 1 4.32459e-10 
0.431552 0.674575 -0.0301787 0.0025 0.545858 0.428477 1.9624 0.0091599 327 4 1 -1.97656e-09 
0.436132 0.674446 -0.0286186 0.0025 0.545925 0.428551 1.9625 0.00915877 328 4 1 -4.1301e-09 
0.440711 0.674324 -0.0265523 0.0025 0.545989 0.428622 1.9626 0.0091577 329 4 1 -4.89325e-09 
0.44529 0.674209 -0.0243816 0.0025 0.546049 0.428688 1.96268 0.0091567 330 4 1 -4.9274e-09 
0.449868 0.674104 -0.0223613 0.0025 0.546104 0.42875 1.96277 0.00915577 331 4 1 -5.25376e-09 
0.454445 0.67401 -0.0204625 0.0025 0.546154 0.428806 1.96284 0.00915492 332 4 1 -5.33085e-09 
0.459023 0.673925 -0.0185686 0.0025 0.546201 0.428857 1.96291 0.00915414 333 4 1 -5.22363e-09 
0.4636 0.673849 -0.016653 0.0025 0.546242 0.428904 1.96298 0.00915345 334 4 1 -5.24276e-09 
0.468176 0.673781 -0.0147845 0.0025 0.546279 0.428945 1.96303 0.00915283 335 4 1 -5.27636e-09 
0.472752 0.673719 -0.0130724 0.0025 0.546312 0.428982 1.96308 0.00915228 336 4 1 -4.23871e-09 
0.477328 0.673663 -0.0116103 0.0025 0.546341 0.429015 1.96313 0.00915179 337 4 1 -3.20534e-09 
0.481904 0.673614 -0.0104202 0.0025 0.546367 0.429044 1.96317 0.00915135 338 4 1 -3.29372e-09 
0.48648 0.67357 -0.00943526 0.0025 0.546391 0.429071 1.96321 0.00915096 339 4 1 -3.14992e-09 
0.491055 0.67353 -0.0085472 0.0025 0.546412 0.429094 1.96324 0.00915061 340 4 1 -2.27919e-09 
0.49563 0.673495 -0.00768469 0.0025 0.54643 0.429116 1.96327 0.0091503 341 4 1 -1.84767e-09 
0.500205 0.673464 -0.00685502 0.0025 0.546447 0.429135 1.9633 0.00915002 342 4 1 -2.81344e-09 
0.50478 0.673435 -0.00611588 0.0025 0.546462 0.429152 1.96332 0.00914977 343 4 1 -2.07865e-09 
0.509355 0.673408 -0.00550966 0.0025 0.546475 0.429167 1.96334 0.00914955 344 4 1 -7.21757e-10 
0.51393 0.673384 -0.0050252 0.0025 0.546487 0.429181 1.96337 0.00914936 345 4 1 -1.09557e-09 
0.518505 0.673363 -0.00461593 0.0025 0.546497 0.429194 1.96339 0.00914918 346 4 1 -1.80287e-09 
0.523079 0.673343 -0.00424345 0.0025 0.546507 0.429206 1.9634 0.00914902 347 4 1 -9.52899e-10 
0.527654 0.673326 -0.00389943 0.0025 0.546516 0.429216 1.96342 0.00914887 348 4 1 -1.22435e-10 
0.532228 0.67331 -0.00359309 0.0025 0.546524 0.429226 1.96344 0.00914873 349 4 1 -9.48937e-10 
0.536802 0.673295 -0.0033283 0.0025 0.546531 0.429235 1.96345 0.00914861 350 4 1 -1.17116e-09 
0.541377 0.673282 -0.00309562 0.0025 0.546538 0.429244 1.96347 0.0091485 351 4 1 -2.2207e-10 
0.545951 0.67327 -0.00288144 0.0025 0.546544 0.429252 1.96348 0.0091484 352 4 1 1.38912e-10 
0.550525 0.673259 -0.00267942 0.0025 0.546549 0.429259 1.9635 0.00914831 353 4 1 -1.12691e-09 
0.555099 0.673249 -0.00249225 0.0025 0.546554 0.429266 1.96351 0.00914823 354 4 1 -7.25628e-10 
0.559673 0.67324 -0.00232466 0.0025 0.546559 0.429272 1.96352 0.00914815 355 4 1 6.59098e-10 
0.564247 0.673232 -0.00217637 0.0025 0.546563 0.429278 1.96353 0.00914808 356 4 1 -2.82224e-10 
0.568821 0.673224 -0.00204114 0.0025 0.546566 0.429283 1.96355 0.00914802 357 4 1 -8.90817e-10 
0.573395 0.673218 -0.00191073 0.0025 0.546569 0.429288 1.96356 0.00914797 358 4 1 1.68581e-10 
0.577969 0.673211 -0.00177853 0.0025 0.546572 0.429293 1.96357 0.00914792 359 4 1 4.15271e-10 
0.582543 0.673205 -0.00163959 0.0025 0.546575 0.429297 1.96358 0.00914788 360 4 1 -1.06972e-09 
0.587117 0.6732 -0.0014883 0.0025 0.546577 0.429301 1.96359 0.00914785 361 4 1 -3.04944e-10 
0.591691 0.673194 -0.00131732 0.0025 0.546578 0.429305 1.9636 0.00914782 362 4 1 9.51642e-10 
0.596265 0.673189 -0.00111968 0.0025 0.546579 0.429308 1.96361 0.00914781 363 4 1 -1.43007e-09 
0.600839 0.673183 -0.000893072 0.0025 0.546579 0.42931 1.96362 0.0091478 364 3 1 -8.15402e-10 
0.605413 0.673177 -0.000643837 0.0025 0.546579 0.429312 1.96363 0.00914781 365 4 1 1.50245e-09 
0.609987 0.67317 -0.00038832 0.0025 0.546578 0.429313 1.96364 0.00914783 366 4 1 -1.38592e-09 
0.614561 0.673163 -0.000150906 0.0025 0.546576 0.429314 1.96365 0.00914786 367 4 1 -1.28848e-09 
0.619135 0.673156 4.12015e-05 0.0025 0.546574 0.429314 1.96366 0.0091479 368 4 1 1.71882e-09 
0.623709 0.673149 0.000165386 0.0025 0.546571 0.429314 1.96367 0.00914794 369 4 1 4.65398e-10 
0.628283 0.673141 0.000210996 0.0025 0.546568 0.429313 1.96368 0.00914799 370 4 1 -6.15548e-10 
0.632857 0.673134 0.000183547 0.0025 0.546565 0.429313 1.96369 0.00914805 371 4 1 1.15582e-09 
0.637431 0.673128 0.000103296 0.0025 0.546562 0.429313 1.9637 0.0091481 372 4 1 1.57919e-09 
0.642005 0.673123 -1.6579e-06 0.0025 0.546558 0.429313 1.96371 0.00914815 373 4 1 -7.92459e-12 
0.646579 0.673118 -0.000104626 0.0025 0.546555 0.429313 1.96372 0.00914821 374 4 1 1.03815e-09 
0.651153 0.673114 -0.000187594 0.0025 0.546552 0.429314 1.96374 0.00914826 375 4 1 1.7067e-09 
0.655727 0.673111 -0.000243704 0.0025 0.546549 0.429315 1.96375 0.00914832 376 4 1 -1.33827e-11 
0.660301 0.673108 -0.000275015 0.0025 0.546545 0.429315 1.96377 0.00914838 377 4 1 1.15985e-09 
0.664875 0.673105 -0.000287912 0.0025 0.546541 0.429316 1.96379 0.00914844 378 4 1 1.25441e-09 
0.66945 0.673103 -0.000288923 0.0025 0.546537 0.429317 1.9638 0.00914851 379 4 1 1.20484e-09 
0.674024 0.673101 -0.000282537 0.0025 0.546532 0.429318 1.96382 0.00914859 380 4 1 2.71505e-09 
0.678598 0.673099 -0.000271117 0.0025 0.546527 0.429318 1.96385 0.00914868 381 4 1 -1.19408e-09 
0.683173 0.673097 -0.000255961 0.0025 0.546522 0.429319 1.96387 0.00914877 382 4 1 1.47005e-09 
0.687747 0.673095 -0.000238414 0.0025 0.546516 0.42932 1.96389 0.00914887 383 4 1 4.88429e-09 
0.692321 0.673094 -0.000220332 0.0025 0.546509 0.42932 1.96392 0.00914899 384 4 1 -1.60105e-09 
0.696896 0.673092 -0.000203754 0.0025 0.546501 0.429321 1.96395 0.00914911 385 4 1 2.10397e-09 
0.70147 0.673091 -0.000190148 0.0025 0.546494 0.429321 1.96398 0.00914924 386 4 1 3.56172e-09 
0.706045 0.673089 -0.000179796 0.0025 0.546485 0.429322 1.96402 0.00914939 387 4 1 2.84584e-09 
0.71062 0.673088 -0.000171755 0.0025 0.546475 0.429322 1.96405 0.00914956 388 4 1 4.7254e-09 
0.715195 0.673087 -0.000164455 0.0025 0.546464 0.429323 1.9641 0.00914974 389 4 1 -2.24408e-09 
0.71977 0.673086 -0.00015658 0.0025 0.546452 0.429323 1.96414 0.00914993 390 4 1 5.4688e-09 
0.724345 0.673085 -0.000147709 0.0025 0.54644 0.429324 1.96419 0.00915014 391 4 1 4.75475e-09 
0.72892 0.673084 -0.000138371 0.0025 0.546426 0.429325 1.96424 0.00915037 392 4 1 8.22543e-09 
0.733495 0.673083 -0.000129556 0.0025 0.546412 0.429327 1.9643 0.0091506 393 4 1 -3.51907e-09 
0.73807 0.673082 -0.000122054 0.0025 0.546389 0.429328 1.96436 0.00915098 394 4 1 1.43724e-07 
0.742646 0.673081 -0.00011606 0.0025 0.546378 0.429358 1.96459 0.00915117 395 4 1 -1.38689e-07 
0.747222 0.673081 -0.000111215 0.0025 0.54598 0.429203 1.96466 0.00915784 396 5 1 3.48565e-06 
0.751804 0.67308 -0.000106951 0.0025 0.548245 0.430867 1.96851 0.00912001 397 3 1 -1.90585e-05 
0.756342 0.673079 -0.000102924 0.0025 0.536915 0.426197 1.95005 0.00931247 398 4 1 0.000179253 
0.761123 0.673079 -9.87919e-05 0.0025 0.511057 0.432734 2.15251 0.00978364 399 4 1 -0.000134225 
0.766132 0.673078 -9.47055e-05 0.0025 0.482811 0.424508 2.1555 0.010356 400 4 1 0.000266086 
0.771493 0.673077 -9.07426e-05 0.0025 0.454326 0.432952 2.44419 0.0110053 401 4 1 -0.000240409 
0.777148 0.673077 -8.70945e-05 0.0025 0.447028 0.427287 2.38027 0.011185 402 5 1 5.38094e-05 
0.782679 0.673076 -8.40527e-05 0.0025 0.452459 0.429658 2.37465 0.0110507 403 4 1 -3.01272e-06 
0.788199 0.673076 -8.15072e-05 0.0025 0.453642 0.429329 2.36526 0.0110219 404 4 1 3.9128e-06 
0.793701 0.673076 -7.95553e-05 0.0025 0.454722 0.429387 2.36047 0.0109957 405 4 1 1.27163e-06 
0.799194 0.673075 -7.83287e-05 0.0025 0.455345 0.429361 2.35717 0.0109807 406 4 1 8.42994e-07 
0.804682 0.673075 -7.79115e-05 0.0025 0.455789 0.42935 2.35487 0.01097 407 4 1 5.44455e-07 
0.810164 0.673075 -7.82503e-05 0.0025 0.456111 0.429343 2.35321 0.0109623 408 4 1 3.49193e-07 
0.815644 0.673074 -7.91677e-05 0.0025 0.456351 0.429338 2.35197 0.0109565 409 4 1 2.4684e-07 
0.821121 0.673074 -8.04073e-05 0.0025 0.456536 0.429335 2.35102 0.0109521 410 4 1 1.77358e-07 
0.826596 0.673074 -8.16495e-05 0.0025 0.456679 0.429334 2.35028 0.0109486 411 4 1 1.31015e-07 
0.832069 0.673074 -8.24802e-05 0.0025 0.456793 0.429333 2.34969 0.0109459 412 4 1 9.8125e-08 
0.837542 0.673074 -8.23439e-05 0.0025 0.456884 0.429332 2.34922 0.0109437 413 4 1 7.55108e-08 
0.843013 0.673074 -8.04838e-05 0.0025 0.456958 0.429332 2.34885 0.0109419 414 4 1 5.88946e-08 
0.848484 0.673074 -7.58224e-05 0.0025 0.457018 0.429331 2.34854 0.0109405 415 4 1 4.6428e-08 
0.853954 0.673074 -6.67512e-05 0.0025 0.457067 0.429331 2.34829 0.0109393 416 4 1 3.70226e-08 
0.859423 0.673074 -5.1085e-05 0.0025 0.457107 0.429331 2.34808 0.0109384 417 4 1 2.97795e-08 
0.864892 0.673074 -2.71083e-05 0.0025 0.457141 0.429331 2.34791 0.0109375 418 4 1 2.40876e-08 
0.870361 0.673074 2.33431e-06 0.0025 0.457169 0.429331 2.34777 0.0109369 419 4 1 1.9646e-08 
0.875829 0.673074 1.85845e-05 0.0025 0.457192 0.429331 2.34765 0.0109363 420 4 1 1.62425e-08 
0.881297 0.673073 -4.65342e-05 0.0025 0.457211 0.42933 2.34755 0.0109359 421 4 1 1.39408e-08 
0.886765 0.673072 -0.000435194 0.0025 0.457228 0.429331 2.34746 0.0109355 422 4 1 1.33998e-08 
0.892232 0.673067 -0.00201732 0.0025 0.457243 0.429333 2.3474 0.0109351 423 4 1 1.68296e-08 
0.8977 0.673049 -0.00757168 0.0025 0.457261 0.429342 2.34735 0.0109347 424 4 1 2.84813e-08 
0.903167 0.672995 -0.023355 0.0025 0.457289 0.429366 2.34734 0.010934 425 4 1 4.35248e-08 
0.908634 0.672859 -0.0520735 0.0025 0.457337 0.429416 2.34738 0.0109329 426 4 1 -1.56144e-08 
0.9141 0.672676 -0.0327945 0.0025 0.457365 0.429425 2.34739 0.0109322 427 3 1 -5.96197e-07 
0.919566 0.673246 0.552574 0.0025 0.45703 0.428971 2.34667 0.0109402 428 4 1 -9.30543e-07 
0.92504 0.677752 1.67749 0.0025 0.456244 0.42817 2.34497 0.010959 429 5 1 7.4446e-06 
0.930525 0.673913 -5.8521 0.0025 0.459289 0.432926 2.35123 0.0108864 430 4 1 5.8445e-05 
0.935928 0.621465 -27.1945 0.0025 0.477677 0.459009 2.39103 0.0104673 431 4 1 0.000182906 
0.94101 0.485234 -50.3484 0.0025 0.523063 0.52378 2.49011 0.00955907 432 4 1 0.000232536 
0.945535 0.31014 -48.3289 0.0025 0.590428 0.622492 2.62917 0.00846843 433 4 1 0.000135457 
0.949523 0.177244 -30.3688 0.0025 0.657473 0.724338 2.75526 0.00760487 434 4 1 4.25468e-05 
0.953159 0.0984819 -17.9435 0.0025 0.708035 0.804088 2.8421 0.0070618 435 4 1 4.16618e-06 
0.956591 0.0522284 -10.292 0.0025 0.741345 0.857895 2.89572 0.0067445 436 4 1 -7.99185e-06 
0.959906 0.0269909 -5.4764 0.0025 0.761335 0.890629 2.9265 0.00656741 437 4 1 -8.7174e-06 
0.963159 0.0137501 -2.88551 0.0025 0.772361 0.908811 2.94281 0.00647366 438 4 1 -5.78093e-06 
0.96638 0.00694954 -1.48513 0.0025 0.778217 0.918418 2.95102 0.00642494 439 4 1 -3.32589e-06 
0.969584 0.00350466 -0.771205 0.0025 0.781286 0.923347 2.9549 0.00639971 440 4 1 -1.75552e-06 
0.97278 0.00174566 -0.406324 0.0025 0.782934 0.925867 2.95657 0.00638624 441 4 1 -9.00674e-07 
0.97597 0.000840053 -0.218184 0.0025 0.783871 0.927173 2.95711 0.0063786 442 4 1 -4.34005e-07 
0.979158 0.000371601 -0.119174 0.0025 0.784445 0.927875 2.95712 0.00637393 443 4 1 -9.24893e-08 
0.982344 0.000132581 -0.0659047 0.0025 0.784799 0.928289 2.95701 0.00637106 444 4 1 3.92184e-07 
0.985529 1.6808e-05 -0.0368145 0.0025 0.784892 0.92859 2.95737 0.00637031 445 3 1 1.63496e-06 
0.988715 -3.18606e-05 -0.0211935 0.0025 0.784384 0.928895 2.95969 0.00637443 446 4 1 4.48832e-06 
0.991904 -4.49077e-05 -0.0135105 0.0025 0.781809 0.928888 2.9674 0.00639543 447 4 1 1.49155e-05 
0.99511 -3.65676e-05 -0.00522164 0.0025 0.774457 0.928089 2.99288 0.00645614 448 4 1 1.77073e-05 
0.99836 -1.24696e-05 -0.00150936 0.0025 0.765734 0.928221 3.03814 0.00652968 449 4 1 -3.46407e-05 
1.00164 1.24696e-05 0.00150936 0.0025 0.765734 0.928221 3.03814 0.00652968 450 4 1 -3.46407e-05 
1.00489 3.65676e-05 0.00522164 0.0025 0.774457 0.928089 2.99288 0.00645614 451 4 1 1.77073e-05 
1.0081 4.49077e-05 0.0135105 0.0025 0.781809 0.928888 2.9674 0.00639543 452 4 1 1.49155e-05 
1.01129 3.18606e-05 0.0211935 0.0025 0.784384 0.928895 2.95969 0.00637443 453 4 1 4.48832e-06 
1.01447 -1.6808e-05 0.0368145 0.0025 0.784892 0.92859 2.95737 0.00637031 454 3 1 1.63496e-06 
1.01766 -0.000132581 0.0659047 0.0025 0.784799 0.928289 2.95701 0.00637106 455 4 1 3.92184e-07 
1.02084 -0.000371601 0.119174 0.0025 0.784445 0.927875 2.95712 0.00637393 456 4 1 -9.24893e-08 
1.02403 -0.000840053 0.218184 0.0025 0.783871 0.927173 2.95711 0.0063786 457 4 1 -4.34005e-07 
1.02722 -0.00174566 0.406324 0.0025 0.782934 0.925867 2.95657 0.00638624 458 4 1 -9.00674e-07 
1.03042 -0.00350466 0.771205 0.0025 0.781286 0.923347 2.9549 0.00639971 459 4 1 -1.75552e-06 
1.03362 -0.00694954 1.48513 0.0025 0.778217 0.918418 2.95102 0.00642494 460 4 1 -3.32589e-06 
1.03684 -0.0137501 2.88551 0.0025 0.772361 0.908811 2.94281 0.00647366 461 4 1 -5.78093e-06 
1.04009 -0.0269909 5.4764 0.0025 0.761335 0.890629 2.9265 0.00656741 462 4 1 -8.7174e-06 
1.04341 -0.0522284 10.292 0.0025 0.741345 0.857895 2.89572 0.0067445 463 4 1 -7.99185e-06 
1.04684 -0.0984819 17.9435 0.0025 0.708035 0.804088 2.8421 0.0070618 464 4 1 4.16618e-06 
1.05048 -0.177244 30.3688 0.0025 0.657473 0.724338 2.75526 0.00760487 465 4 1 4.25468e-05 
1.05446 -0.31014 48.3289 0.0025 0.590428 0.622492 2.62917 0.00846843 466 4 1 0.000135457 
1.05899 -0.485234 50.3484 0.0025 0.523063 0.52378 2.49011 0.00955907 467 4 1 0.000232536 
1.06407 -0.621465 27.1945 0.0025 0.477677 0.459009 2.39103 0.0104673 468 4 1 0.000182906 
1.06947 -0.673913 5.8521 0.0025 0.459289 0.432926 2.35123 0.0108864 469 4 1 5.8445e-05 
1.07496 -0.677752 -1.67749 0.0025 0.456244 0.42817 2.34497 0.010959 470 5 1 7.4446e-06 
1.08043 -0.673246 -0.552574 0.0025 0.45703 0.428971 2.34667 0.0109402 471 4 1 -9.30543e-07 
1.0859 -0.672676 0.0327945 0.0025 0.457365 0.429425 2.34739 0.0109322 472 3 1 -5.96197e-07 
1.09137 -0.672859 0.0520735 0.0025 0.457337 0.429416 2.34738 0.0109329 473 4 1 -1.56144e-08 
1.09683 -0.672995 0.023355 0.0025 0.457289 0.429366 2.34734 0.010934 474 4 1 4.35248e-08 
1.1023 -0.673049 0.00757168 0.0025 0.457261 0.429342 2.34735 0.0109347 475 4 1 2.84813e-08 
1.10777 -0.673067 0.00201732 0.0025 0.457243 0.429333 2.3474 0.0109351 476 4 1 1.68296e-08 
1.11324 -0.673072 0.000435194 0.0025 0.457228 0.429331 2.34746 0.0109355 477 4 1 1.33998e-08 
1.1187 -0.673073 4.65342e-05 0.0025 0.457211 0.42933 2.34755 0.0109359 478 4 1 1.39408e-08 
1.12417 -0.673074 -1.85845e-05 0.0025 0.457192 0.429331 2.34765 0.0109363 479 4 1 1.62425e-08 
1.12964 -0.673074 -2.33431e-06 0.0025 0.457169 0.429331 2.34777 0.0109369 480 4 1 1.9646e-08 
1.13511 -0.673074 2.71083e-05 0.0025 0.457141 0.429331 2.34791 0.0109375 481 4 1 2.40876e-08 
1.14058 -0.673074 5.10849e-05 0.0025 0.457107 0.429331 2.34808 0.0109384 482 4 1 2.97795e-08 
1.14605 -0.673074 6.67512e-05 0.0025 0.457067 0.429331 2.34829 0.0109393 483 4 1 3.70226e-08 
1.15152 -0.673074 7.58224e-05 0.0025 0.457018 0.429331 2.34854 0.0109405 484 4 1 4.6428e-08 
1.15699 -0.673074 8.04837e-05 0.0025 0.456958 0.429332 2.34885 0.0109419 485 4 1 5.88946e-08 
1.16246 -0.673074 8.23439e-05 0.0025 0.456884 0.429332 2.34922 0.0109437 486 4 1 7.55108e-08 
1.16793 -0.673074 8.24802e-05 0.0025 0.456793 0.429333 2.34969 0.0109459 487 4 1 9.8125e-08 
1.1734 -0.673074 8.16494e-05 0.0025 0.456679 0.429334 2.35028 0.0109486 488 4 1 1.31015e-07 
1.17888 -0.673074 8.04074e-05 0.0025 0.456536 0.429335 2.35102 0.0109521 489 4 1 1.77358e-07 
1.18436 -0.673074 7.91677e-05 0.0025 0.456351 0.429338 2.35197 0.0109565 490 4 1 2.4684e-07 
1.18984 -0.673075 7.82503e-05 0.0025 0.456111 0.429343 2.35321 0.0109623 491 4 1 3.49193e-07 
1.19532 -0.673075 7.79115e-05 0.0025 0.455789 0.42935 2.35487 0.01097 492 4 1 5.44455e-07 
1.20081 -0.673075 7.83287e-05 0.0025 0.455345 0.429361 2.35717 0.0109807 493 4 1 8.42994e-07 
1.2063 -0.673076 7.95553e-05 0.0025 0.454722 0.429387 2.36047 0.0109957 494 4 1 1.27163e-06 
1.2118 -0.673076 8.15073e-05 0.0025 0.453642 0.429329 2.36526 0.0110219 495 4 1 3.9128e-06 
1.21732 -0.673076 8.40526e-05 0.0025 0.452459 0.429658 2.37465 0.0110507 496 4 1 -3.01272e-06 
1.22285 -0.673077 8.70945e-05 0.0025 0.447028 0.427287 2.38027 0.011185 497 5 1 5.38094e-05 
1.22851 -0.673077 9.07425e-05 0.0025 0.454326 0.432952 2.44419 0.0110053 498 4 1 -0.000240409 
1.23387 -0.673078 9.47055e-05 0.0025 0.482811 0.424508 2.1555 0.010356 499 4 1 0.000266086 
