# Time [s]: 0.399737
# Columns: pos [m], vel [m/s], acc [m/s^2], mass [kg], dens [kg/m^3], pres [Pa], ene [J/kg], sml [m], id, neighbor, alpha, gradh, ...additional?
1.23317 -0.673078 7.91119e-05 0.0025 0.511058 0.432735 2.15251 0.00978363 0 4 1 -0.000134225 
1.23795 -0.673078 8.20071e-05 0.0025 0.536915 0.426198 1.95005 0.00931246 1 4 1 0.000179253 
1.24248 -0.673079 8.52479e-05 0.0025 0.548246 0.430868 1.96851 0.00912 2 3 1 -1.90585e-05 
1.24707 -0.67308 8.94142e-05 0.0025 0.545981 0.429204 1.96466 0.00915783 3 5 1 3.48564e-06 
1.25164 -0.67308 9.46952e-05 0.0025 0.546379 0.429359 1.96459 0.00915115 4 4 1 -1.3869e-07 
1.25622 -0.673081 0.000100884 0.0025 0.54639 0.429329 1.96436 0.00915097 5 4 1 1.43724e-07 
1.26079 -0.673082 0.000107349 0.0025 0.546413 0.429328 1.9643 0.00915058 6 4 1 -3.5155e-09 
1.26537 -0.673083 0.000113356 0.0025 0.546427 0.429326 1.96424 0.00915036 7 4 1 8.23316e-09 
1.26994 -0.673084 0.000118549 0.0025 0.546441 0.429325 1.96419 0.00915012 8 4 1 4.76535e-09 
1.27452 -0.673085 0.00012329 0.0025 0.546453 0.429324 1.96414 0.00914991 9 4 1 5.47911e-09 
1.27909 -0.673086 0.000128595 0.0025 0.546465 0.429324 1.9641 0.00914972 10 4 1 -2.23744e-09 
1.28367 -0.673087 0.000135643 0.0025 0.546476 0.429324 1.96406 0.00914954 11 4 1 4.72689e-09 
1.28824 -0.673088 0.000145118 0.0025 0.546486 0.429323 1.96402 0.00914936 12 4 1 2.84386e-09 
1.29282 -0.673089 0.000156756 0.0025 0.546495 0.429323 1.96398 0.00914921 13 4 1 3.56059e-09 
1.29739 -0.67309 0.000169362 0.0025 0.546503 0.429323 1.96395 0.00914908 14 4 1 2.10865e-09 
1.30197 -0.673092 0.000181236 0.0025 0.54651 0.429322 1.96393 0.00914896 15 4 1 -1.58725e-09 
1.30654 -0.673093 0.000190694 0.0025 0.546517 0.429322 1.9639 0.00914884 16 4 1 4.90804e-09 
1.31112 -0.673095 0.000196244 0.0025 0.546523 0.429321 1.96387 0.00914874 17 4 1 1.50312e-09 
1.31569 -0.673097 0.00019618 0.0025 0.546529 0.429321 1.96385 0.00914865 18 4 1 -1.1511e-09 
1.32026 -0.673099 0.00018776 0.0025 0.546534 0.42932 1.96383 0.00914855 19 4 1 2.772e-09 
1.32484 -0.673101 0.000166575 0.0025 0.546539 0.429319 1.96381 0.00914847 20 4 1 1.28308e-09 
1.32941 -0.673103 0.000126979 0.0025 0.546544 0.429319 1.96379 0.0091484 21 4 1 1.36036e-09 
1.33399 -0.673106 6.41665e-05 0.0025 0.546548 0.429319 1.96377 0.00914833 22 4 1 1.2915e-09 
1.33856 -0.67311 -2.23467e-05 0.0025 0.546552 0.429318 1.96376 0.00914826 23 4 1 1.26211e-10 
1.34314 -0.673114 -0.000125251 0.0025 0.546556 0.429318 1.96374 0.00914819 24 4 1 1.819e-09 
1.34771 -0.673119 -0.00022808 0.0025 0.54656 0.429319 1.96373 0.00914813 25 4 1 1.07838e-09 
1.35228 -0.673124 -0.000307583 0.0025 0.546564 0.429319 1.96372 0.00914806 26 4 1 -7.72269e-11 
1.35686 -0.67313 -0.000339721 0.0025 0.546568 0.42932 1.96371 0.00914799 27 4 1 1.38883e-09 
1.36143 -0.673137 -0.000307085 0.0025 0.546572 0.42932 1.9637 0.00914793 28 4 1 8.69207e-10 
1.36601 -0.673143 -0.000204526 0.0025 0.546575 0.429321 1.96369 0.00914788 29 4 1 -9.4197e-10 
1.37058 -0.67315 -4.05795e-05 0.0025 0.546578 0.429321 1.96368 0.00914782 30 4 1 1.6889e-10 
1.37515 -0.673156 0.000165635 0.0025 0.546581 0.429321 1.96367 0.00914778 31 4 1 1.51209e-09 
1.37973 -0.673161 0.000390352 0.0025 0.546582 0.429321 1.96366 0.00914775 32 4 1 -1.3728e-09 
1.3843 -0.673166 0.000611498 0.0025 0.546584 0.42932 1.96365 0.00914773 33 4 1 -1.34783e-09 
1.38887 -0.673171 0.000813409 0.0025 0.546584 0.429318 1.96364 0.00914772 34 3 1 1.636e-09 
1.39345 -0.673175 0.000988786 0.0025 0.546584 0.429316 1.96363 0.00914772 35 4 1 -6.27364e-10 
1.39802 -0.673179 0.00113778 0.0025 0.546584 0.429313 1.96362 0.00914773 36 4 1 -1.22758e-09 
1.4026 -0.673183 0.00126504 0.0025 0.546583 0.42931 1.96361 0.00914774 37 4 1 1.14107e-09 
1.40717 -0.673188 0.00137648 0.0025 0.546582 0.429307 1.9636 0.00914776 38 4 1 -1.39531e-10 
1.41174 -0.673192 0.00147755 0.0025 0.54658 0.429303 1.96359 0.00914779 39 4 1 -9.27569e-10 
1.41632 -0.673197 0.00157349 0.0025 0.546578 0.429299 1.96358 0.00914783 40 4 1 5.37185e-10 
1.42089 -0.673202 0.00167024 0.0025 0.546576 0.429295 1.96357 0.00914786 41 4 1 2.69934e-10 
1.42547 -0.673208 0.00177401 0.0025 0.546573 0.429291 1.96356 0.00914791 42 4 1 -8.10046e-10 
1.43004 -0.673215 0.00188892 0.0025 0.54657 0.429286 1.96354 0.00914796 43 4 1 -2.13284e-10 
1.43461 -0.673222 0.00201499 0.0025 0.546567 0.429281 1.96353 0.00914801 44 4 1 7.35475e-10 
1.43919 -0.67323 0.00214939 0.0025 0.546563 0.429275 1.96352 0.00914808 45 4 1 -6.23498e-10 
1.44376 -0.673238 0.00229093 0.0025 0.546559 0.42927 1.96351 0.00914815 46 4 1 -9.97726e-10 
1.44834 -0.673247 0.00244373 0.0025 0.546554 0.429263 1.9635 0.00914822 47 4 1 2.77142e-10 
1.45291 -0.673258 0.00261539 0.0025 0.546549 0.429257 1.96349 0.0091483 48 4 1 -9.20578e-11 
1.45748 -0.673269 0.00281035 0.0025 0.546544 0.42925 1.96347 0.0091484 49 4 1 -1.04085e-09 
1.46206 -0.673282 0.00302608 0.0025 0.546538 0.429242 1.96346 0.00914849 50 4 1 -7.86094e-10 
1.46663 -0.673295 0.00325953 0.0025 0.546532 0.429234 1.96344 0.0091486 51 4 1 9.01831e-11 
1.47121 -0.67331 0.00352006 0.0025 0.546524 0.429225 1.96343 0.00914872 52 4 1 -7.25619e-10 
1.47578 -0.673327 0.00383348 0.0025 0.546516 0.429215 1.96341 0.00914886 53 4 1 -1.62793e-09 
1.48036 -0.673345 0.00422595 0.0025 0.546508 0.429205 1.9634 0.009149 54 4 1 -9.89838e-10 
1.48493 -0.673365 0.00469852 0.0025 0.546498 0.429193 1.96338 0.00914917 55 4 1 -5.88835e-10 
1.48951 -0.673387 0.0052199 0.0025 0.546487 0.42918 1.96336 0.00914935 56 4 1 -1.75724e-09 
1.49408 -0.67341 0.00575304 0.0025 0.546475 0.429165 1.96334 0.00914956 57 4 1 -2.22277e-09 
1.49865 -0.673436 0.00629616 0.0025 0.546461 0.42915 1.96331 0.00914978 58 4 1 -1.09166e-09 
-0.49677 -0.673465 0.00689942 0.0025 0.546446 0.429132 1.96329 0.00915004 59 4 1 -1.58427e-09 
-0.492195 -0.673498 0.00763728 0.0025 0.546429 0.429113 1.96326 0.00915032 60 4 1 -2.67153e-09 
-0.48762 -0.673534 0.00855781 0.0025 0.54641 0.429091 1.96323 0.00915063 61 4 1 -2.96564e-09 
-0.483045 -0.673574 0.00965028 0.0025 0.546389 0.429067 1.9632 0.00915099 62 4 1 -2.77236e-09 
-0.478469 -0.673618 0.0108559 0.0025 0.546365 0.42904 1.96316 0.00915139 63 4 1 -3.44693e-09 
-0.473893 -0.673667 0.0121124 0.0025 0.546338 0.42901 1.96312 0.00915184 64 4 1 -4.07054e-09 
-0.469317 -0.673722 0.0134068 0.0025 0.546308 0.428976 1.96307 0.00915235 65 4 1 -3.84744e-09 
-0.464741 -0.673784 0.0148065 0.0025 0.546275 0.428939 1.96302 0.00915291 66 4 1 -4.07355e-09 
-0.460164 -0.673854 0.016428 0.0025 0.546237 0.428897 1.96296 0.00915353 67 4 1 -4.83312e-09 
-0.455587 -0.673932 0.0183304 0.0025 0.546196 0.428851 1.9629 0.00915422 68 4 1 -5.4595e-09 
-0.45101 -0.674019 0.0204357 0.0025 0.54615 0.4288 1.96283 0.00915499 69 4 1 -5.50047e-09 
-0.446432 -0.674115 0.022605 0.0025 0.5461 0.428744 1.96276 0.00915584 70 4 1 -5.6559e-09 
-0.441854 -0.674219 0.0247758 0.0025 0.546044 0.428682 1.96267 0.00915677 71 4 1 -5.53339e-09 
-0.437276 -0.674333 0.0268993 0.0025 0.545984 0.428615 1.96258 0.00915778 72 4 1 -4.58416e-09 
-0.432696 -0.674453 0.0287254 0.0025 0.545919 0.428544 1.96249 0.00915886 73 4 1 -3.16363e-09 
-0.428117 -0.674581 0.0299102 0.0025 0.545852 0.42847 1.96239 0.00915999 74 4 1 -1.1546e-09 
-0.423536 -0.674713 0.0303946 0.0025 0.545784 0.428394 1.96229 0.00916114 75 4 1 1.40451e-09 
-0.418956 -0.674846 0.0301025 0.0025 0.545716 0.42832 1.96219 0.00916227 76 4 1 4.45763e-09 
-0.414374 -0.674976 0.0286621 0.0025 0.545652 0.428249 1.9621 0.00916334 77 4 1 7.77732e-09 
-0.409792 -0.675096 0.0264556 0.0025 0.545595 0.428186 1.96201 0.00916431 78 4 1 1.0637e-08 
-0.40521 -0.675196 0.0230639 0.0025 0.545546 0.428131 1.96194 0.00916514 79 4 1 1.49429e-08 
-0.400627 -0.675269 0.0164419 0.0025 0.545509 0.428091 1.96188 0.00916575 80 4 1 2.04898e-08 
-0.396044 -0.675317 0.0106882 0.0025 0.545489 0.428069 1.96185 0.00916608 81 5 1 2.77199e-08 
-0.391461 -0.67531 -0.00474117 0.0025 0.545492 0.428072 1.96186 0.00916603 82 4 1 2.95129e-08 
-0.386878 -0.675298 -0.00459314 0.0025 0.545522 0.428107 1.9619 0.00916554 83 4 1 1.18057e-07 
-0.382295 -0.675129 -0.0825231 0.0025 0.545649 0.428253 1.96208 0.0091634 84 4 1 2.77647e-07 
-0.377715 -0.674484 -0.21173 0.0025 0.546 0.428642 1.96258 0.0091575 85 4 1 3.59655e-07 
-0.373138 -0.673265 -0.334578 0.0025 0.546633 0.429338 1.96349 0.0091469 86 4 1 4.09113e-07 
-0.368568 -0.671524 -0.464705 0.0025 0.54757 0.430374 1.96483 0.00913125 87 4 1 5.90511e-07 
-0.364007 -0.669014 -0.692004 0.0025 0.548921 0.431868 1.96677 0.00910878 88 4 1 8.75064e-07 
-0.359459 -0.665371 -0.992062 0.0025 0.55084 0.433986 1.96951 0.00907705 89 4 1 1.03538e-06 
-0.35493 -0.660523 -1.25463 0.0025 0.553358 0.436761 1.97311 0.00903574 90 4 1 1.01422e-06 
-0.350423 -0.654755 -1.43748 0.0025 0.556363 0.440077 1.97739 0.00898694 91 4 1 9.19997e-07 
-0.345943 -0.648394 -1.54948 0.0025 0.559703 0.443776 1.98213 0.00893331 92 4 1 8.59489e-07 
-0.34149 -0.641683 -1.63309 0.0025 0.563276 0.447747 1.98718 0.00887664 93 4 1 9.09542e-07 
-0.337066 -0.634606 -1.74249 0.0025 0.567067 0.451972 1.99252 0.00881731 94 4 1 1.00911e-06 
-0.332672 -0.627128 -1.85777 0.0025 0.571095 0.456474 1.99817 0.00875511 95 4 1 1.09378e-06 
-0.328311 -0.61922 -1.97801 0.0025 0.575367 0.461261 2.00414 0.0086901 96 4 1 1.14402e-06 
-0.323982 -0.610941 -2.08043 0.0025 0.579865 0.466314 2.01039 0.0086227 97 4 1 1.12742e-06 
-0.319688 -0.602391 -2.14762 0.0025 0.584532 0.471574 2.01685 0.00855384 98 4 1 1.07141e-06 
-0.315428 -0.593726 -2.18568 0.0025 0.589302 0.476967 2.02341 0.00848461 99 4 1 9.97946e-07 
-0.311203 -0.585034 -2.19488 0.0025 0.594111 0.482422 2.03 0.00841593 100 4 1 9.14781e-07 
-0.307012 -0.576446 -2.18123 0.0025 0.598905 0.487879 2.03654 0.00834857 101 4 1 8.39752e-07 
-0.302854 -0.568016 -2.15437 0.0025 0.603648 0.493296 2.04297 0.00828297 102 4 1 8.06297e-07 
-0.298729 -0.559729 -2.14179 0.0025 0.608336 0.498667 2.0493 0.00821915 103 4 1 7.84738e-07 
-0.294635 -0.551576 -2.12426 0.0025 0.612974 0.503998 2.05554 0.00815696 104 4 1 7.42151e-07 
-0.290572 -0.543595 -2.09874 0.0025 0.617552 0.509275 2.06167 0.00809648 105 4 1 7.06556e-07 
-0.286538 -0.53577 -2.07491 0.0025 0.622068 0.514497 2.06768 0.00803771 106 4 1 6.98998e-07 
-0.282534 -0.528077 -2.06639 0.0025 0.626533 0.519675 2.07361 0.00798042 107 4 1 6.77726e-07 
-0.278558 -0.520489 -2.04407 0.0025 0.630953 0.524814 2.07944 0.00792452 108 4 1 6.52902e-07 
-0.274609 -0.51304 -2.02988 0.0025 0.635324 0.529912 2.08519 0.00787 109 4 1 6.57416e-07 
-0.270688 -0.505685 -2.02811 0.0025 0.639665 0.534987 2.09088 0.0078166 110 4 1 6.52533e-07 
-0.266793 -0.498392 -2.02189 0.0025 0.643983 0.540051 2.09652 0.00776418 111 4 1 6.30941e-07 
-0.262924 -0.491208 -2.00871 0.0025 0.648276 0.545099 2.10209 0.00771276 112 4 1 6.64616e-07 
-0.25908 -0.484045 -2.03847 0.0025 0.652574 0.550165 2.10766 0.00766197 113 4 1 6.88449e-07 
-0.255261 -0.476853 -2.04954 0.0025 0.656898 0.555275 2.11323 0.00761154 114 4 1 6.76368e-07 
-0.251468 -0.469692 -2.06271 0.0025 0.66124 0.560421 2.11881 0.00756155 115 4 1 7.03199e-07 
-0.2477 -0.462519 -2.09417 0.0025 0.665619 0.565626 2.12441 0.0075118 116 4 1 7.40322e-07 
-0.243956 -0.455256 -2.135 0.0025 0.670059 0.570915 2.13006 0.00746203 117 4 1 7.62044e-07 
-0.240238 -0.447927 -2.17594 0.0025 0.674566 0.576298 2.13579 0.00741217 118 4 1 7.49402e-07 
-0.236544 -0.440545 -2.19556 0.0025 0.679125 0.581757 2.14155 0.00736241 119 4 1 7.3496e-07 
-0.232875 -0.433163 -2.21738 0.0025 0.68372 0.587275 2.14733 0.00731293 120 4 1 7.54336e-07 
-0.229231 -0.42574 -2.25403 0.0025 0.68836 0.592863 2.15315 0.00726364 121 4 1 7.5467e-07 
-0.225612 -0.418277 -2.27478 0.0025 0.693043 0.598515 2.15899 0.00721456 122 4 1 7.17755e-07 
-0.222016 -0.410843 -2.27542 0.0025 0.697739 0.604201 2.16483 0.007166 123 4 1 7.11911e-07 
-0.218445 -0.403447 -2.29557 0.0025 0.702446 0.609914 2.17066 0.00711799 124 4 1 7.15392e-07 
-0.214898 -0.396045 -2.30787 0.0025 0.707169 0.615662 2.17649 0.00707045 125 4 1 6.77285e-07 
-0.211375 -0.388701 -2.29673 0.0025 0.711883 0.621415 2.18228 0.00702362 126 4 1 6.59418e-07 
-0.207875 -0.38144 -2.29986 0.0025 0.716582 0.627166 2.18803 0.00697756 127 4 1 6.78499e-07 
-0.204397 -0.374185 -2.31854 0.0025 0.721287 0.632938 2.19377 0.00693205 128 4 1 6.59982e-07 
-0.200943 -0.366977 -2.31069 0.0025 0.72599 0.638723 2.19948 0.00688715 129 4 1 6.48858e-07 
-0.19751 -0.359806 -2.32372 0.0025 0.730686 0.644514 2.20516 0.00684288 130 4 1 6.35696e-07 
-0.1941 -0.352701 -2.3131 0.0025 0.735374 0.65031 2.2108 0.00679926 131 4 1 6.21841e-07 
-0.190711 -0.345671 -2.31956 0.0025 0.740048 0.656105 2.21641 0.00675632 132 4 1 6.34832e-07 
-0.187343 -0.338648 -2.33241 0.0025 0.744726 0.661918 2.22201 0.00671388 133 4 1 6.18326e-07 
-0.183997 -0.331662 -2.32927 0.0025 0.749399 0.667739 2.22757 0.00667201 134 4 1 5.84982e-07 
-0.180671 -0.324739 -2.31497 0.0025 0.754049 0.673546 2.23309 0.00663087 135 4 1 5.79314e-07 
-0.177366 -0.317913 -2.31586 0.0025 0.758679 0.679345 2.23856 0.0065904 136 4 1 6.13337e-07 
-0.174081 -0.311081 -2.34613 0.0025 0.763323 0.685173 2.24403 0.00655031 137 4 1 6.15948e-07 
-0.170815 -0.304227 -2.35515 0.0025 0.767984 0.691036 2.24951 0.00651055 138 4 1 5.51358e-07 
-0.16757 -0.297474 -2.3208 0.0025 0.772617 0.696879 2.25492 0.00647151 139 4 1 5.35374e-07 
-0.164344 -0.290818 -2.32229 0.0025 0.777217 0.702697 2.26028 0.00643321 140 4 1 5.81717e-07 
-0.161137 -0.284155 -2.35098 0.0025 0.781829 0.708541 2.26564 0.00639526 141 4 1 5.85043e-07 
-0.157949 -0.277492 -2.36068 0.0025 0.786458 0.714419 2.27099 0.00635762 142 4 1 5.3796e-07 
-0.154779 -0.270886 -2.34092 0.0025 0.79107 0.72029 2.27631 0.00632055 143 4 1 5.07256e-07 
-0.151628 -0.26437 -2.32644 0.0025 0.795647 0.726133 2.28157 0.00628419 144 4 1 5.27235e-07 
-0.148495 -0.257929 -2.3394 0.0025 0.800215 0.731977 2.2868 0.00624832 145 4 1 5.63522e-07 
-0.14538 -0.251427 -2.37181 0.0025 0.804806 0.737862 2.29204 0.00621268 146 4 1 5.47337e-07 
-0.142282 -0.244967 -2.36913 0.0025 0.809409 0.743776 2.29727 0.00617735 147 4 1 5.01571e-07 
-0.139202 -0.238546 -2.3536 0.0025 0.81399 0.749675 2.30247 0.00614258 148 4 1 4.76687e-07 
-0.136139 -0.232224 -2.33478 0.0025 0.818537 0.755545 2.3076 0.00610846 149 4 1 5.01628e-07 
-0.133094 -0.225956 -2.35675 0.0025 0.823076 0.761419 2.31271 0.00607477 150 4 1 5.26487e-07 
-0.130065 -0.219651 -2.3735 0.0025 0.827634 0.767328 2.31782 0.00604132 151 4 1 5.12212e-07 
-0.127052 -0.213378 -2.3809 0.0025 0.832201 0.77326 2.32293 0.00600817 152 4 1 4.74513e-07 
-0.124056 -0.207144 -2.35976 0.0025 0.836747 0.779179 2.328 0.00597552 153 4 1 4.37771e-07 
-0.121077 -0.201026 -2.33422 0.0025 0.841251 0.785058 2.333 0.00594353 154 4 1 4.66918e-07 
-0.118113 -0.194948 -2.356 0.0025 0.845744 0.790937 2.33798 0.00591196 155 4 1 5.13597e-07 
-0.115165 -0.18883 -2.39147 0.0025 0.850271 0.79687 2.34297 0.00588048 156 4 1 5.12463e-07 
-0.112232 -0.182694 -2.41105 0.0025 0.854828 0.802853 2.34799 0.00584913 157 4 1 4.49549e-07 
-0.109316 -0.176594 -2.37556 0.0025 0.859364 0.808821 2.35297 0.00581826 158 4 1 3.82523e-07 
-0.106414 -0.170675 -2.3253 0.0025 0.86383 0.814713 2.35785 0.00578818 159 4 1 4.28905e-07 
-0.103527 -0.164791 -2.35781 0.0025 0.868275 0.820592 2.36269 0.00575855 160 4 1 4.95763e-07 
-0.100655 -0.158864 -2.39721 0.0025 0.872763 0.826537 2.36757 0.00572893 161 4 1 5.13335e-07 
-0.0977984 -0.152852 -2.44617 0.0025 0.877304 0.83256 2.37249 0.00569928 162 4 1 4.09504e-07 
-0.0949561 -0.146908 -2.36383 0.0025 0.881811 0.83855 2.37736 0.00567015 163 4 1 3.24238e-07 
-0.0921282 -0.141193 -2.31555 0.0025 0.886217 0.844424 2.3821 0.00564196 164 4 1 3.87674e-07 
-0.0893141 -0.135517 -2.33036 0.0025 0.890592 0.85027 2.3868 0.00561425 165 4 1 5.00439e-07 
-0.0865139 -0.129788 -2.42602 0.0025 0.895039 0.856222 2.39156 0.00558635 166 4 1 5.3925e-07 
-0.0837277 -0.123854 -2.48117 0.0025 0.899584 0.86231 2.39641 0.00555812 167 4 1 3.92933e-07 
-0.0809557 -0.118034 -2.39234 0.0025 0.904096 0.868367 2.40121 0.00553038 168 4 1 2.87531e-07 
-0.0781973 -0.112431 -2.32304 0.0025 0.908487 0.874278 2.40587 0.00550366 169 4 1 3.01256e-07 
-0.0754521 -0.106989 -2.27909 0.0025 0.912791 0.880089 2.41042 0.0054777 170 4 1 4.74969e-07 
-0.0727196 -0.10149 -2.43598 0.0025 0.917167 0.886006 2.41503 0.00545157 171 4 1 5.68097e-07 
-0.0700004 -0.0956698 -2.50639 0.0025 0.921691 0.892122 2.41979 0.00542481 172 4 1 3.6079e-07 
-0.0672947 -0.09001 -2.38768 0.0025 0.926177 0.898202 2.4245 0.00539854 173 4 1 2.70807e-07 
-0.0646019 -0.0845717 -2.34757 0.0025 0.930538 0.90413 2.42906 0.00537324 174 4 1 2.8336e-07 
-0.0619215 -0.0792471 -2.2776 0.0025 0.93481 0.909947 2.43351 0.00534868 175 4 1 3.10116e-07 
-0.0592532 -0.074127 -2.28084 0.0025 0.939044 0.915734 2.43791 0.00532457 176 4 1 6.39393e-07 
-0.0565969 -0.0686689 -2.62554 0.0025 0.943508 0.921836 2.44254 0.00529937 177 4 1 5.86231e-07 
-0.0539538 -0.0628172 -2.55275 0.0025 0.948146 0.928164 2.44735 0.00527345 178 4 1 5.74004e-08 
-0.0513234 -0.0577127 -2.18273 0.0025 0.952501 0.934143 2.45183 0.00524934 179 4 1 2.90796e-07 
-0.0487044 -0.0528874 -2.43357 0.0025 0.956762 0.940019 2.4562 0.00522596 180 4 1 6.71399e-07 
-0.0460974 -0.0475128 -2.61863 0.0025 0.961284 0.946228 2.46085 0.00520138 181 4 1 2.03588e-07 
-0.043503 -0.0426224 -2.21411 0.0025 0.965686 0.952295 2.46535 0.00517767 182 4 1 2.46247e-07 
-0.0409197 -0.0383204 -2.40599 0.0025 0.96999 0.958274 2.46972 0.00515469 183 4 1 1.04237e-06 
-0.0383483 -0.033122 -3.0977 0.0025 0.974858 0.965007 2.47469 0.00512895 184 4 1 6.54952e-07 
-0.0357907 -0.0277056 -2.75775 0.0025 0.97993 0.971993 2.47985 0.00510241 185 4 1 -5.19035e-07 
-0.0332458 -0.0241608 -1.80058 0.0025 0.984189 0.977926 2.48413 0.00508032 186 4 1 8.40707e-08 
-0.0307104 -0.0216129 -2.30958 0.0025 0.988214 0.983602 2.48815 0.00505963 187 4 1 1.87295e-06 
-0.0281862 -0.0171367 -3.83191 0.0025 0.993559 0.991058 2.49357 0.00503241 188 4 1 1.45973e-06 
-0.0256779 -0.0112967 -3.65401 0.0025 0.999739 0.999594 2.49982 0.00500131 189 4 1 -1.17146e-06 
-0.0231848 -0.00845802 -1.64263 0.0025 1.00443 1.00615 2.50446 0.00497793 190 4 1 -1.0915e-06 
-0.0207 -0.00862655 -1.34983 0.0025 1.00777 1.01098 2.50771 0.00496143 191 4 1 2.48662e-06 
-0.0182234 -0.00574044 -4.50074 0.0025 1.01298 1.01832 2.51295 0.00493591 192 4 1 2.08438e-06 
-0.015764 0.000166042 -3.88415 0.0025 1.01968 1.0276 2.51966 0.0049035 193 4 1 -1.62658e-06 
-0.0133198 0.00194919 -1.68198 0.0025 1.02442 1.03428 2.5243 0.00488083 194 4 1 -1.41127e-06 
-0.0108832 0.00127987 -1.12273 0.0025 1.02734 1.03852 2.52714 0.00486692 195 4 1 6.44133e-07 
-0.00845291 0.00171467 -2.39177 0.0025 1.0306 1.04312 2.53037 0.00485153 196 4 1 2.14907e-07 
-0.00603163 0.00259377 -1.71049 0.0025 1.03386 1.0477 2.5336 0.00483623 197 4 1 -9.88699e-07 
-0.00361667 0.00214555 -1.04006 0.0025 1.03596 1.05069 2.53566 0.00482643 198 4 1 -8.97028e-07 
-0.00120519 0.000826445 -0.342818 0.0025 1.03694 1.05209 2.53662 0.00482186 199 3 1 -8.0286e-07 
0.00120519 -0.000826445 0.342818 0.0025 1.03694 1.05209 2.53662 0.00482186 200 3 1 -8.0286e-07 
0.00361667 -0.00214555 1.04006 0.0025 1.03596 1.05069 2.53566 0.00482643 201 4 1 -8.97028e-07 
0.00603163 -0.00259377 1.71049 0.0025 1.03386 1.0477 2.5336 0.00483623 202 4 1 -9.88699e-07 
0.00845291 -0.00171467 2.39177 0.0025 1.0306 1.04312 2.53037 0.00485153 203 4 1 2.14907e-07 
0.0108832 -0.00127987 1.12273 0.0025 1.02734 1.03852 2.52714 0.00486692 204 4 1 6.44133e-07 
0.0133198 -0.00194919 1.68198 0.0025 1.02442 1.03428 2.5243 0.00488083 205 4 1 -1.41127e-06 
0.015764 -0.000166042 3.88415 0.0025 1.01968 1.0276 2.51966 0.0049035 206 4 1 -1.62658e-06 
0.0182234 0.00574044 4.50074 0.0025 1.01298 1.01832 2.51295 0.00493591 207 4 1 2.08438e-06 
0.0207 0.00862655 1.34983 0.0025 1.00777 1.01098 2.50771 0.00496143 208 4 1 2.48662e-06 
0.0231848 0.00845802 1.64263 0.0025 1.00443 1.00615 2.50446 0.00497793 209 4 1 -1.0915e-06 
0.0256779 0.0112967 3.65401 0.0025 0.999739 0.999594 2.49982 0.00500131 210 4 1 -1.17146e-06 
0.0281862 0.0171367 3.83191 0.0025 0.993559 0.991058 2.49357 0.00503241 211 4 1 1.45973e-06 
0.0307104 0.0216129 2.30958 0.0025 0.988214 0.983602 2.48815 0.00505963 212 4 1 1.87295e-06 
0.0332458 0.0241608 1.80058 0.0025 0.984189 0.977926 2.48413 0.00508032 213 4 1 8.40707e-08 
0.0357907 0.0277056 2.75775 0.0025 0.97993 0.971993 2.47985 0.00510241 214 4 1 -5.19035e-07 
0.0383483 0.033122 3.0977 0.0025 0.974858 0.965007 2.47469 0.00512895 215 4 1 6.54952e-07 
0.0409197 0.0383204 2.40599 0.0025 0.96999 0.958274 2.46972 0.00515469 216 4 1 1.04237e-06 
0.043503 0.0426224 2.21411 0.0025 0.965686 0.952295 2.46535 0.00517767 217 4 1 2.46247e-07 
0.0460974 0.0475128 2.61863 0.0025 0.961284 0.946228 2.46085 0.00520138 218 4 1 2.03588e-07 
0.0487044 0.0528874 2.43357 0.0025 0.956762 0.940019 2.4562 0.00522596 219 4 1 6.71399e-07 
0.0513234 0.0577127 2.18273 0.0025 0.952501 0.934143 2.45183 0.00524934 220 4 1 2.90796e-07 
0.0539538 0.0628172 2.55275 0.0025 0.948146 0.928164 2.44735 0.00527345 221 4 1 5.74004e-08 
0.0565969 0.0686689 2.62554 0.0025 0.943508 0.921836 2.44254 0.00529937 222 4 1 5.86231e-07 
0.0592532 0.074127 2.28084 0.0025 0.939044 0.915734 2.43791 0.00532457 223 4 1 6.39393e-07 
0.0619215 0.0792471 2.2776 0.0025 0.93481 0.909947 2.43351 0.00534868 224 4 1 3.10116e-07 
0.0646019 0.0845717 2.34757 0.0025 0.930538 0.90413 2.42906 0.00537324 225 4 1 2.8336e-07 
0.0672947 0.09001 2.38768 0.0025 0.926177 0.898202 2.4245 0.00539854 226 4 1 2.70807e-07 
0.0700004 0.0956698 2.50639 0.0025 0.921691 0.892122 2.41979 0.00542481 227 4 1 3.6079e-07 
0.0727196 0.10149 2.43598 0.0025 0.917167 0.886006 2.41503 0.00545157 228 4 1 5.68097e-07 
0.0754521 0.106989 2.27909 0.0025 0.912791 0.880089 2.41042 0.0054777 229 4 1 4.74969e-07 
0.0781973 0.112431 2.32304 0.0025 0.908487 0.874278 2.40587 0.00550366 230 4 1 3.01256e-07 
0.0809557 0.118034 2.39234 0.0025 0.904096 0.868367 2.40121 0.00553038 231 4 1 2.87531e-07 
0.0837277 0.123854 2.48117 0.0025 0.899584 0.86231 2.39641 0.00555812 232 4 1 3.92933e-07 
0.0865139 0.129788 2.42602 0.0025 0.895039 0.856222 2.39156 0.00558635 233 4 1 5.3925e-07 
0.0893141 0.135517 2.33036 0.0025 0.890592 0.85027 2.3868 0.00561425 234 4 1 5.00439e-07 
0.0921282 0.141193 2.31555 0.0025 0.886217 0.844424 2.3821 0.00564196 235 4 1 3.87674e-07 
0.0949561 0.146908 2.36383 0.0025 0.881811 0.83855 2.37736 0.00567015 236 4 1 3.24238e-07 
0.0977984 0.152852 2.44617 0.0025 0.877304 0.83256 2.37249 0.00569928 237 4 1 4.09504e-07 
0.100655 0.158864 2.39721 0.0025 0.872763 0.826537 2.36757 0.00572893 238 4 1 5.13335e-07 
0.103527 0.164791 2.35781 0.0025 0.868275 0.820592 2.36269 0.00575855 239 4 1 4.95763e-07 
0.106414 0.170675 2.3253 0.0025 0.86383 0.814713 2.35785 0.00578818 240 4 1 4.28905e-07 
0.109316 0.176594 2.37556 0.0025 0.859364 0.808821 2.35297 0.00581826 241 4 1 3.82523e-07 
0.112232 0.182694 2.41105 0.0025 0.854828 0.802853 2.34799 0.00584913 242 4 1 4.49549e-07 
0.115165 0.18883 2.39147 0.0025 0.850271 0.79687 2.34297 0.00588048 243 4 1 5.12463e-07 
0.118113 0.194948 2.356 0.0025 0.845744 0.790937 2.33798 0.00591196 244 4 1 5.13597e-07 
0.121077 0.201026 2.33422 0.0025 0.841251 0.785058 2.333 0.00594353 245 4 1 4.66918e-07 
0.124056 0.207144 2.35976 0.0025 0.836747 0.779179 2.328 0.00597552 246 4 1 4.37771e-07 
0.127052 0.213378 2.3809 0.0025 0.832201 0.77326 2.32293 0.00600817 247 4 1 4.74513e-07 
0.130065 0.219651 2.3735 0.0025 0.827634 0.767328 2.31782 0.00604132 248 4 1 5.12212e-07 
0.133094 0.225956 2.35675 0.0025 0.823076 0.761419 2.31271 0.00607477 249 4 1 5.26487e-07 
0.136139 0.232224 2.33478 0.0025 0.818537 0.755545 2.3076 0.00610846 250 4 1 5.01628e-07 
0.139202 0.238546 2.3536 0.0025 0.81399 0.749675 2.30247 0.00614258 251 4 1 4.76687e-07 
0.142282 0.244967 2.36913 0.0025 0.809409 0.743776 2.29727 0.00617735 252 4 1 5.01571e-07 
0.14538 0.251427 2.37181 0.0025 0.804806 0.737862 2.29204 0.00621268 253 4 1 5.47337e-07 
0.148495 0.257929 2.3394 0.0025 0.800215 0.731977 2.2868 0.00624832 254 4 1 5.63522e-07 
0.151628 0.26437 2.32644 0.0025 0.795647 0.726133 2.28157 0.00628419 255 4 1 5.27235e-07 
0.154779 0.270886 2.34092 0.0025 0.79107 0.72029 2.27631 0.00632055 256 4 1 5.07256e-07 
0.157949 0.277492 2.36068 0.0025 0.786458 0.714419 2.27099 0.00635762 257 4 1 5.3796e-07 
0.161137 0.284155 2.35098 0.0025 0.781829 0.708541 2.26564 0.00639526 258 4 1 5.85043e-07 
0.164344 0.290818 2.32229 0.0025 0.777217 0.702697 2.26028 0.00643321 259 4 1 5.81717e-07 
0.16757 0.297474 2.3208 0.0025 0.772617 0.696879 2.25492 0.00647151 260 4 1 5.35374e-07 
0.170815 0.304227 2.35515 0.0025 0.767984 0.691036 2.24951 0.00651055 261 4 1 5.51358e-07 
0.174081 0.311081 2.34613 0.0025 0.763323 0.685173 2.24403 0.00655031 262 4 1 6.15948e-07 
0.177366 0.317913 2.31586 0.0025 0.758679 0.679345 2.23856 0.0065904 263 4 1 6.13337e-07 
0.180671 0.324739 2.31497 0.0025 0.754049 0.673546 2.23309 0.00663087 264 4 1 5.79314e-07 
0.183997 0.331662 2.32927 0.0025 0.749399 0.667739 2.22757 0.00667201 265 4 1 5.84982e-07 
0.187343 0.338648 2.33241 0.0025 0.744726 0.661918 2.22201 0.00671388 266 4 1 6.18326e-07 
0.190711 0.345671 2.31956 0.0025 0.740048 0.656105 2.21641 0.00675632 267 4 1 6.34832e-07 
0.1941 0.352701 2.3131 0.0025 0.735374 0.65031 2.2108 0.00679926 268 4 1 6.21841e-07 
0.19751 0.359806 2.32372 0.0025 0.730686 0.644514 2.20516 0.00684288 269 4 1 6.35696e-07 
0.200943 0.366977 2.31069 0.0025 0.72599 0.638723 2.19948 0.00688715 270 4 1 6.48858e-07 
0.204397 0.374185 2.31854 0.0025 0.721287 0.632938 2.19377 0.00693205 271 4 1 6.59982e-07 
0.207875 0.38144 2.29986 0.0025 0.716582 0.627166 2.18803 0.00697756 272 4 1 6.78499e-07 
0.211375 0.388701 2.29673 0.0025 0.711883 0.621415 2.18228 0.00702362 273 4 1 6.59418e-07 
0.214898 0.396045 2.30787 0.0025 0.707169 0.615662 2.17649 0.00707045 274 4 1 6.77285e-07 
0.218445 0.403447 2.29557 0.0025 0.702446 0.609914 2.17066 0.00711799 275 4 1 7.15392e-07 
0.222016 0.410843 2.27542 0.0025 0.697739 0.604201 2.16483 0.007166 276 4 1 7.11911e-07 
0.225612 0.418277 2.27478 0.0025 0.693043 0.598515 2.15899 0.00721456 277 4 1 7.17755e-07 
0.229231 0.42574 2.25403 0.0025 0.68836 0.592863 2.15315 0.00726364 278 4 1 7.5467e-07 
0.232875 0.433163 2.21738 0.0025 0.68372 0.587275 2.14733 0.00731293 279 4 1 7.54336e-07 
0.236544 0.440545 2.19556 0.0025 0.679125 0.581757 2.14155 0.00736241 280 4 1 7.3496e-07 
0.240238 0.447927 2.17594 0.0025 0.674566 0.576298 2.13579 0.00741217 281 4 1 7.49402e-07 
0.243956 0.455256 2.135 0.0025 0.670059 0.570915 2.13006 0.00746203 282 4 1 7.62044e-07 
0.2477 0.462519 2.09417 0.0025 0.665619 0.565626 2.12441 0.0075118 283 4 1 7.40322e-07 
0.251468 0.469692 2.06271 0.0025 0.66124 0.560421 2.11881 0.00756155 284 4 1 7.03199e-07 
0.255261 0.476853 2.04954 0.0025 0.656898 0.555275 2.11323 0.00761154 285 4 1 6.76368e-07 
0.25908 0.484045 2.03847 0.0025 0.652574 0.550165 2.10766 0.00766197 286 4 1 6.88449e-07 
0.262924 0.491208 2.00871 0.0025 0.648276 0.545099 2.10209 0.00771276 287 4 1 6.64616e-07 
0.266793 0.498392 2.02189 0.0025 0.643983 0.540051 2.09652 0.00776418 288 4 1 6.30941e-07 
0.270688 0.505685 2.02811 0.0025 0.639665 0.534987 2.09088 0.0078166 289 4 1 6.52533e-07 
0.274609 0.51304 2.02988 0.0025 0.635324 0.529912 2.08519 0.00787 290 4 1 6.57416e-07 
0.278558 0.520489 2.04407 0.0025 0.630953 0.524814 2.07944 0.00792452 291 4 1 6.52902e-07 
0.282534 0.528077 2.06639 0.0025 0.626533 0.519675 2.07361 0.00798042 292 4 1 6.77726e-07 
0.286538 0.53577 2.07491 0.0025 0.622068 0.514497 2.06768 0.00803771 293 4 1 6.98998e-07 
0.290572 0.543595 2.09874 0.0025 0.617552 0.509275 2.06167 0.00809648 294 4 1 7.06556e-07 
0.294635 0.551576 2.12426 0.0025 0.612974 0.503998 2.05554 0.00815696 295 4 1 7.42151e-07 
0.298729 0.559729 2.14179 0.0025 0.608336 0.498667 2.0493 0.00821915 296 4 1 7.84738e-07 
0.302854 0.568016 2.15437 0.0025 0.603648 0.493296 2.04297 0.00828297 297 4 1 8.06297e-07 
0.307012 0.576446 2.18123 0.0025 0.598905 0.487879 2.03654 0.00834857 298 4 1 8.39752e-07 
0.311203 0.585034 2.19488 0.0025 0.594111 0.482422 2.03 0.00841593 299 4 1 9.14781e-07 
0.315428 0.593726 2.18568 0.0025 0.589302 0.476967 2.02341 0.00848461 300 4 1 9.97946e-07 
0.319688 0.602391 2.14762 0.0025 0.584532 0.471574 2.01685 0.00855384 301 4 1 1.07141e-06 
0.323982 0.610941 2.08043 0.0025 0.579865 0.466314 2.01039 0.0086227 302 4 1 1.12742e-06 
0.328311 0.61922 1.97801 0.0025 0.575367 0.461261 2.00414 0.0086901 303 4 1 1.14402e-06 
0.332672 0.627128 1.85777 0.0025 0.571095 0.456474 1.99817 0.00875511 304 4 1 1.09378e-06 
0.337066 0.634606 1.74249 0.0025 0.567067 0.451972 1.99252 0.00881731 305 4 1 1.00911e-06 
0.34149 0.641683 1.63309 0.0025 0.563276 0.447747 1.98718 0.00887664 306 4 1 9.09542e-07 
0.345943 0.648394 1.54948 0.0025 0.559703 0.443776 1.98213 0.00893331 307 4 1 8.59489e-07 
0.350423 0.654755 1.43748 0.0025 0.556363 0.440077 1.97739 0.00898694 308 4 1 9.19997e-07 
0.35493 0.660523 1.25463 0.0025 0.553358 0.436761 1.97311 0.00903574 309 4 1 1.01422e-06 
0.359459 0.665371 0.992062 0.0025 0.55084 0.433986 1.96951 0.00907705 310 4 1 1.03538e-06 
0.364007 0.669014 0.692004 0.0025 0.548921 0.431868 1.96677 0.00910878 311 4 1 8.75064e-07 
0.368568 0.671524 0.464705 0.0025 0.54757 0.430374 1.96483 0.00913125 312 4 1 5.90511e-07 
0.373138 0.673265 0.334578 0.0025 0.546633 0.429338 1.96349 0.0091469 313 4 1 4.09113e-07 
0.377715 0.674484 0.21173 0.0025 0.546 0.428642 1.96258 0.0091575 314 4 1 3.59655e-07 
0.382295 0.675129 0.0825231 0.0025 0.545649 0.428253 1.96208 0.0091634 315 4 1 2.77647e-07 
0.386878 0.675298 0.00459314 0.0025 0.545522 0.428107 1.9619 0.00916554 316 4 1 1.18057e-07 
0.391461 0.67531 0.00474117 0.0025 0.545492 0.428072 1.96186 0.00916603 317 4 1 2.95129e-08 
0.396044 0.675317 -0.0106882 0.0025 0.545489 0.428069 1.96185 0.00916608 318 5 1 2.77199e-08 
0.400627 0.675269 -0.0164419 0.0025 0.545509 0.428091 1.96188 0.00916575 319 4 1 2.04898e-08 
0.40521 0.675196 -0.0230639 0.0025 0.545546 0.428131 1.96194 0.00916514 320 4 1 1.49429e-08 
0.409792 0.675096 -0.0264556 0.0025 0.545595 0.428186 1.96201 0.00916431 321 4 1 1.0637e-08 
0.414374 0.674976 -0.0286621 0.0025 0.545652 0.428249 1.9621 0.00916334 322 4 1 7.77732e-09 
0.418956 0.674846 -0.0301025 0.0025 0.545716 0.42832 1.96219 0.00916227 323 4 1 4.45763e-09 
0.423536 0.674713 -0.0303946 0.0025 0.545784 0.428394 1.96229 0.00916114 324 4 1 1.40451e-09 
0.428117 0.674581 -0.0299102 0.0025 0.545852 0.42847 1.96239 0.00915999 325 4 1 -1.1546e-09 
0.432696 0.674453 -0.0287254 0.0025 0.545919 0.428544 1.96249 0.00915886 326 4 1 -3.16363e-09 
0.437276 0.674333 -0.0268993 0.0025 0.545984 0.428615 1.96258 0.00915778 327 4 1 -4.58416e-09 
0.441854 0.674219 -0.0247758 0.0025 0.546044 0.428682 1.96267 0.00915677 328 4 1 -5.53339e-09 
0.446432 0.674115 -0.022605 0.0025 0.5461 0.428744 1.96276 0.00915584 329 4 1 -5.6559e-09 
0.45101 0.674019 -0.0204357 0.0025 0.54615 0.4288 1.96283 0.00915499 330 4 1 -5.50047e-09 
0.455587 0.673932 -0.0183304 0.0025 0.546196 0.428851 1.9629 0.00915422 331 4 1 -5.4595e-09 
0.460164 0.673854 -0.016428 0.0025 0.546237 0.428897 1.96296 0.00915353 332 4 1 -4.83312e-09 
0.464741 0.673784 -0.0148065 0.0025 0.546275 0.428939 1.96302 0.00915291 333 4 1 -4.07355e-09 
0.469317 0.673722 -0.0134068 0.0025 0.546308 0.428976 1.96307 0.00915235 334 4 1 -3.84744e-09 
0.473893 0.673667 -0.0121124 0.0025 0.546338 0.42901 1.96312 0.00915184 335 4 1 -4.07054e-09 
0.478469 0.673618 -0.0108559 0.0025 0.546365 0.42904 1.96316 0.00915139 336 4 1 -3.44693e-09 
0.483045 0.673574 -0.00965028 0.0025 0.546389 0.429067 1.9632 0.00915099 337 4 1 -2.77236e-09 
0.48762 0.673534 -0.00855781 0.0025 0.54641 0.429091 1.96323 0.00915063 338 4 1 -2.96564e-09 
0.492195 0.673498 -0.00763728 0.0025 0.546429 0.429113 1.96326 0.00915032 339 4 1 -2.67152e-09 
0.49677 0.673465 -0.00689942 0.0025 0.546446 0.429132 1.96329 0.00915004 340 4 1 -1.58427e-09 
0.501345 0.673436 -0.00629616 0.0025 0.546461 0.42915 1.96331 0.00914978 341 4 1 -1.09166e-09 
0.50592 0.67341 -0.00575304 0.0025 0.546475 0.429165 1.96334 0.00914956 342 4 1 -2.22277e-09 
0.510495 0.673387 -0.0052199 0.0025 0.546487 0.42918 1.96336 0.00914935 343 4 1 -1.75724e-09 
0.515069 0.673365 -0.00469852 0.0025 0.546498 0.429193 1.96338 0.00914917 344 4 1 -5.88836e-10 
0.519644 0.673345 -0.00422595 0.0025 0.546508 0.429205 1.9634 0.009149 345 4 1 -9.89838e-10 
0.524218 0.673327 -0.00383348 0.0025 0.546516 0.429215 1.96341 0.00914886 346 4 1 -1.62793e-09 
0.528793 0.67331 -0.00352006 0.0025 0.546524 0.429225 1.96343 0.00914872 347 4 1 -7.25619e-10 
0.533367 0.673295 -0.00325953 0.0025 0.546532 0.429234 1.96344 0.0091486 348 4 1 9.01829e-11 
0.537941 0.673282 -0.00302608 0.0025 0.546538 0.429242 1.96346 0.00914849 349 4 1 -7.86093e-10 
0.542516 0.673269 -0.00281035 0.0025 0.546544 0.42925 1.96347 0.0091484 350 4 1 -1.04085e-09 
0.54709 0.673258 -0.00261539 0.0025 0.546549 0.429257 1.96349 0.0091483 351 4 1 -9.20579e-11 
0.551664 0.673247 -0.00244373 0.0025 0.546554 0.429263 1.9635 0.00914822 352 4 1 2.77141e-10 
0.556238 0.673238 -0.00229093 0.0025 0.546559 0.42927 1.96351 0.00914815 353 4 1 -9.97726e-10 
0.560812 0.67323 -0.00214939 0.0025 0.546563 0.429275 1.96352 0.00914808 354 4 1 -6.23497e-10 
0.565386 0.673222 -0.00201499 0.0025 0.546567 0.429281 1.96353 0.00914801 355 4 1 7.35475e-10 
0.56996 0.673215 -0.00188892 0.0025 0.54657 0.429286 1.96354 0.00914796 356 4 1 -2.13284e-10 
0.574534 0.673208 -0.00177401 0.0025 0.546573 0.429291 1.96356 0.00914791 357 4 1 -8.10046e-10 
0.579108 0.673202 -0.00167024 0.0025 0.546576 0.429295 1.96357 0.00914786 358 4 1 2.69934e-10 
0.583682 0.673197 -0.00157349 0.0025 0.546578 0.429299 1.96358 0.00914783 359 4 1 5.37184e-10 
0.588256 0.673192 -0.00147755 0.0025 0.54658 0.429303 1.96359 0.00914779 360 4 1 -9.2757e-10 
0.59283 0.673188 -0.00137648 0.0025 0.546582 0.429307 1.9636 0.00914776 361 4 1 -1.3953e-10 
0.597404 0.673183 -0.00126504 0.0025 0.546583 0.42931 1.96361 0.00914774 362 4 1 1.14107e-09 
0.601977 0.673179 -0.00113778 0.0025 0.546584 0.429313 1.96362 0.00914773 363 4 1 -1.22758e-09 
0.606551 0.673175 -0.000988786 0.0025 0.546584 0.429316 1.96363 0.00914772 364 4 1 -6.27364e-10 
0.611125 0.673171 -0.000813409 0.0025 0.546584 0.429318 1.96364 0.00914772 365 3 1 1.636e-09 
0.615699 0.673166 -0.000611498 0.0025 0.546584 0.42932 1.96365 0.00914773 366 4 1 -1.34783e-09 
0.620273 0.673161 -0.000390352 0.0025 0.546582 0.429321 1.96366 0.00914775 367 4 1 -1.3728e-09 
0.624847 0.673156 -0.000165635 0.0025 0.546581 0.429321 1.96367 0.00914778 368 4 1 1.51209e-09 
0.629421 0.67315 4.05795e-05 0.0025 0.546578 0.429321 1.96368 0.00914782 369 4 1 1.6889e-10 
0.633995 0.673143 0.000204526 0.0025 0.546575 0.429321 1.96369 0.00914788 370 4 1 -9.4197e-10 
0.638569 0.673137 0.000307085 0.0025 0.546572 0.42932 1.9637 0.00914793 371 4 1 8.69207e-10 
0.643143 0.67313 0.000339721 0.0025 0.546568 0.42932 1.96371 0.00914799 372 4 1 1.38883e-09 
0.647717 0.673124 0.000307583 0.0025 0.546564 0.429319 1.96372 0.00914806 373 4 1 -7.72268e-11 
0.652291 0.673119 0.00022808 0.0025 0.54656 0.429319 1.96373 0.00914813 374 4 1 1.07838e-09 
0.656865 0.673114 0.000125251 0.0025 0.546556 0.429318 1.96374 0.00914819 375 4 1 1.819e-09 
0.661439 0.67311 2.23467e-05 0.0025 0.546552 0.429318 1.96376 0.00914826 376 4 1 1.26211e-10 
0.666013 0.673106 -6.41665e-05 0.0025 0.546548 0.429319 1.96377 0.00914833 377 4 1 1.29151e-09 
0.670587 0.673103 -0.000126979 0.0025 0.546544 0.429319 1.96379 0.0091484 378 4 1 1.36036e-09 
0.675161 0.673101 -0.000166575 0.0025 0.546539 0.429319 1.96381 0.00914847 379 4 1 1.28308e-09 
0.679736 0.673099 -0.00018776 0.0025 0.546534 0.42932 1.96383 0.00914855 380 4 1 2.772e-09 
0.68431 0.673097 -0.00019618 0.0025 0.546529 0.429321 1.96385 0.00914865 381 4 1 -1.1511e-09 
0.688884 0.673095 -0.000196244 0.0025 0.546523 0.429321 1.96387 0.00914874 382 4 1 1.50312e-09 
0.693459 0.673093 -0.000190694 0.0025 0.546517 0.429322 1.9639 0.00914884 383 4 1 4.90804e-09 
0.698033 0.673092 -0.000181236 0.0025 0.54651 0.429322 1.96393 0.00914896 384 4 1 -1.58725e-09 
0.702608 0.67309 -0.000169362 0.0025 0.546503 0.429323 1.96395 0.00914908 385 4 1 2.10865e-09 
0.707182 0.673089 -0.000156756 0.0025 0.546495 0.429323 1.96398 0.00914921 386 4 1 3.56059e-09 
0.711757 0.673088 -0.000145118 0.0025 0.546486 0.429323 1.96402 0.00914936 387 4 1 2.84386e-09 
0.716332 0.673087 -0.000135643 0.0025 0.546476 0.429324 1.96406 0.00914954 388 4 1 4.72689e-09 
0.720906 0.673086 -0.000128595 0.0025 0.546465 0.429324 1.9641 0.00914972 389 4 1 -2.23744e-09 
0.725481 0.673085 -0.00012329 0.0025 0.546453 0.429324 1.96414 0.00914991 390 4 1 5.47911e-09 
0.730056 0.673084 -0.000118549 0.0025 0.546441 0.429325 1.96419 0.00915012 391 4 1 4.76535e-09 
0.734631 0.673083 -0.000113356 0.0025 0.546427 0.429326 1.96424 0.00915036 392 4 1 8.23316e-09 
0.739207 0.673082 -0.000107349 0.0025 0.546413 0.429328 1.9643 0.00915058 393 4 1 -3.5155e-09 
0.743782 0.673081 -0.000100884 0.0025 0.54639 0.429329 1.96436 0.00915097 394 4 1 1.43724e-07 
0.748358 0.67308 -9.46952e-05 0.0025 0.546379 0.429359 1.96459 0.00915115 395 4 1 -1.3869e-07 
0.752933 0.67308 -8.94142e-05 0.0025 0.545981 0.429204 1.96466 0.00915783 396 5 1 3.48564e-06 
0.757515 0.673079 -8.52479e-05 0.0025 0.548246 0.430868 1.96851 0.00912 397 3 1 -1.90585e-05 
0.762053 0.673078 -8.20071e-05 0.0025 0.536915 0.426198 1.95005 0.00931246 398 4 1 0.000179253 
0.766834 0.673078 -7.91119e-05 0.0025 0.511058 0.432735 2.15251 0.00978363 399 4 1 -0.000134225 
0.771844 0.673077 -7.62825e-05 0.0025 0.482811 0.424509 2.1555 0.010356 400 4 1 0.000266086 
0.777204 0.673077 -7.33391e-05 0.0025 0.454327 0.432952 2.44419 0.0110053 401 4 1 -0.000240409 
0.78286 0.673076 -7.04082e-05 0.0025 0.447029 0.427288 2.38027 0.011185 402 5 1 5.38095e-05 
0.788391 0.673076 -6.78787e-05 0.0025 0.45246 0.429658 2.37465 0.0110507 403 4 1 -3.01272e-06 
0.79391 0.673075 -6.57749e-05 0.0025 0.453642 0.429329 2.36526 0.0110219 404 4 1 3.9128e-06 
0.799413 0.673075 -6.41223e-05 0.0025 0.454722 0.429388 2.36047 0.0109957 405 4 1 1.27163e-06 
0.804906 0.673075 -6.29367e-05 0.0025 0.455346 0.429361 2.35717 0.0109807 406 4 1 8.42992e-07 
0.810393 0.673074 -6.23004e-05 0.0025 0.45579 0.42935 2.35487 0.01097 407 4 1 5.44453e-07 
0.815876 0.673074 -6.23108e-05 0.0025 0.456111 0.429343 2.35321 0.0109623 408 4 1 3.49192e-07 
0.821355 0.673074 -6.30062e-05 0.0025 0.456351 0.429338 2.35197 0.0109565 409 4 1 2.46839e-07 
0.826832 0.673074 -6.43158e-05 0.0025 0.456536 0.429336 2.35102 0.010952 410 4 1 1.7736e-07 
0.832307 0.673073 -6.60652e-05 0.0025 0.456679 0.429334 2.35028 0.0109486 411 4 1 1.31019e-07 
0.837781 0.673073 -6.80322e-05 0.0025 0.456793 0.429333 2.34969 0.0109459 412 4 1 9.8131e-08 
0.843253 0.673073 -6.99058e-05 0.0025 0.456884 0.429332 2.34922 0.0109437 413 4 1 7.55182e-08 
0.848725 0.673073 -7.06368e-05 0.0025 0.456958 0.429332 2.34885 0.0109419 414 4 1 5.88988e-08 
0.854195 0.673073 -6.67421e-05 0.0025 0.457018 0.429331 2.34854 0.0109405 415 4 1 4.64314e-08 
0.859665 0.673073 -5.69026e-05 0.0025 0.457067 0.429331 2.34829 0.0109393 416 4 1 3.70325e-08 
0.865135 0.673074 -3.87383e-05 0.0025 0.457107 0.429331 2.34808 0.0109384 417 4 1 2.98395e-08 
0.870604 0.673074 -4.31618e-05 0.0025 0.457141 0.429331 2.34791 0.0109375 418 4 1 2.43098e-08 
0.876072 0.673073 -0.000144379 0.0025 0.457169 0.429331 2.34777 0.0109369 419 4 1 2.05347e-08 
0.88154 0.673072 -0.000723955 0.0025 0.457193 0.429332 2.34765 0.0109363 420 4 1 1.95911e-08 
0.887008 0.673066 -0.0032362 0.0025 0.457215 0.429335 2.34755 0.0109358 421 4 1 2.47546e-08 
0.892476 0.67304 -0.0120629 0.0025 0.457241 0.429348 2.34749 0.0109352 422 4 1 3.99559e-08 
0.897944 0.67296 -0.0349924 0.0025 0.45728 0.429383 2.34747 0.0109342 423 4 1 4.33024e-08 
0.90341 0.672785 -0.0570579 0.0025 0.457336 0.429435 2.34751 0.0109329 424 3 1 -1.51673e-07 
0.908877 0.672709 0.0826621 0.0025 0.457287 0.429328 2.34734 0.0109341 425 4 1 -1.05453e-06 
0.914345 0.674629 1.27111 0.0025 0.456635 0.428533 2.34594 0.0109497 426 5 1 1.02367e-06 
0.919826 0.679092 -0.277791 0.0025 0.45671 0.429081 2.34597 0.0109479 427 4 1 2.26365e-05 
0.925292 0.657914 -14.4215 0.0025 0.465365 0.441656 2.36429 0.0107442 428 4 1 0.000116435 
0.930576 0.564482 -41.0474 0.0025 0.496381 0.485641 2.43234 0.0100729 429 4 1 0.000233291 
0.9354 0.395758 -53.6855 0.0025 0.555315 0.570794 2.55861 0.0090039 430 4 1 0.000196172 
0.939634 0.233304 -39.6922 0.0025 0.626161 0.676452 2.69866 0.00798517 431 4 1 8.10398e-05 
0.943416 0.130105 -23.0123 0.0025 0.686156 0.769497 2.80629 0.00728697 432 4 1 1.73291e-05 
0.946932 0.070016 -13.6077 0.0025 0.727568 0.83584 2.87498 0.00687221 433 4 1 -4.43771e-06 
0.950292 0.0359636 -7.3296 0.0025 0.753473 0.878076 2.91581 0.00663593 434 4 1 -9.60844e-06 
0.953569 0.0181305 -3.83568 0.0025 0.76814 0.902275 2.93807 0.00650923 435 4 1 -7.37421e-06 
0.956802 0.00896246 -1.9585 0.0025 0.775941 0.915182 2.94946 0.00644379 436 4 1 -4.4197e-06 
0.960013 0.00438313 -0.9887 0.0025 0.77997 0.921784 2.95499 0.0064105 437 4 1 -2.38495e-06 
0.963213 0.00209881 -0.50503 0.0025 0.782049 0.925093 2.9575 0.00639346 438 4 1 -1.21959e-06 
0.966406 0.000952857 -0.261714 0.0025 0.783164 0.926755 2.95848 0.00638436 439 4 1 -6.26313e-07 
0.969597 0.000374522 -0.138299 0.0025 0.783808 0.927601 2.9587 0.00637911 440 4 1 -3.29983e-07 
0.972785 8.36577e-05 -0.0744231 0.0025 0.784224 0.928042 2.95851 0.00637573 441 4 1 -1.7515e-07 
0.975973 -5.865e-05 -0.0410433 0.0025 0.784528 0.92828 2.9581 0.00637326 442 4 1 -6.5775e-08 
0.979159 -0.000123248 -0.0235451 0.0025 0.78477 0.928423 2.95761 0.00637129 443 4 1 9.71851e-08 
0.982344 -0.000146321 -0.0139737 0.0025 0.784947 0.92854 2.95723 0.00636985 444 3 1 4.88253e-07 
0.985529 -0.000143274 -0.00474688 0.0025 0.784941 0.928674 2.95744 0.0063699 445 4 1 1.68422e-06 
0.988714 -0.000113792 -0.00143136 0.0025 0.784374 0.928881 2.95968 0.00637451 446 4 1 4.52226e-06 
0.991903 -8.80044e-05 -0.00155994 0.0025 0.781766 0.928817 2.96733 0.00639578 447 4 1 1.49421e-05 
0.99511 -5.23943e-05 0.000224628 0.0025 0.774398 0.927991 2.99279 0.00645663 448 4 1 1.77286e-05 
0.99836 -1.84364e-05 -0.000315303 0.0025 0.76567 0.928113 3.03804 0.00653023 449 4 1 -3.46276e-05 
1.00164 1.84364e-05 0.000315303 0.0025 0.76567 0.928113 3.03804 0.00653023 450 4 1 -3.46276e-05 
1.00489 5.23943e-05 -0.000224628 0.0025 0.774398 0.927991 2.99279 0.00645663 451 4 1 1.77286e-05 
1.0081 8.80044e-05 0.00155994 0.0025 0.781766 0.928817 2.96733 0.00639578 452 4 1 1.49421e-05 
1.01129 0.000113792 0.00143136 0.0025 0.784374 0.928881 2.95968 0.00637451 453 4 1 4.52226e-06 
1.01447 0.000143274 0.00474688 0.0025 0.784941 0.928674 2.95744 0.0063699 454 4 1 1.68422e-06 
1.01766 0.000146321 0.0139737 0.0025 0.784947 0.92854 2.95723 0.00636985 455 3 1 4.88253e-07 
1.02084 0.000123248 0.0235451 0.0025 0.78477 0.928423 2.95761 0.00637129 456 4 1 9.71851e-08 
1.02403 5.865e-05 0.0410433 0.0025 0.784528 0.92828 2.9581 0.00637326 457 4 1 -6.5775e-08 
1.02721 -8.36577e-05 0.0744231 0.0025 0.784224 0.928042 2.95851 0.00637573 458 4 1 -1.7515e-07 
1.0304 -0.000374522 0.138299 0.0025 0.783808 0.927601 2.9587 0.00637911 459 4 1 -3.29983e-07 
1.03359 -0.000952857 0.261714 0.0025 0.783164 0.926755 2.95848 0.00638436 460 4 1 -6.26313e-07 
1.03679 -0.00209881 0.50503 0.0025 0.782049 0.925093 2.9575 0.00639346 461 4 1 -1.21959e-06 
1.03999 -0.00438313 0.9887 0.0025 0.77997 0.921784 2.95499 0.0064105 462 4 1 -2.38495e-06 
1.0432 -0.00896246 1.9585 0.0025 0.775941 0.915182 2.94946 0.00644379 463 4 1 -4.4197e-06 
1.04643 -0.0181305 3.83568 0.0025 0.76814 0.902275 2.93807 0.00650923 464 4 1 -7.37421e-06 
1.04971 -0.0359636 7.3296 0.0025 0.753473 0.878076 2.91581 0.00663593 465 4 1 -9.60844e-06 
1.05307 -0.070016 13.6077 0.0025 0.727568 0.83584 2.87498 0.00687221 466 4 1 -4.43771e-06 
1.05658 -0.130105 23.0123 0.0025 0.686156 0.769497 2.80629 0.00728697 467 4 1 1.73291e-05 
1.06037 -0.233304 39.6922 0.0025 0.626161 0.676452 2.69866 0.00798517 468 4 1 8.10398e-05 
1.0646 -0.395758 53.6855 0.0025 0.555315 0.570794 2.55861 0.0090039 469 4 1 0.000196172 
1.06942 -0.564482 41.0474 0.0025 0.496381 0.485641 2.43234 0.0100729 470 4 1 0.000233291 
1.07471 -0.657914 14.4215 0.0025 0.465365 0.441656 2.36429 0.0107442 471 4 1 0.000116435 
1.08017 -0.679092 0.277791 0.0025 0.45671 0.429081 2.34597 0.0109479 472 4 1 2.26365e-05 
1.08566 -0.674629 -1.27111 0.0025 0.456635 0.428533 2.34594 0.0109497 473 5 1 1.02367e-06 
1.09112 -0.672709 -0.0826621 0.0025 0.457287 0.429328 2.34734 0.0109341 474 4 1 -1.05453e-06 
1.09659 -0.672785 0.0570579 0.0025 0.457336 0.429435 2.34751 0.0109329 475 3 1 -1.51673e-07 
1.10206 -0.67296 0.0349924 0.0025 0.45728 0.429383 2.34747 0.0109342 476 4 1 4.33024e-08 
1.10752 -0.67304 0.0120629 0.0025 0.457241 0.429348 2.34749 0.0109352 477 4 1 3.99559e-08 
1.11299 -0.673066 0.0032362 0.0025 0.457215 0.429335 2.34755 0.0109358 478 4 1 2.47546e-08 
1.11846 -0.673072 0.000723955 0.0025 0.457193 0.429332 2.34765 0.0109363 479 4 1 1.95911e-08 
1.12393 -0.673073 0.000144379 0.0025 0.457169 0.429331 2.34777 0.0109369 480 4 1 2.05347e-08 
1.1294 -0.673074 4.31618e-05 0.0025 0.457141 0.429331 2.34791 0.0109375 481 4 1 2.43098e-08 
1.13487 -0.673074 3.87383e-05 0.0025 0.457107 0.429331 2.34808 0.0109384 482 4 1 2.98395e-08 
1.14033 -0.673073 5.69025e-05 0.0025 0.457067 0.429331 2.34829 0.0109393 483 4 1 3.70325e-08 
1.1458 -0.673073 6.67422e-05 0.0025 0.457018 0.429331 2.34854 0.0109405 484 4 1 4.64314e-08 
1.15128 -0.673073 7.06367e-05 0.0025 0.456958 0.429332 2.34885 0.0109419 485 4 1 5.88988e-08 
1.15675 -0.673073 6.99058e-05 0.0025 0.456884 0.429332 2.34922 0.0109437 486 4 1 7.55182e-08 
1.16222 -0.673073 6.80322e-05 0.0025 0.456793 0.429333 2.34969 0.0109459 487 4 1 9.8131e-08 
1.16769 -0.673073 6.60652e-05 0.0025 0.456679 0.429334 2.35028 0.0109486 488 4 1 1.31019e-07 
1.17317 -0.673074 6.43158e-05 0.0025 0.456536 0.429336 2.35102 0.010952 489 4 1 1.7736e-07 
1.17864 -0.673074 6.30061e-05 0.0025 0.456351 0.429338 2.35197 0.0109565 490 4 1 2.46839e-07 
1.18412 -0.673074 6.23108e-05 0.0025 0.456111 0.429343 2.35321 0.0109623 491 4 1 3.49192e-07 
1.18961 -0.673074 6.23004e-05 0.0025 0.45579 0.42935 2.35487 0.01097 492 4 1 5.44453e-07 
1.19509 -0.673075 6.29367e-05 0.0025 0.455346 0.429361 2.35717 0.0109807 493 4 1 8.42992e-07 
1.20059 -0.673075 6.41223e-05 0.0025 0.454722 0.429388 2.36047 0.0109957 494 4 1 1.27163e-06 
1.20609 -0.673075 6.57749e-05 0.0025 0.453642 0.429329 2.36526 0.0110219 495 4 1 3.9128e-06 
1.21161 -0.673076 6.78787e-05 0.0025 0.45246 0.429658 2.37465 0.0110507 496 4 1 -3.01272e-06 
1.21714 -0.673076 7.04083e-05 0.0025 0.447029 0.427288 2.38027 0.011185 497 5 1 5.38095e-05 
1.2228 -0.673077 7.33391e-05 0.0025 0.454327 0.432952 2.44419 0.0110053 498 4 1 -0.000240409 
1.22816 -0.673077 7.62825e-05 0.0025 0.482811 0.424509 2.1555 0.010356 499 4 1 0.000266086 
