# Time [s]: 0.402766
# Columns: pos [m], vel [m/s], acc [m/s^2], mass [kg], dens [kg/m^3], pres [Pa], ene [J/kg], sml [m], id, neighbor, alpha, gradh, ...additional?
1.23113 -0.673078 7.22472e-05 0.0025 0.511058 0.432735 2.15251 0.00978363 0 4 1 -0.000134225 
1.23591 -0.673078 7.50098e-05 0.0025 0.536916 0.426198 1.95005 0.00931245 1 4 1 0.000179253 
1.24045 -0.673079 7.83404e-05 0.0025 0.548246 0.430868 1.96851 0.00912 2 3 1 -1.90585e-05 
1.24503 -0.673079 8.26859e-05 0.0025 0.545981 0.429204 1.96466 0.00915783 3 5 1 3.48564e-06 
1.2496 -0.67308 8.79323e-05 0.0025 0.546379 0.429359 1.96459 0.00915115 4 4 1 -1.3869e-07 
1.25418 -0.673081 9.35819e-05 0.0025 0.54639 0.42933 1.96436 0.00915097 5 4 1 1.43726e-07 
1.25875 -0.673082 9.89503e-05 0.0025 0.546413 0.429329 1.9643 0.00915058 6 4 1 -3.51264e-09 
1.26333 -0.673082 0.000103587 0.0025 0.546427 0.429326 1.96424 0.00915035 7 4 1 8.2366e-09 
1.2679 -0.673083 0.00010764 0.0025 0.546441 0.429325 1.96419 0.00915012 8 4 1 4.76818e-09 
1.27248 -0.673084 0.000111899 0.0025 0.546454 0.429325 1.96414 0.00914991 9 4 1 5.48044e-09 
1.27705 -0.673085 0.000117453 0.0025 0.546465 0.429325 1.9641 0.00914971 10 4 1 -2.23771e-09 
1.28163 -0.673086 0.000125095 0.0025 0.546476 0.429324 1.96406 0.00914953 11 4 1 4.72598e-09 
1.2862 -0.673087 0.000134831 0.0025 0.546487 0.429324 1.96402 0.00914936 12 4 1 2.8439e-09 
1.29078 -0.673089 0.000145754 0.0025 0.546495 0.429323 1.96398 0.00914921 13 4 1 3.56307e-09 
1.29535 -0.67309 0.000156342 0.0025 0.546503 0.429323 1.96395 0.00914907 14 4 1 2.11439e-09 
1.29993 -0.673091 0.000164921 0.0025 0.546511 0.429323 1.96393 0.00914895 15 4 1 -1.57813e-09 
1.3045 -0.673093 0.000169924 0.0025 0.546518 0.429322 1.9639 0.00914883 16 4 1 4.92053e-09 
1.30908 -0.673094 0.00016967 0.0025 0.546524 0.429322 1.96387 0.00914873 17 4 1 1.51973e-09 
1.31365 -0.673096 0.000161692 0.0025 0.54653 0.429321 1.96385 0.00914863 18 4 1 -1.12842e-09 
1.31823 -0.673098 0.000142097 0.0025 0.546535 0.429321 1.96383 0.00914854 19 4 1 2.80325e-09 
1.3228 -0.673101 0.000105721 0.0025 0.54654 0.42932 1.96381 0.00914846 20 4 1 1.324e-09 
1.32737 -0.673103 4.7697e-05 0.0025 0.546545 0.42932 1.96379 0.00914838 21 4 1 1.40801e-09 
1.33195 -0.673106 -3.35506e-05 0.0025 0.546549 0.42932 1.96377 0.00914831 22 4 1 1.33712e-09 
1.33652 -0.67311 -0.000132959 0.0025 0.546554 0.42932 1.96376 0.00914823 23 4 1 1.55933e-10 
1.3411 -0.673114 -0.00023694 0.0025 0.546558 0.42932 1.96375 0.00914816 24 4 1 1.81796e-09 
1.34567 -0.673119 -0.000324649 0.0025 0.546562 0.429321 1.96373 0.00914809 25 4 1 1.03689e-09 
1.35024 -0.673125 -0.000372787 0.0025 0.546566 0.429321 1.96372 0.00914803 26 4 1 -1.58326e-10 
1.35482 -0.673131 -0.000362409 0.0025 0.54657 0.429322 1.96371 0.00914796 27 4 1 1.28108e-09 
1.35939 -0.673138 -0.000284912 0.0025 0.546574 0.429323 1.9637 0.00914789 28 4 1 7.56343e-10 
1.36397 -0.673144 -0.000144662 0.0025 0.546577 0.429324 1.96369 0.00914784 29 4 1 -1.03686e-09 
1.36854 -0.67315 4.26871e-05 0.0025 0.54658 0.429324 1.96368 0.00914779 30 4 1 1.09398e-10 
1.37311 -0.673155 0.000255151 0.0025 0.546583 0.429323 1.96367 0.00914775 31 4 1 1.4953e-09 
1.37769 -0.67316 0.000470489 0.0025 0.546584 0.429323 1.96366 0.00914772 32 4 1 -1.3502e-09 
1.38226 -0.673164 0.000671301 0.0025 0.546585 0.429321 1.96365 0.00914771 33 4 1 -1.29692e-09 
1.38684 -0.673168 0.000847773 0.0025 0.546586 0.42932 1.96364 0.00914769 34 3 1 1.70114e-09 
1.39141 -0.673172 0.000997646 0.0025 0.546586 0.429317 1.96363 0.0091477 35 4 1 -5.60372e-10 
1.39598 -0.673176 0.00112397 0.0025 0.546585 0.429315 1.96362 0.0091477 36 4 1 -1.16629e-09 
1.40056 -0.67318 0.00123209 0.0025 0.546584 0.429312 1.96361 0.00914772 37 4 1 1.19411e-09 
1.40513 -0.673183 0.00132747 0.0025 0.546583 0.429309 1.9636 0.00914774 38 4 1 -9.46067e-11 
1.4097 -0.673188 0.00141533 0.0025 0.546582 0.429305 1.96359 0.00914777 39 4 1 -8.90567e-10 
1.41428 -0.673192 0.00150126 0.0025 0.54658 0.429301 1.96358 0.0091478 40 4 1 5.6598e-10 
1.41885 -0.673197 0.0015911 0.0025 0.546578 0.429297 1.96357 0.00914783 41 4 1 2.91753e-10 
1.42343 -0.673203 0.00168929 0.0025 0.546575 0.429293 1.96356 0.00914787 42 4 1 -7.9055e-10 
1.428 -0.673209 0.00179693 0.0025 0.546572 0.429288 1.96355 0.00914792 43 4 1 -1.89499e-10 
1.43257 -0.673216 0.00191205 0.0025 0.546569 0.429284 1.96354 0.00914797 44 4 1 7.6729e-10 
1.43715 -0.673223 0.00203293 0.0025 0.546566 0.429278 1.96353 0.00914803 45 4 1 -5.86325e-10 
1.44172 -0.673231 0.00216176 0.0025 0.546562 0.429273 1.96351 0.00914809 46 4 1 -9.61551e-10 
1.4463 -0.67324 0.00230443 0.0025 0.546558 0.429267 1.9635 0.00914816 47 4 1 3.1014e-10 
1.45087 -0.67325 0.00246566 0.0025 0.546553 0.429261 1.96349 0.00914824 48 4 1 -5.57104e-11 
1.45544 -0.673261 0.00264485 0.0025 0.546548 0.429254 1.96348 0.00914833 49 4 1 -9.92456e-10 
1.46002 -0.673273 0.00283926 0.0025 0.546543 0.429247 1.96347 0.00914842 50 4 1 -7.28298e-10 
1.46459 -0.673286 0.00305422 0.0025 0.546537 0.429239 1.96345 0.00914852 51 4 1 1.39223e-10 
1.46917 -0.6733 0.00330908 0.0025 0.54653 0.429231 1.96344 0.00914863 52 4 1 -7.02033e-10 
1.47374 -0.673316 0.00362762 0.0025 0.546522 0.429222 1.96342 0.00914876 53 4 1 -1.61886e-09 
1.47832 -0.673333 0.00401674 0.0025 0.546514 0.429212 1.96341 0.00914889 54 4 1 -9.51748e-10 
1.48289 -0.673351 0.00445483 0.0025 0.546505 0.429201 1.96339 0.00914904 55 4 1 -4.77673e-10 
1.48747 -0.673371 0.00490738 0.0025 0.546495 0.429189 1.96337 0.00914922 56 4 1 -1.57296e-09 
1.49204 -0.673393 0.00536181 0.0025 0.546483 0.429175 1.96335 0.00914941 57 4 1 -2.02007e-09 
1.49661 -0.673418 0.00585003 0.0025 0.546471 0.42916 1.96333 0.00914962 58 4 1 -9.38317e-10 
-0.498811 -0.673445 0.00643489 0.0025 0.546457 0.429144 1.9633 0.00914986 59 4 1 -1.50041e-09 
-0.494236 -0.673475 0.00716849 0.0025 0.546441 0.429126 1.96328 0.00915012 60 4 1 -2.60435e-09 
-0.48966 -0.673509 0.00805607 0.0025 0.546423 0.429106 1.96325 0.00915041 61 4 1 -2.82287e-09 
-0.485085 -0.673545 0.00905416 0.0025 0.546404 0.429083 1.96322 0.00915074 62 4 1 -2.48761e-09 
-0.48051 -0.673586 0.0101046 0.0025 0.546381 0.429058 1.96318 0.00915112 63 4 1 -3.03087e-09 
-0.475934 -0.673631 0.0111837 0.0025 0.546356 0.42903 1.96314 0.00915154 64 4 1 -3.61841e-09 
-0.471358 -0.673683 0.0123374 0.0025 0.546329 0.428999 1.9631 0.009152 65 4 1 -3.48972e-09 
-0.466782 -0.673741 0.0136686 0.0025 0.546298 0.428964 1.96305 0.00915252 66 4 1 -3.87599e-09 
-0.462206 -0.673806 0.0152606 0.0025 0.546263 0.428926 1.963 0.0091531 67 4 1 -4.72675e-09 
-0.457629 -0.673879 0.0170988 0.0025 0.546225 0.428883 1.96294 0.00915374 68 4 1 -5.32512e-09 
-0.453052 -0.673959 0.0190945 0.0025 0.546182 0.428835 1.96288 0.00915446 69 4 1 -5.35325e-09 
-0.448474 -0.674048 0.0211919 0.0025 0.546135 0.428782 1.96281 0.00915525 70 4 1 -5.65023e-09 
-0.443897 -0.674146 0.0233694 0.0025 0.546082 0.428724 1.96273 0.00915613 71 4 1 -5.72414e-09 
-0.439318 -0.674253 0.0254969 0.0025 0.546025 0.428661 1.96264 0.00915709 72 4 1 -4.87898e-09 
-0.434739 -0.674368 0.0273302 0.0025 0.545963 0.428593 1.96255 0.00915812 73 4 1 -3.6894e-09 
-0.43016 -0.674492 0.0287482 0.0025 0.545898 0.428521 1.96246 0.00915921 74 4 1 -2.27605e-09 
-0.42558 -0.674622 0.0297298 0.0025 0.545831 0.428447 1.96236 0.00916034 75 4 1 -3.44975e-10 
-0.421 -0.674755 0.0300875 0.0025 0.545764 0.428372 1.96226 0.00916147 76 4 1 2.03381e-09 
-0.416419 -0.674887 0.0297983 0.0025 0.545698 0.428299 1.96216 0.00916258 77 4 1 4.49205e-09 
-0.411837 -0.675012 0.0287311 0.0025 0.545636 0.42823 1.96207 0.00916363 78 4 1 7.78311e-09 
-0.407255 -0.675122 0.0257087 0.0025 0.545579 0.428168 1.96199 0.00916457 79 4 1 1.30048e-08 
-0.402673 -0.675213 0.0207012 0.0025 0.545534 0.428118 1.96192 0.00916533 80 4 1 1.71153e-08 
-0.39809 -0.675277 0.0141228 0.0025 0.545503 0.428084 1.96187 0.00916586 81 4 1 2.6144e-08 
-0.393507 -0.675318 0.00274493 0.0025 0.545493 0.428073 1.96186 0.00916602 82 5 1 2.4782e-08 
-0.388924 -0.675301 -0.0019795 0.0025 0.545504 0.428085 1.96187 0.00916584 83 4 1 4.17912e-08 
-0.384341 -0.675273 -0.0191141 0.0025 0.545551 0.428141 1.96194 0.00916504 84 4 1 1.62527e-07 
-0.379759 -0.67498 -0.116293 0.0025 0.545732 0.428346 1.9622 0.009162 85 4 1 3.15295e-07 
-0.375179 -0.67416 -0.253324 0.0025 0.546166 0.428824 1.96282 0.00915473 86 4 1 3.73155e-07 
-0.370604 -0.672776 -0.368853 0.0025 0.546888 0.429619 1.96385 0.00914264 87 4 1 4.45251e-07 
-0.366036 -0.670841 -0.523576 0.0025 0.547935 0.430777 1.96535 0.00912518 88 4 1 6.67391e-07 
-0.361479 -0.668046 -0.774533 0.0025 0.549439 0.43244 1.96751 0.00910019 89 4 1 9.26868e-07 
-0.356936 -0.664052 -1.06919 0.0025 0.551528 0.434743 1.9705 0.00906572 90 4 1 1.0343e-06 
-0.352413 -0.658925 -1.30905 0.0025 0.554189 0.437677 1.9743 0.00902219 91 4 1 9.86694e-07 
-0.347914 -0.652977 -1.47184 0.0025 0.557292 0.441105 1.97871 0.00897195 92 4 1 8.86125e-07 
-0.343441 -0.646523 -1.56453 0.0025 0.560692 0.444873 1.98353 0.00891756 93 4 1 8.53245e-07 
-0.338996 -0.63975 -1.65486 0.0025 0.564307 0.448894 1.98864 0.00886042 94 4 1 9.19499e-07 
-0.334581 -0.632605 -1.76004 0.0025 0.568139 0.453169 1.99403 0.00880066 95 4 1 1.01737e-06 
-0.330195 -0.625063 -1.87886 0.0025 0.572207 0.457718 1.99972 0.0087381 96 4 1 1.09584e-06 
-0.325842 -0.617112 -1.99167 0.0025 0.576512 0.462545 2.00573 0.00867285 97 4 1 1.12816e-06 
-0.321522 -0.60881 -2.08674 0.0025 0.581027 0.467622 2.012 0.00860545 98 4 1 1.09737e-06 
-0.317237 -0.600283 -2.14135 0.0025 0.585691 0.472883 2.01844 0.00853692 99 4 1 1.04086e-06 
-0.312985 -0.591661 -2.17662 0.0025 0.590441 0.478258 2.02498 0.00846824 100 4 1 9.67387e-07 
-0.308768 -0.583052 -2.17737 0.0025 0.595218 0.48368 2.03151 0.00840028 101 4 1 8.7753e-07 
-0.304585 -0.574545 -2.15723 0.0025 0.599966 0.489089 2.03798 0.0083338 102 4 1 8.19561e-07 
-0.300434 -0.566209 -2.13704 0.0025 0.604662 0.494457 2.04434 0.00826908 103 4 1 7.97308e-07 
-0.296316 -0.558017 -2.12614 0.0025 0.609309 0.499785 2.05061 0.00820601 104 4 1 7.64294e-07 
-0.292228 -0.54996 -2.10331 0.0025 0.613904 0.505069 2.05679 0.00814459 105 4 1 7.21647e-07 
-0.288171 -0.54206 -2.07942 0.0025 0.618438 0.510298 2.06285 0.00808489 106 4 1 6.92621e-07 
-0.284143 -0.534322 -2.0563 0.0025 0.62291 0.515472 2.0688 0.00802685 107 4 1 6.86275e-07 
-0.280144 -0.52669 -2.04879 0.0025 0.627334 0.520605 2.07466 0.00797023 108 4 1 6.68245e-07 
-0.276173 -0.519185 -2.02856 0.0025 0.631716 0.525702 2.08045 0.00791495 109 4 1 6.42474e-07 
-0.272229 -0.511806 -2.01392 0.0025 0.636051 0.530761 2.08615 0.007861 110 4 1 6.50154e-07 
-0.268312 -0.504514 -2.01634 0.0025 0.640359 0.535801 2.09179 0.00780812 111 4 1 6.39245e-07 
-0.264421 -0.497278 -2.00354 0.0025 0.644645 0.540827 2.09738 0.00775621 112 4 1 6.22634e-07 
-0.260556 -0.490157 -1.99772 0.0025 0.648906 0.54584 2.10291 0.00770528 113 4 1 6.63648e-07 
-0.256715 -0.483034 -2.0282 0.0025 0.653178 0.550878 2.10844 0.00765489 114 4 1 6.80966e-07 
-0.252901 -0.475903 -2.03916 0.0025 0.657477 0.555961 2.11398 0.00760482 115 4 1 6.63433e-07 
-0.249111 -0.468787 -2.04776 0.0025 0.661792 0.561077 2.11951 0.00755524 116 4 1 6.97238e-07 
-0.245345 -0.46165 -2.08594 0.0025 0.666146 0.566252 2.12508 0.00750586 117 4 1 7.34963e-07 
-0.241605 -0.454441 -2.1232 0.0025 0.670562 0.571515 2.1307 0.00745643 118 4 1 7.49514e-07 
-0.237889 -0.447152 -2.16367 0.0025 0.675043 0.576868 2.13639 0.00740693 119 4 1 7.37784e-07 
-0.234198 -0.439822 -2.18156 0.0025 0.679574 0.582295 2.14211 0.00735755 120 4 1 7.24163e-07 
-0.230531 -0.432492 -2.20379 0.0025 0.684139 0.587779 2.14786 0.00730846 121 4 1 7.43738e-07 
-0.226889 -0.425121 -2.23931 0.0025 0.688749 0.593331 2.15363 0.00725954 122 4 1 7.43585e-07 
-0.223271 -0.417712 -2.26017 0.0025 0.6934 0.598946 2.15944 0.00721085 123 4 1 7.05889e-07 
-0.219678 -0.410341 -2.25921 0.0025 0.698063 0.604593 2.16524 0.00716268 124 4 1 6.98628e-07 
-0.216109 -0.402998 -2.2782 0.0025 0.702735 0.610265 2.17102 0.00711506 125 4 1 7.04517e-07 
-0.212563 -0.395654 -2.29137 0.0025 0.707422 0.61597 2.1768 0.00706792 126 4 1 6.66106e-07 
-0.209041 -0.388366 -2.2788 0.0025 0.712101 0.621681 2.18255 0.00702148 127 4 1 6.48618e-07 
-0.205541 -0.381161 -2.28289 0.0025 0.716764 0.627388 2.18825 0.0069758 128 4 1 6.65334e-07 
-0.202065 -0.373954 -2.29776 0.0025 0.721431 0.633114 2.19394 0.00693067 129 4 1 6.56541e-07 
-0.198611 -0.366813 -2.29962 0.0025 0.726101 0.638859 2.19961 0.0068861 130 4 1 6.44399e-07 
-0.195179 -0.359702 -2.30777 0.0025 0.730768 0.644614 2.20525 0.00684212 131 4 1 6.1913e-07 
-0.191768 -0.352652 -2.29407 0.0025 0.73542 0.650366 2.21086 0.00679884 132 4 1 6.08077e-07 
-0.18838 -0.345667 -2.29951 0.0025 0.740056 0.656114 2.21642 0.00675625 133 4 1 6.22781e-07 
-0.185012 -0.338693 -2.31127 0.0025 0.744693 0.661877 2.22197 0.00671418 134 4 1 6.1668e-07 
-0.181666 -0.331761 -2.31722 0.0025 0.749332 0.667656 2.22749 0.00667261 135 4 1 5.80118e-07 
-0.17834 -0.324889 -2.29791 0.0025 0.753951 0.673424 2.23297 0.00663173 136 4 1 5.63622e-07 
-0.175034 -0.318106 -2.29563 0.0025 0.758546 0.679177 2.23841 0.00659156 137 4 1 6.02549e-07 
-0.171748 -0.311337 -2.3268 0.0025 0.763151 0.684958 2.24383 0.00655178 138 4 1 6.09726e-07 
-0.168482 -0.304532 -2.33768 0.0025 0.767777 0.690775 2.24926 0.00651231 139 4 1 5.48426e-07 
-0.165236 -0.297815 -2.30724 0.0025 0.772379 0.696577 2.25464 0.00647351 140 4 1 5.27315e-07 
-0.162008 -0.291207 -2.30435 0.0025 0.776947 0.702354 2.25997 0.00643545 141 4 1 5.65492e-07 
-0.1588 -0.284603 -2.32762 0.0025 0.78152 0.708149 2.26528 0.00639779 142 4 1 5.77622e-07 
-0.15561 -0.277986 -2.34369 0.0025 0.786112 0.713979 2.27059 0.00636042 143 4 1 5.42524e-07 
-0.15244 -0.271427 -2.33112 0.0025 0.790696 0.719813 2.27588 0.00632354 144 4 1 4.97004e-07 
-0.149287 -0.264941 -2.30565 0.0025 0.795243 0.725616 2.28111 0.00628738 145 4 1 5.13551e-07 
-0.146152 -0.258552 -2.32176 0.0025 0.799774 0.731413 2.2863 0.00625176 146 4 1 5.50402e-07 
-0.143035 -0.252109 -2.34526 0.0025 0.804325 0.737246 2.29149 0.00621639 147 4 1 5.42109e-07 
-0.139936 -0.245685 -2.35437 0.0025 0.808891 0.74311 2.29668 0.0061813 148 4 1 5.09217e-07 
-0.136854 -0.239307 -2.34382 0.0025 0.813447 0.748974 2.30185 0.00614668 149 4 1 4.67041e-07 
-0.133789 -0.233016 -2.31537 0.0025 0.817965 0.754806 2.30695 0.00611273 150 4 1 4.8577e-07 
-0.130741 -0.226794 -2.3358 0.0025 0.822468 0.76063 2.31202 0.00607927 151 4 1 5.15823e-07 
-0.12771 -0.220546 -2.35029 0.0025 0.826986 0.766487 2.3171 0.00604605 152 4 1 5.08267e-07 
-0.124695 -0.214314 -2.36364 0.0025 0.831517 0.772371 2.32217 0.00601311 153 4 1 4.79481e-07 
-0.121696 -0.20811 -2.34957 0.0025 0.836036 0.778253 2.32721 0.0059806 154 4 1 4.35523e-07 
-0.118714 -0.202015 -2.32062 0.0025 0.840516 0.784097 2.33219 0.00594873 155 4 1 4.5019e-07 
-0.115748 -0.195987 -2.33235 0.0025 0.844975 0.789929 2.33713 0.00591733 156 4 1 4.94229e-07 
-0.112797 -0.189931 -2.36265 0.0025 0.849457 0.795803 2.34208 0.00588611 157 4 1 5.10793e-07 
-0.109862 -0.183853 -2.39388 0.0025 0.853975 0.801733 2.34705 0.00585497 158 4 1 4.64964e-07 
-0.106942 -0.177767 -2.37229 0.0025 0.85849 0.80767 2.35201 0.00582418 159 4 1 3.8307e-07 
-0.104037 -0.171852 -2.3143 0.0025 0.862939 0.813537 2.35687 0.00579415 160 4 1 4.03852e-07 
-0.101148 -0.166008 -2.32931 0.0025 0.867349 0.819365 2.36168 0.00576469 161 4 1 4.66625e-07 
-0.0982726 -0.160156 -2.35883 0.0025 0.871783 0.825237 2.3665 0.00573537 162 4 1 5.14254e-07 
-0.0954122 -0.15421 -2.42796 0.0025 0.876278 0.831198 2.37138 0.00570595 163 4 1 4.42889e-07 
-0.0925666 -0.148261 -2.37332 0.0025 0.880773 0.837169 2.37624 0.00567683 164 4 1 3.34972e-07 
-0.0897353 -0.142534 -2.31405 0.0025 0.885178 0.843037 2.38098 0.00564858 165 4 1 3.50146e-07 
-0.086918 -0.136894 -2.29598 0.0025 0.889521 0.848838 2.38565 0.005621 166 4 1 4.50244e-07 
-0.0841143 -0.131265 -2.37067 0.0025 0.893898 0.854696 2.39034 0.00559348 167 4 1 5.44421e-07 
-0.0813245 -0.125425 -2.46366 0.0025 0.898387 0.860706 2.39513 0.00556553 168 4 1 4.41768e-07 
-0.0785487 -0.119591 -2.40625 0.0025 0.902892 0.866749 2.39993 0.00553776 169 4 1 3.15718e-07 
-0.0757867 -0.11395 -2.34212 0.0025 0.907301 0.872679 2.40461 0.00551085 170 4 1 2.6835e-07 
-0.0730378 -0.108496 -2.25087 0.0025 0.911592 0.878467 2.40915 0.00548491 171 4 1 3.88829e-07 
-0.0703017 -0.103134 -2.35157 0.0025 0.915885 0.884272 2.41368 0.0054592 172 4 1 5.75214e-07 
-0.0675786 -0.0974469 -2.49648 0.0025 0.920339 0.890294 2.41837 0.00543278 173 4 1 4.43774e-07 
-0.0648689 -0.0917497 -2.41849 0.0025 0.924837 0.896384 2.42309 0.00540636 174 4 1 2.87689e-07 
-0.0621722 -0.0863169 -2.35587 0.0025 0.929228 0.90235 2.42769 0.00538081 175 4 1 3.06853e-07 
-0.0594881 -0.0809825 -2.32731 0.0025 0.93354 0.908216 2.43219 0.00535595 176 4 1 2.575e-07 
-0.0568162 -0.0758922 -2.21973 0.0025 0.937764 0.913982 2.43658 0.00533183 177 4 1 5.05338e-07 
-0.0541562 -0.0707986 -2.49936 0.0025 0.942113 0.919934 2.44109 0.00530722 178 4 1 7.58378e-07 
-0.051509 -0.0651044 -2.7103 0.0025 0.946784 0.926309 2.44594 0.00528103 179 4 1 2.79114e-07 
-0.0488751 -0.059773 -2.34042 0.0025 0.951363 0.932575 2.45066 0.00525562 180 4 1 1.13435e-07 
-0.0462533 -0.0552193 -2.31398 0.0025 0.955689 0.93854 2.4551 0.00523183 181 4 1 6.65973e-07 
-0.0436433 -0.0503015 -2.71918 0.0025 0.960245 0.94481 2.45978 0.005207 182 4 1 5.43123e-07 
-0.0410463 -0.0453112 -2.53079 0.0025 0.964952 0.95128 2.4646 0.00518161 183 4 1 1.39654e-07 
-0.0384617 -0.0412659 -2.32306 0.0025 0.969456 0.957521 2.46918 0.00515753 184 4 1 7.65396e-07 
-0.0358887 -0.0370813 -2.96022 0.0025 0.97427 0.964207 2.47408 0.00513205 185 4 1 1.19087e-06 
-0.0333296 -0.0320082 -3.32226 0.0025 0.979716 0.971724 2.47963 0.00510352 186 4 1 1.10938e-07 
-0.0307852 -0.027849 -2.4658 0.0025 0.984846 0.978822 2.48481 0.00507694 187 4 1 -4.5352e-07 
-0.0282526 -0.0256598 -2.02551 0.0025 0.989188 0.984918 2.48915 0.00505465 188 4 1 9.71797e-07 
-0.0257305 -0.023091 -3.19306 0.0025 0.99404 0.991746 2.49402 0.00502998 189 4 1 2.22629e-06 
-0.0232226 -0.018108 -4.38357 0.0025 1.00038 1.00055 2.50043 0.00499811 190 4 1 2.81325e-07 
-0.0207323 -0.0136218 -2.8166 0.0025 1.00645 1.00896 2.50651 0.00496797 191 4 1 -1.79254e-06 
-0.0182546 -0.0128218 -1.22993 0.0025 1.01046 1.01467 2.51042 0.00494823 192 4 1 4.36309e-07 
-0.0157841 -0.0127917 -2.78957 0.0025 1.01447 1.02043 2.51438 0.00492867 193 4 1 2.95725e-06 
-0.0133259 -0.00781769 -4.78385 0.0025 1.02071 1.02915 2.52066 0.00489855 194 4 1 1.77689e-07 
-0.0108855 -0.00356367 -2.57839 0.0025 1.02673 1.03754 2.52662 0.00486983 195 4 1 -2.07125e-06 
-0.00845602 -0.00303761 -1.26603 0.0025 1.03033 1.04268 2.5301 0.00485283 196 4 1 -5.10324e-07 
-0.00603263 -0.0032268 -1.51146 0.0025 1.03299 1.04651 2.53271 0.00484032 197 4 1 2.0279e-07 
-0.00361569 -0.00177583 -1.59116 0.0025 1.03561 1.0502 2.53533 0.00482806 198 4 1 -8.11803e-07 
-0.00120456 -0.000486028 -0.521647 0.0025 1.03729 1.05255 2.53698 0.00482025 199 3 1 -1.40171e-06 
0.00120456 0.000486028 0.521647 0.0025 1.03729 1.05255 2.53698 0.00482025 200 3 1 -1.40171e-06 
0.00361569 0.00177583 1.59116 0.0025 1.03561 1.0502 2.53533 0.00482806 201 4 1 -8.11803e-07 
0.00603263 0.0032268 1.51146 0.0025 1.03299 1.04651 2.53271 0.00484032 202 4 1 2.0279e-07 
0.00845602 0.00303761 1.26603 0.0025 1.03033 1.04268 2.5301 0.00485283 203 4 1 -5.10324e-07 
0.0108855 0.00356367 2.57839 0.0025 1.02673 1.03754 2.52662 0.00486983 204 4 1 -2.07125e-06 
0.0133259 0.00781769 4.78385 0.0025 1.02071 1.02915 2.52066 0.00489855 205 4 1 1.77689e-07 
0.0157841 0.0127917 2.78957 0.0025 1.01447 1.02043 2.51438 0.00492867 206 4 1 2.95725e-06 
0.0182546 0.0128218 1.22993 0.0025 1.01046 1.01467 2.51042 0.00494823 207 4 1 4.36309e-07 
0.0207323 0.0136218 2.8166 0.0025 1.00645 1.00896 2.50651 0.00496797 208 4 1 -1.79254e-06 
0.0232226 0.018108 4.38357 0.0025 1.00038 1.00055 2.50043 0.00499811 209 4 1 2.81325e-07 
0.0257305 0.023091 3.19306 0.0025 0.99404 0.991746 2.49402 0.00502998 210 4 1 2.22629e-06 
0.0282526 0.0256598 2.02551 0.0025 0.989188 0.984918 2.48915 0.00505465 211 4 1 9.71797e-07 
0.0307852 0.027849 2.4658 0.0025 0.984846 0.978822 2.48481 0.00507694 212 4 1 -4.5352e-07 
0.0333296 0.0320082 3.32226 0.0025 0.979716 0.971724 2.47963 0.00510352 213 4 1 1.10938e-07 
0.0358887 0.0370813 2.96022 0.0025 0.97427 0.964207 2.47408 0.00513205 214 4 1 1.19087e-06 
0.0384617 0.0412659 2.32306 0.0025 0.969456 0.957521 2.46918 0.00515753 215 4 1 7.65396e-07 
0.0410463 0.0453112 2.53079 0.0025 0.964952 0.95128 2.4646 0.00518161 216 4 1 1.39654e-07 
0.0436433 0.0503015 2.71918 0.0025 0.960245 0.94481 2.45978 0.005207 217 4 1 5.43123e-07 
0.0462533 0.0552193 2.31398 0.0025 0.955689 0.93854 2.4551 0.00523183 218 4 1 6.65973e-07 
0.0488751 0.059773 2.34042 0.0025 0.951363 0.932575 2.45066 0.00525562 219 4 1 1.13435e-07 
0.051509 0.0651044 2.7103 0.0025 0.946784 0.926309 2.44594 0.00528103 220 4 1 2.79114e-07 
0.0541562 0.0707986 2.49936 0.0025 0.942113 0.919934 2.44109 0.00530722 221 4 1 7.58378e-07 
0.0568162 0.0758922 2.21973 0.0025 0.937764 0.913982 2.43658 0.00533183 222 4 1 5.05338e-07 
0.0594881 0.0809825 2.32731 0.0025 0.93354 0.908216 2.43219 0.00535595 223 4 1 2.575e-07 
0.0621722 0.0863169 2.35587 0.0025 0.929228 0.90235 2.42769 0.00538081 224 4 1 3.06853e-07 
0.0648689 0.0917497 2.41849 0.0025 0.924837 0.896384 2.42309 0.00540636 225 4 1 2.87689e-07 
0.0675786 0.0974469 2.49648 0.0025 0.920339 0.890294 2.41837 0.00543278 226 4 1 4.43774e-07 
0.0703017 0.103134 2.35157 0.0025 0.915885 0.884272 2.41368 0.0054592 227 4 1 5.75214e-07 
0.0730378 0.108496 2.25087 0.0025 0.911592 0.878467 2.40915 0.00548491 228 4 1 3.88829e-07 
0.0757867 0.11395 2.34212 0.0025 0.907301 0.872679 2.40461 0.00551085 229 4 1 2.6835e-07 
0.0785487 0.119591 2.40625 0.0025 0.902892 0.866749 2.39993 0.00553776 230 4 1 3.15718e-07 
0.0813245 0.125425 2.46366 0.0025 0.898387 0.860706 2.39513 0.00556553 231 4 1 4.41768e-07 
0.0841143 0.131265 2.37067 0.0025 0.893898 0.854696 2.39034 0.00559348 232 4 1 5.44421e-07 
0.086918 0.136894 2.29598 0.0025 0.889521 0.848838 2.38565 0.005621 233 4 1 4.50244e-07 
0.0897353 0.142534 2.31405 0.0025 0.885178 0.843037 2.38098 0.00564858 234 4 1 3.50146e-07 
0.0925666 0.148261 2.37332 0.0025 0.880773 0.837169 2.37624 0.00567683 235 4 1 3.34972e-07 
0.0954122 0.15421 2.42796 0.0025 0.876278 0.831198 2.37138 0.00570595 236 4 1 4.42889e-07 
0.0982726 0.160156 2.35883 0.0025 0.871783 0.825237 2.3665 0.00573537 237 4 1 5.14254e-07 
0.101148 0.166008 2.32931 0.0025 0.867349 0.819365 2.36168 0.00576469 238 4 1 4.66625e-07 
0.104037 0.171852 2.3143 0.0025 0.862939 0.813537 2.35687 0.00579415 239 4 1 4.03852e-07 
0.106942 0.177767 2.37229 0.0025 0.85849 0.80767 2.35201 0.00582418 240 4 1 3.8307e-07 
0.109862 0.183853 2.39388 0.0025 0.853975 0.801733 2.34705 0.00585497 241 4 1 4.64964e-07 
0.112797 0.189931 2.36265 0.0025 0.849457 0.795803 2.34208 0.00588611 242 4 1 5.10793e-07 
0.115748 0.195987 2.33235 0.0025 0.844975 0.789929 2.33713 0.00591733 243 4 1 4.94229e-07 
0.118714 0.202015 2.32062 0.0025 0.840516 0.784097 2.33219 0.00594873 244 4 1 4.5019e-07 
0.121696 0.20811 2.34957 0.0025 0.836036 0.778253 2.32721 0.0059806 245 4 1 4.35523e-07 
0.124695 0.214314 2.36364 0.0025 0.831517 0.772371 2.32217 0.00601311 246 4 1 4.79481e-07 
0.12771 0.220546 2.35029 0.0025 0.826986 0.766487 2.3171 0.00604605 247 4 1 5.08267e-07 
0.130741 0.226794 2.3358 0.0025 0.822468 0.76063 2.31202 0.00607927 248 4 1 5.15823e-07 
0.133789 0.233016 2.31537 0.0025 0.817965 0.754806 2.30695 0.00611273 249 4 1 4.8577e-07 
0.136854 0.239307 2.34382 0.0025 0.813447 0.748974 2.30185 0.00614668 250 4 1 4.67041e-07 
0.139936 0.245685 2.35437 0.0025 0.808891 0.74311 2.29668 0.0061813 251 4 1 5.09217e-07 
0.143035 0.252109 2.34526 0.0025 0.804325 0.737246 2.29149 0.00621639 252 4 1 5.42109e-07 
0.146152 0.258552 2.32176 0.0025 0.799774 0.731413 2.2863 0.00625176 253 4 1 5.50402e-07 
0.149287 0.264941 2.30565 0.0025 0.795243 0.725616 2.28111 0.00628738 254 4 1 5.13551e-07 
0.15244 0.271427 2.33112 0.0025 0.790696 0.719813 2.27588 0.00632354 255 4 1 4.97004e-07 
0.15561 0.277986 2.34369 0.0025 0.786112 0.713979 2.27059 0.00636042 256 4 1 5.42524e-07 
0.1588 0.284603 2.32762 0.0025 0.78152 0.708149 2.26528 0.00639779 257 4 1 5.77622e-07 
0.162008 0.291207 2.30435 0.0025 0.776947 0.702354 2.25997 0.00643545 258 4 1 5.65492e-07 
0.165236 0.297815 2.30724 0.0025 0.772379 0.696577 2.25464 0.00647351 259 4 1 5.27315e-07 
0.168482 0.304532 2.33768 0.0025 0.767777 0.690775 2.24926 0.00651231 260 4 1 5.48426e-07 
0.171748 0.311337 2.3268 0.0025 0.763151 0.684958 2.24383 0.00655178 261 4 1 6.09726e-07 
0.175034 0.318106 2.29563 0.0025 0.758546 0.679177 2.23841 0.00659156 262 4 1 6.02549e-07 
0.17834 0.324889 2.29791 0.0025 0.753951 0.673424 2.23297 0.00663173 263 4 1 5.63622e-07 
0.181666 0.331761 2.31722 0.0025 0.749332 0.667656 2.22749 0.00667261 264 4 1 5.80118e-07 
0.185012 0.338693 2.31127 0.0025 0.744693 0.661877 2.22197 0.00671418 265 4 1 6.1668e-07 
0.18838 0.345667 2.29951 0.0025 0.740056 0.656114 2.21642 0.00675625 266 4 1 6.22781e-07 
0.191768 0.352652 2.29407 0.0025 0.73542 0.650366 2.21086 0.00679884 267 4 1 6.08077e-07 
0.195179 0.359702 2.30777 0.0025 0.730768 0.644614 2.20525 0.00684212 268 4 1 6.1913e-07 
0.198611 0.366813 2.29962 0.0025 0.726101 0.638859 2.19961 0.0068861 269 4 1 6.44399e-07 
0.202065 0.373954 2.29776 0.0025 0.721431 0.633114 2.19394 0.00693067 270 4 1 6.56541e-07 
0.205541 0.381161 2.28289 0.0025 0.716764 0.627388 2.18825 0.0069758 271 4 1 6.65334e-07 
0.209041 0.388366 2.2788 0.0025 0.712101 0.621681 2.18255 0.00702148 272 4 1 6.48618e-07 
0.212563 0.395654 2.29137 0.0025 0.707422 0.61597 2.1768 0.00706792 273 4 1 6.66106e-07 
0.216109 0.402998 2.2782 0.0025 0.702735 0.610265 2.17102 0.00711506 274 4 1 7.04517e-07 
0.219678 0.410341 2.25921 0.0025 0.698063 0.604593 2.16524 0.00716268 275 4 1 6.98628e-07 
0.223271 0.417712 2.26017 0.0025 0.6934 0.598946 2.15944 0.00721085 276 4 1 7.05889e-07 
0.226889 0.425121 2.23931 0.0025 0.688749 0.593331 2.15363 0.00725954 277 4 1 7.43585e-07 
0.230531 0.432492 2.20379 0.0025 0.684139 0.587779 2.14786 0.00730846 278 4 1 7.43738e-07 
0.234198 0.439822 2.18156 0.0025 0.679574 0.582295 2.14211 0.00735755 279 4 1 7.24163e-07 
0.237889 0.447152 2.16367 0.0025 0.675043 0.576868 2.13639 0.00740693 280 4 1 7.37784e-07 
0.241605 0.454441 2.1232 0.0025 0.670562 0.571515 2.1307 0.00745643 281 4 1 7.49514e-07 
0.245345 0.46165 2.08594 0.0025 0.666146 0.566252 2.12508 0.00750586 282 4 1 7.34963e-07 
0.249111 0.468787 2.04776 0.0025 0.661792 0.561077 2.11951 0.00755524 283 4 1 6.97238e-07 
0.252901 0.475903 2.03916 0.0025 0.657477 0.555961 2.11398 0.00760482 284 4 1 6.63433e-07 
0.256715 0.483034 2.0282 0.0025 0.653178 0.550878 2.10844 0.00765489 285 4 1 6.80966e-07 
0.260556 0.490157 1.99772 0.0025 0.648906 0.54584 2.10291 0.00770528 286 4 1 6.63648e-07 
0.264421 0.497278 2.00354 0.0025 0.644645 0.540827 2.09738 0.00775621 287 4 1 6.22634e-07 
0.268312 0.504514 2.01634 0.0025 0.640359 0.535801 2.09179 0.00780812 288 4 1 6.39245e-07 
0.272229 0.511806 2.01392 0.0025 0.636051 0.530761 2.08615 0.007861 289 4 1 6.50154e-07 
0.276173 0.519185 2.02856 0.0025 0.631716 0.525702 2.08045 0.00791495 290 4 1 6.42474e-07 
0.280144 0.52669 2.04879 0.0025 0.627334 0.520605 2.07466 0.00797023 291 4 1 6.68245e-07 
0.284143 0.534322 2.0563 0.0025 0.62291 0.515472 2.0688 0.00802685 292 4 1 6.86275e-07 
0.288171 0.54206 2.07942 0.0025 0.618438 0.510298 2.06285 0.00808489 293 4 1 6.92621e-07 
0.292228 0.54996 2.10331 0.0025 0.613904 0.505069 2.05679 0.00814459 294 4 1 7.21647e-07 
0.296316 0.558017 2.12614 0.0025 0.609309 0.499785 2.05061 0.00820601 295 4 1 7.64294e-07 
0.300434 0.566209 2.13704 0.0025 0.604662 0.494457 2.04434 0.00826908 296 4 1 7.97308e-07 
0.304585 0.574545 2.15723 0.0025 0.599966 0.489089 2.03798 0.0083338 297 4 1 8.19561e-07 
0.308768 0.583052 2.17737 0.0025 0.595218 0.48368 2.03151 0.00840028 298 4 1 8.7753e-07 
0.312985 0.591661 2.17662 0.0025 0.590441 0.478258 2.02498 0.00846824 299 4 1 9.67387e-07 
0.317237 0.600283 2.14135 0.0025 0.585691 0.472883 2.01844 0.00853692 300 4 1 1.04086e-06 
0.321522 0.60881 2.08674 0.0025 0.581027 0.467622 2.012 0.00860545 301 4 1 1.09737e-06 
0.325842 0.617112 1.99167 0.0025 0.576512 0.462545 2.00573 0.00867285 302 4 1 1.12816e-06 
0.330195 0.625063 1.87886 0.0025 0.572207 0.457718 1.99972 0.0087381 303 4 1 1.09584e-06 
0.334581 0.632605 1.76004 0.0025 0.568139 0.453169 1.99403 0.00880066 304 4 1 1.01737e-06 
0.338996 0.63975 1.65486 0.0025 0.564307 0.448894 1.98864 0.00886042 305 4 1 9.19499e-07 
0.343441 0.646523 1.56453 0.0025 0.560692 0.444873 1.98353 0.00891756 306 4 1 8.53245e-07 
0.347914 0.652977 1.47184 0.0025 0.557292 0.441105 1.97871 0.00897195 307 4 1 8.86125e-07 
0.352413 0.658925 1.30905 0.0025 0.554189 0.437677 1.9743 0.00902219 308 4 1 9.86694e-07 
0.356936 0.664052 1.06919 0.0025 0.551528 0.434743 1.9705 0.00906572 309 4 1 1.0343e-06 
0.361479 0.668046 0.774533 0.0025 0.549439 0.43244 1.96751 0.00910019 310 4 1 9.26868e-07 
0.366036 0.670841 0.523576 0.0025 0.547935 0.430777 1.96535 0.00912518 311 4 1 6.67391e-07 
0.370604 0.672776 0.368853 0.0025 0.546888 0.429619 1.96385 0.00914264 312 4 1 4.45251e-07 
0.375179 0.67416 0.253324 0.0025 0.546166 0.428824 1.96282 0.00915473 313 4 1 3.73155e-07 
0.379759 0.67498 0.116293 0.0025 0.545732 0.428346 1.9622 0.009162 314 4 1 3.15295e-07 
0.384341 0.675273 0.0191141 0.0025 0.545551 0.428141 1.96194 0.00916504 315 4 1 1.62527e-07 
0.388924 0.675301 0.0019795 0.0025 0.545504 0.428085 1.96187 0.00916584 316 4 1 4.17912e-08 
0.393507 0.675318 -0.00274493 0.0025 0.545493 0.428073 1.96186 0.00916602 317 5 1 2.4782e-08 
0.39809 0.675277 -0.0141228 0.0025 0.545503 0.428084 1.96187 0.00916586 318 4 1 2.6144e-08 
0.402673 0.675213 -0.0207012 0.0025 0.545534 0.428118 1.96192 0.00916533 319 4 1 1.71153e-08 
0.407255 0.675122 -0.0257087 0.0025 0.545579 0.428168 1.96199 0.00916457 320 4 1 1.30048e-08 
0.411837 0.675012 -0.0287311 0.0025 0.545636 0.42823 1.96207 0.00916363 321 4 1 7.78311e-09 
0.416419 0.674887 -0.0297983 0.0025 0.545698 0.428299 1.96216 0.00916258 322 4 1 4.49205e-09 
0.421 0.674755 -0.0300875 0.0025 0.545764 0.428372 1.96226 0.00916147 323 4 1 2.03381e-09 
0.42558 0.674622 -0.0297298 0.0025 0.545831 0.428447 1.96236 0.00916034 324 4 1 -3.44975e-10 
0.43016 0.674492 -0.0287482 0.0025 0.545898 0.428521 1.96246 0.00915921 325 4 1 -2.27605e-09 
0.434739 0.674368 -0.0273302 0.0025 0.545963 0.428593 1.96255 0.00915812 326 4 1 -3.6894e-09 
0.439318 0.674253 -0.0254969 0.0025 0.546025 0.428661 1.96264 0.00915709 327 4 1 -4.87898e-09 
0.443897 0.674146 -0.0233694 0.0025 0.546082 0.428724 1.96273 0.00915613 328 4 1 -5.72414e-09 
0.448474 0.674048 -0.0211919 0.0025 0.546135 0.428782 1.96281 0.00915525 329 4 1 -5.65023e-09 
0.453052 0.673959 -0.0190945 0.0025 0.546182 0.428835 1.96288 0.00915446 330 4 1 -5.35325e-09 
0.457629 0.673879 -0.0170988 0.0025 0.546225 0.428883 1.96294 0.00915374 331 4 1 -5.32512e-09 
0.462206 0.673806 -0.0152606 0.0025 0.546263 0.428926 1.963 0.0091531 332 4 1 -4.72675e-09 
0.466782 0.673741 -0.0136686 0.0025 0.546298 0.428964 1.96305 0.00915252 333 4 1 -3.87599e-09 
0.471358 0.673683 -0.0123374 0.0025 0.546329 0.428999 1.9631 0.009152 334 4 1 -3.48972e-09 
0.475934 0.673631 -0.0111837 0.0025 0.546356 0.42903 1.96314 0.00915154 335 4 1 -3.61841e-09 
0.48051 0.673586 -0.0101046 0.0025 0.546381 0.429058 1.96318 0.00915112 336 4 1 -3.03087e-09 
0.485085 0.673545 -0.00905416 0.0025 0.546404 0.429083 1.96322 0.00915074 337 4 1 -2.48761e-09 
0.48966 0.673509 -0.00805607 0.0025 0.546423 0.429106 1.96325 0.00915041 338 4 1 -2.82287e-09 
0.494236 0.673475 -0.00716849 0.0025 0.546441 0.429126 1.96328 0.00915012 339 4 1 -2.60435e-09 
0.498811 0.673445 -0.00643489 0.0025 0.546457 0.429144 1.9633 0.00914986 340 4 1 -1.50041e-09 
0.503385 0.673418 -0.00585003 0.0025 0.546471 0.42916 1.96333 0.00914962 341 4 1 -9.38317e-10 
0.50796 0.673393 -0.00536181 0.0025 0.546483 0.429175 1.96335 0.00914941 342 4 1 -2.02007e-09 
0.512535 0.673371 -0.00490738 0.0025 0.546495 0.429189 1.96337 0.00914922 343 4 1 -1.57296e-09 
0.517109 0.673351 -0.00445483 0.0025 0.546505 0.429201 1.96339 0.00914904 344 4 1 -4.77673e-10 
0.521684 0.673333 -0.00401674 0.0025 0.546514 0.429212 1.96341 0.00914889 345 4 1 -9.51747e-10 
0.526258 0.673316 -0.00362762 0.0025 0.546522 0.429222 1.96342 0.00914876 346 4 1 -1.61886e-09 
0.530833 0.6733 -0.00330908 0.0025 0.54653 0.429231 1.96344 0.00914863 347 4 1 -7.02033e-10 
0.535407 0.673286 -0.00305422 0.0025 0.546537 0.429239 1.96345 0.00914852 348 4 1 1.39222e-10 
0.539981 0.673273 -0.00283926 0.0025 0.546543 0.429247 1.96347 0.00914842 349 4 1 -7.28297e-10 
0.544555 0.673261 -0.00264485 0.0025 0.546548 0.429254 1.96348 0.00914833 350 4 1 -9.92456e-10 
0.549129 0.67325 -0.00246566 0.0025 0.546553 0.429261 1.96349 0.00914824 351 4 1 -5.57106e-11 
0.553704 0.67324 -0.00230443 0.0025 0.546558 0.429267 1.9635 0.00914816 352 4 1 3.1014e-10 
0.558278 0.673231 -0.00216176 0.0025 0.546562 0.429273 1.96351 0.00914809 353 4 1 -9.61551e-10 
0.562852 0.673223 -0.00203293 0.0025 0.546566 0.429278 1.96353 0.00914803 354 4 1 -5.86325e-10 
0.567426 0.673216 -0.00191205 0.0025 0.546569 0.429284 1.96354 0.00914797 355 4 1 7.6729e-10 
0.572 0.673209 -0.00179693 0.0025 0.546572 0.429288 1.96355 0.00914792 356 4 1 -1.89499e-10 
0.576574 0.673203 -0.00168929 0.0025 0.546575 0.429293 1.96356 0.00914787 357 4 1 -7.90549e-10 
0.581147 0.673197 -0.0015911 0.0025 0.546578 0.429297 1.96357 0.00914783 358 4 1 2.91753e-10 
0.585721 0.673192 -0.00150126 0.0025 0.54658 0.429301 1.96358 0.0091478 359 4 1 5.6598e-10 
0.590295 0.673188 -0.00141533 0.0025 0.546582 0.429305 1.96359 0.00914777 360 4 1 -8.90568e-10 
0.594869 0.673183 -0.00132747 0.0025 0.546583 0.429309 1.9636 0.00914774 361 4 1 -9.46061e-11 
0.599443 0.67318 -0.00123209 0.0025 0.546584 0.429312 1.96361 0.00914772 362 4 1 1.19411e-09 
0.604017 0.673176 -0.00112397 0.0025 0.546585 0.429315 1.96362 0.0091477 363 4 1 -1.16629e-09 
0.608591 0.673172 -0.000997646 0.0025 0.546586 0.429317 1.96363 0.0091477 364 4 1 -5.60372e-10 
0.613165 0.673168 -0.000847773 0.0025 0.546586 0.42932 1.96364 0.00914769 365 3 1 1.70114e-09 
0.617738 0.673164 -0.000671301 0.0025 0.546585 0.429321 1.96365 0.00914771 366 4 1 -1.29692e-09 
0.622312 0.67316 -0.000470489 0.0025 0.546584 0.429323 1.96366 0.00914772 367 4 1 -1.3502e-09 
0.626886 0.673155 -0.000255151 0.0025 0.546583 0.429323 1.96367 0.00914775 368 4 1 1.4953e-09 
0.63146 0.67315 -4.26871e-05 0.0025 0.54658 0.429324 1.96368 0.00914779 369 4 1 1.09398e-10 
0.636034 0.673144 0.000144662 0.0025 0.546577 0.429324 1.96369 0.00914784 370 4 1 -1.03686e-09 
0.640608 0.673138 0.000284912 0.0025 0.546574 0.429323 1.9637 0.00914789 371 4 1 7.56344e-10 
0.645182 0.673131 0.000362409 0.0025 0.54657 0.429322 1.96371 0.00914796 372 4 1 1.28108e-09 
0.649756 0.673125 0.000372787 0.0025 0.546566 0.429321 1.96372 0.00914803 373 4 1 -1.58326e-10 
0.65433 0.673119 0.000324649 0.0025 0.546562 0.429321 1.96373 0.00914809 374 4 1 1.03689e-09 
0.658904 0.673114 0.00023694 0.0025 0.546558 0.42932 1.96375 0.00914816 375 4 1 1.81796e-09 
0.663478 0.67311 0.000132959 0.0025 0.546554 0.42932 1.96376 0.00914823 376 4 1 1.55933e-10 
0.668052 0.673106 3.35506e-05 0.0025 0.546549 0.42932 1.96377 0.00914831 377 4 1 1.33712e-09 
0.672626 0.673103 -4.76969e-05 0.0025 0.546545 0.42932 1.96379 0.00914838 378 4 1 1.40801e-09 
0.6772 0.673101 -0.000105721 0.0025 0.54654 0.42932 1.96381 0.00914846 379 4 1 1.324e-09 
0.681775 0.673098 -0.000142097 0.0025 0.546535 0.429321 1.96383 0.00914854 380 4 1 2.80325e-09 
0.686349 0.673096 -0.000161692 0.0025 0.54653 0.429321 1.96385 0.00914863 381 4 1 -1.12842e-09 
0.690923 0.673094 -0.00016967 0.0025 0.546524 0.429322 1.96387 0.00914873 382 4 1 1.51973e-09 
0.695498 0.673093 -0.000169924 0.0025 0.546518 0.429322 1.9639 0.00914883 383 4 1 4.92053e-09 
0.700072 0.673091 -0.000164921 0.0025 0.546511 0.429323 1.96393 0.00914895 384 4 1 -1.57813e-09 
0.704647 0.67309 -0.000156342 0.0025 0.546503 0.429323 1.96395 0.00914907 385 4 1 2.11439e-09 
0.709221 0.673089 -0.000145754 0.0025 0.546495 0.429323 1.96398 0.00914921 386 4 1 3.56307e-09 
0.713796 0.673087 -0.000134831 0.0025 0.546487 0.429324 1.96402 0.00914936 387 4 1 2.8439e-09 
0.718371 0.673086 -0.000125095 0.0025 0.546476 0.429324 1.96406 0.00914953 388 4 1 4.72598e-09 
0.722945 0.673085 -0.000117453 0.0025 0.546465 0.429325 1.9641 0.00914971 389 4 1 -2.23771e-09 
0.72752 0.673084 -0.000111899 0.0025 0.546454 0.429325 1.96414 0.00914991 390 4 1 5.48044e-09 
0.732095 0.673083 -0.00010764 0.0025 0.546441 0.429325 1.96419 0.00915012 391 4 1 4.76818e-09 
0.73667 0.673082 -0.000103587 0.0025 0.546427 0.429326 1.96424 0.00915035 392 4 1 8.2366e-09 
0.741246 0.673082 -9.89503e-05 0.0025 0.546413 0.429329 1.9643 0.00915058 393 4 1 -3.51264e-09 
0.745821 0.673081 -9.35819e-05 0.0025 0.54639 0.42933 1.96436 0.00915097 394 4 1 1.43726e-07 
0.750397 0.67308 -8.79323e-05 0.0025 0.546379 0.429359 1.96459 0.00915115 395 4 1 -1.3869e-07 
0.754972 0.673079 -8.26859e-05 0.0025 0.545981 0.429204 1.96466 0.00915783 396 5 1 3.48564e-06 
0.759555 0.673079 -7.83404e-05 0.0025 0.548246 0.430868 1.96851 0.00912 397 3 1 -1.90585e-05 
0.764092 0.673078 -7.50098e-05 0.0025 0.536916 0.426198 1.95005 0.00931245 398 4 1 0.000179253 
0.768873 0.673078 -7.22473e-05 0.0025 0.511058 0.432735 2.15251 0.00978363 399 4 1 -0.000134225 
0.773883 0.673077 -6.97528e-05 0.0025 0.482812 0.424509 2.1555 0.010356 400 4 1 0.000266086 
0.779243 0.673077 -6.72482e-05 0.0025 0.454327 0.432953 2.44419 0.0110053 401 4 1 -0.000240409 
0.784899 0.673076 -6.4703e-05 0.0025 0.447029 0.427288 2.38027 0.011185 402 5 1 5.38095e-05 
0.79043 0.673076 -6.24193e-05 0.0025 0.45246 0.429659 2.37465 0.0110507 403 4 1 -3.01273e-06 
0.795949 0.673075 -6.04788e-05 0.0025 0.453642 0.429329 2.36526 0.0110219 404 4 1 3.9128e-06 
0.801452 0.673075 -5.89528e-05 0.0025 0.454722 0.429388 2.36047 0.0109957 405 4 1 1.27163e-06 
0.806945 0.673074 -5.78531e-05 0.0025 0.455346 0.429362 2.35717 0.0109807 406 4 1 8.42992e-07 
0.812432 0.673074 -5.72264e-05 0.0025 0.45579 0.42935 2.35487 0.01097 407 4 1 5.44452e-07 
0.817915 0.673074 -5.71598e-05 0.0025 0.456111 0.429343 2.35321 0.0109623 408 4 1 3.49191e-07 
0.823395 0.673074 -5.77303e-05 0.0025 0.456351 0.429338 2.35197 0.0109565 409 4 1 2.46839e-07 
0.828872 0.673073 -5.89433e-05 0.0025 0.456536 0.429336 2.35102 0.010952 410 4 1 1.7736e-07 
0.834347 0.673073 -6.07222e-05 0.0025 0.456679 0.429334 2.35028 0.0109486 411 4 1 1.31019e-07 
0.83982 0.673073 -6.28803e-05 0.0025 0.456793 0.429333 2.34969 0.0109459 412 4 1 9.81316e-08 
0.845292 0.673073 -6.47326e-05 0.0025 0.456884 0.429332 2.34922 0.0109437 413 4 1 7.55165e-08 
0.850764 0.673073 -6.44325e-05 0.0025 0.456958 0.429332 2.34885 0.0109419 414 4 1 5.88941e-08 
0.856234 0.673073 -5.82069e-05 0.0025 0.457018 0.429331 2.34854 0.0109405 415 4 1 4.64275e-08 
0.861704 0.673073 -4.39367e-05 0.0025 0.457067 0.429331 2.34829 0.0109393 416 4 1 3.70573e-08 
0.867174 0.673073 -3.22924e-05 0.0025 0.457107 0.429331 2.34808 0.0109384 417 4 1 2.99572e-08 
0.872643 0.673073 -0.000118711 0.0025 0.457141 0.429331 2.34791 0.0109375 418 4 1 2.47887e-08 
0.878111 0.673073 -0.000541331 0.0025 0.457169 0.429332 2.34777 0.0109369 419 4 1 2.24338e-08 
0.88358 0.673068 -0.00257134 0.0025 0.457195 0.429334 2.34765 0.0109363 420 4 1 2.58388e-08 
0.889048 0.673047 -0.0101174 0.0025 0.457222 0.429345 2.34757 0.0109356 421 4 1 3.93955e-08 
0.894515 0.672978 -0.0309405 0.0025 0.457261 0.429376 2.34753 0.0109347 422 4 1 4.79821e-08 
0.899982 0.672815 -0.0581531 0.0025 0.457318 0.429428 2.34755 0.0109333 423 3 1 -9.52034e-08 
0.905448 0.672691 0.0364835 0.0025 0.457303 0.429365 2.34744 0.0109337 424 4 1 -9.37794e-07 
0.910916 0.674152 1.06699 0.0025 0.456741 0.428662 2.34622 0.0109471 425 4 1 3.30754e-07 
0.916396 0.679051 0.456899 0.0025 0.456498 0.428731 2.34559 0.010953 426 5 1 1.78042e-05 
0.921869 0.663012 -12.1003 0.0025 0.463552 0.439092 2.36043 0.0107863 427 4 1 0.000102266 
0.927186 0.579167 -38.3549 0.0025 0.491571 0.478818 2.42182 0.0101715 428 4 1 0.000227282 
0.932071 0.414987 -54.0219 0.0025 0.54803 0.560188 2.54358 0.00912358 429 4 1 0.000208237 
0.936364 0.247256 -41.8681 0.0025 0.619011 0.665661 2.68537 0.0080774 430 4 1 9.15584e-05 
0.940183 0.137832 -24.3231 0.0025 0.680956 0.761354 2.79763 0.00734262 431 4 1 2.1177e-05 
0.943719 0.0743742 -14.3834 0.0025 0.724253 0.830563 2.86995 0.00690366 432 4 1 -3.31237e-06 
0.947091 0.0381495 -7.79774 0.0025 0.751551 0.875024 2.9132 0.00665291 433 4 1 -9.64784e-06 
0.950373 0.0191622 -4.06466 0.0025 0.767113 0.900699 2.93695 0.00651795 434 4 1 -7.74721e-06 
0.953609 0.00941487 -2.07241 0.0025 0.775391 0.914418 2.94914 0.00644836 435 4 1 -4.68765e-06 
0.956822 0.00456204 -1.03858 0.0025 0.779654 0.921432 2.95509 0.0064131 436 4 1 -2.544e-06 
0.960022 0.00215841 -0.525895 0.0025 0.781833 0.924929 2.9578 0.00639523 437 4 1 -1.29612e-06 
0.963217 0.000961489 -0.269414 0.0025 0.782984 0.926672 2.95891 0.00638583 438 4 1 -6.61142e-07 
0.966408 0.000361681 -0.14056 0.0025 0.783634 0.92755 2.95919 0.00638053 439 4 1 -3.46203e-07 
0.969597 6.12635e-05 -0.0747437 0.0025 0.784044 0.928 2.95905 0.00637719 440 4 1 -1.90596e-07 
0.972785 -8.58932e-05 -0.0408191 0.0025 0.78434 0.928238 2.95868 0.00637479 441 4 1 -1.04611e-07 
0.975972 -0.00015335 -0.023103 0.0025 0.784581 0.92837 2.95818 0.00637283 442 4 1 -3.01649e-08 
0.979158 -0.000177929 -0.0131586 0.0025 0.78479 0.928457 2.95764 0.00637113 443 4 1 1.10518e-07 
0.982343 -0.000175356 -0.00385967 0.0025 0.784944 0.928535 2.95723 0.00636988 444 3 1 4.98431e-07 
0.985528 -0.000145731 -0.00087498 0.0025 0.784924 0.928646 2.95742 0.00637004 445 4 1 1.697e-06 
0.988713 -0.000121842 -0.00130897 0.0025 0.784353 0.928845 2.95965 0.00637468 446 4 1 4.52462e-06 
0.991903 -8.59424e-05 0.00107381 0.0025 0.781742 0.928777 2.9673 0.00639598 447 4 1 1.49432e-05 
0.995109 -5.3939e-05 -0.000343093 0.0025 0.774373 0.927949 2.99275 0.00645684 448 4 1 1.77313e-05 
0.99836 -1.7464e-05 0.000381011 0.0025 0.765645 0.92807 3.038 0.00653044 449 4 1 -3.46269e-05 
1.00164 1.7464e-05 -0.000381011 0.0025 0.765645 0.92807 3.038 0.00653044 450 4 1 -3.46269e-05 
1.00489 5.3939e-05 0.000343093 0.0025 0.774373 0.927949 2.99275 0.00645684 451 4 1 1.77313e-05 
1.0081 8.59424e-05 -0.00107381 0.0025 0.781742 0.928777 2.9673 0.00639598 452 4 1 1.49432e-05 
1.01129 0.000121842 0.00130897 0.0025 0.784353 0.928845 2.95965 0.00637468 453 4 1 4.52462e-06 
1.01447 0.000145731 0.00087498 0.0025 0.784924 0.928646 2.95742 0.00637004 454 4 1 1.697e-06 
1.01766 0.000175356 0.00385967 0.0025 0.784944 0.928535 2.95723 0.00636988 455 3 1 4.98431e-07 
1.02084 0.000177929 0.0131586 0.0025 0.78479 0.928457 2.95764 0.00637113 456 4 1 1.10518e-07 
1.02403 0.00015335 0.023103 0.0025 0.784581 0.92837 2.95818 0.00637283 457 4 1 -3.01649e-08 
1.02721 8.58932e-05 0.0408191 0.0025 0.78434 0.928238 2.95868 0.00637479 458 4 1 -1.04611e-07 
1.0304 -6.12635e-05 0.0747437 0.0025 0.784044 0.928 2.95905 0.00637719 459 4 1 -1.90596e-07 
1.03359 -0.000361681 0.14056 0.0025 0.783634 0.92755 2.95919 0.00638053 460 4 1 -3.46203e-07 
1.03678 -0.000961489 0.269414 0.0025 0.782984 0.926672 2.95891 0.00638583 461 4 1 -6.61142e-07 
1.03998 -0.00215841 0.525895 0.0025 0.781833 0.924929 2.9578 0.00639523 462 4 1 -1.29612e-06 
1.04318 -0.00456204 1.03858 0.0025 0.779654 0.921432 2.95509 0.0064131 463 4 1 -2.544e-06 
1.04639 -0.00941487 2.07241 0.0025 0.775391 0.914418 2.94914 0.00644836 464 4 1 -4.68765e-06 
1.04963 -0.0191622 4.06466 0.0025 0.767113 0.900699 2.93695 0.00651795 465 4 1 -7.74721e-06 
1.05291 -0.0381495 7.79774 0.0025 0.751551 0.875024 2.9132 0.00665291 466 4 1 -9.64784e-06 
1.05628 -0.0743742 14.3834 0.0025 0.724253 0.830563 2.86995 0.00690366 467 4 1 -3.31237e-06 
1.05982 -0.137832 24.3231 0.0025 0.680956 0.761354 2.79763 0.00734262 468 4 1 2.1177e-05 
1.06364 -0.247256 41.8681 0.0025 0.619011 0.665661 2.68537 0.0080774 469 4 1 9.15584e-05 
1.06793 -0.414987 54.0219 0.0025 0.54803 0.560188 2.54358 0.00912358 470 4 1 0.000208237 
1.07281 -0.579167 38.3549 0.0025 0.491571 0.478818 2.42182 0.0101715 471 4 1 0.000227282 
1.07813 -0.663012 12.1003 0.0025 0.463552 0.439092 2.36043 0.0107863 472 4 1 0.000102266 
1.0836 -0.679051 -0.456899 0.0025 0.456498 0.428731 2.34559 0.010953 473 5 1 1.78042e-05 
1.08908 -0.674152 -1.06699 0.0025 0.456741 0.428662 2.34622 0.0109471 474 4 1 3.30754e-07 
1.09455 -0.672691 -0.0364835 0.0025 0.457303 0.429365 2.34744 0.0109337 475 4 1 -9.37794e-07 
1.10002 -0.672815 0.0581531 0.0025 0.457318 0.429428 2.34755 0.0109333 476 3 1 -9.52034e-08 
1.10548 -0.672978 0.0309405 0.0025 0.457261 0.429376 2.34753 0.0109347 477 4 1 4.79821e-08 
1.11095 -0.673047 0.0101174 0.0025 0.457222 0.429345 2.34757 0.0109356 478 4 1 3.93955e-08 
1.11642 -0.673068 0.00257134 0.0025 0.457195 0.429334 2.34765 0.0109363 479 4 1 2.58388e-08 
1.12189 -0.673073 0.000541331 0.0025 0.457169 0.429332 2.34777 0.0109369 480 4 1 2.24338e-08 
1.12736 -0.673073 0.000118711 0.0025 0.457141 0.429331 2.34791 0.0109375 481 4 1 2.47887e-08 
1.13283 -0.673073 3.22923e-05 0.0025 0.457107 0.429331 2.34808 0.0109384 482 4 1 2.99572e-08 
1.1383 -0.673073 4.39367e-05 0.0025 0.457067 0.429331 2.34829 0.0109393 483 4 1 3.70573e-08 
1.14377 -0.673073 5.82069e-05 0.0025 0.457018 0.429331 2.34854 0.0109405 484 4 1 4.64275e-08 
1.14924 -0.673073 6.44326e-05 0.0025 0.456958 0.429332 2.34885 0.0109419 485 4 1 5.88941e-08 
1.15471 -0.673073 6.47326e-05 0.0025 0.456884 0.429332 2.34922 0.0109437 486 4 1 7.55165e-08 
1.16018 -0.673073 6.28803e-05 0.0025 0.456793 0.429333 2.34969 0.0109459 487 4 1 9.81316e-08 
1.16565 -0.673073 6.07222e-05 0.0025 0.456679 0.429334 2.35028 0.0109486 488 4 1 1.31019e-07 
1.17113 -0.673073 5.89433e-05 0.0025 0.456536 0.429336 2.35102 0.010952 489 4 1 1.7736e-07 
1.17661 -0.673074 5.77303e-05 0.0025 0.456351 0.429338 2.35197 0.0109565 490 4 1 2.46839e-07 
1.18208 -0.673074 5.71598e-05 0.0025 0.456111 0.429343 2.35321 0.0109623 491 4 1 3.49191e-07 
1.18757 -0.673074 5.72264e-05 0.0025 0.45579 0.42935 2.35487 0.01097 492 4 1 5.44452e-07 
1.19305 -0.673074 5.78531e-05 0.0025 0.455346 0.429362 2.35717 0.0109807 493 4 1 8.42992e-07 
1.19855 -0.673075 5.89528e-05 0.0025 0.454722 0.429388 2.36047 0.0109957 494 4 1 1.27163e-06 
1.20405 -0.673075 6.04788e-05 0.0025 0.453642 0.429329 2.36526 0.0110219 495 4 1 3.9128e-06 
1.20957 -0.673076 6.24193e-05 0.0025 0.45246 0.429659 2.37465 0.0110507 496 4 1 -3.01273e-06 
1.2151 -0.673076 6.4703e-05 0.0025 0.447029 0.427288 2.38027 0.011185 497 5 1 5.38095e-05 
1.22076 -0.673077 6.72482e-05 0.0025 0.454327 0.432953 2.44419 0.0110053 498 4 1 -0.000240409 
1.22612 -0.673077 6.97529e-05 0.0025 0.482812 0.424509 2.1555 0.010356 499 4 1 0.000266086 
