# Time [s]: 0.412541
# Columns: pos [m], vel [m/s], acc [m/s^2], mass [kg], dens [kg/m^3], pres [Pa], ene [J/kg], sml [m], id, neighbor, alpha, gradh, ...additional?
1.22455 -0.673077 5.22758e-05 0.0025 0.511058 0.432736 2.15251 0.00978362 0 4 1 -0.000134225 
1.22933 -0.673078 5.53045e-05 0.0025 0.536916 0.426199 1.95005 0.00931244 1 4 1 0.000179253 
1.23387 -0.673078 5.86578e-05 0.0025 0.548247 0.430869 1.96851 0.00911999 2 3 1 -1.90585e-05 
1.23845 -0.673079 6.21297e-05 0.0025 0.545982 0.429205 1.96466 0.00915782 3 5 1 3.48563e-06 
1.24302 -0.673079 6.52002e-05 0.0025 0.54638 0.42936 1.96459 0.00915114 4 4 1 -1.38685e-07 
1.2476 -0.67308 6.76681e-05 0.0025 0.546391 0.429331 1.96436 0.00915095 5 4 1 1.43734e-07 
1.25217 -0.673081 6.98189e-05 0.0025 0.546414 0.42933 1.9643 0.00915056 6 4 1 -3.50464e-09 
1.25675 -0.673082 7.23493e-05 0.0025 0.546428 0.429327 1.96424 0.00915034 7 4 1 8.24205e-09 
1.26133 -0.673082 7.60258e-05 0.0025 0.546442 0.429326 1.96419 0.0091501 8 4 1 4.76977e-09 
1.2659 -0.673083 8.12458e-05 0.0025 0.546455 0.429326 1.96414 0.00914989 9 4 1 5.47927e-09 
1.27048 -0.673084 8.77351e-05 0.0025 0.546466 0.429326 1.9641 0.0091497 10 4 1 -2.23833e-09 
1.27505 -0.673085 9.45321e-05 0.0025 0.546477 0.429326 1.96406 0.00914951 11 4 1 4.73009e-09 
1.27962 -0.673086 0.000100225 0.0025 0.546488 0.429325 1.96402 0.00914933 12 4 1 2.85619e-09 
1.2842 -0.673087 0.000103218 0.0025 0.546497 0.429325 1.96399 0.00914918 13 4 1 3.58556e-09 
1.28877 -0.673089 0.000101778 0.0025 0.546505 0.429325 1.96396 0.00914905 14 4 1 2.14821e-09 
1.29335 -0.67309 9.37461e-05 0.0025 0.546512 0.429325 1.96393 0.00914892 15 4 1 -1.53106e-09 
1.29792 -0.673092 7.60872e-05 0.0025 0.54652 0.429324 1.9639 0.0091488 16 4 1 4.98482e-09 
1.3025 -0.673093 4.47618e-05 0.0025 0.546526 0.429324 1.96388 0.00914869 17 4 1 1.60656e-09 
1.30707 -0.673095 -4.54838e-06 0.0025 0.546532 0.429324 1.96386 0.00914859 18 4 1 -1.0161e-09 
1.31165 -0.673098 -7.45909e-05 0.0025 0.546538 0.429324 1.96383 0.0091485 19 4 1 2.93577e-09 
1.31622 -0.673101 -0.000163957 0.0025 0.546544 0.429324 1.96381 0.0091484 20 4 1 1.45804e-09 
1.32079 -0.673104 -0.000264852 0.0025 0.546549 0.429324 1.9638 0.00914831 21 4 1 1.51096e-09 
1.32537 -0.673108 -0.000362629 0.0025 0.546554 0.429325 1.96378 0.00914823 22 4 1 1.36942e-09 
1.32994 -0.673113 -0.000437991 0.0025 0.546559 0.429326 1.96377 0.00914815 23 4 1 8.45787e-11 
1.33452 -0.673118 -0.000471626 0.0025 0.546564 0.429327 1.96375 0.00914806 24 4 1 1.63156e-09 
1.33909 -0.673124 -0.000449677 0.0025 0.546568 0.429328 1.96374 0.00914799 25 4 1 7.5473e-10 
1.34366 -0.673129 -0.00036791 0.0025 0.546573 0.429329 1.96373 0.00914791 26 4 1 -4.88503e-10 
1.34824 -0.673134 -0.000232927 0.0025 0.546577 0.42933 1.96372 0.00914784 27 4 1 9.65592e-10 
1.35281 -0.673139 -6.0066e-05 0.0025 0.54658 0.42933 1.96371 0.00914779 28 4 1 5.14128e-10 
1.35739 -0.673144 0.000130997 0.0025 0.546583 0.42933 1.9637 0.00914774 29 4 1 -1.1679e-09 
1.36196 -0.673148 0.000321224 0.0025 0.546586 0.42933 1.96369 0.0091477 30 4 1 9.88081e-11 
1.36653 -0.673151 0.000496147 0.0025 0.546587 0.429329 1.96368 0.00914767 31 4 1 1.58783e-09 
1.37111 -0.673154 0.000647748 0.0025 0.546588 0.429327 1.96367 0.00914765 32 4 1 -1.18865e-09 
1.37568 -0.673157 0.000774129 0.0025 0.546589 0.429326 1.96366 0.00914764 33 4 1 -1.10419e-09 
1.38026 -0.67316 0.000877671 0.0025 0.54659 0.429324 1.96365 0.00914763 34 3 1 1.89432e-09 
1.38483 -0.673162 0.000962838 0.0025 0.546589 0.429321 1.96364 0.00914763 35 4 1 -3.8511e-10 
1.3894 -0.673165 0.00103471 0.0025 0.546589 0.429319 1.96363 0.00914764 36 4 1 -1.01626e-09 
1.39398 -0.673168 0.00109853 0.0025 0.546588 0.429316 1.96362 0.00914765 37 4 1 1.31748e-09 
1.39855 -0.673171 0.00115949 0.0025 0.546588 0.429313 1.96361 0.00914767 38 4 1 2.69634e-12 
1.40312 -0.673175 0.00122214 0.0025 0.546586 0.42931 1.9636 0.00914769 39 4 1 -8.16248e-10 
1.4077 -0.673179 0.00128916 0.0025 0.546585 0.429307 1.96359 0.00914771 40 4 1 6.25777e-10 
1.41227 -0.673183 0.00136079 0.0025 0.546583 0.429304 1.96358 0.00914774 41 4 1 3.50469e-10 
1.41685 -0.673188 0.0014359 0.0025 0.546581 0.4293 1.96357 0.00914777 42 4 1 -7.20925e-10 
1.42142 -0.673193 0.00151422 0.0025 0.546579 0.429296 1.96356 0.0091478 43 4 1 -1.06472e-10 
1.42599 -0.673199 0.00159778 0.0025 0.546577 0.429292 1.96355 0.00914784 44 4 1 8.55953e-10 
1.43057 -0.673205 0.00168966 0.0025 0.546574 0.429288 1.96354 0.00914789 45 4 1 -5.00185e-10 
1.43514 -0.673212 0.00179143 0.0025 0.546571 0.429283 1.96353 0.00914794 46 4 1 -8.75235e-10 
1.43972 -0.67322 0.00190275 0.0025 0.546568 0.429278 1.96352 0.00914799 47 4 1 4.07862e-10 
1.44429 -0.673228 0.00202517 0.0025 0.546564 0.429273 1.96351 0.00914805 48 4 1 5.50343e-11 
1.44886 -0.673237 0.0021671 0.0025 0.54656 0.429268 1.9635 0.00914812 49 4 1 -8.90859e-10 
1.45344 -0.673248 0.00234273 0.0025 0.546556 0.429262 1.96348 0.00914819 50 4 1 -6.67073e-10 
1.45801 -0.673259 0.00256233 0.0025 0.546551 0.429255 1.96347 0.00914827 51 4 1 1.61333e-10 
1.46259 -0.67327 0.00282098 0.0025 0.546546 0.429248 1.96346 0.00914837 52 4 1 -6.57434e-10 
1.46716 -0.673283 0.00309849 0.0025 0.54654 0.429241 1.96345 0.00914847 53 4 1 -1.45913e-09 
1.47173 -0.673297 0.00337522 0.0025 0.546533 0.429232 1.96343 0.00914858 54 4 1 -6.31582e-10 
1.47631 -0.673312 0.00365261 0.0025 0.546525 0.429223 1.96342 0.00914871 55 4 1 -5.70958e-11 
1.48088 -0.673328 0.0039596 0.0025 0.546517 0.429213 1.9634 0.00914885 56 4 1 -1.18677e-09 
1.48546 -0.673346 0.0043363 0.0025 0.546508 0.429202 1.96339 0.009149 57 4 1 -1.76792e-09 
1.49003 -0.673366 0.00480589 0.0025 0.546498 0.42919 1.96337 0.00914917 58 4 1 -7.85316e-10 
1.49461 -0.673388 0.00535706 0.0025 0.546487 0.429177 1.96335 0.00914936 59 4 1 -1.27849e-09 
1.49918 -0.673411 0.00595168 0.0025 0.546474 0.429162 1.96332 0.00914957 60 4 1 -2.12249e-09 
-0.496244 -0.673437 0.0065549 0.0025 0.54646 0.429146 1.9633 0.00914981 61 4 1 -2.00775e-09 
-0.491669 -0.673466 0.00716829 0.0025 0.546444 0.429128 1.96327 0.00915007 62 4 1 -1.45284e-09 
-0.487094 -0.673499 0.0078415 0.0025 0.546426 0.429108 1.96325 0.00915036 63 4 1 -2.01667e-09 
-0.482518 -0.673535 0.00864705 0.0025 0.546407 0.429086 1.96322 0.00915069 64 4 1 -2.82299e-09 
-0.477943 -0.673576 0.00963311 0.0025 0.546386 0.429061 1.96318 0.00915105 65 4 1 -2.90751e-09 
-0.473367 -0.673622 0.0107998 0.0025 0.546362 0.429034 1.96314 0.00915145 66 4 1 -3.30689e-09 
-0.468791 -0.673673 0.0121256 0.0025 0.546335 0.429004 1.9631 0.0091519 67 4 1 -3.99169e-09 
-0.464215 -0.673729 0.0136017 0.0025 0.546304 0.42897 1.96306 0.00915241 68 4 1 -4.45326e-09 
-0.459639 -0.673792 0.015216 0.0025 0.54627 0.428932 1.963 0.00915298 69 4 1 -4.48805e-09 
-0.455062 -0.673862 0.0169216 0.0025 0.546232 0.428889 1.96295 0.00915362 70 4 1 -4.85423e-09 
-0.450485 -0.673941 0.0186726 0.0025 0.54619 0.428842 1.96288 0.00915433 71 4 1 -5.10253e-09 
-0.445908 -0.674028 0.0204888 0.0025 0.546143 0.428791 1.96281 0.00915511 72 4 1 -4.88259e-09 
-0.44133 -0.674125 0.0224298 0.0025 0.546093 0.428734 1.96274 0.00915596 73 4 1 -4.95812e-09 
-0.436752 -0.674232 0.0245205 0.0025 0.546037 0.428673 1.96266 0.00915688 74 4 1 -5.13158e-09 
-0.432173 -0.674346 0.0266905 0.0025 0.545978 0.428607 1.96257 0.00915788 75 4 1 -4.7088e-09 
-0.427594 -0.674466 0.0286337 0.0025 0.545914 0.428537 1.96248 0.00915895 76 4 1 -3.32346e-09 
-0.423014 -0.674591 0.0298463 0.0025 0.545848 0.428464 1.96238 0.00916007 77 4 1 -8.51131e-10 
-0.418434 -0.674719 0.0300358 0.0025 0.54578 0.428389 1.96228 0.0091612 78 4 1 2.28239e-09 
-0.413853 -0.674848 0.0291518 0.0025 0.545714 0.428316 1.96218 0.00916231 79 4 1 5.68054e-09 
-0.409272 -0.674973 0.0272744 0.0025 0.545653 0.428249 1.96209 0.00916334 80 4 1 8.77989e-09 
-0.40469 -0.675088 0.0246934 0.0025 0.545599 0.428189 1.96201 0.00916425 81 4 1 1.15953e-08 
-0.400108 -0.675183 0.020948 0.0025 0.545554 0.428139 1.96195 0.009165 82 4 1 1.43503e-08 
-0.395525 -0.675251 0.0154711 0.0025 0.545521 0.428103 1.9619 0.00916555 83 4 1 2.07826e-08 
-0.390942 -0.675291 0.0073341 0.0025 0.545505 0.428086 1.96187 0.00916581 84 5 1 2.4481e-08 
-0.386359 -0.675279 -0.00239484 0.0025 0.54551 0.428091 1.96188 0.00916573 85 4 1 3.70407e-08 
-0.381776 -0.675245 -0.0137993 0.0025 0.545547 0.428134 1.96193 0.00916512 86 4 1 1.23015e-07 
-0.377194 -0.675057 -0.0838871 0.0025 0.545686 0.428293 1.96213 0.00916278 87 4 1 2.78252e-07 
-0.372613 -0.674389 -0.219711 0.0025 0.546049 0.428695 1.96265 0.00915668 88 4 1 3.73315e-07 
-0.368037 -0.673134 -0.347349 0.0025 0.546704 0.429415 1.96359 0.00914572 89 4 1 4.14121e-07 
-0.363468 -0.671336 -0.477131 0.0025 0.547665 0.430476 1.96496 0.00912967 90 4 1 5.69504e-07 
-0.358908 -0.668816 -0.688255 0.0025 0.549021 0.431977 1.96691 0.00910711 91 4 1 8.29328e-07 
-0.354361 -0.665219 -0.97116 0.0025 0.550914 0.434065 1.96962 0.00907582 92 4 1 9.91715e-07 
-0.349832 -0.660474 -1.22585 0.0025 0.553381 0.436785 1.97314 0.00903537 93 4 1 9.95975e-07 
-0.345325 -0.654808 -1.41686 0.0025 0.55633 0.44004 1.97734 0.00898748 94 4 1 8.98825e-07 
-0.340844 -0.648558 -1.52088 0.0025 0.559612 0.443674 1.982 0.00893476 95 4 1 8.20909e-07 
-0.33639 -0.641971 -1.60106 0.0025 0.563114 0.447565 1.98695 0.00887919 96 4 1 8.463e-07 
-0.331965 -0.635078 -1.68979 0.0025 0.566809 0.451682 1.99216 0.00882131 97 4 1 9.30817e-07 
-0.327569 -0.627828 -1.79693 0.0025 0.570713 0.456044 1.99763 0.00876097 98 4 1 1.01223e-06 
-0.323204 -0.620202 -1.90266 0.0025 0.574837 0.460665 2.00339 0.00869812 99 4 1 1.06596e-06 
-0.318871 -0.612201 -2.00405 0.0025 0.579172 0.465534 2.00942 0.00863302 100 4 1 1.06971e-06 
-0.314571 -0.603948 -2.07441 0.0025 0.583678 0.470609 2.01566 0.00856637 101 4 1 1.02131e-06 
-0.310304 -0.595552 -2.1145 0.0025 0.588292 0.475823 2.02202 0.00849918 102 4 1 9.57703e-07 
-0.306071 -0.587121 -2.1309 0.0025 0.592956 0.48111 2.02842 0.00843232 103 4 1 8.8469e-07 
-0.301872 -0.578744 -2.1237 0.0025 0.59762 0.486413 2.03479 0.00836653 104 4 1 8.06468e-07 
-0.297705 -0.570511 -2.09723 0.0025 0.602239 0.491685 2.04106 0.00830235 105 4 1 7.67012e-07 
-0.293569 -0.562429 -2.08335 0.0025 0.606805 0.496912 2.04724 0.00823987 106 4 1 7.48267e-07 
-0.289465 -0.554485 -2.06769 0.0025 0.611324 0.5021 2.05332 0.00817897 107 4 1 7.16704e-07 
-0.28539 -0.546663 -2.04903 0.0025 0.615791 0.507243 2.05931 0.00811963 108 4 1 6.78004e-07 
-0.281345 -0.539005 -2.02186 0.0025 0.620199 0.512334 2.06519 0.00806192 109 4 1 6.59421e-07 
-0.277328 -0.531479 -2.00862 0.0025 0.624553 0.517377 2.07098 0.00800572 110 4 1 6.57456e-07 
-0.273339 -0.524061 -1.99995 0.0025 0.628868 0.522387 2.07669 0.0079508 111 4 1 6.31255e-07 
-0.269377 -0.516755 -1.97936 0.0025 0.633141 0.527363 2.08232 0.00789714 112 4 1 6.12613e-07 
-0.265442 -0.509579 -1.96836 0.0025 0.637371 0.532304 2.08788 0.00784472 113 4 1 6.26935e-07 
-0.261532 -0.50244 -1.97467 0.0025 0.641582 0.537233 2.09338 0.00779324 114 4 1 6.09143e-07 
-0.257649 -0.495398 -1.95758 0.0025 0.645771 0.542151 2.09884 0.00774268 115 4 1 5.9881e-07 
-0.25379 -0.488433 -1.96005 0.0025 0.64994 0.547059 2.10425 0.00769301 116 4 1 6.41555e-07 
-0.249955 -0.481464 -1.98748 0.0025 0.654126 0.551997 2.10966 0.00764379 117 4 1 6.48635e-07 
-0.246146 -0.474483 -1.99566 0.0025 0.658335 0.556976 2.11508 0.00759492 118 4 1 6.43219e-07 
-0.24236 -0.46752 -2.01292 0.0025 0.662564 0.561993 2.1205 0.00754644 119 4 1 6.68077e-07 
-0.238599 -0.460531 -2.04079 0.0025 0.666831 0.567067 2.12595 0.00749815 120 4 1 7.00435e-07 
-0.234862 -0.453485 -2.0811 0.0025 0.671154 0.572221 2.13146 0.00744985 121 4 1 7.19273e-07 
-0.231149 -0.446353 -2.11739 0.0025 0.675541 0.577464 2.13702 0.00740147 122 4 1 7.0569e-07 
-0.227461 -0.439186 -2.13669 0.0025 0.679975 0.582776 2.14262 0.00735321 123 4 1 6.87854e-07 
-0.223796 -0.432022 -2.15201 0.0025 0.684438 0.588139 2.14823 0.00730526 124 4 1 7.04333e-07 
-0.220155 -0.424825 -2.18645 0.0025 0.68894 0.593561 2.15387 0.00725752 125 4 1 7.09755e-07 
-0.216538 -0.417586 -2.20673 0.0025 0.693482 0.599045 2.15954 0.00720999 126 4 1 6.7961e-07 
-0.212945 -0.410384 -2.21107 0.0025 0.698039 0.604564 2.16521 0.00716292 127 4 1 6.64007e-07 
-0.209375 -0.403228 -2.22086 0.0025 0.702603 0.610104 2.17086 0.0071164 128 4 1 6.71615e-07 
-0.205829 -0.396052 -2.24026 0.0025 0.70718 0.615675 2.1765 0.00707034 129 4 1 6.3734e-07 
-0.202305 -0.388932 -2.2234 0.0025 0.71175 0.621251 2.18212 0.00702494 130 4 1 6.20635e-07 
-0.198804 -0.381883 -2.23276 0.0025 0.716306 0.626826 2.18769 0.00698026 131 4 1 6.32658e-07 
-0.195325 -0.374858 -2.23898 0.0025 0.720863 0.632416 2.19325 0.00693614 132 4 1 6.20264e-07 
-0.191868 -0.367881 -2.24198 0.0025 0.725417 0.638017 2.19878 0.00689259 133 4 1 6.18229e-07 
-0.188432 -0.360919 -2.25247 0.0025 0.729972 0.643632 2.20429 0.00684958 134 4 1 5.97887e-07 
-0.185018 -0.354022 -2.24299 0.0025 0.734517 0.649249 2.20977 0.00680719 135 4 1 5.78657e-07 
-0.181625 -0.347181 -2.24158 0.0025 0.739045 0.654859 2.21521 0.00676549 136 4 1 5.88397e-07 
-0.178252 -0.340385 -2.25174 0.0025 0.743569 0.660478 2.22062 0.00672433 137 4 1 5.92094e-07 
-0.1749 -0.333608 -2.26121 0.0025 0.748097 0.666115 2.22602 0.00668363 138 4 1 5.71938e-07 
-0.171569 -0.326863 -2.25655 0.0025 0.752618 0.671757 2.23139 0.00664348 139 4 1 5.38487e-07 
-0.168257 -0.32021 -2.23863 0.0025 0.757113 0.677381 2.23671 0.00660403 140 4 1 5.47661e-07 
-0.164965 -0.313622 -2.25213 0.0025 0.761597 0.683005 2.242 0.00656515 141 4 1 5.86206e-07 
-0.161692 -0.306992 -2.28316 0.0025 0.766103 0.688669 2.2473 0.00652654 142 4 1 5.62423e-07 
-0.158438 -0.300388 -2.27448 0.0025 0.770616 0.694352 2.25258 0.00648832 143 4 1 4.99815e-07 
-0.155203 -0.29388 -2.24336 0.0025 0.775091 0.700005 2.25781 0.00645085 144 4 1 5.16782e-07 
-0.151987 -0.287444 -2.26383 0.0025 0.779549 0.705649 2.26299 0.00641396 145 4 1 5.42898e-07 
-0.148789 -0.281009 -2.27143 0.0025 0.784018 0.711319 2.26817 0.00637741 146 4 1 5.42791e-07 
-0.14561 -0.274566 -2.29372 0.0025 0.788499 0.717016 2.27335 0.00634116 147 4 1 5.06278e-07 
-0.142448 -0.268178 -2.26698 0.0025 0.792967 0.722709 2.27849 0.00630543 148 4 1 4.65198e-07 
-0.139304 -0.261897 -2.25101 0.0025 0.797396 0.728368 2.28357 0.00627041 149 4 1 5.01407e-07 
-0.136178 -0.255637 -2.27508 0.0025 0.801821 0.734034 2.28863 0.0062358 150 4 1 5.21824e-07 
-0.133068 -0.249376 -2.28805 0.0025 0.806266 0.739736 2.2937 0.00620143 151 4 1 5.17192e-07 
-0.129976 -0.24311 -2.30682 0.0025 0.810725 0.745469 2.29876 0.00616732 152 4 1 4.75185e-07 
-0.126901 -0.236899 -2.27832 0.0025 0.815168 0.751194 2.3038 0.0061337 153 4 1 4.43693e-07 
-0.123842 -0.230788 -2.26906 0.0025 0.819575 0.756886 2.30877 0.00610072 154 4 1 4.6739e-07 
-0.1208 -0.224707 -2.27865 0.0025 0.823973 0.762579 2.31372 0.00606816 155 4 1 4.8319e-07 
-0.117774 -0.21863 -2.29369 0.0025 0.82838 0.768296 2.31866 0.00603588 156 4 1 4.90626e-07 
-0.114764 -0.21255 -2.31346 0.0025 0.832804 0.774045 2.3236 0.00600381 157 4 1 4.52327e-07 
-0.11177 -0.2065 -2.2895 0.0025 0.837215 0.779789 2.32852 0.00597218 158 4 1 4.14486e-07 
-0.108792 -0.200564 -2.27177 0.0025 0.841588 0.785498 2.33337 0.00594115 159 4 1 4.29699e-07 
-0.105829 -0.194658 -2.27584 0.0025 0.845943 0.791195 2.33819 0.00591057 160 4 1 4.5805e-07 
-0.102881 -0.188786 -2.29735 0.0025 0.850309 0.79692 2.34301 0.00588021 161 4 1 4.96124e-07 
-0.0999489 -0.182837 -2.34592 0.0025 0.854719 0.80271 2.34787 0.00584988 162 4 1 4.43069e-07 
-0.0970315 -0.176913 -2.30867 0.0025 0.859127 0.808509 2.3527 0.00581986 163 4 1 3.82732e-07 
-0.094129 -0.17112 -2.28807 0.0025 0.863485 0.814257 2.35747 0.00579049 164 4 1 3.72862e-07 
-0.091241 -0.1654 -2.25437 0.0025 0.867796 0.819955 2.36217 0.00576172 165 4 1 4.23722e-07 
-0.0883672 -0.159741 -2.30214 0.0025 0.87211 0.825671 2.36686 0.00573322 166 4 1 4.97931e-07 
-0.0855077 -0.153936 -2.36048 0.0025 0.876492 0.831482 2.37161 0.00570456 167 4 1 4.38913e-07 
-0.0826626 -0.148159 -2.33501 0.0025 0.880889 0.837325 2.37636 0.00567609 168 4 1 3.60728e-07 
-0.0798316 -0.142495 -2.29756 0.0025 0.885232 0.843108 2.38104 0.00564824 169 4 1 3.1506e-07 
-0.0770143 -0.136999 -2.23278 0.0025 0.889497 0.848804 2.38562 0.00562116 170 4 1 4.04623e-07 
-0.0742104 -0.131581 -2.31162 0.0025 0.893768 0.854521 2.3902 0.00559429 171 4 1 5.23859e-07 
-0.07142 -0.125963 -2.39497 0.0025 0.898151 0.860391 2.39488 0.00556699 172 4 1 4.81864e-07 
-0.0686434 -0.120364 -2.40793 0.0025 0.902602 0.866363 2.39962 0.00553954 173 4 1 4.11517e-07 
-0.0658804 -0.114845 -2.39394 0.0025 0.907046 0.872338 2.40434 0.0055124 174 4 1 3.06343e-07 
-0.0631309 -0.109596 -2.28595 0.0025 0.911405 0.878213 2.40895 0.00548604 175 4 1 3.49042e-07 
-0.0603944 -0.104622 -2.3296 0.0025 0.915727 0.884059 2.41351 0.00546014 176 4 1 6.14916e-07 
-0.0576708 -0.0995059 -2.5513 0.0025 0.920237 0.890163 2.41826 0.00543338 177 4 1 6.20849e-07 
-0.054961 -0.0942687 -2.57751 0.0025 0.924936 0.896524 2.4232 0.00540578 178 4 1 4.65714e-07 
-0.052265 -0.0894164 -2.5625 0.0025 0.929664 0.902949 2.42814 0.00537829 179 4 1 5.36748e-07 
-0.0495826 -0.0847469 -2.66732 0.0025 0.934459 0.909475 2.43315 0.00535069 180 4 1 4.67315e-07 
-0.0469142 -0.0803968 -2.56693 0.0025 0.939277 0.916045 2.43815 0.00532324 181 4 1 4.89135e-07 
-0.0442593 -0.0765774 -2.66519 0.0025 0.944138 0.922706 2.44318 0.00529583 182 4 1 9.64985e-07 
-0.0416184 -0.072465 -3.14064 0.0025 0.94941 0.929929 2.44864 0.00526643 183 4 1 9.305e-07 
-0.0389929 -0.0680816 -3.1531 0.0025 0.95503 0.937619 2.45444 0.00523544 184 4 1 3.30499e-07 
-0.0363829 -0.0646052 -2.79872 0.0025 0.96046 0.945092 2.46 0.00520584 185 4 1 4.92773e-07 
-0.033787 -0.0615967 -3.02884 0.0025 0.965815 0.952497 2.46547 0.00517698 186 4 1 9.57557e-07 
-0.0312058 -0.0580561 -3.33184 0.0025 0.971493 0.960335 2.47127 0.00514672 187 4 1 5.32372e-07 
-0.0286402 -0.0546328 -2.99084 0.0025 0.97715 0.968154 2.47702 0.00511692 188 4 1 2.06968e-07 
-0.0260889 -0.0520598 -2.8227 0.0025 0.982499 0.975603 2.48242 0.00508906 189 4 1 8.48106e-07 
-0.0235511 -0.0488987 -3.38596 0.0025 0.988085 0.983393 2.48806 0.00506029 190 4 1 1.06656e-06 
-0.0210285 -0.0448866 -3.5559 0.0025 0.994066 0.991701 2.4941 0.00502985 191 4 1 -4.63884e-08 
-0.0185212 -0.0412054 -2.65745 0.0025 0.99948 0.999227 2.49953 0.0050026 192 4 1 -9.6114e-07 
-0.0160259 -0.0391979 -1.67147 0.0025 1.00359 1.00502 2.5036 0.00498211 193 4 1 1.62451e-07 
-0.0135391 -0.0360221 -2.51209 0.0025 1.00746 1.0105 2.50745 0.00496298 194 4 1 1.0539e-06 
-0.0110629 -0.0294159 -2.91163 0.0025 1.01191 1.01671 2.51195 0.00494117 195 4 1 -7.78365e-07 
-0.00859792 -0.0213016 -1.23321 0.0025 1.01536 1.0215 2.5154 0.00492436 196 4 1 -2.18997e-06 
-0.00613854 -0.0171119 0.413185 0.0025 1.01655 1.02324 2.51649 0.00491858 197 4 1 9.11148e-08 
-0.00367934 -0.0142784 -1.38079 0.0025 1.01759 1.02476 2.5175 0.00491357 198 4 1 1.18421e-06 
-0.00122496 -0.0061425 -1.4441 0.0025 1.01951 1.02739 2.51955 0.0049043 199 3 1 -1.94108e-06 
0.00122496 0.0061425 1.4441 0.0025 1.01951 1.02739 2.51955 0.0049043 200 3 1 -1.94108e-06 
0.00367934 0.0142784 1.38079 0.0025 1.01759 1.02476 2.5175 0.00491357 201 4 1 1.18421e-06 
0.00613854 0.0171119 -0.413185 0.0025 1.01655 1.02324 2.51649 0.00491858 202 4 1 9.11148e-08 
0.00859792 0.0213016 1.23321 0.0025 1.01536 1.0215 2.5154 0.00492436 203 4 1 -2.18997e-06 
0.0110629 0.0294159 2.91163 0.0025 1.01191 1.01671 2.51195 0.00494117 204 4 1 -7.78365e-07 
0.0135391 0.0360221 2.51209 0.0025 1.00746 1.0105 2.50745 0.00496298 205 4 1 1.0539e-06 
0.0160259 0.0391979 1.67147 0.0025 1.00359 1.00502 2.5036 0.00498211 206 4 1 1.62451e-07 
0.0185212 0.0412054 2.65745 0.0025 0.99948 0.999227 2.49953 0.0050026 207 4 1 -9.6114e-07 
0.0210285 0.0448866 3.5559 0.0025 0.994066 0.991701 2.4941 0.00502985 208 4 1 -4.63884e-08 
0.0235511 0.0488987 3.38596 0.0025 0.988085 0.983393 2.48806 0.00506029 209 4 1 1.06656e-06 
0.0260889 0.0520598 2.8227 0.0025 0.982499 0.975603 2.48242 0.00508906 210 4 1 8.48106e-07 
0.0286402 0.0546328 2.99084 0.0025 0.97715 0.968154 2.47702 0.00511692 211 4 1 2.06968e-07 
0.0312058 0.0580561 3.33184 0.0025 0.971493 0.960335 2.47127 0.00514672 212 4 1 5.32372e-07 
0.033787 0.0615967 3.02884 0.0025 0.965815 0.952497 2.46547 0.00517698 213 4 1 9.57557e-07 
0.0363829 0.0646052 2.79872 0.0025 0.96046 0.945092 2.46 0.00520584 214 4 1 4.92773e-07 
0.0389929 0.0680816 3.1531 0.0025 0.95503 0.937619 2.45444 0.00523544 215 4 1 3.30499e-07 
0.0416184 0.072465 3.14064 0.0025 0.94941 0.929929 2.44864 0.00526643 216 4 1 9.305e-07 
0.0442593 0.0765774 2.66519 0.0025 0.944138 0.922706 2.44318 0.00529583 217 4 1 9.64985e-07 
0.0469142 0.0803968 2.56693 0.0025 0.939277 0.916045 2.43815 0.00532324 218 4 1 4.89135e-07 
0.0495826 0.0847469 2.66732 0.0025 0.934459 0.909475 2.43315 0.00535069 219 4 1 4.67315e-07 
0.052265 0.0894164 2.5625 0.0025 0.929664 0.902949 2.42814 0.00537829 220 4 1 5.36748e-07 
0.054961 0.0942687 2.57751 0.0025 0.924936 0.896524 2.4232 0.00540578 221 4 1 4.65714e-07 
0.0576708 0.0995059 2.5513 0.0025 0.920237 0.890163 2.41826 0.00543338 222 4 1 6.20849e-07 
0.0603944 0.104622 2.3296 0.0025 0.915727 0.884059 2.41351 0.00546014 223 4 1 6.14916e-07 
0.0631309 0.109596 2.28595 0.0025 0.911405 0.878213 2.40895 0.00548604 224 4 1 3.49042e-07 
0.0658804 0.114845 2.39394 0.0025 0.907046 0.872338 2.40434 0.0055124 225 4 1 3.06343e-07 
0.0686434 0.120364 2.40793 0.0025 0.902602 0.866363 2.39962 0.00553954 226 4 1 4.11517e-07 
0.07142 0.125963 2.39497 0.0025 0.898151 0.860391 2.39488 0.00556699 227 4 1 4.81864e-07 
0.0742104 0.131581 2.31162 0.0025 0.893768 0.854521 2.3902 0.00559429 228 4 1 5.23859e-07 
0.0770143 0.136999 2.23278 0.0025 0.889497 0.848804 2.38562 0.00562116 229 4 1 4.04623e-07 
0.0798316 0.142495 2.29756 0.0025 0.885232 0.843108 2.38104 0.00564824 230 4 1 3.1506e-07 
0.0826626 0.148159 2.33501 0.0025 0.880889 0.837325 2.37636 0.00567609 231 4 1 3.60728e-07 
0.0855077 0.153936 2.36048 0.0025 0.876492 0.831482 2.37161 0.00570456 232 4 1 4.38913e-07 
0.0883672 0.159741 2.30214 0.0025 0.87211 0.825671 2.36686 0.00573322 233 4 1 4.97931e-07 
0.091241 0.1654 2.25437 0.0025 0.867796 0.819955 2.36217 0.00576172 234 4 1 4.23722e-07 
0.094129 0.17112 2.28807 0.0025 0.863485 0.814257 2.35747 0.00579049 235 4 1 3.72862e-07 
0.0970315 0.176913 2.30867 0.0025 0.859127 0.808509 2.3527 0.00581986 236 4 1 3.82732e-07 
0.0999489 0.182837 2.34592 0.0025 0.854719 0.80271 2.34787 0.00584988 237 4 1 4.43069e-07 
0.102881 0.188786 2.29735 0.0025 0.850309 0.79692 2.34301 0.00588021 238 4 1 4.96124e-07 
0.105829 0.194658 2.27584 0.0025 0.845943 0.791195 2.33819 0.00591057 239 4 1 4.5805e-07 
0.108792 0.200564 2.27177 0.0025 0.841588 0.785498 2.33337 0.00594115 240 4 1 4.29699e-07 
0.11177 0.2065 2.2895 0.0025 0.837215 0.779789 2.32852 0.00597218 241 4 1 4.14486e-07 
0.114764 0.21255 2.31346 0.0025 0.832804 0.774045 2.3236 0.00600381 242 4 1 4.52327e-07 
0.117774 0.21863 2.29369 0.0025 0.82838 0.768296 2.31866 0.00603588 243 4 1 4.90626e-07 
0.1208 0.224707 2.27865 0.0025 0.823973 0.762579 2.31372 0.00606816 244 4 1 4.8319e-07 
0.123842 0.230788 2.26906 0.0025 0.819575 0.756886 2.30877 0.00610072 245 4 1 4.6739e-07 
0.126901 0.236899 2.27832 0.0025 0.815168 0.751194 2.3038 0.0061337 246 4 1 4.43693e-07 
0.129976 0.24311 2.30682 0.0025 0.810725 0.745469 2.29876 0.00616732 247 4 1 4.75185e-07 
0.133068 0.249376 2.28805 0.0025 0.806266 0.739736 2.2937 0.00620143 248 4 1 5.17192e-07 
0.136178 0.255637 2.27508 0.0025 0.801821 0.734034 2.28863 0.0062358 249 4 1 5.21824e-07 
0.139304 0.261897 2.25101 0.0025 0.797396 0.728368 2.28357 0.00627041 250 4 1 5.01407e-07 
0.142448 0.268178 2.26698 0.0025 0.792967 0.722709 2.27849 0.00630543 251 4 1 4.65198e-07 
0.14561 0.274566 2.29372 0.0025 0.788499 0.717016 2.27335 0.00634116 252 4 1 5.06278e-07 
0.148789 0.281009 2.27143 0.0025 0.784018 0.711319 2.26817 0.00637741 253 4 1 5.42791e-07 
0.151987 0.287444 2.26383 0.0025 0.779549 0.705649 2.26299 0.00641396 254 4 1 5.42898e-07 
0.155203 0.29388 2.24336 0.0025 0.775091 0.700005 2.25781 0.00645085 255 4 1 5.16782e-07 
0.158438 0.300388 2.27448 0.0025 0.770616 0.694352 2.25258 0.00648832 256 4 1 4.99815e-07 
0.161692 0.306992 2.28316 0.0025 0.766103 0.688669 2.2473 0.00652654 257 4 1 5.62423e-07 
0.164965 0.313622 2.25213 0.0025 0.761597 0.683005 2.242 0.00656515 258 4 1 5.86206e-07 
0.168257 0.32021 2.23863 0.0025 0.757113 0.677381 2.23671 0.00660403 259 4 1 5.47661e-07 
0.171569 0.326863 2.25655 0.0025 0.752618 0.671757 2.23139 0.00664348 260 4 1 5.38487e-07 
0.1749 0.333608 2.26121 0.0025 0.748097 0.666115 2.22602 0.00668363 261 4 1 5.71938e-07 
0.178252 0.340385 2.25174 0.0025 0.743569 0.660478 2.22062 0.00672433 262 4 1 5.92094e-07 
0.181625 0.347181 2.24158 0.0025 0.739045 0.654859 2.21521 0.00676549 263 4 1 5.88397e-07 
0.185018 0.354022 2.24299 0.0025 0.734517 0.649249 2.20977 0.00680719 264 4 1 5.78657e-07 
0.188432 0.360919 2.25247 0.0025 0.729972 0.643632 2.20429 0.00684958 265 4 1 5.97887e-07 
0.191868 0.367881 2.24198 0.0025 0.725417 0.638017 2.19878 0.00689259 266 4 1 6.18229e-07 
0.195325 0.374858 2.23898 0.0025 0.720863 0.632416 2.19325 0.00693614 267 4 1 6.20264e-07 
0.198804 0.381883 2.23276 0.0025 0.716306 0.626826 2.18769 0.00698026 268 4 1 6.32658e-07 
0.202305 0.388932 2.2234 0.0025 0.71175 0.621251 2.18212 0.00702494 269 4 1 6.20635e-07 
0.205829 0.396052 2.24026 0.0025 0.70718 0.615675 2.1765 0.00707034 270 4 1 6.3734e-07 
0.209375 0.403228 2.22086 0.0025 0.702603 0.610104 2.17086 0.0071164 271 4 1 6.71615e-07 
0.212945 0.410384 2.21107 0.0025 0.698039 0.604564 2.16521 0.00716292 272 4 1 6.64007e-07 
0.216538 0.417586 2.20673 0.0025 0.693482 0.599045 2.15954 0.00720999 273 4 1 6.7961e-07 
0.220155 0.424825 2.18645 0.0025 0.68894 0.593561 2.15387 0.00725752 274 4 1 7.09755e-07 
0.223796 0.432022 2.15201 0.0025 0.684438 0.588139 2.14823 0.00730526 275 4 1 7.04333e-07 
0.227461 0.439186 2.13669 0.0025 0.679975 0.582776 2.14262 0.00735321 276 4 1 6.87854e-07 
0.231149 0.446353 2.11739 0.0025 0.675541 0.577464 2.13702 0.00740147 277 4 1 7.0569e-07 
0.234862 0.453485 2.0811 0.0025 0.671154 0.572221 2.13146 0.00744985 278 4 1 7.19273e-07 
0.238599 0.460531 2.04079 0.0025 0.666831 0.567067 2.12595 0.00749815 279 4 1 7.00435e-07 
0.24236 0.46752 2.01292 0.0025 0.662564 0.561993 2.1205 0.00754644 280 4 1 6.68077e-07 
0.246146 0.474483 1.99566 0.0025 0.658335 0.556976 2.11508 0.00759492 281 4 1 6.43219e-07 
0.249955 0.481464 1.98748 0.0025 0.654126 0.551997 2.10966 0.00764379 282 4 1 6.48635e-07 
0.25379 0.488433 1.96005 0.0025 0.64994 0.547059 2.10425 0.00769301 283 4 1 6.41555e-07 
0.257649 0.495398 1.95758 0.0025 0.645771 0.542151 2.09884 0.00774268 284 4 1 5.9881e-07 
0.261532 0.50244 1.97467 0.0025 0.641582 0.537233 2.09338 0.00779324 285 4 1 6.09143e-07 
0.265442 0.509579 1.96836 0.0025 0.637371 0.532304 2.08788 0.00784472 286 4 1 6.26935e-07 
0.269377 0.516755 1.97936 0.0025 0.633141 0.527363 2.08232 0.00789714 287 4 1 6.12613e-07 
0.273339 0.524061 1.99995 0.0025 0.628868 0.522387 2.07669 0.0079508 288 4 1 6.31255e-07 
0.277328 0.531479 2.00862 0.0025 0.624553 0.517377 2.07098 0.00800572 289 4 1 6.57456e-07 
0.281345 0.539005 2.02186 0.0025 0.620199 0.512334 2.06519 0.00806192 290 4 1 6.59421e-07 
0.28539 0.546663 2.04903 0.0025 0.615791 0.507243 2.05931 0.00811963 291 4 1 6.78004e-07 
0.289465 0.554485 2.06769 0.0025 0.611324 0.5021 2.05332 0.00817897 292 4 1 7.16704e-07 
0.293569 0.562429 2.08335 0.0025 0.606805 0.496912 2.04724 0.00823987 293 4 1 7.48267e-07 
0.297705 0.570511 2.09723 0.0025 0.602239 0.491685 2.04106 0.00830235 294 4 1 7.67012e-07 
0.301872 0.578744 2.1237 0.0025 0.59762 0.486413 2.03479 0.00836653 295 4 1 8.06468e-07 
0.306071 0.587121 2.1309 0.0025 0.592956 0.48111 2.02842 0.00843232 296 4 1 8.8469e-07 
0.310304 0.595552 2.1145 0.0025 0.588292 0.475823 2.02202 0.00849918 297 4 1 9.57703e-07 
0.314571 0.603948 2.07441 0.0025 0.583678 0.470609 2.01566 0.00856637 298 4 1 1.02131e-06 
0.318871 0.612201 2.00405 0.0025 0.579172 0.465534 2.00942 0.00863302 299 4 1 1.06971e-06 
0.323204 0.620202 1.90266 0.0025 0.574837 0.460665 2.00339 0.00869812 300 4 1 1.06596e-06 
0.327569 0.627828 1.79693 0.0025 0.570713 0.456044 1.99763 0.00876097 301 4 1 1.01223e-06 
0.331965 0.635078 1.68979 0.0025 0.566809 0.451682 1.99216 0.00882131 302 4 1 9.30817e-07 
0.33639 0.641971 1.60106 0.0025 0.563114 0.447565 1.98695 0.00887919 303 4 1 8.463e-07 
0.340844 0.648558 1.52088 0.0025 0.559612 0.443674 1.982 0.00893476 304 4 1 8.20909e-07 
0.345325 0.654808 1.41686 0.0025 0.55633 0.44004 1.97734 0.00898748 305 4 1 8.98825e-07 
0.349832 0.660474 1.22585 0.0025 0.553381 0.436785 1.97314 0.00903537 306 4 1 9.95975e-07 
0.354361 0.665219 0.97116 0.0025 0.550914 0.434065 1.96962 0.00907582 307 4 1 9.91715e-07 
0.358908 0.668816 0.688255 0.0025 0.549021 0.431977 1.96691 0.00910711 308 4 1 8.29328e-07 
0.363468 0.671336 0.477131 0.0025 0.547665 0.430476 1.96496 0.00912967 309 4 1 5.69504e-07 
0.368037 0.673134 0.347349 0.0025 0.546704 0.429415 1.96359 0.00914572 310 4 1 4.14121e-07 
0.372613 0.674389 0.219711 0.0025 0.546049 0.428695 1.96265 0.00915668 311 4 1 3.73315e-07 
0.377194 0.675057 0.0838871 0.0025 0.545686 0.428293 1.96213 0.00916278 312 4 1 2.78252e-07 
0.381776 0.675245 0.0137993 0.0025 0.545547 0.428134 1.96193 0.00916512 313 4 1 1.23015e-07 
0.386359 0.675279 0.00239484 0.0025 0.54551 0.428091 1.96188 0.00916573 314 4 1 3.70407e-08 
0.390942 0.675291 -0.0073341 0.0025 0.545505 0.428086 1.96187 0.00916581 315 5 1 2.4481e-08 
0.395525 0.675251 -0.0154711 0.0025 0.545521 0.428103 1.9619 0.00916555 316 4 1 2.07826e-08 
0.400108 0.675183 -0.020948 0.0025 0.545554 0.428139 1.96195 0.009165 317 4 1 1.43503e-08 
0.40469 0.675088 -0.0246934 0.0025 0.545599 0.428189 1.96201 0.00916425 318 4 1 1.15953e-08 
0.409272 0.674973 -0.0272744 0.0025 0.545653 0.428249 1.96209 0.00916334 319 4 1 8.77989e-09 
0.413853 0.674848 -0.0291518 0.0025 0.545714 0.428316 1.96218 0.00916231 320 4 1 5.68054e-09 
0.418434 0.674719 -0.0300358 0.0025 0.54578 0.428389 1.96228 0.0091612 321 4 1 2.28239e-09 
0.423014 0.674591 -0.0298463 0.0025 0.545848 0.428464 1.96238 0.00916007 322 4 1 -8.5113e-10 
0.427594 0.674466 -0.0286337 0.0025 0.545914 0.428537 1.96248 0.00915895 323 4 1 -3.32346e-09 
0.432173 0.674346 -0.0266905 0.0025 0.545978 0.428607 1.96257 0.00915788 324 4 1 -4.7088e-09 
0.436752 0.674232 -0.0245205 0.0025 0.546037 0.428673 1.96266 0.00915688 325 4 1 -5.13158e-09 
0.44133 0.674125 -0.0224298 0.0025 0.546093 0.428734 1.96274 0.00915596 326 4 1 -4.95812e-09 
0.445908 0.674028 -0.0204888 0.0025 0.546143 0.428791 1.96281 0.00915511 327 4 1 -4.88259e-09 
0.450485 0.673941 -0.0186726 0.0025 0.54619 0.428842 1.96288 0.00915433 328 4 1 -5.10253e-09 
0.455062 0.673862 -0.0169216 0.0025 0.546232 0.428889 1.96295 0.00915362 329 4 1 -4.85423e-09 
0.459639 0.673792 -0.015216 0.0025 0.54627 0.428932 1.963 0.00915298 330 4 1 -4.48805e-09 
0.464215 0.673729 -0.0136017 0.0025 0.546304 0.42897 1.96306 0.00915241 331 4 1 -4.45326e-09 
0.468791 0.673673 -0.0121256 0.0025 0.546335 0.429004 1.9631 0.0091519 332 4 1 -3.99169e-09 
0.473367 0.673622 -0.0107998 0.0025 0.546362 0.429034 1.96314 0.00915145 333 4 1 -3.30689e-09 
0.477943 0.673576 -0.00963311 0.0025 0.546386 0.429061 1.96318 0.00915105 334 4 1 -2.90751e-09 
0.482518 0.673535 -0.00864705 0.0025 0.546407 0.429086 1.96322 0.00915069 335 4 1 -2.82299e-09 
0.487094 0.673499 -0.0078415 0.0025 0.546426 0.429108 1.96325 0.00915036 336 4 1 -2.01667e-09 
0.491669 0.673466 -0.00716829 0.0025 0.546444 0.429128 1.96327 0.00915007 337 4 1 -1.45284e-09 
0.496244 0.673437 -0.0065549 0.0025 0.54646 0.429146 1.9633 0.00914981 338 4 1 -2.00775e-09 
0.500818 0.673411 -0.00595168 0.0025 0.546474 0.429162 1.96332 0.00914957 339 4 1 -2.12249e-09 
0.505393 0.673388 -0.00535706 0.0025 0.546487 0.429177 1.96335 0.00914936 340 4 1 -1.27849e-09 
0.509968 0.673366 -0.00480589 0.0025 0.546498 0.42919 1.96337 0.00914917 341 4 1 -7.85316e-10 
0.514542 0.673346 -0.0043363 0.0025 0.546508 0.429202 1.96339 0.009149 342 4 1 -1.76792e-09 
0.519117 0.673328 -0.0039596 0.0025 0.546517 0.429213 1.9634 0.00914885 343 4 1 -1.18677e-09 
0.523691 0.673312 -0.00365261 0.0025 0.546525 0.429223 1.96342 0.00914871 344 4 1 -5.70961e-11 
0.528265 0.673297 -0.00337522 0.0025 0.546533 0.429232 1.96343 0.00914858 345 4 1 -6.31582e-10 
0.53284 0.673283 -0.00309849 0.0025 0.54654 0.429241 1.96345 0.00914847 346 4 1 -1.45913e-09 
0.537414 0.67327 -0.00282098 0.0025 0.546546 0.429248 1.96346 0.00914837 347 4 1 -6.57434e-10 
0.541988 0.673259 -0.00256233 0.0025 0.546551 0.429255 1.96347 0.00914827 348 4 1 1.61333e-10 
0.546562 0.673248 -0.00234273 0.0025 0.546556 0.429262 1.96348 0.00914819 349 4 1 -6.67072e-10 
0.551136 0.673237 -0.0021671 0.0025 0.54656 0.429268 1.9635 0.00914812 350 4 1 -8.90859e-10 
0.55571 0.673228 -0.00202517 0.0025 0.546564 0.429273 1.96351 0.00914805 351 4 1 5.50341e-11 
0.560284 0.67322 -0.00190275 0.0025 0.546568 0.429278 1.96352 0.00914799 352 4 1 4.07862e-10 
0.564858 0.673212 -0.00179143 0.0025 0.546571 0.429283 1.96353 0.00914794 353 4 1 -8.75235e-10 
0.569432 0.673205 -0.00168966 0.0025 0.546574 0.429288 1.96354 0.00914789 354 4 1 -5.00184e-10 
0.574006 0.673199 -0.00159778 0.0025 0.546577 0.429292 1.96355 0.00914784 355 4 1 8.55953e-10 
0.57858 0.673193 -0.00151422 0.0025 0.546579 0.429296 1.96356 0.0091478 356 4 1 -1.06472e-10 
0.583154 0.673188 -0.0014359 0.0025 0.546581 0.4293 1.96357 0.00914777 357 4 1 -7.20925e-10 
0.587728 0.673183 -0.00136079 0.0025 0.546583 0.429304 1.96358 0.00914774 358 4 1 3.50469e-10 
0.592302 0.673179 -0.00128916 0.0025 0.546585 0.429307 1.96359 0.00914771 359 4 1 6.25777e-10 
0.596876 0.673175 -0.00122214 0.0025 0.546586 0.42931 1.9636 0.00914769 360 4 1 -8.16248e-10 
0.601449 0.673171 -0.00115949 0.0025 0.546588 0.429313 1.96361 0.00914767 361 4 1 2.69682e-12 
0.606023 0.673168 -0.00109853 0.0025 0.546588 0.429316 1.96362 0.00914765 362 4 1 1.31748e-09 
0.610597 0.673165 -0.00103471 0.0025 0.546589 0.429319 1.96363 0.00914764 363 4 1 -1.01626e-09 
0.615171 0.673162 -0.000962838 0.0025 0.546589 0.429321 1.96364 0.00914763 364 4 1 -3.8511e-10 
0.619745 0.67316 -0.000877671 0.0025 0.54659 0.429324 1.96365 0.00914763 365 3 1 1.89432e-09 
0.624319 0.673157 -0.000774129 0.0025 0.546589 0.429326 1.96366 0.00914764 366 4 1 -1.10419e-09 
0.628892 0.673154 -0.000647748 0.0025 0.546588 0.429327 1.96367 0.00914765 367 4 1 -1.18865e-09 
0.633466 0.673151 -0.000496147 0.0025 0.546587 0.429329 1.96368 0.00914767 368 4 1 1.58783e-09 
0.63804 0.673148 -0.000321224 0.0025 0.546586 0.42933 1.96369 0.0091477 369 4 1 9.88079e-11 
0.642614 0.673144 -0.000130997 0.0025 0.546583 0.42933 1.9637 0.00914774 370 4 1 -1.1679e-09 
0.647188 0.673139 6.0066e-05 0.0025 0.54658 0.42933 1.96371 0.00914779 371 4 1 5.14128e-10 
0.651762 0.673134 0.000232927 0.0025 0.546577 0.42933 1.96372 0.00914784 372 4 1 9.65593e-10 
0.656336 0.673129 0.00036791 0.0025 0.546573 0.429329 1.96373 0.00914791 373 4 1 -4.88503e-10 
0.66091 0.673124 0.000449677 0.0025 0.546568 0.429328 1.96374 0.00914799 374 4 1 7.54729e-10 
0.665484 0.673118 0.000471626 0.0025 0.546564 0.429327 1.96375 0.00914806 375 4 1 1.63156e-09 
0.670058 0.673113 0.000437991 0.0025 0.546559 0.429326 1.96377 0.00914815 376 4 1 8.45783e-11 
0.674632 0.673108 0.000362629 0.0025 0.546554 0.429325 1.96378 0.00914823 377 4 1 1.36942e-09 
0.679206 0.673104 0.000264853 0.0025 0.546549 0.429324 1.9638 0.00914831 378 4 1 1.51096e-09 
0.68378 0.673101 0.000163957 0.0025 0.546544 0.429324 1.96381 0.0091484 379 4 1 1.45804e-09 
0.688354 0.673098 7.45909e-05 0.0025 0.546538 0.429324 1.96383 0.0091485 380 4 1 2.93577e-09 
0.692929 0.673095 4.54835e-06 0.0025 0.546532 0.429324 1.96386 0.00914859 381 4 1 -1.0161e-09 
0.697503 0.673093 -4.47618e-05 0.0025 0.546526 0.429324 1.96388 0.00914869 382 4 1 1.60656e-09 
0.702077 0.673092 -7.60873e-05 0.0025 0.54652 0.429324 1.9639 0.0091488 383 4 1 4.98482e-09 
0.706652 0.67309 -9.37461e-05 0.0025 0.546512 0.429325 1.96393 0.00914892 384 4 1 -1.53106e-09 
0.711226 0.673089 -0.000101778 0.0025 0.546505 0.429325 1.96396 0.00914905 385 4 1 2.14821e-09 
0.715801 0.673087 -0.000103218 0.0025 0.546497 0.429325 1.96399 0.00914918 386 4 1 3.58556e-09 
0.720375 0.673086 -0.000100225 0.0025 0.546488 0.429325 1.96402 0.00914933 387 4 1 2.85619e-09 
0.72495 0.673085 -9.45322e-05 0.0025 0.546477 0.429326 1.96406 0.00914951 388 4 1 4.73009e-09 
0.729525 0.673084 -8.7735e-05 0.0025 0.546466 0.429326 1.9641 0.0091497 389 4 1 -2.23833e-09 
0.7341 0.673083 -8.12458e-05 0.0025 0.546455 0.429326 1.96414 0.00914989 390 4 1 5.47927e-09 
0.738675 0.673082 -7.60258e-05 0.0025 0.546442 0.429326 1.96419 0.0091501 391 4 1 4.76977e-09 
0.74325 0.673082 -7.23493e-05 0.0025 0.546428 0.429327 1.96424 0.00915034 392 4 1 8.24205e-09 
0.747825 0.673081 -6.98189e-05 0.0025 0.546414 0.42933 1.9643 0.00915056 393 4 1 -3.50464e-09 
0.7524 0.67308 -6.76681e-05 0.0025 0.546391 0.429331 1.96436 0.00915095 394 4 1 1.43734e-07 
0.756976 0.673079 -6.52002e-05 0.0025 0.54638 0.42936 1.96459 0.00915114 395 4 1 -1.38685e-07 
0.761552 0.673079 -6.21297e-05 0.0025 0.545982 0.429205 1.96466 0.00915782 396 5 1 3.48563e-06 
0.766134 0.673078 -5.86578e-05 0.0025 0.548247 0.430869 1.96851 0.00911999 397 3 1 -1.90585e-05 
0.770672 0.673078 -5.53045e-05 0.0025 0.536916 0.426199 1.95005 0.00931244 398 4 1 0.000179253 
0.775453 0.673077 -5.22758e-05 0.0025 0.511058 0.432736 2.15251 0.00978362 399 4 1 -0.000134225 
0.780462 0.673077 -4.9838e-05 0.0025 0.482812 0.42451 2.1555 0.010356 400 4 1 0.000266086 
0.785823 0.673076 -4.79703e-05 0.0025 0.454327 0.432953 2.44419 0.0110053 401 4 1 -0.000240409 
0.791478 0.673075 -4.65056e-05 0.0025 0.447029 0.427288 2.38027 0.011185 402 5 1 5.38095e-05 
0.797009 0.673075 -4.53094e-05 0.0025 0.45246 0.429659 2.37465 0.0110507 403 4 1 -3.01273e-06 
0.802529 0.673075 -4.42083e-05 0.0025 0.453642 0.42933 2.36526 0.0110219 404 4 1 3.9128e-06 
0.808031 0.673074 -4.3243e-05 0.0025 0.454722 0.429388 2.36047 0.0109957 405 4 1 1.27163e-06 
0.813524 0.673074 -4.25109e-05 0.0025 0.455346 0.429362 2.35717 0.0109807 406 4 1 8.42991e-07 
0.819012 0.673074 -4.20983e-05 0.0025 0.45579 0.42935 2.35487 0.01097 407 4 1 5.44451e-07 
0.824494 0.673073 -4.2073e-05 0.0025 0.456111 0.429343 2.35321 0.0109622 408 4 1 3.4919e-07 
0.829974 0.673073 -4.24887e-05 0.0025 0.456351 0.429339 2.35197 0.0109565 409 4 1 2.46837e-07 
0.835451 0.673073 -4.3252e-05 0.0025 0.456536 0.429336 2.35102 0.010952 410 4 1 1.77357e-07 
0.840926 0.673073 -4.37982e-05 0.0025 0.45668 0.429334 2.35028 0.0109486 411 4 1 1.31013e-07 
0.846399 0.673073 -4.26256e-05 0.0025 0.456793 0.429333 2.34969 0.0109459 412 4 1 9.81163e-08 
0.851872 0.673073 -3.65398e-05 0.0025 0.456884 0.429332 2.34922 0.0109437 413 4 1 7.54781e-08 
0.857343 0.673073 -9.14273e-06 0.0025 0.456958 0.429332 2.34885 0.0109419 414 4 1 5.89286e-08 
0.862814 0.673073 -2.34574e-05 0.0025 0.457018 0.429331 2.34854 0.0109405 415 4 1 4.68263e-08 
0.868284 0.673073 -0.000269954 0.0025 0.457067 0.429331 2.34829 0.0109393 416 4 1 3.88829e-08 
0.873753 0.67307 -0.00164373 0.0025 0.457109 0.429333 2.34808 0.0109383 417 4 1 3.71193e-08 
0.879222 0.673056 -0.00753976 0.0025 0.457148 0.429341 2.34792 0.0109374 418 4 1 4.60369e-08 
0.88469 0.673002 -0.0255064 0.0025 0.457194 0.429366 2.34782 0.0109363 419 4 1 5.7257e-08 
0.890158 0.67286 -0.0557181 0.0025 0.457257 0.429414 2.34778 0.0109348 420 4 1 -3.75876e-08 
0.895625 0.672702 -0.00308331 0.0025 0.457277 0.429391 2.34769 0.0109343 421 3 1 -7.70478e-07 
0.901092 0.673705 0.837879 0.0025 0.456833 0.428808 2.34667 0.0109449 422 4 1 -2.90498e-07 
0.90657 0.678703 1.12443 0.0025 0.456336 0.428475 2.34548 0.0109568 423 5 1 1.33361e-05 
0.912049 0.667837 -9.72444 0.0025 0.461792 0.436623 2.35683 0.0108274 424 4 1 8.75911e-05 
0.917401 0.594331 -35.3653 0.0025 0.486625 0.471856 2.41113 0.0102748 425 4 1 0.000219638 
0.922351 0.435685 -54.2796 0.0025 0.54032 0.549069 2.52773 0.00925378 426 4 1 0.00022156 
0.926709 0.262236 -44.3666 0.0025 0.611389 0.654312 2.6714 0.0081781 427 4 1 0.000103898 
0.930567 0.145551 -25.816 0.0025 0.675532 0.753014 2.78897 0.00740158 428 4 1 2.54713e-05 
0.934125 0.0783886 -15.1757 0.0025 0.720934 0.825436 2.86542 0.00693545 429 4 1 -2.20106e-06 
0.937508 0.039899 -8.25748 0.0025 0.749708 0.872278 2.91128 0.00666926 430 4 1 -9.75532e-06 
0.940795 0.0197823 -4.25478 0.0025 0.766176 0.899464 2.9366 0.00652591 431 4 1 -8.1964e-06 
0.944034 0.00953874 -2.14768 0.0025 0.774884 0.913945 2.9496 0.00645257 432 4 1 -4.97538e-06 
0.947248 0.00449536 -1.05514 0.0025 0.779312 0.92129 2.95595 0.00641591 433 4 1 -2.70208e-06 
0.95045 0.00204184 -0.521615 0.0025 0.781523 0.924898 2.95889 0.00639776 434 4 1 -1.36382e-06 
0.953646 0.000844346 -0.259594 0.0025 0.782651 0.92666 2.96013 0.00638855 435 4 1 -6.83747e-07 
0.956838 0.000256925 -0.131307 0.0025 0.783259 0.927525 2.96053 0.00638358 436 4 1 -3.4848e-07 
0.960029 -3.18828e-05 -0.0676682 0.0025 0.783623 0.927955 2.9605 0.00638062 437 4 1 -1.87982e-07 
0.963219 -0.000171379 -0.0354892 0.0025 0.783872 0.928174 2.96024 0.00637859 438 4 1 -1.12526e-07 
0.966408 -0.00023422 -0.0184064 0.0025 0.78407 0.928286 2.95985 0.00637698 439 4 1 -7.6831e-08 
0.969596 -0.000255497 -0.00892701 0.0025 0.784247 0.928343 2.95936 0.00637554 440 4 1 -6.22524e-08 
0.972783 -0.000249658 0.000975613 0.0025 0.784415 0.928366 2.95879 0.00637418 441 4 1 -3.83851e-08 
0.97597 -0.000223258 -0.000540896 0.0025 0.784583 0.928375 2.95818 0.00637282 442 4 1 8.02279e-09 
0.979156 -0.000203737 0.0032315 0.0025 0.784749 0.92839 2.95758 0.00637147 443 4 1 1.35416e-07 
0.982342 -0.000168555 0.00189173 0.0025 0.784881 0.928431 2.95713 0.00637039 444 3 1 5.16453e-07 
0.985527 -0.000144877 0.00152946 0.0025 0.784852 0.928528 2.95731 0.00637062 445 4 1 1.70084e-06 
0.988712 -0.000109693 0.00203518 0.0025 0.784276 0.928718 2.95953 0.00637531 446 4 1 4.52772e-06 
0.991902 -8.16341e-05 0.000499538 0.0025 0.781663 0.928647 2.96718 0.00639662 447 4 1 1.49454e-05 
0.995109 -4.77991e-05 0.000856278 0.0025 0.774294 0.927817 2.99263 0.00645749 448 4 1 1.77306e-05 
0.99836 -1.69638e-05 6.56942e-05 0.0025 0.765566 0.927937 3.03787 0.00653111 449 4 1 -3.4624e-05 
1.00164 1.69638e-05 -6.56942e-05 0.0025 0.765566 0.927937 3.03787 0.00653111 450 4 1 -3.4624e-05 
1.00489 4.77991e-05 -0.000856277 0.0025 0.774294 0.927817 2.99263 0.00645749 451 4 1 1.77306e-05 
1.0081 8.16341e-05 -0.000499538 0.0025 0.781663 0.928647 2.96718 0.00639662 452 4 1 1.49454e-05 
1.01129 0.000109693 -0.00203517 0.0025 0.784276 0.928718 2.95953 0.00637531 453 4 1 4.52772e-06 
1.01447 0.000144877 -0.00152946 0.0025 0.784852 0.928528 2.95731 0.00637062 454 4 1 1.70084e-06 
1.01766 0.000168555 -0.00189173 0.0025 0.784881 0.928431 2.95713 0.00637039 455 3 1 5.16453e-07 
1.02084 0.000203737 -0.0032315 0.0025 0.784749 0.92839 2.95758 0.00637147 456 4 1 1.35416e-07 
1.02403 0.000223258 0.000540896 0.0025 0.784583 0.928375 2.95818 0.00637282 457 4 1 8.02279e-09 
1.02722 0.000249658 -0.000975613 0.0025 0.784415 0.928366 2.95879 0.00637418 458 4 1 -3.83851e-08 
1.0304 0.000255497 0.00892701 0.0025 0.784247 0.928343 2.95936 0.00637554 459 4 1 -6.22524e-08 
1.03359 0.00023422 0.0184064 0.0025 0.78407 0.928286 2.95985 0.00637698 460 4 1 -7.6831e-08 
1.03678 0.000171379 0.0354892 0.0025 0.783872 0.928174 2.96024 0.00637859 461 4 1 -1.12526e-07 
1.03997 3.18828e-05 0.0676682 0.0025 0.783623 0.927955 2.9605 0.00638062 462 4 1 -1.87982e-07 
1.04316 -0.000256925 0.131307 0.0025 0.783259 0.927525 2.96053 0.00638358 463 4 1 -3.4848e-07 
1.04635 -0.000844346 0.259594 0.0025 0.782651 0.92666 2.96013 0.00638855 464 4 1 -6.83747e-07 
1.04955 -0.00204184 0.521615 0.0025 0.781523 0.924898 2.95889 0.00639776 465 4 1 -1.36382e-06 
1.05275 -0.00449536 1.05514 0.0025 0.779312 0.92129 2.95595 0.00641591 466 4 1 -2.70208e-06 
1.05597 -0.00953874 2.14768 0.0025 0.774884 0.913945 2.9496 0.00645257 467 4 1 -4.97538e-06 
1.0592 -0.0197823 4.25478 0.0025 0.766176 0.899464 2.9366 0.00652591 468 4 1 -8.1964e-06 
1.06249 -0.039899 8.25748 0.0025 0.749708 0.872278 2.91128 0.00666926 469 4 1 -9.75532e-06 
1.06588 -0.0783886 15.1757 0.0025 0.720934 0.825436 2.86542 0.00693545 470 4 1 -2.20106e-06 
1.06943 -0.145551 25.816 0.0025 0.675532 0.753014 2.78897 0.00740158 471 4 1 2.54713e-05 
1.07329 -0.262236 44.3666 0.0025 0.611389 0.654312 2.6714 0.0081781 472 4 1 0.000103898 
1.07765 -0.435685 54.2796 0.0025 0.54032 0.549069 2.52773 0.00925378 473 4 1 0.00022156 
1.0826 -0.594331 35.3653 0.0025 0.486625 0.471856 2.41113 0.0102748 474 4 1 0.000219638 
1.08795 -0.667837 9.72444 0.0025 0.461792 0.436623 2.35683 0.0108274 475 4 1 8.75911e-05 
1.09343 -0.678703 -1.12443 0.0025 0.456336 0.428475 2.34548 0.0109568 476 5 1 1.33361e-05 
1.09891 -0.673705 -0.837879 0.0025 0.456833 0.428808 2.34667 0.0109449 477 4 1 -2.90498e-07 
1.10437 -0.672702 0.00308331 0.0025 0.457277 0.429391 2.34769 0.0109343 478 3 1 -7.70478e-07 
1.10984 -0.67286 0.0557181 0.0025 0.457257 0.429414 2.34778 0.0109348 479 4 1 -3.75876e-08 
1.11531 -0.673002 0.0255064 0.0025 0.457194 0.429366 2.34782 0.0109363 480 4 1 5.7257e-08 
1.12078 -0.673056 0.00753976 0.0025 0.457148 0.429341 2.34792 0.0109374 481 4 1 4.60369e-08 
1.12625 -0.67307 0.00164373 0.0025 0.457109 0.429333 2.34808 0.0109383 482 4 1 3.71193e-08 
1.13172 -0.673073 0.000269954 0.0025 0.457067 0.429331 2.34829 0.0109393 483 4 1 3.88829e-08 
1.13719 -0.673073 2.34574e-05 0.0025 0.457018 0.429331 2.34854 0.0109405 484 4 1 4.68263e-08 
1.14266 -0.673073 9.14269e-06 0.0025 0.456958 0.429332 2.34885 0.0109419 485 4 1 5.89286e-08 
1.14813 -0.673073 3.65398e-05 0.0025 0.456884 0.429332 2.34922 0.0109437 486 4 1 7.54781e-08 
1.1536 -0.673073 4.26256e-05 0.0025 0.456793 0.429333 2.34969 0.0109459 487 4 1 9.81163e-08 
1.15907 -0.673073 4.37982e-05 0.0025 0.45668 0.429334 2.35028 0.0109486 488 4 1 1.31013e-07 
1.16455 -0.673073 4.3252e-05 0.0025 0.456536 0.429336 2.35102 0.010952 489 4 1 1.77357e-07 
1.17003 -0.673073 4.24887e-05 0.0025 0.456351 0.429339 2.35197 0.0109565 490 4 1 2.46837e-07 
1.17551 -0.673073 4.2073e-05 0.0025 0.456111 0.429343 2.35321 0.0109622 491 4 1 3.4919e-07 
1.18099 -0.673074 4.20983e-05 0.0025 0.45579 0.42935 2.35487 0.01097 492 4 1 5.44451e-07 
1.18648 -0.673074 4.2511e-05 0.0025 0.455346 0.429362 2.35717 0.0109807 493 4 1 8.42991e-07 
1.19197 -0.673074 4.32429e-05 0.0025 0.454722 0.429388 2.36047 0.0109957 494 4 1 1.27163e-06 
1.19747 -0.673075 4.42083e-05 0.0025 0.453642 0.42933 2.36526 0.0110219 495 4 1 3.9128e-06 
1.20299 -0.673075 4.53094e-05 0.0025 0.45246 0.429659 2.37465 0.0110507 496 4 1 -3.01273e-06 
1.20852 -0.673075 4.65056e-05 0.0025 0.447029 0.427288 2.38027 0.011185 497 5 1 5.38095e-05 
1.21418 -0.673076 4.79703e-05 0.0025 0.454327 0.432953 2.44419 0.0110053 498 4 1 -0.000240409 
1.21954 -0.673077 4.9838e-05 0.0025 0.482812 0.42451 2.1555 0.010356 499 4 1 0.000266086 
