# Time [s]: 0.425225
# Columns: pos [m], vel [m/s], acc [m/s^2], mass [kg], dens [kg/m^3], pres [Pa], ene [J/kg], sml [m], id, neighbor, alpha, gradh, ...additional?
1.21601 -0.673077 2.99863e-05 0.0025 0.511059 0.432737 2.15252 0.00978361 0 4 1 -0.000134225 
1.22079 -0.673077 3.11701e-05 0.0025 0.536917 0.4262 1.95005 0.00931243 1 4 1 0.000179254 
1.22533 -0.673078 3.18883e-05 0.0025 0.548247 0.43087 1.96852 0.00911997 2 3 1 -1.90585e-05 
1.22991 -0.673078 3.23844e-05 0.0025 0.545983 0.429206 1.96466 0.0091578 3 5 1 3.48562e-06 
1.23449 -0.673079 3.31249e-05 0.0025 0.546381 0.429361 1.9646 0.00915112 4 4 1 -1.3868e-07 
1.23906 -0.673079 3.46152e-05 0.0025 0.546392 0.429332 1.96436 0.00915093 5 4 1 1.43736e-07 
1.24364 -0.67308 3.70723e-05 0.0025 0.546416 0.429331 1.96431 0.00915055 6 4 1 -3.50454e-09 
1.24821 -0.673081 4.02117e-05 0.0025 0.546429 0.429328 1.96424 0.00915032 7 4 1 8.24209e-09 
1.25279 -0.673082 4.32091e-05 0.0025 0.546444 0.429328 1.96419 0.00915008 8 4 1 4.77352e-09 
1.25736 -0.673082 4.48082e-05 0.0025 0.546456 0.429328 1.96414 0.00914986 9 4 1 5.49087e-09 
1.26194 -0.673083 4.34431e-05 0.0025 0.546468 0.429328 1.9641 0.00914967 10 4 1 -2.21546e-09 
1.26651 -0.673084 3.72294e-05 0.0025 0.546479 0.429327 1.96406 0.00914948 11 4 1 4.76703e-09 
1.27109 -0.673085 2.37884e-05 0.0025 0.54649 0.429327 1.96402 0.00914931 12 4 1 2.91018e-09 
1.27566 -0.673087 7.1693e-08 0.0025 0.546499 0.429327 1.96399 0.00914915 13 4 1 3.66048e-09 
1.28024 -0.673088 -3.74834e-05 0.0025 0.546507 0.429327 1.96396 0.00914901 14 4 1 2.24819e-09 
1.28481 -0.67309 -9.21317e-05 0.0025 0.546515 0.429327 1.96393 0.00914888 15 4 1 -1.40472e-09 
1.28939 -0.673092 -0.000165257 0.0025 0.546523 0.429327 1.9639 0.00914875 16 4 1 5.13122e-09 
1.29396 -0.673095 -0.000254453 0.0025 0.54653 0.429328 1.96388 0.00914864 17 4 1 1.75467e-09 
1.29853 -0.673098 -0.000352067 0.0025 0.546536 0.429328 1.96386 0.00914853 18 4 1 -8.97529e-10 
1.30311 -0.673101 -0.000445166 0.0025 0.546543 0.429329 1.96384 0.00914841 19 4 1 2.98577e-09 
1.30768 -0.673105 -0.00051746 0.0025 0.546549 0.42933 1.96382 0.00914831 20 4 1 1.40397e-09 
1.31226 -0.67311 -0.000552918 0.0025 0.546555 0.429331 1.96381 0.0091482 21 4 1 1.33474e-09 
1.31683 -0.673114 -0.000539944 0.0025 0.546561 0.429333 1.96379 0.00914811 22 4 1 1.08085e-09 
1.3214 -0.673119 -0.000474621 0.0025 0.546566 0.429334 1.96378 0.00914802 23 4 1 -2.76929e-10 
1.32598 -0.673124 -0.000361803 0.0025 0.546571 0.429335 1.96376 0.00914794 24 4 1 1.25728e-09 
1.33055 -0.673128 -0.000213731 0.0025 0.546576 0.429336 1.96375 0.00914786 25 4 1 4.32106e-10 
1.33513 -0.673132 -4.67807e-05 0.0025 0.54658 0.429336 1.96374 0.0091478 26 4 1 -7.08416e-10 
1.3397 -0.673135 0.000122449 0.0025 0.546583 0.429336 1.96373 0.00914774 27 4 1 8.73854e-10 
1.34427 -0.673138 0.000280436 0.0025 0.546586 0.429336 1.96372 0.0091477 28 4 1 5.47254e-10 
1.34885 -0.67314 0.000418577 0.0025 0.546588 0.429335 1.96371 0.00914766 29 4 1 -1.03609e-09 
1.35342 -0.673142 0.000533372 0.0025 0.54659 0.429334 1.9637 0.00914763 30 4 1 2.91607e-10 
1.358 -0.673144 0.000625367 0.0025 0.546591 0.429333 1.96368 0.00914761 31 4 1 1.80418e-09 
1.36257 -0.673146 0.000697644 0.0025 0.546592 0.429331 1.96367 0.0091476 32 4 1 -9.776e-10 
1.36714 -0.673147 0.000754549 0.0025 0.546592 0.429329 1.96366 0.00914759 33 4 1 -9.15899e-10 
1.37172 -0.673149 0.000800878 0.0025 0.546593 0.429327 1.96365 0.00914758 34 4 1 2.05196e-09 
1.37629 -0.673151 0.000841293 0.0025 0.546593 0.429325 1.96364 0.00914758 35 3 1 -2.5956e-10 
1.38086 -0.673153 0.000879663 0.0025 0.546593 0.429323 1.96363 0.00914758 36 4 1 -9.19667e-10 
1.38544 -0.673155 0.000918406 0.0025 0.546593 0.429321 1.96362 0.00914758 37 4 1 1.39264e-09 
1.39001 -0.673158 0.000958344 0.0025 0.546592 0.429318 1.96361 0.00914759 38 4 1 6.73089e-11 
1.39459 -0.673161 0.000999399 0.0025 0.546591 0.429316 1.9636 0.0091476 39 4 1 -7.51417e-10 
1.39916 -0.673164 0.00104174 0.0025 0.546591 0.429313 1.9636 0.00914761 40 4 1 6.96613e-10 
1.40373 -0.673168 0.00108639 0.0025 0.54659 0.42931 1.96359 0.00914763 41 4 1 4.26152e-10 
1.40831 -0.673172 0.00113475 0.0025 0.546588 0.429307 1.96358 0.00914765 42 4 1 -6.44928e-10 
1.41288 -0.673176 0.00118782 0.0025 0.546587 0.429304 1.96357 0.00914768 43 4 1 -3.2361e-11 
1.41746 -0.673181 0.00124662 0.0025 0.546585 0.429301 1.96356 0.0091477 44 4 1 9.29094e-10 
1.42203 -0.673186 0.00131409 0.0025 0.546583 0.429298 1.96355 0.00914773 45 4 1 -4.30538e-10 
1.4266 -0.673192 0.00139658 0.0025 0.546581 0.429294 1.96354 0.00914777 46 4 1 -8.21133e-10 
1.43118 -0.673198 0.00150191 0.0025 0.546579 0.429291 1.96353 0.00914781 47 4 1 4.31307e-10 
1.43575 -0.673205 0.00163371 0.0025 0.546577 0.429286 1.96352 0.00914785 48 4 1 5.02079e-11 
1.44032 -0.673213 0.00178662 0.0025 0.546573 0.429282 1.96352 0.0091479 49 4 1 -8.87264e-10 
1.4449 -0.67322 0.00194794 0.0025 0.54657 0.429277 1.96351 0.00914796 50 4 1 -5.95617e-10 
1.44947 -0.673229 0.00210698 0.0025 0.546566 0.429272 1.96349 0.00914802 51 4 1 3.39973e-10 
1.45405 -0.673238 0.00226567 0.0025 0.546562 0.429266 1.96348 0.00914809 52 4 1 -3.94428e-10 
1.45862 -0.673248 0.00244081 0.0025 0.546557 0.42926 1.96347 0.00914817 53 4 1 -1.19397e-09 
1.46319 -0.673259 0.00265408 0.0025 0.546552 0.429254 1.96346 0.00914826 54 4 1 -4.46645e-10 
1.46777 -0.67327 0.00291604 0.0025 0.546547 0.429246 1.96345 0.00914835 55 4 1 3.98946e-11 
1.47234 -0.673283 0.00321665 0.0025 0.54654 0.429238 1.96344 0.00914846 56 4 1 -1.08411e-09 
1.47692 -0.673297 0.00353078 0.0025 0.546533 0.42923 1.96342 0.00914858 57 4 1 -1.51757e-09 
1.48149 -0.673311 0.00383673 0.0025 0.546525 0.42922 1.96341 0.00914871 58 4 1 -2.97416e-10 
1.48607 -0.673328 0.00413533 0.0025 0.546516 0.429209 1.96339 0.00914886 59 4 1 -5.89166e-10 
1.49064 -0.673346 0.00445481 0.0025 0.546507 0.429198 1.96337 0.00914902 60 4 1 -1.37986e-09 
1.49522 -0.673366 0.00483625 0.0025 0.546496 0.429186 1.96335 0.0091492 61 4 1 -1.3712e-09 
1.49979 -0.673388 0.00531014 0.0025 0.546485 0.429172 1.96333 0.00914939 62 4 1 -9.75121e-10 
-0.495635 -0.673413 0.0058841 0.0025 0.546472 0.429158 1.96331 0.0091496 63 4 1 -1.60168e-09 
-0.491061 -0.67344 0.00654955 0.0025 0.546458 0.429141 1.96329 0.00914984 64 4 1 -2.29701e-09 
-0.486486 -0.67347 0.00729389 0.0025 0.546442 0.429123 1.96326 0.00915011 65 4 1 -2.13676e-09 
-0.48191 -0.673503 0.00810339 0.0025 0.546424 0.429103 1.96323 0.00915041 66 4 1 -2.25047e-09 
-0.477335 -0.67354 0.00896591 0.0025 0.546404 0.42908 1.9632 0.00915074 67 4 1 -2.67299e-09 
-0.47276 -0.673581 0.00989007 0.0025 0.546382 0.429055 1.96317 0.00915111 68 4 1 -2.95486e-09 
-0.468184 -0.673627 0.010927 0.0025 0.546357 0.429028 1.96313 0.00915152 69 4 1 -3.01536e-09 
-0.463608 -0.67368 0.01216 0.0025 0.54633 0.428997 1.96309 0.00915198 70 4 1 -3.72793e-09 
-0.459032 -0.673738 0.0136555 0.0025 0.546299 0.428963 1.96304 0.0091525 71 4 1 -4.56104e-09 
-0.454456 -0.673803 0.0154033 0.0025 0.546265 0.428924 1.96299 0.00915307 72 4 1 -4.8606e-09 
-0.449879 -0.673875 0.0172872 0.0025 0.546226 0.428881 1.96293 0.00915372 73 4 1 -5.11238e-09 
-0.445302 -0.673954 0.019143 0.0025 0.546183 0.428834 1.96287 0.00915444 74 4 1 -5.14367e-09 
-0.440725 -0.674041 0.0208893 0.0025 0.546136 0.428781 1.9628 0.00915523 75 4 1 -4.74751e-09 
-0.436147 -0.674139 0.022596 0.0025 0.546084 0.428724 1.96272 0.0091561 76 4 1 -4.36967e-09 
-0.431568 -0.674245 0.0244015 0.0025 0.546029 0.428663 1.96264 0.00915702 77 4 1 -4.22323e-09 
-0.42699 -0.67436 0.026338 0.0025 0.54597 0.428597 1.96255 0.00915801 78 4 1 -4.01539e-09 
-0.42241 -0.674481 0.0281609 0.0025 0.545907 0.428528 1.96246 0.00915906 79 4 1 -2.99715e-09 
-0.417831 -0.674605 0.0293976 0.0025 0.545842 0.428456 1.96236 0.00916016 80 4 1 -7.84281e-10 
-0.41325 -0.67473 0.0296138 0.0025 0.545776 0.428383 1.96227 0.00916127 81 4 1 2.44892e-09 
-0.408669 -0.674853 0.0285073 0.0025 0.545712 0.428313 1.96217 0.00916234 82 4 1 6.31381e-09 
-0.404088 -0.674972 0.0261412 0.0025 0.545653 0.428247 1.96209 0.00916334 83 4 1 9.82405e-09 
-0.399506 -0.675081 0.0232001 0.0025 0.545601 0.428191 1.96201 0.0091642 84 4 1 1.21044e-08 
-0.394924 -0.67517 0.0192893 0.0025 0.54556 0.428145 1.96195 0.00916489 85 4 1 1.60662e-08 
-0.390341 -0.675232 0.0123405 0.0025 0.545532 0.428114 1.96191 0.00916536 86 4 1 1.89448e-08 
-0.385758 -0.675267 0.0073229 0.0025 0.54552 0.428101 1.96189 0.00916557 87 5 1 2.6696e-08 
-0.381176 -0.675253 -0.00708504 0.0025 0.54553 0.428112 1.9619 0.0091654 88 4 1 4.28373e-08 
-0.376593 -0.675193 -0.0180346 0.0025 0.545577 0.428167 1.96197 0.00916461 89 4 1 1.27283e-07 
-0.372011 -0.674967 -0.0911816 0.0025 0.545729 0.42834 1.96218 0.00916205 90 4 1 2.86191e-07 
-0.367431 -0.674266 -0.229094 0.0025 0.546112 0.428764 1.96273 0.00915563 91 4 1 3.86211e-07 
-0.362855 -0.672959 -0.364249 0.0025 0.546795 0.429515 1.96371 0.0091442 92 4 1 4.19762e-07 
-0.358287 -0.671096 -0.490339 0.0025 0.547787 0.430609 1.96514 0.00912764 93 4 1 5.59653e-07 
-0.353728 -0.668535 -0.696468 0.0025 0.549164 0.432131 1.96711 0.00910475 94 4 1 7.93116e-07 
-0.349182 -0.664954 -0.956432 0.0025 0.551049 0.434212 1.96981 0.00907361 95 4 1 9.5203e-07 
-0.344654 -0.660284 -1.20851 0.0025 0.553482 0.436895 1.97328 0.00903372 96 4 1 9.67932e-07 
-0.340148 -0.654693 -1.39204 0.0025 0.556385 0.4401 1.97742 0.00898659 97 4 1 8.79393e-07 
-0.335667 -0.648539 -1.50241 0.0025 0.559617 0.443678 1.98201 0.00893468 98 4 1 7.89073e-07 
-0.331213 -0.642065 -1.56871 0.0025 0.563059 0.447502 1.98687 0.00888006 99 4 1 7.90932e-07 
-0.326787 -0.635322 -1.64892 0.0025 0.566671 0.451526 1.99196 0.00882346 100 4 1 8.6247e-07 
-0.32239 -0.628274 -1.7394 0.0025 0.570466 0.455767 1.99729 0.00876476 101 4 1 9.41628e-07 
-0.318022 -0.620885 -1.8409 0.0025 0.574461 0.460241 2.00287 0.00870381 102 4 1 1.00096e-06 
-0.313686 -0.613156 -1.9357 0.0025 0.578654 0.46495 2.0087 0.00864074 103 4 1 1.00946e-06 
-0.309382 -0.605168 -2.00682 0.0025 0.583013 0.469858 2.01474 0.00857614 104 4 1 9.6821e-07 
-0.30511 -0.597023 -2.04559 0.0025 0.587481 0.474904 2.02091 0.00851092 105 4 1 9.16907e-07 
-0.30087 -0.588835 -2.06948 0.0025 0.592005 0.48003 2.02712 0.00844587 106 4 1 8.53611e-07 
-0.296664 -0.580671 -2.06603 0.0025 0.59654 0.485185 2.03331 0.00838166 107 4 1 7.83672e-07 
-0.292489 -0.572633 -2.04968 0.0025 0.601046 0.490321 2.03944 0.00831883 108 4 1 7.29703e-07 
-0.288345 -0.564743 -2.0249 0.0025 0.605499 0.495414 2.04547 0.00825766 109 4 1 7.05533e-07 
-0.284231 -0.556989 -2.01252 0.0025 0.6099 0.500463 2.05141 0.00819807 110 4 1 6.91759e-07 
-0.280147 -0.549348 -1.99889 0.0025 0.614257 0.505475 2.05726 0.00813991 111 4 1 6.59634e-07 
-0.276091 -0.541844 -1.97799 0.0025 0.618566 0.510445 2.06302 0.00808322 112 4 1 6.24026e-07 
-0.272063 -0.534479 -1.95286 0.0025 0.622816 0.515363 2.06867 0.00802805 113 4 1 6.26081e-07 
-0.268063 -0.527233 -1.95255 0.0025 0.627027 0.520247 2.07426 0.00797414 114 4 1 6.13759e-07 
-0.264089 -0.520064 -1.93357 0.0025 0.631202 0.525104 2.07977 0.00792139 115 4 1 5.82366e-07 
-0.260141 -0.513031 -1.91786 0.0025 0.635335 0.529923 2.08521 0.00786987 116 4 1 5.91429e-07 
-0.256219 -0.506079 -1.92049 0.0025 0.639441 0.534725 2.09059 0.00781933 117 4 1 5.92478e-07 
-0.252322 -0.499167 -1.91665 0.0025 0.643532 0.53952 2.09593 0.00776962 118 4 1 5.66584e-07 
-0.248449 -0.49235 -1.90276 0.0025 0.647599 0.5443 2.10121 0.00772083 119 4 1 5.80669e-07 
-0.244601 -0.485582 -1.91752 0.0025 0.651658 0.549084 2.10647 0.00767273 120 4 1 6.09694e-07 
-0.240777 -0.478797 -1.93383 0.0025 0.655737 0.553901 2.11173 0.00762501 121 4 1 6.14718e-07 
-0.236976 -0.472009 -1.95022 0.0025 0.659838 0.558758 2.11701 0.00757761 122 4 1 6.19917e-07 
-0.233199 -0.465229 -1.9675 0.0025 0.663967 0.563658 2.1223 0.0075305 123 4 1 6.34408e-07 
-0.229445 -0.458431 -1.99288 0.0025 0.668131 0.568614 2.12761 0.00748357 124 4 1 6.59307e-07 
-0.225715 -0.45157 -2.02746 0.0025 0.672345 0.573642 2.13297 0.00743666 125 4 1 6.81002e-07 
-0.222009 -0.444628 -2.0656 0.0025 0.676619 0.578753 2.13838 0.00738968 126 4 1 6.65134e-07 
-0.218325 -0.437658 -2.07833 0.0025 0.680935 0.583927 2.14383 0.00734284 127 4 1 6.47062e-07 
-0.214666 -0.430696 -2.09556 0.0025 0.685277 0.589146 2.14928 0.00729632 128 4 1 6.61238e-07 
-0.211029 -0.423718 -2.12272 0.0025 0.689652 0.594419 2.15476 0.00725003 129 4 1 6.69157e-07 
-0.207416 -0.416687 -2.14728 0.0025 0.694064 0.599749 2.16026 0.00720395 130 4 1 6.33024e-07 
-0.203825 -0.409698 -2.14 0.0025 0.698486 0.605105 2.16576 0.00715834 131 4 1 6.20995e-07 
-0.200257 -0.402747 -2.15657 0.0025 0.702911 0.610478 2.17123 0.00711328 132 4 1 6.34444e-07 
-0.196712 -0.395783 -2.17089 0.0025 0.70735 0.615882 2.17671 0.00706863 133 4 1 6.03197e-07 
-0.193188 -0.388883 -2.16156 0.0025 0.711786 0.621294 2.18216 0.00702459 134 4 1 5.87693e-07 
-0.189687 -0.382026 -2.1668 0.0025 0.716209 0.626707 2.18757 0.0069812 135 4 1 5.8899e-07 
-0.186207 -0.37522 -2.16862 0.0025 0.720628 0.632127 2.19296 0.00693839 136 4 1 5.84233e-07 
-0.182749 -0.368449 -2.17521 0.0025 0.725045 0.637558 2.19833 0.00689612 137 4 1 5.83853e-07 
-0.179311 -0.361697 -2.18295 0.0025 0.729463 0.643003 2.20368 0.00685435 138 4 1 5.68952e-07 
-0.175894 -0.354991 -2.18092 0.0025 0.733876 0.648455 2.209 0.00681314 139 4 1 5.49036e-07 
-0.172498 -0.34834 -2.17555 0.0025 0.738274 0.653902 2.21428 0.00677255 140 4 1 5.47112e-07 
-0.169122 -0.341741 -2.17988 0.0025 0.742662 0.65935 2.21954 0.00673253 141 4 1 5.52397e-07 
-0.165765 -0.335182 -2.18719 0.0025 0.74705 0.66481 2.22477 0.006693 142 4 1 5.52857e-07 
-0.162428 -0.328615 -2.19832 0.0025 0.75144 0.670286 2.22999 0.00665389 143 4 1 5.24898e-07 
-0.159111 -0.322124 -2.18246 0.0025 0.755818 0.675757 2.23518 0.00661535 144 4 1 4.92743e-07 
-0.155813 -0.315705 -2.16688 0.0025 0.760164 0.681206 2.24031 0.00657752 145 4 1 5.34464e-07 
-0.152534 -0.309322 -2.20345 0.0025 0.764518 0.686674 2.24543 0.00654007 146 4 1 5.53693e-07 
-0.149273 -0.302892 -2.21409 0.0025 0.768897 0.692185 2.25057 0.00650283 147 4 1 5.03172e-07 
-0.146031 -0.29653 -2.19809 0.0025 0.773263 0.697694 2.25567 0.0064661 148 4 1 4.7725e-07 
-0.142807 -0.290247 -2.18769 0.0025 0.777602 0.70318 2.26073 0.00643003 149 4 1 4.80563e-07 
-0.139601 -0.284018 -2.18666 0.0025 0.781923 0.708658 2.26574 0.00639449 150 4 1 5.13585e-07 
-0.136412 -0.277794 -2.21812 0.0025 0.786257 0.714164 2.27076 0.00635924 151 4 1 5.11367e-07 
-0.133241 -0.271543 -2.21903 0.0025 0.790606 0.719699 2.27577 0.00632426 152 4 1 4.59909e-07 
-0.130088 -0.265387 -2.19698 0.0025 0.794932 0.725216 2.28075 0.00628985 153 4 1 4.4761e-07 
-0.126951 -0.25929 -2.19247 0.0025 0.799229 0.730711 2.28567 0.00625603 154 4 1 4.6569e-07 
-0.123832 -0.253237 -2.20044 0.0025 0.80352 0.736211 2.29057 0.00622262 155 4 1 4.91e-07 
-0.120729 -0.247177 -2.22748 0.0025 0.80783 0.741745 2.29547 0.00618942 156 4 1 4.89042e-07 
-0.117642 -0.241099 -2.23529 0.0025 0.812157 0.747311 2.30039 0.00615645 157 4 1 4.39625e-07 
-0.114572 -0.235091 -2.21055 0.0025 0.816464 0.752865 2.30526 0.00612397 158 4 1 4.2635e-07 
-0.111518 -0.229161 -2.21057 0.0025 0.820743 0.758396 2.31008 0.00609204 159 4 1 4.29826e-07 
-0.10848 -0.223269 -2.20088 0.0025 0.825008 0.763919 2.31487 0.00606055 160 4 1 4.52335e-07 
-0.105458 -0.217402 -2.23031 0.0025 0.829279 0.769462 2.31966 0.00602934 161 4 1 4.69685e-07 
-0.102451 -0.211495 -2.24388 0.0025 0.833573 0.775045 2.32446 0.00599827 162 4 1 4.2526e-07 
-0.0994595 -0.205657 -2.22458 0.0025 0.837856 0.780626 2.32923 0.00596761 163 4 1 4.15393e-07 
-0.0964832 -0.199873 -2.23049 0.0025 0.842122 0.786194 2.33396 0.00593739 164 4 1 3.95217e-07 
-0.093522 -0.194175 -2.19763 0.0025 0.846361 0.791742 2.33866 0.00590764 165 4 1 4.34337e-07 
-0.0905755 -0.188526 -2.24947 0.0025 0.850611 0.797316 2.34335 0.00587813 166 4 1 4.83798e-07 
-0.0876439 -0.182811 -2.27718 0.0025 0.854915 0.802968 2.34808 0.00584854 167 4 1 4.58948e-07 
-0.084727 -0.177161 -2.29318 0.0025 0.859248 0.808671 2.35284 0.00581904 168 4 1 4.42754e-07 
-0.0818248 -0.171585 -2.29718 0.0025 0.863594 0.814401 2.35759 0.00578976 169 4 1 3.94303e-07 
-0.0789372 -0.166196 -2.25874 0.0025 0.867917 0.820116 2.3623 0.00576092 170 4 1 4.59913e-07 
-0.0760638 -0.160954 -2.33474 0.0025 0.872272 0.825888 2.36703 0.00573215 171 4 1 5.57085e-07 
-0.073205 -0.155703 -2.40537 0.0025 0.876743 0.831821 2.37188 0.00570292 172 4 1 5.85961e-07 
-0.0703609 -0.150567 -2.49014 0.0025 0.88134 0.837933 2.37685 0.00567318 173 4 1 5.98392e-07 
-0.0675318 -0.14556 -2.5489 0.0025 0.886053 0.844211 2.38192 0.005643 174 4 1 5.22884e-07 
-0.0647178 -0.140917 -2.52329 0.0025 0.890813 0.850567 2.38703 0.00561285 175 4 1 5.82121e-07 
-0.0619189 -0.136592 -2.63048 0.0025 0.895656 0.857054 2.39221 0.0055825 176 4 1 7.55455e-07 
-0.0591353 -0.132382 -2.79102 0.0025 0.900715 0.863839 2.39761 0.00555115 177 4 1 7.9242e-07 
-0.0563677 -0.128283 -2.90018 0.0025 0.905995 0.870936 2.40322 0.00551879 178 4 1 8.00012e-07 
-0.0536164 -0.124373 -3.0241 0.0025 0.91146 0.878298 2.40901 0.0054857 179 4 1 7.23298e-07 
-0.0508819 -0.120634 -3.01959 0.0025 0.917018 0.885795 2.41488 0.00545246 180 4 1 5.13757e-07 
-0.0481639 -0.117302 -2.88809 0.0025 0.922494 0.893212 2.42063 0.00542009 181 4 1 6.263e-07 
-0.0454618 -0.114167 -3.02778 0.0025 0.927979 0.900666 2.42638 0.00538805 182 4 1 8.58196e-07 
-0.0427758 -0.110715 -3.19468 0.0025 0.933664 0.908394 2.43232 0.00535525 183 4 1 6.72672e-07 
-0.0401065 -0.107241 -3.09465 0.0025 0.939392 0.916198 2.43828 0.00532259 184 4 1 5.1832e-07 
-0.0374532 -0.103959 -3.07596 0.0025 0.945014 0.923885 2.4441 0.00529093 185 4 1 5.39225e-07 
-0.0348155 -0.100492 -3.08096 0.0025 0.950539 0.93144 2.44982 0.00526017 186 4 1 6.17568e-08 
-0.032193 -0.0968605 -2.57421 0.0025 0.955605 0.938378 2.45503 0.00523229 187 4 1 -4.15348e-07 
-0.0295832 -0.0927906 -2.05041 0.0025 0.959844 0.944218 2.45938 0.00520918 188 4 1 -3.23514e-07 
-0.0269838 -0.0869691 -1.79129 0.0025 0.963421 0.949171 2.46305 0.00518984 189 4 1 -2.11643e-08 
-0.0243933 -0.0797746 -1.84096 0.0025 0.96674 0.953754 2.46643 0.00517202 190 4 1 6.52807e-08 
-0.0218117 -0.0737116 -1.81419 0.0025 0.969922 0.958122 2.46966 0.00515505 191 4 1 -3.05439e-07 
-0.0192383 -0.0684129 -1.27959 0.0025 0.97249 0.961635 2.47231 0.00514144 192 4 1 -1.47369e-06 
-0.0166703 -0.0594511 0.420391 0.0025 0.973378 0.962901 2.47325 0.00513675 193 3 1 -1.29407e-06 
-0.0141015 -0.0478744 0.554993 0.0025 0.972999 0.962469 2.4728 0.00513875 194 5 1 9.33759e-07 
-0.0115315 -0.0392013 -1.18017 0.0025 0.973644 0.963347 2.4734 0.00513535 195 4 1 1.49444e-06 
-0.00896617 -0.03402 -1.5456 0.0025 0.975593 0.965952 2.47546 0.00512509 196 4 1 -1.01139e-06 
-0.00640644 -0.024501 0.458356 0.0025 0.97642 0.967119 2.47638 0.00512075 197 3 1 -1.61247e-06 
-0.00384542 -0.0117626 0.752104 0.0025 0.975688 0.966178 2.47558 0.00512459 198 4 1 2.26805e-07 
-0.00128184 -0.00276468 -0.00163473 0.0025 0.975179 0.965445 2.47501 0.00512726 199 4 1 5.51685e-07 
0.00128184 0.00276468 0.00163473 0.0025 0.975179 0.965445 2.47501 0.00512726 200 4 1 5.51685e-07 
0.00384542 0.0117626 -0.752104 0.0025 0.975688 0.966178 2.47558 0.00512459 201 4 1 2.26805e-07 
0.00640644 0.024501 -0.458356 0.0025 0.97642 0.967119 2.47638 0.00512075 202 3 1 -1.61247e-06 
0.00896617 0.03402 1.5456 0.0025 0.975593 0.965952 2.47546 0.00512509 203 4 1 -1.01139e-06 
0.0115315 0.0392013 1.18017 0.0025 0.973644 0.963347 2.4734 0.00513535 204 4 1 1.49444e-06 
0.0141015 0.0478744 -0.554993 0.0025 0.972999 0.962469 2.4728 0.00513875 205 5 1 9.33759e-07 
0.0166703 0.0594511 -0.420391 0.0025 0.973378 0.962901 2.47325 0.00513675 206 3 1 -1.29407e-06 
0.0192383 0.0684129 1.27959 0.0025 0.97249 0.961635 2.47231 0.00514144 207 4 1 -1.47369e-06 
0.0218117 0.0737116 1.81419 0.0025 0.969922 0.958122 2.46966 0.00515505 208 4 1 -3.05439e-07 
0.0243933 0.0797746 1.84096 0.0025 0.96674 0.953754 2.46643 0.00517202 209 4 1 6.52807e-08 
0.0269838 0.0869691 1.79129 0.0025 0.963421 0.949171 2.46305 0.00518984 210 4 1 -2.11643e-08 
0.0295832 0.0927906 2.05041 0.0025 0.959844 0.944218 2.45938 0.00520918 211 4 1 -3.23514e-07 
0.032193 0.0968605 2.57421 0.0025 0.955605 0.938378 2.45503 0.00523229 212 4 1 -4.15348e-07 
0.0348155 0.100492 3.08096 0.0025 0.950539 0.93144 2.44982 0.00526017 213 4 1 6.17568e-08 
0.0374532 0.103959 3.07596 0.0025 0.945014 0.923885 2.4441 0.00529093 214 4 1 5.39225e-07 
0.0401065 0.107241 3.09465 0.0025 0.939392 0.916198 2.43828 0.00532259 215 4 1 5.1832e-07 
0.0427758 0.110715 3.19468 0.0025 0.933664 0.908394 2.43232 0.00535525 216 4 1 6.72672e-07 
0.0454618 0.114167 3.02778 0.0025 0.927979 0.900666 2.42638 0.00538805 217 4 1 8.58196e-07 
0.0481639 0.117302 2.88809 0.0025 0.922494 0.893212 2.42063 0.00542009 218 4 1 6.263e-07 
0.0508819 0.120634 3.01959 0.0025 0.917018 0.885795 2.41488 0.00545246 219 4 1 5.13757e-07 
0.0536164 0.124373 3.0241 0.0025 0.91146 0.878298 2.40901 0.0054857 220 4 1 7.23298e-07 
0.0563677 0.128283 2.90018 0.0025 0.905995 0.870936 2.40322 0.00551879 221 4 1 8.00012e-07 
0.0591353 0.132382 2.79102 0.0025 0.900715 0.863839 2.39761 0.00555115 222 4 1 7.9242e-07 
0.0619189 0.136592 2.63048 0.0025 0.895656 0.857054 2.39221 0.0055825 223 4 1 7.55455e-07 
0.0647178 0.140917 2.52329 0.0025 0.890813 0.850567 2.38703 0.00561285 224 4 1 5.82121e-07 
0.0675318 0.14556 2.5489 0.0025 0.886053 0.844211 2.38192 0.005643 225 4 1 5.22884e-07 
0.0703609 0.150567 2.49014 0.0025 0.88134 0.837933 2.37685 0.00567318 226 4 1 5.98392e-07 
0.073205 0.155703 2.40537 0.0025 0.876743 0.831821 2.37188 0.00570292 227 4 1 5.85961e-07 
0.0760638 0.160954 2.33474 0.0025 0.872272 0.825888 2.36703 0.00573215 228 4 1 5.57085e-07 
0.0789372 0.166196 2.25874 0.0025 0.867917 0.820116 2.3623 0.00576092 229 4 1 4.59913e-07 
0.0818248 0.171585 2.29718 0.0025 0.863594 0.814401 2.35759 0.00578976 230 4 1 3.94303e-07 
0.084727 0.177161 2.29318 0.0025 0.859248 0.808671 2.35284 0.00581904 231 4 1 4.42754e-07 
0.0876439 0.182811 2.27718 0.0025 0.854915 0.802968 2.34808 0.00584854 232 4 1 4.58948e-07 
0.0905755 0.188526 2.24947 0.0025 0.850611 0.797316 2.34335 0.00587813 233 4 1 4.83798e-07 
0.093522 0.194175 2.19763 0.0025 0.846361 0.791742 2.33866 0.00590764 234 4 1 4.34337e-07 
0.0964832 0.199873 2.23049 0.0025 0.842122 0.786194 2.33396 0.00593739 235 4 1 3.95217e-07 
0.0994595 0.205657 2.22458 0.0025 0.837856 0.780626 2.32923 0.00596761 236 4 1 4.15393e-07 
0.102451 0.211495 2.24388 0.0025 0.833573 0.775045 2.32446 0.00599827 237 4 1 4.2526e-07 
0.105458 0.217402 2.23031 0.0025 0.829279 0.769462 2.31966 0.00602934 238 4 1 4.69685e-07 
0.10848 0.223269 2.20088 0.0025 0.825008 0.763919 2.31487 0.00606055 239 4 1 4.52335e-07 
0.111518 0.229161 2.21057 0.0025 0.820743 0.758396 2.31008 0.00609204 240 4 1 4.29826e-07 
0.114572 0.235091 2.21055 0.0025 0.816464 0.752865 2.30526 0.00612397 241 4 1 4.2635e-07 
0.117642 0.241099 2.23529 0.0025 0.812157 0.747311 2.30039 0.00615645 242 4 1 4.39625e-07 
0.120729 0.247177 2.22748 0.0025 0.80783 0.741745 2.29547 0.00618942 243 4 1 4.89042e-07 
0.123832 0.253237 2.20044 0.0025 0.80352 0.736211 2.29057 0.00622262 244 4 1 4.91e-07 
0.126951 0.25929 2.19247 0.0025 0.799229 0.730711 2.28567 0.00625603 245 4 1 4.6569e-07 
0.130088 0.265387 2.19698 0.0025 0.794932 0.725216 2.28075 0.00628985 246 4 1 4.4761e-07 
0.133241 0.271543 2.21903 0.0025 0.790606 0.719699 2.27577 0.00632426 247 4 1 4.59909e-07 
0.136412 0.277794 2.21812 0.0025 0.786257 0.714164 2.27076 0.00635924 248 4 1 5.11367e-07 
0.139601 0.284018 2.18666 0.0025 0.781923 0.708658 2.26574 0.00639449 249 4 1 5.13585e-07 
0.142807 0.290247 2.18769 0.0025 0.777602 0.70318 2.26073 0.00643003 250 4 1 4.80563e-07 
0.146031 0.29653 2.19809 0.0025 0.773263 0.697694 2.25567 0.0064661 251 4 1 4.7725e-07 
0.149273 0.302892 2.21409 0.0025 0.768897 0.692185 2.25057 0.00650283 252 4 1 5.03172e-07 
0.152534 0.309322 2.20345 0.0025 0.764518 0.686674 2.24543 0.00654007 253 4 1 5.53693e-07 
0.155813 0.315705 2.16688 0.0025 0.760164 0.681206 2.24031 0.00657752 254 4 1 5.34464e-07 
0.159111 0.322124 2.18246 0.0025 0.755818 0.675757 2.23518 0.00661535 255 4 1 4.92743e-07 
0.162428 0.328615 2.19832 0.0025 0.75144 0.670286 2.22999 0.00665389 256 4 1 5.24898e-07 
0.165765 0.335182 2.18719 0.0025 0.74705 0.66481 2.22477 0.006693 257 4 1 5.52857e-07 
0.169122 0.341741 2.17988 0.0025 0.742662 0.65935 2.21954 0.00673253 258 4 1 5.52397e-07 
0.172498 0.34834 2.17555 0.0025 0.738274 0.653902 2.21428 0.00677255 259 4 1 5.47112e-07 
0.175894 0.354991 2.18092 0.0025 0.733876 0.648455 2.209 0.00681314 260 4 1 5.49036e-07 
0.179311 0.361697 2.18295 0.0025 0.729463 0.643003 2.20368 0.00685435 261 4 1 5.68952e-07 
0.182749 0.368449 2.17521 0.0025 0.725045 0.637558 2.19833 0.00689612 262 4 1 5.83853e-07 
0.186207 0.37522 2.16862 0.0025 0.720628 0.632127 2.19296 0.00693839 263 4 1 5.84233e-07 
0.189687 0.382026 2.1668 0.0025 0.716209 0.626707 2.18757 0.0069812 264 4 1 5.8899e-07 
0.193188 0.388883 2.16156 0.0025 0.711786 0.621294 2.18216 0.00702459 265 4 1 5.87693e-07 
0.196712 0.395783 2.17089 0.0025 0.70735 0.615882 2.17671 0.00706863 266 4 1 6.03197e-07 
0.200257 0.402747 2.15657 0.0025 0.702911 0.610478 2.17123 0.00711328 267 4 1 6.34444e-07 
0.203825 0.409698 2.14 0.0025 0.698486 0.605105 2.16576 0.00715834 268 4 1 6.20995e-07 
0.207416 0.416687 2.14728 0.0025 0.694064 0.599749 2.16026 0.00720395 269 4 1 6.33024e-07 
0.211029 0.423718 2.12272 0.0025 0.689652 0.594419 2.15476 0.00725003 270 4 1 6.69157e-07 
0.214666 0.430696 2.09556 0.0025 0.685277 0.589146 2.14928 0.00729632 271 4 1 6.61238e-07 
0.218325 0.437658 2.07833 0.0025 0.680935 0.583927 2.14383 0.00734284 272 4 1 6.47062e-07 
0.222009 0.444628 2.0656 0.0025 0.676619 0.578753 2.13838 0.00738968 273 4 1 6.65134e-07 
0.225715 0.45157 2.02746 0.0025 0.672345 0.573642 2.13297 0.00743666 274 4 1 6.81002e-07 
0.229445 0.458431 1.99288 0.0025 0.668131 0.568614 2.12761 0.00748357 275 4 1 6.59307e-07 
0.233199 0.465229 1.9675 0.0025 0.663967 0.563658 2.1223 0.0075305 276 4 1 6.34408e-07 
0.236976 0.472009 1.95022 0.0025 0.659838 0.558758 2.11701 0.00757761 277 4 1 6.19917e-07 
0.240777 0.478797 1.93383 0.0025 0.655737 0.553901 2.11173 0.00762501 278 4 1 6.14718e-07 
0.244601 0.485582 1.91752 0.0025 0.651658 0.549084 2.10647 0.00767273 279 4 1 6.09694e-07 
0.248449 0.49235 1.90276 0.0025 0.647599 0.5443 2.10121 0.00772083 280 4 1 5.80669e-07 
0.252322 0.499167 1.91665 0.0025 0.643532 0.53952 2.09593 0.00776962 281 4 1 5.66584e-07 
0.256219 0.506079 1.92049 0.0025 0.639441 0.534725 2.09059 0.00781933 282 4 1 5.92478e-07 
0.260141 0.513031 1.91786 0.0025 0.635335 0.529923 2.08521 0.00786987 283 4 1 5.91429e-07 
0.264089 0.520064 1.93357 0.0025 0.631202 0.525104 2.07977 0.00792139 284 4 1 5.82366e-07 
0.268063 0.527233 1.95255 0.0025 0.627027 0.520247 2.07426 0.00797414 285 4 1 6.13759e-07 
0.272063 0.534479 1.95286 0.0025 0.622816 0.515363 2.06867 0.00802805 286 4 1 6.26081e-07 
0.276091 0.541844 1.97799 0.0025 0.618566 0.510445 2.06302 0.00808322 287 4 1 6.24026e-07 
0.280147 0.549348 1.99889 0.0025 0.614257 0.505475 2.05726 0.00813991 288 4 1 6.59634e-07 
0.284231 0.556989 2.01252 0.0025 0.6099 0.500463 2.05141 0.00819807 289 4 1 6.91759e-07 
0.288345 0.564743 2.0249 0.0025 0.605499 0.495414 2.04547 0.00825766 290 4 1 7.05533e-07 
0.292489 0.572633 2.04968 0.0025 0.601046 0.490321 2.03944 0.00831883 291 4 1 7.29703e-07 
0.296664 0.580671 2.06603 0.0025 0.59654 0.485185 2.03331 0.00838166 292 4 1 7.83672e-07 
0.30087 0.588835 2.06948 0.0025 0.592005 0.48003 2.02712 0.00844587 293 4 1 8.53611e-07 
0.30511 0.597023 2.04559 0.0025 0.587481 0.474904 2.02091 0.00851092 294 4 1 9.16907e-07 
0.309382 0.605168 2.00682 0.0025 0.583013 0.469858 2.01474 0.00857614 295 4 1 9.6821e-07 
0.313686 0.613156 1.9357 0.0025 0.578654 0.46495 2.0087 0.00864074 296 4 1 1.00946e-06 
0.318022 0.620885 1.8409 0.0025 0.574461 0.460241 2.00287 0.00870381 297 4 1 1.00096e-06 
0.32239 0.628274 1.7394 0.0025 0.570466 0.455767 1.99729 0.00876476 298 4 1 9.41628e-07 
0.326787 0.635322 1.64892 0.0025 0.566671 0.451526 1.99196 0.00882346 299 4 1 8.6247e-07 
0.331213 0.642065 1.56871 0.0025 0.563059 0.447502 1.98687 0.00888006 300 4 1 7.90932e-07 
0.335667 0.648539 1.50241 0.0025 0.559617 0.443678 1.98201 0.00893468 301 4 1 7.89073e-07 
0.340148 0.654693 1.39204 0.0025 0.556385 0.4401 1.97742 0.00898659 302 4 1 8.79393e-07 
0.344654 0.660284 1.20851 0.0025 0.553482 0.436895 1.97328 0.00903372 303 4 1 9.67932e-07 
0.349182 0.664954 0.956432 0.0025 0.551049 0.434212 1.96981 0.00907361 304 4 1 9.5203e-07 
0.353728 0.668535 0.696468 0.0025 0.549164 0.432131 1.96711 0.00910475 305 4 1 7.93116e-07 
0.358287 0.671096 0.490339 0.0025 0.547787 0.430609 1.96514 0.00912764 306 4 1 5.59653e-07 
0.362855 0.672959 0.364249 0.0025 0.546795 0.429515 1.96371 0.0091442 307 4 1 4.19762e-07 
0.367431 0.674266 0.229094 0.0025 0.546112 0.428764 1.96273 0.00915563 308 4 1 3.86211e-07 
0.372011 0.674967 0.0911816 0.0025 0.545729 0.42834 1.96218 0.00916205 309 4 1 2.86191e-07 
0.376593 0.675193 0.0180346 0.0025 0.545577 0.428167 1.96197 0.00916461 310 4 1 1.27283e-07 
0.381176 0.675253 0.00708504 0.0025 0.54553 0.428112 1.9619 0.0091654 311 4 1 4.28373e-08 
0.385758 0.675267 -0.0073229 0.0025 0.54552 0.428101 1.96189 0.00916557 312 5 1 2.6696e-08 
0.390341 0.675232 -0.0123405 0.0025 0.545532 0.428114 1.96191 0.00916536 313 4 1 1.89448e-08 
0.394924 0.67517 -0.0192893 0.0025 0.54556 0.428145 1.96195 0.00916489 314 4 1 1.60662e-08 
0.399506 0.675081 -0.0232001 0.0025 0.545601 0.428191 1.96201 0.0091642 315 4 1 1.21044e-08 
0.404088 0.674972 -0.0261412 0.0025 0.545653 0.428247 1.96209 0.00916334 316 4 1 9.82405e-09 
0.408669 0.674853 -0.0285073 0.0025 0.545712 0.428313 1.96217 0.00916234 317 4 1 6.31381e-09 
0.41325 0.67473 -0.0296138 0.0025 0.545776 0.428383 1.96227 0.00916127 318 4 1 2.44892e-09 
0.417831 0.674605 -0.0293976 0.0025 0.545842 0.428456 1.96236 0.00916016 319 4 1 -7.8428e-10 
0.42241 0.674481 -0.0281609 0.0025 0.545907 0.428528 1.96246 0.00915906 320 4 1 -2.99715e-09 
0.42699 0.67436 -0.026338 0.0025 0.54597 0.428597 1.96255 0.00915801 321 4 1 -4.01539e-09 
0.431568 0.674245 -0.0244015 0.0025 0.546029 0.428663 1.96264 0.00915702 322 4 1 -4.22322e-09 
0.436147 0.674139 -0.022596 0.0025 0.546084 0.428724 1.96272 0.0091561 323 4 1 -4.36967e-09 
0.440725 0.674041 -0.0208893 0.0025 0.546136 0.428781 1.9628 0.00915523 324 4 1 -4.74751e-09 
0.445302 0.673954 -0.019143 0.0025 0.546183 0.428834 1.96287 0.00915444 325 4 1 -5.14367e-09 
0.449879 0.673875 -0.0172872 0.0025 0.546226 0.428881 1.96293 0.00915372 326 4 1 -5.11238e-09 
0.454456 0.673803 -0.0154033 0.0025 0.546265 0.428924 1.96299 0.00915307 327 4 1 -4.8606e-09 
0.459032 0.673738 -0.0136555 0.0025 0.546299 0.428963 1.96304 0.0091525 328 4 1 -4.56104e-09 
0.463608 0.67368 -0.01216 0.0025 0.54633 0.428997 1.96309 0.00915198 329 4 1 -3.72793e-09 
0.468184 0.673627 -0.010927 0.0025 0.546357 0.429028 1.96313 0.00915152 330 4 1 -3.01536e-09 
0.47276 0.673581 -0.00989007 0.0025 0.546382 0.429055 1.96317 0.00915111 331 4 1 -2.95486e-09 
0.477335 0.67354 -0.00896591 0.0025 0.546404 0.42908 1.9632 0.00915074 332 4 1 -2.67299e-09 
0.48191 0.673503 -0.00810339 0.0025 0.546424 0.429103 1.96323 0.00915041 333 4 1 -2.25047e-09 
0.486486 0.67347 -0.00729389 0.0025 0.546442 0.429123 1.96326 0.00915011 334 4 1 -2.13676e-09 
0.491061 0.67344 -0.00654955 0.0025 0.546458 0.429141 1.96329 0.00914984 335 4 1 -2.29701e-09 
0.495635 0.673413 -0.0058841 0.0025 0.546472 0.429158 1.96331 0.0091496 336 4 1 -1.60168e-09 
0.50021 0.673388 -0.00531014 0.0025 0.546485 0.429172 1.96333 0.00914939 337 4 1 -9.75121e-10 
0.504785 0.673366 -0.00483625 0.0025 0.546496 0.429186 1.96335 0.0091492 338 4 1 -1.3712e-09 
0.509359 0.673346 -0.00445481 0.0025 0.546507 0.429198 1.96337 0.00914902 339 4 1 -1.37986e-09 
0.513934 0.673328 -0.00413533 0.0025 0.546516 0.429209 1.96339 0.00914886 340 4 1 -5.89166e-10 
0.518508 0.673311 -0.00383673 0.0025 0.546525 0.42922 1.96341 0.00914871 341 4 1 -2.97416e-10 
0.523083 0.673297 -0.00353078 0.0025 0.546533 0.42923 1.96342 0.00914858 342 4 1 -1.51757e-09 
0.527657 0.673283 -0.00321665 0.0025 0.54654 0.429238 1.96344 0.00914846 343 4 1 -1.08411e-09 
0.532231 0.67327 -0.00291604 0.0025 0.546547 0.429246 1.96345 0.00914835 344 4 1 3.98943e-11 
0.536805 0.673259 -0.00265408 0.0025 0.546552 0.429254 1.96346 0.00914826 345 4 1 -4.46645e-10 
0.541379 0.673248 -0.00244081 0.0025 0.546557 0.42926 1.96347 0.00914817 346 4 1 -1.19397e-09 
0.545953 0.673238 -0.00226567 0.0025 0.546562 0.429266 1.96348 0.00914809 347 4 1 -3.94428e-10 
0.550527 0.673229 -0.00210698 0.0025 0.546566 0.429272 1.96349 0.00914802 348 4 1 3.39973e-10 
0.555101 0.67322 -0.00194794 0.0025 0.54657 0.429277 1.96351 0.00914796 349 4 1 -5.95617e-10 
0.559675 0.673213 -0.00178662 0.0025 0.546573 0.429282 1.96352 0.0091479 350 4 1 -8.87264e-10 
0.564249 0.673205 -0.00163371 0.0025 0.546577 0.429286 1.96352 0.00914785 351 4 1 5.02078e-11 
0.568823 0.673198 -0.00150191 0.0025 0.546579 0.429291 1.96353 0.00914781 352 4 1 4.31307e-10 
0.573397 0.673192 -0.00139658 0.0025 0.546581 0.429294 1.96354 0.00914777 353 4 1 -8.21133e-10 
0.577971 0.673186 -0.00131409 0.0025 0.546583 0.429298 1.96355 0.00914773 354 4 1 -4.30538e-10 
0.582545 0.673181 -0.00124662 0.0025 0.546585 0.429301 1.96356 0.0091477 355 4 1 9.29094e-10 
0.587119 0.673176 -0.00118782 0.0025 0.546587 0.429304 1.96357 0.00914768 356 4 1 -3.23613e-11 
0.591692 0.673172 -0.00113475 0.0025 0.546588 0.429307 1.96358 0.00914765 357 4 1 -6.44928e-10 
0.596266 0.673168 -0.00108639 0.0025 0.54659 0.42931 1.96359 0.00914763 358 4 1 4.26152e-10 
0.60084 0.673164 -0.00104174 0.0025 0.546591 0.429313 1.9636 0.00914761 359 4 1 6.96613e-10 
0.605414 0.673161 -0.000999399 0.0025 0.546591 0.429316 1.9636 0.0091476 360 4 1 -7.51417e-10 
0.609988 0.673158 -0.000958344 0.0025 0.546592 0.429318 1.96361 0.00914759 361 4 1 6.73094e-11 
0.614561 0.673155 -0.000918406 0.0025 0.546593 0.429321 1.96362 0.00914758 362 4 1 1.39264e-09 
0.619135 0.673153 -0.000879663 0.0025 0.546593 0.429323 1.96363 0.00914758 363 4 1 -9.19667e-10 
0.623709 0.673151 -0.000841293 0.0025 0.546593 0.429325 1.96364 0.00914758 364 3 1 -2.5956e-10 
0.628283 0.673149 -0.000800878 0.0025 0.546593 0.429327 1.96365 0.00914758 365 4 1 2.05196e-09 
0.632857 0.673147 -0.000754549 0.0025 0.546592 0.429329 1.96366 0.00914759 366 4 1 -9.15899e-10 
0.63743 0.673146 -0.000697644 0.0025 0.546592 0.429331 1.96367 0.0091476 367 4 1 -9.776e-10 
0.642004 0.673144 -0.000625367 0.0025 0.546591 0.429333 1.96368 0.00914761 368 4 1 1.80418e-09 
0.646578 0.673142 -0.000533372 0.0025 0.54659 0.429334 1.9637 0.00914763 369 4 1 2.91607e-10 
0.651152 0.67314 -0.000418577 0.0025 0.546588 0.429335 1.96371 0.00914766 370 4 1 -1.03609e-09 
0.655726 0.673138 -0.000280436 0.0025 0.546586 0.429336 1.96372 0.0091477 371 4 1 5.47254e-10 
0.6603 0.673135 -0.000122449 0.0025 0.546583 0.429336 1.96373 0.00914774 372 4 1 8.73854e-10 
0.664873 0.673132 4.67807e-05 0.0025 0.54658 0.429336 1.96374 0.0091478 373 4 1 -7.08416e-10 
0.669447 0.673128 0.000213731 0.0025 0.546576 0.429336 1.96375 0.00914786 374 4 1 4.32106e-10 
0.674021 0.673124 0.000361803 0.0025 0.546571 0.429335 1.96376 0.00914794 375 4 1 1.25728e-09 
0.678595 0.673119 0.000474621 0.0025 0.546566 0.429334 1.96378 0.00914802 376 4 1 -2.7693e-10 
0.683169 0.673114 0.000539944 0.0025 0.546561 0.429333 1.96379 0.00914811 377 4 1 1.08085e-09 
0.687743 0.67311 0.000552918 0.0025 0.546555 0.429331 1.96381 0.0091482 378 4 1 1.33474e-09 
0.692318 0.673105 0.00051746 0.0025 0.546549 0.42933 1.96382 0.00914831 379 4 1 1.40397e-09 
0.696892 0.673101 0.000445166 0.0025 0.546543 0.429329 1.96384 0.00914841 380 4 1 2.98577e-09 
0.701466 0.673098 0.000352067 0.0025 0.546536 0.429328 1.96386 0.00914853 381 4 1 -8.97529e-10 
0.70604 0.673095 0.000254453 0.0025 0.54653 0.429328 1.96388 0.00914864 382 4 1 1.75467e-09 
0.710615 0.673092 0.000165257 0.0025 0.546523 0.429327 1.9639 0.00914875 383 4 1 5.13122e-09 
0.715189 0.67309 9.21317e-05 0.0025 0.546515 0.429327 1.96393 0.00914888 384 4 1 -1.40472e-09 
0.719763 0.673088 3.74834e-05 0.0025 0.546507 0.429327 1.96396 0.00914901 385 4 1 2.24819e-09 
0.724338 0.673087 -7.17214e-08 0.0025 0.546499 0.429327 1.96399 0.00914915 386 4 1 3.66048e-09 
0.728913 0.673085 -2.37884e-05 0.0025 0.54649 0.429327 1.96402 0.00914931 387 4 1 2.91018e-09 
0.733487 0.673084 -3.72293e-05 0.0025 0.546479 0.429327 1.96406 0.00914948 388 4 1 4.76703e-09 
0.738062 0.673083 -4.34431e-05 0.0025 0.546468 0.429328 1.9641 0.00914967 389 4 1 -2.21546e-09 
0.742637 0.673082 -4.48082e-05 0.0025 0.546456 0.429328 1.96414 0.00914986 390 4 1 5.49087e-09 
0.747212 0.673082 -4.32091e-05 0.0025 0.546444 0.429328 1.96419 0.00915008 391 4 1 4.77352e-09 
0.751787 0.673081 -4.02117e-05 0.0025 0.546429 0.429328 1.96424 0.00915032 392 4 1 8.24209e-09 
0.756362 0.67308 -3.70723e-05 0.0025 0.546416 0.429331 1.96431 0.00915055 393 4 1 -3.50454e-09 
0.760938 0.673079 -3.46152e-05 0.0025 0.546392 0.429332 1.96436 0.00915093 394 4 1 1.43736e-07 
0.765513 0.673079 -3.31249e-05 0.0025 0.546381 0.429361 1.9646 0.00915112 395 4 1 -1.3868e-07 
0.770089 0.673078 -3.23845e-05 0.0025 0.545983 0.429206 1.96466 0.0091578 396 5 1 3.48562e-06 
0.774671 0.673078 -3.18882e-05 0.0025 0.548247 0.43087 1.96852 0.00911997 397 3 1 -1.90585e-05 
0.779209 0.673077 -3.11701e-05 0.0025 0.536917 0.4262 1.95005 0.00931243 398 4 1 0.000179254 
0.78399 0.673077 -2.99863e-05 0.0025 0.511059 0.432737 2.15252 0.00978361 399 4 1 -0.000134225 
0.788999 0.673076 -2.84059e-05 0.0025 0.482813 0.42451 2.1555 0.010356 400 4 1 0.000266086 
0.79436 0.673076 -2.66292e-05 0.0025 0.454328 0.432954 2.44419 0.0110053 401 4 1 -0.000240409 
0.800015 0.673075 -2.50985e-05 0.0025 0.44703 0.427289 2.38027 0.0111849 402 5 1 5.38096e-05 
0.805546 0.673075 -2.42054e-05 0.0025 0.452461 0.42966 2.37465 0.0110507 403 4 1 -3.01274e-06 
0.811066 0.673074 -2.38758e-05 0.0025 0.453643 0.42933 2.36526 0.0110219 404 4 1 3.9128e-06 
0.816568 0.673074 -2.39245e-05 0.0025 0.454723 0.429389 2.36047 0.0109957 405 4 1 1.27163e-06 
0.822061 0.673073 -2.41144e-05 0.0025 0.455346 0.429362 2.35718 0.0109807 406 4 1 8.42991e-07 
0.827549 0.673073 -2.41439e-05 0.0025 0.45579 0.429351 2.35487 0.01097 407 4 1 5.44449e-07 
0.833031 0.673073 -2.3164e-05 0.0025 0.456111 0.429343 2.35321 0.0109622 408 4 1 3.49182e-07 
0.838511 0.673073 -1.83631e-05 0.0025 0.456352 0.429339 2.35197 0.0109565 409 4 1 2.46814e-07 
0.843988 0.673073 -1.73891e-06 0.0025 0.456536 0.429336 2.35102 0.010952 410 4 1 1.77306e-07 
0.849463 0.673073 3.57766e-05 0.0025 0.45668 0.429334 2.35028 0.0109486 411 4 1 1.31056e-07 
0.854936 0.673073 3.98771e-06 0.0025 0.456793 0.429333 2.34969 0.0109459 412 4 1 9.89837e-08 
0.860409 0.673072 -0.000680322 0.0025 0.456885 0.429333 2.34923 0.0109437 413 4 1 7.99041e-08 
0.86588 0.673064 -0.00434191 0.0025 0.456961 0.429337 2.34885 0.0109418 414 4 1 7.44955e-08 
0.871351 0.67303 -0.0176068 0.0025 0.457034 0.429353 2.34857 0.0109401 415 4 1 8.13272e-08 
0.87682 0.672922 -0.0467424 0.0025 0.457115 0.429394 2.34839 0.0109382 416 4 1 3.8989e-08 
0.882289 0.672743 -0.0426673 0.0025 0.457183 0.429415 2.34824 0.0109365 417 3 1 -4.5543e-07 
0.887757 0.673134 0.456777 0.0025 0.456945 0.429045 2.34752 0.0109422 418 4 1 -1.02056e-06 
0.893231 0.677357 1.91473 0.0025 0.456193 0.428244 2.34573 0.0109603 419 5 1 6.8402e-06 
0.898717 0.674801 -5.61961 0.0025 0.459037 0.432729 2.35141 0.0108924 420 4 1 5.94411e-05 
0.904125 0.622088 -28.1484 0.0025 0.47752 0.459016 2.39143 0.0104708 421 4 1 0.000192113 
0.909206 0.481104 -52.5061 0.0025 0.524174 0.52577 2.49372 0.00953882 422 4 1 0.000241611 
0.913715 0.300751 -49.2652 0.0025 0.593501 0.627652 2.63721 0.00842459 423 4 1 0.000134339 
0.917677 0.167393 -29.7868 0.0025 0.661606 0.73146 2.76524 0.00755737 424 4 1 3.83673e-05 
0.921291 0.0905606 -17.2245 0.0025 0.711896 0.81112 2.85149 0.0070235 425 4 1 1.61229e-06 
0.924706 0.0461896 -9.60977 0.0025 0.744351 0.863783 2.90382 0.00671726 426 4 1 -9.26257e-06 
0.92801 0.0227046 -4.90797 0.0025 0.763327 0.895039 2.93327 0.00655027 427 4 1 -9.10068e-06 
0.931257 0.0108146 -2.46969 0.0025 0.773412 0.911827 2.9485 0.00646486 428 4 1 -5.70241e-06 
0.934475 0.00498004 -1.19338 0.0025 0.778518 0.920343 2.956 0.00642246 429 4 1 -3.13839e-06 
0.93768 0.00219134 -0.576341 0.0025 0.781021 0.924489 2.95951 0.00640188 430 4 1 -1.57183e-06 
0.940877 0.000860036 -0.278973 0.0025 0.78225 0.926476 2.96107 0.00639182 431 4 1 -7.65707e-07 
0.944072 0.000224376 -0.136112 0.0025 0.782872 0.927426 2.96168 0.00638674 432 4 1 -3.78414e-07 
0.947264 -8.02074e-05 -0.0666168 0.0025 0.78321 0.927884 2.96183 0.00638398 433 4 1 -1.99031e-07 
0.950456 -0.000224005 -0.0321845 0.0025 0.783418 0.928105 2.96174 0.00638229 434 4 1 -1.16032e-07 
0.953646 -0.000287229 -0.0146279 0.0025 0.783568 0.928212 2.96151 0.00638107 435 4 1 -7.65581e-08 
0.956837 -0.000308169 -0.0055855 0.0025 0.783694 0.92826 2.96118 0.00638004 436 4 1 -5.96956e-08 
0.960026 -0.0003038 0.00265477 0.0025 0.783811 0.928275 2.96078 0.00637909 437 4 1 -4.62317e-08 
0.963216 -0.000281323 0.00210053 0.0025 0.783929 0.928272 2.96033 0.00637813 438 4 1 -3.96466e-08 
0.966404 -0.000262667 0.00595209 0.0025 0.784055 0.928263 2.95982 0.0063771 439 4 1 -3.71565e-08 
0.969593 -0.000234389 0.00241725 0.0025 0.784192 0.928254 2.95927 0.00637599 440 4 1 -3.50756e-08 
0.97278 -0.00021688 0.00587478 0.0025 0.784342 0.928245 2.95868 0.00637477 441 4 1 -2.59417e-08 
0.975968 -0.000185849 0.00296647 0.0025 0.784501 0.928241 2.95806 0.00637347 442 4 1 1.35389e-08 
0.979154 -0.000168354 0.0033628 0.0025 0.784664 0.92825 2.95745 0.00637215 443 4 1 1.37956e-07 
0.98234 -0.000137019 0.00315616 0.0025 0.784795 0.928289 2.957 0.00637109 444 3 1 5.16798e-07 
0.985525 -0.000116394 0.00153891 0.0025 0.784765 0.928383 2.95718 0.00637133 445 4 1 1.7016e-06 
0.988711 -8.68655e-05 0.00242755 0.0025 0.784189 0.928573 2.9594 0.00637602 446 4 1 4.52719e-06 
0.991901 -6.40599e-05 0.000990579 0.0025 0.781575 0.9285 2.96704 0.00639734 447 4 1 1.49448e-05 
0.995108 -3.68904e-05 0.00125582 0.0025 0.774207 0.92767 2.99249 0.00645822 448 4 1 1.77305e-05 
0.99836 -1.33024e-05 0.000126698 0.0025 0.76548 0.92779 3.03774 0.00653185 449 4 1 -3.46218e-05 
1.00164 1.33024e-05 -0.000126698 0.0025 0.76548 0.92779 3.03774 0.00653185 450 4 1 -3.46218e-05 
1.00489 3.68904e-05 -0.00125582 0.0025 0.774207 0.92767 2.99249 0.00645822 451 4 1 1.77305e-05 
1.0081 6.40599e-05 -0.000990579 0.0025 0.781575 0.9285 2.96704 0.00639734 452 4 1 1.49448e-05 
1.01129 8.68655e-05 -0.00242755 0.0025 0.784189 0.928573 2.9594 0.00637602 453 4 1 4.52719e-06 
1.01447 0.000116394 -0.00153891 0.0025 0.784765 0.928383 2.95718 0.00637133 454 4 1 1.7016e-06 
1.01766 0.000137019 -0.00315616 0.0025 0.784795 0.928289 2.957 0.00637109 455 3 1 5.16798e-07 
1.02085 0.000168354 -0.0033628 0.0025 0.784664 0.92825 2.95745 0.00637215 456 4 1 1.37956e-07 
1.02403 0.000185849 -0.00296647 0.0025 0.784501 0.928241 2.95806 0.00637347 457 4 1 1.35389e-08 
1.02722 0.00021688 -0.00587478 0.0025 0.784342 0.928245 2.95868 0.00637477 458 4 1 -2.59417e-08 
1.03041 0.000234389 -0.00241725 0.0025 0.784192 0.928254 2.95927 0.00637599 459 4 1 -3.50756e-08 
1.0336 0.000262667 -0.00595209 0.0025 0.784055 0.928263 2.95982 0.0063771 460 4 1 -3.71565e-08 
1.03678 0.000281323 -0.00210053 0.0025 0.783929 0.928272 2.96033 0.00637813 461 4 1 -3.96466e-08 
1.03997 0.0003038 -0.00265477 0.0025 0.783811 0.928275 2.96078 0.00637909 462 4 1 -4.62317e-08 
1.04316 0.000308169 0.0055855 0.0025 0.783694 0.92826 2.96118 0.00638004 463 4 1 -5.96956e-08 
1.04635 0.000287229 0.0146279 0.0025 0.783568 0.928212 2.96151 0.00638107 464 4 1 -7.65581e-08 
1.04954 0.000224005 0.0321845 0.0025 0.783418 0.928105 2.96174 0.00638229 465 4 1 -1.16032e-07 
1.05274 8.02074e-05 0.0666168 0.0025 0.78321 0.927884 2.96183 0.00638398 466 4 1 -1.99031e-07 
1.05593 -0.000224376 0.136112 0.0025 0.782872 0.927426 2.96168 0.00638674 467 4 1 -3.78414e-07 
1.05912 -0.000860036 0.278973 0.0025 0.78225 0.926476 2.96107 0.00639182 468 4 1 -7.65707e-07 
1.06232 -0.00219134 0.576341 0.0025 0.781021 0.924489 2.95951 0.00640188 469 4 1 -1.57183e-06 
1.06552 -0.00498004 1.19338 0.0025 0.778518 0.920343 2.956 0.00642246 470 4 1 -3.13839e-06 
1.06874 -0.0108146 2.46969 0.0025 0.773412 0.911827 2.9485 0.00646486 471 4 1 -5.70241e-06 
1.07199 -0.0227046 4.90797 0.0025 0.763327 0.895039 2.93327 0.00655027 472 4 1 -9.10068e-06 
1.07529 -0.0461896 9.60977 0.0025 0.744351 0.863783 2.90382 0.00671726 473 4 1 -9.26257e-06 
1.07871 -0.0905606 17.2245 0.0025 0.711896 0.81112 2.85149 0.0070235 474 4 1 1.61229e-06 
1.08232 -0.167393 29.7868 0.0025 0.661606 0.73146 2.76524 0.00755737 475 4 1 3.83673e-05 
1.08629 -0.300751 49.2652 0.0025 0.593501 0.627652 2.63721 0.00842459 476 4 1 0.000134339 
1.09079 -0.481104 52.5061 0.0025 0.524174 0.52577 2.49372 0.00953882 477 4 1 0.000241611 
1.09588 -0.622088 28.1484 0.0025 0.47752 0.459016 2.39143 0.0104708 478 4 1 0.000192113 
1.10128 -0.674801 5.61961 0.0025 0.459037 0.432729 2.35141 0.0108924 479 4 1 5.94411e-05 
1.10677 -0.677357 -1.91473 0.0025 0.456193 0.428244 2.34573 0.0109603 480 5 1 6.8402e-06 
1.11224 -0.673134 -0.456777 0.0025 0.456945 0.429045 2.34752 0.0109422 481 4 1 -1.02056e-06 
1.11771 -0.672743 0.0426673 0.0025 0.457183 0.429415 2.34824 0.0109365 482 3 1 -4.5543e-07 
1.12318 -0.672922 0.0467424 0.0025 0.457115 0.429394 2.34839 0.0109382 483 4 1 3.8989e-08 
1.12865 -0.67303 0.0176068 0.0025 0.457034 0.429353 2.34857 0.0109401 484 4 1 8.13272e-08 
1.13412 -0.673064 0.00434191 0.0025 0.456961 0.429337 2.34885 0.0109418 485 4 1 7.44955e-08 
1.13959 -0.673072 0.000680322 0.0025 0.456885 0.429333 2.34923 0.0109437 486 4 1 7.99041e-08 
1.14506 -0.673073 -3.98769e-06 0.0025 0.456793 0.429333 2.34969 0.0109459 487 4 1 9.89837e-08 
1.15054 -0.673073 -3.57766e-05 0.0025 0.45668 0.429334 2.35028 0.0109486 488 4 1 1.31056e-07 
1.15601 -0.673073 1.73891e-06 0.0025 0.456536 0.429336 2.35102 0.010952 489 4 1 1.77306e-07 
1.16149 -0.673073 1.83631e-05 0.0025 0.456352 0.429339 2.35197 0.0109565 490 4 1 2.46814e-07 
1.16697 -0.673073 2.31639e-05 0.0025 0.456111 0.429343 2.35321 0.0109622 491 4 1 3.49182e-07 
1.17245 -0.673073 2.41439e-05 0.0025 0.45579 0.429351 2.35487 0.01097 492 4 1 5.44449e-07 
1.17794 -0.673073 2.41144e-05 0.0025 0.455346 0.429362 2.35718 0.0109807 493 4 1 8.42991e-07 
1.18343 -0.673074 2.39246e-05 0.0025 0.454723 0.429389 2.36047 0.0109957 494 4 1 1.27163e-06 
1.18893 -0.673074 2.38758e-05 0.0025 0.453643 0.42933 2.36526 0.0110219 495 4 1 3.9128e-06 
1.19445 -0.673075 2.42054e-05 0.0025 0.452461 0.42966 2.37465 0.0110507 496 4 1 -3.01274e-06 
1.19998 -0.673075 2.50985e-05 0.0025 0.44703 0.427289 2.38027 0.0111849 497 5 1 5.38096e-05 
1.20564 -0.673076 2.66292e-05 0.0025 0.454328 0.432954 2.44419 0.0110053 498 4 1 -0.000240409 
1.211 -0.673076 2.84059e-05 0.0025 0.482813 0.42451 2.1555 0.010356 499 4 1 0.000266086 
