# Time [s]: 0.429166
# Columns: pos [m], vel [m/s], acc [m/s^2], mass [kg], dens [kg/m^3], pres [Pa], ene [J/kg], sml [m], id, neighbor, alpha, gradh, ...additional?
1.21336 -0.673076 2.25972e-05 0.0025 0.511059 0.432737 2.15252 0.0097836 0 4 1 -0.000134225 
1.21814 -0.673077 2.29417e-05 0.0025 0.536917 0.4262 1.95005 0.00931242 1 4 1 0.000179254 
1.22268 -0.673077 2.30621e-05 0.0025 0.548248 0.43087 1.96852 0.00911997 2 3 1 -1.90585e-05 
1.22726 -0.673078 2.33466e-05 0.0025 0.545983 0.429206 1.96466 0.0091578 3 5 1 3.48562e-06 
1.23183 -0.673079 2.42477e-05 0.0025 0.546381 0.429361 1.9646 0.00915112 4 4 1 -1.3868e-07 
1.23641 -0.673079 2.59757e-05 0.0025 0.546393 0.429332 1.96436 0.00915093 5 4 1 1.43736e-07 
1.24098 -0.67308 2.82813e-05 0.0025 0.546416 0.429331 1.96431 0.00915054 6 4 1 -3.50364e-09 
1.24556 -0.673081 3.04033e-05 0.0025 0.546429 0.429329 1.96424 0.00915031 7 4 1 8.24533e-09 
1.25014 -0.673081 3.11428e-05 0.0025 0.546444 0.429328 1.96419 0.00915007 8 4 1 4.78009e-09 
1.25471 -0.673082 2.89579e-05 0.0025 0.546457 0.429328 1.96414 0.00914986 9 4 1 5.50162e-09 
1.25928 -0.673083 2.19581e-05 0.0025 0.546468 0.429328 1.9641 0.00914966 10 4 1 -2.19953e-09 
1.26386 -0.673084 7.76904e-06 0.0025 0.54648 0.429328 1.96406 0.00914947 11 4 1 4.78944e-09 
1.26843 -0.673085 -1.65881e-05 0.0025 0.54649 0.429328 1.96402 0.0091493 12 4 1 2.94039e-09 
1.27301 -0.673087 -5.45103e-05 0.0025 0.546499 0.429328 1.96399 0.00914914 13 4 1 3.69894e-09 
1.27758 -0.673088 -0.000109032 0.0025 0.546508 0.429328 1.96396 0.009149 14 4 1 2.29291e-09 
1.28216 -0.67309 -0.000181383 0.0025 0.546516 0.429328 1.96393 0.00914887 15 4 1 -1.35946e-09 
1.28673 -0.673093 -0.000269242 0.0025 0.546524 0.429329 1.96391 0.00914873 16 4 1 5.16735e-09 
1.29131 -0.673096 -0.000365399 0.0025 0.546531 0.429329 1.96388 0.00914861 17 4 1 1.76975e-09 
1.29588 -0.673099 -0.000457706 0.0025 0.546538 0.42933 1.96386 0.0091485 18 4 1 -9.14231e-10 
1.30046 -0.673103 -0.000530789 0.0025 0.546545 0.429331 1.96384 0.00914838 19 4 1 2.93192e-09 
1.30503 -0.673107 -0.000569335 0.0025 0.546551 0.429333 1.96383 0.00914827 20 4 1 1.31602e-09 
1.3096 -0.673112 -0.000561953 0.0025 0.546557 0.429334 1.96381 0.00914817 21 4 1 1.22458e-09 
1.31418 -0.673117 -0.000504282 0.0025 0.546563 0.429335 1.96379 0.00914807 22 4 1 9.66475e-10 
1.31875 -0.673121 -0.000400189 0.0025 0.546568 0.429336 1.96378 0.00914799 23 4 1 -3.76284e-10 
1.32333 -0.673125 -0.000260695 0.0025 0.546573 0.429337 1.96377 0.0091479 24 4 1 1.18825e-09 
1.3279 -0.673129 -0.000101094 0.0025 0.546578 0.429338 1.96376 0.00914783 25 4 1 4.0117e-10 
1.33247 -0.673132 6.2661e-05 0.0025 0.546581 0.429338 1.96374 0.00914777 26 4 1 -7.01965e-10 
1.33705 -0.673134 0.000217148 0.0025 0.546584 0.429338 1.96373 0.00914772 27 4 1 9.10202e-10 
1.34162 -0.673137 0.000353382 0.0025 0.546587 0.429337 1.96372 0.00914768 28 4 1 6.02472e-10 
1.3462 -0.673138 0.000467208 0.0025 0.546589 0.429336 1.96371 0.00914765 29 4 1 -9.73075e-10 
1.35077 -0.67314 0.000558487 0.0025 0.54659 0.429335 1.9637 0.00914762 30 4 1 3.53707e-10 
1.35534 -0.673141 0.000629759 0.0025 0.546592 0.429334 1.96368 0.0091476 31 4 1 1.85985e-09 
1.35992 -0.673143 0.000685009 0.0025 0.546592 0.429332 1.96368 0.00914758 32 4 1 -9.31114e-10 
1.36449 -0.673144 0.000728793 0.0025 0.546593 0.42933 1.96366 0.00914757 33 4 1 -8.79357e-10 
1.36906 -0.673146 0.000765585 0.0025 0.546594 0.429328 1.96365 0.00914756 34 4 1 2.07939e-09 
1.37364 -0.673148 0.000799145 0.0025 0.546594 0.429326 1.96364 0.00914756 35 3 1 -2.38891e-10 
1.37821 -0.67315 0.000831939 0.0025 0.546594 0.429324 1.96363 0.00914756 36 4 1 -9.02371e-10 
1.38279 -0.673152 0.000865007 0.0025 0.546594 0.429322 1.96362 0.00914756 37 4 1 1.40972e-09 
1.38736 -0.673154 0.000898523 0.0025 0.546593 0.42932 1.96362 0.00914757 38 4 1 8.56598e-11 
1.39193 -0.673157 0.000932731 0.0025 0.546593 0.429317 1.96361 0.00914758 39 4 1 -7.32304e-10 
1.39651 -0.67316 0.000968488 0.0025 0.546592 0.429315 1.9636 0.00914759 40 4 1 7.15294e-10 
1.40108 -0.673163 0.001007 0.0025 0.546591 0.429312 1.96359 0.0091476 41 4 1 4.44056e-10 
1.40565 -0.673167 0.0010493 0.0025 0.54659 0.42931 1.96358 0.00914762 42 4 1 -6.27544e-10 
1.41023 -0.673171 0.00109663 0.0025 0.546589 0.429307 1.96357 0.00914764 43 4 1 -1.69454e-11 
1.4148 -0.673176 0.00115194 0.0025 0.546588 0.429304 1.96356 0.00914766 44 4 1 9.37924e-10 
1.41938 -0.673181 0.00122084 0.0025 0.546586 0.429301 1.96356 0.00914769 45 4 1 -4.33147e-10 
1.42395 -0.673187 0.00130991 0.0025 0.546584 0.429297 1.96355 0.00914772 46 4 1 -8.33519e-10 
1.42852 -0.673193 0.00142207 0.0025 0.546582 0.429294 1.96354 0.00914776 47 4 1 4.21523e-10 
1.4331 -0.673199 0.00155269 0.0025 0.54658 0.42929 1.96353 0.0091478 48 4 1 6.09448e-11 
1.43767 -0.673206 0.00169094 0.0025 0.546577 0.429286 1.96352 0.00914784 49 4 1 -8.46173e-10 
1.44225 -0.673213 0.00182751 0.0025 0.546574 0.429281 1.96351 0.0091479 50 4 1 -5.33744e-10 
1.44682 -0.673221 0.00196341 0.0025 0.54657 0.429276 1.9635 0.00914795 51 4 1 3.96844e-10 
1.45139 -0.673229 0.00211222 0.0025 0.546566 0.429271 1.96349 0.00914802 52 4 1 -3.6569e-10 
1.45597 -0.673239 0.00229201 0.0025 0.546562 0.429265 1.96348 0.00914809 53 4 1 -1.19282e-09 
1.46054 -0.673249 0.00251194 0.0025 0.546557 0.429259 1.96347 0.00914817 54 4 1 -4.43723e-10 
1.46512 -0.673259 0.00276379 0.0025 0.546552 0.429252 1.96346 0.00914826 55 4 1 8.51548e-11 
1.46969 -0.673271 0.003026 0.0025 0.546546 0.429245 1.96344 0.00914836 56 4 1 -9.74072e-10 
1.47426 -0.673283 0.00327905 0.0025 0.546539 0.429237 1.96343 0.00914847 57 4 1 -1.35787e-09 
1.47884 -0.673297 0.0035219 0.0025 0.546532 0.429228 1.96342 0.0091486 58 4 1 -1.33837e-10 
1.48341 -0.673312 0.00377697 0.0025 0.546524 0.429218 1.9634 0.00914873 59 4 1 -4.66783e-10 
1.48799 -0.673329 0.00407885 0.0025 0.546515 0.429208 1.96338 0.00914888 60 4 1 -1.30985e-09 
1.49256 -0.673347 0.00445504 0.0025 0.546506 0.429196 1.96337 0.00914903 61 4 1 -1.32337e-09 
1.49714 -0.673368 0.00491415 0.0025 0.546495 0.429184 1.96335 0.00914921 62 4 1 -9.01856e-10 
-0.49829 -0.67339 0.00544894 0.0025 0.546484 0.429171 1.96333 0.00914941 63 4 1 -1.46721e-09 
-0.493715 -0.673415 0.00604574 0.0025 0.54647 0.429155 1.96331 0.00914963 64 4 1 -2.08423e-09 
-0.48914 -0.673442 0.00668963 0.0025 0.546456 0.429139 1.96328 0.00914987 65 4 1 -1.84087e-09 
-0.484565 -0.673472 0.0073699 0.0025 0.54644 0.42912 1.96326 0.00915014 66 4 1 -1.88888e-09 
-0.47999 -0.673506 0.00809589 0.0025 0.546422 0.4291 1.96323 0.00915044 67 4 1 -2.30409e-09 
-0.475415 -0.673544 0.0089135 0.0025 0.546402 0.429077 1.9632 0.00915078 68 4 1 -2.6601e-09 
-0.470839 -0.673586 0.00989685 0.0025 0.546379 0.429052 1.96316 0.00915115 69 4 1 -2.8347e-09 
-0.466263 -0.673634 0.0111074 0.0025 0.546355 0.429024 1.96312 0.00915157 70 4 1 -3.60147e-09 
-0.461687 -0.673687 0.0125434 0.0025 0.546327 0.428993 1.96308 0.00915203 71 4 1 -4.33812e-09 
-0.457111 -0.673745 0.0141199 0.0025 0.546295 0.428958 1.96303 0.00915256 72 4 1 -4.40639e-09 
-0.452535 -0.67381 0.0157179 0.0025 0.54626 0.428918 1.96298 0.00915315 73 4 1 -4.47088e-09 
-0.447958 -0.673882 0.0172884 0.0025 0.546221 0.428875 1.96292 0.00915381 74 4 1 -4.5967e-09 
-0.443381 -0.673963 0.0189124 0.0025 0.546178 0.428827 1.96286 0.00915453 75 4 1 -4.64699e-09 
-0.438804 -0.674053 0.0207377 0.0025 0.546131 0.428775 1.96279 0.00915532 76 4 1 -4.87205e-09 
-0.434226 -0.674152 0.0228277 0.0025 0.546079 0.428718 1.96271 0.00915618 77 4 1 -5.15096e-09 
-0.429647 -0.674259 0.0250267 0.0025 0.546023 0.428656 1.96263 0.00915712 78 4 1 -4.99559e-09 
-0.425069 -0.674372 0.0269797 0.0025 0.545963 0.42859 1.96254 0.00915812 79 4 1 -3.85087e-09 
-0.420489 -0.674491 0.0283176 0.0025 0.5459 0.42852 1.96245 0.00915919 80 4 1 -1.73168e-09 
-0.415909 -0.674614 0.0288171 0.0025 0.545835 0.428448 1.96235 0.00916028 81 4 1 8.75898e-10 
-0.411329 -0.674741 0.0285407 0.0025 0.54577 0.428377 1.96226 0.00916137 82 4 1 3.37194e-09 
-0.406748 -0.674866 0.0277734 0.0025 0.545708 0.428308 1.96217 0.00916241 83 4 1 5.61043e-09 
-0.402167 -0.674983 0.0261936 0.0025 0.545651 0.428245 1.96208 0.00916337 84 4 1 8.72554e-09 
-0.397585 -0.675086 0.0228848 0.0025 0.5456 0.428189 1.96201 0.00916422 85 4 1 1.27334e-08 
-0.393002 -0.675171 0.0185107 0.0025 0.54556 0.428145 1.96195 0.00916489 86 4 1 1.60632e-08 
-0.38842 -0.675227 0.0119461 0.0025 0.545533 0.428115 1.96191 0.00916534 87 4 1 1.94141e-08 
-0.383837 -0.675259 0.00588812 0.0025 0.545523 0.428104 1.96189 0.00916552 88 5 1 2.92359e-08 
-0.379254 -0.675239 -0.00880596 0.0025 0.545537 0.42812 1.96191 0.00916528 89 4 1 4.83154e-08 
-0.374672 -0.675168 -0.0229237 0.0025 0.545592 0.428184 1.96199 0.00916436 90 4 1 1.39098e-07 
-0.37009 -0.674912 -0.102224 0.0025 0.545763 0.428377 1.96223 0.00916149 91 4 1 2.96512e-07 
-0.36551 -0.674162 -0.241429 0.0025 0.546171 0.428828 1.96282 0.00915464 92 4 1 3.91239e-07 
-0.360935 -0.672793 -0.376785 0.0025 0.546882 0.42961 1.96384 0.00914274 93 4 1 4.2708e-07 
-0.356368 -0.670878 -0.505649 0.0025 0.547905 0.430739 1.96531 0.00912567 94 4 1 5.6836e-07 
-0.35181 -0.668235 -0.712982 0.0025 0.549317 0.4323 1.96733 0.00910222 95 4 1 7.95548e-07 
-0.347265 -0.664585 -0.969499 0.0025 0.551234 0.434416 1.97007 0.00907055 96 4 1 9.51999e-07 
-0.342739 -0.659866 -1.2208 0.0025 0.553694 0.437129 1.97358 0.00903026 97 4 1 9.5939e-07 
-0.338235 -0.65427 -1.39604 0.0025 0.556614 0.440353 1.97774 0.00898289 98 4 1 8.58131e-07 
-0.333756 -0.648108 -1.49812 0.0025 0.559847 0.443932 1.98233 0.00893102 99 4 1 7.75318e-07 
-0.329304 -0.64165 -1.56486 0.0025 0.56328 0.447747 1.98718 0.00887658 100 4 1 7.79868e-07 
-0.324879 -0.634929 -1.64076 0.0025 0.566878 0.451757 1.99225 0.00882024 101 4 1 8.48516e-07 
-0.320484 -0.62792 -1.73043 0.0025 0.570654 0.455976 1.99755 0.00876188 102 4 1 9.28193e-07 
-0.316117 -0.620582 -1.82979 0.0025 0.574625 0.460425 2.0031 0.00870133 103 4 1 9.8059e-07 
-0.311782 -0.612913 -1.91929 0.0025 0.578788 0.4651 2.00889 0.00863875 104 4 1 9.90019e-07 
-0.307479 -0.604984 -1.99038 0.0025 0.58311 0.469968 2.01488 0.0085747 105 4 1 9.51514e-07 
-0.303207 -0.596914 -2.02755 0.0025 0.58754 0.474971 2.02099 0.00851006 106 4 1 9.01727e-07 
-0.298968 -0.588797 -2.05261 0.0025 0.592026 0.480054 2.02715 0.00844557 107 4 1 8.39674e-07 
-0.294762 -0.580712 -2.048 0.0025 0.596523 0.485164 2.03329 0.00838191 108 4 1 7.68507e-07 
-0.290586 -0.572734 -2.03115 0.0025 0.600989 0.490256 2.03937 0.00831962 109 4 1 7.18035e-07 
-0.286442 -0.564909 -2.00818 0.0025 0.605403 0.495305 2.04534 0.00825896 110 4 1 6.94989e-07 
-0.282327 -0.557224 -1.99573 0.0025 0.609768 0.500311 2.05123 0.00819984 111 4 1 6.77878e-07 
-0.278242 -0.549647 -1.98005 0.0025 0.614088 0.50528 2.05703 0.00814215 112 4 1 6.52412e-07 
-0.274185 -0.542195 -1.96417 0.0025 0.618361 0.510209 2.06274 0.00808589 113 4 1 6.16438e-07 
-0.270156 -0.534893 -1.93645 0.0025 0.622579 0.515089 2.06836 0.0080311 114 4 1 6.14102e-07 
-0.266154 -0.5277 -1.93651 0.0025 0.626756 0.519933 2.0739 0.00797759 115 4 1 6.08521e-07 
-0.262178 -0.520591 -1.92074 0.0025 0.630901 0.524752 2.07937 0.00792518 116 4 1 5.72891e-07 
-0.258229 -0.513603 -1.90125 0.0025 0.635002 0.529534 2.08477 0.00787399 117 4 1 5.78372e-07 
-0.254304 -0.506706 -1.90371 0.0025 0.639074 0.534295 2.0901 0.00782382 118 4 1 5.85222e-07 
-0.250405 -0.499843 -1.90197 0.0025 0.643132 0.539051 2.0954 0.00777445 119 4 1 5.58066e-07 
-0.24653 -0.493068 -1.88645 0.0025 0.647167 0.543791 2.10065 0.00772598 120 4 1 5.68559e-07 
-0.242679 -0.486351 -1.8996 0.0025 0.651192 0.548533 2.10587 0.00767823 121 4 1 6.02679e-07 
-0.238851 -0.479638 -1.91933 0.0025 0.655237 0.553309 2.11109 0.00763083 122 4 1 6.06119e-07 
-0.235048 -0.472915 -1.93314 0.0025 0.659305 0.558125 2.11632 0.00758375 123 4 1 6.01367e-07 
-0.231268 -0.466185 -1.94514 0.0025 0.663393 0.562976 2.12156 0.00753701 124 4 1 6.16293e-07 
-0.227511 -0.459439 -1.96962 0.0025 0.667512 0.567876 2.12682 0.00749051 125 4 1 6.45124e-07 
-0.223777 -0.452654 -2.00327 0.0025 0.671679 0.572846 2.13212 0.00744404 126 4 1 6.69856e-07 
-0.220067 -0.445787 -2.04302 0.0025 0.675906 0.577899 2.13748 0.00739748 127 4 1 6.58657e-07 
-0.216379 -0.438881 -2.05916 0.0025 0.68018 0.58302 2.14287 0.007351 128 4 1 6.34613e-07 
-0.212715 -0.431971 -2.07182 0.0025 0.684478 0.588184 2.14828 0.00730484 129 4 1 6.43361e-07 
-0.209074 -0.425068 -2.09659 0.0025 0.688805 0.593397 2.1537 0.00725895 130 4 1 6.60187e-07 
-0.205456 -0.418107 -2.12569 0.0025 0.69317 0.598668 2.15915 0.00721323 131 4 1 6.30432e-07 
-0.201861 -0.411163 -2.12218 0.0025 0.697553 0.603972 2.1646 0.00716792 132 4 1 6.0809e-07 
-0.198288 -0.404279 -2.13173 0.0025 0.701935 0.609292 2.17003 0.00712316 133 4 1 6.221e-07 
-0.194738 -0.397376 -2.14949 0.0025 0.706332 0.61464 2.17545 0.00707883 134 4 1 6.02316e-07 
-0.19121 -0.390525 -2.14538 0.0025 0.71073 0.620004 2.18086 0.00703502 135 4 1 5.78921e-07 
-0.187703 -0.38372 -2.14546 0.0025 0.715117 0.625369 2.18624 0.00699187 136 4 1 5.75156e-07 
-0.184218 -0.376961 -2.14691 0.0025 0.719495 0.630736 2.19158 0.00694932 137 4 1 5.73681e-07 
-0.180753 -0.370246 -2.15238 0.0025 0.72387 0.636112 2.1969 0.00690732 138 4 1 5.74725e-07 
-0.17731 -0.363551 -2.16098 0.0025 0.728247 0.641502 2.2022 0.0068658 139 4 1 5.66517e-07 
-0.173888 -0.356892 -2.16421 0.0025 0.732623 0.646905 2.20749 0.00682479 140 4 1 5.44221e-07 
-0.170485 -0.350288 -2.15658 0.0025 0.736987 0.652305 2.21274 0.00678438 141 4 1 5.34176e-07 
-0.167103 -0.343727 -2.15755 0.0025 0.741336 0.657701 2.21795 0.00674458 142 4 1 5.38232e-07 
-0.163741 -0.337227 -2.16184 0.0025 0.74568 0.663103 2.22314 0.00670529 143 4 1 5.43953e-07 
-0.160398 -0.330717 -2.17517 0.0025 0.750028 0.668522 2.22831 0.00666642 144 4 1 5.34001e-07 
-0.157074 -0.324255 -2.17471 0.0025 0.754375 0.673952 2.23347 0.006628 145 4 1 4.90018e-07 
-0.15377 -0.317867 -2.14796 0.0025 0.758694 0.67936 2.23858 0.00659027 146 4 1 5.01692e-07 
-0.150484 -0.311554 -2.16739 0.0025 0.763 0.684766 2.24365 0.00655308 147 4 1 5.44404e-07 
-0.147217 -0.305197 -2.1937 0.0025 0.76733 0.690212 2.24873 0.0065161 148 4 1 5.15518e-07 
-0.143968 -0.298859 -2.18497 0.0025 0.771665 0.695675 2.25381 0.0064795 149 4 1 4.76954e-07 
-0.140737 -0.292598 -2.17337 0.0025 0.775976 0.701122 2.25883 0.0064435 150 4 1 4.63698e-07 
-0.137524 -0.286404 -2.16108 0.0025 0.780261 0.706549 2.26381 0.00640812 151 4 1 4.86628e-07 
-0.134329 -0.280254 -2.18221 0.0025 0.784543 0.711985 2.26878 0.00637314 152 4 1 5.12969e-07 
-0.131151 -0.274058 -2.2037 0.0025 0.788848 0.717459 2.27375 0.00633836 153 4 1 4.75981e-07 
-0.12799 -0.267915 -2.18702 0.0025 0.793148 0.722939 2.2787 0.00630399 154 4 1 4.42037e-07 
-0.124847 -0.261847 -2.17576 0.0025 0.79742 0.728396 2.2836 0.00627022 155 4 1 4.45647e-07 
-0.12172 -0.255837 -2.17336 0.0025 0.801673 0.733842 2.28846 0.00623696 156 4 1 4.67018e-07 
-0.11861 -0.24985 -2.19216 0.0025 0.80593 0.739305 2.29331 0.00620401 157 4 1 4.9122e-07 
-0.115516 -0.243835 -2.21889 0.0025 0.810213 0.74481 2.29818 0.00617121 158 4 1 4.55214e-07 
-0.112439 -0.237838 -2.20025 0.0025 0.814495 0.750325 2.30303 0.00613877 159 4 1 4.22109e-07 
-0.109377 -0.231931 -2.19368 0.0025 0.81875 0.755818 2.30784 0.00610687 160 4 1 4.20499e-07 
-0.106332 -0.226067 -2.18341 0.0025 0.822984 0.761296 2.3126 0.00607545 161 4 1 4.28399e-07 
-0.103302 -0.220269 -2.19255 0.0025 0.827211 0.766777 2.31734 0.00604441 162 4 1 4.69918e-07 
-0.100287 -0.214443 -2.23143 0.0025 0.831465 0.772303 2.32211 0.00601348 163 4 1 4.46988e-07 
-0.0972883 -0.208639 -2.21651 0.0025 0.835732 0.777856 2.32686 0.00598278 164 4 1 4.28969e-07 
-0.0943045 -0.202912 -2.2321 0.0025 0.839994 0.783415 2.3316 0.00595242 165 4 1 4.16538e-07 
-0.0913358 -0.197244 -2.20967 0.0025 0.844247 0.788974 2.33632 0.00592244 166 4 1 4.21604e-07 
-0.088382 -0.191727 -2.23085 0.0025 0.848499 0.794545 2.34102 0.00589276 167 4 1 4.98145e-07 
-0.0854431 -0.186201 -2.29367 0.0025 0.852813 0.800208 2.34577 0.00586295 168 4 1 5.14211e-07 
-0.0825191 -0.180722 -2.32534 0.0025 0.857202 0.805979 2.35059 0.00583293 169 4 1 5.21146e-07 
-0.0796101 -0.175347 -2.37777 0.0025 0.861658 0.81185 2.35547 0.00580277 170 4 1 4.97236e-07 
-0.0767162 -0.170125 -2.37253 0.0025 0.866158 0.817792 2.36038 0.00577262 171 4 1 5.04633e-07 
-0.0738374 -0.165223 -2.41808 0.0025 0.870705 0.823812 2.36533 0.00574247 172 4 1 6.26543e-07 
-0.0709737 -0.160453 -2.5372 0.0025 0.87539 0.830026 2.37041 0.00571174 173 4 1 6.9346e-07 
-0.0681256 -0.155842 -2.63371 0.0025 0.880255 0.836493 2.37567 0.00568017 174 4 1 7.48363e-07 
-0.0652935 -0.151392 -2.77332 0.0025 0.885315 0.84323 2.38113 0.00564771 175 4 1 7.13802e-07 
-0.0624779 -0.147184 -2.79761 0.0025 0.890514 0.850167 2.38671 0.00561474 176 4 1 6.35632e-07 
-0.0596787 -0.143391 -2.81824 0.0025 0.89577 0.857203 2.39234 0.00558179 177 4 1 7.23679e-07 
-0.056896 -0.139851 -2.93148 0.0025 0.901139 0.864406 2.39806 0.00554854 178 4 1 7.95961e-07 
-0.0541301 -0.136292 -3.02408 0.0025 0.906666 0.871836 2.40393 0.00551471 179 4 1 7.59968e-07 
-0.0513813 -0.132777 -3.07189 0.0025 0.912304 0.879435 2.4099 0.00548063 180 4 1 7.54244e-07 
-0.0486495 -0.12927 -3.14291 0.0025 0.918019 0.887153 2.41593 0.00544651 181 4 1 6.11262e-07 
-0.0459347 -0.125819 -3.03538 0.0025 0.923693 0.894831 2.4219 0.00541306 182 4 1 4.20728e-07 
-0.0432363 -0.122739 -2.90917 0.0025 0.929186 0.902293 2.42764 0.00538105 183 4 1 5.60198e-07 
-0.0405536 -0.119619 -3.03523 0.0025 0.934619 0.909686 2.43331 0.00534978 184 4 1 5.03843e-07 
-0.0378865 -0.115861 -2.92652 0.0025 0.93995 0.916937 2.43887 0.00531943 185 4 1 -1.8051e-07 
-0.0352341 -0.11134 -2.27523 0.0025 0.944633 0.923325 2.44373 0.00529306 186 4 1 -6.28221e-07 
-0.0325934 -0.105717 -1.68849 0.0025 0.948347 0.928431 2.44756 0.00527233 187 4 1 -3.17239e-07 
-0.0299618 -0.0990292 -1.64091 0.0025 0.951502 0.932779 2.4508 0.00525485 188 4 1 2.01729e-07 
-0.0273386 -0.0931953 -1.8979 0.0025 0.954635 0.937055 2.45401 0.0052376 189 4 1 -1.12644e-07 
-0.0247242 -0.0878357 -1.37749 0.0025 0.957372 0.940773 2.45686 0.00522263 190 4 1 -1.32451e-06 
-0.0221159 -0.0792485 0.118217 0.0025 0.958586 0.942474 2.45814 0.00521602 191 3 1 -1.2848e-06 
-0.0195081 -0.0671679 0.430991 0.0025 0.958542 0.942496 2.45804 0.00521626 192 5 1 7.06772e-07 
-0.0168997 -0.0581597 -1.13275 0.0025 0.959287 0.943518 2.45874 0.0052122 193 4 1 1.49093e-06 
-0.0142959 -0.0525844 -1.65285 0.0025 0.961303 0.946191 2.46088 0.00520128 194 4 1 -1.08942e-06 
-0.0116984 -0.0440371 0.600656 0.0025 0.962111 0.947317 2.46178 0.0051969 195 3 1 -1.81057e-06 
-0.00909904 -0.031446 0.955635 0.0025 0.961188 0.946146 2.46078 0.0052019 196 4 1 6.22493e-07 
-0.0064965 -0.0220169 -0.44604 0.0025 0.960913 0.945762 2.46044 0.00520339 197 5 1 1.31846e-06 
-0.00389565 -0.0149751 -0.914385 0.0025 0.96186 0.947016 2.46146 0.00519826 198 4 1 -1.27026e-07 
-0.00129824 -0.00559105 -0.218494 0.0025 0.96267 0.948131 2.46234 0.00519389 199 3 1 -8.01714e-07 
0.00129824 0.00559105 0.218494 0.0025 0.96267 0.948131 2.46234 0.00519389 200 3 1 -8.01714e-07 
0.00389565 0.0149751 0.914385 0.0025 0.96186 0.947016 2.46146 0.00519826 201 4 1 -1.27026e-07 
0.0064965 0.0220169 0.44604 0.0025 0.960913 0.945762 2.46044 0.00520339 202 5 1 1.31846e-06 
0.00909904 0.031446 -0.955635 0.0025 0.961188 0.946146 2.46078 0.0052019 203 4 1 6.22493e-07 
0.0116984 0.0440371 -0.600656 0.0025 0.962111 0.947317 2.46178 0.0051969 204 3 1 -1.81057e-06 
0.0142959 0.0525844 1.65285 0.0025 0.961303 0.946191 2.46088 0.00520128 205 4 1 -1.08942e-06 
0.0168997 0.0581597 1.13275 0.0025 0.959287 0.943518 2.45874 0.0052122 206 4 1 1.49093e-06 
0.0195081 0.0671679 -0.430991 0.0025 0.958542 0.942496 2.45804 0.00521626 207 5 1 7.06772e-07 
0.0221159 0.0792485 -0.118217 0.0025 0.958586 0.942474 2.45814 0.00521602 208 3 1 -1.2848e-06 
0.0247242 0.0878357 1.37749 0.0025 0.957372 0.940773 2.45686 0.00522263 209 4 1 -1.32451e-06 
0.0273386 0.0931953 1.8979 0.0025 0.954635 0.937055 2.45401 0.0052376 210 4 1 -1.12644e-07 
0.0299618 0.0990292 1.64091 0.0025 0.951502 0.932779 2.4508 0.00525485 211 4 1 2.01729e-07 
0.0325934 0.105717 1.68849 0.0025 0.948347 0.928431 2.44756 0.00527233 212 4 1 -3.17239e-07 
0.0352341 0.11134 2.27523 0.0025 0.944633 0.923325 2.44373 0.00529306 213 4 1 -6.28221e-07 
0.0378865 0.115861 2.92652 0.0025 0.93995 0.916937 2.43887 0.00531943 214 4 1 -1.8051e-07 
0.0405536 0.119619 3.03523 0.0025 0.934619 0.909686 2.43331 0.00534978 215 4 1 5.03843e-07 
0.0432363 0.122739 2.90917 0.0025 0.929186 0.902293 2.42764 0.00538105 216 4 1 5.60198e-07 
0.0459347 0.125819 3.03538 0.0025 0.923693 0.894831 2.4219 0.00541306 217 4 1 4.20728e-07 
0.0486495 0.12927 3.14291 0.0025 0.918019 0.887153 2.41593 0.00544651 218 4 1 6.11262e-07 
0.0513813 0.132777 3.07189 0.0025 0.912304 0.879435 2.4099 0.00548063 219 4 1 7.54244e-07 
0.0541301 0.136292 3.02408 0.0025 0.906666 0.871836 2.40393 0.00551471 220 4 1 7.59968e-07 
0.056896 0.139851 2.93148 0.0025 0.901139 0.864406 2.39806 0.00554854 221 4 1 7.95961e-07 
0.0596787 0.143391 2.81824 0.0025 0.89577 0.857203 2.39234 0.00558179 222 4 1 7.23679e-07 
0.0624779 0.147184 2.79761 0.0025 0.890514 0.850167 2.38671 0.00561474 223 4 1 6.35632e-07 
0.0652935 0.151392 2.77332 0.0025 0.885315 0.84323 2.38113 0.00564771 224 4 1 7.13802e-07 
0.0681256 0.155842 2.63371 0.0025 0.880255 0.836493 2.37567 0.00568017 225 4 1 7.48363e-07 
0.0709737 0.160453 2.5372 0.0025 0.87539 0.830026 2.37041 0.00571174 226 4 1 6.9346e-07 
0.0738374 0.165223 2.41808 0.0025 0.870705 0.823812 2.36533 0.00574247 227 4 1 6.26543e-07 
0.0767162 0.170125 2.37253 0.0025 0.866158 0.817792 2.36038 0.00577262 228 4 1 5.04633e-07 
0.0796101 0.175347 2.37777 0.0025 0.861658 0.81185 2.35547 0.00580277 229 4 1 4.97236e-07 
0.0825191 0.180722 2.32534 0.0025 0.857202 0.805979 2.35059 0.00583293 230 4 1 5.21146e-07 
0.0854431 0.186201 2.29367 0.0025 0.852813 0.800208 2.34577 0.00586295 231 4 1 5.14211e-07 
0.088382 0.191727 2.23085 0.0025 0.848499 0.794545 2.34102 0.00589276 232 4 1 4.98145e-07 
0.0913358 0.197244 2.20967 0.0025 0.844247 0.788974 2.33632 0.00592244 233 4 1 4.21604e-07 
0.0943045 0.202912 2.2321 0.0025 0.839994 0.783415 2.3316 0.00595242 234 4 1 4.16538e-07 
0.0972883 0.208639 2.21651 0.0025 0.835732 0.777856 2.32686 0.00598278 235 4 1 4.28969e-07 
0.100287 0.214443 2.23143 0.0025 0.831465 0.772303 2.32211 0.00601348 236 4 1 4.46988e-07 
0.103302 0.220269 2.19255 0.0025 0.827211 0.766777 2.31734 0.00604441 237 4 1 4.69918e-07 
0.106332 0.226067 2.18341 0.0025 0.822984 0.761296 2.3126 0.00607545 238 4 1 4.28399e-07 
0.109377 0.231931 2.19368 0.0025 0.81875 0.755818 2.30784 0.00610687 239 4 1 4.20499e-07 
0.112439 0.237838 2.20025 0.0025 0.814495 0.750325 2.30303 0.00613877 240 4 1 4.22109e-07 
0.115516 0.243835 2.21889 0.0025 0.810213 0.74481 2.29818 0.00617121 241 4 1 4.55214e-07 
0.11861 0.24985 2.19216 0.0025 0.80593 0.739305 2.29331 0.00620401 242 4 1 4.9122e-07 
0.12172 0.255837 2.17336 0.0025 0.801673 0.733842 2.28846 0.00623696 243 4 1 4.67018e-07 
0.124847 0.261847 2.17576 0.0025 0.79742 0.728396 2.2836 0.00627022 244 4 1 4.45647e-07 
0.12799 0.267915 2.18702 0.0025 0.793148 0.722939 2.2787 0.00630399 245 4 1 4.42037e-07 
0.131151 0.274058 2.2037 0.0025 0.788848 0.717459 2.27375 0.00633836 246 4 1 4.75981e-07 
0.134329 0.280254 2.18221 0.0025 0.784543 0.711985 2.26878 0.00637314 247 4 1 5.12969e-07 
0.137524 0.286404 2.16108 0.0025 0.780261 0.706549 2.26381 0.00640812 248 4 1 4.86628e-07 
0.140737 0.292598 2.17337 0.0025 0.775976 0.701122 2.25883 0.0064435 249 4 1 4.63698e-07 
0.143968 0.298859 2.18497 0.0025 0.771665 0.695675 2.25381 0.0064795 250 4 1 4.76954e-07 
0.147217 0.305197 2.1937 0.0025 0.76733 0.690212 2.24873 0.0065161 251 4 1 5.15518e-07 
0.150484 0.311554 2.16739 0.0025 0.763 0.684766 2.24365 0.00655308 252 4 1 5.44404e-07 
0.15377 0.317867 2.14796 0.0025 0.758694 0.67936 2.23858 0.00659027 253 4 1 5.01692e-07 
0.157074 0.324255 2.17471 0.0025 0.754375 0.673952 2.23347 0.006628 254 4 1 4.90018e-07 
0.160398 0.330717 2.17517 0.0025 0.750028 0.668522 2.22831 0.00666642 255 4 1 5.34001e-07 
0.163741 0.337227 2.16184 0.0025 0.74568 0.663103 2.22314 0.00670529 256 4 1 5.43953e-07 
0.167103 0.343727 2.15755 0.0025 0.741336 0.657701 2.21795 0.00674458 257 4 1 5.38232e-07 
0.170485 0.350288 2.15658 0.0025 0.736987 0.652305 2.21274 0.00678438 258 4 1 5.34176e-07 
0.173888 0.356892 2.16421 0.0025 0.732623 0.646905 2.20749 0.00682479 259 4 1 5.44221e-07 
0.17731 0.363551 2.16098 0.0025 0.728247 0.641502 2.2022 0.0068658 260 4 1 5.66517e-07 
0.180753 0.370246 2.15238 0.0025 0.72387 0.636112 2.1969 0.00690732 261 4 1 5.74725e-07 
0.184218 0.376961 2.14691 0.0025 0.719495 0.630736 2.19158 0.00694932 262 4 1 5.73681e-07 
0.187703 0.38372 2.14546 0.0025 0.715117 0.625369 2.18624 0.00699187 263 4 1 5.75156e-07 
0.19121 0.390525 2.14538 0.0025 0.71073 0.620004 2.18086 0.00703502 264 4 1 5.78921e-07 
0.194738 0.397376 2.14949 0.0025 0.706332 0.61464 2.17545 0.00707883 265 4 1 6.02316e-07 
0.198288 0.404279 2.13173 0.0025 0.701935 0.609292 2.17003 0.00712316 266 4 1 6.221e-07 
0.201861 0.411163 2.12218 0.0025 0.697553 0.603972 2.1646 0.00716792 267 4 1 6.0809e-07 
0.205456 0.418107 2.12569 0.0025 0.69317 0.598668 2.15915 0.00721323 268 4 1 6.30432e-07 
0.209074 0.425068 2.09659 0.0025 0.688805 0.593397 2.1537 0.00725895 269 4 1 6.60187e-07 
0.212715 0.431971 2.07182 0.0025 0.684478 0.588184 2.14828 0.00730484 270 4 1 6.43361e-07 
0.216379 0.438881 2.05916 0.0025 0.68018 0.58302 2.14287 0.007351 271 4 1 6.34613e-07 
0.220067 0.445787 2.04302 0.0025 0.675906 0.577899 2.13748 0.00739748 272 4 1 6.58657e-07 
0.223777 0.452654 2.00327 0.0025 0.671679 0.572846 2.13212 0.00744404 273 4 1 6.69856e-07 
0.227511 0.459439 1.96962 0.0025 0.667512 0.567876 2.12682 0.00749051 274 4 1 6.45124e-07 
0.231268 0.466185 1.94514 0.0025 0.663393 0.562976 2.12156 0.00753701 275 4 1 6.16293e-07 
0.235048 0.472915 1.93314 0.0025 0.659305 0.558125 2.11632 0.00758375 276 4 1 6.01367e-07 
0.238851 0.479638 1.91933 0.0025 0.655237 0.553309 2.11109 0.00763083 277 4 1 6.06119e-07 
0.242679 0.486351 1.8996 0.0025 0.651192 0.548533 2.10587 0.00767823 278 4 1 6.02679e-07 
0.24653 0.493068 1.88645 0.0025 0.647167 0.543791 2.10065 0.00772598 279 4 1 5.68559e-07 
0.250405 0.499843 1.90197 0.0025 0.643132 0.539051 2.0954 0.00777445 280 4 1 5.58066e-07 
0.254304 0.506706 1.90371 0.0025 0.639074 0.534295 2.0901 0.00782382 281 4 1 5.85222e-07 
0.258229 0.513603 1.90125 0.0025 0.635002 0.529534 2.08477 0.00787399 282 4 1 5.78372e-07 
0.262178 0.520591 1.92074 0.0025 0.630901 0.524752 2.07937 0.00792518 283 4 1 5.72891e-07 
0.266154 0.5277 1.93651 0.0025 0.626756 0.519933 2.0739 0.00797759 284 4 1 6.08521e-07 
0.270156 0.534893 1.93645 0.0025 0.622579 0.515089 2.06836 0.0080311 285 4 1 6.14102e-07 
0.274185 0.542195 1.96417 0.0025 0.618361 0.510209 2.06274 0.00808589 286 4 1 6.16438e-07 
0.278242 0.549647 1.98005 0.0025 0.614088 0.50528 2.05703 0.00814215 287 4 1 6.52412e-07 
0.282327 0.557224 1.99573 0.0025 0.609768 0.500311 2.05123 0.00819984 288 4 1 6.77878e-07 
0.286442 0.564909 2.00818 0.0025 0.605403 0.495305 2.04534 0.00825896 289 4 1 6.94989e-07 
0.290586 0.572734 2.03115 0.0025 0.600989 0.490256 2.03937 0.00831962 290 4 1 7.18035e-07 
0.294762 0.580712 2.048 0.0025 0.596523 0.485164 2.03329 0.00838191 291 4 1 7.68507e-07 
0.298968 0.588797 2.05261 0.0025 0.592026 0.480054 2.02715 0.00844557 292 4 1 8.39674e-07 
0.303207 0.596914 2.02755 0.0025 0.58754 0.474971 2.02099 0.00851006 293 4 1 9.01727e-07 
0.307479 0.604984 1.99038 0.0025 0.58311 0.469968 2.01488 0.0085747 294 4 1 9.51514e-07 
0.311782 0.612913 1.91929 0.0025 0.578788 0.4651 2.00889 0.00863875 295 4 1 9.90019e-07 
0.316117 0.620582 1.82979 0.0025 0.574625 0.460425 2.0031 0.00870133 296 4 1 9.8059e-07 
0.320484 0.62792 1.73043 0.0025 0.570654 0.455976 1.99755 0.00876188 297 4 1 9.28193e-07 
0.324879 0.634929 1.64076 0.0025 0.566878 0.451757 1.99225 0.00882024 298 4 1 8.48516e-07 
0.329304 0.64165 1.56486 0.0025 0.56328 0.447747 1.98718 0.00887658 299 4 1 7.79868e-07 
0.333756 0.648108 1.49812 0.0025 0.559847 0.443932 1.98233 0.00893102 300 4 1 7.75318e-07 
0.338235 0.65427 1.39604 0.0025 0.556614 0.440353 1.97774 0.00898289 301 4 1 8.58131e-07 
0.342739 0.659866 1.2208 0.0025 0.553694 0.437129 1.97358 0.00903026 302 4 1 9.5939e-07 
0.347265 0.664585 0.969499 0.0025 0.551234 0.434416 1.97007 0.00907055 303 4 1 9.51999e-07 
0.35181 0.668235 0.712982 0.0025 0.549317 0.4323 1.96733 0.00910222 304 4 1 7.95548e-07 
0.356368 0.670878 0.505649 0.0025 0.547905 0.430739 1.96531 0.00912567 305 4 1 5.6836e-07 
0.360935 0.672793 0.376785 0.0025 0.546882 0.42961 1.96384 0.00914274 306 4 1 4.2708e-07 
0.36551 0.674162 0.241429 0.0025 0.546171 0.428828 1.96282 0.00915464 307 4 1 3.91239e-07 
0.37009 0.674912 0.102224 0.0025 0.545763 0.428377 1.96223 0.00916149 308 4 1 2.96512e-07 
0.374672 0.675168 0.0229237 0.0025 0.545592 0.428184 1.96199 0.00916436 309 4 1 1.39098e-07 
0.379254 0.675239 0.00880596 0.0025 0.545537 0.42812 1.96191 0.00916528 310 4 1 4.83154e-08 
0.383837 0.675259 -0.00588812 0.0025 0.545523 0.428104 1.96189 0.00916552 311 5 1 2.92359e-08 
0.38842 0.675227 -0.0119461 0.0025 0.545533 0.428115 1.96191 0.00916534 312 4 1 1.94141e-08 
0.393002 0.675171 -0.0185107 0.0025 0.54556 0.428145 1.96195 0.00916489 313 4 1 1.60632e-08 
0.397585 0.675086 -0.0228848 0.0025 0.5456 0.428189 1.96201 0.00916422 314 4 1 1.27334e-08 
0.402167 0.674983 -0.0261936 0.0025 0.545651 0.428245 1.96208 0.00916337 315 4 1 8.72554e-09 
0.406748 0.674866 -0.0277734 0.0025 0.545708 0.428308 1.96217 0.00916241 316 4 1 5.61043e-09 
0.411329 0.674741 -0.0285407 0.0025 0.54577 0.428377 1.96226 0.00916137 317 4 1 3.37194e-09 
0.415909 0.674614 -0.0288171 0.0025 0.545835 0.428448 1.96235 0.00916028 318 4 1 8.75898e-10 
0.420489 0.674491 -0.0283176 0.0025 0.5459 0.42852 1.96245 0.00915919 319 4 1 -1.73168e-09 
0.425069 0.674372 -0.0269797 0.0025 0.545963 0.42859 1.96254 0.00915812 320 4 1 -3.85087e-09 
0.429647 0.674259 -0.0250267 0.0025 0.546023 0.428656 1.96263 0.00915712 321 4 1 -4.99559e-09 
0.434226 0.674152 -0.0228277 0.0025 0.546079 0.428718 1.96271 0.00915618 322 4 1 -5.15096e-09 
0.438804 0.674053 -0.0207377 0.0025 0.546131 0.428775 1.96279 0.00915532 323 4 1 -4.87205e-09 
0.443381 0.673963 -0.0189124 0.0025 0.546178 0.428827 1.96286 0.00915453 324 4 1 -4.64699e-09 
0.447958 0.673882 -0.0172884 0.0025 0.546221 0.428875 1.96292 0.00915381 325 4 1 -4.5967e-09 
0.452535 0.67381 -0.0157179 0.0025 0.54626 0.428918 1.96298 0.00915315 326 4 1 -4.47088e-09 
0.457111 0.673745 -0.0141199 0.0025 0.546295 0.428958 1.96303 0.00915256 327 4 1 -4.40639e-09 
0.461687 0.673687 -0.0125434 0.0025 0.546327 0.428993 1.96308 0.00915203 328 4 1 -4.33812e-09 
0.466263 0.673634 -0.0111074 0.0025 0.546355 0.429024 1.96312 0.00915157 329 4 1 -3.60147e-09 
0.470839 0.673586 -0.00989685 0.0025 0.546379 0.429052 1.96316 0.00915115 330 4 1 -2.8347e-09 
0.475415 0.673544 -0.0089135 0.0025 0.546402 0.429077 1.9632 0.00915078 331 4 1 -2.6601e-09 
0.47999 0.673506 -0.00809589 0.0025 0.546422 0.4291 1.96323 0.00915044 332 4 1 -2.30409e-09 
0.484565 0.673472 -0.0073699 0.0025 0.54644 0.42912 1.96326 0.00915014 333 4 1 -1.88888e-09 
0.48914 0.673442 -0.00668963 0.0025 0.546456 0.429139 1.96328 0.00914987 334 4 1 -1.84087e-09 
0.493715 0.673415 -0.00604574 0.0025 0.54647 0.429155 1.96331 0.00914963 335 4 1 -2.08423e-09 
0.49829 0.67339 -0.00544894 0.0025 0.546484 0.429171 1.96333 0.00914941 336 4 1 -1.46721e-09 
0.502864 0.673368 -0.00491415 0.0025 0.546495 0.429184 1.96335 0.00914921 337 4 1 -9.01856e-10 
0.507439 0.673347 -0.00445504 0.0025 0.546506 0.429196 1.96337 0.00914903 338 4 1 -1.32337e-09 
0.512013 0.673329 -0.00407885 0.0025 0.546515 0.429208 1.96338 0.00914888 339 4 1 -1.30985e-09 
0.516588 0.673312 -0.00377697 0.0025 0.546524 0.429218 1.9634 0.00914873 340 4 1 -4.66782e-10 
0.521162 0.673297 -0.0035219 0.0025 0.546532 0.429228 1.96342 0.0091486 341 4 1 -1.33837e-10 
0.525736 0.673283 -0.00327905 0.0025 0.546539 0.429237 1.96343 0.00914847 342 4 1 -1.35787e-09 
0.53031 0.673271 -0.003026 0.0025 0.546546 0.429245 1.96344 0.00914836 343 4 1 -9.74072e-10 
0.534885 0.673259 -0.00276379 0.0025 0.546552 0.429252 1.96346 0.00914826 344 4 1 8.51546e-11 
0.539459 0.673249 -0.00251194 0.0025 0.546557 0.429259 1.96347 0.00914817 345 4 1 -4.43723e-10 
0.544033 0.673239 -0.00229201 0.0025 0.546562 0.429265 1.96348 0.00914809 346 4 1 -1.19282e-09 
0.548607 0.673229 -0.00211222 0.0025 0.546566 0.429271 1.96349 0.00914802 347 4 1 -3.65691e-10 
0.553181 0.673221 -0.00196341 0.0025 0.54657 0.429276 1.9635 0.00914795 348 4 1 3.96844e-10 
0.557755 0.673213 -0.00182751 0.0025 0.546574 0.429281 1.96351 0.0091479 349 4 1 -5.33744e-10 
0.562329 0.673206 -0.00169094 0.0025 0.546577 0.429286 1.96352 0.00914784 350 4 1 -8.46173e-10 
0.566903 0.673199 -0.00155269 0.0025 0.54658 0.42929 1.96353 0.0091478 351 4 1 6.09446e-11 
0.571477 0.673193 -0.00142207 0.0025 0.546582 0.429294 1.96354 0.00914776 352 4 1 4.21523e-10 
0.57605 0.673187 -0.00130991 0.0025 0.546584 0.429297 1.96355 0.00914772 353 4 1 -8.33519e-10 
0.580624 0.673181 -0.00122084 0.0025 0.546586 0.429301 1.96356 0.00914769 354 4 1 -4.33147e-10 
0.585198 0.673176 -0.00115194 0.0025 0.546588 0.429304 1.96356 0.00914766 355 4 1 9.37924e-10 
0.589772 0.673171 -0.00109663 0.0025 0.546589 0.429307 1.96357 0.00914764 356 4 1 -1.69457e-11 
0.594346 0.673167 -0.0010493 0.0025 0.54659 0.42931 1.96358 0.00914762 357 4 1 -6.27544e-10 
0.59892 0.673163 -0.001007 0.0025 0.546591 0.429312 1.96359 0.0091476 358 4 1 4.44056e-10 
0.603493 0.67316 -0.000968488 0.0025 0.546592 0.429315 1.9636 0.00914759 359 4 1 7.15293e-10 
0.608067 0.673157 -0.000932731 0.0025 0.546593 0.429317 1.96361 0.00914758 360 4 1 -7.32304e-10 
0.612641 0.673154 -0.000898523 0.0025 0.546593 0.42932 1.96362 0.00914757 361 4 1 8.56602e-11 
0.617215 0.673152 -0.000865007 0.0025 0.546594 0.429322 1.96362 0.00914756 362 4 1 1.40972e-09 
0.621788 0.67315 -0.000831939 0.0025 0.546594 0.429324 1.96363 0.00914756 363 4 1 -9.02371e-10 
0.626362 0.673148 -0.000799145 0.0025 0.546594 0.429326 1.96364 0.00914756 364 3 1 -2.38891e-10 
0.630936 0.673146 -0.000765585 0.0025 0.546594 0.429328 1.96365 0.00914756 365 4 1 2.07939e-09 
0.63551 0.673144 -0.000728793 0.0025 0.546593 0.42933 1.96366 0.00914757 366 4 1 -8.79357e-10 
0.640084 0.673143 -0.000685009 0.0025 0.546592 0.429332 1.96368 0.00914758 367 4 1 -9.31114e-10 
0.644657 0.673141 -0.000629759 0.0025 0.546592 0.429334 1.96368 0.0091476 368 4 1 1.85985e-09 
0.649231 0.67314 -0.000558487 0.0025 0.54659 0.429335 1.9637 0.00914762 369 4 1 3.53707e-10 
0.653805 0.673138 -0.000467208 0.0025 0.546589 0.429336 1.96371 0.00914765 370 4 1 -9.73075e-10 
0.658379 0.673137 -0.000353382 0.0025 0.546587 0.429337 1.96372 0.00914768 371 4 1 6.02472e-10 
0.662953 0.673134 -0.000217148 0.0025 0.546584 0.429338 1.96373 0.00914772 372 4 1 9.10202e-10 
0.667527 0.673132 -6.26611e-05 0.0025 0.546581 0.429338 1.96374 0.00914777 373 4 1 -7.01965e-10 
0.6721 0.673129 0.000101094 0.0025 0.546578 0.429338 1.96376 0.00914783 374 4 1 4.0117e-10 
0.676674 0.673125 0.000260695 0.0025 0.546573 0.429337 1.96377 0.0091479 375 4 1 1.18826e-09 
0.681248 0.673121 0.000400189 0.0025 0.546568 0.429336 1.96378 0.00914799 376 4 1 -3.76284e-10 
0.685822 0.673117 0.000504282 0.0025 0.546563 0.429335 1.96379 0.00914807 377 4 1 9.66475e-10 
0.690396 0.673112 0.000561953 0.0025 0.546557 0.429334 1.96381 0.00914817 378 4 1 1.22458e-09 
0.694971 0.673107 0.000569335 0.0025 0.546551 0.429333 1.96383 0.00914827 379 4 1 1.31602e-09 
0.699545 0.673103 0.000530789 0.0025 0.546545 0.429331 1.96384 0.00914838 380 4 1 2.93192e-09 
0.704119 0.673099 0.000457706 0.0025 0.546538 0.42933 1.96386 0.0091485 381 4 1 -9.14231e-10 
0.708693 0.673096 0.000365399 0.0025 0.546531 0.429329 1.96388 0.00914861 382 4 1 1.76975e-09 
0.713268 0.673093 0.000269242 0.0025 0.546524 0.429329 1.96391 0.00914873 383 4 1 5.16735e-09 
0.717842 0.67309 0.000181383 0.0025 0.546516 0.429328 1.96393 0.00914887 384 4 1 -1.35946e-09 
0.722416 0.673088 0.000109032 0.0025 0.546508 0.429328 1.96396 0.009149 385 4 1 2.29291e-09 
0.726991 0.673087 5.45103e-05 0.0025 0.546499 0.429328 1.96399 0.00914914 386 4 1 3.69894e-09 
0.731566 0.673085 1.65881e-05 0.0025 0.54649 0.429328 1.96402 0.0091493 387 4 1 2.94039e-09 
0.73614 0.673084 -7.76901e-06 0.0025 0.54648 0.429328 1.96406 0.00914947 388 4 1 4.78944e-09 
0.740715 0.673083 -2.19581e-05 0.0025 0.546468 0.429328 1.9641 0.00914966 389 4 1 -2.19953e-09 
0.74529 0.673082 -2.89579e-05 0.0025 0.546457 0.429328 1.96414 0.00914986 390 4 1 5.50162e-09 
0.749865 0.673081 -3.11428e-05 0.0025 0.546444 0.429328 1.96419 0.00915007 391 4 1 4.78009e-09 
0.75444 0.673081 -3.04033e-05 0.0025 0.546429 0.429329 1.96424 0.00915031 392 4 1 8.24533e-09 
0.759015 0.67308 -2.82813e-05 0.0025 0.546416 0.429331 1.96431 0.00915054 393 4 1 -3.50364e-09 
0.76359 0.673079 -2.59757e-05 0.0025 0.546393 0.429332 1.96436 0.00915093 394 4 1 1.43736e-07 
0.768166 0.673079 -2.42478e-05 0.0025 0.546381 0.429361 1.9646 0.00915112 395 4 1 -1.3868e-07 
0.772742 0.673078 -2.33466e-05 0.0025 0.545983 0.429206 1.96466 0.0091578 396 5 1 3.48562e-06 
0.777324 0.673077 -2.30622e-05 0.0025 0.548248 0.43087 1.96852 0.00911997 397 3 1 -1.90585e-05 
0.781862 0.673077 -2.29417e-05 0.0025 0.536917 0.4262 1.95005 0.00931242 398 4 1 0.000179254 
0.786643 0.673076 -2.25972e-05 0.0025 0.511059 0.432737 2.15252 0.0097836 399 4 1 -0.000134225 
0.791652 0.673076 -2.18247e-05 0.0025 0.482813 0.424511 2.1555 0.010356 400 4 1 0.000266086 
0.797013 0.673075 -2.06258e-05 0.0025 0.454328 0.432954 2.44419 0.0110053 401 4 1 -0.000240409 
0.802668 0.673075 -1.93253e-05 0.0025 0.44703 0.427289 2.38027 0.0111849 402 5 1 5.38096e-05 
0.808199 0.673075 -1.8401e-05 0.0025 0.452461 0.42966 2.37465 0.0110507 403 4 1 -3.01274e-06 
0.813719 0.673074 -1.80233e-05 0.0025 0.453643 0.42933 2.36526 0.0110219 404 4 1 3.9128e-06 
0.819221 0.673074 -1.81151e-05 0.0025 0.454723 0.429389 2.36047 0.0109957 405 4 1 1.27163e-06 
0.824714 0.673073 -1.82534e-05 0.0025 0.455346 0.429362 2.35718 0.0109807 406 4 1 8.42989e-07 
0.830202 0.673073 -1.72779e-05 0.0025 0.45579 0.429351 2.35487 0.01097 407 4 1 5.44443e-07 
0.835684 0.673073 -1.16561e-05 0.0025 0.456111 0.429344 2.35321 0.0109622 408 4 1 3.49164e-07 
0.841164 0.673073 8.02718e-06 0.0025 0.456352 0.429339 2.35197 0.0109565 409 4 1 2.46782e-07 
0.846641 0.673073 5.10454e-05 0.0025 0.456536 0.429336 2.35102 0.010952 410 4 1 1.77413e-07 
0.852116 0.673073 5.58527e-06 0.0025 0.45668 0.429334 2.35028 0.0109486 411 4 1 1.32058e-07 
0.857589 0.673072 -0.00085778 0.0025 0.456794 0.429334 2.34969 0.0109459 412 4 1 1.03442e-07 
0.863062 0.673062 -0.00538 0.0025 0.456889 0.429339 2.34923 0.0109436 413 4 1 9.37244e-08 
0.868533 0.673021 -0.020983 0.0025 0.456977 0.429358 2.34889 0.0109415 414 4 1 9.54247e-08 
0.874003 0.672897 -0.0519646 0.0025 0.457071 0.429401 2.34865 0.0109392 415 4 1 2.20637e-08 
0.879472 0.672727 -0.025466 0.0025 0.457134 0.429398 2.34843 0.0109377 416 3 1 -6.18966e-07 
0.884941 0.673449 0.678531 0.0025 0.456791 0.428899 2.34745 0.0109459 417 4 1 -6.96907e-07 
0.890418 0.67834 1.55993 0.0025 0.456156 0.42831 2.34584 0.0109612 418 5 1 1.05172e-05 
0.895902 0.671046 -8.07676 0.0025 0.460533 0.434932 2.35473 0.010857 419 4 1 7.72851e-05 
0.901277 0.605076 -33.0742 0.0025 0.483057 0.466903 2.40381 0.0103507 420 4 1 0.000212878 
0.906277 0.451183 -54.2989 0.0025 0.534582 0.5409 2.51624 0.0093531 421 4 1 0.000231468 
0.910685 0.273755 -46.3303 0.0025 0.605594 0.645847 2.66114 0.00825636 422 4 1 0.000114082 
0.914574 0.151156 -27.0547 0.0025 0.671439 0.7469 2.7829 0.00744669 423 4 1 2.89179e-05 
0.918147 0.0810327 -15.7525 0.0025 0.718518 0.821873 2.86263 0.00695877 424 4 1 -1.40054e-06 
0.921538 0.0408505 -8.58445 0.0025 0.74842 0.87053 2.91047 0.00668074 425 4 1 -9.85856e-06 
0.92483 0.0199195 -4.36329 0.0025 0.76556 0.89883 2.93694 0.00653117 426 4 1 -8.57555e-06 
0.92807 0.00937887 -2.17395 0.0025 0.774556 0.913824 2.95048 0.00645531 427 4 1 -5.19573e-06 
0.931285 0.00426168 -1.04359 0.0025 0.779068 0.92135 2.95708 0.00641793 428 4 1 -2.80116e-06 
0.934488 0.00182872 -0.501118 0.0025 0.781263 0.924984 2.96015 0.0063999 429 4 1 -1.38636e-06 
0.937685 0.000673391 -0.240491 0.0025 0.782335 0.926715 2.96149 0.00639112 430 4 1 -6.73072e-07 
0.940879 0.000125172 -0.116349 0.0025 0.782877 0.927539 2.96201 0.0063867 431 4 1 -3.2709e-07 
0.944072 -0.000134225 -0.0564242 0.0025 0.783171 0.927932 2.96213 0.00638431 432 4 1 -1.69484e-07 
0.947263 -0.000253789 -0.0266439 0.0025 0.78335 0.928121 2.96204 0.00638284 433 4 1 -1.0059e-07 
0.950454 -0.00030426 -0.0112607 0.0025 0.783479 0.928209 2.96183 0.00638179 434 4 1 -6.98163e-08 
0.953645 -0.00031908 -0.00308361 0.0025 0.783588 0.928246 2.96154 0.00638091 435 4 1 -5.79495e-08 
0.956835 -0.000309559 0.00523 0.0025 0.783689 0.928252 2.96117 0.00638008 436 4 1 -4.25721e-08 
0.960025 -0.000289144 0.00202225 0.0025 0.783793 0.928246 2.96076 0.00637923 437 4 1 -3.64816e-08 
0.963215 -0.000267646 0.00676595 0.0025 0.783907 0.928236 2.96029 0.00637831 438 4 1 -3.52164e-08 
0.966403 -0.000243621 0.00127652 0.0025 0.784033 0.928226 2.95979 0.00637729 439 4 1 -3.69796e-08 
0.969592 -0.000221178 0.00760753 0.0025 0.784169 0.928216 2.95924 0.00637617 440 4 1 -3.46628e-08 
0.97278 -0.000195145 0.000634827 0.0025 0.784319 0.928207 2.95865 0.00637496 441 4 1 -2.47081e-08 
0.975967 -0.000176201 0.0069068 0.0025 0.784479 0.928204 2.95802 0.00637366 442 4 1 1.07399e-08 
0.979153 -0.000148814 0.00143536 0.0025 0.784641 0.928211 2.95741 0.00637234 443 4 1 1.40034e-07 
0.982339 -0.000130767 0.00455045 0.0025 0.784772 0.92825 2.95697 0.00637128 444 3 1 5.15358e-07 
0.985525 -0.00010319 0.00146818 0.0025 0.784741 0.928344 2.95714 0.00637153 445 4 1 1.70271e-06 
0.988711 -8.31378e-05 0.00233638 0.0025 0.784165 0.928533 2.95936 0.00637621 446 4 1 4.52756e-06 
0.991901 -5.69081e-05 0.00057991 0.0025 0.781552 0.928461 2.96701 0.00639753 447 4 1 1.49447e-05 
0.995108 -3.55295e-05 0.000925701 0.0025 0.774184 0.927632 2.99246 0.00645841 448 4 1 1.773e-05 
0.99836 -1.09022e-05 -0.00013713 0.0025 0.765457 0.927752 3.0377 0.00653204 449 4 1 -3.46222e-05 
1.00164 1.09022e-05 0.00013713 0.0025 0.765457 0.927752 3.0377 0.00653204 450 4 1 -3.46222e-05 
1.00489 3.55295e-05 -0.000925702 0.0025 0.774184 0.927632 2.99246 0.00645841 451 4 1 1.773e-05 
1.0081 5.69081e-05 -0.00057991 0.0025 0.781552 0.928461 2.96701 0.00639753 452 4 1 1.49447e-05 
1.01129 8.31378e-05 -0.00233638 0.0025 0.784165 0.928533 2.95936 0.00637621 453 4 1 4.52756e-06 
1.01448 0.00010319 -0.00146818 0.0025 0.784741 0.928344 2.95714 0.00637153 454 4 1 1.70271e-06 
1.01766 0.000130767 -0.00455045 0.0025 0.784772 0.92825 2.95697 0.00637128 455 3 1 5.15358e-07 
1.02085 0.000148814 -0.00143536 0.0025 0.784641 0.928211 2.95741 0.00637234 456 4 1 1.40034e-07 
1.02403 0.000176201 -0.0069068 0.0025 0.784479 0.928204 2.95802 0.00637366 457 4 1 1.07399e-08 
1.02722 0.000195145 -0.000634828 0.0025 0.784319 0.928207 2.95865 0.00637496 458 4 1 -2.47081e-08 
1.03041 0.000221178 -0.00760753 0.0025 0.784169 0.928216 2.95924 0.00637617 459 4 1 -3.46628e-08 
1.0336 0.000243621 -0.00127652 0.0025 0.784033 0.928226 2.95979 0.00637729 460 4 1 -3.69796e-08 
1.03679 0.000267646 -0.00676595 0.0025 0.783907 0.928236 2.96029 0.00637831 461 4 1 -3.52164e-08 
1.03997 0.000289144 -0.00202225 0.0025 0.783793 0.928246 2.96076 0.00637923 462 4 1 -3.64816e-08 
1.04316 0.000309559 -0.00523 0.0025 0.783689 0.928252 2.96117 0.00638008 463 4 1 -4.25721e-08 
1.04635 0.00031908 0.00308361 0.0025 0.783588 0.928246 2.96154 0.00638091 464 4 1 -5.79495e-08 
1.04955 0.00030426 0.0112607 0.0025 0.783479 0.928209 2.96183 0.00638179 465 4 1 -6.98163e-08 
1.05274 0.000253789 0.0266439 0.0025 0.78335 0.928121 2.96204 0.00638284 466 4 1 -1.0059e-07 
1.05593 0.000134225 0.0564242 0.0025 0.783171 0.927932 2.96213 0.00638431 467 4 1 -1.69484e-07 
1.05912 -0.000125172 0.116349 0.0025 0.782877 0.927539 2.96201 0.0063867 468 4 1 -3.2709e-07 
1.06232 -0.000673391 0.240491 0.0025 0.782335 0.926715 2.96149 0.00639112 469 4 1 -6.73072e-07 
1.06551 -0.00182872 0.501118 0.0025 0.781263 0.924984 2.96015 0.0063999 470 4 1 -1.38636e-06 
1.06872 -0.00426168 1.04359 0.0025 0.779068 0.92135 2.95708 0.00641793 471 4 1 -2.80116e-06 
1.07193 -0.00937887 2.17395 0.0025 0.774556 0.913824 2.95048 0.00645531 472 4 1 -5.19573e-06 
1.07517 -0.0199195 4.36329 0.0025 0.76556 0.89883 2.93694 0.00653117 473 4 1 -8.57555e-06 
1.07846 -0.0408505 8.58445 0.0025 0.74842 0.87053 2.91047 0.00668074 474 4 1 -9.85856e-06 
1.08185 -0.0810327 15.7525 0.0025 0.718518 0.821873 2.86263 0.00695877 475 4 1 -1.40054e-06 
1.08543 -0.151156 27.0547 0.0025 0.671439 0.7469 2.7829 0.00744669 476 4 1 2.89179e-05 
1.08932 -0.273755 46.3303 0.0025 0.605594 0.645847 2.66114 0.00825636 477 4 1 0.000114082 
1.09372 -0.451183 54.2989 0.0025 0.534582 0.5409 2.51624 0.0093531 478 4 1 0.000231468 
1.09872 -0.605076 33.0742 0.0025 0.483057 0.466903 2.40381 0.0103507 479 4 1 0.000212878 
1.1041 -0.671046 8.07676 0.0025 0.460533 0.434932 2.35473 0.010857 480 4 1 7.72851e-05 
1.10958 -0.67834 -1.55993 0.0025 0.456156 0.42831 2.34584 0.0109612 481 5 1 1.05172e-05 
1.11506 -0.673449 -0.678531 0.0025 0.456791 0.428899 2.34745 0.0109459 482 4 1 -6.96907e-07 
1.12053 -0.672727 0.025466 0.0025 0.457134 0.429398 2.34843 0.0109377 483 3 1 -6.18966e-07 
1.126 -0.672897 0.0519646 0.0025 0.457071 0.429401 2.34865 0.0109392 484 4 1 2.20637e-08 
1.13147 -0.673021 0.020983 0.0025 0.456977 0.429358 2.34889 0.0109415 485 4 1 9.54247e-08 
1.13694 -0.673062 0.00538 0.0025 0.456889 0.429339 2.34923 0.0109436 486 4 1 9.37244e-08 
1.14241 -0.673072 0.00085778 0.0025 0.456794 0.429334 2.34969 0.0109459 487 4 1 1.03442e-07 
1.14788 -0.673073 -5.58526e-06 0.0025 0.45668 0.429334 2.35028 0.0109486 488 4 1 1.32058e-07 
1.15336 -0.673073 -5.10454e-05 0.0025 0.456536 0.429336 2.35102 0.010952 489 4 1 1.77413e-07 
1.15884 -0.673073 -8.02715e-06 0.0025 0.456352 0.429339 2.35197 0.0109565 490 4 1 2.46782e-07 
1.16432 -0.673073 1.16561e-05 0.0025 0.456111 0.429344 2.35321 0.0109622 491 4 1 3.49164e-07 
1.1698 -0.673073 1.72779e-05 0.0025 0.45579 0.429351 2.35487 0.01097 492 4 1 5.44443e-07 
1.17529 -0.673073 1.82534e-05 0.0025 0.455346 0.429362 2.35718 0.0109807 493 4 1 8.42989e-07 
1.18078 -0.673074 1.81151e-05 0.0025 0.454723 0.429389 2.36047 0.0109957 494 4 1 1.27163e-06 
1.18628 -0.673074 1.80233e-05 0.0025 0.453643 0.42933 2.36526 0.0110219 495 4 1 3.9128e-06 
1.1918 -0.673075 1.8401e-05 0.0025 0.452461 0.42966 2.37465 0.0110507 496 4 1 -3.01274e-06 
1.19733 -0.673075 1.93253e-05 0.0025 0.44703 0.427289 2.38027 0.0111849 497 5 1 5.38096e-05 
1.20299 -0.673075 2.06257e-05 0.0025 0.454328 0.432954 2.44419 0.0110053 498 4 1 -0.000240409 
1.20835 -0.673076 2.18247e-05 0.0025 0.482813 0.424511 2.1555 0.010356 499 4 1 0.000266086 
