# Time [s]: 0.444228
# Columns: pos [m], vel [m/s], acc [m/s^2], mass [kg], dens [kg/m^3], pres [Pa], ene [J/kg], sml [m], id, neighbor, alpha, gradh, ...additional?
1.20322 -0.673076 -6.48321e-06 0.0025 0.51106 0.432738 2.15252 0.00978359 0 4 1 -0.000134225 
1.208 -0.673077 -6.88064e-06 0.0025 0.536918 0.426201 1.95006 0.00931241 1 4 1 0.000179254 
1.21254 -0.673077 -6.9854e-06 0.0025 0.548249 0.430871 1.96852 0.00911995 2 3 1 -1.90585e-05 
1.21712 -0.673078 -7.2962e-06 0.0025 0.545984 0.429207 1.96466 0.00915778 3 5 1 3.4856e-06 
1.2217 -0.673078 -8.75287e-06 0.0025 0.546383 0.429363 1.9646 0.0091511 4 4 1 -1.38673e-07 
1.22627 -0.673079 -1.27124e-05 0.0025 0.546394 0.429333 1.96437 0.00915091 5 4 1 1.43753e-07 
1.23085 -0.67308 -2.09243e-05 0.0025 0.546417 0.429333 1.96431 0.00915052 6 4 1 -3.47336e-09 
1.23542 -0.673081 -3.55759e-05 0.0025 0.546431 0.42933 1.96425 0.00915029 7 4 1 8.2928e-09 
1.24 -0.673082 -5.92989e-05 0.0025 0.546445 0.42933 1.96419 0.00915004 8 4 1 4.84842e-09 
1.24457 -0.673083 -9.49687e-05 0.0025 0.546458 0.42933 1.96415 0.00914983 9 4 1 5.59398e-09 
1.24915 -0.673084 -0.000145129 0.0025 0.54647 0.42933 1.96411 0.00914963 10 4 1 -2.08231e-09 
1.25372 -0.673086 -0.000210979 0.0025 0.546482 0.429331 1.96406 0.00914943 11 4 1 4.92713e-09 
1.2583 -0.673088 -0.000291114 0.0025 0.546493 0.429331 1.96403 0.00914925 12 4 1 3.08576e-09 
1.26287 -0.67309 -0.00038046 0.0025 0.546503 0.429332 1.96399 0.00914908 13 4 1 3.82918e-09 
1.26745 -0.673093 -0.000469981 0.0025 0.546512 0.429333 1.96397 0.00914893 14 4 1 2.37706e-09 
1.27202 -0.673096 -0.00054758 0.0025 0.546521 0.429334 1.96394 0.00914878 15 4 1 -1.35444e-09 
1.27659 -0.6731 -0.000600228 0.0025 0.54653 0.429335 1.96391 0.00914863 16 4 1 5.06777e-09 
1.28117 -0.673104 -0.00061681 0.0025 0.546538 0.429337 1.96389 0.0091485 17 4 1 1.55764e-09 
1.28574 -0.673108 -0.000590834 0.0025 0.546545 0.429338 1.96387 0.00914838 18 4 1 -1.22308e-09 
1.29032 -0.673112 -0.000522092 0.0025 0.546552 0.429339 1.96385 0.00914826 19 4 1 2.56524e-09 
1.29489 -0.673115 -0.000416732 0.0025 0.546559 0.429341 1.96384 0.00914815 20 4 1 9.45424e-10 
1.29947 -0.673119 -0.000285751 0.0025 0.546565 0.429342 1.96382 0.00914805 21 4 1 9.05941e-10 
1.30404 -0.673122 -0.000142463 0.0025 0.54657 0.429342 1.9638 0.00914796 22 4 1 7.44014e-10 
1.30861 -0.673124 2.30023e-07 0.0025 0.546574 0.429343 1.96379 0.00914789 23 4 1 -4.79521e-10 
1.31319 -0.673126 0.000131996 0.0025 0.546578 0.429343 1.96377 0.00914782 24 4 1 1.20343e-09 
1.31776 -0.673127 0.000246202 0.0025 0.546582 0.429342 1.96376 0.00914776 25 4 1 5.14002e-10 
1.32233 -0.673128 0.000339995 0.0025 0.546584 0.429342 1.96375 0.00914772 26 4 1 -5.23662e-10 
1.32691 -0.673129 0.000413626 0.0025 0.546587 0.429341 1.96373 0.00914767 27 4 1 1.11965e-09 
1.33148 -0.67313 0.000469469 0.0025 0.546589 0.42934 1.96372 0.00914764 28 4 1 8.13766e-10 
1.33606 -0.673131 0.00051105 0.0025 0.546591 0.429339 1.96371 0.00914761 29 4 1 -7.80444e-10 
1.34063 -0.673132 0.000542227 0.0025 0.546592 0.429337 1.9637 0.00914758 30 4 1 5.16446e-10 
1.3452 -0.673132 0.000566522 0.0025 0.546594 0.429336 1.96369 0.00914756 31 4 1 1.98942e-09 
1.34978 -0.673133 0.000586632 0.0025 0.546595 0.429334 1.96368 0.00914755 32 4 1 -8.31797e-10 
1.35435 -0.673134 0.00060422 0.0025 0.546595 0.429333 1.96367 0.00914753 33 4 1 -8.03169e-10 
1.35893 -0.673135 0.000620101 0.0025 0.546596 0.429331 1.96366 0.00914752 34 4 1 2.14146e-09 
1.3635 -0.673137 0.000634698 0.0025 0.546597 0.42933 1.96365 0.00914751 35 4 1 -1.82796e-10 
1.36807 -0.673138 0.000648488 0.0025 0.546597 0.429328 1.96364 0.0091475 36 4 1 -8.47281e-10 
1.37265 -0.67314 0.000662193 0.0025 0.546598 0.429326 1.96363 0.0091475 37 4 1 1.46491e-09 
1.37722 -0.673142 0.000676818 0.0025 0.546598 0.429324 1.96362 0.0091475 38 3 1 1.3918e-10 
1.38179 -0.673145 0.000693871 0.0025 0.546598 0.429323 1.96361 0.0091475 39 4 1 -6.83778e-10 
1.38637 -0.673147 0.000715856 0.0025 0.546598 0.429321 1.96361 0.0091475 40 4 1 7.5411e-10 
1.39094 -0.67315 0.000746496 0.0025 0.546597 0.429319 1.9636 0.0091475 41 4 1 4.66659e-10 
1.39552 -0.673154 0.000789816 0.0025 0.546597 0.429317 1.96359 0.00914751 42 4 1 -6.27329e-10 
1.40009 -0.673157 0.000847982 0.0025 0.546596 0.429315 1.96358 0.00914752 43 4 1 -3.87328e-11 
1.40466 -0.673161 0.000919244 0.0025 0.546596 0.429312 1.96357 0.00914753 44 4 1 9.0791e-10 
1.40924 -0.673165 0.000998082 0.0025 0.546594 0.42931 1.96357 0.00914755 45 4 1 -4.44585e-10 
1.41381 -0.673169 0.00107851 0.0025 0.546593 0.429307 1.96356 0.00914757 46 4 1 -7.9936e-10 
1.41838 -0.673173 0.00115874 0.0025 0.546592 0.429304 1.96355 0.00914759 47 4 1 5.08584e-10 
1.42296 -0.673178 0.00124359 0.0025 0.54659 0.429301 1.96354 0.00914762 48 4 1 1.77369e-10 
1.42753 -0.673183 0.00134187 0.0025 0.546588 0.429298 1.96354 0.00914766 49 4 1 -7.42972e-10 
1.43211 -0.673189 0.00145986 0.0025 0.546586 0.429294 1.96353 0.0091477 50 4 1 -4.73535e-10 
1.43668 -0.673194 0.0015954 0.0025 0.546583 0.42929 1.96352 0.00914774 51 4 1 4.26828e-10 
1.44125 -0.673201 0.00173755 0.0025 0.54658 0.429286 1.96351 0.00914779 52 4 1 -3.09062e-10 
1.44583 -0.673207 0.00187317 0.0025 0.546577 0.429281 1.9635 0.00914785 53 4 1 -1.04263e-09 
1.4504 -0.673214 0.00199624 0.0025 0.546573 0.429276 1.96349 0.00914791 54 4 1 -1.71906e-10 
1.45497 -0.673222 0.00211365 0.0025 0.546569 0.429271 1.96348 0.00914797 55 4 1 4.40117e-10 
1.45955 -0.673231 0.00224277 0.0025 0.546565 0.429265 1.96347 0.00914805 56 4 1 -6.23378e-10 
1.46412 -0.673241 0.00240244 0.0025 0.54656 0.429259 1.96346 0.00914813 57 4 1 -1.0932e-09 
1.4687 -0.673251 0.00260359 0.0025 0.546555 0.429253 1.96345 0.00914821 58 4 1 2.36398e-11 
1.47327 -0.673263 0.00284515 0.0025 0.546549 0.429246 1.96344 0.00914831 59 4 1 -3.59636e-10 
1.47785 -0.673275 0.00311624 0.0025 0.546543 0.429238 1.96342 0.00914842 60 4 1 -1.14826e-09 
1.48242 -0.673289 0.00340193 0.0025 0.546536 0.429229 1.96341 0.00914853 61 4 1 -1.0093e-09 
1.48699 -0.673303 0.00369085 0.0025 0.546528 0.42922 1.9634 0.00914866 62 4 1 -3.88731e-10 
1.49157 -0.67332 0.00398459 0.0025 0.546519 0.42921 1.96338 0.0091488 63 4 1 -7.78207e-10 
1.49614 -0.673338 0.00430495 0.0025 0.54651 0.429199 1.96336 0.00914896 64 4 1 -1.30784e-09 
-0.499283 -0.673357 0.0046906 0.0025 0.5465 0.429187 1.96335 0.00914913 65 4 1 -1.1022e-09 
-0.494708 -0.67338 0.005178 0.0025 0.546489 0.429174 1.96333 0.00914932 66 4 1 -1.28281e-09 
-0.490133 -0.673404 0.00577545 0.0025 0.546476 0.42916 1.96331 0.00914953 67 4 1 -1.80379e-09 
-0.485559 -0.67343 0.00645117 0.0025 0.546462 0.429144 1.96328 0.00914976 68 4 1 -2.07423e-09 
-0.480984 -0.673459 0.00715355 0.0025 0.546447 0.429126 1.96326 0.00915003 69 4 1 -1.89277e-09 
-0.476409 -0.673492 0.00785839 0.0025 0.546429 0.429106 1.96323 0.00915032 70 4 1 -2.15357e-09 
-0.471833 -0.673528 0.00860784 0.0025 0.54641 0.429084 1.9632 0.00915064 71 4 1 -2.53412e-09 
-0.467258 -0.673569 0.0095003 0.0025 0.546388 0.42906 1.96317 0.009151 72 4 1 -2.68251e-09 
-0.462682 -0.673615 0.010626 0.0025 0.546364 0.429033 1.96313 0.0091514 73 4 1 -3.279e-09 
-0.458106 -0.673666 0.0119946 0.0025 0.546338 0.429003 1.96309 0.00915185 74 4 1 -4.0451e-09 
-0.45353 -0.673722 0.0135172 0.0025 0.546308 0.42897 1.96304 0.00915235 75 4 1 -4.38555e-09 
-0.448954 -0.673784 0.0150714 0.0025 0.546274 0.428932 1.96299 0.00915292 76 4 1 -4.40082e-09 
-0.444378 -0.673854 0.0166059 0.0025 0.546236 0.42889 1.96294 0.00915355 77 4 1 -4.36572e-09 
-0.439801 -0.673931 0.018193 0.0025 0.546195 0.428844 1.96287 0.00915425 78 4 1 -4.5218e-09 
-0.435223 -0.674018 0.019957 0.0025 0.546149 0.428794 1.96281 0.009155 79 4 1 -4.77071e-09 
-0.430646 -0.674113 0.0219131 0.0025 0.5461 0.428739 1.96273 0.00915583 80 4 1 -4.88223e-09 
-0.426067 -0.674215 0.0239003 0.0025 0.546046 0.42868 1.96266 0.00915673 81 4 1 -4.61041e-09 
-0.421489 -0.674325 0.0257134 0.0025 0.545989 0.428617 1.96257 0.0091577 82 4 1 -3.76836e-09 
-0.41691 -0.67444 0.0271935 0.0025 0.545928 0.428549 1.96248 0.00915872 83 4 1 -2.33768e-09 
-0.41233 -0.67456 0.0281295 0.0025 0.545865 0.42848 1.96239 0.00915978 84 4 1 -3.28858e-10 
-0.40775 -0.674682 0.0282977 0.0025 0.545801 0.42841 1.9623 0.00916084 85 4 1 2.21747e-09 
-0.403169 -0.674804 0.0275627 0.0025 0.545739 0.428342 1.96221 0.00916188 86 4 1 5.11265e-09 
-0.398588 -0.67492 0.025831 0.0025 0.545682 0.428278 1.96212 0.00916285 87 4 1 8.1334e-09 
-0.394006 -0.675026 0.0231493 0.0025 0.54563 0.428221 1.96205 0.00916371 88 4 1 1.11681e-08 
-0.389424 -0.675115 0.0191229 0.0025 0.545588 0.428175 1.96198 0.00916442 89 4 1 1.50035e-08 
-0.384842 -0.675182 0.0134422 0.0025 0.545558 0.428142 1.96194 0.00916492 90 4 1 1.51928e-08 
-0.380259 -0.675221 0.0104288 0.0025 0.545541 0.428123 1.96192 0.00916521 91 5 1 2.27599e-08 
-0.375677 -0.675225 -0.00350273 0.0025 0.545543 0.428126 1.96192 0.00916518 92 4 1 4.34486e-08 
-0.371094 -0.675163 -0.0200601 0.0025 0.545582 0.42817 1.96197 0.00916453 93 4 1 8.53872e-08 
-0.366512 -0.675007 -0.0560299 0.0025 0.545692 0.428296 1.96213 0.00916267 94 4 1 2.09193e-07 
-0.361932 -0.67454 -0.168244 0.0025 0.545973 0.42861 1.96253 0.00915795 95 4 1 3.59116e-07 
-0.357354 -0.673454 -0.317799 0.0025 0.546537 0.429231 1.96334 0.00914851 96 4 1 4.14951e-07 
-0.352783 -0.671787 -0.444962 0.0025 0.547413 0.430195 1.9646 0.00913386 97 4 1 4.72136e-07 
-0.34822 -0.669514 -0.599787 0.0025 0.548622 0.43153 1.96633 0.00911374 98 4 1 6.42349e-07 
-0.343669 -0.666448 -0.819815 0.0025 0.550253 0.433331 1.96867 0.00908673 99 4 1 8.33293e-07 
-0.339134 -0.662378 -1.06472 0.0025 0.552387 0.435685 1.97172 0.00905163 100 4 1 9.29497e-07 
-0.334618 -0.657332 -1.28091 0.0025 0.555013 0.438584 1.97546 0.00900879 101 4 1 8.96651e-07 
-0.330125 -0.651553 -1.42354 0.0025 0.55803 0.441919 1.97975 0.00896009 102 4 1 7.88609e-07 
-0.325658 -0.645361 -1.49956 0.0025 0.561298 0.445542 1.98438 0.00890793 103 4 1 7.24779e-07 
-0.321217 -0.638929 -1.55915 0.0025 0.564727 0.449357 1.98922 0.00885383 104 4 1 7.41637e-07 
-0.316804 -0.632279 -1.625 0.0025 0.568299 0.453342 1.99425 0.00879818 105 4 1 8.10204e-07 
-0.312419 -0.62536 -1.71061 0.0025 0.572031 0.457517 1.99947 0.00874078 106 4 1 8.79725e-07 
-0.308063 -0.618155 -1.79698 0.0025 0.57594 0.461899 2.00493 0.00868147 107 4 1 9.21717e-07 
-0.303737 -0.61065 -1.87944 0.0025 0.580018 0.466482 2.01059 0.00862043 108 4 1 9.19448e-07 
-0.299442 -0.602935 -1.93509 0.0025 0.584233 0.471233 2.01643 0.00855824 109 4 1 8.815e-07 
-0.295179 -0.595113 -1.97009 0.0025 0.588536 0.476097 2.02236 0.00849566 110 4 1 8.3033e-07 
-0.290946 -0.587261 -1.98271 0.0025 0.592881 0.481024 2.02831 0.0084334 111 4 1 7.7901e-07 
-0.286745 -0.579454 -1.98465 0.0025 0.597231 0.48597 2.03425 0.00837197 112 4 1 7.15484e-07 
-0.282574 -0.571752 -1.96191 0.0025 0.60155 0.490896 2.04013 0.00831187 113 4 1 6.67948e-07 
-0.278433 -0.56419 -1.94471 0.0025 0.605818 0.495779 2.0459 0.00825331 114 4 1 6.42968e-07 
-0.274321 -0.556766 -1.92374 0.0025 0.610035 0.500617 2.05159 0.00819625 115 4 1 6.35623e-07 
-0.270237 -0.549443 -1.91914 0.0025 0.614211 0.505422 2.05719 0.00814052 116 4 1 6.20301e-07 
-0.26618 -0.542226 -1.90231 0.0025 0.61835 0.510196 2.06273 0.00808603 117 4 1 5.8231e-07 
-0.262151 -0.535159 -1.88005 0.0025 0.62244 0.514926 2.06817 0.00803291 118 4 1 5.72852e-07 
-0.258147 -0.528197 -1.87172 0.0025 0.626486 0.519619 2.07354 0.00798102 119 4 1 5.7273e-07 
-0.25417 -0.521293 -1.86491 0.0025 0.630503 0.524289 2.07885 0.00793018 120 4 1 5.44897e-07 
-0.250217 -0.514506 -1.84392 0.0025 0.634482 0.528928 2.08408 0.00788044 121 4 1 5.39965e-07 
-0.246289 -0.507817 -1.84346 0.0025 0.638431 0.533542 2.08926 0.0078317 122 4 1 5.52332e-07 
-0.242385 -0.50116 -1.84476 0.0025 0.642367 0.538152 2.0944 0.00778372 123 4 1 5.3608e-07 
-0.238505 -0.494569 -1.83633 0.0025 0.646286 0.542755 2.09951 0.00773651 124 4 1 5.26481e-07 
-0.234649 -0.488046 -1.83423 0.0025 0.650189 0.54735 2.10457 0.00769007 125 4 1 5.49566e-07 
-0.230815 -0.481544 -1.85116 0.0025 0.654098 0.551962 2.10962 0.00764412 126 4 1 5.66671e-07 
-0.227004 -0.475027 -1.86542 0.0025 0.658027 0.55661 2.11468 0.00759847 127 4 1 5.73494e-07 
-0.223217 -0.468504 -1.88547 0.0025 0.661982 0.561299 2.11975 0.00755308 128 4 1 5.72449e-07 
-0.219451 -0.461973 -1.89578 0.0025 0.665961 0.566029 2.12484 0.00750795 129 4 1 5.85657e-07 
-0.215709 -0.455426 -1.92359 0.0025 0.669973 0.570809 2.12995 0.00746299 130 4 1 6.13663e-07 
-0.211988 -0.448829 -1.95533 0.0025 0.674033 0.575658 2.1351 0.00741803 131 4 1 6.25374e-07 
-0.20829 -0.442162 -1.98761 0.0025 0.678147 0.580582 2.14031 0.00737304 132 4 1 6.14188e-07 
-0.204615 -0.43546 -2.00338 0.0025 0.682299 0.585564 2.14554 0.00732816 133 4 1 5.84394e-07 
-0.200962 -0.428791 -2.00511 0.0025 0.686467 0.590577 2.15077 0.00728368 134 4 1 6.0675e-07 
-0.197331 -0.422102 -2.04286 0.0025 0.690663 0.595638 2.15602 0.00723942 135 4 1 6.14475e-07 
-0.193723 -0.415373 -2.05429 0.0025 0.694894 0.600751 2.16129 0.00719535 136 4 1 5.74272e-07 
-0.190136 -0.408682 -2.05242 0.0025 0.699129 0.605883 2.16655 0.00715176 137 4 1 5.72802e-07 
-0.186571 -0.40202 -2.06666 0.0025 0.703368 0.611032 2.1718 0.00710865 138 4 1 5.73037e-07 
-0.183027 -0.395371 -2.07195 0.0025 0.707615 0.616203 2.17703 0.00706599 139 4 1 5.5762e-07 
-0.179505 -0.388753 -2.07586 0.0025 0.711861 0.621386 2.18225 0.00702384 140 4 1 5.47057e-07 
-0.176003 -0.382193 -2.07649 0.0025 0.716102 0.626575 2.18744 0.00698224 141 4 1 5.30665e-07 
-0.172523 -0.375666 -2.07155 0.0025 0.720332 0.631762 2.1926 0.00694125 142 4 1 5.3561e-07 
-0.169062 -0.369194 -2.08342 0.0025 0.724558 0.636957 2.19773 0.00690076 143 4 1 5.33742e-07 
-0.165622 -0.36273 -2.08312 0.0025 0.728785 0.642165 2.20285 0.00686074 144 4 1 5.27047e-07 
-0.162201 -0.356305 -2.09279 0.0025 0.73301 0.647382 2.20795 0.00682119 145 4 1 5.1365e-07 
-0.1588 -0.349916 -2.08548 0.0025 0.737227 0.652603 2.21302 0.00678217 146 4 1 4.98847e-07 
-0.155419 -0.34358 -2.08627 0.0025 0.741432 0.657819 2.21806 0.00674371 147 4 1 4.94682e-07 
-0.152057 -0.337291 -2.08222 0.0025 0.745625 0.663034 2.22307 0.00670578 148 4 1 5.04714e-07 
-0.148713 -0.331034 -2.09915 0.0025 0.74982 0.668262 2.22807 0.00666827 149 4 1 5.12741e-07 
-0.145388 -0.32477 -2.10864 0.0025 0.754024 0.673513 2.23305 0.00663109 150 4 1 4.66267e-07 
-0.142082 -0.318574 -2.0822 0.0025 0.758209 0.678751 2.238 0.00659449 151 4 1 4.55439e-07 
-0.138794 -0.312472 -2.08577 0.0025 0.762368 0.683971 2.2429 0.00655851 152 4 1 4.91144e-07 
-0.135523 -0.306353 -2.10579 0.0025 0.766537 0.689213 2.2478 0.00652284 153 4 1 4.94013e-07 
-0.132271 -0.300242 -2.11592 0.0025 0.770721 0.694485 2.2527 0.00648743 154 4 1 4.74431e-07 
-0.129036 -0.294148 -2.11645 0.0025 0.774905 0.699767 2.25759 0.00645241 155 4 1 4.36672e-07 
-0.125818 -0.288139 -2.09243 0.0025 0.779064 0.70503 2.26242 0.00641796 156 4 1 4.35038e-07 
-0.122618 -0.282209 -2.09796 0.0025 0.783202 0.710281 2.26722 0.00638405 157 4 1 4.79473e-07 
-0.119434 -0.27628 -2.12783 0.0025 0.78736 0.715565 2.27203 0.00635034 158 4 1 4.79232e-07 
-0.116268 -0.270349 -2.13415 0.0025 0.791539 0.720888 2.27684 0.00631681 159 4 1 4.59672e-07 
-0.113118 -0.264495 -2.14019 0.0025 0.795724 0.726229 2.28165 0.00628359 160 4 1 4.52496e-07 
-0.109984 -0.258723 -2.13991 0.0025 0.79991 0.731584 2.28645 0.0062507 161 4 1 4.58054e-07 
-0.106867 -0.25308 -2.15208 0.0025 0.804107 0.736965 2.29124 0.00621808 162 4 1 5.18463e-07 
-0.103766 -0.247487 -2.21198 0.0025 0.808361 0.74243 2.29608 0.00618536 163 4 1 5.49805e-07 
-0.100681 -0.241946 -2.24872 0.0025 0.812693 0.748006 2.30099 0.00615238 164 4 1 5.5917e-07 
-0.0976134 -0.236577 -2.2987 0.0025 0.817103 0.753695 2.30598 0.00611918 165 4 1 5.9045e-07 
-0.0945622 -0.231367 -2.35249 0.0025 0.821604 0.759514 2.31105 0.00608566 166 4 1 6.08149e-07 
-0.0915277 -0.226458 -2.40106 0.0025 0.826202 0.765474 2.31621 0.00605179 167 4 1 6.89074e-07 
-0.0885103 -0.221752 -2.51506 0.0025 0.830944 0.771633 2.32152 0.00601725 168 4 1 7.60049e-07 
-0.0855104 -0.217258 -2.61235 0.0025 0.835868 0.778042 2.32701 0.00598181 169 4 1 7.88319e-07 
-0.0825285 -0.213049 -2.71614 0.0025 0.840967 0.784696 2.33268 0.00594553 170 4 1 8.16855e-07 
-0.0795648 -0.209041 -2.81142 0.0025 0.846234 0.791581 2.33851 0.00590853 171 4 1 7.59254e-07 
-0.0766199 -0.20532 -2.8276 0.0025 0.851599 0.798615 2.34443 0.0058713 172 4 1 7.41395e-07 
-0.0736935 -0.201772 -2.88352 0.0025 0.85703 0.805755 2.3504 0.0058341 173 4 1 7.60335e-07 
-0.0707857 -0.198261 -2.92014 0.0025 0.862534 0.813008 2.35643 0.00579687 174 4 1 7.61123e-07 
-0.0678965 -0.194855 -2.96793 0.0025 0.868104 0.820369 2.3625 0.00575968 175 4 1 7.94998e-07 
-0.065026 -0.19143 -3.04802 0.0025 0.873756 0.827853 2.36865 0.00572242 176 4 1 7.18732e-07 
-0.0621741 -0.18818 -3.04484 0.0025 0.879418 0.835361 2.37478 0.00568558 177 4 1 4.22733e-07 
-0.0593403 -0.1849 -2.84277 0.0025 0.884837 0.84256 2.38063 0.00565076 178 4 1 -1.24399e-07 
-0.0565232 -0.180764 -2.29977 0.0025 0.889605 0.848914 2.38576 0.00562047 179 4 1 -5.46448e-07 
-0.0537198 -0.175218 -1.72732 0.0025 0.893485 0.854121 2.38991 0.00559606 180 4 1 -1.68933e-07 
-0.0509272 -0.168916 -1.82338 0.0025 0.896932 0.85876 2.39357 0.00557456 181 4 1 5.54187e-07 
-0.0481452 -0.163167 -2.2713 0.0025 0.900579 0.86362 2.39746 0.00555198 182 4 1 -1.42824e-07 
-0.0453752 -0.157391 -1.47214 0.0025 0.903751 0.867824 2.40088 0.0055325 183 4 1 -1.8418e-06 
-0.0426127 -0.14877 0.32936 0.0025 0.904976 0.869508 2.40219 0.00552501 184 3 1 -1.36178e-06 
-0.0398501 -0.137515 0.357147 0.0025 0.904892 0.869495 2.40203 0.00552552 185 5 1 1.22607e-06 
-0.0370872 -0.128587 -1.55081 0.0025 0.906026 0.871003 2.40319 0.00551861 186 4 1 1.55967e-06 
-0.0343315 -0.122505 -1.67987 0.0025 0.90844 0.874141 2.40583 0.00550394 187 4 1 -1.44723e-06 
-0.0315833 -0.113292 0.598811 0.0025 0.909356 0.87539 2.40686 0.00549839 188 3 1 -1.91589e-06 
-0.0288331 -0.100623 0.947334 0.0025 0.908494 0.874338 2.40586 0.00550362 189 5 1 9.82966e-07 
-0.0260796 -0.0910981 -0.926114 0.0025 0.908597 0.874465 2.40592 0.00550299 190 4 1 1.52209e-06 
-0.0233301 -0.083997 -1.07936 0.0025 0.910024 0.876305 2.4075 0.00549436 191 4 1 -8.61109e-07 
-0.0205853 -0.0743209 0.344487 0.0025 0.910636 0.87715 2.40818 0.00549067 192 3 1 -9.58355e-07 
-0.0178395 -0.0631709 0.215552 0.0025 0.910376 0.876844 2.40786 0.00549224 193 5 1 4.25523e-07 
-0.015093 -0.0535829 -0.281389 0.0025 0.910471 0.876966 2.40795 0.00549166 194 4 1 4.46102e-07 
-0.0123478 -0.043953 -0.414677 0.0025 0.910954 0.877593 2.4085 0.00548875 195 4 1 -3.89656e-07 
-0.00960429 -0.0344569 0.264175 0.0025 0.911081 0.877763 2.40864 0.00548799 196 3 1 -4.48245e-07 
-0.00685982 -0.024786 0.250306 0.0025 0.910779 0.877395 2.40831 0.0054898 197 5 1 4.45525e-07 
-0.00411448 -0.0148546 -0.395245 0.0025 0.910912 0.877579 2.40845 0.005489 198 4 1 5.28054e-07 
-0.00137082 -0.0049976 -0.510107 0.0025 0.911527 0.878365 2.40914 0.0054853 199 3 1 -6.37985e-07 
0.00137082 0.0049976 0.510107 0.0025 0.911527 0.878365 2.40914 0.0054853 200 3 1 -6.37985e-07 
0.00411448 0.0148546 0.395245 0.0025 0.910912 0.877579 2.40845 0.005489 201 4 1 5.28054e-07 
0.00685982 0.024786 -0.250306 0.0025 0.910779 0.877395 2.40831 0.0054898 202 5 1 4.45525e-07 
0.00960429 0.0344569 -0.264175 0.0025 0.911081 0.877763 2.40864 0.00548799 203 3 1 -4.48245e-07 
0.0123478 0.043953 0.414677 0.0025 0.910954 0.877593 2.4085 0.00548875 204 4 1 -3.89656e-07 
0.015093 0.0535829 0.281389 0.0025 0.910471 0.876966 2.40795 0.00549166 205 4 1 4.46102e-07 
0.0178395 0.0631709 -0.215552 0.0025 0.910376 0.876844 2.40786 0.00549224 206 5 1 4.25523e-07 
0.0205853 0.0743209 -0.344487 0.0025 0.910636 0.87715 2.40818 0.00549067 207 3 1 -9.58355e-07 
0.0233301 0.083997 1.07936 0.0025 0.910024 0.876305 2.4075 0.00549436 208 4 1 -8.61109e-07 
0.0260796 0.0910981 0.926114 0.0025 0.908597 0.874465 2.40592 0.00550299 209 4 1 1.52209e-06 
0.0288331 0.100623 -0.947334 0.0025 0.908494 0.874338 2.40586 0.00550362 210 5 1 9.82966e-07 
0.0315833 0.113292 -0.598811 0.0025 0.909356 0.87539 2.40686 0.00549839 211 3 1 -1.91589e-06 
0.0343315 0.122505 1.67987 0.0025 0.90844 0.874141 2.40583 0.00550394 212 4 1 -1.44723e-06 
0.0370872 0.128587 1.55081 0.0025 0.906026 0.871003 2.40319 0.00551861 213 4 1 1.55967e-06 
0.0398501 0.137515 -0.357147 0.0025 0.904892 0.869495 2.40203 0.00552552 214 5 1 1.22607e-06 
0.0426127 0.14877 -0.32936 0.0025 0.904976 0.869508 2.40219 0.00552501 215 3 1 -1.36178e-06 
0.0453752 0.157391 1.47214 0.0025 0.903751 0.867824 2.40088 0.0055325 216 4 1 -1.8418e-06 
0.0481452 0.163167 2.2713 0.0025 0.900579 0.86362 2.39746 0.00555198 217 4 1 -1.42824e-07 
0.0509272 0.168916 1.82338 0.0025 0.896932 0.85876 2.39357 0.00557456 218 4 1 5.54187e-07 
0.0537198 0.175218 1.72732 0.0025 0.893485 0.854121 2.38991 0.00559606 219 4 1 -1.68933e-07 
0.0565232 0.180764 2.29977 0.0025 0.889605 0.848914 2.38576 0.00562047 220 4 1 -5.46448e-07 
0.0593403 0.1849 2.84277 0.0025 0.884837 0.84256 2.38063 0.00565076 221 4 1 -1.24399e-07 
0.0621741 0.18818 3.04484 0.0025 0.879418 0.835361 2.37478 0.00568558 222 4 1 4.22733e-07 
0.065026 0.19143 3.04802 0.0025 0.873756 0.827853 2.36865 0.00572242 223 4 1 7.18732e-07 
0.0678965 0.194855 2.96793 0.0025 0.868104 0.820369 2.3625 0.00575968 224 4 1 7.94998e-07 
0.0707857 0.198261 2.92014 0.0025 0.862534 0.813008 2.35643 0.00579687 225 4 1 7.61123e-07 
0.0736935 0.201772 2.88352 0.0025 0.85703 0.805755 2.3504 0.0058341 226 4 1 7.60335e-07 
0.0766199 0.20532 2.8276 0.0025 0.851599 0.798615 2.34443 0.0058713 227 4 1 7.41395e-07 
0.0795648 0.209041 2.81142 0.0025 0.846234 0.791581 2.33851 0.00590853 228 4 1 7.59254e-07 
0.0825285 0.213049 2.71614 0.0025 0.840967 0.784696 2.33268 0.00594553 229 4 1 8.16855e-07 
0.0855104 0.217258 2.61235 0.0025 0.835868 0.778042 2.32701 0.00598181 230 4 1 7.88319e-07 
0.0885103 0.221752 2.51506 0.0025 0.830944 0.771633 2.32152 0.00601725 231 4 1 7.60049e-07 
0.0915277 0.226458 2.40106 0.0025 0.826202 0.765474 2.31621 0.00605179 232 4 1 6.89074e-07 
0.0945622 0.231367 2.35249 0.0025 0.821604 0.759514 2.31105 0.00608566 233 4 1 6.08149e-07 
0.0976134 0.236577 2.2987 0.0025 0.817103 0.753695 2.30598 0.00611918 234 4 1 5.9045e-07 
0.100681 0.241946 2.24872 0.0025 0.812693 0.748006 2.30099 0.00615238 235 4 1 5.5917e-07 
0.103766 0.247487 2.21198 0.0025 0.808361 0.74243 2.29608 0.00618536 236 4 1 5.49805e-07 
0.106867 0.25308 2.15208 0.0025 0.804107 0.736965 2.29124 0.00621808 237 4 1 5.18463e-07 
0.109984 0.258723 2.13991 0.0025 0.79991 0.731584 2.28645 0.0062507 238 4 1 4.58054e-07 
0.113118 0.264495 2.14019 0.0025 0.795724 0.726229 2.28165 0.00628359 239 4 1 4.52496e-07 
0.116268 0.270349 2.13415 0.0025 0.791539 0.720888 2.27684 0.00631681 240 4 1 4.59672e-07 
0.119434 0.27628 2.12783 0.0025 0.78736 0.715565 2.27203 0.00635034 241 4 1 4.79232e-07 
0.122618 0.282209 2.09796 0.0025 0.783202 0.710281 2.26722 0.00638405 242 4 1 4.79473e-07 
0.125818 0.288139 2.09243 0.0025 0.779064 0.70503 2.26242 0.00641796 243 4 1 4.35038e-07 
0.129036 0.294148 2.11645 0.0025 0.774905 0.699767 2.25759 0.00645241 244 4 1 4.36672e-07 
0.132271 0.300242 2.11592 0.0025 0.770721 0.694485 2.2527 0.00648743 245 4 1 4.74431e-07 
0.135523 0.306353 2.10579 0.0025 0.766537 0.689213 2.2478 0.00652284 246 4 1 4.94013e-07 
0.138794 0.312472 2.08577 0.0025 0.762368 0.683971 2.2429 0.00655851 247 4 1 4.91144e-07 
0.142082 0.318574 2.0822 0.0025 0.758209 0.678751 2.238 0.00659449 248 4 1 4.55439e-07 
0.145388 0.32477 2.10864 0.0025 0.754024 0.673513 2.23305 0.00663109 249 4 1 4.66267e-07 
0.148713 0.331034 2.09915 0.0025 0.74982 0.668262 2.22807 0.00666827 250 4 1 5.12741e-07 
0.152057 0.337291 2.08222 0.0025 0.745625 0.663034 2.22307 0.00670578 251 4 1 5.04714e-07 
0.155419 0.34358 2.08627 0.0025 0.741432 0.657819 2.21806 0.00674371 252 4 1 4.94682e-07 
0.1588 0.349916 2.08548 0.0025 0.737227 0.652603 2.21302 0.00678217 253 4 1 4.98847e-07 
0.162201 0.356305 2.09279 0.0025 0.73301 0.647382 2.20795 0.00682119 254 4 1 5.1365e-07 
0.165622 0.36273 2.08312 0.0025 0.728785 0.642165 2.20285 0.00686074 255 4 1 5.27047e-07 
0.169062 0.369194 2.08342 0.0025 0.724558 0.636957 2.19773 0.00690076 256 4 1 5.33742e-07 
0.172523 0.375666 2.07155 0.0025 0.720332 0.631762 2.1926 0.00694125 257 4 1 5.3561e-07 
0.176003 0.382193 2.07649 0.0025 0.716102 0.626575 2.18744 0.00698224 258 4 1 5.30665e-07 
0.179505 0.388753 2.07586 0.0025 0.711861 0.621386 2.18225 0.00702384 259 4 1 5.47057e-07 
0.183027 0.395371 2.07195 0.0025 0.707615 0.616203 2.17703 0.00706599 260 4 1 5.5762e-07 
0.186571 0.40202 2.06666 0.0025 0.703368 0.611032 2.1718 0.00710865 261 4 1 5.73037e-07 
0.190136 0.408682 2.05242 0.0025 0.699129 0.605883 2.16655 0.00715176 262 4 1 5.72802e-07 
0.193723 0.415373 2.05429 0.0025 0.694894 0.600751 2.16129 0.00719535 263 4 1 5.74272e-07 
0.197331 0.422102 2.04286 0.0025 0.690663 0.595638 2.15602 0.00723942 264 4 1 6.14475e-07 
0.200962 0.428791 2.00511 0.0025 0.686467 0.590577 2.15077 0.00728368 265 4 1 6.0675e-07 
0.204615 0.43546 2.00338 0.0025 0.682299 0.585564 2.14554 0.00732816 266 4 1 5.84394e-07 
0.20829 0.442162 1.98761 0.0025 0.678147 0.580582 2.14031 0.00737304 267 4 1 6.14188e-07 
0.211988 0.448829 1.95533 0.0025 0.674033 0.575658 2.1351 0.00741803 268 4 1 6.25374e-07 
0.215709 0.455426 1.92359 0.0025 0.669973 0.570809 2.12995 0.00746299 269 4 1 6.13663e-07 
0.219451 0.461973 1.89578 0.0025 0.665961 0.566029 2.12484 0.00750795 270 4 1 5.85657e-07 
0.223217 0.468504 1.88547 0.0025 0.661982 0.561299 2.11975 0.00755308 271 4 1 5.72449e-07 
0.227004 0.475027 1.86542 0.0025 0.658027 0.55661 2.11468 0.00759847 272 4 1 5.73494e-07 
0.230815 0.481544 1.85116 0.0025 0.654098 0.551962 2.10962 0.00764412 273 4 1 5.66671e-07 
0.234649 0.488046 1.83423 0.0025 0.650189 0.54735 2.10457 0.00769007 274 4 1 5.49566e-07 
0.238505 0.494569 1.83633 0.0025 0.646286 0.542755 2.09951 0.00773651 275 4 1 5.26481e-07 
0.242385 0.50116 1.84476 0.0025 0.642367 0.538152 2.0944 0.00778372 276 4 1 5.3608e-07 
0.246289 0.507817 1.84346 0.0025 0.638431 0.533542 2.08926 0.0078317 277 4 1 5.52332e-07 
0.250217 0.514506 1.84392 0.0025 0.634482 0.528928 2.08408 0.00788044 278 4 1 5.39965e-07 
0.25417 0.521293 1.86491 0.0025 0.630503 0.524289 2.07885 0.00793018 279 4 1 5.44897e-07 
0.258147 0.528197 1.87172 0.0025 0.626486 0.519619 2.07354 0.00798102 280 4 1 5.7273e-07 
0.262151 0.535159 1.88005 0.0025 0.62244 0.514926 2.06817 0.00803291 281 4 1 5.72852e-07 
0.26618 0.542226 1.90231 0.0025 0.61835 0.510196 2.06273 0.00808603 282 4 1 5.8231e-07 
0.270237 0.549443 1.91914 0.0025 0.614211 0.505422 2.05719 0.00814052 283 4 1 6.20301e-07 
0.274321 0.556766 1.92374 0.0025 0.610035 0.500617 2.05159 0.00819625 284 4 1 6.35623e-07 
0.278433 0.56419 1.94471 0.0025 0.605818 0.495779 2.0459 0.00825331 285 4 1 6.42968e-07 
0.282574 0.571752 1.96191 0.0025 0.60155 0.490896 2.04013 0.00831187 286 4 1 6.67948e-07 
0.286745 0.579454 1.98465 0.0025 0.597231 0.48597 2.03425 0.00837197 287 4 1 7.15484e-07 
0.290946 0.587261 1.98271 0.0025 0.592881 0.481024 2.02831 0.0084334 288 4 1 7.7901e-07 
0.295179 0.595113 1.97009 0.0025 0.588536 0.476097 2.02236 0.00849566 289 4 1 8.3033e-07 
0.299442 0.602935 1.93509 0.0025 0.584233 0.471233 2.01643 0.00855824 290 4 1 8.815e-07 
0.303737 0.61065 1.87944 0.0025 0.580018 0.466482 2.01059 0.00862043 291 4 1 9.19448e-07 
0.308063 0.618155 1.79698 0.0025 0.57594 0.461899 2.00493 0.00868147 292 4 1 9.21717e-07 
0.312419 0.62536 1.71061 0.0025 0.572031 0.457517 1.99947 0.00874078 293 4 1 8.79725e-07 
0.316804 0.632279 1.625 0.0025 0.568299 0.453342 1.99425 0.00879818 294 4 1 8.10204e-07 
0.321217 0.638929 1.55915 0.0025 0.564727 0.449357 1.98922 0.00885383 295 4 1 7.41637e-07 
0.325658 0.645361 1.49956 0.0025 0.561298 0.445542 1.98438 0.00890793 296 4 1 7.24779e-07 
0.330125 0.651553 1.42354 0.0025 0.55803 0.441919 1.97975 0.00896009 297 4 1 7.88609e-07 
0.334618 0.657332 1.28091 0.0025 0.555013 0.438584 1.97546 0.00900879 298 4 1 8.96651e-07 
0.339134 0.662378 1.06472 0.0025 0.552387 0.435685 1.97172 0.00905163 299 4 1 9.29497e-07 
0.343669 0.666448 0.819815 0.0025 0.550253 0.433331 1.96867 0.00908673 300 4 1 8.33293e-07 
0.34822 0.669514 0.599787 0.0025 0.548622 0.43153 1.96633 0.00911374 301 4 1 6.42349e-07 
0.352783 0.671787 0.444962 0.0025 0.547413 0.430195 1.9646 0.00913386 302 4 1 4.72136e-07 
0.357354 0.673454 0.317799 0.0025 0.546537 0.429231 1.96334 0.00914851 303 4 1 4.14951e-07 
0.361932 0.67454 0.168244 0.0025 0.545973 0.42861 1.96253 0.00915795 304 4 1 3.59116e-07 
0.366512 0.675007 0.0560299 0.0025 0.545692 0.428296 1.96213 0.00916267 305 4 1 2.09193e-07 
0.371094 0.675163 0.0200601 0.0025 0.545582 0.42817 1.96197 0.00916453 306 4 1 8.53872e-08 
0.375677 0.675225 0.00350273 0.0025 0.545543 0.428126 1.96192 0.00916518 307 4 1 4.34486e-08 
0.380259 0.675221 -0.0104288 0.0025 0.545541 0.428123 1.96192 0.00916521 308 5 1 2.27599e-08 
0.384842 0.675182 -0.0134422 0.0025 0.545558 0.428142 1.96194 0.00916492 309 4 1 1.51928e-08 
0.389424 0.675115 -0.0191229 0.0025 0.545588 0.428175 1.96198 0.00916442 310 4 1 1.50035e-08 
0.394006 0.675026 -0.0231493 0.0025 0.54563 0.428221 1.96205 0.00916371 311 4 1 1.11681e-08 
0.398588 0.67492 -0.025831 0.0025 0.545682 0.428278 1.96212 0.00916285 312 4 1 8.1334e-09 
0.403169 0.674804 -0.0275627 0.0025 0.545739 0.428342 1.96221 0.00916188 313 4 1 5.11265e-09 
0.40775 0.674682 -0.0282977 0.0025 0.545801 0.42841 1.9623 0.00916084 314 4 1 2.21747e-09 
0.41233 0.67456 -0.0281295 0.0025 0.545865 0.42848 1.96239 0.00915978 315 4 1 -3.28858e-10 
0.41691 0.67444 -0.0271935 0.0025 0.545928 0.428549 1.96248 0.00915872 316 4 1 -2.33768e-09 
0.421489 0.674325 -0.0257134 0.0025 0.545989 0.428617 1.96257 0.0091577 317 4 1 -3.76836e-09 
0.426067 0.674215 -0.0239003 0.0025 0.546046 0.42868 1.96266 0.00915673 318 4 1 -4.61041e-09 
0.430646 0.674113 -0.0219131 0.0025 0.5461 0.428739 1.96273 0.00915583 319 4 1 -4.88223e-09 
0.435223 0.674018 -0.019957 0.0025 0.546149 0.428794 1.96281 0.009155 320 4 1 -4.77071e-09 
0.439801 0.673931 -0.018193 0.0025 0.546195 0.428844 1.96287 0.00915425 321 4 1 -4.5218e-09 
0.444378 0.673854 -0.0166059 0.0025 0.546236 0.42889 1.96294 0.00915355 322 4 1 -4.36572e-09 
0.448954 0.673784 -0.0150714 0.0025 0.546274 0.428932 1.96299 0.00915292 323 4 1 -4.40082e-09 
0.45353 0.673722 -0.0135172 0.0025 0.546308 0.42897 1.96304 0.00915235 324 4 1 -4.38555e-09 
0.458106 0.673666 -0.0119946 0.0025 0.546338 0.429003 1.96309 0.00915185 325 4 1 -4.0451e-09 
0.462682 0.673615 -0.010626 0.0025 0.546364 0.429033 1.96313 0.0091514 326 4 1 -3.279e-09 
0.467258 0.673569 -0.0095003 0.0025 0.546388 0.42906 1.96317 0.009151 327 4 1 -2.68251e-09 
0.471833 0.673528 -0.00860784 0.0025 0.54641 0.429084 1.9632 0.00915064 328 4 1 -2.53412e-09 
0.476409 0.673492 -0.00785839 0.0025 0.546429 0.429106 1.96323 0.00915032 329 4 1 -2.15357e-09 
0.480984 0.673459 -0.00715355 0.0025 0.546447 0.429126 1.96326 0.00915003 330 4 1 -1.89277e-09 
0.485559 0.67343 -0.00645117 0.0025 0.546462 0.429144 1.96328 0.00914976 331 4 1 -2.07423e-09 
0.490133 0.673404 -0.00577545 0.0025 0.546476 0.42916 1.96331 0.00914953 332 4 1 -1.80379e-09 
0.494708 0.67338 -0.005178 0.0025 0.546489 0.429174 1.96333 0.00914932 333 4 1 -1.28281e-09 
0.499283 0.673357 -0.0046906 0.0025 0.5465 0.429187 1.96335 0.00914913 334 4 1 -1.1022e-09 
0.503857 0.673338 -0.00430495 0.0025 0.54651 0.429199 1.96336 0.00914896 335 4 1 -1.30784e-09 
0.508432 0.67332 -0.00398459 0.0025 0.546519 0.42921 1.96338 0.0091488 336 4 1 -7.78207e-10 
0.513006 0.673303 -0.00369085 0.0025 0.546528 0.42922 1.9634 0.00914866 337 4 1 -3.88731e-10 
0.51758 0.673289 -0.00340193 0.0025 0.546536 0.429229 1.96341 0.00914853 338 4 1 -1.0093e-09 
0.522155 0.673275 -0.00311624 0.0025 0.546543 0.429238 1.96342 0.00914842 339 4 1 -1.14826e-09 
0.526729 0.673263 -0.00284515 0.0025 0.546549 0.429246 1.96344 0.00914831 340 4 1 -3.59636e-10 
0.531303 0.673251 -0.00260359 0.0025 0.546555 0.429253 1.96345 0.00914821 341 4 1 2.36397e-11 
0.535877 0.673241 -0.00240244 0.0025 0.54656 0.429259 1.96346 0.00914813 342 4 1 -1.0932e-09 
0.540451 0.673231 -0.00224277 0.0025 0.546565 0.429265 1.96347 0.00914805 343 4 1 -6.23378e-10 
0.545025 0.673222 -0.00211365 0.0025 0.546569 0.429271 1.96348 0.00914797 344 4 1 4.40116e-10 
0.549599 0.673214 -0.00199624 0.0025 0.546573 0.429276 1.96349 0.00914791 345 4 1 -1.71906e-10 
0.554173 0.673207 -0.00187317 0.0025 0.546577 0.429281 1.9635 0.00914785 346 4 1 -1.04263e-09 
0.558747 0.673201 -0.00173755 0.0025 0.54658 0.429286 1.96351 0.00914779 347 4 1 -3.09062e-10 
0.563321 0.673194 -0.0015954 0.0025 0.546583 0.42929 1.96352 0.00914774 348 4 1 4.26828e-10 
0.567895 0.673189 -0.00145986 0.0025 0.546586 0.429294 1.96353 0.0091477 349 4 1 -4.73535e-10 
0.572468 0.673183 -0.00134187 0.0025 0.546588 0.429298 1.96354 0.00914766 350 4 1 -7.42972e-10 
0.577042 0.673178 -0.00124359 0.0025 0.54659 0.429301 1.96354 0.00914762 351 4 1 1.77369e-10 
0.581616 0.673173 -0.00115874 0.0025 0.546592 0.429304 1.96355 0.00914759 352 4 1 5.08584e-10 
0.58619 0.673169 -0.00107851 0.0025 0.546593 0.429307 1.96356 0.00914757 353 4 1 -7.9936e-10 
0.590764 0.673165 -0.000998082 0.0025 0.546594 0.42931 1.96357 0.00914755 354 4 1 -4.44584e-10 
0.595337 0.673161 -0.000919244 0.0025 0.546596 0.429312 1.96357 0.00914753 355 4 1 9.0791e-10 
0.599911 0.673157 -0.000847982 0.0025 0.546596 0.429315 1.96358 0.00914752 356 4 1 -3.87331e-11 
0.604485 0.673154 -0.000789816 0.0025 0.546597 0.429317 1.96359 0.00914751 357 4 1 -6.27328e-10 
0.609059 0.67315 -0.000746497 0.0025 0.546597 0.429319 1.9636 0.0091475 358 4 1 4.66659e-10 
0.613632 0.673147 -0.000715856 0.0025 0.546598 0.429321 1.96361 0.0091475 359 4 1 7.5411e-10 
0.618206 0.673145 -0.000693871 0.0025 0.546598 0.429323 1.96361 0.0091475 360 4 1 -6.83778e-10 
0.62278 0.673142 -0.000676818 0.0025 0.546598 0.429324 1.96362 0.0091475 361 3 1 1.39181e-10 
0.627354 0.67314 -0.000662193 0.0025 0.546598 0.429326 1.96363 0.0091475 362 4 1 1.46491e-09 
0.631927 0.673138 -0.000648488 0.0025 0.546597 0.429328 1.96364 0.0091475 363 4 1 -8.47281e-10 
0.636501 0.673137 -0.000634698 0.0025 0.546597 0.42933 1.96365 0.00914751 364 4 1 -1.82796e-10 
0.641075 0.673135 -0.000620101 0.0025 0.546596 0.429331 1.96366 0.00914752 365 4 1 2.14146e-09 
0.645649 0.673134 -0.00060422 0.0025 0.546595 0.429333 1.96367 0.00914753 366 4 1 -8.03168e-10 
0.650222 0.673133 -0.000586632 0.0025 0.546595 0.429334 1.96368 0.00914755 367 4 1 -8.31797e-10 
0.654796 0.673132 -0.000566522 0.0025 0.546594 0.429336 1.96369 0.00914756 368 4 1 1.98942e-09 
0.65937 0.673132 -0.000542227 0.0025 0.546592 0.429337 1.9637 0.00914758 369 4 1 5.16446e-10 
0.663944 0.673131 -0.00051105 0.0025 0.546591 0.429339 1.96371 0.00914761 370 4 1 -7.80444e-10 
0.668518 0.67313 -0.000469469 0.0025 0.546589 0.42934 1.96372 0.00914764 371 4 1 8.13766e-10 
0.673091 0.673129 -0.000413626 0.0025 0.546587 0.429341 1.96373 0.00914767 372 4 1 1.11965e-09 
0.677665 0.673128 -0.000339995 0.0025 0.546584 0.429342 1.96375 0.00914772 373 4 1 -5.23662e-10 
0.682239 0.673127 -0.000246202 0.0025 0.546582 0.429342 1.96376 0.00914776 374 4 1 5.14002e-10 
0.686813 0.673126 -0.000131996 0.0025 0.546578 0.429343 1.96377 0.00914782 375 4 1 1.20343e-09 
0.691387 0.673124 -2.29995e-07 0.0025 0.546574 0.429343 1.96379 0.00914789 376 4 1 -4.79521e-10 
0.695961 0.673122 0.000142463 0.0025 0.54657 0.429342 1.9638 0.00914796 377 4 1 7.44014e-10 
0.700535 0.673119 0.000285751 0.0025 0.546565 0.429342 1.96382 0.00914805 378 4 1 9.05942e-10 
0.705109 0.673115 0.000416732 0.0025 0.546559 0.429341 1.96384 0.00914815 379 4 1 9.45423e-10 
0.709683 0.673112 0.000522092 0.0025 0.546552 0.429339 1.96385 0.00914826 380 4 1 2.56524e-09 
0.714257 0.673108 0.000590834 0.0025 0.546545 0.429338 1.96387 0.00914838 381 4 1 -1.22308e-09 
0.718831 0.673104 0.00061681 0.0025 0.546538 0.429337 1.96389 0.0091485 382 4 1 1.55764e-09 
0.723406 0.6731 0.000600228 0.0025 0.54653 0.429335 1.96391 0.00914863 383 4 1 5.06777e-09 
0.72798 0.673096 0.00054758 0.0025 0.546521 0.429334 1.96394 0.00914878 384 4 1 -1.35444e-09 
0.732555 0.673093 0.000469981 0.0025 0.546512 0.429333 1.96397 0.00914893 385 4 1 2.37706e-09 
0.737129 0.67309 0.00038046 0.0025 0.546503 0.429332 1.96399 0.00914908 386 4 1 3.82918e-09 
0.741704 0.673088 0.000291114 0.0025 0.546493 0.429331 1.96403 0.00914925 387 4 1 3.08576e-09 
0.746278 0.673086 0.000210979 0.0025 0.546482 0.429331 1.96406 0.00914943 388 4 1 4.92713e-09 
0.750853 0.673084 0.000145129 0.0025 0.54647 0.42933 1.96411 0.00914963 389 4 1 -2.08231e-09 
0.755428 0.673083 9.49687e-05 0.0025 0.546458 0.42933 1.96415 0.00914983 390 4 1 5.59398e-09 
0.760003 0.673082 5.92989e-05 0.0025 0.546445 0.42933 1.96419 0.00915004 391 4 1 4.84842e-09 
0.764578 0.673081 3.55759e-05 0.0025 0.546431 0.42933 1.96425 0.00915029 392 4 1 8.2928e-09 
0.769153 0.67308 2.09243e-05 0.0025 0.546417 0.429333 1.96431 0.00915052 393 4 1 -3.47336e-09 
0.773728 0.673079 1.27124e-05 0.0025 0.546394 0.429333 1.96437 0.00915091 394 4 1 1.43753e-07 
0.778304 0.673078 8.75286e-06 0.0025 0.546383 0.429363 1.9646 0.0091511 395 4 1 -1.38673e-07 
0.78288 0.673078 7.2962e-06 0.0025 0.545984 0.429207 1.96466 0.00915778 396 5 1 3.4856e-06 
0.787462 0.673077 6.98539e-06 0.0025 0.548249 0.430871 1.96852 0.00911995 397 3 1 -1.90585e-05 
0.792 0.673077 6.88066e-06 0.0025 0.536918 0.426201 1.95006 0.00931241 398 4 1 0.000179254 
0.796781 0.673076 6.48318e-06 0.0025 0.51106 0.432738 2.15252 0.00978359 399 4 1 -0.000134225 
0.80179 0.673076 5.64133e-06 0.0025 0.482814 0.424512 2.1555 0.010356 400 4 1 0.000266087 
0.80715 0.673075 4.42896e-06 0.0025 0.454328 0.432955 2.44419 0.0110053 401 4 1 -0.000240409 
0.812806 0.673075 3.46641e-06 0.0025 0.44703 0.42729 2.38027 0.0111849 402 5 1 5.38097e-05 
0.818337 0.673074 4.69235e-06 0.0025 0.452461 0.429661 2.37466 0.0110507 403 4 1 -3.01276e-06 
0.823856 0.673074 1.4397e-05 0.0025 0.453643 0.429331 2.36526 0.0110219 404 4 1 3.91275e-06 
0.829359 0.673074 4.84563e-05 0.0025 0.454723 0.429389 2.36047 0.0109957 405 4 1 1.27154e-06 
0.834852 0.673074 0.000116584 0.0025 0.455347 0.429363 2.35718 0.0109806 406 4 1 8.43135e-07 
0.840339 0.673074 -1.78479e-05 0.0025 0.455791 0.429351 2.35487 0.01097 407 4 1 5.46363e-07 
0.845822 0.673071 -0.00167656 0.0025 0.456113 0.429346 2.35322 0.0109622 408 4 1 3.58314e-07 
0.851302 0.673054 -0.00966465 0.0025 0.456359 0.42935 2.35199 0.0109563 409 4 1 2.74223e-07 
0.856778 0.672986 -0.0336191 0.0025 0.456566 0.429376 2.35108 0.0109513 410 4 1 2.11829e-07 
0.862253 0.672819 -0.0566876 0.0025 0.456749 0.429419 2.35042 0.0109469 411 4 1 -5.25808e-08 
0.867725 0.67278 0.115058 0.0025 0.456779 0.429279 2.34967 0.0109462 412 3 1 -1.06047e-06 
0.873199 0.675082 1.49492 0.0025 0.456145 0.428419 2.34771 0.0109614 413 5 1 1.67337e-06 
0.878687 0.679281 -0.91262 0.0025 0.456627 0.429469 2.34806 0.0109499 414 4 1 2.94024e-05 
0.884149 0.651945 -17.7444 0.0025 0.467317 0.44482 2.37044 0.0106994 415 4 1 0.000139389 
0.889395 0.544258 -45.7569 0.0025 0.502696 0.495107 2.44819 0.00994638 416 4 1 0.000248075 
0.894136 0.36632 -54.3497 0.0025 0.565959 0.587089 2.58307 0.00883457 417 4 1 0.000183802 
0.898283 0.208589 -37.0721 0.0025 0.637737 0.694978 2.7233 0.00784022 418 4 1 6.62342e-05 
0.902005 0.113425 -20.9408 0.0025 0.695612 0.785458 2.8257 0.00718791 419 4 1 1.03897e-05 
0.905481 0.0587904 -12.0821 0.0025 0.73429 0.847778 2.88919 0.0068093 420 4 1 -7.08035e-06 
0.908817 0.0288291 -6.22976 0.0025 0.757747 0.886205 2.926 0.00659851 421 4 1 -1.0093e-05 
0.91208 0.0136759 -3.12997 0.0025 0.770514 0.907395 2.94543 0.00648917 422 4 1 -6.96294e-06 
0.915307 0.00620373 -1.50784 0.0025 0.777019 0.91825 2.9551 0.00643485 423 4 1 -3.94363e-06 
0.918515 0.00267101 -0.711044 0.0025 0.780193 0.92354 2.95968 0.00640867 424 4 1 -2.00851e-06 
0.921715 0.00101921 -0.334379 0.0025 0.78171 0.926039 2.96175 0.00639624 425 4 1 -9.62541e-07 
0.924911 0.000253471 -0.156843 0.0025 0.782441 0.927208 2.96263 0.00639026 426 4 1 -4.53523e-07 
0.928106 -9.86485e-05 -0.0734878 0.0025 0.782805 0.927753 2.96295 0.00638729 427 4 1 -2.16819e-07 
0.931299 -0.00025683 -0.0336764 0.0025 0.782998 0.928007 2.96301 0.00638571 428 4 1 -1.08597e-07 
0.934491 -0.00032284 -0.0140618 0.0025 0.783113 0.928122 2.96293 0.00638477 429 4 1 -6.20968e-08 
0.937684 -0.000343975 -0.00400198 0.0025 0.783193 0.92817 2.96278 0.00638412 430 4 1 -4.36709e-08 
0.940875 -0.00034019 0.00434069 0.0025 0.783255 0.928181 2.96258 0.00638362 431 4 1 -2.80661e-08 
0.944067 -0.000319459 0.00351648 0.0025 0.783312 0.928175 2.96234 0.00638315 432 4 1 -2.34452e-08 
0.947259 -0.000304514 0.00607179 0.0025 0.783373 0.928164 2.96208 0.00638265 433 4 1 -2.87305e-08 
0.95045 -0.000278751 0.00418724 0.0025 0.783443 0.928151 2.96178 0.00638209 434 4 1 -3.21015e-08 
0.953641 -0.00026116 0.00532853 0.0025 0.783522 0.928139 2.96144 0.00638144 435 4 1 -3.37801e-08 
0.956831 -0.000236495 0.00354505 0.0025 0.783613 0.928128 2.96106 0.0063807 436 4 1 -3.43844e-08 
0.960021 -0.000219505 0.00618818 0.0025 0.783715 0.928116 2.96064 0.00637987 437 4 1 -3.3176e-08 
0.963211 -0.000194872 0.00258481 0.0025 0.783828 0.928105 2.96017 0.00637895 438 4 1 -3.47136e-08 
0.9664 -0.0001812 0.00554164 0.0025 0.783953 0.928095 2.95967 0.00637793 439 4 1 -3.64172e-08 
0.969589 -0.000155222 0.00272542 0.0025 0.784091 0.928085 2.95912 0.00637681 440 4 1 -3.31933e-08 
0.972777 -0.000144482 0.00345797 0.0025 0.784241 0.928079 2.95853 0.00637559 441 4 1 -2.58566e-08 
0.975965 -0.000120287 0.00334388 0.0025 0.784402 0.928077 2.95791 0.00637428 442 4 1 1.29128e-08 
0.979151 -0.000109672 0.00171037 0.0025 0.784566 0.928088 2.9573 0.00637295 443 4 1 1.38563e-07 
0.982338 -8.74674e-05 0.00282807 0.0025 0.784698 0.928129 2.95686 0.00637188 444 3 1 5.15809e-07 
0.985523 -7.41388e-05 0.000988189 0.0025 0.784669 0.928225 2.95703 0.00637211 445 4 1 1.70145e-06 
0.98871 -5.36684e-05 0.00218033 0.0025 0.784093 0.928415 2.95925 0.00637679 446 4 1 4.52675e-06 
0.9919 -3.92733e-05 0.000604266 0.0025 0.781481 0.928343 2.9669 0.00639811 447 4 1 1.49438e-05 
0.995108 -2.16059e-05 0.00122636 0.0025 0.774113 0.927514 2.99235 0.006459 448 4 1 1.77292e-05 
0.998359 -8.03181e-06 -3.58077e-06 0.0025 0.765387 0.927633 3.03759 0.00653264 449 4 1 -3.46204e-05 
1.00164 8.03181e-06 3.58071e-06 0.0025 0.765387 0.927633 3.03759 0.00653264 450 4 1 -3.46204e-05 
1.00489 2.16059e-05 -0.00122636 0.0025 0.774113 0.927514 2.99235 0.006459 451 4 1 1.77292e-05 
1.0081 3.92733e-05 -0.000604266 0.0025 0.781481 0.928343 2.9669 0.00639811 452 4 1 1.49438e-05 
1.01129 5.36684e-05 -0.00218033 0.0025 0.784093 0.928415 2.95925 0.00637679 453 4 1 4.52675e-06 
1.01448 7.41388e-05 -0.000988189 0.0025 0.784669 0.928225 2.95703 0.00637211 454 4 1 1.70145e-06 
1.01766 8.74674e-05 -0.00282807 0.0025 0.784698 0.928129 2.95686 0.00637188 455 3 1 5.15809e-07 
1.02085 0.000109672 -0.00171037 0.0025 0.784566 0.928088 2.9573 0.00637295 456 4 1 1.38563e-07 
1.02404 0.000120287 -0.00334388 0.0025 0.784402 0.928077 2.95791 0.00637428 457 4 1 1.29128e-08 
1.02722 0.000144482 -0.00345797 0.0025 0.784241 0.928079 2.95853 0.00637559 458 4 1 -2.58566e-08 
1.03041 0.000155222 -0.00272542 0.0025 0.784091 0.928085 2.95912 0.00637681 459 4 1 -3.31933e-08 
1.0336 0.0001812 -0.00554164 0.0025 0.783953 0.928095 2.95967 0.00637793 460 4 1 -3.64172e-08 
1.03679 0.000194872 -0.00258481 0.0025 0.783828 0.928105 2.96017 0.00637895 461 4 1 -3.47136e-08 
1.03998 0.000219505 -0.00618818 0.0025 0.783715 0.928116 2.96064 0.00637987 462 4 1 -3.3176e-08 
1.04317 0.000236495 -0.00354505 0.0025 0.783613 0.928128 2.96106 0.0063807 463 4 1 -3.43844e-08 
1.04636 0.00026116 -0.00532854 0.0025 0.783522 0.928139 2.96144 0.00638144 464 4 1 -3.37801e-08 
1.04955 0.000278751 -0.00418724 0.0025 0.783443 0.928151 2.96178 0.00638209 465 4 1 -3.21015e-08 
1.05274 0.000304514 -0.00607179 0.0025 0.783373 0.928164 2.96208 0.00638265 466 4 1 -2.87305e-08 
1.05593 0.000319459 -0.00351648 0.0025 0.783312 0.928175 2.96234 0.00638315 467 4 1 -2.34452e-08 
1.05912 0.00034019 -0.00434069 0.0025 0.783255 0.928181 2.96258 0.00638362 468 4 1 -2.80661e-08 
1.06232 0.000343975 0.00400198 0.0025 0.783193 0.92817 2.96278 0.00638412 469 4 1 -4.36709e-08 
1.06551 0.00032284 0.0140618 0.0025 0.783113 0.928122 2.96293 0.00638477 470 4 1 -6.20968e-08 
1.0687 0.00025683 0.0336764 0.0025 0.782998 0.928007 2.96301 0.00638571 471 4 1 -1.08597e-07 
1.07189 9.86485e-05 0.0734878 0.0025 0.782805 0.927753 2.96295 0.00638729 472 4 1 -2.16819e-07 
1.07509 -0.000253471 0.156843 0.0025 0.782441 0.927208 2.96263 0.00639026 473 4 1 -4.53523e-07 
1.07828 -0.00101921 0.334379 0.0025 0.78171 0.926039 2.96175 0.00639624 474 4 1 -9.62541e-07 
1.08148 -0.00267101 0.711044 0.0025 0.780193 0.92354 2.95968 0.00640867 475 4 1 -2.00851e-06 
1.08469 -0.00620373 1.50784 0.0025 0.777019 0.91825 2.9551 0.00643485 476 4 1 -3.94363e-06 
1.08792 -0.0136759 3.12997 0.0025 0.770514 0.907395 2.94543 0.00648917 477 4 1 -6.96294e-06 
1.09118 -0.0288291 6.22976 0.0025 0.757747 0.886205 2.926 0.00659851 478 4 1 -1.0093e-05 
1.09452 -0.0587904 12.0821 0.0025 0.73429 0.847778 2.88919 0.0068093 479 4 1 -7.08035e-06 
1.098 -0.113425 20.9408 0.0025 0.695612 0.785458 2.8257 0.00718791 480 4 1 1.03897e-05 
1.10172 -0.208589 37.0721 0.0025 0.637737 0.694978 2.7233 0.00784022 481 4 1 6.62342e-05 
1.10586 -0.36632 54.3497 0.0025 0.565959 0.587089 2.58307 0.00883457 482 4 1 0.000183802 
1.11061 -0.544258 45.7569 0.0025 0.502696 0.495107 2.44819 0.00994638 483 4 1 0.000248075 
1.11585 -0.651945 17.7444 0.0025 0.467317 0.44482 2.37044 0.0106994 484 4 1 0.000139389 
1.12131 -0.679281 0.91262 0.0025 0.456627 0.429469 2.34806 0.0109499 485 4 1 2.94024e-05 
1.1268 -0.675082 -1.49492 0.0025 0.456145 0.428419 2.34771 0.0109614 486 5 1 1.67337e-06 
1.13227 -0.67278 -0.115058 0.0025 0.456779 0.429279 2.34967 0.0109462 487 3 1 -1.06047e-06 
1.13775 -0.672819 0.0566876 0.0025 0.456749 0.429419 2.35042 0.0109469 488 4 1 -5.25808e-08 
1.14322 -0.672986 0.0336191 0.0025 0.456566 0.429376 2.35108 0.0109513 489 4 1 2.11829e-07 
1.1487 -0.673054 0.00966465 0.0025 0.456359 0.42935 2.35199 0.0109563 490 4 1 2.74223e-07 
1.15418 -0.673071 0.00167656 0.0025 0.456113 0.429346 2.35322 0.0109622 491 4 1 3.58314e-07 
1.15966 -0.673074 1.78479e-05 0.0025 0.455791 0.429351 2.35487 0.01097 492 4 1 5.46363e-07 
1.16515 -0.673074 -0.000116584 0.0025 0.455347 0.429363 2.35718 0.0109806 493 4 1 8.43135e-07 
1.17064 -0.673074 -4.84563e-05 0.0025 0.454723 0.429389 2.36047 0.0109957 494 4 1 1.27154e-06 
1.17614 -0.673074 -1.4397e-05 0.0025 0.453643 0.429331 2.36526 0.0110219 495 4 1 3.91275e-06 
1.18166 -0.673074 -4.69238e-06 0.0025 0.452461 0.429661 2.37466 0.0110507 496 4 1 -3.01276e-06 
1.18719 -0.673075 -3.46638e-06 0.0025 0.44703 0.42729 2.38027 0.0111849 497 5 1 5.38097e-05 
1.19285 -0.673075 -4.42897e-06 0.0025 0.454328 0.432955 2.44419 0.0110053 498 4 1 -0.000240409 
1.19821 -0.673076 -5.64132e-06 0.0025 0.482814 0.424512 2.1555 0.010356 499 4 1 0.000266087 
