# Time [s]: 0.449234
# Columns: pos [m], vel [m/s], acc [m/s^2], mass [kg], dens [kg/m^3], pres [Pa], ene [J/kg], sml [m], id, neighbor, alpha, gradh, ...additional?
1.19985 -0.673076 -1.51586e-05 0.0025 0.51106 0.432738 2.15252 0.00978358 0 4 1 -0.000134225 
1.20463 -0.673077 -1.59615e-05 0.0025 0.536918 0.426201 1.95006 0.0093124 1 4 1 0.000179254 
1.20917 -0.673077 -1.71481e-05 0.0025 0.548249 0.430872 1.96852 0.00911995 2 3 1 -1.90585e-05 
1.21375 -0.673078 -1.97717e-05 0.0025 0.545984 0.429208 1.96466 0.00915777 3 5 1 3.4856e-06 
1.21833 -0.673079 -2.52612e-05 0.0025 0.546383 0.429363 1.9646 0.00915109 4 4 1 -1.38662e-07 
1.2229 -0.673079 -3.54636e-05 0.0025 0.546394 0.429334 1.96437 0.0091509 5 4 1 1.43771e-07 
1.22748 -0.67308 -5.26411e-05 0.0025 0.546418 0.429333 1.96431 0.00915051 6 4 1 -3.44843e-09 
1.23205 -0.673081 -7.9425e-05 0.0025 0.546431 0.429331 1.96425 0.00915028 7 4 1 8.32613e-09 
1.23663 -0.673082 -0.000118527 0.0025 0.546446 0.429331 1.96419 0.00915003 8 4 1 4.8899e-09 
1.2412 -0.673083 -0.000172078 0.0025 0.546459 0.429331 1.96415 0.00914981 9 4 1 5.64123e-09 
1.24578 -0.673085 -0.000240622 0.0025 0.546471 0.429331 1.96411 0.00914961 10 4 1 -2.0349e-09 
1.25035 -0.673087 -0.000321971 0.0025 0.546483 0.429332 1.96407 0.00914941 11 4 1 4.96578e-09 
1.25493 -0.673089 -0.000410384 0.0025 0.546495 0.429333 1.96403 0.00914922 12 4 1 3.10469e-09 
1.2595 -0.673092 -0.000496541 0.0025 0.546505 0.429334 1.964 0.00914905 13 4 1 3.81803e-09 
1.26408 -0.673095 -0.000568651 0.0025 0.546514 0.429335 1.96397 0.00914889 14 4 1 2.32946e-09 
1.26865 -0.673099 -0.000614579 0.0025 0.546523 0.429336 1.96394 0.00914874 15 4 1 -1.43802e-09 
1.27323 -0.673103 -0.000624504 0.0025 0.546532 0.429338 1.96392 0.00914859 16 4 1 4.95666e-09 
1.2778 -0.673107 -0.000593269 0.0025 0.54654 0.429339 1.9639 0.00914846 17 4 1 1.4341e-09 
1.28237 -0.673111 -0.000521684 0.0025 0.546547 0.429341 1.96388 0.00914834 18 4 1 -1.34077e-09 
1.28695 -0.673114 -0.000416347 0.0025 0.546554 0.429342 1.96386 0.00914822 19 4 1 2.47044e-09 
1.29152 -0.673117 -0.000288088 0.0025 0.546561 0.429343 1.96384 0.00914811 20 4 1 8.85322e-10 
1.2961 -0.67312 -0.000149581 0.0025 0.546566 0.429344 1.96382 0.00914802 21 4 1 8.84976e-10 
1.30067 -0.673122 -1.28652e-05 0.0025 0.546571 0.429344 1.96381 0.00914794 22 4 1 7.59319e-10 
1.30524 -0.673124 0.000112549 0.0025 0.546575 0.429344 1.96379 0.00914787 23 4 1 -4.36158e-10 
1.30982 -0.673125 0.000220637 0.0025 0.546579 0.429344 1.96378 0.00914781 24 4 1 1.26415e-09 
1.31439 -0.673126 0.000308886 0.0025 0.546582 0.429343 1.96376 0.00914775 25 4 1 5.81619e-10 
1.31897 -0.673127 0.000377659 0.0025 0.546585 0.429342 1.96375 0.00914771 26 4 1 -4.57586e-10 
1.32354 -0.673127 0.000429289 0.0025 0.546587 0.429341 1.96374 0.00914767 27 4 1 1.17853e-09 
1.32811 -0.673128 0.000467166 0.0025 0.546589 0.42934 1.96372 0.00914763 28 4 1 8.62557e-10 
1.33269 -0.673128 0.000494948 0.0025 0.546591 0.429339 1.96371 0.00914761 29 4 1 -7.42277e-10 
1.33726 -0.673129 0.000515917 0.0025 0.546593 0.429338 1.9637 0.00914758 30 4 1 5.45327e-10 
1.34183 -0.67313 0.000532558 0.0025 0.546594 0.429336 1.96369 0.00914755 31 4 1 2.01154e-09 
1.34641 -0.67313 0.000546416 0.0025 0.546595 0.429335 1.96368 0.00914754 32 4 1 -8.13649e-10 
1.35098 -0.673131 0.000558303 0.0025 0.546596 0.429333 1.96367 0.00914752 33 4 1 -7.86871e-10 
1.35556 -0.673132 0.000568686 0.0025 0.546597 0.429332 1.96366 0.00914751 34 4 1 2.15689e-09 
1.36013 -0.673134 0.000578054 0.0025 0.546598 0.429331 1.96365 0.0091475 35 4 1 -1.6822e-10 
1.3647 -0.673135 0.000587108 0.0025 0.546598 0.429329 1.96364 0.00914749 36 4 1 -8.3408e-10 
1.36928 -0.673137 0.000596897 0.0025 0.546599 0.429327 1.96363 0.00914748 37 4 1 1.47572e-09 
1.37385 -0.673139 0.000609098 0.0025 0.546599 0.429326 1.96362 0.00914747 38 4 1 1.45687e-10 
1.37842 -0.673141 0.000626364 0.0025 0.546599 0.429324 1.96362 0.00914747 39 4 1 -6.84239e-10 
1.383 -0.673144 0.000652203 0.0025 0.546599 0.429323 1.96361 0.00914747 40 3 1 7.44969e-10 
1.38757 -0.673147 0.00068986 0.0025 0.546599 0.429321 1.9636 0.00914747 41 4 1 4.50934e-10 
1.39215 -0.67315 0.000740442 0.0025 0.546599 0.429319 1.96359 0.00914748 42 4 1 -6.42239e-10 
1.39672 -0.673153 0.000801609 0.0025 0.546598 0.429317 1.96359 0.00914748 43 4 1 -4.27398e-11 
1.40129 -0.673156 0.00086839 0.0025 0.546598 0.429315 1.96358 0.00914749 44 4 1 9.21068e-10 
1.40587 -0.67316 0.000936333 0.0025 0.546597 0.429313 1.96357 0.00914751 45 4 1 -4.17752e-10 
1.41044 -0.673164 0.0010051 0.0025 0.546596 0.42931 1.96356 0.00914753 46 4 1 -7.71664e-10 
1.41501 -0.673168 0.00107952 0.0025 0.546594 0.429307 1.96356 0.00914755 47 4 1 5.23508e-10 
1.41959 -0.673172 0.0011666 0.0025 0.546593 0.429304 1.96355 0.00914758 48 4 1 1.76479e-10 
1.42416 -0.673177 0.00126994 0.0025 0.546591 0.429301 1.96354 0.00914761 49 4 1 -7.46784e-10 
1.42874 -0.673181 0.00138571 0.0025 0.546589 0.429298 1.96353 0.00914764 50 4 1 -4.57954e-10 
1.43331 -0.673187 0.00150365 0.0025 0.546587 0.429294 1.96352 0.00914768 51 4 1 4.78242e-10 
1.43788 -0.673192 0.00161329 0.0025 0.546584 0.42929 1.96352 0.00914773 52 4 1 -2.2471e-10 
1.44246 -0.673198 0.00171147 0.0025 0.546581 0.429286 1.96351 0.00914778 53 4 1 -9.48575e-10 
1.44703 -0.673205 0.00180591 0.0025 0.546577 0.429281 1.9635 0.00914783 54 4 1 -9.82434e-11 
1.45161 -0.673212 0.001912 0.0025 0.546574 0.429276 1.96349 0.00914789 55 4 1 4.75593e-10 
1.45618 -0.67322 0.00204495 0.0025 0.54657 0.429271 1.96348 0.00914796 56 4 1 -6.20176e-10 
1.46075 -0.673229 0.00221231 0.0025 0.546566 0.429266 1.96347 0.00914803 57 4 1 -1.09613e-09 
1.46533 -0.673239 0.0024111 0.0025 0.546561 0.42926 1.96346 0.00914811 58 4 1 4.68839e-11 
1.4699 -0.673249 0.00263013 0.0025 0.546556 0.429253 1.96345 0.0091482 59 4 1 -2.86434e-10 
1.47448 -0.67326 0.00285574 0.0025 0.54655 0.429246 1.96343 0.00914829 60 4 1 -1.01951e-09 
1.47905 -0.673272 0.0030795 0.0025 0.546544 0.429238 1.96342 0.0091484 61 4 1 -8.42912e-10 
1.48362 -0.673286 0.00330634 0.0025 0.546537 0.42923 1.96341 0.00914851 62 4 1 -2.24441e-10 
1.4882 -0.673301 0.00355845 0.0025 0.546529 0.429221 1.96339 0.00914864 63 4 1 -6.60822e-10 
1.49277 -0.673317 0.00386855 0.0025 0.546521 0.429211 1.96338 0.00914878 64 4 1 -1.25437e-09 
1.49735 -0.673335 0.00426157 0.0025 0.546512 0.4292 1.96336 0.00914893 65 4 1 -1.07298e-09 
-0.498079 -0.673355 0.00473507 0.0025 0.546502 0.429189 1.96334 0.0091491 66 4 1 -1.18809e-09 
-0.493504 -0.673376 0.00525601 0.0025 0.54649 0.429176 1.96333 0.00914929 67 4 1 -1.55898e-09 
-0.488929 -0.6734 0.00578411 0.0025 0.546478 0.429161 1.9633 0.0091495 68 4 1 -1.67409e-09 
-0.484355 -0.673426 0.00631091 0.0025 0.546464 0.429145 1.96328 0.00914973 69 4 1 -1.44093e-09 
-0.47978 -0.673455 0.00688349 0.0025 0.546449 0.429128 1.96326 0.00914999 70 4 1 -1.80075e-09 
-0.475205 -0.673487 0.00758523 0.0025 0.546432 0.429108 1.96323 0.00915028 71 4 1 -2.35361e-09 
-0.470629 -0.673524 0.00847972 0.0025 0.546413 0.429087 1.9632 0.00915059 72 4 1 -2.58466e-09 
-0.466054 -0.673564 0.0095599 0.0025 0.546392 0.429063 1.96317 0.00915095 73 4 1 -3.0561e-09 
-0.461478 -0.673609 0.0107499 0.0025 0.546368 0.429036 1.96313 0.00915135 74 4 1 -3.53704e-09 
-0.456903 -0.673658 0.0119691 0.0025 0.546341 0.429006 1.96309 0.0091518 75 4 1 -3.64274e-09 
-0.452327 -0.673714 0.013211 0.0025 0.546311 0.428973 1.96305 0.0091523 76 4 1 -3.69241e-09 
-0.44775 -0.673776 0.0145647 0.0025 0.546278 0.428936 1.963 0.00915285 77 4 1 -3.98568e-09 
-0.443174 -0.673846 0.0161392 0.0025 0.546241 0.428896 1.96294 0.00915347 78 4 1 -4.53794e-09 
-0.438597 -0.673923 0.0179531 0.0025 0.546201 0.428851 1.96288 0.00915414 79 4 1 -4.99246e-09 
-0.43402 -0.674008 0.0199116 0.0025 0.546156 0.428801 1.96281 0.00915489 80 4 1 -5.14037e-09 
-0.429442 -0.674101 0.0218891 0.0025 0.546107 0.428747 1.96274 0.00915572 81 4 1 -4.97957e-09 
-0.424864 -0.674201 0.0237718 0.0025 0.546053 0.428688 1.96266 0.00915661 82 4 1 -4.40886e-09 
-0.420285 -0.674309 0.0254199 0.0025 0.545996 0.428624 1.96258 0.00915757 83 4 1 -3.35625e-09 
-0.415706 -0.674423 0.0266925 0.0025 0.545936 0.428558 1.96249 0.00915858 84 4 1 -1.91865e-09 
-0.411127 -0.674542 0.0274971 0.0025 0.545874 0.428489 1.9624 0.00915962 85 4 1 -1.69685e-10 
-0.406547 -0.674665 0.0277545 0.0025 0.545812 0.428421 1.96231 0.00916067 86 4 1 1.83164e-09 
-0.401966 -0.674786 0.0273353 0.0025 0.545751 0.428353 1.96222 0.0091617 87 4 1 4.27023e-09 
-0.397385 -0.674903 0.0259972 0.0025 0.545693 0.42829 1.96214 0.00916266 88 4 1 7.03519e-09 
-0.392803 -0.675008 0.0237149 0.0025 0.545641 0.428233 1.96206 0.00916354 89 4 1 9.91846e-09 
-0.388221 -0.675096 0.0204066 0.0025 0.545597 0.428184 1.962 0.00916428 90 4 1 1.37556e-08 
-0.383639 -0.67516 0.0145866 0.0025 0.545564 0.428148 1.96195 0.00916482 91 4 1 1.72977e-08 
-0.379057 -0.675202 0.00772549 0.0025 0.545546 0.428128 1.96192 0.00916513 92 5 1 2.35938e-08 
-0.374474 -0.675224 -0.0010233 0.0025 0.545548 0.42813 1.96192 0.0091651 93 4 1 4.04814e-08 
-0.369892 -0.675171 -0.0195174 0.0025 0.545583 0.42817 1.96197 0.00916451 94 4 1 7.08293e-08 
-0.365309 -0.67502 -0.0449275 0.0025 0.545678 0.428279 1.96211 0.00916291 95 4 1 1.82173e-07 
-0.360729 -0.674624 -0.146287 0.0025 0.545924 0.428554 1.96246 0.00915879 96 4 1 3.41601e-07 
-0.356151 -0.673644 -0.294816 0.0025 0.546439 0.429123 1.9632 0.00915015 97 4 1 4.1382e-07 
-0.351578 -0.672061 -0.428576 0.0025 0.547268 0.430035 1.96439 0.00913629 98 4 1 4.54904e-07 
-0.347014 -0.669889 -0.570625 0.0025 0.548422 0.431308 1.96604 0.00911707 99 4 1 5.95733e-07 
-0.342461 -0.666973 -0.774658 0.0025 0.54997 0.433018 1.96826 0.0090914 100 4 1 7.90268e-07 
-0.337923 -0.663106 -1.01532 0.0025 0.552002 0.43526 1.97117 0.00905794 101 4 1 9.09846e-07 
-0.333403 -0.658262 -1.23843 0.0025 0.55453 0.43805 1.97478 0.00901664 102 4 1 9.00574e-07 
-0.328906 -0.65263 -1.39463 0.0025 0.557468 0.441297 1.97896 0.00896912 103 4 1 7.98526e-07 
-0.324434 -0.646532 -1.47849 0.0025 0.560678 0.444853 1.98351 0.00891778 104 4 1 7.19187e-07 
-0.319988 -0.640177 -1.53691 0.0025 0.564056 0.448609 1.98828 0.00886436 105 4 1 7.16959e-07 
-0.31557 -0.633631 -1.59666 0.0025 0.567572 0.452529 1.99322 0.00880946 106 4 1 7.72078e-07 
-0.311179 -0.626832 -1.67384 0.0025 0.571234 0.456623 1.99836 0.00875298 107 4 1 8.43759e-07 
-0.306817 -0.619764 -1.75858 0.0025 0.575063 0.460914 2.00371 0.0086947 108 4 1 8.97418e-07 
-0.302484 -0.612406 -1.84288 0.0025 0.579062 0.465407 2.00927 0.00863465 109 4 1 9.04308e-07 
-0.298182 -0.604817 -1.90296 0.0025 0.583205 0.470073 2.01501 0.00857332 110 4 1 8.74068e-07 
-0.293911 -0.597098 -1.94341 0.0025 0.587446 0.474863 2.02086 0.00851143 111 4 1 8.23922e-07 
-0.28967 -0.589333 -1.95791 0.0025 0.591737 0.479725 2.02675 0.0084497 112 4 1 7.75717e-07 
-0.285461 -0.581588 -1.96499 0.0025 0.596042 0.484616 2.03263 0.00838868 113 4 1 7.17103e-07 
-0.281282 -0.573931 -1.94652 0.0025 0.600325 0.489497 2.03846 0.00832883 114 4 1 6.66565e-07 
-0.277132 -0.566401 -1.93043 0.0025 0.604563 0.494341 2.04421 0.00827044 115 4 1 6.38621e-07 
-0.273011 -0.559023 -1.91014 0.0025 0.608752 0.499144 2.04986 0.00821352 116 4 1 6.26098e-07 
-0.268918 -0.551765 -1.90215 0.0025 0.612899 0.503911 2.05543 0.00815795 117 4 1 6.12657e-07 
-0.264853 -0.544586 -1.88795 0.0025 0.617008 0.508646 2.06093 0.00810363 118 4 1 5.77055e-07 
-0.260815 -0.53753 -1.86514 0.0025 0.621068 0.513338 2.06635 0.00805064 119 4 1 5.60803e-07 
-0.256802 -0.530612 -1.85286 0.0025 0.625083 0.517991 2.07168 0.00799894 120 4 1 5.68216e-07 
-0.252816 -0.52376 -1.85168 0.0025 0.629069 0.522621 2.07695 0.00794825 121 4 1 5.45412e-07 
-0.248854 -0.516994 -1.8317 0.0025 0.633023 0.527225 2.08217 0.00789861 122 4 1 5.24289e-07 
-0.244917 -0.510343 -1.82207 0.0025 0.636939 0.531797 2.08731 0.00785004 123 4 1 5.38012e-07 
-0.241004 -0.503742 -1.82604 0.0025 0.640838 0.53636 2.09241 0.00780229 124 4 1 5.36019e-07 
-0.237114 -0.497188 -1.82267 0.0025 0.644725 0.54092 2.09748 0.00775524 125 4 1 5.1667e-07 
-0.233248 -0.490702 -1.81417 0.0025 0.648594 0.545471 2.1025 0.00770898 126 4 1 5.27717e-07 
-0.229405 -0.484266 -1.82537 0.0025 0.652459 0.550027 2.1075 0.00766332 127 4 1 5.48003e-07 
-0.225585 -0.477824 -1.83853 0.0025 0.656338 0.554611 2.11251 0.00761803 128 4 1 5.61638e-07 
-0.221787 -0.471374 -1.86029 0.0025 0.660242 0.559235 2.11752 0.00757298 129 4 1 5.61367e-07 
-0.218012 -0.46491 -1.87012 0.0025 0.66417 0.563898 2.12255 0.00752819 130 4 1 5.62743e-07 
-0.214259 -0.458439 -1.88938 0.0025 0.668123 0.568603 2.1276 0.00748366 131 4 1 5.8657e-07 
-0.210528 -0.451939 -1.91784 0.0025 0.672115 0.573366 2.13267 0.0074392 132 4 1 6.06271e-07 
-0.20682 -0.445382 -1.95008 0.0025 0.676158 0.5782 2.13779 0.00739472 133 4 1 6.16629e-07 
-0.203134 -0.438761 -1.98161 0.0025 0.680252 0.583106 2.14296 0.00735022 134 4 1 5.82041e-07 
-0.19947 -0.43214 -1.97751 0.0025 0.684369 0.588052 2.14814 0.007306 135 4 1 5.72841e-07 
-0.195827 -0.425545 -1.99945 0.0025 0.6885 0.593028 2.15332 0.00726216 136 4 1 6.04711e-07 
-0.192207 -0.418904 -2.02874 0.0025 0.692668 0.598059 2.15852 0.00721847 137 4 1 5.83112e-07 
-0.188609 -0.412259 -2.02986 0.0025 0.696856 0.603127 2.16373 0.00717509 138 4 1 5.61143e-07 
-0.185032 -0.40566 -2.03838 0.0025 0.701047 0.608211 2.16893 0.00713219 139 4 1 5.60865e-07 
-0.181477 -0.399083 -2.0453 0.0025 0.705244 0.613315 2.17411 0.00708974 140 4 1 5.5374e-07 
-0.177942 -0.392516 -2.05269 0.0025 0.709445 0.618436 2.17928 0.00704776 141 4 1 5.41907e-07 
-0.174429 -0.386004 -2.053 0.0025 0.713644 0.623565 2.18443 0.0070063 142 4 1 5.24656e-07 
-0.170936 -0.379514 -2.04998 0.0025 0.717832 0.628694 2.18955 0.00696542 143 4 1 5.20675e-07 
-0.167463 -0.373094 -2.05324 0.0025 0.722012 0.633825 2.19464 0.00692509 144 4 1 5.20947e-07 
-0.164011 -0.366686 -2.0569 0.0025 0.726188 0.638964 2.19971 0.00688527 145 4 1 5.21411e-07 
-0.160578 -0.360316 -2.06575 0.0025 0.730366 0.644117 2.20476 0.00684588 146 4 1 5.12614e-07 
-0.157165 -0.353968 -2.06563 0.0025 0.734543 0.649278 2.2098 0.00680696 147 4 1 4.98294e-07 
-0.153771 -0.347674 -2.06564 0.0025 0.73871 0.654441 2.2148 0.00676855 148 4 1 4.88194e-07 
-0.150396 -0.341419 -2.06183 0.0025 0.742866 0.659602 2.21978 0.00673069 149 4 1 4.81018e-07 
-0.14704 -0.335223 -2.06121 0.0025 0.747012 0.664761 2.22472 0.00669334 150 4 1 4.99284e-07 
-0.143703 -0.329042 -2.08156 0.0025 0.751163 0.669938 2.22966 0.00665635 151 4 1 4.94169e-07 
-0.140384 -0.32285 -2.08117 0.0025 0.755319 0.675132 2.23459 0.00661972 152 4 1 4.46796e-07 
-0.137083 -0.316758 -2.05627 0.0025 0.75945 0.680307 2.23947 0.00658371 153 4 1 4.5495e-07 
-0.1338 -0.310721 -2.07011 0.0025 0.763566 0.685475 2.24431 0.00654823 154 4 1 4.85082e-07 
-0.130535 -0.304689 -2.08475 0.0025 0.767695 0.690671 2.24916 0.006513 155 4 1 4.89596e-07 
-0.127287 -0.298665 -2.10354 0.0025 0.771843 0.695901 2.25401 0.006478 156 4 1 4.70398e-07 
-0.124057 -0.292672 -2.09854 0.0025 0.775996 0.701147 2.25886 0.00644333 157 4 1 4.37856e-07 
-0.120844 -0.286782 -2.08543 0.0025 0.780132 0.706385 2.26366 0.00640917 158 4 1 4.59636e-07 
-0.117648 -0.280996 -2.10648 0.0025 0.784271 0.711639 2.26846 0.00637535 159 4 1 5.11859e-07 
-0.114468 -0.275228 -2.14909 0.0025 0.788457 0.716963 2.27329 0.0063415 160 4 1 5.19887e-07 
-0.111306 -0.269531 -2.1708 0.0025 0.792693 0.722362 2.27817 0.00630761 161 4 1 5.23818e-07 
-0.108161 -0.263946 -2.20483 0.0025 0.796978 0.727835 2.28309 0.0062737 162 4 1 5.3707e-07 
-0.105032 -0.258528 -2.23052 0.0025 0.801319 0.733391 2.28805 0.00623971 163 4 1 5.76977e-07 
-0.101921 -0.253343 -2.29096 0.0025 0.80574 0.739066 2.29309 0.00620547 164 4 1 6.77845e-07 
-0.0988267 -0.248307 -2.40168 0.0025 0.810309 0.74494 2.29829 0.00617049 165 4 1 7.15891e-07 
-0.0957504 -0.243481 -2.47216 0.0025 0.815038 0.751034 2.30364 0.00613468 166 4 1 7.57217e-07 
-0.092692 -0.238912 -2.58745 0.0025 0.819933 0.757356 2.30916 0.00609806 167 4 1 7.86145e-07 
-0.0896522 -0.234628 -2.6579 0.0025 0.82499 0.763903 2.31485 0.00606068 168 4 1 7.74925e-07 
-0.0866313 -0.230684 -2.72892 0.0025 0.830177 0.770635 2.32066 0.00602281 169 4 1 8.22081e-07 
-0.0836294 -0.226928 -2.82524 0.0025 0.835503 0.777564 2.32661 0.00598442 170 4 1 7.93993e-07 
-0.0806468 -0.223282 -2.84904 0.0025 0.840931 0.784644 2.33264 0.00594579 171 4 1 7.72557e-07 
-0.0776835 -0.219739 -2.90359 0.0025 0.846425 0.791832 2.33873 0.0059072 172 4 1 7.87824e-07 
-0.0747395 -0.21624 -2.94149 0.0025 0.85199 0.799127 2.34487 0.00586861 173 4 1 7.48409e-07 
-0.0718148 -0.212956 -2.96566 0.0025 0.857591 0.80649 2.35102 0.00583029 174 4 1 7.52118e-07 
-0.0689092 -0.20985 -3.0407 0.0025 0.863211 0.813888 2.35717 0.00579233 175 4 1 4.38353e-07 
-0.0660224 -0.206502 -2.77729 0.0025 0.868595 0.820984 2.36305 0.00575642 176 4 1 -2.15488e-07 
-0.0631527 -0.202095 -2.19004 0.0025 0.873262 0.827163 2.36813 0.00572566 177 4 1 -4.90017e-07 
-0.0602967 -0.196209 -1.75208 0.0025 0.877104 0.832286 2.37228 0.00570058 178 4 1 5.80635e-09 
-0.0574521 -0.190024 -1.95129 0.0025 0.880663 0.837028 2.37611 0.00567754 179 4 1 4.94661e-07 
-0.0546192 -0.184717 -2.19268 0.0025 0.884333 0.841873 2.38007 0.00565398 180 4 1 -5.254e-07 
-0.0517981 -0.178594 -1.10031 0.0025 0.887183 0.845632 2.38319 0.00563582 181 4 1 -1.94914e-06 
-0.0489833 -0.168973 0.491257 0.0025 0.888049 0.846848 2.38411 0.00563032 182 4 1 -8.2189e-07 
-0.0461678 -0.157831 -0.098808 0.0025 0.888182 0.847111 2.38417 0.00562948 183 4 1 1.71944e-06 
-0.0433539 -0.149803 -1.95057 0.0025 0.889898 0.849347 2.386 0.00561862 184 4 1 8.65183e-07 
-0.0405491 -0.143468 -1.13207 0.0025 0.892211 0.852336 2.38857 0.00560405 185 4 1 -2.16541e-06 
-0.0377498 -0.133283 1.13208 0.0025 0.892403 0.852656 2.38879 0.00560285 186 3 1 -1.22934e-06 
-0.0349463 -0.120891 0.441015 0.0025 0.891514 0.851569 2.38775 0.00560844 187 5 1 1.79125e-06 
-0.0321414 -0.112041 -1.42078 0.0025 0.892294 0.852552 2.38857 0.00560354 188 4 1 8.98651e-07 
-0.0293427 -0.104638 -0.669673 0.0025 0.893821 0.854526 2.39028 0.00559396 189 4 1 -1.31596e-06 
-0.0265474 -0.0941685 0.450202 0.0025 0.894117 0.854971 2.3906 0.00559211 190 3 1 -5.47021e-07 
-0.0237506 -0.0829822 7.97156e-05 0.0025 0.893915 0.854727 2.39034 0.00559338 191 5 1 5.19006e-07 
-0.020954 -0.0738663 -0.287161 0.0025 0.894147 0.855013 2.39059 0.00559192 192 4 1 7.97133e-08 
-0.0181587 -0.0645604 -0.0933371 0.0025 0.894443 0.855412 2.39092 0.00559007 193 4 1 -1.02818e-07 
-0.015364 -0.0545985 -0.128307 0.0025 0.894644 0.855686 2.39115 0.00558882 194 4 1 -1.39539e-07 
-0.0125699 -0.0441392 0.0859117 0.0025 0.894735 0.855814 2.39124 0.00558825 195 4 1 9.38627e-08 
-0.00977571 -0.0346432 -0.28782 0.0025 0.894925 0.856074 2.39144 0.00558706 196 4 1 2.87516e-07 
-0.00698284 -0.0250145 -0.292289 0.0025 0.895322 0.856581 2.3919 0.00558458 197 3 1 -5.42405e-07 
-0.00419113 -0.0148688 0.456499 0.0025 0.895197 0.856422 2.39177 0.00558536 198 4 1 -4.43532e-07 
-0.00139747 -0.004752 0.308185 0.0025 0.894679 0.855762 2.39119 0.0055886 199 4 1 5.55334e-07 
0.00139747 0.004752 -0.308185 0.0025 0.894679 0.855762 2.39119 0.0055886 200 4 1 5.55334e-07 
0.00419113 0.0148688 -0.456499 0.0025 0.895197 0.856422 2.39177 0.00558536 201 4 1 -4.43532e-07 
0.00698284 0.0250145 0.292289 0.0025 0.895322 0.856581 2.3919 0.00558458 202 3 1 -5.42405e-07 
0.00977571 0.0346432 0.28782 0.0025 0.894925 0.856074 2.39144 0.00558706 203 4 1 2.87516e-07 
0.0125699 0.0441392 -0.0859117 0.0025 0.894735 0.855814 2.39124 0.00558825 204 4 1 9.38627e-08 
0.015364 0.0545985 0.128307 0.0025 0.894644 0.855686 2.39115 0.00558882 205 4 1 -1.39539e-07 
0.0181587 0.0645604 0.0933371 0.0025 0.894443 0.855412 2.39092 0.00559007 206 4 1 -1.02818e-07 
0.020954 0.0738663 0.287161 0.0025 0.894147 0.855013 2.39059 0.00559192 207 4 1 7.97133e-08 
0.0237506 0.0829822 -7.97155e-05 0.0025 0.893915 0.854727 2.39034 0.00559338 208 5 1 5.19006e-07 
0.0265474 0.0941685 -0.450202 0.0025 0.894117 0.854971 2.3906 0.00559211 209 3 1 -5.47021e-07 
0.0293427 0.104638 0.669673 0.0025 0.893821 0.854526 2.39028 0.00559396 210 4 1 -1.31596e-06 
0.0321414 0.112041 1.42078 0.0025 0.892294 0.852552 2.38857 0.00560354 211 4 1 8.98651e-07 
0.0349463 0.120891 -0.441015 0.0025 0.891514 0.851569 2.38775 0.00560844 212 5 1 1.79125e-06 
0.0377498 0.133283 -1.13208 0.0025 0.892403 0.852656 2.38879 0.00560285 213 3 1 -1.22934e-06 
0.0405491 0.143468 1.13207 0.0025 0.892211 0.852336 2.38857 0.00560405 214 4 1 -2.16541e-06 
0.0433539 0.149803 1.95057 0.0025 0.889898 0.849347 2.386 0.00561862 215 4 1 8.65183e-07 
0.0461678 0.157831 0.098808 0.0025 0.888182 0.847111 2.38417 0.00562948 216 4 1 1.71944e-06 
0.0489833 0.168973 -0.491257 0.0025 0.888049 0.846848 2.38411 0.00563032 217 4 1 -8.2189e-07 
0.0517981 0.178594 1.10031 0.0025 0.887183 0.845632 2.38319 0.00563582 218 4 1 -1.94914e-06 
0.0546192 0.184717 2.19268 0.0025 0.884333 0.841873 2.38007 0.00565398 219 4 1 -5.254e-07 
0.0574521 0.190024 1.95129 0.0025 0.880663 0.837028 2.37611 0.00567754 220 4 1 4.94661e-07 
0.0602967 0.196209 1.75208 0.0025 0.877104 0.832286 2.37228 0.00570058 221 4 1 5.80635e-09 
0.0631527 0.202095 2.19004 0.0025 0.873262 0.827163 2.36813 0.00572566 222 4 1 -4.90017e-07 
0.0660224 0.206502 2.77729 0.0025 0.868595 0.820984 2.36305 0.00575642 223 4 1 -2.15488e-07 
0.0689092 0.20985 3.0407 0.0025 0.863211 0.813888 2.35717 0.00579233 224 4 1 4.38353e-07 
0.0718148 0.212956 2.96566 0.0025 0.857591 0.80649 2.35102 0.00583029 225 4 1 7.52118e-07 
0.0747395 0.21624 2.94149 0.0025 0.85199 0.799127 2.34487 0.00586861 226 4 1 7.48409e-07 
0.0776835 0.219739 2.90359 0.0025 0.846425 0.791832 2.33873 0.0059072 227 4 1 7.87824e-07 
0.0806468 0.223282 2.84904 0.0025 0.840931 0.784644 2.33264 0.00594579 228 4 1 7.72557e-07 
0.0836294 0.226928 2.82524 0.0025 0.835503 0.777564 2.32661 0.00598442 229 4 1 7.93993e-07 
0.0866313 0.230684 2.72892 0.0025 0.830177 0.770635 2.32066 0.00602281 230 4 1 8.22081e-07 
0.0896522 0.234628 2.6579 0.0025 0.82499 0.763903 2.31485 0.00606068 231 4 1 7.74925e-07 
0.092692 0.238912 2.58745 0.0025 0.819933 0.757356 2.30916 0.00609806 232 4 1 7.86145e-07 
0.0957504 0.243481 2.47216 0.0025 0.815038 0.751034 2.30364 0.00613468 233 4 1 7.57217e-07 
0.0988267 0.248307 2.40168 0.0025 0.810309 0.74494 2.29829 0.00617049 234 4 1 7.15891e-07 
0.101921 0.253343 2.29096 0.0025 0.80574 0.739066 2.29309 0.00620547 235 4 1 6.77845e-07 
0.105032 0.258528 2.23052 0.0025 0.801319 0.733391 2.28805 0.00623971 236 4 1 5.76977e-07 
0.108161 0.263946 2.20483 0.0025 0.796978 0.727835 2.28309 0.0062737 237 4 1 5.3707e-07 
0.111306 0.269531 2.1708 0.0025 0.792693 0.722362 2.27817 0.00630761 238 4 1 5.23818e-07 
0.114468 0.275228 2.14909 0.0025 0.788457 0.716963 2.27329 0.0063415 239 4 1 5.19887e-07 
0.117648 0.280996 2.10648 0.0025 0.784271 0.711639 2.26846 0.00637535 240 4 1 5.11859e-07 
0.120844 0.286782 2.08543 0.0025 0.780132 0.706385 2.26366 0.00640917 241 4 1 4.59636e-07 
0.124057 0.292672 2.09854 0.0025 0.775996 0.701147 2.25886 0.00644333 242 4 1 4.37856e-07 
0.127287 0.298665 2.10354 0.0025 0.771843 0.695901 2.25401 0.006478 243 4 1 4.70398e-07 
0.130535 0.304689 2.08475 0.0025 0.767695 0.690671 2.24916 0.006513 244 4 1 4.89596e-07 
0.1338 0.310721 2.07011 0.0025 0.763566 0.685475 2.24431 0.00654823 245 4 1 4.85082e-07 
0.137083 0.316758 2.05627 0.0025 0.75945 0.680307 2.23947 0.00658371 246 4 1 4.5495e-07 
0.140384 0.32285 2.08117 0.0025 0.755319 0.675132 2.23459 0.00661972 247 4 1 4.46796e-07 
0.143703 0.329042 2.08156 0.0025 0.751163 0.669938 2.22966 0.00665635 248 4 1 4.94169e-07 
0.14704 0.335223 2.06121 0.0025 0.747012 0.664761 2.22472 0.00669334 249 4 1 4.99284e-07 
0.150396 0.341419 2.06183 0.0025 0.742866 0.659602 2.21978 0.00673069 250 4 1 4.81018e-07 
0.153771 0.347674 2.06564 0.0025 0.73871 0.654441 2.2148 0.00676855 251 4 1 4.88194e-07 
0.157165 0.353968 2.06563 0.0025 0.734543 0.649278 2.2098 0.00680696 252 4 1 4.98294e-07 
0.160578 0.360316 2.06575 0.0025 0.730366 0.644117 2.20476 0.00684588 253 4 1 5.12614e-07 
0.164011 0.366686 2.0569 0.0025 0.726188 0.638964 2.19971 0.00688527 254 4 1 5.21411e-07 
0.167463 0.373094 2.05324 0.0025 0.722012 0.633825 2.19464 0.00692509 255 4 1 5.20947e-07 
0.170936 0.379514 2.04998 0.0025 0.717832 0.628694 2.18955 0.00696542 256 4 1 5.20675e-07 
0.174429 0.386004 2.053 0.0025 0.713644 0.623565 2.18443 0.0070063 257 4 1 5.24656e-07 
0.177942 0.392516 2.05269 0.0025 0.709445 0.618436 2.17928 0.00704776 258 4 1 5.41907e-07 
0.181477 0.399083 2.0453 0.0025 0.705244 0.613315 2.17411 0.00708974 259 4 1 5.5374e-07 
0.185032 0.40566 2.03838 0.0025 0.701047 0.608211 2.16893 0.00713219 260 4 1 5.60865e-07 
0.188609 0.412259 2.02986 0.0025 0.696856 0.603127 2.16373 0.00717509 261 4 1 5.61143e-07 
0.192207 0.418904 2.02874 0.0025 0.692668 0.598059 2.15852 0.00721847 262 4 1 5.83112e-07 
0.195827 0.425545 1.99945 0.0025 0.6885 0.593028 2.15332 0.00726216 263 4 1 6.04711e-07 
0.19947 0.43214 1.97751 0.0025 0.684369 0.588052 2.14814 0.007306 264 4 1 5.72841e-07 
0.203134 0.438761 1.98161 0.0025 0.680252 0.583106 2.14296 0.00735022 265 4 1 5.82041e-07 
0.20682 0.445382 1.95008 0.0025 0.676158 0.5782 2.13779 0.00739472 266 4 1 6.16629e-07 
0.210528 0.451939 1.91784 0.0025 0.672115 0.573366 2.13267 0.0074392 267 4 1 6.06271e-07 
0.214259 0.458439 1.88938 0.0025 0.668123 0.568603 2.1276 0.00748366 268 4 1 5.8657e-07 
0.218012 0.46491 1.87012 0.0025 0.66417 0.563898 2.12255 0.00752819 269 4 1 5.62743e-07 
0.221787 0.471374 1.86029 0.0025 0.660242 0.559235 2.11752 0.00757298 270 4 1 5.61367e-07 
0.225585 0.477824 1.83853 0.0025 0.656338 0.554611 2.11251 0.00761803 271 4 1 5.61638e-07 
0.229405 0.484266 1.82537 0.0025 0.652459 0.550027 2.1075 0.00766332 272 4 1 5.48003e-07 
0.233248 0.490702 1.81417 0.0025 0.648594 0.545471 2.1025 0.00770898 273 4 1 5.27717e-07 
0.237114 0.497188 1.82267 0.0025 0.644725 0.54092 2.09748 0.00775524 274 4 1 5.1667e-07 
0.241004 0.503742 1.82604 0.0025 0.640838 0.53636 2.09241 0.00780229 275 4 1 5.36019e-07 
0.244917 0.510343 1.82207 0.0025 0.636939 0.531797 2.08731 0.00785004 276 4 1 5.38012e-07 
0.248854 0.516994 1.8317 0.0025 0.633023 0.527225 2.08217 0.00789861 277 4 1 5.24289e-07 
0.252816 0.52376 1.85168 0.0025 0.629069 0.522621 2.07695 0.00794825 278 4 1 5.45412e-07 
0.256802 0.530612 1.85286 0.0025 0.625083 0.517991 2.07168 0.00799894 279 4 1 5.68216e-07 
0.260815 0.53753 1.86514 0.0025 0.621068 0.513338 2.06635 0.00805064 280 4 1 5.60803e-07 
0.264853 0.544586 1.88795 0.0025 0.617008 0.508646 2.06093 0.00810363 281 4 1 5.77055e-07 
0.268918 0.551765 1.90215 0.0025 0.612899 0.503911 2.05543 0.00815795 282 4 1 6.12657e-07 
0.273011 0.559023 1.91014 0.0025 0.608752 0.499144 2.04986 0.00821352 283 4 1 6.26098e-07 
0.277132 0.566401 1.93043 0.0025 0.604563 0.494341 2.04421 0.00827044 284 4 1 6.38621e-07 
0.281282 0.573931 1.94652 0.0025 0.600325 0.489497 2.03846 0.00832883 285 4 1 6.66565e-07 
0.285461 0.581588 1.96499 0.0025 0.596042 0.484616 2.03263 0.00838868 286 4 1 7.17103e-07 
0.28967 0.589333 1.95791 0.0025 0.591737 0.479725 2.02675 0.0084497 287 4 1 7.75717e-07 
0.293911 0.597098 1.94341 0.0025 0.587446 0.474863 2.02086 0.00851143 288 4 1 8.23922e-07 
0.298182 0.604817 1.90296 0.0025 0.583205 0.470073 2.01501 0.00857332 289 4 1 8.74068e-07 
0.302484 0.612406 1.84288 0.0025 0.579062 0.465407 2.00927 0.00863465 290 4 1 9.04308e-07 
0.306817 0.619764 1.75858 0.0025 0.575063 0.460914 2.00371 0.0086947 291 4 1 8.97418e-07 
0.311179 0.626832 1.67384 0.0025 0.571234 0.456623 1.99836 0.00875298 292 4 1 8.43759e-07 
0.31557 0.633631 1.59666 0.0025 0.567572 0.452529 1.99322 0.00880946 293 4 1 7.72078e-07 
0.319988 0.640177 1.53691 0.0025 0.564056 0.448609 1.98828 0.00886436 294 4 1 7.16959e-07 
0.324434 0.646532 1.47849 0.0025 0.560678 0.444853 1.98351 0.00891778 295 4 1 7.19187e-07 
0.328906 0.65263 1.39463 0.0025 0.557468 0.441297 1.97896 0.00896912 296 4 1 7.98526e-07 
0.333403 0.658262 1.23843 0.0025 0.55453 0.43805 1.97478 0.00901664 297 4 1 9.00574e-07 
0.337923 0.663106 1.01532 0.0025 0.552002 0.43526 1.97117 0.00905794 298 4 1 9.09846e-07 
0.342461 0.666973 0.774658 0.0025 0.54997 0.433018 1.96826 0.0090914 299 4 1 7.90268e-07 
0.347014 0.669889 0.570625 0.0025 0.548422 0.431308 1.96604 0.00911707 300 4 1 5.95733e-07 
0.351578 0.672061 0.428576 0.0025 0.547268 0.430035 1.96439 0.00913629 301 4 1 4.54904e-07 
0.356151 0.673644 0.294816 0.0025 0.546439 0.429123 1.9632 0.00915015 302 4 1 4.1382e-07 
0.360729 0.674624 0.146287 0.0025 0.545924 0.428554 1.96246 0.00915879 303 4 1 3.41601e-07 
0.365309 0.67502 0.0449275 0.0025 0.545678 0.428279 1.96211 0.00916291 304 4 1 1.82173e-07 
0.369892 0.675171 0.0195174 0.0025 0.545583 0.42817 1.96197 0.00916451 305 4 1 7.08293e-08 
0.374474 0.675224 0.0010233 0.0025 0.545548 0.42813 1.96192 0.0091651 306 4 1 4.04814e-08 
0.379057 0.675202 -0.00772549 0.0025 0.545546 0.428128 1.96192 0.00916513 307 5 1 2.35938e-08 
0.383639 0.67516 -0.0145866 0.0025 0.545564 0.428148 1.96195 0.00916482 308 4 1 1.72977e-08 
0.388221 0.675096 -0.0204066 0.0025 0.545597 0.428184 1.962 0.00916428 309 4 1 1.37556e-08 
0.392803 0.675008 -0.0237149 0.0025 0.545641 0.428233 1.96206 0.00916354 310 4 1 9.91846e-09 
0.397385 0.674903 -0.0259972 0.0025 0.545693 0.42829 1.96214 0.00916266 311 4 1 7.03519e-09 
0.401966 0.674786 -0.0273353 0.0025 0.545751 0.428353 1.96222 0.0091617 312 4 1 4.27023e-09 
0.406547 0.674665 -0.0277545 0.0025 0.545812 0.428421 1.96231 0.00916067 313 4 1 1.83164e-09 
0.411127 0.674542 -0.0274971 0.0025 0.545874 0.428489 1.9624 0.00915962 314 4 1 -1.69685e-10 
0.415706 0.674423 -0.0266925 0.0025 0.545936 0.428558 1.96249 0.00915858 315 4 1 -1.91865e-09 
0.420285 0.674309 -0.0254199 0.0025 0.545996 0.428624 1.96258 0.00915757 316 4 1 -3.35625e-09 
0.424864 0.674201 -0.0237718 0.0025 0.546053 0.428688 1.96266 0.00915661 317 4 1 -4.40886e-09 
0.429442 0.674101 -0.0218891 0.0025 0.546107 0.428747 1.96274 0.00915572 318 4 1 -4.97957e-09 
0.43402 0.674008 -0.0199116 0.0025 0.546156 0.428801 1.96281 0.00915489 319 4 1 -5.14037e-09 
0.438597 0.673923 -0.0179531 0.0025 0.546201 0.428851 1.96288 0.00915414 320 4 1 -4.99246e-09 
0.443174 0.673846 -0.0161392 0.0025 0.546241 0.428896 1.96294 0.00915347 321 4 1 -4.53795e-09 
0.44775 0.673776 -0.0145647 0.0025 0.546278 0.428936 1.963 0.00915285 322 4 1 -3.98568e-09 
0.452327 0.673714 -0.013211 0.0025 0.546311 0.428973 1.96305 0.0091523 323 4 1 -3.69241e-09 
0.456903 0.673658 -0.0119691 0.0025 0.546341 0.429006 1.96309 0.0091518 324 4 1 -3.64274e-09 
0.461478 0.673609 -0.0107499 0.0025 0.546368 0.429036 1.96313 0.00915135 325 4 1 -3.53704e-09 
0.466054 0.673564 -0.0095599 0.0025 0.546392 0.429063 1.96317 0.00915095 326 4 1 -3.0561e-09 
0.470629 0.673524 -0.00847972 0.0025 0.546413 0.429087 1.9632 0.00915059 327 4 1 -2.58466e-09 
0.475205 0.673487 -0.00758523 0.0025 0.546432 0.429108 1.96323 0.00915028 328 4 1 -2.35361e-09 
0.47978 0.673455 -0.00688349 0.0025 0.546449 0.429128 1.96326 0.00914999 329 4 1 -1.80075e-09 
0.484355 0.673426 -0.00631091 0.0025 0.546464 0.429145 1.96328 0.00914973 330 4 1 -1.44093e-09 
0.488929 0.6734 -0.00578411 0.0025 0.546478 0.429161 1.9633 0.0091495 331 4 1 -1.67409e-09 
0.493504 0.673376 -0.00525601 0.0025 0.54649 0.429176 1.96333 0.00914929 332 4 1 -1.55898e-09 
0.498079 0.673355 -0.00473507 0.0025 0.546502 0.429189 1.96334 0.0091491 333 4 1 -1.18809e-09 
0.502653 0.673335 -0.00426157 0.0025 0.546512 0.4292 1.96336 0.00914893 334 4 1 -1.07298e-09 
0.507228 0.673317 -0.00386855 0.0025 0.546521 0.429211 1.96338 0.00914878 335 4 1 -1.25437e-09 
0.511802 0.673301 -0.00355845 0.0025 0.546529 0.429221 1.96339 0.00914864 336 4 1 -6.60822e-10 
0.516376 0.673286 -0.00330634 0.0025 0.546537 0.42923 1.96341 0.00914851 337 4 1 -2.24441e-10 
0.52095 0.673272 -0.0030795 0.0025 0.546544 0.429238 1.96342 0.0091484 338 4 1 -8.42912e-10 
0.525525 0.67326 -0.00285574 0.0025 0.54655 0.429246 1.96343 0.00914829 339 4 1 -1.01951e-09 
0.530099 0.673249 -0.00263013 0.0025 0.546556 0.429253 1.96345 0.0091482 340 4 1 -2.86434e-10 
0.534673 0.673239 -0.0024111 0.0025 0.546561 0.42926 1.96346 0.00914811 341 4 1 4.68838e-11 
0.539247 0.673229 -0.00221231 0.0025 0.546566 0.429266 1.96347 0.00914803 342 4 1 -1.09613e-09 
0.543821 0.67322 -0.00204495 0.0025 0.54657 0.429271 1.96348 0.00914796 343 4 1 -6.20176e-10 
0.548395 0.673212 -0.001912 0.0025 0.546574 0.429276 1.96349 0.00914789 344 4 1 4.75593e-10 
0.552969 0.673205 -0.00180591 0.0025 0.546577 0.429281 1.9635 0.00914783 345 4 1 -9.82431e-11 
0.557543 0.673198 -0.00171147 0.0025 0.546581 0.429286 1.96351 0.00914778 346 4 1 -9.48575e-10 
0.562117 0.673192 -0.00161329 0.0025 0.546584 0.42929 1.96352 0.00914773 347 4 1 -2.24711e-10 
0.56669 0.673187 -0.00150365 0.0025 0.546587 0.429294 1.96352 0.00914768 348 4 1 4.78242e-10 
0.571264 0.673181 -0.00138571 0.0025 0.546589 0.429298 1.96353 0.00914764 349 4 1 -4.57954e-10 
0.575838 0.673177 -0.00126994 0.0025 0.546591 0.429301 1.96354 0.00914761 350 4 1 -7.46784e-10 
0.580412 0.673172 -0.0011666 0.0025 0.546593 0.429304 1.96355 0.00914758 351 4 1 1.76479e-10 
0.584986 0.673168 -0.00107952 0.0025 0.546594 0.429307 1.96356 0.00914755 352 4 1 5.23508e-10 
0.589559 0.673164 -0.0010051 0.0025 0.546596 0.42931 1.96356 0.00914753 353 4 1 -7.71664e-10 
0.594133 0.67316 -0.000936333 0.0025 0.546597 0.429313 1.96357 0.00914751 354 4 1 -4.17752e-10 
0.598707 0.673156 -0.00086839 0.0025 0.546598 0.429315 1.96358 0.00914749 355 4 1 9.21068e-10 
0.603281 0.673153 -0.000801609 0.0025 0.546598 0.429317 1.96359 0.00914748 356 4 1 -4.27401e-11 
0.607854 0.67315 -0.000740442 0.0025 0.546599 0.429319 1.96359 0.00914748 357 4 1 -6.42238e-10 
0.612428 0.673147 -0.00068986 0.0025 0.546599 0.429321 1.9636 0.00914747 358 4 1 4.50934e-10 
0.617002 0.673144 -0.000652203 0.0025 0.546599 0.429323 1.96361 0.00914747 359 3 1 7.44968e-10 
0.621576 0.673141 -0.000626364 0.0025 0.546599 0.429324 1.96362 0.00914747 360 4 1 -6.84239e-10 
0.626149 0.673139 -0.000609098 0.0025 0.546599 0.429326 1.96362 0.00914747 361 4 1 1.45687e-10 
0.630723 0.673137 -0.000596897 0.0025 0.546599 0.429327 1.96363 0.00914748 362 4 1 1.47572e-09 
0.635297 0.673135 -0.000587108 0.0025 0.546598 0.429329 1.96364 0.00914749 363 4 1 -8.3408e-10 
0.639871 0.673134 -0.000578054 0.0025 0.546598 0.429331 1.96365 0.0091475 364 4 1 -1.6822e-10 
0.644444 0.673132 -0.000568686 0.0025 0.546597 0.429332 1.96366 0.00914751 365 4 1 2.15689e-09 
0.649018 0.673131 -0.000558303 0.0025 0.546596 0.429333 1.96367 0.00914752 366 4 1 -7.86871e-10 
0.653592 0.67313 -0.000546416 0.0025 0.546595 0.429335 1.96368 0.00914754 367 4 1 -8.13649e-10 
0.658166 0.67313 -0.000532558 0.0025 0.546594 0.429336 1.96369 0.00914755 368 4 1 2.01155e-09 
0.662739 0.673129 -0.000515918 0.0025 0.546593 0.429338 1.9637 0.00914758 369 4 1 5.45327e-10 
0.667313 0.673128 -0.000494948 0.0025 0.546591 0.429339 1.96371 0.00914761 370 4 1 -7.42277e-10 
0.671887 0.673128 -0.000467166 0.0025 0.546589 0.42934 1.96372 0.00914763 371 4 1 8.62558e-10 
0.676461 0.673127 -0.000429289 0.0025 0.546587 0.429341 1.96374 0.00914767 372 4 1 1.17853e-09 
0.681035 0.673127 -0.000377659 0.0025 0.546585 0.429342 1.96375 0.00914771 373 4 1 -4.57586e-10 
0.685608 0.673126 -0.000308886 0.0025 0.546582 0.429343 1.96376 0.00914775 374 4 1 5.81619e-10 
0.690182 0.673125 -0.000220637 0.0025 0.546579 0.429344 1.96378 0.00914781 375 4 1 1.26415e-09 
0.694756 0.673124 -0.000112549 0.0025 0.546575 0.429344 1.96379 0.00914787 376 4 1 -4.36159e-10 
0.69933 0.673122 1.28652e-05 0.0025 0.546571 0.429344 1.96381 0.00914794 377 4 1 7.5932e-10 
0.703904 0.67312 0.000149581 0.0025 0.546566 0.429344 1.96382 0.00914802 378 4 1 8.84977e-10 
0.708478 0.673117 0.000288088 0.0025 0.546561 0.429343 1.96384 0.00914811 379 4 1 8.85322e-10 
0.713052 0.673114 0.000416347 0.0025 0.546554 0.429342 1.96386 0.00914822 380 4 1 2.47044e-09 
0.717626 0.673111 0.000521684 0.0025 0.546547 0.429341 1.96388 0.00914834 381 4 1 -1.34077e-09 
0.722201 0.673107 0.000593269 0.0025 0.54654 0.429339 1.9639 0.00914846 382 4 1 1.4341e-09 
0.726775 0.673103 0.000624504 0.0025 0.546532 0.429338 1.96392 0.00914859 383 4 1 4.95666e-09 
0.731349 0.673099 0.000614579 0.0025 0.546523 0.429336 1.96394 0.00914874 384 4 1 -1.43802e-09 
0.735924 0.673095 0.000568651 0.0025 0.546514 0.429335 1.96397 0.00914889 385 4 1 2.32946e-09 
0.740498 0.673092 0.000496541 0.0025 0.546505 0.429334 1.964 0.00914905 386 4 1 3.81803e-09 
0.745073 0.673089 0.000410383 0.0025 0.546495 0.429333 1.96403 0.00914922 387 4 1 3.10469e-09 
0.749647 0.673087 0.000321971 0.0025 0.546483 0.429332 1.96407 0.00914941 388 4 1 4.96578e-09 
0.754222 0.673085 0.000240622 0.0025 0.546471 0.429331 1.96411 0.00914961 389 4 1 -2.0349e-09 
0.758797 0.673083 0.000172078 0.0025 0.546459 0.429331 1.96415 0.00914981 390 4 1 5.64123e-09 
0.763372 0.673082 0.000118527 0.0025 0.546446 0.429331 1.96419 0.00915003 391 4 1 4.8899e-09 
0.767947 0.673081 7.9425e-05 0.0025 0.546431 0.429331 1.96425 0.00915028 392 4 1 8.32613e-09 
0.772522 0.67308 5.26412e-05 0.0025 0.546418 0.429333 1.96431 0.00915051 393 4 1 -3.44843e-09 
0.777098 0.673079 3.54636e-05 0.0025 0.546394 0.429334 1.96437 0.0091509 394 4 1 1.43771e-07 
0.781673 0.673079 2.52612e-05 0.0025 0.546383 0.429363 1.9646 0.00915109 395 4 1 -1.38662e-07 
0.786249 0.673078 1.97717e-05 0.0025 0.545984 0.429208 1.96466 0.00915777 396 5 1 3.4856e-06 
0.790831 0.673077 1.71481e-05 0.0025 0.548249 0.430872 1.96852 0.00911995 397 3 1 -1.90585e-05 
0.795369 0.673077 1.59615e-05 0.0025 0.536918 0.426201 1.95006 0.0093124 398 4 1 0.000179254 
0.80015 0.673076 1.51586e-05 0.0025 0.51106 0.432738 2.15252 0.00978358 399 4 1 -0.000134225 
0.805159 0.673076 1.42767e-05 0.0025 0.482814 0.424512 2.1555 0.010356 400 4 1 0.000266087 
0.81052 0.673075 1.35915e-05 0.0025 0.454329 0.432955 2.44419 0.0110053 401 4 1 -0.000240408 
0.816175 0.673075 1.65751e-05 0.0025 0.44703 0.42729 2.38027 0.0111849 402 5 1 5.38097e-05 
0.821706 0.673074 3.45616e-05 0.0025 0.452461 0.429661 2.37466 0.0110507 403 4 1 -3.01282e-06 
0.827226 0.673074 8.77288e-05 0.0025 0.453643 0.429331 2.36526 0.0110219 404 4 1 3.91272e-06 
0.832728 0.673074 0.000143077 0.0025 0.454723 0.429389 2.36047 0.0109957 405 4 1 1.27222e-06 
0.838221 0.673074 -0.000378983 0.0025 0.455347 0.429363 2.35718 0.0109806 406 4 1 8.47256e-07 
0.843708 0.673067 -0.00408139 0.0025 0.455794 0.429356 2.35488 0.0109699 407 4 1 5.61023e-07 
0.849191 0.673033 -0.0184104 0.0025 0.456127 0.429365 2.35325 0.0109619 408 4 1 3.86533e-07 
0.85467 0.672919 -0.0501154 0.0025 0.4564 0.429402 2.35207 0.0109553 409 4 1 2.40989e-07 
0.860146 0.672738 -0.039357 0.0025 0.456606 0.429409 2.35117 0.0109504 410 3 1 -4.00673e-07 
0.865621 0.673291 0.576499 0.0025 0.456414 0.428961 2.34975 0.010955 411 4 1 -8.87754e-07 
0.871101 0.678061 1.88499 0.0025 0.455749 0.428191 2.3475 0.0109709 412 5 1 8.82204e-06 
0.876592 0.673223 -7.03878 0.0025 0.459455 0.433782 2.35448 0.0108825 413 4 1 7.06028e-05 
0.881986 0.612301 -31.3999 0.0025 0.480431 0.4635 2.39975 0.0104073 414 4 1 0.000207401 
0.887021 0.462276 -54.0752 0.0025 0.530334 0.535078 2.50883 0.00942801 415 4 1 0.00023778 
0.891468 0.282677 -47.6583 0.0025 0.601095 0.63952 2.6541 0.00831816 416 4 1 0.000121935 
0.895383 0.155701 -28.0488 0.0025 0.668082 0.742129 2.77869 0.00748411 417 4 1 3.18461e-05 
0.898969 0.0831935 -16.2018 0.0025 0.71644 0.818999 2.86081 0.00697895 418 4 1 -6.45024e-07 
0.902367 0.0417025 -8.85581 0.0025 0.747232 0.869042 2.91008 0.00669136 419 4 1 -9.83018e-06 
0.905662 0.0200906 -4.46353 0.0025 0.764931 0.898225 2.93738 0.00653653 420 4 1 -8.83438e-06 
0.908904 0.00929048 -2.20317 0.0025 0.774195 0.913647 2.95128 0.00645832 421 4 1 -5.35335e-06 
0.91212 0.00409346 -1.03979 0.0025 0.778806 0.921337 2.95804 0.00642009 422 4 1 -2.87653e-06 
0.915324 0.0016647 -0.487787 0.0025 0.781017 0.925005 2.96114 0.00640191 423 4 1 -1.40218e-06 
0.918522 0.000538487 -0.22718 0.0025 0.782071 0.926722 2.96251 0.00639328 424 4 1 -6.64839e-07 
0.921717 2.1718e-05 -0.105553 0.0025 0.782581 0.927518 2.96306 0.00638911 425 4 1 -3.11603e-07 
0.924911 -0.000211973 -0.0484202 0.0025 0.78284 0.927886 2.96323 0.006387 426 4 1 -1.4597e-07 
0.928104 -0.000312671 -0.0212127 0.0025 0.782982 0.928054 2.96322 0.00638584 427 4 1 -7.3986e-08 
0.931297 -0.000349806 -0.00780265 0.0025 0.78307 0.928129 2.96312 0.00638513 428 4 1 -4.37575e-08 
0.93449 -0.000355062 -0.000116701 0.0025 0.783132 0.928155 2.96296 0.00638462 429 4 1 -3.33495e-08 
0.937682 -0.000335984 0.00515588 0.0025 0.783183 0.928154 2.96277 0.0063842 430 4 1 -2.06406e-08 
0.940874 -0.000319628 0.00268179 0.0025 0.783234 0.928146 2.96255 0.00638379 431 4 1 -1.80968e-08 
0.944066 -0.000294954 0.00712192 0.0025 0.783288 0.928134 2.96231 0.00638335 432 4 1 -2.10463e-08 
0.947257 -0.000277106 0.0028941 0.0025 0.783348 0.928122 2.96204 0.00638286 433 4 1 -2.75014e-08 
0.950448 -0.000254872 0.00692297 0.0025 0.783417 0.928109 2.96174 0.00638229 434 4 1 -3.28782e-08 
0.953639 -0.000237166 0.0033595 0.0025 0.783497 0.928097 2.9614 0.00638165 435 4 1 -3.33275e-08 
0.95683 -0.000214496 0.00567333 0.0025 0.783588 0.928085 2.96102 0.00638091 436 4 1 -3.24748e-08 
0.96002 -0.000198412 0.00206218 0.0025 0.783691 0.928075 2.9606 0.00638007 437 4 1 -3.4309e-08 
0.96321 -0.000174761 0.00610801 0.0025 0.783804 0.928065 2.96014 0.00637914 438 4 1 -3.3776e-08 
0.966399 -0.000161318 0.000216166 0.0025 0.783931 0.928057 2.95964 0.00637811 439 4 1 -3.65177e-08 
0.969588 -0.000140877 0.00658745 0.0025 0.784069 0.928049 2.95909 0.00637699 440 4 1 -3.42475e-08 
0.972776 -0.00012686 -0.000834036 0.0025 0.78422 0.928044 2.9585 0.00637576 441 4 1 -2.46389e-08 
0.975964 -0.000109786 0.00588415 0.0025 0.784382 0.928044 2.95788 0.00637444 442 4 1 1.09886e-08 
0.979151 -9.39699e-05 -0.000404976 0.0025 0.784546 0.928054 2.95727 0.00637311 443 4 1 1.39122e-07 
0.982337 -7.89359e-05 0.00472099 0.0025 0.784678 0.928096 2.95683 0.00637204 444 3 1 5.15103e-07 
0.985523 -6.33208e-05 -0.000235507 0.0025 0.784649 0.928191 2.957 0.00637228 445 4 1 1.70275e-06 
0.988709 -4.92135e-05 0.00246763 0.0025 0.784074 0.928383 2.95922 0.00637695 446 4 1 4.52685e-06 
0.9919 -3.42681e-05 -0.000756679 0.0025 0.781462 0.928312 2.96687 0.00639826 447 4 1 1.49441e-05 
0.995108 -2.09262e-05 0.000871063 0.0025 0.774096 0.927484 2.99232 0.00645915 448 4 1 1.7728e-05 
0.998359 -6.7654e-06 -0.000798794 0.0025 0.765371 0.927605 3.03756 0.00653278 449 4 1 -3.46215e-05 
1.00164 6.7654e-06 0.000798794 0.0025 0.765371 0.927605 3.03756 0.00653278 450 4 1 -3.46215e-05 
1.00489 2.09262e-05 -0.000871063 0.0025 0.774096 0.927484 2.99232 0.00645915 451 4 1 1.7728e-05 
1.0081 3.42681e-05 0.000756679 0.0025 0.781462 0.928312 2.96687 0.00639826 452 4 1 1.49441e-05 
1.01129 4.92135e-05 -0.00246763 0.0025 0.784074 0.928383 2.95922 0.00637695 453 4 1 4.52685e-06 
1.01448 6.33208e-05 0.000235507 0.0025 0.784649 0.928191 2.957 0.00637228 454 4 1 1.70275e-06 
1.01766 7.89359e-05 -0.00472099 0.0025 0.784678 0.928096 2.95683 0.00637204 455 3 1 5.15103e-07 
1.02085 9.39699e-05 0.000404977 0.0025 0.784546 0.928054 2.95727 0.00637311 456 4 1 1.39122e-07 
1.02404 0.000109786 -0.00588415 0.0025 0.784382 0.928044 2.95788 0.00637444 457 4 1 1.09886e-08 
1.02722 0.00012686 0.000834036 0.0025 0.78422 0.928044 2.9585 0.00637576 458 4 1 -2.46389e-08 
1.03041 0.000140877 -0.00658745 0.0025 0.784069 0.928049 2.95909 0.00637699 459 4 1 -3.42475e-08 
1.0336 0.000161318 -0.000216166 0.0025 0.783931 0.928057 2.95964 0.00637811 460 4 1 -3.65177e-08 
1.03679 0.000174761 -0.00610801 0.0025 0.783804 0.928065 2.96014 0.00637914 461 4 1 -3.3776e-08 
1.03998 0.000198412 -0.00206218 0.0025 0.783691 0.928075 2.9606 0.00638007 462 4 1 -3.4309e-08 
1.04317 0.000214496 -0.00567334 0.0025 0.783588 0.928085 2.96102 0.00638091 463 4 1 -3.24748e-08 
1.04636 0.000237166 -0.0033595 0.0025 0.783497 0.928097 2.9614 0.00638165 464 4 1 -3.33275e-08 
1.04955 0.000254872 -0.00692297 0.0025 0.783417 0.928109 2.96174 0.00638229 465 4 1 -3.28782e-08 
1.05274 0.000277106 -0.0028941 0.0025 0.783348 0.928122 2.96204 0.00638286 466 4 1 -2.75014e-08 
1.05593 0.000294954 -0.00712192 0.0025 0.783288 0.928134 2.96231 0.00638335 467 4 1 -2.10463e-08 
1.05913 0.000319628 -0.00268179 0.0025 0.783234 0.928146 2.96255 0.00638379 468 4 1 -1.80968e-08 
1.06232 0.000335984 -0.00515588 0.0025 0.783183 0.928154 2.96277 0.0063842 469 4 1 -2.06406e-08 
1.06551 0.000355062 0.000116701 0.0025 0.783132 0.928155 2.96296 0.00638462 470 4 1 -3.33495e-08 
1.0687 0.000349806 0.00780265 0.0025 0.78307 0.928129 2.96312 0.00638513 471 4 1 -4.37575e-08 
1.0719 0.000312671 0.0212127 0.0025 0.782982 0.928054 2.96322 0.00638584 472 4 1 -7.3986e-08 
1.07509 0.000211973 0.0484202 0.0025 0.78284 0.927886 2.96323 0.006387 473 4 1 -1.4597e-07 
1.07828 -2.1718e-05 0.105553 0.0025 0.782581 0.927518 2.96306 0.00638911 474 4 1 -3.11603e-07 
1.08148 -0.000538487 0.22718 0.0025 0.782071 0.926722 2.96251 0.00639328 475 4 1 -6.64839e-07 
1.08468 -0.0016647 0.487787 0.0025 0.781017 0.925005 2.96114 0.00640191 476 4 1 -1.40218e-06 
1.08788 -0.00409346 1.03979 0.0025 0.778806 0.921337 2.95804 0.00642009 477 4 1 -2.87653e-06 
1.0911 -0.00929048 2.20317 0.0025 0.774195 0.913647 2.95128 0.00645832 478 4 1 -5.35335e-06 
1.09434 -0.0200906 4.46353 0.0025 0.764931 0.898225 2.93738 0.00653653 479 4 1 -8.83438e-06 
1.09763 -0.0417025 8.85581 0.0025 0.747232 0.869042 2.91008 0.00669136 480 4 1 -9.83018e-06 
1.10103 -0.0831935 16.2018 0.0025 0.71644 0.818999 2.86081 0.00697895 481 4 1 -6.45024e-07 
1.10462 -0.155701 28.0488 0.0025 0.668082 0.742129 2.77869 0.00748411 482 4 1 3.18461e-05 
1.10853 -0.282677 47.6583 0.0025 0.601095 0.63952 2.6541 0.00831816 483 4 1 0.000121935 
1.11298 -0.462276 54.0752 0.0025 0.530334 0.535078 2.50883 0.00942801 484 4 1 0.00023778 
1.11801 -0.612301 31.3999 0.0025 0.480431 0.4635 2.39975 0.0104073 485 4 1 0.000207401 
1.12341 -0.673223 7.03878 0.0025 0.459455 0.433782 2.35448 0.0108825 486 4 1 7.06028e-05 
1.1289 -0.678061 -1.88499 0.0025 0.455749 0.428191 2.3475 0.0109709 487 5 1 8.82204e-06 
1.13438 -0.673291 -0.576499 0.0025 0.456414 0.428961 2.34975 0.010955 488 4 1 -8.87754e-07 
1.13985 -0.672738 0.039357 0.0025 0.456606 0.429409 2.35117 0.0109504 489 3 1 -4.00673e-07 
1.14533 -0.672919 0.0501154 0.0025 0.4564 0.429402 2.35207 0.0109553 490 4 1 2.40989e-07 
1.15081 -0.673033 0.0184104 0.0025 0.456127 0.429365 2.35325 0.0109619 491 4 1 3.86533e-07 
1.15629 -0.673067 0.00408139 0.0025 0.455794 0.429356 2.35488 0.0109699 492 4 1 5.61023e-07 
1.16178 -0.673074 0.000378983 0.0025 0.455347 0.429363 2.35718 0.0109806 493 4 1 8.47256e-07 
1.16727 -0.673074 -0.000143077 0.0025 0.454723 0.429389 2.36047 0.0109957 494 4 1 1.27222e-06 
1.17277 -0.673074 -8.77288e-05 0.0025 0.453643 0.429331 2.36526 0.0110219 495 4 1 3.91272e-06 
1.17829 -0.673074 -3.45615e-05 0.0025 0.452461 0.429661 2.37466 0.0110507 496 4 1 -3.01282e-06 
1.18383 -0.673075 -1.65751e-05 0.0025 0.44703 0.42729 2.38027 0.0111849 497 5 1 5.38097e-05 
1.18948 -0.673075 -1.35915e-05 0.0025 0.454329 0.432955 2.44419 0.0110053 498 4 1 -0.000240408 
1.19484 -0.673076 -1.42767e-05 0.0025 0.482814 0.424512 2.1555 0.010356 499 4 1 0.000266087 
