# Time [s]: 0.451412
# Columns: pos [m], vel [m/s], acc [m/s^2], mass [kg], dens [kg/m^3], pres [Pa], ene [J/kg], sml [m], id, neighbor, alpha, gradh, ...additional?
1.19838 -0.673076 -1.88408e-05 0.0025 0.51106 0.432738 2.15252 0.00978358 0 4 1 -0.000134225 
1.20317 -0.673077 -2.01368e-05 0.0025 0.536918 0.426201 1.95006 0.0093124 1 4 1 0.000179254 
1.2077 -0.673077 -2.22658e-05 0.0025 0.548249 0.430872 1.96852 0.00911994 2 3 1 -1.90585e-05 
1.21229 -0.673078 -2.65323e-05 0.0025 0.545984 0.429208 1.96466 0.00915777 3 5 1 3.4856e-06 
1.21686 -0.673079 -3.45824e-05 0.0025 0.546383 0.429363 1.9646 0.00915109 4 4 1 -1.38655e-07 
1.22144 -0.673079 -4.84893e-05 0.0025 0.546394 0.429334 1.96437 0.0091509 5 4 1 1.43781e-07 
1.22601 -0.67308 -7.07066e-05 0.0025 0.546418 0.429333 1.96431 0.00915051 6 4 1 -3.4346e-09 
1.23059 -0.673081 -0.000103914 0.0025 0.546432 0.429331 1.96425 0.00915027 7 4 1 8.34349e-09 
1.23516 -0.673082 -0.000150544 0.0025 0.546446 0.429331 1.96419 0.00915003 8 4 1 4.90984e-09 
1.23974 -0.673084 -0.000211943 0.0025 0.54646 0.429331 1.96415 0.00914981 9 4 1 5.66154e-09 
1.24431 -0.673086 -0.000287288 0.0025 0.546472 0.429332 1.96411 0.0091496 10 4 1 -2.01783e-09 
1.24889 -0.673088 -0.000372603 0.0025 0.546484 0.429333 1.96407 0.0091494 11 4 1 4.97507e-09 
1.25346 -0.67309 -0.000460338 0.0025 0.546495 0.429334 1.96403 0.00914921 12 4 1 3.10174e-09 
1.25804 -0.673093 -0.000539914 0.0025 0.546506 0.429335 1.964 0.00914904 13 4 1 3.79988e-09 
1.26261 -0.673097 -0.00059935 0.0025 0.546515 0.429336 1.96397 0.00914888 14 4 1 2.29589e-09 
1.26718 -0.6731 -0.000627667 0.0025 0.546524 0.429337 1.96395 0.00914873 15 4 1 -1.48394e-09 
1.27176 -0.673104 -0.000617391 0.0025 0.546533 0.429339 1.96392 0.00914858 16 4 1 4.90438e-09 
1.27633 -0.673108 -0.000566382 0.0025 0.546541 0.42934 1.9639 0.00914844 17 4 1 1.38302e-09 
1.28091 -0.673112 -0.000478378 0.0025 0.546548 0.429342 1.96388 0.00914832 18 4 1 -1.38331e-09 
1.28548 -0.673115 -0.000362126 0.0025 0.546555 0.429343 1.96386 0.00914821 19 4 1 2.44186e-09 
1.29006 -0.673118 -0.000229395 0.0025 0.546561 0.429344 1.96384 0.0091481 20 4 1 8.73139e-10 
1.29463 -0.67312 -9.25429e-05 0.0025 0.546567 0.429344 1.96382 0.00914801 21 4 1 8.88535e-10 
1.2992 -0.673122 3.76673e-05 0.0025 0.546572 0.429344 1.96381 0.00914793 22 4 1 7.75541e-10 
1.30378 -0.673123 0.000153486 0.0025 0.546576 0.429344 1.96379 0.00914786 23 4 1 -4.11631e-10 
1.30835 -0.673124 0.00025066 0.0025 0.546579 0.429344 1.96378 0.0091478 24 4 1 1.29251e-09 
1.31293 -0.673125 0.000328122 0.0025 0.546582 0.429343 1.96376 0.00914775 25 4 1 6.10028e-10 
1.3175 -0.673126 0.000387221 0.0025 0.546585 0.429342 1.96375 0.00914771 26 4 1 -4.31769e-10 
1.32207 -0.673126 0.000430818 0.0025 0.546588 0.429341 1.96374 0.00914767 27 4 1 1.20028e-09 
1.32665 -0.673127 0.00046243 0.0025 0.54659 0.42934 1.96372 0.00914763 28 4 1 8.79817e-10 
1.33122 -0.673127 0.000485526 0.0025 0.546591 0.429339 1.96371 0.0091476 29 4 1 -7.29091e-10 
1.33579 -0.673128 0.000502984 0.0025 0.546593 0.429338 1.9637 0.00914757 30 4 1 5.55408e-10 
1.34037 -0.673128 0.000516816 0.0025 0.546594 0.429337 1.96369 0.00914755 31 4 1 2.01966e-09 
1.34494 -0.673129 0.000528191 0.0025 0.546595 0.429335 1.96368 0.00914753 32 4 1 -8.06561e-10 
1.34952 -0.67313 0.000537736 0.0025 0.546596 0.429334 1.96367 0.00914752 33 4 1 -7.80321e-10 
1.35409 -0.673131 0.000545917 0.0025 0.546597 0.429332 1.96366 0.0091475 34 4 1 2.16298e-09 
1.35866 -0.673133 0.00055331 0.0025 0.546598 0.429331 1.96365 0.00914749 35 4 1 -1.62788e-10 
1.36324 -0.673134 0.00056076 0.0025 0.546599 0.429329 1.96364 0.00914748 36 4 1 -8.29728e-10 
1.36781 -0.673136 0.000569597 0.0025 0.546599 0.429328 1.96363 0.00914747 37 4 1 1.47821e-09 
1.37238 -0.673138 0.000581949 0.0025 0.5466 0.429326 1.96362 0.00914746 38 4 1 1.4527e-10 
1.37696 -0.67314 0.000600871 0.0025 0.5466 0.429325 1.96362 0.00914746 39 4 1 -6.88278e-10 
1.38153 -0.673143 0.000629721 0.0025 0.5466 0.429323 1.96361 0.00914746 40 3 1 7.3804e-10 
1.38611 -0.673145 0.000670651 0.0025 0.5466 0.429322 1.9636 0.00914746 41 4 1 4.43927e-10 
1.39068 -0.673148 0.000723 0.0025 0.5466 0.42932 1.96359 0.00914746 42 4 1 -6.45322e-10 
1.39525 -0.673151 0.00078305 0.0025 0.546599 0.429318 1.96359 0.00914747 43 4 1 -3.91412e-11 
1.39983 -0.673154 0.000846037 0.0025 0.546599 0.429316 1.96358 0.00914748 44 4 1 9.30445e-10 
1.4044 -0.673158 0.000909559 0.0025 0.546598 0.429314 1.96357 0.0091475 45 4 1 -4.07306e-10 
1.40897 -0.673161 0.000975903 0.0025 0.546597 0.429311 1.96356 0.00914751 46 4 1 -7.65644e-10 
1.41355 -0.673165 0.00105103 0.0025 0.546595 0.429308 1.96356 0.00914753 47 4 1 5.23291e-10 
1.41812 -0.673169 0.00114024 0.0025 0.546594 0.429306 1.96355 0.00914756 48 4 1 1.74376e-10 
1.4227 -0.673174 0.00124329 0.0025 0.546592 0.429303 1.96354 0.00914759 49 4 1 -7.42246e-10 
1.42727 -0.673179 0.00135297 0.0025 0.54659 0.429299 1.96353 0.00914762 50 4 1 -4.39786e-10 
1.43184 -0.673183 0.00145874 0.0025 0.546588 0.429296 1.96353 0.00914766 51 4 1 5.0991e-10 
1.43642 -0.673189 0.00155368 0.0025 0.546585 0.429292 1.96352 0.0091477 52 4 1 -1.87923e-10 
1.44099 -0.673195 0.00164004 0.0025 0.546582 0.429288 1.96351 0.00914775 53 4 1 -9.1866e-10 
1.44556 -0.673201 0.00172937 0.0025 0.546579 0.429283 1.9635 0.0091478 54 4 1 -8.33296e-11 
1.45014 -0.673208 0.00183689 0.0025 0.546576 0.429279 1.96349 0.00914786 55 4 1 4.76383e-10 
1.45471 -0.673216 0.00197375 0.0025 0.546572 0.429274 1.96348 0.00914792 56 4 1 -6.24057e-10 
1.45929 -0.673225 0.0021419 0.0025 0.546568 0.429268 1.96347 0.00914799 57 4 1 -1.09169e-09 
1.46386 -0.673234 0.00233388 0.0025 0.546564 0.429262 1.96346 0.00914807 58 4 1 7.00729e-11 
1.46843 -0.673244 0.00253692 0.0025 0.546559 0.429256 1.96345 0.00914815 59 4 1 -2.41169e-10 
1.47301 -0.673254 0.00273961 0.0025 0.546553 0.429249 1.96344 0.00914824 60 4 1 -9.58505e-10 
1.47758 -0.673266 0.00293986 0.0025 0.546547 0.429242 1.96343 0.00914834 61 4 1 -7.81641e-10 
1.48216 -0.673279 0.00315089 0.0025 0.54654 0.429234 1.96341 0.00914845 62 4 1 -1.81158e-10 
1.48673 -0.673293 0.00339982 0.0025 0.546533 0.429225 1.9634 0.00914857 63 4 1 -6.43912e-10 
1.49131 -0.673309 0.00371497 0.0025 0.546525 0.429216 1.96339 0.00914871 64 4 1 -1.25056e-09 
1.49588 -0.673326 0.0041068 0.0025 0.546517 0.429206 1.96337 0.00914885 65 4 1 -1.04844e-09 
-0.499545 -0.673345 0.00455635 0.0025 0.546507 0.429194 1.96335 0.00914901 66 4 1 -1.10847e-09 
-0.494971 -0.673365 0.0050256 0.0025 0.546496 0.429182 1.96333 0.00914919 67 4 1 -1.41824e-09 
-0.490396 -0.673387 0.00548906 0.0025 0.546484 0.429168 1.96331 0.0091494 68 4 1 -1.50833e-09 
-0.485821 -0.673412 0.00596548 0.0025 0.546471 0.429153 1.96329 0.00914962 69 4 1 -1.30803e-09 
-0.481247 -0.67344 0.00651992 0.0025 0.546456 0.429136 1.96327 0.00914986 70 4 1 -1.73355e-09 
-0.476672 -0.673471 0.00722551 0.0025 0.54644 0.429118 1.96324 0.00915013 71 4 1 -2.32349e-09 
-0.472096 -0.673506 0.00810962 0.0025 0.546422 0.429098 1.96321 0.00915043 72 4 1 -2.51258e-09 
-0.467521 -0.673544 0.0091297 0.0025 0.546402 0.429075 1.96318 0.00915077 73 4 1 -2.8727e-09 
-0.462946 -0.673586 0.0102073 0.0025 0.54638 0.429049 1.96315 0.00915115 74 4 1 -3.2478e-09 
-0.45837 -0.673633 0.0113011 0.0025 0.546354 0.429021 1.96311 0.00915157 75 4 1 -3.33888e-09 
-0.453794 -0.673686 0.0124576 0.0025 0.546326 0.428989 1.96307 0.00915205 76 4 1 -3.48385e-09 
-0.449218 -0.673745 0.0137837 0.0025 0.546295 0.428955 1.96302 0.00915257 77 4 1 -3.90607e-09 
-0.444641 -0.673811 0.0153535 0.0025 0.54626 0.428916 1.96297 0.00915315 78 4 1 -4.52181e-09 
-0.440065 -0.673885 0.0171403 0.0025 0.546221 0.428873 1.96291 0.0091538 79 4 1 -4.96422e-09 
-0.435488 -0.673966 0.0190488 0.0025 0.546179 0.428826 1.96285 0.00915452 80 4 1 -5.10372e-09 
-0.43091 -0.674054 0.020982 0.0025 0.546131 0.428774 1.96278 0.00915531 81 4 1 -4.98916e-09 
-0.426332 -0.67415 0.0228408 0.0025 0.54608 0.428717 1.9627 0.00915617 82 4 1 -4.51766e-09 
-0.421754 -0.674254 0.0245108 0.0025 0.546025 0.428656 1.96262 0.0091571 83 4 1 -3.64647e-09 
-0.417175 -0.674366 0.0259035 0.0025 0.545966 0.428591 1.96253 0.00915808 84 4 1 -2.50021e-09 
-0.412596 -0.674483 0.0269596 0.0025 0.545905 0.428524 1.96245 0.0091591 85 4 1 -1.10425e-09 
-0.408016 -0.674605 0.0275903 0.0025 0.545843 0.428455 1.96236 0.00916014 86 4 1 5.84346e-10 
-0.403436 -0.674727 0.0276262 0.0025 0.545782 0.428387 1.96227 0.00916117 87 4 1 2.763e-09 
-0.398855 -0.674845 0.0268925 0.0025 0.545722 0.428322 1.96218 0.00916217 88 4 1 5.25864e-09 
-0.394274 -0.674954 0.0252794 0.0025 0.545667 0.428261 1.9621 0.0091631 89 4 1 8.29029e-09 
-0.389692 -0.675049 0.0221704 0.0025 0.545618 0.428207 1.96203 0.00916392 90 4 1 1.29139e-08 
-0.38511 -0.675126 0.0165709 0.0025 0.54558 0.428165 1.96197 0.00916456 91 4 1 1.74943e-08 
-0.380527 -0.675184 0.00986068 0.0025 0.545556 0.428139 1.96194 0.00916496 92 4 1 1.72165e-08 
-0.375945 -0.675217 0.00696204 0.0025 0.545547 0.428129 1.96192 0.00916511 93 5 1 2.91162e-08 
-0.371362 -0.675205 -0.0109517 0.0025 0.545562 0.428147 1.96194 0.00916486 94 4 1 5.41001e-08 
-0.36678 -0.675099 -0.029734 0.0025 0.545623 0.428216 1.96203 0.00916384 95 4 1 1.12277e-07 
-0.362198 -0.67487 -0.0825458 0.0025 0.545778 0.428391 1.96225 0.00916123 96 4 1 2.64097e-07 
-0.357619 -0.674207 -0.22107 0.0025 0.546146 0.4288 1.96278 0.00915507 97 4 1 3.9188e-07 
-0.353043 -0.672924 -0.363283 0.0025 0.546817 0.429539 1.96374 0.00914382 98 4 1 4.25232e-07 
-0.348475 -0.671045 -0.493642 0.0025 0.547803 0.430624 1.96516 0.00912737 99 4 1 5.10547e-07 
-0.343916 -0.668537 -0.663915 0.0025 0.549139 0.4321 1.96707 0.00910516 100 4 1 6.88461e-07 
-0.33937 -0.66518 -0.889018 0.0025 0.550915 0.43406 1.96961 0.00907581 101 4 1 8.54888e-07 
-0.33484 -0.660839 -1.12555 0.0025 0.553188 0.436568 1.97286 0.00903853 102 4 1 9.15997e-07 
-0.330331 -0.655591 -1.3207 0.0025 0.555922 0.439588 1.97676 0.00899406 103 4 1 8.52067e-07 
-0.325846 -0.649709 -1.43738 0.0025 0.559 0.442993 1.98113 0.00894455 104 4 1 7.5024e-07 
-0.321386 -0.64349 -1.50543 0.0025 0.562291 0.446646 1.98579 0.00889219 105 4 1 6.9958e-07 
-0.316954 -0.637063 -1.55581 0.0025 0.565725 0.450468 1.99063 0.00883822 106 4 1 7.30728e-07 
-0.312548 -0.630426 -1.62692 0.0025 0.569293 0.454452 1.99564 0.00878282 107 4 1 7.99873e-07 
-0.308171 -0.623535 -1.70492 0.0025 0.573018 0.458621 2.00085 0.00872573 108 4 1 8.62394e-07 
-0.303822 -0.616365 -1.79114 0.0025 0.57691 0.462988 2.00628 0.00866686 109 4 1 8.98586e-07 
-0.299504 -0.608922 -1.86524 0.0025 0.580962 0.467545 2.0119 0.00860641 110 4 1 8.85388e-07 
-0.295216 -0.601302 -1.9153 0.0025 0.585137 0.472253 2.01767 0.00854501 111 4 1 8.41738e-07 
-0.290959 -0.59358 -1.94143 0.0025 0.589385 0.477059 2.02352 0.00848342 112 4 1 7.96225e-07 
-0.286732 -0.585858 -1.9547 0.0025 0.593666 0.481915 2.02939 0.00842224 113 4 1 7.42842e-07 
-0.282536 -0.578172 -1.94779 0.0025 0.597945 0.486783 2.03523 0.00836198 114 4 1 6.9088e-07 
-0.27837 -0.570611 -1.93468 0.0025 0.602192 0.49163 2.041 0.008303 115 4 1 6.48338e-07 
-0.274233 -0.563186 -1.91244 0.0025 0.606393 0.496437 2.04668 0.00824548 116 4 1 6.18288e-07 
-0.270125 -0.555899 -1.89406 0.0025 0.610541 0.501199 2.05227 0.00818945 117 4 1 6.15131e-07 
-0.266044 -0.548699 -1.88809 0.0025 0.61465 0.505928 2.05778 0.00813471 118 4 1 5.99041e-07 
-0.26199 -0.541601 -1.87255 0.0025 0.618722 0.510626 2.06322 0.00808117 119 4 1 5.60793e-07 
-0.257962 -0.534641 -1.84821 0.0025 0.622745 0.515279 2.06858 0.00802897 120 4 1 5.56425e-07 
-0.253961 -0.527787 -1.8443 0.0025 0.626727 0.519899 2.07386 0.00797795 121 4 1 5.59708e-07 
-0.249984 -0.52099 -1.83748 0.0025 0.630684 0.524499 2.07908 0.0079279 122 4 1 5.28326e-07 
-0.246033 -0.514305 -1.81664 0.0025 0.634604 0.529069 2.08424 0.00787893 123 4 1 5.22874e-07 
-0.242105 -0.507708 -1.81554 0.0025 0.638493 0.533615 2.08934 0.00783094 124 4 1 5.36377e-07 
-0.238202 -0.501154 -1.81754 0.0025 0.64237 0.538157 2.09441 0.00778367 125 4 1 5.24502e-07 
-0.234322 -0.49465 -1.81189 0.0025 0.646234 0.542694 2.09944 0.00773713 126 4 1 5.13132e-07 
-0.230465 -0.488223 -1.80822 0.0025 0.650083 0.547225 2.10443 0.00769132 127 4 1 5.29703e-07 
-0.22663 -0.48181 -1.82223 0.0025 0.653934 0.551769 2.10941 0.00764603 128 4 1 5.50143e-07 
-0.222818 -0.475403 -1.83851 0.0025 0.657805 0.556347 2.11439 0.00760104 129 4 1 5.55532e-07 
-0.219029 -0.468967 -1.8546 0.0025 0.6617 0.560964 2.11939 0.0075563 130 4 1 5.57361e-07 
-0.215262 -0.462532 -1.86953 0.0025 0.665619 0.565621 2.1244 0.00751181 131 4 1 5.65729e-07 
-0.211517 -0.456085 -1.8898 0.0025 0.669567 0.570325 2.12943 0.00746751 132 4 1 5.85232e-07 
-0.207795 -0.449595 -1.91877 0.0025 0.673557 0.575089 2.1345 0.00742327 133 4 1 6.08651e-07 
-0.204094 -0.443051 -1.95492 0.0025 0.677601 0.579927 2.13962 0.00737898 134 4 1 6.01786e-07 
-0.200415 -0.436441 -1.97198 0.0025 0.681687 0.584827 2.14477 0.00733475 135 4 1 5.67194e-07 
-0.196759 -0.429869 -1.97256 0.0025 0.685788 0.589759 2.14992 0.00729089 136 4 1 5.78172e-07 
-0.193125 -0.423294 -2.00057 0.0025 0.68991 0.594729 2.15508 0.00724732 137 4 1 5.9819e-07 
-0.189512 -0.416673 -2.02285 0.0025 0.694068 0.599752 2.16026 0.0072039 138 4 1 5.70461e-07 
-0.185921 -0.410083 -2.0232 0.0025 0.69824 0.604804 2.16545 0.00716086 139 4 1 5.49439e-07 
-0.182351 -0.403518 -2.02778 0.0025 0.702412 0.609869 2.17061 0.00711833 140 4 1 5.57314e-07 
-0.178802 -0.396978 -2.04221 0.0025 0.706591 0.614955 2.17577 0.00707623 141 4 1 5.4249e-07 
-0.175274 -0.390458 -2.03806 0.0025 0.710771 0.620053 2.18091 0.00703462 142 4 1 5.3231e-07 
-0.171767 -0.383978 -2.04713 0.0025 0.714946 0.625158 2.18602 0.00699354 143 4 1 5.18125e-07 
-0.168281 -0.377547 -2.03653 0.0025 0.719111 0.630263 2.19111 0.00695303 144 4 1 5.13023e-07 
-0.164814 -0.371155 -2.04623 0.0025 0.723268 0.63537 2.19617 0.00691307 145 4 1 5.19098e-07 
-0.161368 -0.364797 -2.04855 0.0025 0.727425 0.640488 2.20121 0.00687356 146 4 1 5.14556e-07 
-0.157941 -0.35846 -2.05774 0.0025 0.731584 0.64562 2.20623 0.00683449 147 4 1 5.03901e-07 
-0.154533 -0.352161 -2.05487 0.0025 0.735738 0.650758 2.21123 0.00679589 148 4 1 4.91493e-07 
-0.151145 -0.345906 -2.0571 0.0025 0.739884 0.655897 2.21621 0.00675782 149 4 1 4.81207e-07 
-0.147775 -0.339699 -2.05056 0.0025 0.744018 0.661033 2.22115 0.00672027 150 4 1 4.74057e-07 
-0.144425 -0.333543 -2.05168 0.0025 0.74814 0.666167 2.22607 0.00668324 151 4 1 5.0127e-07 
-0.141092 -0.327385 -2.07845 0.0025 0.752275 0.671327 2.23098 0.00664651 152 4 1 4.81617e-07 
-0.137778 -0.321242 -2.06441 0.0025 0.75641 0.676497 2.23588 0.00661017 153 4 1 4.40684e-07 
-0.134482 -0.315208 -2.05106 0.0025 0.760519 0.681648 2.24073 0.00657446 154 4 1 4.62092e-07 
-0.131203 -0.309209 -2.06613 0.0025 0.764622 0.686803 2.24555 0.00653918 155 4 1 4.86234e-07 
-0.127943 -0.303226 -2.08303 0.0025 0.768743 0.691992 2.25039 0.00650412 156 4 1 4.93641e-07 
-0.124699 -0.297252 -2.10431 0.0025 0.772889 0.697222 2.25523 0.00646923 157 4 1 4.79568e-07 
-0.121473 -0.291345 -2.10511 0.0025 0.777049 0.70248 2.26008 0.0064346 158 4 1 4.54068e-07 
-0.118265 -0.28557 -2.09851 0.0025 0.781204 0.707745 2.26491 0.00640038 159 4 1 4.92192e-07 
-0.115073 -0.2799 -2.13808 0.0025 0.785385 0.713056 2.26975 0.0063663 160 4 1 5.47812e-07 
-0.111898 -0.274274 -2.18507 0.0025 0.789636 0.718466 2.27465 0.00633203 161 4 1 5.68322e-07 
-0.108741 -0.268777 -2.23056 0.0025 0.793968 0.72399 2.27963 0.00629749 162 4 1 5.97953e-07 
-0.105601 -0.26345 -2.28862 0.0025 0.798391 0.729643 2.28471 0.0062626 163 4 1 6.1588e-07 
-0.102478 -0.25837 -2.33291 0.0025 0.80291 0.735433 2.28987 0.00622735 164 4 1 6.75861e-07 
-0.0993733 -0.25357 -2.42676 0.0025 0.807558 0.741402 2.29516 0.00619151 165 4 1 7.72772e-07 
-0.0962866 -0.248942 -2.54486 0.0025 0.812389 0.74762 2.30064 0.00615468 166 4 1 8.11946e-07 
-0.0932186 -0.24461 -2.64199 0.0025 0.81741 0.754096 2.30632 0.00611688 167 4 1 8.35815e-07 
-0.0901697 -0.240518 -2.74492 0.0025 0.822603 0.760809 2.31217 0.00607827 168 4 1 8.03123e-07 
-0.0871403 -0.236681 -2.78128 0.0025 0.827917 0.767697 2.31813 0.00603925 169 4 1 7.55744e-07 
-0.0841304 -0.233074 -2.81282 0.0025 0.833295 0.774688 2.32415 0.00600027 170 4 1 7.81557e-07 
-0.0811399 -0.229511 -2.87003 0.0025 0.838747 0.781793 2.33022 0.00596128 171 4 1 7.82723e-07 
-0.078169 -0.226051 -2.89886 0.0025 0.844269 0.78901 2.33634 0.00592228 172 4 1 8.27025e-07 
-0.0752176 -0.222719 -3.00408 0.0025 0.849883 0.796364 2.34254 0.00588316 173 4 1 8.15068e-07 
-0.0722858 -0.219518 -3.05259 0.0025 0.85556 0.803807 2.34879 0.00584412 174 4 1 4.41936e-07 
-0.0693734 -0.216266 -2.79464 0.0025 0.86099 0.810938 2.35476 0.00580727 175 4 1 -1.98754e-07 
-0.0664785 -0.211967 -2.20829 0.0025 0.865701 0.817152 2.35991 0.00577567 176 4 1 -5.37492e-07 
-0.0635977 -0.206255 -1.71139 0.0025 0.869547 0.822263 2.36409 0.00575012 177 4 1 1.43468e-08 
-0.0607283 -0.200161 -1.96552 0.0025 0.873112 0.827002 2.36794 0.00572664 178 4 1 6.15212e-07 
-0.057871 -0.194757 -2.28207 0.0025 0.876884 0.831965 2.37204 0.00570201 179 4 1 -4.56678e-07 
-0.0550263 -0.188641 -1.19827 0.0025 0.879895 0.83592 2.37534 0.0056825 180 4 1 -1.98842e-06 
-0.0521885 -0.179173 0.437586 0.0025 0.880882 0.837289 2.3764 0.00567613 181 4 1 -9.54362e-07 
-0.0493501 -0.168048 -0.0165627 0.0025 0.880997 0.837529 2.37644 0.00567539 182 4 1 1.57754e-06 
-0.0465131 -0.160019 -1.81349 0.0025 0.882574 0.839582 2.37813 0.00566525 183 4 1 1.03244e-06 
-0.0436849 -0.153827 -1.26054 0.0025 0.8849 0.842581 2.38072 0.00565036 184 4 1 -1.93333e-06 
-0.0408627 -0.143549 0.926657 0.0025 0.885328 0.843202 2.38121 0.00564762 185 3 1 -1.39384e-06 
-0.0380373 -0.130928 0.531414 0.0025 0.884528 0.842235 2.38025 0.00565273 186 5 1 1.57599e-06 
-0.03521 -0.122053 -1.32877 0.0025 0.885194 0.843075 2.38094 0.00564848 187 4 1 1.02785e-06 
-0.0323888 -0.114819 -0.744503 0.0025 0.8867 0.845008 2.38264 0.00563888 188 4 1 -1.35208e-06 
-0.0295711 -0.104496 0.573031 0.0025 0.886958 0.845398 2.38293 0.00563725 189 3 1 -6.16192e-07 
-0.0267515 -0.0934518 0.0239969 0.0025 0.886674 0.845063 2.38257 0.00563905 190 5 1 8.7117e-07 
-0.0239321 -0.0838959 -0.632101 0.0025 0.887141 0.84565 2.38308 0.00563609 191 4 1 7.54592e-08 
-0.0211154 -0.0742464 -0.0801917 0.0025 0.887672 0.846344 2.38368 0.00563271 192 4 1 -5.32963e-07 
-0.0182994 -0.064493 0.113171 0.0025 0.887712 0.846412 2.38371 0.00563246 193 3 1 -1.29506e-07 
-0.015483 -0.0545786 0.110085 0.0025 0.887614 0.846304 2.3836 0.00563308 194 5 1 4.05525e-07 
-0.0126663 -0.0446194 -0.481193 0.0025 0.887904 0.846681 2.38392 0.00563124 195 4 1 1.44079e-07 
-0.00985174 -0.0350788 -0.0945632 0.0025 0.888321 0.847213 2.38439 0.0056286 196 3 1 -5.01815e-07 
-0.00703769 -0.025102 0.247601 0.0025 0.888238 0.847128 2.38431 0.00562912 197 4 1 -1.07476e-07 
-0.00422262 -0.0142425 0.0253043 0.0025 0.888054 0.846896 2.3841 0.00563029 198 5 1 2.30999e-07 
-0.0014074 -0.00454733 -0.110672 0.0025 0.888097 0.846937 2.38415 0.00563001 199 3 1 -4.30545e-08 
0.0014074 0.00454733 0.110672 0.0025 0.888097 0.846937 2.38415 0.00563001 200 3 1 -4.30545e-08 
0.00422262 0.0142425 -0.0253043 0.0025 0.888054 0.846896 2.3841 0.00563029 201 5 1 2.30999e-07 
0.00703769 0.025102 -0.247601 0.0025 0.888238 0.847128 2.38431 0.00562912 202 4 1 -1.07476e-07 
0.00985174 0.0350788 0.0945632 0.0025 0.888321 0.847213 2.38439 0.0056286 203 3 1 -5.01815e-07 
0.0126663 0.0446194 0.481193 0.0025 0.887904 0.846681 2.38392 0.00563124 204 4 1 1.44079e-07 
0.015483 0.0545786 -0.110085 0.0025 0.887614 0.846304 2.3836 0.00563308 205 5 1 4.05525e-07 
0.0182994 0.064493 -0.113171 0.0025 0.887712 0.846412 2.38371 0.00563246 206 3 1 -1.29506e-07 
0.0211154 0.0742464 0.0801917 0.0025 0.887672 0.846344 2.38368 0.00563271 207 4 1 -5.32963e-07 
0.0239321 0.0838959 0.632101 0.0025 0.887141 0.84565 2.38308 0.00563609 208 4 1 7.54592e-08 
0.0267515 0.0934518 -0.0239969 0.0025 0.886674 0.845063 2.38257 0.00563905 209 5 1 8.7117e-07 
0.0295711 0.104496 -0.573031 0.0025 0.886958 0.845398 2.38293 0.00563725 210 3 1 -6.16192e-07 
0.0323888 0.114819 0.744503 0.0025 0.8867 0.845008 2.38264 0.00563888 211 4 1 -1.35208e-06 
0.03521 0.122053 1.32877 0.0025 0.885194 0.843075 2.38094 0.00564848 212 4 1 1.02785e-06 
0.0380373 0.130928 -0.531414 0.0025 0.884528 0.842235 2.38025 0.00565273 213 5 1 1.57599e-06 
0.0408627 0.143549 -0.926657 0.0025 0.885328 0.843202 2.38121 0.00564762 214 3 1 -1.39384e-06 
0.0436849 0.153827 1.26054 0.0025 0.8849 0.842581 2.38072 0.00565036 215 4 1 -1.93333e-06 
0.0465131 0.160019 1.81349 0.0025 0.882574 0.839582 2.37813 0.00566525 216 4 1 1.03244e-06 
0.0493501 0.168048 0.0165627 0.0025 0.880997 0.837529 2.37644 0.00567539 217 4 1 1.57754e-06 
0.0521885 0.179173 -0.437586 0.0025 0.880882 0.837289 2.3764 0.00567613 218 4 1 -9.54362e-07 
0.0550263 0.188641 1.19827 0.0025 0.879895 0.83592 2.37534 0.0056825 219 4 1 -1.98842e-06 
0.057871 0.194757 2.28207 0.0025 0.876884 0.831965 2.37204 0.00570201 220 4 1 -4.56678e-07 
0.0607283 0.200161 1.96552 0.0025 0.873112 0.827002 2.36794 0.00572664 221 4 1 6.15212e-07 
0.0635977 0.206255 1.71139 0.0025 0.869547 0.822263 2.36409 0.00575012 222 4 1 1.43468e-08 
0.0664785 0.211967 2.20829 0.0025 0.865701 0.817152 2.35991 0.00577567 223 4 1 -5.37492e-07 
0.0693734 0.216266 2.79464 0.0025 0.86099 0.810938 2.35476 0.00580727 224 4 1 -1.98754e-07 
0.0722858 0.219518 3.05259 0.0025 0.85556 0.803807 2.34879 0.00584412 225 4 1 4.41936e-07 
0.0752176 0.222719 3.00408 0.0025 0.849883 0.796364 2.34254 0.00588316 226 4 1 8.15068e-07 
0.078169 0.226051 2.89886 0.0025 0.844269 0.78901 2.33634 0.00592228 227 4 1 8.27025e-07 
0.0811399 0.229511 2.87003 0.0025 0.838747 0.781793 2.33022 0.00596128 228 4 1 7.82723e-07 
0.0841304 0.233074 2.81282 0.0025 0.833295 0.774688 2.32415 0.00600027 229 4 1 7.81557e-07 
0.0871403 0.236681 2.78128 0.0025 0.827917 0.767697 2.31813 0.00603925 230 4 1 7.55744e-07 
0.0901697 0.240518 2.74492 0.0025 0.822603 0.760809 2.31217 0.00607827 231 4 1 8.03123e-07 
0.0932186 0.24461 2.64199 0.0025 0.81741 0.754096 2.30632 0.00611688 232 4 1 8.35815e-07 
0.0962866 0.248942 2.54486 0.0025 0.812389 0.74762 2.30064 0.00615468 233 4 1 8.11946e-07 
0.0993733 0.25357 2.42676 0.0025 0.807558 0.741402 2.29516 0.00619151 234 4 1 7.72772e-07 
0.102478 0.25837 2.33291 0.0025 0.80291 0.735433 2.28987 0.00622735 235 4 1 6.75861e-07 
0.105601 0.26345 2.28862 0.0025 0.798391 0.729643 2.28471 0.0062626 236 4 1 6.1588e-07 
0.108741 0.268777 2.23056 0.0025 0.793968 0.72399 2.27963 0.00629749 237 4 1 5.97953e-07 
0.111898 0.274274 2.18507 0.0025 0.789636 0.718466 2.27465 0.00633203 238 4 1 5.68322e-07 
0.115073 0.2799 2.13808 0.0025 0.785385 0.713056 2.26975 0.0063663 239 4 1 5.47812e-07 
0.118265 0.28557 2.09851 0.0025 0.781204 0.707745 2.26491 0.00640038 240 4 1 4.92192e-07 
0.121473 0.291345 2.10511 0.0025 0.777049 0.70248 2.26008 0.0064346 241 4 1 4.54068e-07 
0.124699 0.297252 2.10431 0.0025 0.772889 0.697222 2.25523 0.00646923 242 4 1 4.79568e-07 
0.127943 0.303226 2.08303 0.0025 0.768743 0.691992 2.25039 0.00650412 243 4 1 4.93641e-07 
0.131203 0.309209 2.06613 0.0025 0.764622 0.686803 2.24555 0.00653918 244 4 1 4.86234e-07 
0.134482 0.315208 2.05106 0.0025 0.760519 0.681648 2.24073 0.00657446 245 4 1 4.62092e-07 
0.137778 0.321242 2.06441 0.0025 0.75641 0.676497 2.23588 0.00661017 246 4 1 4.40684e-07 
0.141092 0.327385 2.07845 0.0025 0.752275 0.671327 2.23098 0.00664651 247 4 1 4.81617e-07 
0.144425 0.333543 2.05168 0.0025 0.74814 0.666167 2.22607 0.00668324 248 4 1 5.0127e-07 
0.147775 0.339699 2.05056 0.0025 0.744018 0.661033 2.22115 0.00672027 249 4 1 4.74057e-07 
0.151145 0.345906 2.0571 0.0025 0.739884 0.655897 2.21621 0.00675782 250 4 1 4.81207e-07 
0.154533 0.352161 2.05487 0.0025 0.735738 0.650758 2.21123 0.00679589 251 4 1 4.91493e-07 
0.157941 0.35846 2.05774 0.0025 0.731584 0.64562 2.20623 0.00683449 252 4 1 5.03901e-07 
0.161368 0.364797 2.04855 0.0025 0.727425 0.640488 2.20121 0.00687356 253 4 1 5.14556e-07 
0.164814 0.371155 2.04623 0.0025 0.723268 0.63537 2.19617 0.00691307 254 4 1 5.19098e-07 
0.168281 0.377547 2.03653 0.0025 0.719111 0.630263 2.19111 0.00695303 255 4 1 5.13023e-07 
0.171767 0.383978 2.04713 0.0025 0.714946 0.625158 2.18602 0.00699354 256 4 1 5.18125e-07 
0.175274 0.390458 2.03806 0.0025 0.710771 0.620053 2.18091 0.00703462 257 4 1 5.3231e-07 
0.178802 0.396978 2.04221 0.0025 0.706591 0.614955 2.17577 0.00707623 258 4 1 5.4249e-07 
0.182351 0.403518 2.02778 0.0025 0.702412 0.609869 2.17061 0.00711833 259 4 1 5.57314e-07 
0.185921 0.410083 2.0232 0.0025 0.69824 0.604804 2.16545 0.00716086 260 4 1 5.49439e-07 
0.189512 0.416673 2.02285 0.0025 0.694068 0.599752 2.16026 0.0072039 261 4 1 5.70461e-07 
0.193125 0.423294 2.00057 0.0025 0.68991 0.594729 2.15508 0.00724732 262 4 1 5.9819e-07 
0.196759 0.429869 1.97256 0.0025 0.685788 0.589759 2.14992 0.00729089 263 4 1 5.78172e-07 
0.200415 0.436441 1.97198 0.0025 0.681687 0.584827 2.14477 0.00733475 264 4 1 5.67194e-07 
0.204094 0.443051 1.95492 0.0025 0.677601 0.579927 2.13962 0.00737898 265 4 1 6.01786e-07 
0.207795 0.449595 1.91877 0.0025 0.673557 0.575089 2.1345 0.00742327 266 4 1 6.08651e-07 
0.211517 0.456085 1.8898 0.0025 0.669567 0.570325 2.12943 0.00746751 267 4 1 5.85232e-07 
0.215262 0.462532 1.86953 0.0025 0.665619 0.565621 2.1244 0.00751181 268 4 1 5.65729e-07 
0.219029 0.468967 1.8546 0.0025 0.6617 0.560964 2.11939 0.0075563 269 4 1 5.57361e-07 
0.222818 0.475403 1.83851 0.0025 0.657805 0.556347 2.11439 0.00760104 270 4 1 5.55532e-07 
0.22663 0.48181 1.82223 0.0025 0.653934 0.551769 2.10941 0.00764603 271 4 1 5.50143e-07 
0.230465 0.488223 1.80822 0.0025 0.650083 0.547225 2.10443 0.00769132 272 4 1 5.29703e-07 
0.234322 0.49465 1.81189 0.0025 0.646234 0.542694 2.09944 0.00773713 273 4 1 5.13132e-07 
0.238202 0.501154 1.81754 0.0025 0.64237 0.538157 2.09441 0.00778367 274 4 1 5.24502e-07 
0.242105 0.507708 1.81554 0.0025 0.638493 0.533615 2.08934 0.00783094 275 4 1 5.36377e-07 
0.246033 0.514305 1.81664 0.0025 0.634604 0.529069 2.08424 0.00787893 276 4 1 5.22874e-07 
0.249984 0.52099 1.83748 0.0025 0.630684 0.524499 2.07908 0.0079279 277 4 1 5.28326e-07 
0.253961 0.527787 1.8443 0.0025 0.626727 0.519899 2.07386 0.00797795 278 4 1 5.59708e-07 
0.257962 0.534641 1.84821 0.0025 0.622745 0.515279 2.06858 0.00802897 279 4 1 5.56425e-07 
0.26199 0.541601 1.87255 0.0025 0.618722 0.510626 2.06322 0.00808117 280 4 1 5.60793e-07 
0.266044 0.548699 1.88809 0.0025 0.61465 0.505928 2.05778 0.00813471 281 4 1 5.99041e-07 
0.270125 0.555899 1.89406 0.0025 0.610541 0.501199 2.05227 0.00818945 282 4 1 6.15131e-07 
0.274233 0.563186 1.91244 0.0025 0.606393 0.496437 2.04668 0.00824548 283 4 1 6.18288e-07 
0.27837 0.570611 1.93468 0.0025 0.602192 0.49163 2.041 0.008303 284 4 1 6.48338e-07 
0.282536 0.578172 1.94779 0.0025 0.597945 0.486783 2.03523 0.00836198 285 4 1 6.9088e-07 
0.286732 0.585858 1.9547 0.0025 0.593666 0.481915 2.02939 0.00842224 286 4 1 7.42842e-07 
0.290959 0.59358 1.94143 0.0025 0.589385 0.477059 2.02352 0.00848342 287 4 1 7.96225e-07 
0.295216 0.601302 1.9153 0.0025 0.585137 0.472253 2.01767 0.00854501 288 4 1 8.41738e-07 
0.299504 0.608922 1.86524 0.0025 0.580962 0.467545 2.0119 0.00860641 289 4 1 8.85388e-07 
0.303822 0.616365 1.79114 0.0025 0.57691 0.462988 2.00628 0.00866686 290 4 1 8.98586e-07 
0.308171 0.623535 1.70492 0.0025 0.573018 0.458621 2.00085 0.00872573 291 4 1 8.62394e-07 
0.312548 0.630426 1.62692 0.0025 0.569293 0.454452 1.99564 0.00878282 292 4 1 7.99873e-07 
0.316954 0.637063 1.55581 0.0025 0.565725 0.450468 1.99063 0.00883822 293 4 1 7.30728e-07 
0.321386 0.64349 1.50543 0.0025 0.562291 0.446646 1.98579 0.00889219 294 4 1 6.9958e-07 
0.325846 0.649709 1.43738 0.0025 0.559 0.442993 1.98113 0.00894455 295 4 1 7.5024e-07 
0.330331 0.655591 1.3207 0.0025 0.555922 0.439588 1.97676 0.00899406 296 4 1 8.52067e-07 
0.33484 0.660839 1.12555 0.0025 0.553188 0.436568 1.97286 0.00903853 297 4 1 9.15997e-07 
0.33937 0.66518 0.889018 0.0025 0.550915 0.43406 1.96961 0.00907581 298 4 1 8.54888e-07 
0.343916 0.668537 0.663915 0.0025 0.549139 0.4321 1.96707 0.00910516 299 4 1 6.88461e-07 
0.348475 0.671045 0.493642 0.0025 0.547803 0.430624 1.96516 0.00912737 300 4 1 5.10547e-07 
0.353043 0.672924 0.363283 0.0025 0.546817 0.429539 1.96374 0.00914382 301 4 1 4.25232e-07 
0.357619 0.674207 0.22107 0.0025 0.546146 0.4288 1.96278 0.00915507 302 4 1 3.9188e-07 
0.362198 0.67487 0.0825458 0.0025 0.545778 0.428391 1.96225 0.00916123 303 4 1 2.64097e-07 
0.36678 0.675099 0.029734 0.0025 0.545623 0.428216 1.96203 0.00916384 304 4 1 1.12277e-07 
0.371362 0.675205 0.0109517 0.0025 0.545562 0.428147 1.96194 0.00916486 305 4 1 5.41001e-08 
0.375945 0.675217 -0.00696204 0.0025 0.545547 0.428129 1.96192 0.00916511 306 5 1 2.91162e-08 
0.380527 0.675184 -0.00986068 0.0025 0.545556 0.428139 1.96194 0.00916496 307 4 1 1.72165e-08 
0.38511 0.675126 -0.0165709 0.0025 0.54558 0.428165 1.96197 0.00916456 308 4 1 1.74943e-08 
0.389692 0.675049 -0.0221704 0.0025 0.545618 0.428207 1.96203 0.00916392 309 4 1 1.29139e-08 
0.394274 0.674954 -0.0252794 0.0025 0.545667 0.428261 1.9621 0.0091631 310 4 1 8.29029e-09 
0.398855 0.674845 -0.0268925 0.0025 0.545722 0.428322 1.96218 0.00916217 311 4 1 5.25864e-09 
0.403436 0.674727 -0.0276262 0.0025 0.545782 0.428387 1.96227 0.00916117 312 4 1 2.763e-09 
0.408016 0.674605 -0.0275903 0.0025 0.545843 0.428455 1.96236 0.00916014 313 4 1 5.84347e-10 
0.412596 0.674483 -0.0269596 0.0025 0.545905 0.428524 1.96245 0.0091591 314 4 1 -1.10425e-09 
0.417175 0.674366 -0.0259035 0.0025 0.545966 0.428591 1.96253 0.00915808 315 4 1 -2.50021e-09 
0.421754 0.674254 -0.0245108 0.0025 0.546025 0.428656 1.96262 0.0091571 316 4 1 -3.64647e-09 
0.426332 0.67415 -0.0228408 0.0025 0.54608 0.428717 1.9627 0.00915617 317 4 1 -4.51766e-09 
0.43091 0.674054 -0.020982 0.0025 0.546131 0.428774 1.96278 0.00915531 318 4 1 -4.98916e-09 
0.435488 0.673966 -0.0190488 0.0025 0.546179 0.428826 1.96285 0.00915452 319 4 1 -5.10372e-09 
0.440065 0.673885 -0.0171403 0.0025 0.546221 0.428873 1.96291 0.0091538 320 4 1 -4.96422e-09 
0.444641 0.673811 -0.0153535 0.0025 0.54626 0.428916 1.96297 0.00915315 321 4 1 -4.52181e-09 
0.449218 0.673745 -0.0137837 0.0025 0.546295 0.428955 1.96302 0.00915257 322 4 1 -3.90607e-09 
0.453794 0.673686 -0.0124576 0.0025 0.546326 0.428989 1.96307 0.00915205 323 4 1 -3.48385e-09 
0.45837 0.673633 -0.0113011 0.0025 0.546354 0.429021 1.96311 0.00915157 324 4 1 -3.33888e-09 
0.462946 0.673586 -0.0102073 0.0025 0.54638 0.429049 1.96315 0.00915115 325 4 1 -3.2478e-09 
0.467521 0.673544 -0.0091297 0.0025 0.546402 0.429075 1.96318 0.00915077 326 4 1 -2.8727e-09 
0.472096 0.673506 -0.00810962 0.0025 0.546422 0.429098 1.96321 0.00915043 327 4 1 -2.51258e-09 
0.476672 0.673471 -0.00722551 0.0025 0.54644 0.429118 1.96324 0.00915013 328 4 1 -2.32349e-09 
0.481247 0.67344 -0.00651992 0.0025 0.546456 0.429136 1.96327 0.00914986 329 4 1 -1.73355e-09 
0.485821 0.673412 -0.00596548 0.0025 0.546471 0.429153 1.96329 0.00914962 330 4 1 -1.30803e-09 
0.490396 0.673387 -0.00548906 0.0025 0.546484 0.429168 1.96331 0.0091494 331 4 1 -1.50833e-09 
0.494971 0.673365 -0.0050256 0.0025 0.546496 0.429182 1.96333 0.00914919 332 4 1 -1.41824e-09 
0.499545 0.673345 -0.00455635 0.0025 0.546507 0.429194 1.96335 0.00914901 333 4 1 -1.10847e-09 
0.50412 0.673326 -0.0041068 0.0025 0.546517 0.429206 1.96337 0.00914885 334 4 1 -1.04844e-09 
0.508694 0.673309 -0.00371497 0.0025 0.546525 0.429216 1.96339 0.00914871 335 4 1 -1.25056e-09 
0.513268 0.673293 -0.00339982 0.0025 0.546533 0.429225 1.9634 0.00914857 336 4 1 -6.43912e-10 
0.517843 0.673279 -0.00315089 0.0025 0.54654 0.429234 1.96341 0.00914845 337 4 1 -1.81158e-10 
0.522417 0.673266 -0.00293986 0.0025 0.546547 0.429242 1.96343 0.00914834 338 4 1 -7.81642e-10 
0.526991 0.673254 -0.00273961 0.0025 0.546553 0.429249 1.96344 0.00914824 339 4 1 -9.58504e-10 
0.531565 0.673244 -0.00253692 0.0025 0.546559 0.429256 1.96345 0.00914815 340 4 1 -2.41169e-10 
0.536139 0.673234 -0.00233388 0.0025 0.546564 0.429262 1.96346 0.00914807 341 4 1 7.00727e-11 
0.540713 0.673225 -0.0021419 0.0025 0.546568 0.429268 1.96347 0.00914799 342 4 1 -1.09169e-09 
0.545287 0.673216 -0.00197375 0.0025 0.546572 0.429274 1.96348 0.00914792 343 4 1 -6.24057e-10 
0.549861 0.673208 -0.00183689 0.0025 0.546576 0.429279 1.96349 0.00914786 344 4 1 4.76383e-10 
0.554435 0.673201 -0.00172937 0.0025 0.546579 0.429283 1.9635 0.0091478 345 4 1 -8.33293e-11 
0.559009 0.673195 -0.00164004 0.0025 0.546582 0.429288 1.96351 0.00914775 346 4 1 -9.1866e-10 
0.563583 0.673189 -0.00155368 0.0025 0.546585 0.429292 1.96352 0.0091477 347 4 1 -1.87923e-10 
0.568157 0.673183 -0.00145874 0.0025 0.546588 0.429296 1.96353 0.00914766 348 4 1 5.0991e-10 
0.572731 0.673179 -0.00135297 0.0025 0.54659 0.429299 1.96353 0.00914762 349 4 1 -4.39785e-10 
0.577304 0.673174 -0.00124329 0.0025 0.546592 0.429303 1.96354 0.00914759 350 4 1 -7.42246e-10 
0.581878 0.673169 -0.00114024 0.0025 0.546594 0.429306 1.96355 0.00914756 351 4 1 1.74375e-10 
0.586452 0.673165 -0.00105103 0.0025 0.546595 0.429308 1.96356 0.00914753 352 4 1 5.2329e-10 
0.591026 0.673161 -0.000975903 0.0025 0.546597 0.429311 1.96356 0.00914751 353 4 1 -7.65644e-10 
0.595599 0.673158 -0.000909559 0.0025 0.546598 0.429314 1.96357 0.0091475 354 4 1 -4.07306e-10 
0.600173 0.673154 -0.000846037 0.0025 0.546599 0.429316 1.96358 0.00914748 355 4 1 9.30445e-10 
0.604747 0.673151 -0.00078305 0.0025 0.546599 0.429318 1.96359 0.00914747 356 4 1 -3.91416e-11 
0.609321 0.673148 -0.000723 0.0025 0.5466 0.42932 1.96359 0.00914746 357 4 1 -6.45322e-10 
0.613894 0.673145 -0.000670651 0.0025 0.5466 0.429322 1.9636 0.00914746 358 4 1 4.43927e-10 
0.618468 0.673143 -0.000629721 0.0025 0.5466 0.429323 1.96361 0.00914746 359 3 1 7.3804e-10 
0.623042 0.67314 -0.000600871 0.0025 0.5466 0.429325 1.96362 0.00914746 360 4 1 -6.88278e-10 
0.627616 0.673138 -0.000581949 0.0025 0.5466 0.429326 1.96362 0.00914746 361 4 1 1.4527e-10 
0.632189 0.673136 -0.000569597 0.0025 0.546599 0.429328 1.96363 0.00914747 362 4 1 1.47821e-09 
0.636763 0.673134 -0.00056076 0.0025 0.546599 0.429329 1.96364 0.00914748 363 4 1 -8.29728e-10 
0.641337 0.673133 -0.00055331 0.0025 0.546598 0.429331 1.96365 0.00914749 364 4 1 -1.62788e-10 
0.64591 0.673131 -0.000545917 0.0025 0.546597 0.429332 1.96366 0.0091475 365 4 1 2.16298e-09 
0.650484 0.67313 -0.000537736 0.0025 0.546596 0.429334 1.96367 0.00914752 366 4 1 -7.80321e-10 
0.655058 0.673129 -0.00052819 0.0025 0.546595 0.429335 1.96368 0.00914753 367 4 1 -8.06561e-10 
0.659632 0.673128 -0.000516816 0.0025 0.546594 0.429337 1.96369 0.00914755 368 4 1 2.01966e-09 
0.664206 0.673128 -0.000502984 0.0025 0.546593 0.429338 1.9637 0.00914757 369 4 1 5.55407e-10 
0.668779 0.673127 -0.000485526 0.0025 0.546591 0.429339 1.96371 0.0091476 370 4 1 -7.29091e-10 
0.673353 0.673127 -0.00046243 0.0025 0.54659 0.42934 1.96372 0.00914763 371 4 1 8.79818e-10 
0.677927 0.673126 -0.000430818 0.0025 0.546588 0.429341 1.96374 0.00914767 372 4 1 1.20028e-09 
0.682501 0.673126 -0.000387221 0.0025 0.546585 0.429342 1.96375 0.00914771 373 4 1 -4.31769e-10 
0.687075 0.673125 -0.000328122 0.0025 0.546582 0.429343 1.96376 0.00914775 374 4 1 6.10028e-10 
0.691649 0.673124 -0.00025066 0.0025 0.546579 0.429344 1.96378 0.0091478 375 4 1 1.29251e-09 
0.696222 0.673123 -0.000153486 0.0025 0.546576 0.429344 1.96379 0.00914786 376 4 1 -4.11632e-10 
0.700796 0.673122 -3.76673e-05 0.0025 0.546572 0.429344 1.96381 0.00914793 377 4 1 7.75541e-10 
0.70537 0.67312 9.25429e-05 0.0025 0.546567 0.429344 1.96382 0.00914801 378 4 1 8.88535e-10 
0.709944 0.673118 0.000229395 0.0025 0.546561 0.429344 1.96384 0.0091481 379 4 1 8.73139e-10 
0.714519 0.673115 0.000362126 0.0025 0.546555 0.429343 1.96386 0.00914821 380 4 1 2.44186e-09 
0.719093 0.673112 0.000478378 0.0025 0.546548 0.429342 1.96388 0.00914832 381 4 1 -1.38331e-09 
0.723667 0.673108 0.000566382 0.0025 0.546541 0.42934 1.9639 0.00914844 382 4 1 1.38302e-09 
0.728241 0.673104 0.000617391 0.0025 0.546533 0.429339 1.96392 0.00914858 383 4 1 4.90438e-09 
0.732815 0.6731 0.000627667 0.0025 0.546524 0.429337 1.96395 0.00914873 384 4 1 -1.48394e-09 
0.73739 0.673097 0.00059935 0.0025 0.546515 0.429336 1.96397 0.00914888 385 4 1 2.29589e-09 
0.741964 0.673093 0.000539914 0.0025 0.546506 0.429335 1.964 0.00914904 386 4 1 3.79988e-09 
0.746539 0.67309 0.000460338 0.0025 0.546495 0.429334 1.96403 0.00914921 387 4 1 3.10174e-09 
0.751114 0.673088 0.000372603 0.0025 0.546484 0.429333 1.96407 0.0091494 388 4 1 4.97507e-09 
0.755688 0.673086 0.000287288 0.0025 0.546472 0.429332 1.96411 0.0091496 389 4 1 -2.01783e-09 
0.760263 0.673084 0.000211943 0.0025 0.54646 0.429331 1.96415 0.00914981 390 4 1 5.66154e-09 
0.764838 0.673082 0.000150544 0.0025 0.546446 0.429331 1.96419 0.00915003 391 4 1 4.90985e-09 
0.769413 0.673081 0.000103914 0.0025 0.546432 0.429331 1.96425 0.00915027 392 4 1 8.34349e-09 
0.773988 0.67308 7.07066e-05 0.0025 0.546418 0.429333 1.96431 0.00915051 393 4 1 -3.4346e-09 
0.778564 0.673079 4.84892e-05 0.0025 0.546394 0.429334 1.96437 0.0091509 394 4 1 1.43781e-07 
0.783139 0.673079 3.45824e-05 0.0025 0.546383 0.429363 1.9646 0.00915109 395 4 1 -1.38655e-07 
0.787715 0.673078 2.65323e-05 0.0025 0.545984 0.429208 1.96466 0.00915777 396 5 1 3.4856e-06 
0.792297 0.673077 2.22658e-05 0.0025 0.548249 0.430872 1.96852 0.00911994 397 3 1 -1.90585e-05 
0.796835 0.673077 2.01367e-05 0.0025 0.536918 0.426201 1.95006 0.0093124 398 4 1 0.000179254 
0.801616 0.673076 1.88408e-05 0.0025 0.51106 0.432738 2.15252 0.00978358 399 4 1 -0.000134225 
0.806625 0.673076 1.80528e-05 0.0025 0.482814 0.424512 2.1555 0.010356 400 4 1 0.000266087 
0.811986 0.673075 1.9025e-05 0.0025 0.454329 0.432955 2.44419 0.0110052 401 4 1 -0.000240408 
0.817641 0.673075 2.96343e-05 0.0025 0.447031 0.42729 2.38027 0.0111849 402 5 1 5.38097e-05 
0.823172 0.673075 6.88418e-05 0.0025 0.452461 0.429661 2.37466 0.0110507 403 4 1 -3.01285e-06 
0.828692 0.673074 0.000147661 0.0025 0.453643 0.429331 2.36526 0.0110219 404 4 1 3.91298e-06 
0.834194 0.673074 -2.16439e-05 0.0025 0.454723 0.42939 2.36047 0.0109957 405 4 1 1.27395e-06 
0.839687 0.673071 -0.00200498 0.0025 0.455348 0.429365 2.35718 0.0109806 406 4 1 8.5381e-07 
0.845175 0.673051 -0.0113557 0.0025 0.4558 0.429364 2.35489 0.0109697 407 4 1 5.75377e-07 
0.850657 0.672973 -0.0378888 0.0025 0.456145 0.429389 2.35328 0.0109614 408 4 1 3.8023e-07 
0.856136 0.672797 -0.0523372 0.0025 0.456424 0.429426 2.35212 0.0109547 409 4 1 -1.25604e-08 
0.861612 0.672841 0.188568 0.0025 0.456478 0.429223 2.35091 0.0109534 410 3 1 -1.07344e-06 
0.867089 0.675764 1.74854 0.0025 0.455822 0.428298 2.34851 0.0109692 411 5 1 2.89605e-06 
0.872581 0.678728 -2.12947 0.0025 0.456911 0.430165 2.34981 0.0109431 412 4 1 3.78697e-05 
0.878033 0.643821 -21.1046 0.0025 0.469951 0.448741 2.37717 0.0106394 413 4 1 0.000158554 
0.883232 0.52415 -48.6537 0.0025 0.509184 0.504592 2.46332 0.00981964 414 4 1 0.000250557 
0.887898 0.343251 -53.1639 0.0025 0.575024 0.600692 2.60244 0.00869529 415 4 1 0.000167811 
0.891979 0.193054 -34.5325 0.0025 0.646069 0.708012 2.73945 0.00773911 416 4 1 5.56041e-05 
0.895662 0.104482 -19.5621 0.0025 0.7015 0.795076 2.83633 0.00712758 417 4 1 6.80867e-06 
0.899115 0.0535717 -11.1534 0.0025 0.738015 0.854046 2.89577 0.00677493 418 4 1 -8.09121e-06 
0.902439 0.0260726 -5.69074 0.0025 0.759848 0.889863 2.92981 0.00658026 419 4 1 -9.87162e-06 
0.905696 0.01224 -2.84324 0.0025 0.771583 0.909348 2.94757 0.00648018 420 4 1 -6.51219e-06 
0.90892 0.00547535 -1.35637 0.0025 0.777517 0.919239 2.95633 0.00643073 421 4 1 -3.62636e-06 
0.912127 0.0023004 -0.635657 0.0025 0.78039 0.924017 2.96043 0.00640705 422 4 1 -1.8185e-06 
0.915327 0.000825953 -0.296114 0.0025 0.781757 0.92626 2.96226 0.00639585 423 4 1 -8.62779e-07 
0.918523 0.000148788 -0.137213 0.0025 0.782412 0.927301 2.96302 0.00639049 424 4 1 -4.05266e-07 
0.921717 -0.000158616 -0.063085 0.0025 0.782736 0.927781 2.96329 0.00638785 425 4 1 -1.90021e-07 
0.924911 -0.000293633 -0.0279813 0.0025 0.782908 0.928001 2.96333 0.00638645 426 4 1 -8.98471e-08 
0.928104 -0.000347102 -0.0111856 0.0025 0.783008 0.928099 2.96326 0.00638563 427 4 1 -4.84334e-08 
0.931296 -0.000360894 -0.00274114 0.0025 0.783076 0.928138 2.96312 0.00638508 428 4 1 -3.39962e-08 
0.934489 -0.000348671 0.00555835 0.0025 0.783126 0.928144 2.96295 0.00638467 429 4 1 -2.17043e-08 
0.937681 -0.000329103 0.00164404 0.0025 0.783173 0.928138 2.96275 0.00638429 430 4 1 -1.81246e-08 
0.940873 -0.000308329 0.00721921 0.0025 0.783222 0.928127 2.96253 0.00638388 431 4 1 -1.63993e-08 
0.944065 -0.000285153 0.00210991 0.0025 0.783277 0.928116 2.96229 0.00638344 432 4 1 -2.03561e-08 
0.947257 -0.000266336 0.00692771 0.0025 0.783338 0.928104 2.96202 0.00638294 433 4 1 -2.8446e-08 
0.950448 -0.000244049 0.00305954 0.0025 0.783407 0.928091 2.96172 0.00638238 434 4 1 -3.22792e-08 
0.953639 -0.000225987 0.00658722 0.0025 0.783486 0.928079 2.96138 0.00638173 435 4 1 -3.33626e-08 
0.95683 -0.000206622 0.00205904 0.0025 0.783578 0.928068 2.961 0.00638099 436 4 1 -3.36881e-08 
0.96002 -0.000188359 0.00658515 0.0025 0.78368 0.928058 2.96058 0.00638016 437 4 1 -3.19835e-08 
0.96321 -0.000168921 -0.000235356 0.0025 0.783795 0.92805 2.96012 0.00637922 438 4 1 -3.51119e-08 
0.966399 -0.000153887 0.00643607 0.0025 0.783921 0.928042 2.95962 0.00637819 439 4 1 -3.62454e-08 
0.969588 -0.000133774 -0.000304509 0.0025 0.78406 0.928035 2.95907 0.00637706 440 4 1 -3.39356e-08 
0.972776 -0.000122635 0.00531284 0.0025 0.784212 0.92803 2.95849 0.00637583 441 4 1 -2.62047e-08 
0.975964 -0.000101851 0.000590023 0.0025 0.784374 0.928029 2.95786 0.00637451 442 4 1 1.28248e-08 
0.979151 -9.12969e-05 0.00374353 0.0025 0.784538 0.928041 2.95726 0.00637318 443 4 1 1.37781e-07 
0.982337 -7.1847e-05 0.000899419 0.0025 0.78467 0.928082 2.95682 0.0063721 444 3 1 5.16463e-07 
0.985523 -6.18121e-05 0.00232894 0.0025 0.784642 0.928179 2.95699 0.00637234 445 4 1 1.70133e-06 
0.988709 -4.55295e-05 0.000321289 0.0025 0.784066 0.92837 2.95921 0.00637701 446 4 1 4.52782e-06 
0.9919 -3.49553e-05 0.000650661 0.0025 0.781455 0.9283 2.96686 0.00639832 447 4 1 1.4943e-05 
0.995108 -1.98841e-05 -0.000250241 0.0025 0.774089 0.927472 2.99231 0.00645921 448 4 1 1.77285e-05 
0.998359 -7.71059e-06 0.00025322 0.0025 0.765364 0.927593 3.03755 0.00653284 449 4 1 -3.46217e-05 
1.00164 7.71059e-06 -0.00025322 0.0025 0.765364 0.927593 3.03755 0.00653284 450 4 1 -3.46217e-05 
1.00489 1.98841e-05 0.000250242 0.0025 0.774089 0.927472 2.99231 0.00645921 451 4 1 1.77285e-05 
1.0081 3.49553e-05 -0.000650661 0.0025 0.781455 0.9283 2.96686 0.00639832 452 4 1 1.4943e-05 
1.01129 4.55295e-05 -0.000321289 0.0025 0.784066 0.92837 2.95921 0.00637701 453 4 1 4.52782e-06 
1.01448 6.18121e-05 -0.00232894 0.0025 0.784642 0.928179 2.95699 0.00637234 454 4 1 1.70133e-06 
1.01766 7.1847e-05 -0.000899419 0.0025 0.78467 0.928082 2.95682 0.0063721 455 3 1 5.16463e-07 
1.02085 9.12969e-05 -0.00374353 0.0025 0.784538 0.928041 2.95726 0.00637318 456 4 1 1.37781e-07 
1.02404 0.000101851 -0.000590024 0.0025 0.784374 0.928029 2.95786 0.00637451 457 4 1 1.28248e-08 
1.02722 0.000122635 -0.00531284 0.0025 0.784212 0.92803 2.95849 0.00637583 458 4 1 -2.62047e-08 
1.03041 0.000133774 0.000304509 0.0025 0.78406 0.928035 2.95907 0.00637706 459 4 1 -3.39356e-08 
1.0336 0.000153887 -0.00643607 0.0025 0.783921 0.928042 2.95962 0.00637819 460 4 1 -3.62454e-08 
1.03679 0.000168921 0.000235356 0.0025 0.783795 0.92805 2.96012 0.00637922 461 4 1 -3.51119e-08 
1.03998 0.000188359 -0.00658515 0.0025 0.78368 0.928058 2.96058 0.00638016 462 4 1 -3.19835e-08 
1.04317 0.000206622 -0.00205904 0.0025 0.783578 0.928068 2.961 0.00638099 463 4 1 -3.36881e-08 
1.04636 0.000225987 -0.00658722 0.0025 0.783486 0.928079 2.96138 0.00638173 464 4 1 -3.33626e-08 
1.04955 0.000244049 -0.00305954 0.0025 0.783407 0.928091 2.96172 0.00638238 465 4 1 -3.22792e-08 
1.05274 0.000266336 -0.00692771 0.0025 0.783338 0.928104 2.96202 0.00638294 466 4 1 -2.8446e-08 
1.05594 0.000285153 -0.00210991 0.0025 0.783277 0.928116 2.96229 0.00638344 467 4 1 -2.03561e-08 
1.05913 0.000308329 -0.00721921 0.0025 0.783222 0.928127 2.96253 0.00638388 468 4 1 -1.63993e-08 
1.06232 0.000329103 -0.00164404 0.0025 0.783173 0.928138 2.96275 0.00638429 469 4 1 -1.81246e-08 
1.06551 0.000348671 -0.00555835 0.0025 0.783126 0.928144 2.96295 0.00638467 470 4 1 -2.17043e-08 
1.0687 0.000360894 0.00274114 0.0025 0.783076 0.928138 2.96312 0.00638508 471 4 1 -3.39962e-08 
1.0719 0.000347102 0.0111856 0.0025 0.783008 0.928099 2.96326 0.00638563 472 4 1 -4.84334e-08 
1.07509 0.000293633 0.0279813 0.0025 0.782908 0.928001 2.96333 0.00638645 473 4 1 -8.98471e-08 
1.07828 0.000158616 0.063085 0.0025 0.782736 0.927781 2.96329 0.00638785 474 4 1 -1.90021e-07 
1.08148 -0.000148788 0.137213 0.0025 0.782412 0.927301 2.96302 0.00639049 475 4 1 -4.05266e-07 
1.08467 -0.000825953 0.296114 0.0025 0.781757 0.92626 2.96226 0.00639585 476 4 1 -8.62779e-07 
1.08787 -0.0023004 0.635657 0.0025 0.78039 0.924017 2.96043 0.00640705 477 4 1 -1.8185e-06 
1.09108 -0.00547535 1.35637 0.0025 0.777517 0.919239 2.95633 0.00643073 478 4 1 -3.62636e-06 
1.0943 -0.01224 2.84324 0.0025 0.771583 0.909348 2.94757 0.00648018 479 4 1 -6.51219e-06 
1.09756 -0.0260726 5.69074 0.0025 0.759848 0.889863 2.92981 0.00658026 480 4 1 -9.87162e-06 
1.10088 -0.0535717 11.1534 0.0025 0.738015 0.854046 2.89577 0.00677493 481 4 1 -8.09121e-06 
1.10434 -0.104482 19.5621 0.0025 0.7015 0.795076 2.83633 0.00712758 482 4 1 6.80867e-06 
1.10802 -0.193054 34.5325 0.0025 0.646069 0.708012 2.73945 0.00773911 483 4 1 5.56041e-05 
1.1121 -0.343251 53.1639 0.0025 0.575024 0.600692 2.60244 0.00869529 484 4 1 0.000167811 
1.11677 -0.52415 48.6537 0.0025 0.509184 0.504592 2.46332 0.00981964 485 4 1 0.000250557 
1.12197 -0.643821 21.1046 0.0025 0.469951 0.448741 2.37717 0.0106394 486 4 1 0.000158554 
1.12742 -0.678728 2.12947 0.0025 0.456911 0.430165 2.34981 0.0109431 487 4 1 3.78697e-05 
1.13291 -0.675764 -1.74854 0.0025 0.455822 0.428298 2.34851 0.0109692 488 5 1 2.89605e-06 
1.13839 -0.672841 -0.188568 0.0025 0.456478 0.429223 2.35091 0.0109534 489 3 1 -1.07344e-06 
1.14386 -0.672797 0.0523372 0.0025 0.456424 0.429426 2.35212 0.0109547 490 4 1 -1.25604e-08 
1.14934 -0.672973 0.0378888 0.0025 0.456145 0.429389 2.35328 0.0109614 491 4 1 3.8023e-07 
1.15483 -0.673051 0.0113557 0.0025 0.4558 0.429364 2.35489 0.0109697 492 4 1 5.75377e-07 
1.16031 -0.673071 0.00200498 0.0025 0.455348 0.429365 2.35718 0.0109806 493 4 1 8.5381e-07 
1.16581 -0.673074 2.16439e-05 0.0025 0.454723 0.42939 2.36047 0.0109957 494 4 1 1.27395e-06 
1.17131 -0.673074 -0.000147661 0.0025 0.453643 0.429331 2.36526 0.0110219 495 4 1 3.91298e-06 
1.17683 -0.673075 -6.88418e-05 0.0025 0.452461 0.429661 2.37466 0.0110507 496 4 1 -3.01285e-06 
1.18236 -0.673075 -2.96343e-05 0.0025 0.447031 0.42729 2.38027 0.0111849 497 5 1 5.38097e-05 
1.18801 -0.673075 -1.9025e-05 0.0025 0.454329 0.432955 2.44419 0.0110052 498 4 1 -0.000240408 
1.19337 -0.673076 -1.80528e-05 0.0025 0.482814 0.424512 2.1555 0.010356 499 4 1 0.000266087 
