# Time [s]: 0.4588
# Columns: pos [m], vel [m/s], acc [m/s^2], mass [kg], dens [kg/m^3], pres [Pa], ene [J/kg], sml [m], id, neighbor, alpha, gradh, ...additional?
1.19341 -0.673077 -3.60924e-05 0.0025 0.511061 0.432739 2.15252 0.00978357 0 4 1 -0.000134225 
1.19819 -0.673077 -3.78246e-05 0.0025 0.536919 0.426202 1.95006 0.00931239 1 4 1 0.000179254 
1.20273 -0.673078 -4.58572e-05 0.0025 0.54825 0.430872 1.96852 0.00911993 2 3 1 -1.90585e-05 
1.20731 -0.673078 -5.96954e-05 0.0025 0.545985 0.429208 1.96466 0.00915776 3 5 1 3.48562e-06 
1.21189 -0.673079 -8.10539e-05 0.0025 0.546384 0.429364 1.9646 0.00915108 4 4 1 -1.38619e-07 
1.21646 -0.67308 -0.000112531 0.0025 0.546395 0.429335 1.96437 0.00915089 5 4 1 1.43829e-07 
1.22104 -0.673081 -0.000156483 0.0025 0.546419 0.429334 1.96431 0.00915049 6 4 1 -3.37631e-09 
1.22561 -0.673082 -0.00021431 0.0025 0.546433 0.429332 1.96425 0.00915026 7 4 1 8.40843e-09 
1.23019 -0.673084 -0.000285552 0.0025 0.546448 0.429333 1.9642 0.00915 8 4 1 4.9733e-09 
1.23476 -0.673086 -0.000366994 0.0025 0.546461 0.429333 1.96415 0.00914978 9 4 1 5.71158e-09 
1.23934 -0.673088 -0.000452216 0.0025 0.546474 0.429334 1.96411 0.00914957 10 4 1 -1.9954e-09 
1.24391 -0.673091 -0.000531916 0.0025 0.546486 0.429335 1.96407 0.00914936 11 4 1 4.95683e-09 
1.24849 -0.673094 -0.00059517 0.0025 0.546498 0.429336 1.96403 0.00914917 12 4 1 3.03495e-09 
1.25306 -0.673098 -0.000631452 0.0025 0.546509 0.429338 1.964 0.00914899 13 4 1 3.68539e-09 
1.25764 -0.673101 -0.000632883 0.0025 0.546518 0.429339 1.96398 0.00914883 14 4 1 2.14455e-09 
1.26221 -0.673105 -0.000596059 0.0025 0.546527 0.429341 1.96395 0.00914867 15 4 1 -1.65285e-09 
1.26679 -0.673108 -0.000522884 0.0025 0.546536 0.429342 1.96392 0.00914852 16 4 1 4.74155e-09 
1.27136 -0.673112 -0.000420152 0.0025 0.546544 0.429344 1.9639 0.00914839 17 4 1 1.24869e-09 
1.27593 -0.673115 -0.000298051 0.0025 0.546551 0.429345 1.96388 0.00914828 18 4 1 -1.47285e-09 
1.28051 -0.673117 -0.000168072 0.0025 0.546558 0.429345 1.96386 0.00914817 19 4 1 2.40433e-09 
1.28508 -0.673119 -4.09271e-05 0.0025 0.546563 0.429346 1.96384 0.00914807 20 4 1 8.85342e-10 
1.28966 -0.67312 7.49976e-05 0.0025 0.546568 0.429346 1.96382 0.00914799 21 4 1 9.40853e-10 
1.29423 -0.673121 0.000174405 0.0025 0.546573 0.429346 1.96381 0.00914791 22 4 1 8.54389e-10 
1.2988 -0.673122 0.000255087 0.0025 0.546576 0.429345 1.96379 0.00914785 23 4 1 -3.20316e-10 
1.30338 -0.673122 0.000317395 0.0025 0.54658 0.429344 1.96378 0.00914779 24 4 1 1.38433e-09 
1.30795 -0.673123 0.000363443 0.0025 0.546583 0.429344 1.96376 0.00914774 25 4 1 6.93857e-10 
1.31253 -0.673123 0.000396294 0.0025 0.546585 0.429343 1.96375 0.0091477 26 4 1 -3.60706e-10 
1.3171 -0.673123 0.000419225 0.0025 0.546588 0.429342 1.96374 0.00914766 27 4 1 1.25719e-09 
1.32167 -0.673123 0.000435164 0.0025 0.54659 0.429341 1.96372 0.00914763 28 4 1 9.23831e-10 
1.32625 -0.673124 0.000446349 0.0025 0.546592 0.42934 1.96371 0.0091476 29 4 1 -6.95055e-10 
1.33082 -0.673124 0.000454259 0.0025 0.546593 0.429338 1.9637 0.00914757 30 4 1 5.82851e-10 
1.33539 -0.673125 0.000459788 0.0025 0.546595 0.429337 1.96369 0.00914754 31 4 1 2.04327e-09 
1.33997 -0.673126 0.000463536 0.0025 0.546596 0.429336 1.96368 0.00914752 32 4 1 -7.8527e-10 
1.34454 -0.673126 0.000466091 0.0025 0.546597 0.429335 1.96367 0.0091475 33 4 1 -7.61129e-10 
1.34912 -0.673128 0.000468247 0.0025 0.546598 0.429334 1.96366 0.00914748 34 4 1 2.17927e-09 
1.35369 -0.673129 0.000471219 0.0025 0.546599 0.429332 1.96365 0.00914747 35 4 1 -1.51108e-10 
1.35826 -0.67313 0.000476867 0.0025 0.5466 0.429331 1.96364 0.00914746 36 4 1 -8.25232e-10 
1.36284 -0.673132 0.000487752 0.0025 0.546601 0.42933 1.96363 0.00914744 37 4 1 1.47282e-09 
1.36741 -0.673134 0.000506661 0.0025 0.546601 0.429328 1.96363 0.00914743 38 4 1 1.29181e-10 
1.37198 -0.673136 0.000535519 0.0025 0.546602 0.429327 1.96362 0.00914743 39 4 1 -7.1144e-10 
1.37656 -0.673138 0.000574178 0.0025 0.546602 0.429326 1.96361 0.00914742 40 4 1 7.16538e-10 
1.38113 -0.673141 0.000620085 0.0025 0.546602 0.429324 1.9636 0.00914742 41 3 1 4.34649e-10 
1.38571 -0.673143 0.000669552 0.0025 0.546602 0.429323 1.9636 0.00914742 42 4 1 -6.36447e-10 
1.39028 -0.673146 0.000720189 0.0025 0.546602 0.429321 1.96359 0.00914743 43 4 1 -1.6061e-11 
1.39485 -0.673148 0.000772874 0.0025 0.546601 0.429319 1.96358 0.00914743 44 4 1 9.54972e-10 
1.39943 -0.673151 0.000831498 0.0025 0.546601 0.429317 1.96358 0.00914745 45 4 1 -3.943e-10 
1.404 -0.673155 0.000900124 0.0025 0.5466 0.429315 1.96357 0.00914746 46 4 1 -7.66342e-10 
1.40857 -0.673158 0.000979288 0.0025 0.546599 0.429312 1.96356 0.00914748 47 4 1 5.22247e-10 
1.41315 -0.673161 0.00106424 0.0025 0.546597 0.429309 1.96355 0.0091475 48 4 1 1.95148e-10 
1.41772 -0.673165 0.00114693 0.0025 0.546596 0.429307 1.96355 0.00914753 49 4 1 -6.83819e-10 
1.4223 -0.673169 0.00122089 0.0025 0.546594 0.429304 1.96354 0.00914756 50 4 1 -3.47456e-10 
1.42687 -0.673173 0.00128602 0.0025 0.546592 0.4293 1.96353 0.00914759 51 4 1 6.11677e-10 
1.43144 -0.673178 0.00134976 0.0025 0.54659 0.429297 1.96352 0.00914763 52 4 1 -1.08664e-10 
1.43602 -0.673183 0.00142386 0.0025 0.546587 0.429293 1.96352 0.00914767 53 4 1 -8.81907e-10 
1.44059 -0.673189 0.0015184 0.0025 0.546585 0.429289 1.96351 0.00914771 54 4 1 -8.43943e-11 
1.44516 -0.673195 0.00163687 0.0025 0.546582 0.429285 1.9635 0.00914776 55 4 1 4.65097e-10 
1.44974 -0.673202 0.00177464 0.0025 0.546579 0.429281 1.96349 0.00914781 56 4 1 -6.09075e-10 
1.45431 -0.67321 0.00192152 0.0025 0.546575 0.429276 1.96348 0.00914787 57 4 1 -1.02274e-09 
1.45889 -0.673217 0.00206717 0.0025 0.546571 0.429271 1.96347 0.00914794 58 4 1 1.98048e-10 
1.46346 -0.673226 0.00220787 0.0025 0.546567 0.429265 1.96346 0.00914801 59 4 1 -7.76982e-11 
1.46803 -0.673235 0.00235154 0.0025 0.546562 0.429259 1.96345 0.00914809 60 4 1 -8.05309e-10 
1.47261 -0.673246 0.00251728 0.0025 0.546557 0.429253 1.96344 0.00914817 61 4 1 -6.84151e-10 
1.47718 -0.673257 0.00272655 0.0025 0.546552 0.429246 1.96343 0.00914827 62 4 1 -1.50673e-10 
1.48176 -0.67327 0.00298921 0.0025 0.546546 0.429239 1.96342 0.00914837 63 4 1 -6.33927e-10 
1.48633 -0.673283 0.00329388 0.0025 0.546539 0.429231 1.9634 0.00914848 64 4 1 -1.17036e-09 
1.49091 -0.673297 0.00361295 0.0025 0.546531 0.429222 1.96339 0.00914861 65 4 1 -8.205e-10 
1.49548 -0.673313 0.00392379 0.0025 0.546523 0.429212 1.96338 0.00914875 66 4 1 -7.36241e-10 
-0.499946 -0.673331 0.0042326 0.0025 0.546514 0.429201 1.96336 0.0091489 67 4 1 -1.0056e-09 
-0.495371 -0.67335 0.00458053 0.0025 0.546504 0.429189 1.96334 0.00914907 68 4 1 -1.19479e-09 
-0.490797 -0.673372 0.00502114 0.0025 0.546493 0.429177 1.96332 0.00914925 69 4 1 -1.15256e-09 
-0.486222 -0.673396 0.00558229 0.0025 0.54648 0.429163 1.9633 0.00914946 70 4 1 -1.64017e-09 
-0.481647 -0.673422 0.00624341 0.0025 0.546467 0.429147 1.96328 0.00914969 71 4 1 -2.08873e-09 
-0.477072 -0.67345 0.00695187 0.0025 0.546452 0.42913 1.96326 0.00914994 72 4 1 -1.98059e-09 
-0.472497 -0.673482 0.00767162 0.0025 0.546435 0.429111 1.96323 0.00915023 73 4 1 -2.07962e-09 
-0.467922 -0.673517 0.00842506 0.0025 0.546416 0.429089 1.9632 0.00915054 74 4 1 -2.41947e-09 
-0.463347 -0.673557 0.00928761 0.0025 0.546395 0.429066 1.96317 0.0091509 75 4 1 -2.71605e-09 
-0.458771 -0.673602 0.0103341 0.0025 0.546371 0.42904 1.96313 0.00915129 76 4 1 -3.11816e-09 
-0.454195 -0.673652 0.0115864 0.0025 0.546345 0.42901 1.96309 0.00915172 77 4 1 -3.63173e-09 
-0.449619 -0.673707 0.013011 0.0025 0.546316 0.428978 1.96305 0.00915221 78 4 1 -4.14302e-09 
-0.445043 -0.673768 0.0145567 0.0025 0.546284 0.428942 1.963 0.00915276 79 4 1 -4.44364e-09 
-0.440467 -0.673836 0.0161781 0.0025 0.546247 0.428901 1.96295 0.00915337 80 4 1 -4.55589e-09 
-0.43589 -0.673911 0.0178388 0.0025 0.546207 0.428856 1.96289 0.00915404 81 4 1 -4.59443e-09 
-0.431313 -0.673994 0.0195226 0.0025 0.546162 0.428807 1.96282 0.00915478 82 4 1 -4.52634e-09 
-0.426735 -0.674085 0.0212365 0.0025 0.546114 0.428754 1.96275 0.00915559 83 4 1 -4.351e-09 
-0.422157 -0.674185 0.0229767 0.0025 0.546062 0.428697 1.96267 0.00915646 84 4 1 -4.09438e-09 
-0.417579 -0.674292 0.0246915 0.0025 0.546007 0.428635 1.96259 0.00915739 85 4 1 -3.61498e-09 
-0.413 -0.674405 0.0262687 0.0025 0.545948 0.42857 1.96251 0.00915838 86 4 1 -2.75085e-09 
-0.40842 -0.674522 0.0274872 0.0025 0.545887 0.428503 1.96242 0.00915941 87 4 1 -1.11949e-09 
-0.40384 -0.67464 0.02791 0.0025 0.545825 0.428434 1.96233 0.00916045 88 4 1 1.52653e-09 
-0.39926 -0.674758 0.0271094 0.0025 0.545763 0.428367 1.96224 0.00916148 89 4 1 4.93933e-09 
-0.394679 -0.674873 0.0253242 0.0025 0.545706 0.428304 1.96215 0.00916244 90 4 1 7.76962e-09 
-0.390097 -0.674979 0.0230962 0.0025 0.545655 0.428247 1.96208 0.0091633 91 4 1 9.53958e-09 
-0.385515 -0.67507 0.019975 0.0025 0.545611 0.4282 1.96202 0.00916403 92 4 1 1.26619e-08 
-0.380933 -0.675139 0.0149534 0.0025 0.545579 0.428164 1.96197 0.00916458 93 4 1 1.66101e-08 
-0.376351 -0.675182 0.00798883 0.0025 0.545559 0.428142 1.96194 0.00916491 94 4 1 1.64877e-08 
-0.371768 -0.675207 0.00552684 0.0025 0.545554 0.428138 1.96193 0.00916499 95 5 1 4.22098e-08 
-0.367186 -0.675163 -0.0228375 0.0025 0.545584 0.428171 1.96197 0.00916449 96 4 1 6.5173e-08 
-0.362604 -0.675026 -0.036472 0.0025 0.545669 0.428268 1.96209 0.00916306 97 4 1 1.44522e-07 
-0.358023 -0.674697 -0.118561 0.0025 0.545874 0.428499 1.96239 0.00915962 98 4 1 3.09391e-07 
-0.353444 -0.673866 -0.262764 0.0025 0.546326 0.428998 1.96304 0.00915205 99 4 1 4.0784e-07 
-0.348871 -0.672399 -0.404053 0.0025 0.54709 0.429839 1.96413 0.00913926 100 4 1 4.42569e-07 
-0.344305 -0.670347 -0.538755 0.0025 0.548174 0.431033 1.96569 0.00912119 101 4 1 5.42003e-07 
-0.33975 -0.667623 -0.718666 0.0025 0.549622 0.432632 1.96776 0.00909717 102 4 1 7.16845e-07 
-0.335208 -0.664031 -0.943155 0.0025 0.551515 0.434722 1.97047 0.00906593 103 4 1 8.61569e-07 
-0.330684 -0.659487 -1.16973 0.0025 0.553893 0.437346 1.97387 0.00902701 104 4 1 8.92604e-07 
-0.326181 -0.654095 -1.3431 0.0025 0.5567 0.440447 1.97786 0.00898149 105 4 1 8.16417e-07 
-0.321702 -0.648166 -1.44682 0.0025 0.559814 0.443894 1.98228 0.00893154 106 4 1 7.15772e-07 
-0.317249 -0.641942 -1.50153 0.0025 0.563113 0.447559 1.98695 0.00887921 107 4 1 6.79884e-07 
-0.312823 -0.635545 -1.55423 0.0025 0.56654 0.451377 1.99177 0.00882549 108 4 1 7.19371e-07 
-0.308424 -0.628943 -1.62027 0.0025 0.570098 0.455351 1.99677 0.00877043 109 4 1 7.79894e-07 
-0.304052 -0.622099 -1.69453 0.0025 0.573801 0.459498 2.00195 0.00871382 110 4 1 8.41558e-07 
-0.29971 -0.614978 -1.77798 0.0025 0.577664 0.463835 2.00733 0.00865555 111 4 1 8.68354e-07 
-0.295397 -0.607616 -1.84338 0.0025 0.581676 0.468349 2.01289 0.00859585 112 4 1 8.56075e-07 
-0.291114 -0.600083 -1.8934 0.0025 0.585801 0.473003 2.01859 0.00853532 113 4 1 8.15046e-07 
-0.286861 -0.592496 -1.91535 0.0025 0.589994 0.477748 2.02436 0.00847466 114 4 1 7.63588e-07 
-0.282639 -0.584892 -1.92487 0.0025 0.594213 0.482536 2.03013 0.0084145 115 4 1 7.11846e-07 
-0.278447 -0.577344 -1.91615 0.0025 0.598423 0.487328 2.03588 0.00835529 116 4 1 6.65651e-07 
-0.274283 -0.569904 -1.90374 0.0025 0.602601 0.492097 2.04155 0.00829736 117 4 1 6.23279e-07 
-0.270149 -0.5626 -1.87928 0.0025 0.606731 0.496825 2.04713 0.00824088 118 4 1 5.96582e-07 
-0.266042 -0.555429 -1.8636 0.0025 0.61081 0.501508 2.05263 0.00818585 119 4 1 5.9841e-07 
-0.261963 -0.548353 -1.85884 0.0025 0.614853 0.506162 2.05805 0.00813202 120 4 1 5.8166e-07 
-0.25791 -0.541363 -1.84375 0.0025 0.618862 0.510787 2.06341 0.00807935 121 4 1 5.42696e-07 
-0.253884 -0.534507 -1.81912 0.0025 0.622822 0.515368 2.06868 0.00802798 122 4 1 5.40303e-07 
-0.249882 -0.527757 -1.81664 0.0025 0.626743 0.519917 2.07388 0.00797775 123 4 1 5.44524e-07 
-0.245906 -0.521062 -1.80997 0.0025 0.63064 0.524449 2.07903 0.00792845 124 4 1 5.16748e-07 
-0.241954 -0.514473 -1.79278 0.0025 0.634505 0.528953 2.08411 0.00788016 125 4 1 5.06024e-07 
-0.238026 -0.507971 -1.78661 0.0025 0.638338 0.533433 2.08914 0.00783284 126 4 1 5.21379e-07 
-0.234121 -0.501517 -1.79298 0.0025 0.642159 0.537908 2.09413 0.00778624 127 4 1 5.10187e-07 
-0.230239 -0.4951 -1.78381 0.0025 0.645967 0.542379 2.09909 0.00774033 128 4 1 4.99912e-07 
-0.22638 -0.488755 -1.78513 0.0025 0.649761 0.546845 2.10401 0.00769513 129 4 1 5.1122e-07 
-0.222544 -0.482442 -1.7907 0.0025 0.653555 0.551321 2.10892 0.00765046 130 4 1 5.28642e-07 
-0.21873 -0.476127 -1.80915 0.0025 0.657364 0.555824 2.11382 0.00760614 131 4 1 5.43236e-07 
-0.214938 -0.469795 -1.82669 0.0025 0.661198 0.560369 2.11875 0.00756203 132 4 1 5.38212e-07 
-0.211168 -0.463451 -1.83756 0.0025 0.665055 0.564951 2.12368 0.00751817 133 4 1 5.47514e-07 
-0.20742 -0.457099 -1.85997 0.0025 0.66894 0.569576 2.12863 0.00747451 134 4 1 5.59362e-07 
-0.203693 -0.450719 -1.87852 0.0025 0.672859 0.574254 2.13361 0.00743098 135 4 1 5.84488e-07 
-0.199989 -0.444295 -1.91899 0.0025 0.676827 0.579 2.13864 0.00738742 136 4 1 5.96063e-07 
-0.196306 -0.437799 -1.94341 0.0025 0.680846 0.583818 2.14371 0.0073438 137 4 1 5.53747e-07 
-0.192645 -0.431312 -1.93979 0.0025 0.684884 0.58867 2.14878 0.00730051 138 4 1 5.52474e-07 
-0.189005 -0.424853 -1.96258 0.0025 0.688935 0.593552 2.15386 0.00725758 139 4 1 5.73731e-07 
-0.185387 -0.418352 -1.98286 0.0025 0.693017 0.598481 2.15895 0.00721483 140 4 1 5.6157e-07 
-0.18179 -0.411845 -1.99391 0.0025 0.69712 0.603446 2.16406 0.00717237 141 4 1 5.36412e-07 
-0.178215 -0.405383 -1.99116 0.0025 0.701225 0.608427 2.16915 0.00713038 142 4 1 5.34186e-07 
-0.17466 -0.398929 -2.00493 0.0025 0.705333 0.613422 2.17422 0.00708885 143 4 1 5.32191e-07 
-0.171126 -0.392517 -2.00651 0.0025 0.709445 0.618435 2.17928 0.00704776 144 4 1 5.20627e-07 
-0.167612 -0.38612 -2.01298 0.0025 0.713556 0.623457 2.18432 0.00700716 145 4 1 5.07786e-07 
-0.164119 -0.379779 -2.00823 0.0025 0.71766 0.628483 2.18934 0.00696709 146 4 1 4.98434e-07 
-0.160645 -0.373478 -2.01118 0.0025 0.721754 0.633508 2.19433 0.00692756 147 4 1 4.98216e-07 
-0.157191 -0.367217 -2.0128 0.0025 0.725845 0.63854 2.19929 0.00688853 148 4 1 4.99491e-07 
-0.153756 -0.360973 -2.02178 0.0025 0.729935 0.643584 2.20424 0.00684993 149 4 1 4.95175e-07 
-0.150341 -0.354761 -2.0238 0.0025 0.734026 0.648639 2.20917 0.00681175 150 4 1 4.83174e-07 
-0.146945 -0.348595 -2.02507 0.0025 0.738112 0.653699 2.21408 0.00677404 151 4 1 4.79653e-07 
-0.143567 -0.342465 -2.02858 0.0025 0.742194 0.658765 2.21897 0.00673678 152 4 1 4.62319e-07 
-0.140208 -0.336404 -2.01727 0.0025 0.746264 0.663829 2.22383 0.00670004 153 4 1 4.82951e-07 
-0.136867 -0.330391 -2.04422 0.0025 0.750341 0.668913 2.22868 0.00666364 154 4 1 5.11841e-07 
-0.133544 -0.324375 -2.06529 0.0025 0.754449 0.674045 2.23356 0.00662735 155 4 1 4.8415e-07 
-0.130239 -0.318466 -2.0605 0.0025 0.758568 0.679202 2.23843 0.00659136 156 4 1 4.81769e-07 
-0.126953 -0.312671 -2.07502 0.0025 0.762696 0.684384 2.24329 0.00655569 157 4 1 5.24312e-07 
-0.123684 -0.30697 -2.11142 0.0025 0.766867 0.689631 2.24819 0.00652003 158 4 1 5.73503e-07 
-0.120432 -0.301363 -2.16593 0.0025 0.771116 0.694987 2.25316 0.00648411 159 4 1 6.21402e-07 
-0.117199 -0.295886 -2.23286 0.0025 0.775469 0.700487 2.25824 0.00644771 160 4 1 6.33205e-07 
-0.113985 -0.290625 -2.27607 0.0025 0.779925 0.706127 2.26342 0.00641088 161 4 1 6.58837e-07 
-0.110789 -0.285668 -2.34247 0.0025 0.784487 0.711919 2.26871 0.00637359 162 4 1 7.5236e-07 
-0.107611 -0.280954 -2.45484 0.0025 0.78921 0.717929 2.27416 0.00633545 163 4 1 8.26473e-07 
-0.104453 -0.276496 -2.56423 0.0025 0.794128 0.7242 2.27982 0.00629621 164 4 1 8.60208e-07 
-0.101315 -0.272332 -2.66904 0.0025 0.799232 0.730723 2.28567 0.006256 165 4 1 8.44984e-07 
-0.0981969 -0.268385 -2.72985 0.0025 0.804481 0.737447 2.29166 0.00621519 166 4 1 7.79864e-07 
-0.0950995 -0.2647 -2.74431 0.0025 0.809802 0.744284 2.29771 0.00617435 167 4 1 7.86703e-07 
-0.0920225 -0.261101 -2.79846 0.0025 0.815187 0.751224 2.30381 0.00613356 168 4 1 8.32973e-07 
-0.0889659 -0.257578 -2.85799 0.0025 0.820667 0.758305 2.30999 0.0060926 169 4 1 8.93187e-07 
-0.0859298 -0.254268 -2.97436 0.0025 0.826275 0.765567 2.31629 0.00605126 170 4 1 8.91492e-07 
-0.0829146 -0.251149 -3.05338 0.0025 0.831975 0.772956 2.32268 0.0060098 171 4 1 4.45595e-07 
-0.07992 -0.247873 -2.73862 0.0025 0.837406 0.780008 2.32874 0.00597082 172 4 1 -2.86984e-07 
-0.0769437 -0.243466 -2.10384 0.0025 0.842047 0.786068 2.3339 0.00593791 173 4 1 -4.66579e-07 
-0.073982 -0.237633 -1.75718 0.0025 0.845893 0.791125 2.33815 0.00591091 174 4 1 2.07359e-07 
-0.0710328 -0.231811 -2.08985 0.0025 0.849606 0.795996 2.34222 0.00588508 175 4 1 5.77892e-07 
-0.0680969 -0.226683 -2.22912 0.0025 0.853446 0.800987 2.34648 0.0058586 176 4 1 -8.0642e-07 
-0.0651741 -0.220123 -0.896072 0.0025 0.856231 0.804617 2.34958 0.00583955 177 4 1 -2.02505e-06 
-0.0622574 -0.210041 0.455056 0.0025 0.857019 0.805727 2.35042 0.00583418 178 4 1 -4.50713e-07 
-0.05934 -0.199236 -0.440518 0.0025 0.857429 0.806334 2.3508 0.00583139 179 4 1 1.7853e-06 
-0.056426 -0.191926 -1.94331 0.0025 0.859403 0.808863 2.35297 0.00581799 180 4 1 3.9663e-07 
-0.053522 -0.185303 -0.810613 0.0025 0.861536 0.811594 2.35539 0.00580359 181 4 1 -2.21548e-06 
-0.0506224 -0.174107 1.09194 0.0025 0.86156 0.811705 2.35541 0.00580343 182 3 1 -7.6161e-07 
-0.0477185 -0.16174 0.0519525 0.0025 0.860973 0.811012 2.35468 0.00580738 183 5 1 1.91697e-06 
-0.044815 -0.153522 -1.51124 0.0025 0.862108 0.812433 2.35592 0.00579974 184 4 1 4.55064e-07 
-0.0419188 -0.145912 -0.420709 0.0025 0.863553 0.814282 2.35758 0.00579003 185 3 1 -1.61775e-06 
-0.039025 -0.134964 0.68425 0.0025 0.863528 0.814315 2.35754 0.0057902 186 4 1 -1.99514e-07 
-0.0361286 -0.124074 -0.247889 0.0025 0.863344 0.8141 2.35728 0.00579143 187 5 1 9.70893e-07 
-0.0332335 -0.114858 -0.613046 0.0025 0.863991 0.814908 2.35801 0.0057871 188 4 1 -1.62173e-07 
-0.0303415 -0.105094 -0.00912263 0.0025 0.864488 0.815561 2.35858 0.00578377 189 4 1 -5.19875e-07 
-0.0274498 -0.0948746 0.0802877 0.0025 0.864522 0.815628 2.3586 0.00578354 190 4 1 9.69587e-08 
-0.0245579 -0.0849691 -0.133176 0.0025 0.864622 0.815763 2.3587 0.00578287 191 4 1 2.26647e-07 
-0.0216669 -0.0750821 -0.260506 0.0025 0.864945 0.816181 2.35906 0.00578071 192 4 1 4.52282e-08 
-0.0187772 -0.0657038 -0.177062 0.0025 0.865287 0.816621 2.35944 0.00577843 193 4 1 -3.30754e-07 
-0.0158885 -0.0550773 0.209721 0.0025 0.865297 0.816651 2.35946 0.00577836 194 3 1 -1.21995e-07 
-0.0129989 -0.0443505 -0.0561447 0.0025 0.865217 0.816556 2.35937 0.0057789 195 5 1 2.44639e-07 
-0.0101096 -0.034723 -0.132584 0.0025 0.865361 0.81673 2.35953 0.00577794 196 4 1 -1.74442e-08 
-0.00722092 -0.025564 -0.000768234 0.0025 0.865468 0.81688 2.35966 0.00577722 197 4 1 -3.72239e-08 
-0.00433235 -0.0151493 -0.0789932 0.0025 0.865539 0.81698 2.35975 0.00577675 198 4 1 -6.76884e-08 
-0.00144418 -0.00492756 0.0483984 0.0025 0.865573 0.817021 2.35978 0.00577652 199 3 1 -1.45979e-08 
0.00144418 0.00492756 -0.0483984 0.0025 0.865573 0.817021 2.35978 0.00577652 200 3 1 -1.45979e-08 
0.00433235 0.0151493 0.0789932 0.0025 0.865539 0.81698 2.35975 0.00577675 201 4 1 -6.76884e-08 
0.00722092 0.025564 0.000768234 0.0025 0.865468 0.81688 2.35966 0.00577722 202 4 1 -3.72239e-08 
0.0101096 0.034723 0.132584 0.0025 0.865361 0.81673 2.35953 0.00577794 203 4 1 -1.74442e-08 
0.0129989 0.0443505 0.0561447 0.0025 0.865217 0.816556 2.35937 0.0057789 204 5 1 2.44639e-07 
0.0158885 0.0550773 -0.209721 0.0025 0.865297 0.816651 2.35946 0.00577836 205 3 1 -1.21995e-07 
0.0187772 0.0657038 0.177062 0.0025 0.865287 0.816621 2.35944 0.00577843 206 4 1 -3.30754e-07 
0.0216669 0.0750821 0.260506 0.0025 0.864945 0.816181 2.35906 0.00578071 207 4 1 4.52282e-08 
0.0245579 0.0849691 0.133176 0.0025 0.864622 0.815763 2.3587 0.00578287 208 4 1 2.26647e-07 
0.0274498 0.0948746 -0.0802877 0.0025 0.864522 0.815628 2.3586 0.00578354 209 4 1 9.69587e-08 
0.0303415 0.105094 0.00912263 0.0025 0.864488 0.815561 2.35858 0.00578377 210 4 1 -5.19875e-07 
0.0332335 0.114858 0.613046 0.0025 0.863991 0.814908 2.35801 0.0057871 211 4 1 -1.62173e-07 
0.0361286 0.124074 0.247889 0.0025 0.863344 0.8141 2.35728 0.00579143 212 5 1 9.70893e-07 
0.039025 0.134964 -0.68425 0.0025 0.863528 0.814315 2.35754 0.0057902 213 4 1 -1.99514e-07 
0.0419188 0.145912 0.420709 0.0025 0.863553 0.814282 2.35758 0.00579003 214 3 1 -1.61775e-06 
0.044815 0.153522 1.51124 0.0025 0.862108 0.812433 2.35592 0.00579974 215 4 1 4.55064e-07 
0.0477185 0.16174 -0.0519525 0.0025 0.860973 0.811012 2.35468 0.00580738 216 5 1 1.91697e-06 
0.0506224 0.174107 -1.09194 0.0025 0.86156 0.811705 2.35541 0.00580343 217 3 1 -7.6161e-07 
0.053522 0.185303 0.810613 0.0025 0.861536 0.811594 2.35539 0.00580359 218 4 1 -2.21548e-06 
0.056426 0.191926 1.94331 0.0025 0.859403 0.808863 2.35297 0.00581799 219 4 1 3.9663e-07 
0.05934 0.199236 0.440518 0.0025 0.857429 0.806334 2.3508 0.00583139 220 4 1 1.7853e-06 
0.0622574 0.210041 -0.455056 0.0025 0.857019 0.805727 2.35042 0.00583418 221 4 1 -4.50713e-07 
0.0651741 0.220123 0.896072 0.0025 0.856231 0.804617 2.34958 0.00583955 222 4 1 -2.02505e-06 
0.0680969 0.226683 2.22912 0.0025 0.853446 0.800987 2.34648 0.0058586 223 4 1 -8.0642e-07 
0.0710328 0.231811 2.08985 0.0025 0.849606 0.795996 2.34222 0.00588508 224 4 1 5.77892e-07 
0.073982 0.237633 1.75718 0.0025 0.845893 0.791125 2.33815 0.00591091 225 4 1 2.07359e-07 
0.0769437 0.243466 2.10384 0.0025 0.842047 0.786068 2.3339 0.00593791 226 4 1 -4.66579e-07 
0.07992 0.247873 2.73862 0.0025 0.837406 0.780008 2.32874 0.00597082 227 4 1 -2.86984e-07 
0.0829146 0.251149 3.05338 0.0025 0.831975 0.772956 2.32268 0.0060098 228 4 1 4.45595e-07 
0.0859298 0.254268 2.97436 0.0025 0.826275 0.765567 2.31629 0.00605126 229 4 1 8.91492e-07 
0.0889659 0.257578 2.85799 0.0025 0.820667 0.758305 2.30999 0.0060926 230 4 1 8.93187e-07 
0.0920225 0.261101 2.79846 0.0025 0.815187 0.751224 2.30381 0.00613356 231 4 1 8.32973e-07 
0.0950995 0.2647 2.74431 0.0025 0.809802 0.744284 2.29771 0.00617435 232 4 1 7.86703e-07 
0.0981969 0.268385 2.72985 0.0025 0.804481 0.737447 2.29166 0.00621519 233 4 1 7.79864e-07 
0.101315 0.272332 2.66904 0.0025 0.799232 0.730723 2.28567 0.006256 234 4 1 8.44984e-07 
0.104453 0.276496 2.56423 0.0025 0.794128 0.7242 2.27982 0.00629621 235 4 1 8.60208e-07 
0.107611 0.280954 2.45484 0.0025 0.78921 0.717929 2.27416 0.00633545 236 4 1 8.26473e-07 
0.110789 0.285668 2.34247 0.0025 0.784487 0.711919 2.26871 0.00637359 237 4 1 7.5236e-07 
0.113985 0.290625 2.27607 0.0025 0.779925 0.706127 2.26342 0.00641088 238 4 1 6.58837e-07 
0.117199 0.295886 2.23286 0.0025 0.775469 0.700487 2.25824 0.00644771 239 4 1 6.33205e-07 
0.120432 0.301363 2.16593 0.0025 0.771116 0.694987 2.25316 0.00648411 240 4 1 6.21402e-07 
0.123684 0.30697 2.11142 0.0025 0.766867 0.689631 2.24819 0.00652003 241 4 1 5.73503e-07 
0.126953 0.312671 2.07502 0.0025 0.762696 0.684384 2.24329 0.00655569 242 4 1 5.24312e-07 
0.130239 0.318466 2.0605 0.0025 0.758568 0.679202 2.23843 0.00659136 243 4 1 4.81769e-07 
0.133544 0.324375 2.06529 0.0025 0.754449 0.674045 2.23356 0.00662735 244 4 1 4.8415e-07 
0.136867 0.330391 2.04422 0.0025 0.750341 0.668913 2.22868 0.00666364 245 4 1 5.11841e-07 
0.140208 0.336404 2.01727 0.0025 0.746264 0.663829 2.22383 0.00670004 246 4 1 4.82951e-07 
0.143567 0.342465 2.02858 0.0025 0.742194 0.658765 2.21897 0.00673678 247 4 1 4.62319e-07 
0.146945 0.348595 2.02507 0.0025 0.738112 0.653699 2.21408 0.00677404 248 4 1 4.79653e-07 
0.150341 0.354761 2.0238 0.0025 0.734026 0.648639 2.20917 0.00681175 249 4 1 4.83174e-07 
0.153756 0.360973 2.02178 0.0025 0.729935 0.643584 2.20424 0.00684993 250 4 1 4.95175e-07 
0.157191 0.367217 2.0128 0.0025 0.725845 0.63854 2.19929 0.00688853 251 4 1 4.99491e-07 
0.160645 0.373478 2.01118 0.0025 0.721754 0.633508 2.19433 0.00692756 252 4 1 4.98216e-07 
0.164119 0.379779 2.00823 0.0025 0.71766 0.628483 2.18934 0.00696709 253 4 1 4.98434e-07 
0.167612 0.38612 2.01298 0.0025 0.713556 0.623457 2.18432 0.00700716 254 4 1 5.07786e-07 
0.171126 0.392517 2.00651 0.0025 0.709445 0.618435 2.17928 0.00704776 255 4 1 5.20627e-07 
0.17466 0.398929 2.00493 0.0025 0.705333 0.613422 2.17422 0.00708885 256 4 1 5.32191e-07 
0.178215 0.405383 1.99116 0.0025 0.701225 0.608427 2.16915 0.00713038 257 4 1 5.34186e-07 
0.18179 0.411845 1.99391 0.0025 0.69712 0.603446 2.16406 0.00717237 258 4 1 5.36412e-07 
0.185387 0.418352 1.98286 0.0025 0.693017 0.598481 2.15895 0.00721483 259 4 1 5.6157e-07 
0.189005 0.424853 1.96258 0.0025 0.688935 0.593552 2.15386 0.00725758 260 4 1 5.73731e-07 
0.192645 0.431312 1.93979 0.0025 0.684884 0.58867 2.14878 0.00730051 261 4 1 5.52474e-07 
0.196306 0.437799 1.94341 0.0025 0.680846 0.583818 2.14371 0.0073438 262 4 1 5.53747e-07 
0.199989 0.444295 1.91899 0.0025 0.676827 0.579 2.13864 0.00738742 263 4 1 5.96063e-07 
0.203693 0.450719 1.87852 0.0025 0.672859 0.574254 2.13361 0.00743098 264 4 1 5.84488e-07 
0.20742 0.457099 1.85997 0.0025 0.66894 0.569576 2.12863 0.00747451 265 4 1 5.59362e-07 
0.211168 0.463451 1.83756 0.0025 0.665055 0.564951 2.12368 0.00751817 266 4 1 5.47514e-07 
0.214938 0.469795 1.82669 0.0025 0.661198 0.560369 2.11875 0.00756203 267 4 1 5.38212e-07 
0.21873 0.476127 1.80915 0.0025 0.657364 0.555824 2.11382 0.00760614 268 4 1 5.43236e-07 
0.222544 0.482442 1.7907 0.0025 0.653555 0.551321 2.10892 0.00765046 269 4 1 5.28642e-07 
0.22638 0.488755 1.78513 0.0025 0.649761 0.546845 2.10401 0.00769513 270 4 1 5.1122e-07 
0.230239 0.4951 1.78381 0.0025 0.645967 0.542379 2.09909 0.00774033 271 4 1 4.99912e-07 
0.234121 0.501517 1.79298 0.0025 0.642159 0.537908 2.09413 0.00778624 272 4 1 5.10187e-07 
0.238026 0.507971 1.78661 0.0025 0.638338 0.533433 2.08914 0.00783284 273 4 1 5.21379e-07 
0.241954 0.514473 1.79278 0.0025 0.634505 0.528953 2.08411 0.00788016 274 4 1 5.06024e-07 
0.245906 0.521062 1.80997 0.0025 0.63064 0.524449 2.07903 0.00792845 275 4 1 5.16748e-07 
0.249882 0.527757 1.81664 0.0025 0.626743 0.519917 2.07388 0.00797775 276 4 1 5.44524e-07 
0.253884 0.534507 1.81912 0.0025 0.622822 0.515368 2.06868 0.00802798 277 4 1 5.40303e-07 
0.25791 0.541363 1.84375 0.0025 0.618862 0.510787 2.06341 0.00807935 278 4 1 5.42696e-07 
0.261963 0.548353 1.85884 0.0025 0.614853 0.506162 2.05805 0.00813202 279 4 1 5.8166e-07 
0.266042 0.555429 1.8636 0.0025 0.61081 0.501508 2.05263 0.00818585 280 4 1 5.9841e-07 
0.270149 0.5626 1.87928 0.0025 0.606731 0.496825 2.04713 0.00824088 281 4 1 5.96582e-07 
0.274283 0.569904 1.90374 0.0025 0.602601 0.492097 2.04155 0.00829736 282 4 1 6.23279e-07 
0.278447 0.577344 1.91615 0.0025 0.598423 0.487328 2.03588 0.00835529 283 4 1 6.65651e-07 
0.282639 0.584892 1.92487 0.0025 0.594213 0.482536 2.03013 0.0084145 284 4 1 7.11846e-07 
0.286861 0.592496 1.91535 0.0025 0.589994 0.477748 2.02436 0.00847466 285 4 1 7.63588e-07 
0.291114 0.600083 1.8934 0.0025 0.585801 0.473003 2.01859 0.00853532 286 4 1 8.15046e-07 
0.295397 0.607616 1.84338 0.0025 0.581676 0.468349 2.01289 0.00859585 287 4 1 8.56075e-07 
0.29971 0.614978 1.77798 0.0025 0.577664 0.463835 2.00733 0.00865555 288 4 1 8.68354e-07 
0.304052 0.622099 1.69453 0.0025 0.573801 0.459498 2.00195 0.00871382 289 4 1 8.41558e-07 
0.308424 0.628943 1.62027 0.0025 0.570098 0.455351 1.99677 0.00877043 290 4 1 7.79894e-07 
0.312823 0.635545 1.55423 0.0025 0.56654 0.451377 1.99177 0.00882549 291 4 1 7.19371e-07 
0.317249 0.641942 1.50153 0.0025 0.563113 0.447559 1.98695 0.00887921 292 4 1 6.79884e-07 
0.321702 0.648166 1.44682 0.0025 0.559814 0.443894 1.98228 0.00893154 293 4 1 7.15772e-07 
0.326181 0.654095 1.3431 0.0025 0.5567 0.440447 1.97786 0.00898149 294 4 1 8.16417e-07 
0.330684 0.659487 1.16973 0.0025 0.553893 0.437346 1.97387 0.00902701 295 4 1 8.92604e-07 
0.335208 0.664031 0.943155 0.0025 0.551515 0.434722 1.97047 0.00906593 296 4 1 8.61569e-07 
0.33975 0.667623 0.718666 0.0025 0.549622 0.432632 1.96776 0.00909717 297 4 1 7.16845e-07 
0.344305 0.670347 0.538755 0.0025 0.548174 0.431033 1.96569 0.00912119 298 4 1 5.42003e-07 
0.348871 0.672399 0.404053 0.0025 0.54709 0.429839 1.96413 0.00913926 299 4 1 4.42569e-07 
0.353444 0.673866 0.262764 0.0025 0.546326 0.428998 1.96304 0.00915205 300 4 1 4.0784e-07 
0.358023 0.674697 0.118561 0.0025 0.545874 0.428499 1.96239 0.00915962 301 4 1 3.09391e-07 
0.362604 0.675026 0.036472 0.0025 0.545669 0.428268 1.96209 0.00916306 302 4 1 1.44522e-07 
0.367186 0.675163 0.0228375 0.0025 0.545584 0.428171 1.96197 0.00916449 303 4 1 6.5173e-08 
0.371768 0.675207 -0.00552684 0.0025 0.545554 0.428138 1.96193 0.00916499 304 5 1 4.22098e-08 
0.376351 0.675182 -0.00798883 0.0025 0.545559 0.428142 1.96194 0.00916491 305 4 1 1.64877e-08 
0.380933 0.675139 -0.0149534 0.0025 0.545579 0.428164 1.96197 0.00916458 306 4 1 1.66101e-08 
0.385515 0.67507 -0.019975 0.0025 0.545611 0.4282 1.96202 0.00916403 307 4 1 1.26619e-08 
0.390097 0.674979 -0.0230962 0.0025 0.545655 0.428247 1.96208 0.0091633 308 4 1 9.53958e-09 
0.394679 0.674873 -0.0253242 0.0025 0.545706 0.428304 1.96215 0.00916244 309 4 1 7.76962e-09 
0.39926 0.674758 -0.0271094 0.0025 0.545763 0.428367 1.96224 0.00916148 310 4 1 4.93933e-09 
0.40384 0.67464 -0.02791 0.0025 0.545825 0.428434 1.96233 0.00916045 311 4 1 1.52653e-09 
0.40842 0.674522 -0.0274872 0.0025 0.545887 0.428503 1.96242 0.00915941 312 4 1 -1.11949e-09 
0.413 0.674405 -0.0262687 0.0025 0.545948 0.42857 1.96251 0.00915838 313 4 1 -2.75085e-09 
0.417579 0.674292 -0.0246915 0.0025 0.546007 0.428635 1.96259 0.00915739 314 4 1 -3.61498e-09 
0.422157 0.674185 -0.0229767 0.0025 0.546062 0.428697 1.96267 0.00915646 315 4 1 -4.09438e-09 
0.426735 0.674085 -0.0212365 0.0025 0.546114 0.428754 1.96275 0.00915559 316 4 1 -4.351e-09 
0.431313 0.673994 -0.0195226 0.0025 0.546162 0.428807 1.96282 0.00915478 317 4 1 -4.52634e-09 
0.43589 0.673911 -0.0178388 0.0025 0.546207 0.428856 1.96289 0.00915404 318 4 1 -4.59443e-09 
0.440467 0.673836 -0.0161781 0.0025 0.546247 0.428901 1.96295 0.00915337 319 4 1 -4.55589e-09 
0.445043 0.673768 -0.0145567 0.0025 0.546284 0.428942 1.963 0.00915276 320 4 1 -4.44364e-09 
0.449619 0.673707 -0.013011 0.0025 0.546316 0.428978 1.96305 0.00915221 321 4 1 -4.14302e-09 
0.454195 0.673652 -0.0115864 0.0025 0.546345 0.42901 1.96309 0.00915172 322 4 1 -3.63173e-09 
0.458771 0.673602 -0.0103341 0.0025 0.546371 0.42904 1.96313 0.00915129 323 4 1 -3.11816e-09 
0.463347 0.673557 -0.00928761 0.0025 0.546395 0.429066 1.96317 0.0091509 324 4 1 -2.71605e-09 
0.467922 0.673517 -0.00842506 0.0025 0.546416 0.429089 1.9632 0.00915054 325 4 1 -2.41947e-09 
0.472497 0.673482 -0.00767162 0.0025 0.546435 0.429111 1.96323 0.00915023 326 4 1 -2.07962e-09 
0.477072 0.67345 -0.00695187 0.0025 0.546452 0.42913 1.96326 0.00914994 327 4 1 -1.98059e-09 
0.481647 0.673422 -0.00624341 0.0025 0.546467 0.429147 1.96328 0.00914969 328 4 1 -2.08873e-09 
0.486222 0.673396 -0.00558229 0.0025 0.54648 0.429163 1.9633 0.00914946 329 4 1 -1.64017e-09 
0.490797 0.673372 -0.00502114 0.0025 0.546493 0.429177 1.96332 0.00914925 330 4 1 -1.15256e-09 
0.495371 0.67335 -0.00458053 0.0025 0.546504 0.429189 1.96334 0.00914907 331 4 1 -1.19479e-09 
0.499946 0.673331 -0.0042326 0.0025 0.546514 0.429201 1.96336 0.0091489 332 4 1 -1.0056e-09 
0.50452 0.673313 -0.00392379 0.0025 0.546523 0.429212 1.96338 0.00914875 333 4 1 -7.36241e-10 
0.509094 0.673297 -0.00361295 0.0025 0.546531 0.429222 1.96339 0.00914861 334 4 1 -8.205e-10 
0.513669 0.673283 -0.00329388 0.0025 0.546539 0.429231 1.9634 0.00914848 335 4 1 -1.17036e-09 
0.518243 0.67327 -0.00298921 0.0025 0.546546 0.429239 1.96342 0.00914837 336 4 1 -6.33927e-10 
0.522817 0.673257 -0.00272655 0.0025 0.546552 0.429246 1.96343 0.00914827 337 4 1 -1.50673e-10 
0.527391 0.673246 -0.00251728 0.0025 0.546557 0.429253 1.96344 0.00914817 338 4 1 -6.84151e-10 
0.531965 0.673235 -0.00235154 0.0025 0.546562 0.429259 1.96345 0.00914809 339 4 1 -8.05309e-10 
0.536539 0.673226 -0.00220787 0.0025 0.546567 0.429265 1.96346 0.00914801 340 4 1 -7.76982e-11 
0.541113 0.673217 -0.00206717 0.0025 0.546571 0.429271 1.96347 0.00914794 341 4 1 1.98048e-10 
0.545687 0.67321 -0.00192152 0.0025 0.546575 0.429276 1.96348 0.00914787 342 4 1 -1.02274e-09 
0.550261 0.673202 -0.00177464 0.0025 0.546579 0.429281 1.96349 0.00914781 343 4 1 -6.09075e-10 
0.554835 0.673195 -0.00163687 0.0025 0.546582 0.429285 1.9635 0.00914776 344 4 1 4.65097e-10 
0.559409 0.673189 -0.0015184 0.0025 0.546585 0.429289 1.96351 0.00914771 345 4 1 -8.4394e-11 
0.563983 0.673183 -0.00142386 0.0025 0.546587 0.429293 1.96352 0.00914767 346 4 1 -8.81907e-10 
0.568557 0.673178 -0.00134976 0.0025 0.54659 0.429297 1.96352 0.00914763 347 4 1 -1.08664e-10 
0.57313 0.673173 -0.00128602 0.0025 0.546592 0.4293 1.96353 0.00914759 348 4 1 6.11677e-10 
0.577704 0.673169 -0.00122089 0.0025 0.546594 0.429304 1.96354 0.00914756 349 4 1 -3.47456e-10 
0.582278 0.673165 -0.00114693 0.0025 0.546596 0.429307 1.96355 0.00914753 350 4 1 -6.83819e-10 
0.586852 0.673161 -0.00106424 0.0025 0.546597 0.429309 1.96355 0.0091475 351 4 1 1.95148e-10 
0.591425 0.673158 -0.000979288 0.0025 0.546599 0.429312 1.96356 0.00914748 352 4 1 5.22247e-10 
0.595999 0.673155 -0.000900124 0.0025 0.5466 0.429315 1.96357 0.00914746 353 4 1 -7.66342e-10 
0.600573 0.673151 -0.000831498 0.0025 0.546601 0.429317 1.96358 0.00914745 354 4 1 -3.94299e-10 
0.605147 0.673148 -0.000772874 0.0025 0.546601 0.429319 1.96358 0.00914743 355 4 1 9.54972e-10 
0.60972 0.673146 -0.000720189 0.0025 0.546602 0.429321 1.96359 0.00914743 356 4 1 -1.60614e-11 
0.614294 0.673143 -0.000669552 0.0025 0.546602 0.429323 1.9636 0.00914742 357 4 1 -6.36446e-10 
0.618868 0.673141 -0.000620085 0.0025 0.546602 0.429324 1.9636 0.00914742 358 3 1 4.3465e-10 
0.623441 0.673138 -0.000574178 0.0025 0.546602 0.429326 1.96361 0.00914742 359 4 1 7.16538e-10 
0.628015 0.673136 -0.000535519 0.0025 0.546602 0.429327 1.96362 0.00914743 360 4 1 -7.1144e-10 
0.632589 0.673134 -0.000506661 0.0025 0.546601 0.429328 1.96363 0.00914743 361 4 1 1.29182e-10 
0.637163 0.673132 -0.000487752 0.0025 0.546601 0.42933 1.96363 0.00914744 362 4 1 1.47282e-09 
0.641736 0.67313 -0.000476867 0.0025 0.5466 0.429331 1.96364 0.00914746 363 4 1 -8.25232e-10 
0.64631 0.673129 -0.000471219 0.0025 0.546599 0.429332 1.96365 0.00914747 364 4 1 -1.51108e-10 
0.650884 0.673128 -0.000468247 0.0025 0.546598 0.429334 1.96366 0.00914748 365 4 1 2.17927e-09 
0.655458 0.673126 -0.000466091 0.0025 0.546597 0.429335 1.96367 0.0091475 366 4 1 -7.61129e-10 
0.660031 0.673126 -0.000463536 0.0025 0.546596 0.429336 1.96368 0.00914752 367 4 1 -7.8527e-10 
0.664605 0.673125 -0.000459788 0.0025 0.546595 0.429337 1.96369 0.00914754 368 4 1 2.04327e-09 
0.669179 0.673124 -0.000454259 0.0025 0.546593 0.429338 1.9637 0.00914757 369 4 1 5.82851e-10 
0.673753 0.673124 -0.000446349 0.0025 0.546592 0.42934 1.96371 0.0091476 370 4 1 -6.95055e-10 
0.678326 0.673123 -0.000435164 0.0025 0.54659 0.429341 1.96372 0.00914763 371 4 1 9.23831e-10 
0.6829 0.673123 -0.000419225 0.0025 0.546588 0.429342 1.96374 0.00914766 372 4 1 1.25719e-09 
0.687474 0.673123 -0.000396294 0.0025 0.546585 0.429343 1.96375 0.0091477 373 4 1 -3.60706e-10 
0.692048 0.673123 -0.000363443 0.0025 0.546583 0.429344 1.96376 0.00914774 374 4 1 6.93857e-10 
0.696622 0.673122 -0.000317395 0.0025 0.54658 0.429344 1.96378 0.00914779 375 4 1 1.38433e-09 
0.701196 0.673122 -0.000255087 0.0025 0.546576 0.429345 1.96379 0.00914785 376 4 1 -3.20317e-10 
0.70577 0.673121 -0.000174405 0.0025 0.546573 0.429346 1.96381 0.00914791 377 4 1 8.54389e-10 
0.710344 0.67312 -7.49976e-05 0.0025 0.546568 0.429346 1.96382 0.00914799 378 4 1 9.40853e-10 
0.714918 0.673119 4.09271e-05 0.0025 0.546563 0.429346 1.96384 0.00914807 379 4 1 8.85342e-10 
0.719492 0.673117 0.000168072 0.0025 0.546558 0.429345 1.96386 0.00914817 380 4 1 2.40433e-09 
0.724066 0.673115 0.000298051 0.0025 0.546551 0.429345 1.96388 0.00914828 381 4 1 -1.47285e-09 
0.72864 0.673112 0.000420152 0.0025 0.546544 0.429344 1.9639 0.00914839 382 4 1 1.24869e-09 
0.733214 0.673108 0.000522884 0.0025 0.546536 0.429342 1.96392 0.00914852 383 4 1 4.74155e-09 
0.737789 0.673105 0.000596059 0.0025 0.546527 0.429341 1.96395 0.00914867 384 4 1 -1.65285e-09 
0.742363 0.673101 0.000632883 0.0025 0.546518 0.429339 1.96398 0.00914883 385 4 1 2.14455e-09 
0.746937 0.673098 0.000631452 0.0025 0.546509 0.429338 1.964 0.00914899 386 4 1 3.68539e-09 
0.751512 0.673094 0.00059517 0.0025 0.546498 0.429336 1.96403 0.00914917 387 4 1 3.03495e-09 
0.756087 0.673091 0.000531916 0.0025 0.546486 0.429335 1.96407 0.00914936 388 4 1 4.95683e-09 
0.760661 0.673088 0.000452216 0.0025 0.546474 0.429334 1.96411 0.00914957 389 4 1 -1.9954e-09 
0.765236 0.673086 0.000366994 0.0025 0.546461 0.429333 1.96415 0.00914978 390 4 1 5.71158e-09 
0.769811 0.673084 0.000285552 0.0025 0.546448 0.429333 1.9642 0.00915 391 4 1 4.9733e-09 
0.774386 0.673082 0.00021431 0.0025 0.546433 0.429332 1.96425 0.00915026 392 4 1 8.40843e-09 
0.778961 0.673081 0.000156483 0.0025 0.546419 0.429334 1.96431 0.00915049 393 4 1 -3.37631e-09 
0.783537 0.67308 0.000112531 0.0025 0.546395 0.429335 1.96437 0.00915089 394 4 1 1.43829e-07 
0.788112 0.673079 8.10539e-05 0.0025 0.546384 0.429364 1.9646 0.00915108 395 4 1 -1.38619e-07 
0.792688 0.673078 5.96954e-05 0.0025 0.545985 0.429208 1.96466 0.00915776 396 5 1 3.48562e-06 
0.79727 0.673078 4.58572e-05 0.0025 0.54825 0.430872 1.96852 0.00911993 397 3 1 -1.90585e-05 
0.801808 0.673077 3.78246e-05 0.0025 0.536919 0.426202 1.95006 0.00931239 398 4 1 0.000179254 
0.806589 0.673077 3.60923e-05 0.0025 0.511061 0.432739 2.15252 0.00978357 399 4 1 -0.000134225 
0.811598 0.673076 5.05584e-05 0.0025 0.482814 0.424512 2.1555 0.010356 400 4 1 0.000266087 
0.816959 0.673076 0.000102472 0.0025 0.454329 0.432956 2.44419 0.0110052 401 4 1 -0.000240408 
0.822614 0.673076 0.000186461 0.0025 0.447031 0.42729 2.38027 0.0111849 402 5 1 5.38103e-05 
0.828145 0.673075 -7.6968e-05 0.0025 0.452462 0.429661 2.37466 0.0110507 403 4 1 -3.00941e-06 
0.833665 0.673071 -0.00276882 0.0025 0.453646 0.429334 2.36527 0.0110218 404 4 1 3.92755e-06 
0.839167 0.673045 -0.0146222 0.0025 0.454735 0.429406 2.3605 0.0109954 405 4 1 1.30862e-06 
0.84466 0.672949 -0.0443219 0.0025 0.455387 0.429417 2.35726 0.0109797 406 4 1 8.6257e-07 
0.850146 0.672763 -0.0523058 0.0025 0.455865 0.429436 2.35503 0.0109682 407 4 1 1.32192e-07 
0.855628 0.673008 0.35882 0.0025 0.455963 0.429114 2.35293 0.0109658 408 3 1 -9.25422e-07 
0.861112 0.67698 2.09914 0.0025 0.455346 0.428171 2.34987 0.0109807 409 5 1 5.55812e-06 
0.866609 0.676748 -4.55297 0.0025 0.457668 0.431686 2.35323 0.0109249 410 4 1 5.37029e-05 
0.872038 0.628913 -26.4479 0.0025 0.474693 0.455759 2.38913 0.0105331 411 4 1 0.000186136 
0.877159 0.492335 -52.0732 0.0025 0.519658 0.51997 2.48753 0.00962171 412 4 1 0.000247552 
0.881711 0.31034 -50.6028 0.0025 0.588562 0.621125 2.63093 0.00849529 413 4 1 0.000143587 
0.885702 0.172142 -30.9783 0.0025 0.657825 0.726519 2.76187 0.0076008 414 4 1 4.20551e-05 
0.889332 0.0924635 -17.7051 0.0025 0.709565 0.808293 2.85073 0.00704657 415 4 1 2.48752e-06 
0.892755 0.0467178 -9.87706 0.0025 0.743012 0.862462 2.90452 0.00672937 416 4 1 -9.18186e-06 
0.896063 0.0225263 -4.98837 0.0025 0.762594 0.89464 2.93475 0.00655657 417 4 1 -9.36944e-06 
0.899312 0.0104288 -2.47155 0.0025 0.772954 0.91184 2.95027 0.00646869 418 4 1 -5.86811e-06 
0.902532 0.00458033 -1.16657 0.0025 0.778143 0.920469 2.95782 0.00642556 419 4 1 -3.19837e-06 
0.905738 0.00185688 -0.543904 0.0025 0.780637 0.924596 2.9613 0.00640502 420 4 1 -1.57078e-06 
0.908937 0.000602247 -0.251348 0.0025 0.781822 0.92652 2.96282 0.00639532 421 4 1 -7.34593e-07 
0.912133 3.24492e-05 -0.11539 0.0025 0.78239 0.927407 2.96343 0.00639068 422 4 1 -3.40719e-07 
0.915328 -0.000221856 -0.0522232 0.0025 0.782672 0.927812 2.96363 0.00638837 423 4 1 -1.56011e-07 
0.918522 -0.000329992 -0.0225176 0.0025 0.782821 0.927996 2.96364 0.00638715 424 4 1 -7.49344e-08 
0.921715 -0.000369516 -0.00810343 0.0025 0.78291 0.928076 2.96355 0.00638643 425 4 1 -3.9522e-08 
0.924908 -0.000375452 -0.000112186 0.0025 0.782968 0.928103 2.96342 0.00638596 426 4 1 -2.23759e-08 
0.928101 -0.000356805 0.00509961 0.0025 0.78301 0.928104 2.96326 0.00638561 427 4 1 -1.11513e-08 
0.931294 -0.000340782 0.00301419 0.0025 0.783049 0.928095 2.96308 0.0063853 428 4 1 -1.05091e-08 
0.934486 -0.000315447 0.00606672 0.0025 0.78309 0.928085 2.9629 0.00638497 429 4 1 -1.3217e-08 
0.937679 -0.00029858 0.00261093 0.0025 0.783134 0.928074 2.96269 0.0063846 430 4 1 -1.58564e-08 
0.940871 -0.000273274 0.00645401 0.0025 0.783183 0.928062 2.96247 0.0063842 431 4 1 -1.50153e-08 
0.944063 -0.00025534 0.00192742 0.0025 0.783238 0.928052 2.96223 0.00638375 432 4 1 -1.96776e-08 
0.947255 -0.000232893 0.00559646 0.0025 0.7833 0.928042 2.96197 0.00638325 433 4 1 -2.76906e-08 
0.950446 -0.000215159 0.00203147 0.0025 0.783371 0.928032 2.96167 0.00638267 434 4 1 -3.15412e-08 
0.953637 -0.000194001 0.00440156 0.0025 0.783453 0.928024 2.96133 0.006382 435 4 1 -3.37912e-08 
0.956828 -0.000180533 0.00159917 0.0025 0.783546 0.928016 2.96096 0.00638125 436 4 1 -3.44796e-08 
0.960019 -0.000159974 0.00520457 0.0025 0.78365 0.928008 2.96054 0.0063804 437 4 1 -3.26709e-08 
0.963209 -0.000149455 0.000253039 0.0025 0.783765 0.928001 2.96008 0.00637946 438 4 1 -3.62788e-08 
0.966398 -0.000130463 0.00631013 0.0025 0.783892 0.927993 2.95958 0.00637843 439 4 1 -3.50073e-08 
0.969587 -0.000118423 -0.00122081 0.0025 0.784032 0.927987 2.95903 0.00637729 440 4 1 -3.40249e-08 
0.972775 -0.000101612 0.00529591 0.0025 0.784184 0.927984 2.95844 0.00637605 441 4 1 -2.50932e-08 
0.975963 -8.83159e-05 -0.0016673 0.0025 0.784347 0.927986 2.95782 0.00637473 442 4 1 1.27403e-08 
0.97915 -7.55811e-05 0.0039758 0.0025 0.784513 0.928 2.95722 0.00637338 443 4 1 1.3768e-07 
0.982336 -6.35587e-05 -0.0013617 0.0025 0.784647 0.928044 2.95678 0.00637229 444 3 1 5.16353e-07 
0.985522 -5.28236e-05 0.00276752 0.0025 0.78462 0.928142 2.95696 0.00637252 445 4 1 1.70007e-06 
0.988709 -4.07034e-05 -0.000678809 0.0025 0.784044 0.928334 2.95918 0.00637719 446 4 1 4.52713e-06 
0.9919 -2.93654e-05 0.00191932 0.0025 0.781433 0.928264 2.96683 0.0063985 447 4 1 1.49417e-05 
0.995108 -1.73565e-05 -0.000115168 0.0025 0.774066 0.927435 2.99227 0.0064594 448 4 1 1.77293e-05 
0.998359 -6.11401e-06 0.00102279 0.0025 0.765341 0.927555 3.03752 0.00653303 449 4 1 -3.46202e-05 
1.00164 6.11401e-06 -0.00102279 0.0025 0.765341 0.927555 3.03752 0.00653303 450 4 1 -3.46202e-05 
1.00489 1.73565e-05 0.000115168 0.0025 0.774066 0.927435 2.99227 0.0064594 451 4 1 1.77293e-05 
1.0081 2.93654e-05 -0.00191932 0.0025 0.781433 0.928264 2.96683 0.0063985 452 4 1 1.49417e-05 
1.01129 4.07034e-05 0.00067881 0.0025 0.784044 0.928334 2.95918 0.00637719 453 4 1 4.52713e-06 
1.01448 5.28236e-05 -0.00276752 0.0025 0.78462 0.928142 2.95696 0.00637252 454 4 1 1.70007e-06 
1.01766 6.35587e-05 0.0013617 0.0025 0.784647 0.928044 2.95678 0.00637229 455 3 1 5.16353e-07 
1.02085 7.55811e-05 -0.0039758 0.0025 0.784513 0.928 2.95722 0.00637338 456 4 1 1.3768e-07 
1.02404 8.83159e-05 0.0016673 0.0025 0.784347 0.927986 2.95782 0.00637473 457 4 1 1.27403e-08 
1.02722 0.000101612 -0.00529591 0.0025 0.784184 0.927984 2.95844 0.00637605 458 4 1 -2.50932e-08 
1.03041 0.000118423 0.00122081 0.0025 0.784032 0.927987 2.95903 0.00637729 459 4 1 -3.40249e-08 
1.0336 0.000130463 -0.00631013 0.0025 0.783892 0.927993 2.95958 0.00637843 460 4 1 -3.50073e-08 
1.03679 0.000149455 -0.000253039 0.0025 0.783765 0.928001 2.96008 0.00637946 461 4 1 -3.62788e-08 
1.03998 0.000159974 -0.00520457 0.0025 0.78365 0.928008 2.96054 0.0063804 462 4 1 -3.26709e-08 
1.04317 0.000180533 -0.00159917 0.0025 0.783546 0.928016 2.96096 0.00638125 463 4 1 -3.44796e-08 
1.04636 0.000194001 -0.00440156 0.0025 0.783453 0.928024 2.96133 0.006382 464 4 1 -3.37912e-08 
1.04955 0.000215159 -0.00203147 0.0025 0.783371 0.928032 2.96167 0.00638267 465 4 1 -3.15412e-08 
1.05275 0.000232893 -0.00559646 0.0025 0.7833 0.928042 2.96197 0.00638325 466 4 1 -2.76906e-08 
1.05594 0.00025534 -0.00192742 0.0025 0.783238 0.928052 2.96223 0.00638375 467 4 1 -1.96776e-08 
1.05913 0.000273274 -0.00645401 0.0025 0.783183 0.928062 2.96247 0.0063842 468 4 1 -1.50153e-08 
1.06232 0.00029858 -0.00261093 0.0025 0.783134 0.928074 2.96269 0.0063846 469 4 1 -1.58564e-08 
1.06551 0.000315447 -0.00606672 0.0025 0.78309 0.928085 2.9629 0.00638497 470 4 1 -1.3217e-08 
1.06871 0.000340782 -0.00301419 0.0025 0.783049 0.928095 2.96308 0.0063853 471 4 1 -1.05091e-08 
1.0719 0.000356805 -0.00509961 0.0025 0.78301 0.928104 2.96326 0.00638561 472 4 1 -1.11513e-08 
1.07509 0.000375452 0.000112186 0.0025 0.782968 0.928103 2.96342 0.00638596 473 4 1 -2.23759e-08 
1.07828 0.000369516 0.00810343 0.0025 0.78291 0.928076 2.96355 0.00638643 474 4 1 -3.9522e-08 
1.08148 0.000329992 0.0225176 0.0025 0.782821 0.927996 2.96364 0.00638715 475 4 1 -7.49344e-08 
1.08467 0.000221856 0.0522232 0.0025 0.782672 0.927812 2.96363 0.00638837 476 4 1 -1.56011e-07 
1.08787 -3.24492e-05 0.11539 0.0025 0.78239 0.927407 2.96343 0.00639068 477 4 1 -3.40719e-07 
1.09106 -0.000602247 0.251348 0.0025 0.781822 0.92652 2.96282 0.00639532 478 4 1 -7.34593e-07 
1.09426 -0.00185688 0.543904 0.0025 0.780637 0.924596 2.9613 0.00640502 479 4 1 -1.57078e-06 
1.09747 -0.00458033 1.16657 0.0025 0.778143 0.920469 2.95782 0.00642556 480 4 1 -3.19837e-06 
1.10069 -0.0104288 2.47155 0.0025 0.772954 0.91184 2.95027 0.00646869 481 4 1 -5.86811e-06 
1.10394 -0.0225263 4.98837 0.0025 0.762594 0.89464 2.93475 0.00655657 482 4 1 -9.36944e-06 
1.10724 -0.0467178 9.87706 0.0025 0.743012 0.862462 2.90452 0.00672937 483 4 1 -9.18186e-06 
1.11067 -0.0924635 17.7051 0.0025 0.709565 0.808293 2.85073 0.00704657 484 4 1 2.48752e-06 
1.1143 -0.172142 30.9783 0.0025 0.657825 0.726519 2.76187 0.0076008 485 4 1 4.20551e-05 
1.11829 -0.31034 50.6028 0.0025 0.588562 0.621125 2.63093 0.00849529 486 4 1 0.000143587 
1.12284 -0.492335 52.0732 0.0025 0.519658 0.51997 2.48753 0.00962171 487 4 1 0.000247552 
1.12796 -0.628913 26.4479 0.0025 0.474693 0.455759 2.38913 0.0105331 488 4 1 0.000186136 
1.13339 -0.676748 4.55297 0.0025 0.457668 0.431686 2.35323 0.0109249 489 4 1 5.37029e-05 
1.13889 -0.67698 -2.09914 0.0025 0.455346 0.428171 2.34987 0.0109807 490 5 1 5.55812e-06 
1.14437 -0.673008 -0.35882 0.0025 0.455963 0.429114 2.35293 0.0109658 491 3 1 -9.25422e-07 
1.14985 -0.672763 0.0523058 0.0025 0.455865 0.429436 2.35503 0.0109682 492 4 1 1.32192e-07 
1.15534 -0.672949 0.0443219 0.0025 0.455387 0.429417 2.35726 0.0109797 493 4 1 8.6257e-07 
1.16083 -0.673045 0.0146222 0.0025 0.454735 0.429406 2.3605 0.0109954 494 4 1 1.30862e-06 
1.16634 -0.673071 0.00276882 0.0025 0.453646 0.429334 2.36527 0.0110218 495 4 1 3.92755e-06 
1.17186 -0.673075 7.69679e-05 0.0025 0.452462 0.429661 2.37466 0.0110507 496 4 1 -3.00941e-06 
1.17739 -0.673076 -0.000186461 0.0025 0.447031 0.42729 2.38027 0.0111849 497 5 1 5.38103e-05 
1.18304 -0.673076 -0.000102472 0.0025 0.454329 0.432956 2.44419 0.0110052 498 4 1 -0.000240408 
1.1884 -0.673076 -5.05584e-05 0.0025 0.482814 0.424512 2.1555 0.010356 499 4 1 0.000266087 
