# Time [s]: 0.465484
# Columns: pos [m], vel [m/s], acc [m/s^2], mass [kg], dens [kg/m^3], pres [Pa], ene [J/kg], sml [m], id, neighbor, alpha, gradh, ...additional?
1.18891 -0.673077 -0.000147998 0.0025 0.511061 0.432739 2.15252 0.00978357 0 4 1 -0.000134225 
1.19369 -0.673077 -8.91186e-05 0.0025 0.536919 0.426202 1.95006 0.00931239 1 4 1 0.000179254 
1.19823 -0.673078 -8.57606e-05 0.0025 0.54825 0.430873 1.96852 0.00911993 2 3 1 -1.90585e-05 
1.20281 -0.673079 -0.000110324 0.0025 0.545986 0.429209 1.96466 0.00915775 3 5 1 3.48563e-06 
1.20739 -0.67308 -0.000150121 0.0025 0.546384 0.429365 1.9646 0.00915107 4 4 1 -1.38571e-07 
1.21196 -0.673081 -0.000202857 0.0025 0.546396 0.429336 1.96437 0.00915087 5 4 1 1.43884e-07 
1.21654 -0.673082 -0.000268397 0.0025 0.54642 0.429336 1.96431 0.00915047 6 4 1 -3.3207e-09 
1.22112 -0.673084 -0.000344791 0.0025 0.546434 0.429334 1.96425 0.00915023 7 4 1 8.4553e-09 
1.22569 -0.673086 -0.000427174 0.0025 0.546449 0.429334 1.9642 0.00914998 8 4 1 4.99983e-09 
1.23027 -0.673089 -0.000507788 0.0025 0.546463 0.429335 1.96415 0.00914975 9 4 1 5.70645e-09 
1.23484 -0.673092 -0.00057686 0.0025 0.546476 0.429337 1.96411 0.00914953 10 4 1 -2.04022e-09 
1.23941 -0.673095 -0.000624207 0.0025 0.546489 0.429338 1.96407 0.00914932 11 4 1 4.87064e-09 
1.24399 -0.673098 -0.000641245 0.0025 0.546501 0.429339 1.96404 0.00914912 12 4 1 2.91377e-09 
1.24856 -0.673102 -0.000622864 0.0025 0.546511 0.429341 1.96401 0.00914894 13 4 1 3.54316e-09 
1.25314 -0.673105 -0.000568609 0.0025 0.546521 0.429342 1.96398 0.00914878 14 4 1 2.00006e-09 
1.25771 -0.673109 -0.000482816 0.0025 0.54653 0.429344 1.96395 0.00914863 15 4 1 -1.78011e-09 
1.26229 -0.673111 -0.00037369 0.0025 0.546539 0.429345 1.96393 0.00914848 16 4 1 4.6475e-09 
1.26686 -0.673114 -0.000251607 0.0025 0.546546 0.429346 1.96391 0.00914836 17 4 1 1.197e-09 
1.27144 -0.673116 -0.000127178 0.0025 0.546553 0.429347 1.96388 0.00914825 18 4 1 -1.48081e-09 
1.27601 -0.673117 -9.55412e-06 0.0025 0.546559 0.429347 1.96386 0.00914815 19 4 1 2.43454e-09 
1.28058 -0.673119 9.46587e-05 0.0025 0.546564 0.429347 1.96384 0.00914805 20 4 1 9.43574e-10 
1.28516 -0.673119 0.000181772 0.0025 0.546569 0.429347 1.96383 0.00914798 21 4 1 1.01527e-09 
1.28973 -0.67312 0.000250789 0.0025 0.546573 0.429346 1.96381 0.00914791 22 4 1 9.33935e-10 
1.29431 -0.67312 0.000302792 0.0025 0.546577 0.429345 1.96379 0.00914785 23 4 1 -2.44295e-10 
1.29888 -0.67312 0.000340189 0.0025 0.54658 0.429345 1.96378 0.00914779 24 4 1 1.45126e-09 
1.30345 -0.67312 0.000365966 0.0025 0.546583 0.429344 1.96376 0.00914774 25 4 1 7.49153e-10 
1.30803 -0.67312 0.000383074 0.0025 0.546586 0.429343 1.96375 0.0091477 26 4 1 -3.16996e-10 
1.3126 -0.67312 0.000393993 0.0025 0.546588 0.429342 1.96374 0.00914766 27 4 1 1.29114e-09 
1.31717 -0.673121 0.000400548 0.0025 0.54659 0.429341 1.96372 0.00914762 28 4 1 9.50661e-10 
1.32175 -0.673121 0.000403947 0.0025 0.546592 0.42934 1.96371 0.00914759 29 4 1 -6.72824e-10 
1.32632 -0.673121 0.000404994 0.0025 0.546594 0.429339 1.9637 0.00914756 30 4 1 6.02187e-10 
1.3309 -0.673122 0.000404349 0.0025 0.546595 0.429338 1.96369 0.00914753 31 4 1 2.06035e-09 
1.33547 -0.673123 0.000402772 0.0025 0.546597 0.429337 1.96368 0.00914751 32 4 1 -7.70841e-10 
1.34004 -0.673124 0.000401342 0.0025 0.546598 0.429336 1.96367 0.00914749 33 4 1 -7.50631e-10 
1.34462 -0.673125 0.000401653 0.0025 0.546599 0.429335 1.96366 0.00914747 34 4 1 2.18382e-09 
1.34919 -0.673126 0.000405872 0.0025 0.5466 0.429334 1.96365 0.00914745 35 4 1 -1.54668e-10 
1.35376 -0.673127 0.000416456 0.0025 0.546601 0.429332 1.96365 0.00914744 36 4 1 -8.37837e-10 
1.35834 -0.673129 0.000435386 0.0025 0.546602 0.429331 1.96364 0.00914742 37 4 1 1.45323e-09 
1.36291 -0.673131 0.000463187 0.0025 0.546603 0.42933 1.96363 0.00914741 38 4 1 1.08411e-10 
1.36749 -0.673132 0.000498409 0.0025 0.546603 0.429329 1.96362 0.0091474 39 4 1 -7.25553e-10 
1.37206 -0.673134 0.000538206 0.0025 0.546604 0.429328 1.96361 0.00914739 40 4 1 7.14759e-10 
1.37663 -0.673137 0.000580019 0.0025 0.546604 0.429326 1.96361 0.00914739 41 3 1 4.44595e-10 
1.38121 -0.673139 0.000623358 0.0025 0.546604 0.429325 1.9636 0.00914739 42 4 1 -6.22192e-10 
1.38578 -0.673141 0.000670314 0.0025 0.546604 0.429323 1.96359 0.00914739 43 4 1 -6.95619e-12 
1.39035 -0.673143 0.000724034 0.0025 0.546604 0.429321 1.96359 0.0091474 44 4 1 9.55024e-10 
1.39493 -0.673146 0.000785932 0.0025 0.546603 0.429319 1.96358 0.00914741 45 4 1 -3.96738e-10 
1.3995 -0.673149 0.000853587 0.0025 0.546602 0.429317 1.96357 0.00914742 46 4 1 -7.56642e-10 
1.40408 -0.673151 0.000921157 0.0025 0.546601 0.429315 1.96357 0.00914744 47 4 1 5.57384e-10 
1.40865 -0.673154 0.000982514 0.0025 0.5466 0.429312 1.96356 0.00914746 48 4 1 2.57262e-10 
1.41322 -0.673158 0.0010353 0.0025 0.546599 0.42931 1.96355 0.00914748 49 4 1 -6.08709e-10 
1.4178 -0.673161 0.00108323 0.0025 0.546597 0.429307 1.96354 0.0091475 50 4 1 -2.82374e-10 
1.42237 -0.673165 0.00113487 0.0025 0.546596 0.429304 1.96354 0.00914753 51 4 1 6.47868e-10 
1.42694 -0.67317 0.00119955 0.0025 0.546594 0.429301 1.96353 0.00914756 52 4 1 -1.04495e-10 
1.43152 -0.673174 0.00128266 0.0025 0.546592 0.429298 1.96352 0.0091476 53 4 1 -8.94432e-10 
1.43609 -0.67318 0.00138298 0.0025 0.546589 0.429294 1.96351 0.00914763 54 4 1 -8.72851e-11 
1.44067 -0.673185 0.00149336 0.0025 0.546587 0.429291 1.96351 0.00914767 55 4 1 4.96014e-10 
1.44524 -0.673191 0.00160456 0.0025 0.546584 0.429287 1.9635 0.00914772 56 4 1 -5.34845e-10 
1.44981 -0.673197 0.00171083 0.0025 0.546581 0.429282 1.96349 0.00914778 57 4 1 -9.17243e-10 
1.45439 -0.673204 0.00181483 0.0025 0.546578 0.429278 1.96348 0.00914783 58 4 1 3.03814e-10 
1.45896 -0.673212 0.00192882 0.0025 0.546574 0.429273 1.96347 0.00914789 59 4 1 -6.98781e-12 
1.46354 -0.673221 0.00206974 0.0025 0.54657 0.429268 1.96346 0.00914796 60 4 1 -7.85693e-10 
1.46811 -0.67323 0.00224895 0.0025 0.546565 0.429262 1.96345 0.00914804 61 4 1 -6.9298e-10 
1.47268 -0.67324 0.00246306 0.0025 0.546561 0.429256 1.96344 0.00914812 62 4 1 -1.29871e-10 
1.47726 -0.673251 0.00269359 0.0025 0.546555 0.429249 1.96343 0.00914821 63 4 1 -5.23779e-10 
1.48183 -0.673262 0.00291953 0.0025 0.546549 0.429242 1.96342 0.00914831 64 4 1 -9.5695e-10 
1.48641 -0.673275 0.00313592 0.0025 0.546543 0.429234 1.96341 0.00914842 65 4 1 -5.59448e-10 
1.49098 -0.673289 0.00336437 0.0025 0.546535 0.429225 1.96339 0.00914854 66 4 1 -5.22795e-10 
1.49555 -0.673305 0.00364364 0.0025 0.546528 0.429216 1.96338 0.00914867 67 4 1 -9.00892e-10 
-0.499872 -0.673322 0.00400365 0.0025 0.546519 0.429206 1.96336 0.00914881 68 4 1 -1.16281e-09 
-0.495297 -0.67334 0.00444215 0.0025 0.546509 0.429195 1.96335 0.00914897 69 4 1 -1.06803e-09 
-0.490723 -0.673361 0.00492553 0.0025 0.546499 0.429183 1.96333 0.00914915 70 4 1 -1.37711e-09 
-0.486148 -0.673383 0.00541781 0.0025 0.546487 0.429169 1.96331 0.00914935 71 4 1 -1.6264e-09 
-0.481573 -0.673407 0.00591655 0.0025 0.546474 0.429154 1.96329 0.00914957 72 4 1 -1.43366e-09 
-0.476998 -0.673435 0.00646451 0.0025 0.546459 0.429138 1.96327 0.00914981 73 4 1 -1.61183e-09 
-0.472423 -0.673466 0.00712385 0.0025 0.546444 0.42912 1.96324 0.00915008 74 4 1 -2.10566e-09 
-0.467848 -0.6735 0.00793475 0.0025 0.546426 0.4291 1.96321 0.00915037 75 4 1 -2.47925e-09 
-0.463273 -0.673538 0.00889549 0.0025 0.546406 0.429078 1.96318 0.0091507 76 4 1 -2.80344e-09 
-0.458698 -0.67358 0.00997665 0.0025 0.546384 0.429053 1.96315 0.00915108 77 4 1 -3.13601e-09 
-0.454122 -0.673626 0.011147 0.0025 0.546359 0.429025 1.96311 0.00915149 78 4 1 -3.47267e-09 
-0.449546 -0.673678 0.0123892 0.0025 0.546331 0.428994 1.96307 0.00915196 79 4 1 -3.68881e-09 
-0.44497 -0.673736 0.0137085 0.0025 0.5463 0.428959 1.96302 0.00915248 80 4 1 -3.86372e-09 
-0.440394 -0.673801 0.0151372 0.0025 0.546266 0.428921 1.96297 0.00915306 81 4 1 -4.14748e-09 
-0.435817 -0.673873 0.0167203 0.0025 0.546228 0.428879 1.96291 0.00915369 82 4 1 -4.47877e-09 
-0.43124 -0.673953 0.0184846 0.0025 0.546186 0.428833 1.96285 0.00915439 83 4 1 -4.76537e-09 
-0.426663 -0.67404 0.0204066 0.0025 0.54614 0.428782 1.96279 0.00915516 84 4 1 -4.92725e-09 
-0.422085 -0.674135 0.0223713 0.0025 0.54609 0.428727 1.96271 0.009156 85 4 1 -4.69913e-09 
-0.417507 -0.674236 0.0241412 0.0025 0.546036 0.428667 1.96263 0.00915691 86 4 1 -3.84616e-09 
-0.412928 -0.674344 0.0254562 0.0025 0.545978 0.428603 1.96255 0.00915788 87 4 1 -2.34579e-09 
-0.408349 -0.674458 0.0262961 0.0025 0.545918 0.428537 1.96246 0.00915888 88 4 1 -8.14728e-10 
-0.403769 -0.674577 0.0268766 0.0025 0.545858 0.428471 1.96237 0.00915989 89 4 1 5.81198e-10 
-0.399189 -0.674697 0.0270994 0.0025 0.545798 0.428404 1.96228 0.00916091 90 4 1 2.4405e-09 
-0.394608 -0.674812 0.0263813 0.0025 0.545739 0.42834 1.9622 0.00916189 91 4 1 5.05253e-09 
-0.390027 -0.67492 0.0244164 0.0025 0.545684 0.42828 1.96212 0.0091628 92 4 1 8.48569e-09 
-0.385445 -0.675016 0.0213514 0.0025 0.545637 0.428228 1.96205 0.0091636 93 4 1 1.19555e-08 
-0.380863 -0.675096 0.0169385 0.0025 0.545599 0.428186 1.962 0.00916424 94 4 1 1.56975e-08 
-0.376281 -0.675153 0.0113428 0.0025 0.545574 0.428158 1.96196 0.00916466 95 4 1 1.13635e-08 
-0.371699 -0.675181 0.010248 0.0025 0.545559 0.428142 1.96194 0.00916491 96 5 1 2.99839e-08 
-0.367116 -0.675189 -0.0109873 0.0025 0.545569 0.428154 1.96195 0.00916474 97 4 1 5.56342e-08 
-0.362534 -0.675089 -0.0285824 0.0025 0.545625 0.428217 1.96203 0.0091638 98 4 1 8.79335e-08 
-0.357952 -0.67489 -0.0656475 0.0025 0.545756 0.428365 1.96222 0.0091616 99 4 1 2.12599e-07 
-0.353372 -0.674367 -0.178262 0.0025 0.54606 0.428704 1.96265 0.0091565 100 4 1 3.648e-07 
-0.348796 -0.673248 -0.329984 0.0025 0.54665 0.429354 1.9635 0.00914663 101 4 1 4.27846e-07 
-0.344226 -0.671507 -0.46509 0.0025 0.547559 0.430355 1.96481 0.00913143 102 4 1 4.71398e-07 
-0.339664 -0.669168 -0.612143 0.0025 0.548798 0.431722 1.96658 0.00911082 103 4 1 6.01325e-07 
-0.335115 -0.666088 -0.808195 0.0025 0.550427 0.43352 1.96891 0.00908386 104 4 1 7.70077e-07 
-0.33058 -0.662125 -1.03355 0.0025 0.552514 0.435824 1.9719 0.00904954 105 4 1 8.73303e-07 
-0.326065 -0.657236 -1.24048 0.0025 0.555065 0.438639 1.97553 0.00900796 106 4 1 8.57767e-07 
-0.321572 -0.65164 -1.38354 0.0025 0.557993 0.441877 1.9797 0.00896069 107 4 1 7.59747e-07 
-0.317104 -0.64561 -1.46076 0.0025 0.561169 0.445398 1.9842 0.00890997 108 4 1 6.73696e-07 
-0.312662 -0.639364 -1.5059 0.0025 0.564492 0.449094 1.98889 0.00885751 109 4 1 6.68637e-07 
-0.308247 -0.632952 -1.56096 0.0025 0.567932 0.45293 1.99373 0.00880387 110 4 1 7.16714e-07 
-0.303858 -0.62634 -1.62481 0.0025 0.571499 0.456919 1.99873 0.00874892 111 4 1 7.85235e-07 
-0.299498 -0.619495 -1.7066 0.0025 0.575215 0.461084 2.00392 0.0086924 112 4 1 8.30542e-07 
-0.295166 -0.612391 -1.77615 0.0025 0.579084 0.46543 2.0093 0.00863433 113 4 1 8.40787e-07 
-0.290863 -0.605061 -1.83849 0.0025 0.583083 0.469935 2.01484 0.00857511 114 4 1 8.18156e-07 
-0.286591 -0.597602 -1.87296 0.0025 0.587177 0.474559 2.02048 0.00851532 115 4 1 7.7575e-07 
-0.282348 -0.590105 -1.89422 0.0025 0.591322 0.479254 2.02618 0.00845563 116 4 1 7.28983e-07 
-0.278135 -0.582615 -1.89548 0.0025 0.595483 0.48398 2.03187 0.00839655 117 4 1 6.79766e-07 
-0.273951 -0.575202 -1.88836 0.0025 0.599628 0.488701 2.03751 0.00833851 118 4 1 6.36213e-07 
-0.269796 -0.567895 -1.87087 0.0025 0.603737 0.493396 2.04309 0.00828175 119 4 1 5.95383e-07 
-0.265669 -0.560723 -1.84832 0.0025 0.607796 0.498046 2.04857 0.00822645 120 4 1 5.78322e-07 
-0.26157 -0.55368 -1.83477 0.0025 0.611807 0.502654 2.05397 0.00817251 121 4 1 5.82319e-07 
-0.257497 -0.546722 -1.83205 0.0025 0.615787 0.507237 2.0593 0.0081197 122 4 1 5.61362e-07 
-0.25345 -0.53985 -1.81437 0.0025 0.619732 0.511792 2.06457 0.008068 123 4 1 5.24522e-07 
-0.249429 -0.533117 -1.79275 0.0025 0.62363 0.516305 2.06975 0.00801758 124 4 1 5.27736e-07 
-0.245432 -0.526468 -1.79222 0.0025 0.627494 0.520789 2.07487 0.00796821 125 4 1 5.26588e-07 
-0.241461 -0.519882 -1.7825 0.0025 0.631334 0.525256 2.07994 0.00791974 126 4 1 5.00399e-07 
-0.237513 -0.513386 -1.76788 0.0025 0.635141 0.529696 2.08495 0.00787227 127 4 1 4.95693e-07 
-0.233588 -0.506988 -1.76389 0.0025 0.638921 0.534115 2.0899 0.00782569 128 4 1 5.0568e-07 
-0.229687 -0.500616 -1.76748 0.0025 0.642689 0.53853 2.09482 0.00777981 129 4 1 4.98778e-07 
-0.225808 -0.4943 -1.76317 0.0025 0.646447 0.542943 2.09971 0.00773458 130 4 1 4.86854e-07 
-0.221952 -0.488034 -1.76001 0.0025 0.650192 0.547352 2.10457 0.00769004 131 4 1 4.96127e-07 
-0.218118 -0.481803 -1.76852 0.0025 0.653934 0.551769 2.10941 0.00764603 132 4 1 5.17075e-07 
-0.214306 -0.475575 -1.78585 0.0025 0.657694 0.556215 2.11425 0.00760232 133 4 1 5.29521e-07 
-0.210516 -0.469321 -1.80381 0.0025 0.66148 0.560702 2.11911 0.00755881 134 4 1 5.28847e-07 
-0.206747 -0.463072 -1.81716 0.0025 0.66529 0.565229 2.12398 0.00751552 135 4 1 5.32096e-07 
-0.203 -0.456796 -1.83504 0.0025 0.669125 0.569797 2.12887 0.00747244 136 4 1 5.411e-07 
-0.199275 -0.450509 -1.85388 0.0025 0.672992 0.574412 2.13378 0.00742951 137 4 1 5.65005e-07 
-0.195571 -0.444177 -1.88915 0.0025 0.676904 0.579092 2.13873 0.00738658 138 4 1 5.79179e-07 
-0.191888 -0.437762 -1.9171 0.0025 0.680865 0.583841 2.14373 0.0073436 139 4 1 5.44258e-07 
-0.188227 -0.431368 -1.91512 0.0025 0.684848 0.588627 2.14874 0.00730089 140 4 1 5.30018e-07 
-0.184587 -0.424986 -1.9291 0.0025 0.68884 0.593437 2.15374 0.00725858 141 4 1 5.58874e-07 
-0.180968 -0.418593 -1.95774 0.0025 0.692863 0.598294 2.15876 0.00721644 142 4 1 5.47308e-07 
-0.177371 -0.412174 -1.96143 0.0025 0.696906 0.603187 2.16379 0.00717456 143 4 1 5.25851e-07 
-0.173794 -0.405802 -1.96934 0.0025 0.700955 0.608099 2.16881 0.00713312 144 4 1 5.19093e-07 
-0.170237 -0.399444 -1.97163 0.0025 0.705007 0.613025 2.17382 0.00709213 145 4 1 5.13937e-07 
-0.166702 -0.393122 -1.97965 0.0025 0.709059 0.617963 2.17881 0.0070516 146 4 1 5.08579e-07 
-0.163186 -0.386814 -1.98191 0.0025 0.713112 0.622914 2.18378 0.00701152 147 4 1 4.96786e-07 
-0.15969 -0.380557 -1.98327 0.0025 0.71716 0.627869 2.18873 0.00697195 148 4 1 4.8839e-07 
-0.156214 -0.374344 -1.98244 0.0025 0.721201 0.632828 2.19365 0.00693288 149 4 1 4.86639e-07 
-0.152757 -0.368177 -1.98716 0.0025 0.725238 0.637793 2.19855 0.00689429 150 4 1 4.95375e-07 
-0.149319 -0.362042 -1.99841 0.0025 0.729281 0.642777 2.20345 0.00685606 151 4 1 4.9714e-07 
-0.145901 -0.35594 -2.00678 0.0025 0.733335 0.647785 2.20834 0.00681816 152 4 1 4.97656e-07 
-0.142501 -0.349915 -2.01872 0.0025 0.737402 0.65282 2.21323 0.00678056 153 4 1 5.11994e-07 
-0.13912 -0.343951 -2.04018 0.0025 0.741491 0.657894 2.21813 0.00674317 154 4 1 5.04039e-07 
-0.135758 -0.338094 -2.04117 0.0025 0.745601 0.663004 2.22304 0.006706 155 4 1 5.33953e-07 
-0.132414 -0.332369 -2.08472 0.0025 0.74975 0.668178 2.22798 0.00666889 156 4 1 6.03293e-07 
-0.129089 -0.326729 -2.14593 0.0025 0.753988 0.673472 2.23301 0.0066314 157 4 1 6.29446e-07 
-0.125783 -0.321271 -2.19564 0.0025 0.758326 0.678903 2.23814 0.00659347 158 4 1 6.52853e-07 
-0.122496 -0.316073 -2.25364 0.0025 0.762767 0.684477 2.24337 0.00655508 159 4 1 7.18565e-07 
-0.119228 -0.311137 -2.34245 0.0025 0.767346 0.690239 2.24875 0.00651597 160 4 1 8.00616e-07 
-0.115979 -0.306476 -2.45086 0.0025 0.772104 0.696239 2.25431 0.00647581 161 4 1 8.77829e-07 
-0.112752 -0.302091 -2.57782 0.0025 0.777068 0.702513 2.2601 0.00643444 162 4 1 8.84381e-07 
-0.109545 -0.297971 -2.65382 0.0025 0.782209 0.709025 2.26607 0.00639216 163 4 1 8.16959e-07 
-0.10636 -0.294126 -2.68125 0.0025 0.787447 0.715681 2.27213 0.00634963 164 4 1 8.02077e-07 
-0.103195 -0.290446 -2.72327 0.0025 0.792754 0.722443 2.27824 0.00630713 165 4 1 8.30986e-07 
-0.100052 -0.286824 -2.77247 0.0025 0.798146 0.729333 2.28442 0.00626452 166 4 1 9.2235e-07 
-0.0969307 -0.283431 -2.90236 0.0025 0.803678 0.736421 2.29074 0.0062214 167 4 1 9.93277e-07 
-0.0938308 -0.280313 -3.03394 0.0025 0.809373 0.743724 2.29723 0.00617762 168 4 1 6.64386e-07 
-0.090753 -0.277259 -2.85165 0.0025 0.814948 0.750883 2.30355 0.00613536 169 4 1 -7.71062e-08 
-0.0876954 -0.273299 -2.26727 0.0025 0.819863 0.757224 2.30911 0.00609858 170 4 1 -4.78221e-07 
-0.0846544 -0.267781 -1.8004 0.0025 0.823929 0.762511 2.31367 0.00606849 171 4 1 8.17138e-08 
-0.0816269 -0.261921 -2.04217 0.0025 0.827723 0.767446 2.31791 0.00604067 172 4 1 6.67088e-07 
-0.0786136 -0.256858 -2.33044 0.0025 0.831705 0.772578 2.32238 0.00601174 173 4 1 -4.43325e-07 
-0.0756151 -0.250922 -1.28556 0.0025 0.834929 0.776727 2.32602 0.00598853 174 4 1 -1.97864e-06 
-0.0726251 -0.241582 0.253222 0.0025 0.836181 0.778413 2.3274 0.00597956 175 4 1 -9.3717e-07 
-0.0696355 -0.230535 -0.167173 0.0025 0.836575 0.77901 2.32777 0.00597675 176 4 1 1.49553e-06 
-0.0666484 -0.222463 -1.77179 0.0025 0.838297 0.781213 2.32967 0.00596447 177 4 1 9.44419e-07 
-0.0636711 -0.216202 -1.25192 0.0025 0.840668 0.784209 2.33238 0.00594765 178 4 1 -1.94279e-06 
-0.0607007 -0.205936 0.855059 0.0025 0.841172 0.784913 2.33297 0.00594408 179 3 1 -1.37397e-06 
-0.057727 -0.193185 0.458845 0.0025 0.840478 0.784112 2.33211 0.005949 180 5 1 1.66252e-06 
-0.0547517 -0.184107 -1.42307 0.0025 0.841302 0.785143 2.333 0.00594317 181 4 1 1.06408e-06 
-0.0517838 -0.176907 -0.810601 0.0025 0.842978 0.787246 2.33494 0.00593135 182 4 1 -1.53489e-06 
-0.0488203 -0.166424 0.656609 0.0025 0.84325 0.787653 2.33524 0.00592944 183 3 1 -6.45171e-07 
-0.0458544 -0.154936 -0.0446206 0.0025 0.842969 0.787338 2.33487 0.00593141 184 5 1 1.04414e-06 
-0.0428889 -0.145625 -0.742666 0.0025 0.843587 0.788099 2.33557 0.00592707 185 4 1 3.84867e-08 
-0.0399273 -0.136186 -0.058852 0.0025 0.844219 0.78891 2.3363 0.00592264 186 4 1 -6.2531e-07 
-0.0369663 -0.125689 0.0806374 0.0025 0.844302 0.789047 2.33638 0.00592205 187 4 1 8.7695e-08 
-0.0340052 -0.115587 -0.184652 0.0025 0.844452 0.789243 2.33653 0.005921 188 4 1 2.12543e-07 
-0.0310453 -0.10587 -0.211381 0.0025 0.844795 0.789685 2.33691 0.0059186 189 4 1 4.97344e-08 
-0.0280866 -0.0961578 -0.25662 0.0025 0.845176 0.790175 2.33735 0.00591593 190 4 1 -2.04946e-07 
-0.0251294 -0.0859119 0.087016 0.0025 0.845331 0.790378 2.33753 0.00591484 191 3 1 -3.55988e-07 
-0.0221718 -0.0749679 0.185445 0.0025 0.845182 0.790206 2.33735 0.00591589 192 5 1 2.87001e-07 
-0.0192135 -0.0653174 -0.309925 0.0025 0.845299 0.790353 2.33747 0.00591507 193 4 1 2.67927e-07 
-0.0162567 -0.055704 -0.142064 0.0025 0.845636 0.790778 2.33787 0.00591271 194 4 1 -2.97933e-07 
-0.0133008 -0.0456169 0.0852589 0.0025 0.845714 0.790893 2.33796 0.00591216 195 4 1 -8.0666e-08 
-0.0103446 -0.0353026 -0.046608 0.0025 0.845722 0.790913 2.33796 0.00591211 196 4 1 1.91948e-07 
-0.00738866 -0.0252619 -0.174205 0.0025 0.845883 0.791118 2.33815 0.00591098 197 4 1 -7.18312e-08 
-0.00443357 -0.0147896 0.049302 0.0025 0.845968 0.791221 2.33826 0.00591039 198 3 1 -3.44229e-07 
-0.00147827 -0.00483992 0.265992 0.0025 0.84576 0.79097 2.33802 0.00591184 199 4 1 2.39433e-07 
0.00147827 0.00483992 -0.265992 0.0025 0.84576 0.79097 2.33802 0.00591184 200 4 1 2.39433e-07 
0.00443357 0.0147896 -0.049302 0.0025 0.845968 0.791221 2.33826 0.00591039 201 3 1 -3.44229e-07 
0.00738866 0.0252619 0.174205 0.0025 0.845883 0.791118 2.33815 0.00591098 202 4 1 -7.18312e-08 
0.0103446 0.0353026 0.046608 0.0025 0.845722 0.790913 2.33796 0.00591211 203 4 1 1.91948e-07 
0.0133008 0.0456169 -0.0852589 0.0025 0.845714 0.790893 2.33796 0.00591216 204 4 1 -8.0666e-08 
0.0162567 0.055704 0.142064 0.0025 0.845636 0.790778 2.33787 0.00591271 205 4 1 -2.97933e-07 
0.0192135 0.0653174 0.309925 0.0025 0.845299 0.790353 2.33747 0.00591507 206 4 1 2.67927e-07 
0.0221718 0.0749679 -0.185445 0.0025 0.845182 0.790206 2.33735 0.00591589 207 5 1 2.87001e-07 
0.0251294 0.0859119 -0.087016 0.0025 0.845331 0.790378 2.33753 0.00591484 208 3 1 -3.55988e-07 
0.0280866 0.0961578 0.25662 0.0025 0.845176 0.790175 2.33735 0.00591593 209 4 1 -2.04946e-07 
0.0310453 0.10587 0.211381 0.0025 0.844795 0.789685 2.33691 0.0059186 210 4 1 4.97344e-08 
0.0340052 0.115587 0.184652 0.0025 0.844452 0.789243 2.33653 0.005921 211 4 1 2.12543e-07 
0.0369663 0.125689 -0.0806374 0.0025 0.844302 0.789047 2.33638 0.00592205 212 4 1 8.7695e-08 
0.0399273 0.136186 0.058852 0.0025 0.844219 0.78891 2.3363 0.00592264 213 4 1 -6.2531e-07 
0.0428889 0.145625 0.742666 0.0025 0.843587 0.788099 2.33557 0.00592707 214 4 1 3.84867e-08 
0.0458544 0.154936 0.0446206 0.0025 0.842969 0.787338 2.33487 0.00593141 215 5 1 1.04414e-06 
0.0488203 0.166424 -0.656609 0.0025 0.84325 0.787653 2.33524 0.00592944 216 3 1 -6.45171e-07 
0.0517838 0.176907 0.810601 0.0025 0.842978 0.787246 2.33494 0.00593135 217 4 1 -1.53489e-06 
0.0547517 0.184107 1.42307 0.0025 0.841302 0.785143 2.333 0.00594317 218 4 1 1.06408e-06 
0.057727 0.193185 -0.458845 0.0025 0.840478 0.784112 2.33211 0.005949 219 5 1 1.66252e-06 
0.0607007 0.205936 -0.855059 0.0025 0.841172 0.784913 2.33297 0.00594408 220 3 1 -1.37397e-06 
0.0636711 0.216202 1.25192 0.0025 0.840668 0.784209 2.33238 0.00594765 221 4 1 -1.94279e-06 
0.0666484 0.222463 1.77179 0.0025 0.838297 0.781213 2.32967 0.00596447 222 4 1 9.44419e-07 
0.0696355 0.230535 0.167173 0.0025 0.836575 0.77901 2.32777 0.00597675 223 4 1 1.49553e-06 
0.0726251 0.241582 -0.253222 0.0025 0.836181 0.778413 2.3274 0.00597956 224 4 1 -9.3717e-07 
0.0756151 0.250922 1.28556 0.0025 0.834929 0.776727 2.32602 0.00598853 225 4 1 -1.97864e-06 
0.0786136 0.256858 2.33044 0.0025 0.831705 0.772578 2.32238 0.00601174 226 4 1 -4.43325e-07 
0.0816269 0.261921 2.04217 0.0025 0.827723 0.767446 2.31791 0.00604067 227 4 1 6.67088e-07 
0.0846544 0.267781 1.8004 0.0025 0.823929 0.762511 2.31367 0.00606849 228 4 1 8.17138e-08 
0.0876954 0.273299 2.26727 0.0025 0.819863 0.757224 2.30911 0.00609858 229 4 1 -4.78221e-07 
0.090753 0.277259 2.85165 0.0025 0.814948 0.750883 2.30355 0.00613536 230 4 1 -7.71062e-08 
0.0938308 0.280313 3.03394 0.0025 0.809373 0.743724 2.29723 0.00617762 231 4 1 6.64386e-07 
0.0969307 0.283431 2.90236 0.0025 0.803678 0.736421 2.29074 0.0062214 232 4 1 9.93277e-07 
0.100052 0.286824 2.77247 0.0025 0.798146 0.729333 2.28442 0.00626452 233 4 1 9.2235e-07 
0.103195 0.290446 2.72327 0.0025 0.792754 0.722443 2.27824 0.00630713 234 4 1 8.30986e-07 
0.10636 0.294126 2.68125 0.0025 0.787447 0.715681 2.27213 0.00634963 235 4 1 8.02077e-07 
0.109545 0.297971 2.65382 0.0025 0.782209 0.709025 2.26607 0.00639216 236 4 1 8.16959e-07 
0.112752 0.302091 2.57782 0.0025 0.777068 0.702513 2.2601 0.00643444 237 4 1 8.84381e-07 
0.115979 0.306476 2.45086 0.0025 0.772104 0.696239 2.25431 0.00647581 238 4 1 8.77829e-07 
0.119228 0.311137 2.34245 0.0025 0.767346 0.690239 2.24875 0.00651597 239 4 1 8.00616e-07 
0.122496 0.316073 2.25364 0.0025 0.762767 0.684477 2.24337 0.00655508 240 4 1 7.18565e-07 
0.125783 0.321271 2.19564 0.0025 0.758326 0.678903 2.23814 0.00659347 241 4 1 6.52853e-07 
0.129089 0.326729 2.14593 0.0025 0.753988 0.673472 2.23301 0.0066314 242 4 1 6.29446e-07 
0.132414 0.332369 2.08472 0.0025 0.74975 0.668178 2.22798 0.00666889 243 4 1 6.03293e-07 
0.135758 0.338094 2.04117 0.0025 0.745601 0.663004 2.22304 0.006706 244 4 1 5.33953e-07 
0.13912 0.343951 2.04018 0.0025 0.741491 0.657894 2.21813 0.00674317 245 4 1 5.04039e-07 
0.142501 0.349915 2.01872 0.0025 0.737402 0.65282 2.21323 0.00678056 246 4 1 5.11994e-07 
0.145901 0.35594 2.00678 0.0025 0.733335 0.647785 2.20834 0.00681816 247 4 1 4.97656e-07 
0.149319 0.362042 1.99841 0.0025 0.729281 0.642777 2.20345 0.00685606 248 4 1 4.9714e-07 
0.152757 0.368177 1.98716 0.0025 0.725238 0.637793 2.19855 0.00689429 249 4 1 4.95375e-07 
0.156214 0.374344 1.98244 0.0025 0.721201 0.632828 2.19365 0.00693288 250 4 1 4.86639e-07 
0.15969 0.380557 1.98327 0.0025 0.71716 0.627869 2.18873 0.00697195 251 4 1 4.8839e-07 
0.163186 0.386814 1.98191 0.0025 0.713112 0.622914 2.18378 0.00701152 252 4 1 4.96786e-07 
0.166702 0.393122 1.97965 0.0025 0.709059 0.617963 2.17881 0.0070516 253 4 1 5.08579e-07 
0.170237 0.399444 1.97163 0.0025 0.705007 0.613025 2.17382 0.00709213 254 4 1 5.13937e-07 
0.173794 0.405802 1.96934 0.0025 0.700955 0.608099 2.16881 0.00713312 255 4 1 5.19093e-07 
0.177371 0.412174 1.96143 0.0025 0.696906 0.603187 2.16379 0.00717456 256 4 1 5.25851e-07 
0.180968 0.418593 1.95774 0.0025 0.692863 0.598294 2.15876 0.00721644 257 4 1 5.47308e-07 
0.184587 0.424986 1.9291 0.0025 0.68884 0.593437 2.15374 0.00725858 258 4 1 5.58874e-07 
0.188227 0.431368 1.91512 0.0025 0.684848 0.588627 2.14874 0.00730089 259 4 1 5.30018e-07 
0.191888 0.437762 1.9171 0.0025 0.680865 0.583841 2.14373 0.0073436 260 4 1 5.44258e-07 
0.195571 0.444177 1.88915 0.0025 0.676904 0.579092 2.13873 0.00738658 261 4 1 5.79179e-07 
0.199275 0.450509 1.85388 0.0025 0.672992 0.574412 2.13378 0.00742951 262 4 1 5.65005e-07 
0.203 0.456796 1.83504 0.0025 0.669125 0.569797 2.12887 0.00747244 263 4 1 5.411e-07 
0.206747 0.463072 1.81716 0.0025 0.66529 0.565229 2.12398 0.00751552 264 4 1 5.32096e-07 
0.210516 0.469321 1.80381 0.0025 0.66148 0.560702 2.11911 0.00755881 265 4 1 5.28847e-07 
0.214306 0.475575 1.78585 0.0025 0.657694 0.556215 2.11425 0.00760232 266 4 1 5.29521e-07 
0.218118 0.481803 1.76852 0.0025 0.653934 0.551769 2.10941 0.00764603 267 4 1 5.17075e-07 
0.221952 0.488034 1.76001 0.0025 0.650192 0.547352 2.10457 0.00769004 268 4 1 4.96127e-07 
0.225808 0.4943 1.76317 0.0025 0.646447 0.542943 2.09971 0.00773458 269 4 1 4.86854e-07 
0.229687 0.500616 1.76748 0.0025 0.642689 0.53853 2.09482 0.00777981 270 4 1 4.98778e-07 
0.233588 0.506988 1.76389 0.0025 0.638921 0.534115 2.0899 0.00782569 271 4 1 5.0568e-07 
0.237513 0.513386 1.76788 0.0025 0.635141 0.529696 2.08495 0.00787227 272 4 1 4.95693e-07 
0.241461 0.519882 1.7825 0.0025 0.631334 0.525256 2.07994 0.00791974 273 4 1 5.00399e-07 
0.245432 0.526468 1.79222 0.0025 0.627494 0.520789 2.07487 0.00796821 274 4 1 5.26588e-07 
0.249429 0.533117 1.79275 0.0025 0.62363 0.516305 2.06975 0.00801758 275 4 1 5.27736e-07 
0.25345 0.53985 1.81437 0.0025 0.619732 0.511792 2.06457 0.008068 276 4 1 5.24522e-07 
0.257497 0.546722 1.83205 0.0025 0.615787 0.507237 2.0593 0.0081197 277 4 1 5.61362e-07 
0.26157 0.55368 1.83477 0.0025 0.611807 0.502654 2.05397 0.00817251 278 4 1 5.82319e-07 
0.265669 0.560723 1.84832 0.0025 0.607796 0.498046 2.04857 0.00822645 279 4 1 5.78322e-07 
0.269796 0.567895 1.87087 0.0025 0.603737 0.493396 2.04309 0.00828175 280 4 1 5.95383e-07 
0.273951 0.575202 1.88836 0.0025 0.599628 0.488701 2.03751 0.00833851 281 4 1 6.36213e-07 
0.278135 0.582615 1.89548 0.0025 0.595483 0.48398 2.03187 0.00839655 282 4 1 6.79766e-07 
0.282348 0.590105 1.89422 0.0025 0.591322 0.479254 2.02618 0.00845563 283 4 1 7.28983e-07 
0.286591 0.597602 1.87296 0.0025 0.587177 0.474559 2.02048 0.00851532 284 4 1 7.7575e-07 
0.290863 0.605061 1.83849 0.0025 0.583083 0.469935 2.01484 0.00857511 285 4 1 8.18156e-07 
0.295166 0.612391 1.77615 0.0025 0.579084 0.46543 2.0093 0.00863433 286 4 1 8.40787e-07 
0.299498 0.619495 1.7066 0.0025 0.575215 0.461084 2.00392 0.0086924 287 4 1 8.30542e-07 
0.303858 0.62634 1.62481 0.0025 0.571499 0.456919 1.99873 0.00874892 288 4 1 7.85235e-07 
0.308247 0.632952 1.56096 0.0025 0.567932 0.45293 1.99373 0.00880387 289 4 1 7.16714e-07 
0.312662 0.639364 1.5059 0.0025 0.564492 0.449094 1.98889 0.00885751 290 4 1 6.68637e-07 
0.317104 0.64561 1.46076 0.0025 0.561169 0.445398 1.9842 0.00890997 291 4 1 6.73696e-07 
0.321572 0.65164 1.38354 0.0025 0.557993 0.441877 1.9797 0.00896069 292 4 1 7.59747e-07 
0.326065 0.657236 1.24048 0.0025 0.555065 0.438639 1.97553 0.00900796 293 4 1 8.57767e-07 
0.33058 0.662125 1.03355 0.0025 0.552514 0.435824 1.9719 0.00904954 294 4 1 8.73303e-07 
0.335115 0.666088 0.808195 0.0025 0.550427 0.43352 1.96891 0.00908386 295 4 1 7.70077e-07 
0.339664 0.669168 0.612143 0.0025 0.548798 0.431722 1.96658 0.00911082 296 4 1 6.01325e-07 
0.344226 0.671507 0.46509 0.0025 0.547559 0.430355 1.96481 0.00913143 297 4 1 4.71398e-07 
0.348796 0.673248 0.329984 0.0025 0.54665 0.429354 1.9635 0.00914663 298 4 1 4.27846e-07 
0.353372 0.674367 0.178262 0.0025 0.54606 0.428704 1.96265 0.0091565 299 4 1 3.648e-07 
0.357952 0.67489 0.0656475 0.0025 0.545756 0.428365 1.96222 0.0091616 300 4 1 2.12599e-07 
0.362534 0.675089 0.0285824 0.0025 0.545625 0.428217 1.96203 0.0091638 301 4 1 8.79335e-08 
0.367116 0.675189 0.0109873 0.0025 0.545569 0.428154 1.96195 0.00916474 302 4 1 5.56342e-08 
0.371699 0.675181 -0.010248 0.0025 0.545559 0.428142 1.96194 0.00916491 303 5 1 2.99839e-08 
0.376281 0.675153 -0.0113428 0.0025 0.545574 0.428158 1.96196 0.00916466 304 4 1 1.13635e-08 
0.380863 0.675096 -0.0169385 0.0025 0.545599 0.428186 1.962 0.00916424 305 4 1 1.56975e-08 
0.385445 0.675016 -0.0213514 0.0025 0.545637 0.428228 1.96205 0.0091636 306 4 1 1.19555e-08 
0.390027 0.67492 -0.0244164 0.0025 0.545684 0.42828 1.96212 0.0091628 307 4 1 8.48569e-09 
0.394608 0.674812 -0.0263813 0.0025 0.545739 0.42834 1.9622 0.00916189 308 4 1 5.05253e-09 
0.399189 0.674697 -0.0270994 0.0025 0.545798 0.428404 1.96228 0.00916091 309 4 1 2.4405e-09 
0.403769 0.674577 -0.0268766 0.0025 0.545858 0.428471 1.96237 0.00915989 310 4 1 5.81198e-10 
0.408349 0.674458 -0.0262961 0.0025 0.545918 0.428537 1.96246 0.00915888 311 4 1 -8.14728e-10 
0.412928 0.674344 -0.0254562 0.0025 0.545978 0.428603 1.96255 0.00915788 312 4 1 -2.34579e-09 
0.417507 0.674236 -0.0241412 0.0025 0.546036 0.428667 1.96263 0.00915691 313 4 1 -3.84616e-09 
0.422085 0.674135 -0.0223713 0.0025 0.54609 0.428727 1.96271 0.009156 314 4 1 -4.69913e-09 
0.426663 0.67404 -0.0204066 0.0025 0.54614 0.428782 1.96279 0.00915516 315 4 1 -4.92725e-09 
0.43124 0.673953 -0.0184846 0.0025 0.546186 0.428833 1.96285 0.00915439 316 4 1 -4.76537e-09 
0.435817 0.673873 -0.0167203 0.0025 0.546228 0.428879 1.96291 0.00915369 317 4 1 -4.47877e-09 
0.440394 0.673801 -0.0151372 0.0025 0.546266 0.428921 1.96297 0.00915306 318 4 1 -4.14748e-09 
0.44497 0.673736 -0.0137085 0.0025 0.5463 0.428959 1.96302 0.00915248 319 4 1 -3.86372e-09 
0.449546 0.673678 -0.0123892 0.0025 0.546331 0.428994 1.96307 0.00915196 320 4 1 -3.68881e-09 
0.454122 0.673626 -0.011147 0.0025 0.546359 0.429025 1.96311 0.00915149 321 4 1 -3.47267e-09 
0.458698 0.67358 -0.00997665 0.0025 0.546384 0.429053 1.96315 0.00915108 322 4 1 -3.13601e-09 
0.463273 0.673538 -0.00889549 0.0025 0.546406 0.429078 1.96318 0.0091507 323 4 1 -2.80344e-09 
0.467848 0.6735 -0.00793475 0.0025 0.546426 0.4291 1.96321 0.00915037 324 4 1 -2.47925e-09 
0.472423 0.673466 -0.00712385 0.0025 0.546444 0.42912 1.96324 0.00915008 325 4 1 -2.10566e-09 
0.476998 0.673435 -0.00646451 0.0025 0.546459 0.429138 1.96327 0.00914981 326 4 1 -1.61183e-09 
0.481573 0.673407 -0.00591655 0.0025 0.546474 0.429154 1.96329 0.00914957 327 4 1 -1.43366e-09 
0.486148 0.673383 -0.00541781 0.0025 0.546487 0.429169 1.96331 0.00914935 328 4 1 -1.6264e-09 
0.490723 0.673361 -0.00492553 0.0025 0.546499 0.429183 1.96333 0.00914915 329 4 1 -1.37711e-09 
0.495297 0.67334 -0.00444215 0.0025 0.546509 0.429195 1.96335 0.00914897 330 4 1 -1.06803e-09 
0.499872 0.673322 -0.00400365 0.0025 0.546519 0.429206 1.96336 0.00914881 331 4 1 -1.16281e-09 
0.504446 0.673305 -0.00364364 0.0025 0.546528 0.429216 1.96338 0.00914867 332 4 1 -9.00892e-10 
0.50902 0.673289 -0.00336437 0.0025 0.546535 0.429225 1.96339 0.00914854 333 4 1 -5.22795e-10 
0.513594 0.673275 -0.00313592 0.0025 0.546543 0.429234 1.96341 0.00914842 334 4 1 -5.59448e-10 
0.518169 0.673262 -0.00291953 0.0025 0.546549 0.429242 1.96342 0.00914831 335 4 1 -9.5695e-10 
0.522743 0.673251 -0.00269359 0.0025 0.546555 0.429249 1.96343 0.00914821 336 4 1 -5.23779e-10 
0.527317 0.67324 -0.00246306 0.0025 0.546561 0.429256 1.96344 0.00914812 337 4 1 -1.29871e-10 
0.531891 0.67323 -0.00224895 0.0025 0.546565 0.429262 1.96345 0.00914804 338 4 1 -6.92981e-10 
0.536465 0.673221 -0.00206974 0.0025 0.54657 0.429268 1.96346 0.00914796 339 4 1 -7.85692e-10 
0.541039 0.673212 -0.00192882 0.0025 0.546574 0.429273 1.96347 0.00914789 340 4 1 -6.98782e-12 
0.545613 0.673204 -0.00181483 0.0025 0.546578 0.429278 1.96348 0.00914783 341 4 1 3.03814e-10 
0.550187 0.673197 -0.00171083 0.0025 0.546581 0.429282 1.96349 0.00914778 342 4 1 -9.17243e-10 
0.554761 0.673191 -0.00160456 0.0025 0.546584 0.429287 1.9635 0.00914772 343 4 1 -5.34846e-10 
0.559334 0.673185 -0.00149336 0.0025 0.546587 0.429291 1.96351 0.00914767 344 4 1 4.96014e-10 
0.563908 0.67318 -0.00138298 0.0025 0.546589 0.429294 1.96351 0.00914763 345 4 1 -8.72848e-11 
0.568482 0.673174 -0.00128266 0.0025 0.546592 0.429298 1.96352 0.0091476 346 4 1 -8.94432e-10 
0.573056 0.67317 -0.00119955 0.0025 0.546594 0.429301 1.96353 0.00914756 347 4 1 -1.04495e-10 
0.57763 0.673165 -0.00113487 0.0025 0.546596 0.429304 1.96354 0.00914753 348 4 1 6.47868e-10 
0.582203 0.673161 -0.00108323 0.0025 0.546597 0.429307 1.96354 0.0091475 349 4 1 -2.82374e-10 
0.586777 0.673158 -0.0010353 0.0025 0.546599 0.42931 1.96355 0.00914748 350 4 1 -6.08709e-10 
0.591351 0.673154 -0.000982514 0.0025 0.5466 0.429312 1.96356 0.00914746 351 4 1 2.57262e-10 
0.595925 0.673151 -0.000921157 0.0025 0.546601 0.429315 1.96357 0.00914744 352 4 1 5.57384e-10 
0.600498 0.673149 -0.000853587 0.0025 0.546602 0.429317 1.96357 0.00914742 353 4 1 -7.56642e-10 
0.605072 0.673146 -0.000785932 0.0025 0.546603 0.429319 1.96358 0.00914741 354 4 1 -3.96738e-10 
0.609646 0.673143 -0.000724034 0.0025 0.546604 0.429321 1.96359 0.0091474 355 4 1 9.55024e-10 
0.614219 0.673141 -0.000670314 0.0025 0.546604 0.429323 1.96359 0.00914739 356 4 1 -6.95661e-12 
0.618793 0.673139 -0.000623358 0.0025 0.546604 0.429325 1.9636 0.00914739 357 4 1 -6.22192e-10 
0.623367 0.673137 -0.000580019 0.0025 0.546604 0.429326 1.96361 0.00914739 358 3 1 4.44595e-10 
0.62794 0.673134 -0.000538206 0.0025 0.546604 0.429328 1.96361 0.00914739 359 4 1 7.14759e-10 
0.632514 0.673132 -0.000498409 0.0025 0.546603 0.429329 1.96362 0.0091474 360 4 1 -7.25553e-10 
0.637088 0.673131 -0.000463187 0.0025 0.546603 0.42933 1.96363 0.00914741 361 4 1 1.08411e-10 
0.641662 0.673129 -0.000435386 0.0025 0.546602 0.429331 1.96364 0.00914742 362 4 1 1.45323e-09 
0.646235 0.673127 -0.000416456 0.0025 0.546601 0.429332 1.96365 0.00914744 363 4 1 -8.37837e-10 
0.650809 0.673126 -0.000405872 0.0025 0.5466 0.429334 1.96365 0.00914745 364 4 1 -1.54668e-10 
0.655383 0.673125 -0.000401653 0.0025 0.546599 0.429335 1.96366 0.00914747 365 4 1 2.18382e-09 
0.659956 0.673124 -0.000401342 0.0025 0.546598 0.429336 1.96367 0.00914749 366 4 1 -7.50631e-10 
0.66453 0.673123 -0.000402772 0.0025 0.546597 0.429337 1.96368 0.00914751 367 4 1 -7.70841e-10 
0.669104 0.673122 -0.000404349 0.0025 0.546595 0.429338 1.96369 0.00914753 368 4 1 2.06035e-09 
0.673678 0.673121 -0.000404994 0.0025 0.546594 0.429339 1.9637 0.00914756 369 4 1 6.02186e-10 
0.678252 0.673121 -0.000403947 0.0025 0.546592 0.42934 1.96371 0.00914759 370 4 1 -6.72824e-10 
0.682825 0.673121 -0.000400548 0.0025 0.54659 0.429341 1.96372 0.00914762 371 4 1 9.50661e-10 
0.687399 0.67312 -0.000393993 0.0025 0.546588 0.429342 1.96374 0.00914766 372 4 1 1.29114e-09 
0.691973 0.67312 -0.000383074 0.0025 0.546586 0.429343 1.96375 0.0091477 373 4 1 -3.16995e-10 
0.696547 0.67312 -0.000365966 0.0025 0.546583 0.429344 1.96376 0.00914774 374 4 1 7.49153e-10 
0.701121 0.67312 -0.000340189 0.0025 0.54658 0.429345 1.96378 0.00914779 375 4 1 1.45126e-09 
0.705695 0.67312 -0.000302792 0.0025 0.546577 0.429345 1.96379 0.00914785 376 4 1 -2.44296e-10 
0.710269 0.67312 -0.000250789 0.0025 0.546573 0.429346 1.96381 0.00914791 377 4 1 9.33935e-10 
0.714843 0.673119 -0.000181772 0.0025 0.546569 0.429347 1.96383 0.00914798 378 4 1 1.01527e-09 
0.719417 0.673119 -9.46587e-05 0.0025 0.546564 0.429347 1.96384 0.00914805 379 4 1 9.43573e-10 
0.723991 0.673117 9.5541e-06 0.0025 0.546559 0.429347 1.96386 0.00914815 380 4 1 2.43454e-09 
0.728565 0.673116 0.000127178 0.0025 0.546553 0.429347 1.96388 0.00914825 381 4 1 -1.48081e-09 
0.733139 0.673114 0.000251607 0.0025 0.546546 0.429346 1.96391 0.00914836 382 4 1 1.197e-09 
0.737713 0.673111 0.00037369 0.0025 0.546539 0.429345 1.96393 0.00914848 383 4 1 4.6475e-09 
0.742287 0.673109 0.000482816 0.0025 0.54653 0.429344 1.96395 0.00914863 384 4 1 -1.78011e-09 
0.746862 0.673105 0.000568609 0.0025 0.546521 0.429342 1.96398 0.00914878 385 4 1 2.00006e-09 
0.751436 0.673102 0.000622864 0.0025 0.546511 0.429341 1.96401 0.00914894 386 4 1 3.54316e-09 
0.756011 0.673098 0.000641245 0.0025 0.546501 0.429339 1.96404 0.00914912 387 4 1 2.91377e-09 
0.760585 0.673095 0.000624207 0.0025 0.546489 0.429338 1.96407 0.00914932 388 4 1 4.87064e-09 
0.76516 0.673092 0.00057686 0.0025 0.546476 0.429337 1.96411 0.00914953 389 4 1 -2.04022e-09 
0.769735 0.673089 0.000507788 0.0025 0.546463 0.429335 1.96415 0.00914975 390 4 1 5.70645e-09 
0.77431 0.673086 0.000427174 0.0025 0.546449 0.429334 1.9642 0.00914998 391 4 1 4.99983e-09 
0.778885 0.673084 0.000344791 0.0025 0.546434 0.429334 1.96425 0.00915023 392 4 1 8.4553e-09 
0.78346 0.673082 0.000268397 0.0025 0.54642 0.429336 1.96431 0.00915047 393 4 1 -3.3207e-09 
0.788035 0.673081 0.000202857 0.0025 0.546396 0.429336 1.96437 0.00915087 394 4 1 1.43884e-07 
0.792611 0.67308 0.000150121 0.0025 0.546384 0.429365 1.9646 0.00915107 395 4 1 -1.38571e-07 
0.797186 0.673079 0.000110324 0.0025 0.545986 0.429209 1.96466 0.00915775 396 5 1 3.48563e-06 
0.801769 0.673078 8.57606e-05 0.0025 0.54825 0.430873 1.96852 0.00911993 397 3 1 -1.90585e-05 
0.806306 0.673077 8.91186e-05 0.0025 0.536919 0.426202 1.95006 0.00931239 398 4 1 0.000179254 
0.811087 0.673077 0.000147998 0.0025 0.511061 0.432739 2.15252 0.00978357 399 4 1 -0.000134225 
0.816097 0.673077 0.000238566 0.0025 0.482814 0.424513 2.1555 0.0103559 400 4 1 0.000266088 
0.821457 0.673077 3.27155e-05 0.0025 0.454329 0.432956 2.44419 0.0110052 401 4 1 -0.000240406 
0.827112 0.673073 -0.00259708 0.0025 0.447033 0.427293 2.38028 0.0111849 402 5 1 5.38288e-05 
0.832643 0.673048 -0.0141763 0.0025 0.452473 0.429677 2.37468 0.0110504 403 4 1 -2.97265e-06 
0.838163 0.672954 -0.0439201 0.0025 0.453683 0.429384 2.36534 0.0110209 404 4 1 3.93824e-06 
0.843664 0.672767 -0.0530227 0.0025 0.454798 0.429475 2.36063 0.0109939 405 4 1 8.66045e-07 
0.849157 0.672976 0.332843 0.0025 0.455212 0.429151 2.35692 0.0109839 406 3 1 -4.66806e-07 
0.854648 0.676831 2.07576 0.0025 0.454794 0.428184 2.3528 0.010994 407 5 1 5.51064e-06 
0.860151 0.677183 -4.20469 0.0025 0.45707 0.431442 2.35507 0.0109393 408 4 1 5.21182e-05 
0.865588 0.630963 -25.8235 0.0025 0.473675 0.454804 2.38935 0.0105558 409 4 1 0.000183762 
0.870723 0.496133 -51.7693 0.0025 0.518043 0.518059 2.48604 0.00965171 410 4 1 0.000248944 
0.875291 0.313922 -50.9701 0.0025 0.586704 0.618745 2.62892 0.00852219 411 4 1 0.000146752 
0.879294 0.174224 -31.3833 0.0025 0.656267 0.724476 2.76053 0.00761885 412 4 1 4.36463e-05 
0.88293 0.0935535 -17.9027 0.0025 0.708476 0.806903 2.85021 0.00705741 413 4 1 2.9728e-06 
0.886358 0.0472577 -10.0068 0.0025 0.742296 0.861618 2.90449 0.00673586 414 4 1 -9.06256e-06 
0.889669 0.022739 -5.05267 0.0025 0.762146 0.894185 2.935 0.00656042 415 4 1 -9.41364e-06 
0.892919 0.0104879 -2.5008 0.0025 0.772668 0.911611 2.95063 0.00647109 416 4 1 -5.9171e-06 
0.89614 0.00457073 -1.17851 0.0025 0.777943 0.920352 2.95821 0.00642721 417 4 1 -3.22415e-06 
0.899346 0.00182381 -0.548043 0.0025 0.780482 0.924529 2.96167 0.0064063 418 4 1 -1.57876e-06 
0.902546 0.000565412 -0.252674 0.0025 0.78169 0.926472 2.96317 0.0063964 419 4 1 -7.36969e-07 
0.905743 -1.07266e-06 -0.115693 0.0025 0.782271 0.927366 2.96376 0.00639165 420 4 1 -3.36492e-07 
0.908938 -0.000250428 -0.0522939 0.0025 0.78256 0.927774 2.96393 0.00638928 421 4 1 -1.47643e-07 
0.912132 -0.000353966 -0.0226813 0.0025 0.782714 0.927958 2.96392 0.00638803 422 4 1 -6.82402e-08 
0.915326 -0.000389737 -0.00836202 0.0025 0.782804 0.928037 2.96383 0.0063873 423 4 1 -3.3449e-08 
0.918519 -0.000392625 -0.000144129 0.0025 0.782861 0.928065 2.9637 0.00638683 424 4 1 -1.99031e-08 
0.921713 -0.000371134 0.00411134 0.0025 0.782903 0.928066 2.96354 0.00638649 425 4 1 -6.94381e-09 
0.924906 -0.000354685 0.00309441 0.0025 0.78294 0.928058 2.96338 0.00638619 426 4 1 -3.13439e-09 
0.928099 -0.000328551 0.00489377 0.0025 0.782977 0.928049 2.96321 0.00638589 427 4 1 -6.28431e-09 
0.931292 -0.000311802 0.00365566 0.0025 0.783014 0.928038 2.96303 0.00638558 428 4 1 -8.94578e-09 
0.934484 -0.000285342 0.00510899 0.0025 0.783055 0.928027 2.96284 0.00638525 429 4 1 -1.2398e-08 
0.937677 -0.000270358 0.00256911 0.0025 0.7831 0.928017 2.96264 0.00638488 430 4 1 -1.55656e-08 
0.940869 -0.000245994 0.00529165 0.0025 0.78315 0.928007 2.96242 0.00638447 431 4 1 -1.4867e-08 
0.944061 -0.000230942 0.00174748 0.0025 0.783206 0.927999 2.96218 0.00638402 432 4 1 -1.92576e-08 
0.947253 -0.000210389 0.00395256 0.0025 0.783269 0.927991 2.96192 0.0063835 433 4 1 -2.7702e-08 
0.950445 -0.00019592 0.00190373 0.0025 0.783342 0.927983 2.96162 0.00638291 434 4 1 -3.17975e-08 
0.953636 -0.000175401 0.00306832 0.0025 0.783425 0.927977 2.96129 0.00638224 435 4 1 -3.37581e-08 
0.956827 -0.000163685 0.00147955 0.0025 0.783519 0.927971 2.96092 0.00638147 436 4 1 -3.43587e-08 
0.960018 -0.000141557 0.00372161 0.0025 0.783624 0.927965 2.9605 0.00638061 437 4 1 -3.2367e-08 
0.963208 -0.000132153 -0.000206125 0.0025 0.783741 0.92796 2.96004 0.00637966 438 4 1 -3.61183e-08 
0.966397 -0.000112712 0.00460943 0.0025 0.783869 0.927955 2.95954 0.00637862 439 4 1 -3.51251e-08 
0.969586 -0.000104912 -0.00151409 0.0025 0.78401 0.927951 2.959 0.00637747 440 4 1 -3.47657e-08 
0.972775 -9.02762e-05 0.00444936 0.0025 0.784163 0.92795 2.95841 0.00637622 441 4 1 -2.52718e-08 
0.975963 -8.22097e-05 -0.00173521 0.0025 0.784327 0.927952 2.95779 0.00637489 442 4 1 1.24437e-08 
0.97915 -6.92814e-05 0.00345409 0.0025 0.784494 0.927968 2.95719 0.00637354 443 4 1 1.37702e-07 
0.982336 -5.84504e-05 -0.0015104 0.0025 0.784628 0.928012 2.95675 0.00637245 444 3 1 5.16042e-07 
0.985522 -4.59679e-05 0.00261627 0.0025 0.784601 0.928111 2.95693 0.00637267 445 4 1 1.7e-06 
0.988709 -3.53583e-05 -0.000776928 0.0025 0.784026 0.928303 2.95915 0.00637734 446 4 1 4.52727e-06 
0.991899 -2.46161e-05 0.00158199 0.0025 0.781415 0.928234 2.9668 0.00639865 447 4 1 1.49419e-05 
0.995107 -1.5084e-05 -0.000743347 0.0025 0.774049 0.927406 2.99225 0.00645954 448 4 1 1.77289e-05 
0.998359 -5.11595e-06 0.000654511 0.0025 0.765325 0.927527 3.03749 0.00653318 449 4 1 -3.46212e-05 
1.00164 5.11595e-06 -0.000654511 0.0025 0.765325 0.927527 3.03749 0.00653318 450 4 1 -3.46212e-05 
1.00489 1.5084e-05 0.000743348 0.0025 0.774049 0.927406 2.99225 0.00645954 451 4 1 1.77289e-05 
1.0081 2.46161e-05 -0.00158199 0.0025 0.781415 0.928234 2.9668 0.00639865 452 4 1 1.49419e-05 
1.01129 3.53583e-05 0.000776928 0.0025 0.784026 0.928303 2.95915 0.00637734 453 4 1 4.52727e-06 
1.01448 4.59679e-05 -0.00261627 0.0025 0.784601 0.928111 2.95693 0.00637267 454 4 1 1.7e-06 
1.01766 5.84504e-05 0.0015104 0.0025 0.784628 0.928012 2.95675 0.00637245 455 3 1 5.16042e-07 
1.02085 6.92814e-05 -0.00345409 0.0025 0.784494 0.927968 2.95719 0.00637354 456 4 1 1.37702e-07 
1.02404 8.22097e-05 0.00173521 0.0025 0.784327 0.927952 2.95779 0.00637489 457 4 1 1.24437e-08 
1.02723 9.02762e-05 -0.00444936 0.0025 0.784163 0.92795 2.95841 0.00637622 458 4 1 -2.52718e-08 
1.03041 0.000104912 0.00151409 0.0025 0.78401 0.927951 2.959 0.00637747 459 4 1 -3.47657e-08 
1.0336 0.000112712 -0.00460943 0.0025 0.783869 0.927955 2.95954 0.00637862 460 4 1 -3.51251e-08 
1.03679 0.000132153 0.000206125 0.0025 0.783741 0.92796 2.96004 0.00637966 461 4 1 -3.61183e-08 
1.03998 0.000141557 -0.00372161 0.0025 0.783624 0.927965 2.9605 0.00638061 462 4 1 -3.2367e-08 
1.04317 0.000163685 -0.00147955 0.0025 0.783519 0.927971 2.96092 0.00638147 463 4 1 -3.43587e-08 
1.04636 0.000175401 -0.00306832 0.0025 0.783425 0.927977 2.96129 0.00638224 464 4 1 -3.37581e-08 
1.04956 0.00019592 -0.00190373 0.0025 0.783342 0.927983 2.96162 0.00638291 465 4 1 -3.17975e-08 
1.05275 0.000210389 -0.00395256 0.0025 0.783269 0.927991 2.96192 0.0063835 466 4 1 -2.7702e-08 
1.05594 0.000230942 -0.00174748 0.0025 0.783206 0.927999 2.96218 0.00638402 467 4 1 -1.92576e-08 
1.05913 0.000245994 -0.00529165 0.0025 0.78315 0.928007 2.96242 0.00638447 468 4 1 -1.4867e-08 
1.06232 0.000270358 -0.00256911 0.0025 0.7831 0.928017 2.96264 0.00638488 469 4 1 -1.55656e-08 
1.06552 0.000285342 -0.00510899 0.0025 0.783055 0.928027 2.96284 0.00638525 470 4 1 -1.2398e-08 
1.06871 0.000311802 -0.00365566 0.0025 0.783014 0.928038 2.96303 0.00638558 471 4 1 -8.94578e-09 
1.0719 0.000328551 -0.00489377 0.0025 0.782977 0.928049 2.96321 0.00638589 472 4 1 -6.28431e-09 
1.07509 0.000354685 -0.00309441 0.0025 0.78294 0.928058 2.96338 0.00638619 473 4 1 -3.13438e-09 
1.07829 0.000371134 -0.00411134 0.0025 0.782903 0.928066 2.96354 0.00638649 474 4 1 -6.94381e-09 
1.08148 0.000392625 0.000144129 0.0025 0.782861 0.928065 2.9637 0.00638683 475 4 1 -1.99031e-08 
1.08467 0.000389737 0.00836202 0.0025 0.782804 0.928037 2.96383 0.0063873 476 4 1 -3.3449e-08 
1.08787 0.000353966 0.0226813 0.0025 0.782714 0.927958 2.96392 0.00638803 477 4 1 -6.82402e-08 
1.09106 0.000250428 0.0522939 0.0025 0.78256 0.927774 2.96393 0.00638928 478 4 1 -1.47643e-07 
1.09426 1.07266e-06 0.115693 0.0025 0.782271 0.927366 2.96376 0.00639165 479 4 1 -3.36492e-07 
1.09745 -0.000565412 0.252674 0.0025 0.78169 0.926472 2.96317 0.0063964 480 4 1 -7.36969e-07 
1.10065 -0.00182381 0.548043 0.0025 0.780482 0.924529 2.96167 0.0064063 481 4 1 -1.57876e-06 
1.10386 -0.00457073 1.17851 0.0025 0.777943 0.920352 2.95821 0.00642721 482 4 1 -3.22415e-06 
1.10708 -0.0104879 2.5008 0.0025 0.772668 0.911611 2.95063 0.00647109 483 4 1 -5.9171e-06 
1.11033 -0.022739 5.05267 0.0025 0.762146 0.894185 2.935 0.00656042 484 4 1 -9.41364e-06 
1.11364 -0.0472577 10.0068 0.0025 0.742296 0.861618 2.90449 0.00673586 485 4 1 -9.06256e-06 
1.11707 -0.0935535 17.9027 0.0025 0.708476 0.806903 2.85021 0.00705741 486 4 1 2.9728e-06 
1.12071 -0.174224 31.3833 0.0025 0.656267 0.724476 2.76053 0.00761885 487 4 1 4.36463e-05 
1.12471 -0.313922 50.9701 0.0025 0.586704 0.618745 2.62892 0.00852219 488 4 1 0.000146752 
1.12928 -0.496133 51.7693 0.0025 0.518043 0.518059 2.48604 0.00965171 489 4 1 0.000248944 
1.13441 -0.630963 25.8235 0.0025 0.473675 0.454804 2.38935 0.0105558 490 4 1 0.000183762 
1.13985 -0.677183 4.20469 0.0025 0.45707 0.431442 2.35507 0.0109393 491 4 1 5.21182e-05 
1.14535 -0.676831 -2.07576 0.0025 0.454794 0.428184 2.3528 0.010994 492 5 1 5.51064e-06 
1.15084 -0.672976 -0.332843 0.0025 0.455212 0.429151 2.35692 0.0109839 493 3 1 -4.66806e-07 
1.15634 -0.672767 0.0530227 0.0025 0.454798 0.429475 2.36063 0.0109939 494 4 1 8.66045e-07 
1.16184 -0.672954 0.0439201 0.0025 0.453683 0.429384 2.36534 0.0110209 495 4 1 3.93824e-06 
1.16736 -0.673048 0.0141763 0.0025 0.452473 0.429677 2.37468 0.0110504 496 4 1 -2.97265e-06 
1.17289 -0.673073 0.00259708 0.0025 0.447033 0.427293 2.38028 0.0111849 497 5 1 5.38288e-05 
1.17854 -0.673077 -3.27154e-05 0.0025 0.454329 0.432956 2.44419 0.0110052 498 4 1 -0.000240406 
1.1839 -0.673077 -0.000238566 0.0025 0.482814 0.424513 2.1555 0.0103559 499 4 1 0.000266088 
