# Time [s]: 0.472168
# Columns: pos [m], vel [m/s], acc [m/s^2], mass [kg], dens [kg/m^3], pres [Pa], ene [J/kg], sml [m], id, neighbor, alpha, gradh, ...additional?
1.18441 -0.673079 -0.00033498 0.0025 0.511061 0.432739 2.15252 0.00978356 0 4 1 -0.000134222 
1.18919 -0.673079 -0.000439953 0.0025 0.53692 0.426202 1.95006 0.00931238 1 4 1 0.000179255 
1.19373 -0.673079 -0.000283069 0.0025 0.548251 0.430873 1.96852 0.00911992 2 3 1 -1.90585e-05 
1.19831 -0.67308 -0.000223593 0.0025 0.545986 0.42921 1.96467 0.00915774 3 5 1 3.48553e-06 
1.20289 -0.673081 -0.000254435 0.0025 0.546385 0.429366 1.9646 0.00915105 4 4 1 -1.38546e-07 
1.20747 -0.673083 -0.000321407 0.0025 0.546397 0.429337 1.96437 0.00915085 5 4 1 1.43928e-07 
1.21204 -0.673085 -0.00040073 0.0025 0.546421 0.429337 1.96431 0.00915045 6 4 1 -3.28741e-09 
1.21662 -0.673087 -0.000481321 0.0025 0.546436 0.429336 1.96425 0.0091502 7 4 1 8.46279e-09 
1.22119 -0.67309 -0.000554222 0.0025 0.546452 0.429337 1.9642 0.00914994 8 4 1 4.97207e-09 
1.22577 -0.673093 -0.000610071 0.0025 0.546466 0.429338 1.96416 0.00914971 9 4 1 5.63964e-09 
1.23034 -0.673096 -0.000640153 0.0025 0.546479 0.429339 1.96412 0.00914949 10 4 1 -2.14313e-09 
1.23492 -0.673099 -0.000638195 0.0025 0.546491 0.429341 1.96408 0.00914927 11 4 1 4.74181e-09 
1.23949 -0.673103 -0.000601802 0.0025 0.546503 0.429342 1.96404 0.00914907 12 4 1 2.77477e-09 
1.24406 -0.673106 -0.000533041 0.0025 0.546514 0.429344 1.96401 0.0091489 13 4 1 3.41216e-09 
1.24864 -0.673109 -0.000438032 0.0025 0.546523 0.429345 1.96398 0.00914874 14 4 1 1.89366e-09 
1.25321 -0.673111 -0.000325708 0.0025 0.546532 0.429346 1.96396 0.00914859 15 4 1 -1.85019e-09 
1.25779 -0.673113 -0.000206113 0.0025 0.54654 0.429347 1.96393 0.00914845 16 4 1 4.61863e-09 
1.26236 -0.673115 -8.87069e-05 0.0025 0.546548 0.429348 1.96391 0.00914834 17 4 1 1.20729e-09 
1.26694 -0.673116 1.89329e-05 0.0025 0.546554 0.429348 1.96389 0.00914823 18 4 1 -1.43878e-09 
1.27151 -0.673117 0.000111806 0.0025 0.54656 0.429348 1.96386 0.00914813 19 4 1 2.49796e-09 
1.27608 -0.673118 0.000187581 0.0025 0.546565 0.429347 1.96384 0.00914804 20 4 1 1.01752e-09 
1.28066 -0.673118 0.000246141 0.0025 0.546569 0.429347 1.96383 0.00914797 21 4 1 1.09048e-09 
1.28523 -0.673118 0.00028774 0.0025 0.546573 0.429346 1.96381 0.0091479 22 4 1 1.00296e-09 
1.28981 -0.673118 0.000315334 0.0025 0.546577 0.429346 1.96379 0.00914785 23 4 1 -1.85308e-10 
1.29438 -0.673118 0.000340296 0.0025 0.54658 0.429345 1.96378 0.00914779 24 4 1 1.50056e-09 
1.29895 -0.673118 0.000354181 0.0025 0.546583 0.429344 1.96376 0.00914774 25 4 1 7.87395e-10 
1.30353 -0.673118 0.00035836 0.0025 0.546586 0.429343 1.96375 0.0091477 26 4 1 -2.87745e-10 
1.3081 -0.673118 0.000360136 0.0025 0.546588 0.429342 1.96374 0.00914766 27 4 1 1.31541e-09 
1.31268 -0.673118 0.000359512 0.0025 0.54659 0.429341 1.96372 0.00914762 28 4 1 9.70777e-10 
1.31725 -0.673118 0.00035673 0.0025 0.546592 0.42934 1.96371 0.00914759 29 4 1 -6.55545e-10 
1.32182 -0.673119 0.000352469 0.0025 0.546594 0.429339 1.9637 0.00914755 30 4 1 6.16741e-10 
1.3264 -0.673119 0.000347716 0.0025 0.546596 0.429338 1.96369 0.00914752 31 4 1 2.07134e-09 
1.33097 -0.67312 0.000343867 0.0025 0.546597 0.429337 1.96368 0.0091475 32 4 1 -7.6501e-10 
1.33554 -0.673121 0.000342804 0.0025 0.546599 0.429337 1.96367 0.00914748 33 4 1 -7.51843e-10 
1.34012 -0.673122 0.000346729 0.0025 0.5466 0.429336 1.96366 0.00914745 34 4 1 2.1744e-09 
1.34469 -0.673123 0.000357623 0.0025 0.546601 0.429335 1.96366 0.00914743 35 4 1 -1.71352e-10 
1.34927 -0.673125 0.000376475 0.0025 0.546602 0.429334 1.96365 0.00914742 36 4 1 -8.57866e-10 
1.35384 -0.673126 0.000402701 0.0025 0.546603 0.429333 1.96364 0.0091474 37 4 1 1.43599e-09 
1.35841 -0.673128 0.000434303 0.0025 0.546604 0.429332 1.96363 0.00914739 38 4 1 9.95762e-11 
1.36299 -0.673129 0.000468934 0.0025 0.546605 0.42933 1.96362 0.00914738 39 4 1 -7.24362e-10 
1.36756 -0.673131 0.000505358 0.0025 0.546605 0.429329 1.96362 0.00914737 40 4 1 7.22097e-10 
1.37213 -0.673133 0.000544295 0.0025 0.546606 0.429328 1.96361 0.00914736 41 4 1 4.50986e-10 
1.37671 -0.673135 0.000587814 0.0025 0.546606 0.429326 1.9636 0.00914736 42 3 1 -6.21652e-10 
1.38128 -0.673137 0.000637431 0.0025 0.546606 0.429325 1.9636 0.00914736 43 4 1 -1.00519e-11 
1.38586 -0.673139 0.00069215 0.0025 0.546605 0.429323 1.96359 0.00914737 44 4 1 9.57988e-10 
1.39043 -0.673141 0.000747983 0.0025 0.546605 0.429321 1.96358 0.00914738 45 4 1 -3.76093e-10 
1.395 -0.673143 0.000799689 0.0025 0.546604 0.429319 1.96358 0.00914739 46 4 1 -7.1315e-10 
1.39958 -0.673146 0.000843895 0.0025 0.546603 0.429317 1.96357 0.0091474 47 4 1 6.16979e-10 
1.40415 -0.673148 0.000881657 0.0025 0.546602 0.429315 1.96356 0.00914742 48 4 1 3.16195e-10 
1.40872 -0.673151 0.00091868 0.0025 0.546601 0.429313 1.96356 0.00914744 49 4 1 -5.68384e-10 
1.4133 -0.673154 0.000962831 0.0025 0.5466 0.42931 1.96355 0.00914746 50 4 1 -2.69265e-10 
1.41787 -0.673158 0.00102027 0.0025 0.546599 0.429308 1.96354 0.00914748 51 4 1 6.40148e-10 
1.42244 -0.673162 0.00109233 0.0025 0.546597 0.429305 1.96353 0.0091475 52 4 1 -1.14253e-10 
1.42702 -0.673166 0.00117484 0.0025 0.546595 0.429302 1.96353 0.00914753 53 4 1 -8.84378e-10 
1.43159 -0.673171 0.0012604 0.0025 0.546593 0.429299 1.96352 0.00914757 54 4 1 -4.39498e-11 
1.43617 -0.673176 0.00134265 0.0025 0.546591 0.429295 1.96351 0.0091476 55 4 1 5.69422e-10 
1.44074 -0.673181 0.00142089 0.0025 0.546589 0.429292 1.96351 0.00914765 56 4 1 -4.5208e-10 
1.44531 -0.673187 0.00150221 0.0025 0.546586 0.429288 1.9635 0.00914769 57 4 1 -8.54186e-10 
1.44989 -0.673193 0.00159917 0.0025 0.546583 0.429284 1.96349 0.00914774 58 4 1 3.27264e-10 
1.45446 -0.6732 0.00172278 0.0025 0.54658 0.42928 1.96348 0.00914779 59 4 1 -1.64268e-11 
1.45904 -0.673208 0.00187453 0.0025 0.546576 0.429275 1.96347 0.00914785 60 4 1 -7.90774e-10 
1.46361 -0.673216 0.00204345 0.0025 0.546573 0.42927 1.96346 0.00914792 61 4 1 -6.44837e-10 
1.46818 -0.673224 0.00221245 0.0025 0.546568 0.429264 1.96345 0.00914799 62 4 1 -2.96759e-12 
1.47276 -0.673234 0.00237179 0.0025 0.546563 0.429258 1.96344 0.00914807 63 4 1 -3.42503e-10 
1.47733 -0.673244 0.00253011 0.0025 0.546558 0.429252 1.96343 0.00914816 64 4 1 -7.87536e-10 
1.48191 -0.673255 0.00271303 0.0025 0.546553 0.429245 1.96342 0.00914825 65 4 1 -4.63459e-10 
1.48648 -0.673268 0.00294717 0.0025 0.546546 0.429238 1.96341 0.00914835 66 4 1 -5.02563e-10 
1.49105 -0.673282 0.00324034 0.0025 0.54654 0.42923 1.9634 0.00914847 67 4 1 -8.83483e-10 
1.49563 -0.673296 0.0035744 0.0025 0.546532 0.429221 1.96338 0.00914859 68 4 1 -1.04595e-09 
-0.499797 -0.673312 0.00391956 0.0025 0.546524 0.429211 1.96337 0.00914873 69 4 1 -8.00044e-10 
-0.495223 -0.67333 0.00426124 0.0025 0.546515 0.4292 1.96335 0.00914889 70 4 1 -1.00559e-09 
-0.490649 -0.673349 0.00461758 0.0025 0.546504 0.429189 1.96334 0.00914906 71 4 1 -1.26688e-09 
-0.486074 -0.673371 0.00503164 0.0025 0.546493 0.429176 1.96332 0.00914924 72 4 1 -1.17633e-09 
-0.481499 -0.673395 0.00554383 0.0025 0.546481 0.429162 1.9633 0.00914945 73 4 1 -1.44526e-09 
-0.476925 -0.673421 0.006168 0.0025 0.546468 0.429146 1.96327 0.00914967 74 4 1 -1.9257e-09 
-0.47235 -0.67345 0.00688984 0.0025 0.546452 0.429129 1.96325 0.00914993 75 4 1 -2.17026e-09 
-0.467775 -0.673482 0.00768369 0.0025 0.546435 0.42911 1.96322 0.00915021 76 4 1 -2.31314e-09 
-0.463199 -0.673518 0.00853169 0.0025 0.546416 0.429089 1.96319 0.00915053 77 4 1 -2.49253e-09 
-0.458624 -0.673557 0.00943656 0.0025 0.546395 0.429065 1.96316 0.00915089 78 4 1 -2.76432e-09 
-0.454049 -0.673602 0.0104276 0.0025 0.546371 0.429038 1.96313 0.00915128 79 4 1 -3.03695e-09 
-0.449473 -0.673652 0.0115558 0.0025 0.546345 0.429009 1.96309 0.00915172 80 4 1 -3.38149e-09 
-0.444897 -0.673707 0.0128739 0.0025 0.546316 0.428977 1.96304 0.00915221 81 4 1 -3.88573e-09 
-0.440321 -0.673769 0.0144057 0.0025 0.546284 0.428941 1.963 0.00915275 82 4 1 -4.39034e-09 
-0.435744 -0.673837 0.0161134 0.0025 0.546248 0.428901 1.96294 0.00915336 83 4 1 -4.70579e-09 
-0.431167 -0.673912 0.0178825 0.0025 0.546207 0.428856 1.96288 0.00915403 84 4 1 -4.7344e-09 
-0.42659 -0.673994 0.0195745 0.0025 0.546163 0.428807 1.96282 0.00915477 85 4 1 -4.43613e-09 
-0.422013 -0.674084 0.0211552 0.0025 0.546115 0.428754 1.96275 0.00915558 86 4 1 -4.04977e-09 
-0.417435 -0.674183 0.0227379 0.0025 0.546063 0.428697 1.96267 0.00915644 87 4 1 -3.71537e-09 
-0.412856 -0.674289 0.0243695 0.0025 0.546009 0.428636 1.96259 0.00915736 88 4 1 -3.32065e-09 
-0.408277 -0.6744 0.02581 0.0025 0.545951 0.428573 1.96251 0.00915833 89 4 1 -2.23148e-09 
-0.403698 -0.674516 0.0267168 0.0025 0.545891 0.428507 1.96242 0.00915934 90 4 1 -3.73344e-10 
-0.399118 -0.674633 0.0269441 0.0025 0.54583 0.42844 1.96233 0.00916036 91 4 1 1.577e-09 
-0.394537 -0.674749 0.0264555 0.0025 0.545771 0.428375 1.96225 0.00916135 92 4 1 4.04986e-09 
-0.389956 -0.67486 0.0251949 0.0025 0.545715 0.428313 1.96216 0.00916229 93 4 1 6.89001e-09 
-0.385375 -0.674961 0.0229064 0.0025 0.545664 0.428257 1.96209 0.00916314 94 4 1 9.70943e-09 
-0.380793 -0.675047 0.0190334 0.0025 0.545622 0.428211 1.96203 0.00916386 95 4 1 1.38342e-08 
-0.376211 -0.675116 0.0138226 0.0025 0.545591 0.428176 1.96198 0.00916438 96 4 1 1.50112e-08 
-0.371629 -0.675157 0.00820642 0.0025 0.545572 0.428156 1.96196 0.0091647 97 4 1 1.62912e-08 
-0.367047 -0.675186 0.00501943 0.0025 0.545567 0.428151 1.96195 0.00916478 98 5 1 4.21707e-08 
-0.362464 -0.675139 -0.0222146 0.0025 0.545597 0.428185 1.96199 0.00916427 99 4 1 6.79378e-08 
-0.357882 -0.674993 -0.0415359 0.0025 0.545685 0.428284 1.96212 0.0091628 100 4 1 1.3118e-07 
-0.353301 -0.67468 -0.107409 0.0025 0.545881 0.428505 1.9624 0.0091595 101 4 1 2.82749e-07 
-0.348723 -0.673909 -0.245448 0.0025 0.546304 0.428974 1.963 0.00915241 102 4 1 4.05619e-07 
-0.344149 -0.6725 -0.394967 0.0025 0.547039 0.429782 1.96406 0.00914012 103 4 1 4.44011e-07 
-0.339583 -0.670492 -0.528765 0.0025 0.548096 0.430947 1.96558 0.00912248 104 4 1 5.13603e-07 
-0.335026 -0.667843 -0.693144 0.0025 0.5495 0.432495 1.96759 0.00909919 105 4 1 6.58372e-07 
-0.330483 -0.664418 -0.896404 0.0025 0.551313 0.434498 1.97018 0.00906925 106 4 1 8.04026e-07 
-0.325957 -0.660079 -1.11581 0.0025 0.553584 0.437004 1.97342 0.00903206 107 4 1 8.63275e-07 
-0.321451 -0.654906 -1.29561 0.0025 0.556282 0.439984 1.97727 0.00898825 108 4 1 8.12344e-07 
-0.316969 -0.64914 -1.41151 0.0025 0.559303 0.443327 1.98156 0.0089397 109 4 1 7.10779e-07 
-0.312512 -0.643056 -1.46959 0.0025 0.562523 0.446902 1.98611 0.00888853 110 4 1 6.49887e-07 
-0.30808 -0.636815 -1.51465 0.0025 0.565867 0.450625 1.99083 0.008836 111 4 1 6.57022e-07 
-0.303675 -0.630396 -1.56286 0.0025 0.569317 0.454477 1.99567 0.00878245 112 4 1 7.15459e-07 
-0.299298 -0.623783 -1.63378 0.0025 0.572893 0.458479 2.00068 0.00872763 113 4 1 7.79141e-07 
-0.294948 -0.616929 -1.70629 0.0025 0.576614 0.462653 2.00586 0.00867132 114 4 1 8.14613e-07 
-0.290626 -0.60984 -1.77653 0.0025 0.580477 0.466998 2.01123 0.0086136 115 4 1 8.15407e-07 
-0.286334 -0.602552 -1.82633 0.0025 0.584459 0.471487 2.01674 0.00855492 116 4 1 7.81984e-07 
-0.282071 -0.595179 -1.85558 0.0025 0.588517 0.476075 2.02233 0.00849593 117 4 1 7.40265e-07 
-0.277838 -0.587774 -1.86924 0.0025 0.592613 0.480718 2.02795 0.00843721 118 4 1 6.94309e-07 
-0.273634 -0.580407 -1.86832 0.0025 0.596714 0.485381 2.03355 0.00837922 119 4 1 6.50276e-07 
-0.269459 -0.57312 -1.8589 0.0025 0.600794 0.490033 2.0391 0.00832231 120 4 1 6.0954e-07 
-0.265312 -0.565946 -1.841 0.0025 0.604837 0.494654 2.04457 0.0082667 121 4 1 5.7315e-07 
-0.261192 -0.558906 -1.81895 0.0025 0.608829 0.499231 2.04996 0.00821249 122 4 1 5.60141e-07 
-0.257099 -0.551989 -1.80751 0.0025 0.612776 0.503768 2.05527 0.00815959 123 4 1 5.65956e-07 
-0.253032 -0.545142 -1.80585 0.0025 0.616694 0.508284 2.06051 0.00810775 124 4 1 5.38355e-07 
-0.248991 -0.538386 -1.78374 0.0025 0.620576 0.512769 2.06569 0.00805702 125 4 1 5.10876e-07 
-0.244975 -0.531764 -1.77005 0.0025 0.624415 0.517215 2.07079 0.0080075 126 4 1 5.13975e-07 
-0.240984 -0.525218 -1.76473 0.0025 0.628222 0.521636 2.07583 0.00795897 127 4 1 5.11332e-07 
-0.237016 -0.518729 -1.76024 0.0025 0.632007 0.52604 2.08083 0.0079113 128 4 1 4.84881e-07 
-0.233072 -0.512337 -1.74071 0.0025 0.63576 0.530418 2.08576 0.0078646 129 4 1 4.81213e-07 
-0.229151 -0.50602 -1.7416 0.0025 0.639486 0.534776 2.09064 0.00781878 130 4 1 4.95771e-07 
-0.225253 -0.499744 -1.74407 0.0025 0.643204 0.539134 2.09549 0.00777358 131 4 1 4.85423e-07 
-0.221378 -0.493512 -1.74076 0.0025 0.646912 0.543491 2.10032 0.00772902 132 4 1 4.79042e-07 
-0.217524 -0.487334 -1.74133 0.0025 0.650611 0.547846 2.10511 0.00768508 133 4 1 4.81393e-07 
-0.213693 -0.481189 -1.74387 0.0025 0.654307 0.552209 2.10989 0.00764167 134 4 1 5.04518e-07 
-0.209883 -0.47504 -1.76665 0.0025 0.658019 0.5566 2.11467 0.00759856 135 4 1 5.14987e-07 
-0.206094 -0.468873 -1.77787 0.0025 0.661757 0.561031 2.11946 0.00755565 136 4 1 5.12265e-07 
-0.202327 -0.462695 -1.79467 0.0025 0.665516 0.565498 2.12427 0.00751297 137 4 1 5.23227e-07 
-0.198581 -0.4565 -1.81334 0.0025 0.669304 0.570008 2.1291 0.00747045 138 4 1 5.20096e-07 
-0.194856 -0.450294 -1.82406 0.0025 0.673117 0.574561 2.13394 0.00742813 139 4 1 5.50871e-07 
-0.191153 -0.444051 -1.8669 0.0025 0.676974 0.579176 2.13882 0.00738581 140 4 1 5.6561e-07 
-0.18747 -0.437733 -1.88803 0.0025 0.680882 0.583861 2.14375 0.00734341 141 4 1 5.33027e-07 
-0.183809 -0.431414 -1.89489 0.0025 0.684813 0.588585 2.14869 0.00730126 142 4 1 5.1586e-07 
-0.180169 -0.425134 -1.89968 0.0025 0.688753 0.593332 2.15363 0.0072595 143 4 1 5.35834e-07 
-0.17655 -0.418823 -1.92824 0.0025 0.692716 0.598116 2.15858 0.00721796 144 4 1 5.34813e-07 
-0.172951 -0.412506 -1.934 0.0025 0.696702 0.60294 2.16354 0.00717667 145 4 1 5.15888e-07 
-0.169373 -0.406211 -1.94352 0.0025 0.700696 0.607784 2.16849 0.00713576 146 4 1 5.06465e-07 
-0.165815 -0.399952 -1.94409 0.0025 0.704694 0.612644 2.17343 0.00709528 147 4 1 5.04334e-07 
-0.162278 -0.393722 -1.95532 0.0025 0.708695 0.617519 2.17836 0.00705522 148 4 1 5.05696e-07 
-0.15876 -0.387524 -1.9608 0.0025 0.712703 0.622415 2.18328 0.00701554 149 4 1 5.0125e-07 
-0.155262 -0.381379 -1.96932 0.0025 0.716719 0.627329 2.18819 0.00697624 150 4 1 5.06845e-07 
-0.151784 -0.375309 -1.98104 0.0025 0.720746 0.63227 2.1931 0.00693726 151 4 1 5.12678e-07 
-0.148325 -0.369323 -1.99394 0.0025 0.724792 0.637246 2.19801 0.00689853 152 4 1 5.37913e-07 
-0.144885 -0.36342 -2.02556 0.0025 0.728876 0.642279 2.20296 0.00685988 153 4 1 5.6963e-07 
-0.141465 -0.357611 -2.06095 0.0025 0.733017 0.647394 2.20796 0.00682112 154 4 1 5.99222e-07 
-0.138064 -0.351977 -2.10666 0.0025 0.737234 0.652615 2.21303 0.00678211 155 4 1 6.58503e-07 
-0.134683 -0.346521 -2.18035 0.0025 0.741558 0.657982 2.21821 0.00674256 156 4 1 6.95901e-07 
-0.131321 -0.341313 -2.23723 0.0025 0.746005 0.663514 2.22352 0.00670236 157 4 1 7.49146e-07 
-0.12798 -0.336413 -2.32996 0.0025 0.750597 0.66924 2.22898 0.00666137 158 4 1 8.52923e-07 
-0.12466 -0.331796 -2.45562 0.0025 0.755383 0.675223 2.23466 0.00661916 159 4 1 9.02356e-07 
-0.121361 -0.327475 -2.5579 0.0025 0.76037 0.68147 2.24055 0.00657574 160 4 1 8.72102e-07 
-0.118084 -0.323456 -2.61441 0.0025 0.765501 0.687914 2.24658 0.00653167 161 4 1 8.32829e-07 
-0.114829 -0.319631 -2.65063 0.0025 0.770722 0.694491 2.2527 0.00648742 162 4 1 8.25844e-07 
-0.111597 -0.315924 -2.68337 0.0025 0.776016 0.70118 2.25888 0.00644317 163 4 1 9.18242e-07 
-0.108386 -0.312372 -2.80149 0.0025 0.781442 0.708057 2.26518 0.00639843 164 4 1 1.0706e-06 
-0.105198 -0.309152 -2.9867 0.0025 0.787084 0.715217 2.27171 0.00635257 165 4 1 9.02157e-07 
-0.102033 -0.30622 -2.94694 0.0025 0.792773 0.722443 2.27827 0.00630698 166 4 1 2.32404e-07 
-0.098891 -0.302762 -2.49138 0.0025 0.798003 0.729108 2.28428 0.00626564 167 4 1 -4.14831e-07 
-0.0957676 -0.297764 -1.89631 0.0025 0.802376 0.734724 2.28928 0.00623149 168 4 1 -1.38267e-07 
-0.0926594 -0.291924 -1.93809 0.0025 0.806252 0.739724 2.29367 0.00620153 169 4 1 6.6903e-07 
-0.089566 -0.28678 -2.37363 0.0025 0.810307 0.74491 2.29828 0.0061705 170 4 1 4.67685e-08 
-0.0864889 -0.281539 -1.73461 0.0025 0.813994 0.749601 2.3025 0.00614255 171 4 1 -1.7226e-06 
-0.0834235 -0.273324 -0.137006 0.0025 0.815909 0.752094 2.30468 0.00612814 172 4 1 -1.49433e-06 
-0.0803607 -0.262327 0.117635 0.0025 0.816417 0.752841 2.30519 0.00612432 173 4 1 9.02089e-07 
-0.0772991 -0.253169 -1.40748 0.0025 0.817742 0.754555 2.30665 0.00611439 174 4 1 1.51049e-06 
-0.0742463 -0.24694 -1.69434 0.0025 0.820235 0.757673 2.30952 0.00609581 175 4 1 -1.27548e-06 
-0.0712033 -0.238056 0.319378 0.0025 0.821448 0.759235 2.31093 0.00608681 176 3 1 -2.00084e-06 
-0.0681595 -0.225287 0.873372 0.0025 0.820847 0.758574 2.31019 0.00609127 177 5 1 9.39077e-07 
-0.065112 -0.21485 -1.0415 0.0025 0.821151 0.758973 2.31048 0.00608901 178 4 1 1.74426e-06 
-0.0620705 -0.20778 -1.28225 0.0025 0.822916 0.761152 2.31253 0.00607595 179 4 1 -1.06149e-06 
-0.0590361 -0.198319 0.417788 0.0025 0.823687 0.762162 2.31343 0.00607027 180 3 1 -1.25538e-06 
-0.0560002 -0.186358 0.304127 0.0025 0.82335 0.761803 2.313 0.00607275 181 5 1 8.4894e-07 
-0.0529633 -0.176489 -0.754724 0.0025 0.823761 0.762308 2.31345 0.00606972 182 4 1 5.02103e-07 
-0.0499305 -0.167556 -0.304285 0.0025 0.824577 0.763325 2.3144 0.00606372 183 4 1 -7.14665e-07 
-0.0468996 -0.15701 0.189711 0.0025 0.824764 0.763597 2.3146 0.00606234 184 4 1 -1.01427e-07 
-0.0438682 -0.146573 -0.194208 0.0025 0.824865 0.76374 2.3147 0.0060616 185 4 1 3.59627e-07 
-0.040838 -0.136899 -0.278651 0.0025 0.825275 0.764258 2.31516 0.00605859 186 4 1 3.87464e-08 
-0.0378096 -0.127029 -0.251914 0.0025 0.825721 0.76483 2.31567 0.00605531 187 4 1 -1.82189e-07 
-0.0347827 -0.116885 -0.0339866 0.0025 0.825976 0.765155 2.31597 0.00605344 188 3 1 -3.56727e-07 
-0.0317561 -0.106208 0.218015 0.0025 0.825896 0.765071 2.31587 0.00605403 189 5 1 1.21558e-07 
-0.0287287 -0.0958048 -0.229267 0.0025 0.825948 0.765146 2.31591 0.00605365 190 4 1 4.12822e-07 
-0.0257025 -0.0864264 -0.302722 0.0025 0.826357 0.76565 2.31639 0.00605066 191 4 1 -2.61197e-07 
-0.022678 -0.0763488 0.127211 0.0025 0.82653 0.765884 2.31659 0.00604939 192 4 1 -1.48615e-07 
-0.0196531 -0.0659859 -0.121002 0.0025 0.826573 0.765953 2.31663 0.00604907 193 4 1 1.8566e-07 
-0.0166289 -0.0556772 -0.129166 0.0025 0.826767 0.766191 2.31686 0.00604765 194 4 1 -1.48325e-07 
-0.0136055 -0.04569 0.0754992 0.0025 0.826818 0.766259 2.31692 0.00604728 195 3 1 -1.50768e-07 
-0.0105817 -0.0353334 0.0741341 0.0025 0.826731 0.766162 2.31682 0.00604792 196 5 1 1.68367e-07 
-0.00755754 -0.0253383 -0.160911 0.0025 0.826805 0.766258 2.31691 0.00604737 197 4 1 1.48332e-07 
-0.00453428 -0.0154936 -0.114313 0.0025 0.827009 0.766509 2.31715 0.00604588 198 3 1 -2.31245e-07 
-0.00151166 -0.00540707 0.149033 0.0025 0.827002 0.766514 2.31715 0.00604593 199 4 1 1.14943e-08 
0.00151166 0.00540707 -0.149033 0.0025 0.827002 0.766514 2.31715 0.00604593 200 4 1 1.14943e-08 
0.00453428 0.0154936 0.114313 0.0025 0.827009 0.766509 2.31715 0.00604588 201 3 1 -2.31245e-07 
0.00755754 0.0253383 0.160911 0.0025 0.826805 0.766258 2.31691 0.00604737 202 4 1 1.48332e-07 
0.0105817 0.0353334 -0.0741341 0.0025 0.826731 0.766162 2.31682 0.00604792 203 5 1 1.68367e-07 
0.0136055 0.04569 -0.0754992 0.0025 0.826818 0.766259 2.31692 0.00604728 204 3 1 -1.50768e-07 
0.0166289 0.0556772 0.129166 0.0025 0.826767 0.766191 2.31686 0.00604765 205 4 1 -1.48325e-07 
0.0196531 0.0659859 0.121002 0.0025 0.826573 0.765953 2.31663 0.00604907 206 4 1 1.8566e-07 
0.022678 0.0763488 -0.127211 0.0025 0.82653 0.765884 2.31659 0.00604939 207 4 1 -1.48615e-07 
0.0257025 0.0864264 0.302722 0.0025 0.826357 0.76565 2.31639 0.00605066 208 4 1 -2.61197e-07 
0.0287287 0.0958048 0.229267 0.0025 0.825948 0.765146 2.31591 0.00605365 209 4 1 4.12822e-07 
0.0317561 0.106208 -0.218015 0.0025 0.825896 0.765071 2.31587 0.00605403 210 5 1 1.21558e-07 
0.0347827 0.116885 0.0339866 0.0025 0.825976 0.765155 2.31597 0.00605344 211 3 1 -3.56727e-07 
0.0378096 0.127029 0.251914 0.0025 0.825721 0.76483 2.31567 0.00605531 212 4 1 -1.82189e-07 
0.040838 0.136899 0.278651 0.0025 0.825275 0.764258 2.31516 0.00605859 213 4 1 3.87464e-08 
0.0438682 0.146573 0.194208 0.0025 0.824865 0.76374 2.3147 0.0060616 214 4 1 3.59627e-07 
0.0468996 0.15701 -0.189711 0.0025 0.824764 0.763597 2.3146 0.00606234 215 4 1 -1.01427e-07 
0.0499305 0.167556 0.304285 0.0025 0.824577 0.763325 2.3144 0.00606372 216 4 1 -7.14665e-07 
0.0529633 0.176489 0.754724 0.0025 0.823761 0.762308 2.31345 0.00606972 217 4 1 5.02103e-07 
0.0560002 0.186358 -0.304127 0.0025 0.82335 0.761803 2.313 0.00607275 218 5 1 8.4894e-07 
0.0590361 0.198319 -0.417788 0.0025 0.823687 0.762162 2.31343 0.00607027 219 3 1 -1.25538e-06 
0.0620705 0.20778 1.28225 0.0025 0.822916 0.761152 2.31253 0.00607595 220 4 1 -1.06149e-06 
0.065112 0.21485 1.0415 0.0025 0.821151 0.758973 2.31048 0.00608901 221 4 1 1.74426e-06 
0.0681595 0.225287 -0.873372 0.0025 0.820847 0.758574 2.31019 0.00609127 222 5 1 9.39077e-07 
0.0712033 0.238056 -0.319378 0.0025 0.821448 0.759235 2.31093 0.00608681 223 3 1 -2.00084e-06 
0.0742463 0.24694 1.69434 0.0025 0.820235 0.757673 2.30952 0.00609581 224 4 1 -1.27548e-06 
0.0772991 0.253169 1.40748 0.0025 0.817742 0.754555 2.30665 0.00611439 225 4 1 1.51049e-06 
0.0803607 0.262327 -0.117635 0.0025 0.816417 0.752841 2.30519 0.00612432 226 4 1 9.02089e-07 
0.0834235 0.273324 0.137006 0.0025 0.815909 0.752094 2.30468 0.00612814 227 4 1 -1.49433e-06 
0.0864889 0.281539 1.73461 0.0025 0.813994 0.749601 2.3025 0.00614255 228 4 1 -1.7226e-06 
0.089566 0.28678 2.37363 0.0025 0.810307 0.74491 2.29828 0.0061705 229 4 1 4.67685e-08 
0.0926594 0.291924 1.93809 0.0025 0.806252 0.739724 2.29367 0.00620153 230 4 1 6.6903e-07 
0.0957676 0.297764 1.89631 0.0025 0.802376 0.734724 2.28928 0.00623149 231 4 1 -1.38267e-07 
0.098891 0.302762 2.49138 0.0025 0.798003 0.729108 2.28428 0.00626564 232 4 1 -4.14831e-07 
0.102033 0.30622 2.94694 0.0025 0.792773 0.722443 2.27827 0.00630698 233 4 1 2.32404e-07 
0.105198 0.309152 2.9867 0.0025 0.787084 0.715217 2.27171 0.00635257 234 4 1 9.02157e-07 
0.108386 0.312372 2.80149 0.0025 0.781442 0.708057 2.26518 0.00639843 235 4 1 1.0706e-06 
0.111597 0.315924 2.68337 0.0025 0.776016 0.70118 2.25888 0.00644317 236 4 1 9.18242e-07 
0.114829 0.319631 2.65063 0.0025 0.770722 0.694491 2.2527 0.00648742 237 4 1 8.25844e-07 
0.118084 0.323456 2.61441 0.0025 0.765501 0.687914 2.24658 0.00653167 238 4 1 8.32829e-07 
0.121361 0.327475 2.5579 0.0025 0.76037 0.68147 2.24055 0.00657574 239 4 1 8.72102e-07 
0.12466 0.331796 2.45562 0.0025 0.755383 0.675223 2.23466 0.00661916 240 4 1 9.02356e-07 
0.12798 0.336413 2.32996 0.0025 0.750597 0.66924 2.22898 0.00666137 241 4 1 8.52923e-07 
0.131321 0.341313 2.23723 0.0025 0.746005 0.663514 2.22352 0.00670236 242 4 1 7.49146e-07 
0.134683 0.346521 2.18035 0.0025 0.741558 0.657982 2.21821 0.00674256 243 4 1 6.95901e-07 
0.138064 0.351977 2.10666 0.0025 0.737234 0.652615 2.21303 0.00678211 244 4 1 6.58503e-07 
0.141465 0.357611 2.06095 0.0025 0.733017 0.647394 2.20796 0.00682112 245 4 1 5.99222e-07 
0.144885 0.36342 2.02556 0.0025 0.728876 0.642279 2.20296 0.00685988 246 4 1 5.6963e-07 
0.148325 0.369323 1.99394 0.0025 0.724792 0.637246 2.19801 0.00689853 247 4 1 5.37913e-07 
0.151784 0.375309 1.98104 0.0025 0.720746 0.63227 2.1931 0.00693726 248 4 1 5.12678e-07 
0.155262 0.381379 1.96932 0.0025 0.716719 0.627329 2.18819 0.00697624 249 4 1 5.06845e-07 
0.15876 0.387524 1.9608 0.0025 0.712703 0.622415 2.18328 0.00701554 250 4 1 5.0125e-07 
0.162278 0.393722 1.95532 0.0025 0.708695 0.617519 2.17836 0.00705522 251 4 1 5.05696e-07 
0.165815 0.399952 1.94409 0.0025 0.704694 0.612644 2.17343 0.00709528 252 4 1 5.04334e-07 
0.169373 0.406211 1.94352 0.0025 0.700696 0.607784 2.16849 0.00713576 253 4 1 5.06465e-07 
0.172951 0.412506 1.934 0.0025 0.696702 0.60294 2.16354 0.00717667 254 4 1 5.15888e-07 
0.17655 0.418823 1.92824 0.0025 0.692716 0.598116 2.15858 0.00721796 255 4 1 5.34813e-07 
0.180169 0.425134 1.89968 0.0025 0.688753 0.593332 2.15363 0.0072595 256 4 1 5.35834e-07 
0.183809 0.431414 1.89489 0.0025 0.684813 0.588585 2.14869 0.00730126 257 4 1 5.1586e-07 
0.18747 0.437733 1.88803 0.0025 0.680882 0.583861 2.14375 0.00734341 258 4 1 5.33027e-07 
0.191153 0.444051 1.8669 0.0025 0.676974 0.579176 2.13882 0.00738581 259 4 1 5.6561e-07 
0.194856 0.450294 1.82406 0.0025 0.673117 0.574561 2.13394 0.00742813 260 4 1 5.50871e-07 
0.198581 0.4565 1.81334 0.0025 0.669304 0.570008 2.1291 0.00747045 261 4 1 5.20096e-07 
0.202327 0.462695 1.79467 0.0025 0.665516 0.565498 2.12427 0.00751297 262 4 1 5.23227e-07 
0.206094 0.468873 1.77787 0.0025 0.661757 0.561031 2.11946 0.00755565 263 4 1 5.12265e-07 
0.209883 0.47504 1.76665 0.0025 0.658019 0.5566 2.11467 0.00759856 264 4 1 5.14987e-07 
0.213693 0.481189 1.74387 0.0025 0.654307 0.552209 2.10989 0.00764167 265 4 1 5.04518e-07 
0.217524 0.487334 1.74133 0.0025 0.650611 0.547846 2.10511 0.00768508 266 4 1 4.81393e-07 
0.221378 0.493512 1.74076 0.0025 0.646912 0.543491 2.10032 0.00772902 267 4 1 4.79042e-07 
0.225253 0.499744 1.74407 0.0025 0.643204 0.539134 2.09549 0.00777358 268 4 1 4.85423e-07 
0.229151 0.50602 1.7416 0.0025 0.639486 0.534776 2.09064 0.00781878 269 4 1 4.95771e-07 
0.233072 0.512337 1.74071 0.0025 0.63576 0.530418 2.08576 0.0078646 270 4 1 4.81213e-07 
0.237016 0.518729 1.76024 0.0025 0.632007 0.52604 2.08083 0.0079113 271 4 1 4.84881e-07 
0.240984 0.525218 1.76473 0.0025 0.628222 0.521636 2.07583 0.00795897 272 4 1 5.11332e-07 
0.244975 0.531764 1.77005 0.0025 0.624415 0.517215 2.07079 0.0080075 273 4 1 5.13975e-07 
0.248991 0.538386 1.78374 0.0025 0.620576 0.512769 2.06569 0.00805702 274 4 1 5.10876e-07 
0.253032 0.545142 1.80585 0.0025 0.616694 0.508284 2.06051 0.00810775 275 4 1 5.38355e-07 
0.257099 0.551989 1.80751 0.0025 0.612776 0.503768 2.05527 0.00815959 276 4 1 5.65956e-07 
0.261192 0.558906 1.81895 0.0025 0.608829 0.499231 2.04996 0.00821249 277 4 1 5.60141e-07 
0.265312 0.565946 1.841 0.0025 0.604837 0.494654 2.04457 0.0082667 278 4 1 5.7315e-07 
0.269459 0.57312 1.8589 0.0025 0.600794 0.490033 2.0391 0.00832231 279 4 1 6.0954e-07 
0.273634 0.580407 1.86832 0.0025 0.596714 0.485381 2.03355 0.00837922 280 4 1 6.50276e-07 
0.277838 0.587774 1.86924 0.0025 0.592613 0.480718 2.02795 0.00843721 281 4 1 6.94309e-07 
0.282071 0.595179 1.85558 0.0025 0.588517 0.476075 2.02233 0.00849593 282 4 1 7.40265e-07 
0.286334 0.602552 1.82633 0.0025 0.584459 0.471487 2.01674 0.00855492 283 4 1 7.81984e-07 
0.290626 0.60984 1.77653 0.0025 0.580477 0.466998 2.01123 0.0086136 284 4 1 8.15407e-07 
0.294948 0.616929 1.70629 0.0025 0.576614 0.462653 2.00586 0.00867132 285 4 1 8.14613e-07 
0.299298 0.623783 1.63378 0.0025 0.572893 0.458479 2.00068 0.00872763 286 4 1 7.79141e-07 
0.303675 0.630396 1.56286 0.0025 0.569317 0.454477 1.99567 0.00878245 287 4 1 7.15459e-07 
0.30808 0.636815 1.51465 0.0025 0.565867 0.450625 1.99083 0.008836 288 4 1 6.57022e-07 
0.312512 0.643056 1.46959 0.0025 0.562523 0.446902 1.98611 0.00888853 289 4 1 6.49887e-07 
0.316969 0.64914 1.41151 0.0025 0.559303 0.443327 1.98156 0.0089397 290 4 1 7.10779e-07 
0.321451 0.654906 1.29561 0.0025 0.556282 0.439984 1.97727 0.00898825 291 4 1 8.12344e-07 
0.325957 0.660079 1.11581 0.0025 0.553584 0.437004 1.97342 0.00903206 292 4 1 8.63275e-07 
0.330483 0.664418 0.896404 0.0025 0.551313 0.434498 1.97018 0.00906925 293 4 1 8.04026e-07 
0.335026 0.667843 0.693144 0.0025 0.5495 0.432495 1.96759 0.00909919 294 4 1 6.58372e-07 
0.339583 0.670492 0.528765 0.0025 0.548096 0.430947 1.96558 0.00912248 295 4 1 5.13603e-07 
0.344149 0.6725 0.394967 0.0025 0.547039 0.429782 1.96406 0.00914012 296 4 1 4.44011e-07 
0.348723 0.673909 0.245448 0.0025 0.546304 0.428974 1.963 0.00915241 297 4 1 4.05619e-07 
0.353301 0.67468 0.107409 0.0025 0.545881 0.428505 1.9624 0.0091595 298 4 1 2.82749e-07 
0.357882 0.674993 0.0415359 0.0025 0.545685 0.428284 1.96212 0.0091628 299 4 1 1.3118e-07 
0.362464 0.675139 0.0222146 0.0025 0.545597 0.428185 1.96199 0.00916427 300 4 1 6.79378e-08 
0.367047 0.675186 -0.00501943 0.0025 0.545567 0.428151 1.96195 0.00916478 301 5 1 4.21707e-08 
0.371629 0.675157 -0.00820642 0.0025 0.545572 0.428156 1.96196 0.0091647 302 4 1 1.62912e-08 
0.376211 0.675116 -0.0138226 0.0025 0.545591 0.428176 1.96198 0.00916438 303 4 1 1.50112e-08 
0.380793 0.675047 -0.0190334 0.0025 0.545622 0.428211 1.96203 0.00916386 304 4 1 1.38342e-08 
0.385375 0.674961 -0.0229064 0.0025 0.545664 0.428257 1.96209 0.00916314 305 4 1 9.70943e-09 
0.389956 0.67486 -0.0251949 0.0025 0.545715 0.428313 1.96216 0.00916229 306 4 1 6.89001e-09 
0.394537 0.674749 -0.0264555 0.0025 0.545771 0.428375 1.96225 0.00916135 307 4 1 4.04986e-09 
0.399118 0.674633 -0.0269441 0.0025 0.54583 0.42844 1.96233 0.00916036 308 4 1 1.577e-09 
0.403698 0.674516 -0.0267168 0.0025 0.545891 0.428507 1.96242 0.00915934 309 4 1 -3.73344e-10 
0.408277 0.6744 -0.02581 0.0025 0.545951 0.428573 1.96251 0.00915833 310 4 1 -2.23148e-09 
0.412856 0.674289 -0.0243695 0.0025 0.546009 0.428636 1.96259 0.00915736 311 4 1 -3.32065e-09 
0.417435 0.674183 -0.0227379 0.0025 0.546063 0.428697 1.96267 0.00915644 312 4 1 -3.71537e-09 
0.422013 0.674084 -0.0211552 0.0025 0.546115 0.428754 1.96275 0.00915558 313 4 1 -4.04977e-09 
0.42659 0.673994 -0.0195745 0.0025 0.546163 0.428807 1.96282 0.00915477 314 4 1 -4.43613e-09 
0.431167 0.673912 -0.0178825 0.0025 0.546207 0.428856 1.96288 0.00915403 315 4 1 -4.7344e-09 
0.435744 0.673837 -0.0161134 0.0025 0.546248 0.428901 1.96294 0.00915336 316 4 1 -4.70579e-09 
0.440321 0.673769 -0.0144057 0.0025 0.546284 0.428941 1.963 0.00915275 317 4 1 -4.39034e-09 
0.444897 0.673707 -0.0128739 0.0025 0.546316 0.428977 1.96304 0.00915221 318 4 1 -3.88573e-09 
0.449473 0.673652 -0.0115558 0.0025 0.546345 0.429009 1.96309 0.00915172 319 4 1 -3.38149e-09 
0.454049 0.673602 -0.0104276 0.0025 0.546371 0.429038 1.96313 0.00915128 320 4 1 -3.03695e-09 
0.458624 0.673557 -0.00943656 0.0025 0.546395 0.429065 1.96316 0.00915089 321 4 1 -2.76432e-09 
0.463199 0.673518 -0.00853169 0.0025 0.546416 0.429089 1.96319 0.00915053 322 4 1 -2.49253e-09 
0.467775 0.673482 -0.00768369 0.0025 0.546435 0.42911 1.96322 0.00915021 323 4 1 -2.31314e-09 
0.47235 0.67345 -0.00688984 0.0025 0.546452 0.429129 1.96325 0.00914993 324 4 1 -2.17026e-09 
0.476925 0.673421 -0.006168 0.0025 0.546468 0.429146 1.96327 0.00914967 325 4 1 -1.9257e-09 
0.481499 0.673395 -0.00554383 0.0025 0.546481 0.429162 1.9633 0.00914945 326 4 1 -1.44526e-09 
0.486074 0.673371 -0.00503164 0.0025 0.546493 0.429176 1.96332 0.00914924 327 4 1 -1.17633e-09 
0.490649 0.673349 -0.00461758 0.0025 0.546504 0.429189 1.96334 0.00914906 328 4 1 -1.26688e-09 
0.495223 0.67333 -0.00426124 0.0025 0.546515 0.4292 1.96335 0.00914889 329 4 1 -1.00559e-09 
0.499797 0.673312 -0.00391956 0.0025 0.546524 0.429211 1.96337 0.00914873 330 4 1 -8.00044e-10 
0.504372 0.673296 -0.0035744 0.0025 0.546532 0.429221 1.96338 0.00914859 331 4 1 -1.04595e-09 
0.508946 0.673282 -0.00324034 0.0025 0.54654 0.42923 1.9634 0.00914847 332 4 1 -8.83483e-10 
0.51352 0.673268 -0.00294717 0.0025 0.546546 0.429238 1.96341 0.00914835 333 4 1 -5.02563e-10 
0.518094 0.673255 -0.00271303 0.0025 0.546553 0.429245 1.96342 0.00914825 334 4 1 -4.63459e-10 
0.522669 0.673244 -0.00253011 0.0025 0.546558 0.429252 1.96343 0.00914816 335 4 1 -7.87536e-10 
0.527243 0.673234 -0.00237179 0.0025 0.546563 0.429258 1.96344 0.00914807 336 4 1 -3.42503e-10 
0.531817 0.673224 -0.00221245 0.0025 0.546568 0.429264 1.96345 0.00914799 337 4 1 -2.96771e-12 
0.536391 0.673216 -0.00204345 0.0025 0.546573 0.42927 1.96346 0.00914792 338 4 1 -6.44838e-10 
0.540965 0.673208 -0.00187453 0.0025 0.546576 0.429275 1.96347 0.00914785 339 4 1 -7.90774e-10 
0.545538 0.6732 -0.00172278 0.0025 0.54658 0.42928 1.96348 0.00914779 340 4 1 -1.64268e-11 
0.550112 0.673193 -0.00159917 0.0025 0.546583 0.429284 1.96349 0.00914774 341 4 1 3.27264e-10 
0.554686 0.673187 -0.00150221 0.0025 0.546586 0.429288 1.9635 0.00914769 342 4 1 -8.54186e-10 
0.55926 0.673181 -0.00142089 0.0025 0.546589 0.429292 1.96351 0.00914765 343 4 1 -4.5208e-10 
0.563834 0.673176 -0.00134265 0.0025 0.546591 0.429295 1.96351 0.0091476 344 4 1 5.69422e-10 
0.568408 0.673171 -0.0012604 0.0025 0.546593 0.429299 1.96352 0.00914757 345 4 1 -4.39495e-11 
0.572981 0.673166 -0.00117484 0.0025 0.546595 0.429302 1.96353 0.00914753 346 4 1 -8.84378e-10 
0.577555 0.673162 -0.00109233 0.0025 0.546597 0.429305 1.96353 0.0091475 347 4 1 -1.14253e-10 
0.582129 0.673158 -0.00102027 0.0025 0.546599 0.429308 1.96354 0.00914748 348 4 1 6.40148e-10 
0.586703 0.673154 -0.000962831 0.0025 0.5466 0.42931 1.96355 0.00914746 349 4 1 -2.69265e-10 
0.591276 0.673151 -0.00091868 0.0025 0.546601 0.429313 1.96356 0.00914744 350 4 1 -5.68384e-10 
0.59585 0.673148 -0.000881657 0.0025 0.546602 0.429315 1.96356 0.00914742 351 4 1 3.16195e-10 
0.600424 0.673146 -0.000843895 0.0025 0.546603 0.429317 1.96357 0.0091474 352 4 1 6.16979e-10 
0.604997 0.673143 -0.000799689 0.0025 0.546604 0.429319 1.96358 0.00914739 353 4 1 -7.1315e-10 
0.609571 0.673141 -0.000747983 0.0025 0.546605 0.429321 1.96358 0.00914738 354 4 1 -3.76093e-10 
0.614145 0.673139 -0.00069215 0.0025 0.546605 0.429323 1.96359 0.00914737 355 4 1 9.57988e-10 
0.618719 0.673137 -0.000637431 0.0025 0.546606 0.429325 1.9636 0.00914736 356 4 1 -1.00522e-11 
0.623292 0.673135 -0.000587814 0.0025 0.546606 0.429326 1.9636 0.00914736 357 3 1 -6.21651e-10 
0.627866 0.673133 -0.000544295 0.0025 0.546606 0.429328 1.96361 0.00914736 358 4 1 4.50987e-10 
0.63244 0.673131 -0.000505358 0.0025 0.546605 0.429329 1.96362 0.00914737 359 4 1 7.22097e-10 
0.637013 0.673129 -0.000468934 0.0025 0.546605 0.42933 1.96362 0.00914738 360 4 1 -7.24362e-10 
0.641587 0.673128 -0.000434303 0.0025 0.546604 0.429332 1.96363 0.00914739 361 4 1 9.95767e-11 
0.646161 0.673126 -0.000402701 0.0025 0.546603 0.429333 1.96364 0.0091474 362 4 1 1.43599e-09 
0.650734 0.673125 -0.000376475 0.0025 0.546602 0.429334 1.96365 0.00914742 363 4 1 -8.57866e-10 
0.655308 0.673123 -0.000357623 0.0025 0.546601 0.429335 1.96366 0.00914743 364 4 1 -1.71352e-10 
0.659882 0.673122 -0.000346729 0.0025 0.5466 0.429336 1.96366 0.00914745 365 4 1 2.1744e-09 
0.664455 0.673121 -0.000342804 0.0025 0.546599 0.429337 1.96367 0.00914748 366 4 1 -7.51843e-10 
0.669029 0.67312 -0.000343867 0.0025 0.546597 0.429337 1.96368 0.0091475 367 4 1 -7.6501e-10 
0.673603 0.673119 -0.000347716 0.0025 0.546596 0.429338 1.96369 0.00914752 368 4 1 2.07134e-09 
0.678177 0.673119 -0.000352469 0.0025 0.546594 0.429339 1.9637 0.00914755 369 4 1 6.16741e-10 
0.682751 0.673118 -0.00035673 0.0025 0.546592 0.42934 1.96371 0.00914759 370 4 1 -6.55545e-10 
0.687324 0.673118 -0.000359512 0.0025 0.54659 0.429341 1.96372 0.00914762 371 4 1 9.70777e-10 
0.691898 0.673118 -0.000360136 0.0025 0.546588 0.429342 1.96374 0.00914766 372 4 1 1.31541e-09 
0.696472 0.673118 -0.00035836 0.0025 0.546586 0.429343 1.96375 0.0091477 373 4 1 -2.87745e-10 
0.701046 0.673118 -0.000354181 0.0025 0.546583 0.429344 1.96376 0.00914774 374 4 1 7.87395e-10 
0.70562 0.673118 -0.000340296 0.0025 0.54658 0.429345 1.96378 0.00914779 375 4 1 1.50056e-09 
0.710194 0.673118 -0.000315334 0.0025 0.546577 0.429346 1.96379 0.00914785 376 4 1 -1.85308e-10 
0.714768 0.673118 -0.00028774 0.0025 0.546573 0.429346 1.96381 0.0091479 377 4 1 1.00296e-09 
0.719342 0.673118 -0.000246141 0.0025 0.546569 0.429347 1.96383 0.00914797 378 4 1 1.09048e-09 
0.723916 0.673118 -0.000187581 0.0025 0.546565 0.429347 1.96384 0.00914804 379 4 1 1.01752e-09 
0.72849 0.673117 -0.000111806 0.0025 0.54656 0.429348 1.96386 0.00914813 380 4 1 2.49796e-09 
0.733064 0.673116 -1.8933e-05 0.0025 0.546554 0.429348 1.96389 0.00914823 381 4 1 -1.43878e-09 
0.737638 0.673115 8.87069e-05 0.0025 0.546548 0.429348 1.96391 0.00914834 382 4 1 1.20729e-09 
0.742212 0.673113 0.000206113 0.0025 0.54654 0.429347 1.96393 0.00914845 383 4 1 4.61863e-09 
0.746786 0.673111 0.000325708 0.0025 0.546532 0.429346 1.96396 0.00914859 384 4 1 -1.85019e-09 
0.751361 0.673109 0.000438032 0.0025 0.546523 0.429345 1.96398 0.00914874 385 4 1 1.89366e-09 
0.755935 0.673106 0.000533041 0.0025 0.546514 0.429344 1.96401 0.0091489 386 4 1 3.41216e-09 
0.76051 0.673103 0.000601802 0.0025 0.546503 0.429342 1.96404 0.00914907 387 4 1 2.77477e-09 
0.765084 0.673099 0.000638195 0.0025 0.546491 0.429341 1.96408 0.00914927 388 4 1 4.74181e-09 
0.769659 0.673096 0.000640153 0.0025 0.546479 0.429339 1.96412 0.00914949 389 4 1 -2.14313e-09 
0.774234 0.673093 0.000610071 0.0025 0.546466 0.429338 1.96416 0.00914971 390 4 1 5.63964e-09 
0.778808 0.67309 0.000554222 0.0025 0.546452 0.429337 1.9642 0.00914994 391 4 1 4.97207e-09 
0.783384 0.673087 0.000481321 0.0025 0.546436 0.429336 1.96425 0.0091502 392 4 1 8.46279e-09 
0.787959 0.673085 0.00040073 0.0025 0.546421 0.429337 1.96431 0.00915045 393 4 1 -3.28741e-09 
0.792534 0.673083 0.000321407 0.0025 0.546397 0.429337 1.96437 0.00915085 394 4 1 1.43928e-07 
0.79711 0.673081 0.000254435 0.0025 0.546385 0.429366 1.9646 0.00915105 395 4 1 -1.38546e-07 
0.801685 0.67308 0.000223593 0.0025 0.545986 0.42921 1.96467 0.00915774 396 5 1 3.48553e-06 
0.806267 0.673079 0.000283069 0.0025 0.548251 0.430873 1.96852 0.00911992 397 3 1 -1.90585e-05 
0.810805 0.673079 0.000439953 0.0025 0.53692 0.426202 1.95006 0.00931238 398 4 1 0.000179255 
0.815586 0.673079 0.00033498 0.0025 0.511061 0.432739 2.15252 0.00978356 399 4 1 -0.000134222 
0.820595 0.673075 -0.00247924 0.0025 0.482816 0.424516 2.15551 0.0103559 400 4 1 0.000266098 
0.825956 0.673051 -0.0139561 0.0025 0.454339 0.432971 2.44422 0.011005 401 4 1 -0.000240399 
0.831611 0.672956 -0.0439331 0.0025 0.447069 0.427341 2.38035 0.011184 402 5 1 5.38142e-05 
0.837141 0.672769 -0.0536971 0.0025 0.452535 0.429747 2.37481 0.0110489 403 4 1 -3.42203e-06 
0.84266 0.672952 0.310295 0.0025 0.453522 0.429135 2.36503 0.0110248 404 4 1 2.50413e-06 
0.848166 0.67669 2.04883 0.0025 0.453741 0.42823 2.35842 0.0110195 405 4 1 5.99113e-06 
0.853679 0.67757 -3.86621 0.0025 0.456145 0.431227 2.3587 0.0109614 406 4 1 5.11298e-05 
0.859128 0.632983 -25.1774 0.0025 0.472424 0.453865 2.39082 0.0105837 407 4 1 0.000181717 
0.864279 0.499998 -51.4378 0.0025 0.516216 0.516118 2.48543 0.00968587 408 4 1 0.000250587 
0.868864 0.317601 -51.3349 0.0025 0.584636 0.61629 2.62752 0.00855232 409 4 1 0.000150178 
0.872881 0.176371 -31.7972 0.0025 0.654522 0.722342 2.75962 0.00763916 410 4 1 4.54175e-05 
0.876525 0.0946815 -18.1055 0.0025 0.707235 0.805424 2.84997 0.00706979 411 4 1 3.595e-06 
0.879958 0.0478138 -10.1408 0.0025 0.741455 0.860697 2.90468 0.0067435 412 4 1 -8.87359e-06 
0.883271 0.0229531 -5.12101 0.0025 0.761592 0.893668 2.93545 0.00656519 413 4 1 -9.45268e-06 
0.886523 0.0105418 -2.5345 0.0025 0.772293 0.911334 2.95118 0.00647423 414 4 1 -5.97186e-06 
0.889745 0.00455327 -1.19401 0.0025 0.777674 0.9202 2.95874 0.00642943 415 4 1 -3.24625e-06 
0.892953 0.00178132 -0.554483 0.0025 0.780275 0.924435 2.96216 0.006408 416 4 1 -1.58128e-06 
0.896153 0.00051784 -0.255354 0.0025 0.781518 0.926403 2.9636 0.00639781 417 4 1 -7.30891e-07 
0.899351 -4.63929e-05 -0.116831 0.0025 0.78212 0.927307 2.96414 0.00639288 418 4 1 -3.27163e-07 
0.902546 -0.000291629 -0.0529774 0.0025 0.782424 0.927719 2.96427 0.0063904 419 4 1 -1.42087e-07 
0.905741 -0.00039104 -0.0234446 0.0025 0.782587 0.927905 2.96423 0.00638906 420 4 1 -6.04857e-08 
0.908935 -0.000422901 -0.00949096 0.0025 0.782685 0.927986 2.96412 0.00638827 421 4 1 -2.50101e-08 
0.912129 -0.000421088 -0.000218598 0.0025 0.782747 0.928015 2.96397 0.00638776 422 4 1 -1.19676e-08 
0.915323 -0.000395359 0.00180045 0.0025 0.782791 0.928018 2.96381 0.0063874 423 4 1 1.59579e-10 
0.918517 -0.000377081 0.00277304 0.0025 0.78283 0.928013 2.96365 0.00638708 424 4 1 -1.94486e-09 
0.92171 -0.000348313 0.00343373 0.0025 0.782867 0.928006 2.96349 0.00638678 425 4 1 -2.62246e-09 
0.924903 -0.000329457 0.00349084 0.0025 0.782903 0.927998 2.96332 0.00638648 426 4 1 -1.35345e-09 
0.928097 -0.000302323 0.0031119 0.0025 0.782941 0.927989 2.96315 0.00638618 427 4 1 -5.4721e-09 
0.93129 -0.000286522 0.00339746 0.0025 0.78298 0.927981 2.96298 0.00638586 428 4 1 -8.86278e-09 
0.934482 -0.000260535 0.00331834 0.0025 0.783022 0.927973 2.96279 0.00638552 429 4 1 -1.21224e-08 
0.937675 -0.00024779 0.00199307 0.0025 0.783069 0.927966 2.9626 0.00638513 430 4 1 -1.56599e-08 
0.940868 -0.000225193 0.00362482 0.0025 0.783121 0.927958 2.96238 0.00638471 431 4 1 -1.54342e-08 
0.94406 -0.000212034 0.00182173 0.0025 0.783178 0.927951 2.96214 0.00638425 432 4 1 -1.97073e-08 
0.947252 -0.00019234 0.00279195 0.0025 0.783242 0.927945 2.96188 0.00638372 433 4 1 -2.81401e-08 
0.950444 -0.000179367 0.00250547 0.0025 0.783314 0.927939 2.96158 0.00638313 434 4 1 -3.17803e-08 
0.953635 -0.00015949 0.00187975 0.0025 0.783398 0.927933 2.96125 0.00638245 435 4 1 -3.31671e-08 
0.956826 -0.000150345 0.00141396 0.0025 0.783493 0.927929 2.96088 0.00638168 436 4 1 -3.37401e-08 
0.960017 -0.000129944 0.00181993 0.0025 0.7836 0.927925 2.96046 0.00638081 437 4 1 -3.20012e-08 
0.963207 -0.000124021 -0.000640005 0.0025 0.783718 0.927923 2.96001 0.00637984 438 4 1 -3.60172e-08 
0.966397 -0.000105183 0.00258482 0.0025 0.783848 0.927921 2.95951 0.00637879 439 4 1 -3.53705e-08 
0.969586 -9.88228e-05 -0.00163044 0.0025 0.783991 0.92792 2.95897 0.00637763 440 4 1 -3.56232e-08 
0.972774 -8.19139e-05 0.00337709 0.0025 0.784145 0.927919 2.95838 0.00637637 441 4 1 -2.57114e-08 
0.975962 -7.45755e-05 -0.00136063 0.0025 0.78431 0.927923 2.95777 0.00637503 442 4 1 1.16954e-08 
0.979149 -6.08066e-05 0.00322395 0.0025 0.784476 0.927938 2.95716 0.00637368 443 4 1 1.37646e-07 
0.982336 -5.34795e-05 -0.00107701 0.0025 0.78461 0.927983 2.95672 0.00637259 444 3 1 5.16362e-07 
0.985522 -4.25105e-05 0.00202197 0.0025 0.784583 0.928082 2.9569 0.00637281 445 4 1 1.7008e-06 
0.988709 -3.45712e-05 -0.00132689 0.0025 0.784009 0.928276 2.95913 0.00637748 446 4 1 4.5272e-06 
0.991899 -2.33659e-05 0.00100923 0.0025 0.781399 0.928207 2.96678 0.00639878 447 4 1 1.49412e-05 
0.995107 -1.42524e-05 -0.000809189 0.0025 0.774034 0.92738 2.99222 0.00645967 448 4 1 1.77281e-05 
0.998359 -4.37743e-06 0.000547627 0.0025 0.76531 0.927501 3.03747 0.0065333 449 4 1 -3.46212e-05 
1.00164 4.37743e-06 -0.000547627 0.0025 0.76531 0.927501 3.03747 0.0065333 450 4 1 -3.46212e-05 
1.00489 1.42524e-05 0.000809189 0.0025 0.774034 0.92738 2.99222 0.00645967 451 4 1 1.77281e-05 
1.0081 2.33659e-05 -0.00100923 0.0025 0.781399 0.928207 2.96678 0.00639878 452 4 1 1.49412e-05 
1.01129 3.45712e-05 0.00132689 0.0025 0.784009 0.928276 2.95913 0.00637748 453 4 1 4.5272e-06 
1.01448 4.25105e-05 -0.00202197 0.0025 0.784583 0.928082 2.9569 0.00637281 454 4 1 1.7008e-06 
1.01766 5.34795e-05 0.00107702 0.0025 0.78461 0.927983 2.95672 0.00637259 455 3 1 5.16362e-07 
1.02085 6.08066e-05 -0.00322396 0.0025 0.784476 0.927938 2.95716 0.00637368 456 4 1 1.37646e-07 
1.02404 7.45755e-05 0.00136063 0.0025 0.78431 0.927923 2.95777 0.00637503 457 4 1 1.16954e-08 
1.02723 8.19139e-05 -0.00337709 0.0025 0.784145 0.927919 2.95838 0.00637637 458 4 1 -2.57114e-08 
1.03041 9.88228e-05 0.00163044 0.0025 0.783991 0.92792 2.95897 0.00637763 459 4 1 -3.56232e-08 
1.0336 0.000105183 -0.00258482 0.0025 0.783848 0.927921 2.95951 0.00637879 460 4 1 -3.53705e-08 
1.03679 0.000124021 0.000640005 0.0025 0.783718 0.927923 2.96001 0.00637984 461 4 1 -3.60172e-08 
1.03998 0.000129944 -0.00181993 0.0025 0.7836 0.927925 2.96046 0.00638081 462 4 1 -3.20012e-08 
1.04317 0.000150345 -0.00141396 0.0025 0.783493 0.927929 2.96088 0.00638168 463 4 1 -3.37401e-08 
1.04637 0.00015949 -0.00187975 0.0025 0.783398 0.927933 2.96125 0.00638245 464 4 1 -3.31671e-08 
1.04956 0.000179367 -0.00250547 0.0025 0.783314 0.927939 2.96158 0.00638313 465 4 1 -3.17803e-08 
1.05275 0.00019234 -0.00279195 0.0025 0.783242 0.927945 2.96188 0.00638372 466 4 1 -2.81401e-08 
1.05594 0.000212034 -0.00182173 0.0025 0.783178 0.927951 2.96214 0.00638425 467 4 1 -1.97073e-08 
1.05913 0.000225193 -0.00362482 0.0025 0.783121 0.927958 2.96238 0.00638471 468 4 1 -1.54342e-08 
1.06232 0.00024779 -0.00199306 0.0025 0.783069 0.927966 2.9626 0.00638513 469 4 1 -1.56599e-08 
1.06552 0.000260535 -0.00331834 0.0025 0.783022 0.927973 2.96279 0.00638552 470 4 1 -1.21224e-08 
1.06871 0.000286522 -0.00339746 0.0025 0.78298 0.927981 2.96298 0.00638586 471 4 1 -8.86278e-09 
1.0719 0.000302323 -0.00311191 0.0025 0.782941 0.927989 2.96315 0.00638618 472 4 1 -5.4721e-09 
1.0751 0.000329457 -0.00349084 0.0025 0.782903 0.927998 2.96332 0.00638648 473 4 1 -1.35345e-09 
1.07829 0.000348313 -0.00343373 0.0025 0.782867 0.928006 2.96349 0.00638678 474 4 1 -2.62246e-09 
1.08148 0.000377081 -0.00277304 0.0025 0.78283 0.928013 2.96365 0.00638708 475 4 1 -1.94486e-09 
1.08468 0.000395359 -0.00180045 0.0025 0.782791 0.928018 2.96381 0.0063874 476 4 1 1.59579e-10 
1.08787 0.000421088 0.000218599 0.0025 0.782747 0.928015 2.96397 0.00638776 477 4 1 -1.19676e-08 
1.09106 0.000422901 0.00949096 0.0025 0.782685 0.927986 2.96412 0.00638827 478 4 1 -2.50101e-08 
1.09426 0.00039104 0.0234446 0.0025 0.782587 0.927905 2.96423 0.00638906 479 4 1 -6.04857e-08 
1.09745 0.000291629 0.0529774 0.0025 0.782424 0.927719 2.96427 0.0063904 480 4 1 -1.42087e-07 
1.10065 4.63929e-05 0.116831 0.0025 0.78212 0.927307 2.96414 0.00639288 481 4 1 -3.27163e-07 
1.10385 -0.00051784 0.255354 0.0025 0.781518 0.926403 2.9636 0.00639781 482 4 1 -7.30891e-07 
1.10705 -0.00178132 0.554483 0.0025 0.780275 0.924435 2.96216 0.006408 483 4 1 -1.58128e-06 
1.11025 -0.00455327 1.19401 0.0025 0.777674 0.9202 2.95874 0.00642943 484 4 1 -3.24625e-06 
1.11348 -0.0105418 2.5345 0.0025 0.772293 0.911334 2.95118 0.00647423 485 4 1 -5.97186e-06 
1.11673 -0.0229531 5.12101 0.0025 0.761592 0.893668 2.93545 0.00656519 486 4 1 -9.45268e-06 
1.12004 -0.0478138 10.1408 0.0025 0.741455 0.860697 2.90468 0.0067435 487 4 1 -8.87359e-06 
1.12347 -0.0946815 18.1055 0.0025 0.707235 0.805424 2.84997 0.00706979 488 4 1 3.595e-06 
1.12712 -0.176371 31.7972 0.0025 0.654522 0.722342 2.75962 0.00763916 489 4 1 4.54175e-05 
1.13114 -0.317601 51.3349 0.0025 0.584636 0.61629 2.62752 0.00855232 490 4 1 0.000150178 
1.13572 -0.499998 51.4378 0.0025 0.516216 0.516118 2.48543 0.00968587 491 4 1 0.000250587 
1.14087 -0.632983 25.1774 0.0025 0.472424 0.453865 2.39082 0.0105837 492 4 1 0.000181717 
1.14632 -0.67757 3.86621 0.0025 0.456145 0.431227 2.3587 0.0109614 493 4 1 5.11298e-05 
1.15183 -0.67669 -2.04883 0.0025 0.453741 0.42823 2.35842 0.0110195 494 4 1 5.99113e-06 
1.15734 -0.672952 -0.310295 0.0025 0.453522 0.429135 2.36503 0.0110248 495 4 1 2.50413e-06 
1.16286 -0.672769 0.0536971 0.0025 0.452535 0.429747 2.37481 0.0110489 496 4 1 -3.42203e-06 
1.16839 -0.672956 0.0439331 0.0025 0.447069 0.427341 2.38035 0.011184 497 5 1 5.38142e-05 
1.17404 -0.673051 0.0139561 0.0025 0.454339 0.432971 2.44422 0.011005 498 4 1 -0.000240399 
1.1794 -0.673075 0.00247924 0.0025 0.482816 0.424516 2.15551 0.0103559 499 4 1 0.000266098 
