# Time [s]: 0.486279
# Columns: pos [m], vel [m/s], acc [m/s^2], mass [kg], dens [kg/m^3], pres [Pa], ene [J/kg], sml [m], id, neighbor, alpha, gradh, ...additional?
1.17492 -0.672662 0.0249838 0.0025 0.511138 0.432812 2.15265 0.0097821 0 4 1 -0.000134812 
1.1797 -0.672861 0.07838 0.0025 0.537 0.426291 1.95018 0.00931099 1 4 1 0.000179203 
1.18424 -0.673024 0.0330766 0.0025 0.548281 0.430908 1.96856 0.00911942 2 3 1 -1.90279e-05 
1.18882 -0.673081 0.006211 0.0025 0.545993 0.429218 1.96467 0.00915763 3 5 1 3.51453e-06 
1.19339 -0.67309 -0.000588466 0.0025 0.546388 0.429369 1.9646 0.00915101 4 4 1 -1.32831e-07 
1.19797 -0.673091 -0.00118278 0.0025 0.5464 0.429341 1.96438 0.0091508 5 4 1 1.44131e-07 
1.20254 -0.673093 -0.000881529 0.0025 0.546425 0.429342 1.96432 0.00915038 6 4 1 -3.75984e-09 
1.20712 -0.673095 -0.000707991 0.0025 0.546441 0.429341 1.96426 0.00915012 7 4 1 8.1148e-09 
1.21169 -0.673098 -0.000641085 0.0025 0.546457 0.429342 1.96421 0.00914986 8 4 1 4.70064e-09 
1.21627 -0.673101 -0.000589945 0.0025 0.546471 0.429344 1.96416 0.00914962 9 4 1 5.37688e-09 
1.22084 -0.673104 -0.000520545 0.0025 0.546484 0.429345 1.96413 0.0091494 10 4 1 -2.40256e-09 
1.22542 -0.673107 -0.000429788 0.0025 0.546496 0.429346 1.96409 0.00914919 11 4 1 4.50856e-09 
1.22999 -0.673109 -0.000324555 0.0025 0.546508 0.429348 1.96405 0.009149 12 4 1 2.59338e-09 
1.23457 -0.673111 -0.000213811 0.0025 0.546518 0.429348 1.96402 0.00914883 13 4 1 3.30019e-09 
1.23914 -0.673113 -0.000105878 0.0025 0.546527 0.429349 1.96399 0.00914868 14 4 1 1.85685e-09 
1.24372 -0.673114 -7.38242e-06 0.0025 0.546535 0.429349 1.96396 0.00914855 15 4 1 -1.81704e-09 
1.24829 -0.673114 7.67302e-05 0.0025 0.546542 0.429349 1.96393 0.00914842 16 4 1 4.70941e-09 
1.25286 -0.673114 0.000141921 0.0025 0.546549 0.429349 1.96391 0.00914831 17 4 1 1.33996e-09 
1.25744 -0.673115 0.000183437 0.0025 0.546554 0.429349 1.96389 0.00914822 18 4 1 -1.30124e-09 
1.26201 -0.673114 0.000228051 0.0025 0.54656 0.429348 1.96386 0.00914813 19 4 1 2.61632e-09 
1.26659 -0.673114 0.000273055 0.0025 0.546565 0.429347 1.96384 0.00914804 20 4 1 1.14185e-09 
1.27116 -0.673114 0.000288025 0.0025 0.546569 0.429347 1.96383 0.00914797 21 4 1 1.21753e-09 
1.27573 -0.673114 0.000295456 0.0025 0.546573 0.429346 1.96381 0.00914791 22 4 1 1.10953e-09 
1.28031 -0.673113 0.000296971 0.0025 0.546577 0.429345 1.96379 0.00914785 23 4 1 -9.80629e-11 
1.28488 -0.673113 0.000293146 0.0025 0.54658 0.429345 1.96378 0.00914779 24 4 1 1.56434e-09 
1.28946 -0.673113 0.000287642 0.0025 0.546583 0.429344 1.96376 0.00914774 25 4 1 8.24886e-10 
1.29403 -0.673113 0.000280723 0.0025 0.546586 0.429343 1.96375 0.0091477 26 4 1 -2.59394e-10 
1.2986 -0.673113 0.000272596 0.0025 0.546588 0.429342 1.96374 0.00914765 27 4 1 1.34441e-09 
1.30318 -0.673114 0.000263951 0.0025 0.546591 0.429342 1.96372 0.00914761 28 4 1 9.94181e-10 
1.30775 -0.673114 0.00025576 0.0025 0.546593 0.429341 1.96371 0.00914757 29 4 1 -6.40633e-10 
1.31233 -0.673115 0.000250241 0.0025 0.546595 0.42934 1.9637 0.00914754 30 4 1 6.1943e-10 
1.3169 -0.673115 0.000249699 0.0025 0.546597 0.42934 1.96369 0.0091475 31 4 1 2.05982e-09 
1.32147 -0.673116 0.0002555 0.0025 0.546599 0.429339 1.96368 0.00914748 32 4 1 -7.89734e-10 
1.32605 -0.673117 0.000267839 0.0025 0.5466 0.429338 1.96368 0.00914745 33 4 1 -7.85279e-10 
1.33062 -0.673118 0.000285864 0.0025 0.546602 0.429338 1.96367 0.00914742 34 4 1 2.13968e-09 
1.33519 -0.673119 0.000308108 0.0025 0.546603 0.429337 1.96366 0.0091474 35 4 1 -1.99315e-10 
1.33977 -0.67312 0.000333248 0.0025 0.546604 0.429336 1.96365 0.00914738 36 4 1 -8.73962e-10 
1.34434 -0.673121 0.000360824 0.0025 0.546606 0.429335 1.96364 0.00914736 37 4 1 1.4313e-09 
1.34891 -0.673122 0.000391343 0.0025 0.546606 0.429334 1.96363 0.00914735 38 4 1 1.00779e-10 
1.35349 -0.673123 0.000425557 0.0025 0.546607 0.429333 1.96363 0.00914734 39 4 1 -7.23521e-10 
1.35806 -0.673124 0.000463275 0.0025 0.546608 0.429332 1.96362 0.00914733 40 4 1 7.21326e-10 
1.36264 -0.673125 0.000502564 0.0025 0.546608 0.429331 1.96361 0.00914732 41 4 1 4.55427e-10 
1.36721 -0.673127 0.000540089 0.0025 0.546608 0.429329 1.96361 0.00914732 42 4 1 -5.9982e-10 
1.37178 -0.673128 0.000572628 0.0025 0.546608 0.429328 1.9636 0.00914732 43 3 1 3.88484e-11 
1.37636 -0.673129 0.000598981 0.0025 0.546608 0.429326 1.96359 0.00914732 44 4 1 1.03284e-09 
1.38093 -0.673131 0.000621062 0.0025 0.546608 0.429325 1.96359 0.00914732 45 4 1 -2.89983e-10 
1.3855 -0.673133 0.000643365 0.0025 0.546608 0.429323 1.96358 0.00914733 46 4 1 -6.38268e-10 
1.39008 -0.673135 0.000670943 0.0025 0.546607 0.429322 1.96357 0.00914733 47 4 1 6.62106e-10 
1.39465 -0.673137 0.000706915 0.0025 0.546607 0.42932 1.96357 0.00914734 48 4 1 3.28018e-10 
1.39923 -0.67314 0.000750891 0.0025 0.546606 0.429318 1.96356 0.00914736 49 4 1 -5.74959e-10 
1.4038 -0.673142 0.000799242 0.0025 0.546605 0.429316 1.96356 0.00914737 50 4 1 -2.67696e-10 
1.40837 -0.673145 0.000847263 0.0025 0.546604 0.429314 1.96355 0.00914738 51 4 1 6.74006e-10 
1.41295 -0.673148 0.000892269 0.0025 0.546603 0.429312 1.96354 0.0091474 52 4 1 -4.03448e-11 
1.41752 -0.673151 0.000935982 0.0025 0.546602 0.429309 1.96354 0.00914743 53 4 1 -7.85219e-10 
1.42209 -0.673155 0.000984519 0.0025 0.546601 0.429307 1.96353 0.00914745 54 4 1 4.94062e-11 
1.42667 -0.673159 0.00104535 0.0025 0.546599 0.429304 1.96352 0.00914747 55 4 1 6.27314e-10 
1.43124 -0.673163 0.00112252 0.0025 0.546597 0.429301 1.96352 0.0091475 56 4 1 -4.37069e-10 
1.43581 -0.673168 0.00121312 0.0025 0.546595 0.429298 1.96351 0.00914754 57 4 1 -8.56348e-10 
1.44039 -0.673173 0.00130834 0.0025 0.546593 0.429295 1.9635 0.00914757 58 4 1 3.56588e-10 
1.44496 -0.673178 0.00139931 0.0025 0.546591 0.429291 1.9635 0.00914761 59 4 1 8.58202e-11 
1.44954 -0.673184 0.00148459 0.0025 0.546588 0.429288 1.96349 0.00914766 60 4 1 -6.13972e-10 
1.45411 -0.67319 0.00157336 0.0025 0.546585 0.429284 1.96348 0.00914771 61 4 1 -4.4113e-10 
1.45868 -0.673197 0.00168068 0.0025 0.546582 0.429279 1.96347 0.00914776 62 4 1 1.58761e-10 
1.46326 -0.673205 0.00181712 0.0025 0.546578 0.429275 1.96346 0.00914782 63 4 1 -2.60669e-10 
1.46783 -0.673213 0.00198028 0.0025 0.546575 0.42927 1.96346 0.00914788 64 4 1 -7.54161e-10 
1.47241 -0.673221 0.00215591 0.0025 0.54657 0.429265 1.96345 0.00914795 65 4 1 -3.88904e-10 
1.47698 -0.673231 0.00232903 0.0025 0.546566 0.429259 1.96344 0.00914803 66 4 1 -3.00329e-10 
1.48155 -0.673241 0.00249732 0.0025 0.54656 0.429252 1.96343 0.00914812 67 4 1 -5.38751e-10 
1.48613 -0.673252 0.00267575 0.0025 0.546555 0.429246 1.96342 0.00914821 68 4 1 -6.34583e-10 
1.4907 -0.673265 0.00288837 0.0025 0.546549 0.429238 1.9634 0.00914831 69 4 1 -4.35457e-10 
1.49528 -0.673278 0.00315314 0.0025 0.546542 0.42923 1.96339 0.00914843 70 4 1 -7.49857e-10 
1.49985 -0.673293 0.00347161 0.0025 0.546535 0.429222 1.96338 0.00914855 71 4 1 -1.07569e-09 
-0.495575 -0.673309 0.00383015 0.0025 0.546527 0.429212 1.96336 0.00914869 72 4 1 -9.22463e-10 
-0.491001 -0.673326 0.00421077 0.0025 0.546517 0.429202 1.96335 0.00914884 73 4 1 -1.00131e-09 
-0.486427 -0.673346 0.00460416 0.0025 0.546507 0.42919 1.96333 0.00914901 74 4 1 -1.24291e-09 
-0.481852 -0.673367 0.00501892 0.0025 0.546496 0.429177 1.96331 0.00914919 75 4 1 -1.30331e-09 
-0.477277 -0.67339 0.00548309 0.0025 0.546484 0.429164 1.96329 0.0091494 76 4 1 -1.3874e-09 
-0.472703 -0.673416 0.00603568 0.0025 0.546471 0.429148 1.96327 0.00914962 77 4 1 -1.63832e-09 
-0.468128 -0.673445 0.00670874 0.0025 0.546456 0.429131 1.96325 0.00914987 78 4 1 -2.04212e-09 
-0.463553 -0.673477 0.00750722 0.0025 0.546439 0.429113 1.96322 0.00915015 79 4 1 -2.38194e-09 
-0.458978 -0.673512 0.00840127 0.0025 0.54642 0.429092 1.96319 0.00915046 80 4 1 -2.61309e-09 
-0.454402 -0.673551 0.00934722 0.0025 0.546399 0.429068 1.96316 0.00915082 81 4 1 -2.81592e-09 
-0.449827 -0.673595 0.0103342 0.0025 0.546376 0.429042 1.96313 0.00915121 82 4 1 -2.99662e-09 
-0.445251 -0.673644 0.0114144 0.0025 0.54635 0.429013 1.96309 0.00915164 83 4 1 -3.24801e-09 
-0.440675 -0.673698 0.0126673 0.0025 0.546321 0.428981 1.96305 0.00915212 84 4 1 -3.67004e-09 
-0.436099 -0.673759 0.0141174 0.0025 0.54629 0.428946 1.963 0.00915266 85 4 1 -4.11438e-09 
-0.431522 -0.673826 0.0157068 0.0025 0.546254 0.428907 1.96295 0.00915325 86 4 1 -4.43206e-09 
-0.426946 -0.6739 0.0173652 0.0025 0.546215 0.428863 1.96289 0.00915391 87 4 1 -4.51098e-09 
-0.422369 -0.673981 0.019072 0.0025 0.546172 0.428816 1.96283 0.00915463 88 4 1 -4.51678e-09 
-0.417791 -0.67407 0.0208143 0.0025 0.546125 0.428764 1.96276 0.00915542 89 4 1 -4.30283e-09 
-0.413213 -0.674166 0.0225026 0.0025 0.546074 0.428708 1.96268 0.00915627 90 4 1 -3.76083e-09 
-0.408635 -0.674268 0.0239756 0.0025 0.54602 0.428648 1.9626 0.00915718 91 4 1 -3.12143e-09 
-0.404056 -0.674377 0.0251206 0.0025 0.545963 0.428586 1.96252 0.00915813 92 4 1 -1.82084e-09 
-0.399477 -0.67449 0.0259302 0.0025 0.545905 0.428521 1.96244 0.00915911 93 4 1 -1.56946e-10 
-0.394897 -0.674605 0.0262957 0.0025 0.545846 0.428456 1.96235 0.0091601 94 4 1 1.33625e-09 
-0.390317 -0.674718 0.0259108 0.0025 0.545788 0.428393 1.96227 0.00916107 95 4 1 3.51828e-09 
-0.385736 -0.674828 0.0246292 0.0025 0.545733 0.428332 1.96219 0.009162 96 4 1 6.47083e-09 
-0.381155 -0.674928 0.0224649 0.0025 0.545683 0.428277 1.96212 0.00916284 97 4 1 9.04873e-09 
-0.376573 -0.675014 0.0193398 0.0025 0.54564 0.42823 1.96205 0.00916355 98 4 1 1.18666e-08 
-0.371991 -0.675083 0.0144856 0.0025 0.545607 0.428195 1.96201 0.0091641 99 4 1 1.57626e-08 
-0.367409 -0.675129 0.0077389 0.0025 0.545588 0.428173 1.96198 0.00916443 100 4 1 1.39901e-08 
-0.362827 -0.675159 0.00796034 0.0025 0.54558 0.428165 1.96197 0.00916455 101 5 1 3.60399e-08 
-0.358244 -0.67514 -0.0184245 0.0025 0.545603 0.428191 1.962 0.00916418 102 4 1 6.79002e-08 
-0.353662 -0.675002 -0.0417883 0.0025 0.545682 0.428279 1.96211 0.00916285 103 4 1 1.03557e-07 
-0.349081 -0.674728 -0.0832687 0.0025 0.545848 0.428466 1.96235 0.00916006 104 4 1 2.3127e-07 
-0.344502 -0.674105 -0.204437 0.0025 0.546201 0.428859 1.96285 0.00915414 105 4 1 3.79024e-07 
-0.339927 -0.672878 -0.355436 0.0025 0.546848 0.429572 1.96378 0.00914331 106 4 1 4.423e-07 
-0.335359 -0.671024 -0.498752 0.0025 0.547823 0.430645 1.96518 0.00912704 107 4 1 4.81415e-07 
-0.3308 -0.668555 -0.641683 0.0025 0.549128 0.432083 1.96705 0.00910535 108 4 1 5.78415e-07 
-0.326254 -0.665394 -0.819364 0.0025 0.550798 0.433928 1.96944 0.00907773 109 4 1 7.27071e-07 
-0.321722 -0.661407 -1.02921 0.0025 0.552893 0.43624 1.97244 0.00904335 110 4 1 8.20458e-07 
-0.31721 -0.656598 -1.21729 0.0025 0.555413 0.439024 1.97603 0.0090023 111 4 1 8.10624e-07 
-0.31272 -0.651101 -1.35547 0.0025 0.558286 0.442201 1.98011 0.00895598 112 4 1 7.2234e-07 
-0.308254 -0.645206 -1.42683 0.0025 0.561393 0.445645 1.98451 0.00890642 113 4 1 6.35246e-07 
-0.303814 -0.639112 -1.46932 0.0025 0.564634 0.44925 1.98909 0.00885529 114 4 1 6.08569e-07 
-0.299399 -0.632895 -1.50605 0.0025 0.56797 0.45297 1.99378 0.00880329 115 4 1 6.44978e-07 
-0.29501 -0.626524 -1.56305 0.0025 0.571407 0.456813 1.9986 0.00875034 116 4 1 7.02504e-07 
-0.290648 -0.619957 -1.62519 0.0025 0.574966 0.460802 2.00357 0.00869617 117 4 1 7.51329e-07 
-0.286314 -0.613171 -1.6954 0.0025 0.578658 0.46495 2.0087 0.00864069 118 4 1 7.7508e-07 
-0.282008 -0.606175 -1.7528 0.0025 0.582476 0.469249 2.014 0.00858405 119 4 1 7.56739e-07 
-0.27773 -0.599044 -1.79014 0.0025 0.586386 0.473664 2.01939 0.0085268 120 4 1 7.21756e-07 
-0.273481 -0.591853 -1.81128 0.0025 0.590352 0.478153 2.02485 0.00846952 121 4 1 6.81755e-07 
-0.26926 -0.584667 -1.81813 0.0025 0.59434 0.482679 2.03031 0.0084127 122 4 1 6.38779e-07 
-0.265068 -0.577537 -1.81303 0.0025 0.598321 0.48721 2.03573 0.00835672 123 4 1 5.99052e-07 
-0.260903 -0.570493 -1.80104 0.0025 0.602274 0.491723 2.0411 0.00830186 124 4 1 5.6716e-07 
-0.256766 -0.563551 -1.78553 0.0025 0.606189 0.496203 2.0464 0.00824825 125 4 1 5.30987e-07 
-0.252655 -0.556747 -1.75953 0.0025 0.610054 0.500638 2.05161 0.00819599 126 4 1 5.29154e-07 
-0.24857 -0.550049 -1.75751 0.0025 0.613879 0.505039 2.05674 0.00814492 127 4 1 5.3573e-07 
-0.24451 -0.543419 -1.7515 0.0025 0.617681 0.509423 2.06183 0.00809479 128 4 1 5.07115e-07 
-0.240475 -0.536872 -1.73511 0.0025 0.62145 0.513779 2.06685 0.0080457 129 4 1 4.80739e-07 
-0.236464 -0.530449 -1.71743 0.0025 0.625177 0.518098 2.0718 0.00799773 130 4 1 4.85331e-07 
-0.232477 -0.524093 -1.71754 0.0025 0.628876 0.522395 2.07669 0.00795069 131 4 1 4.85687e-07 
-0.228514 -0.517794 -1.71101 0.0025 0.632555 0.526678 2.08155 0.00790445 132 4 1 4.58506e-07 
-0.224573 -0.511578 -1.69472 0.0025 0.636205 0.530938 2.08634 0.0078591 133 4 1 4.57981e-07 
-0.220654 -0.505434 -1.69574 0.0025 0.639831 0.53518 2.09109 0.00781456 134 4 1 4.64949e-07 
-0.216758 -0.499333 -1.69383 0.0025 0.643447 0.539419 2.09581 0.00777065 135 4 1 4.64229e-07 
-0.212884 -0.493265 -1.69879 0.0025 0.647057 0.54366 2.1005 0.0077273 136 4 1 4.57381e-07 
-0.209031 -0.487244 -1.69452 0.0025 0.65066 0.547903 2.10517 0.00768451 137 4 1 4.52401e-07 
-0.205199 -0.481262 -1.69764 0.0025 0.654257 0.552149 2.10982 0.00764225 138 4 1 4.778e-07 
-0.201388 -0.475283 -1.71833 0.0025 0.657869 0.556422 2.11447 0.00760029 139 4 1 4.82187e-07 
-0.197599 -0.469281 -1.72495 0.0025 0.661502 0.560728 2.11913 0.00755856 140 4 1 4.91018e-07 
-0.19383 -0.463279 -1.75015 0.0025 0.665159 0.565073 2.12381 0.007517 141 4 1 4.98797e-07 
-0.190082 -0.457248 -1.76197 0.0025 0.668846 0.569462 2.12851 0.00747557 142 4 1 4.92597e-07 
-0.186354 -0.451222 -1.77681 0.0025 0.672556 0.573889 2.13323 0.00743433 143 4 1 5.09704e-07 
-0.182647 -0.44518 -1.80078 0.0025 0.6763 0.578368 2.13797 0.00739317 144 4 1 5.47212e-07 
-0.178961 -0.439084 -1.84531 0.0025 0.680101 0.582924 2.14277 0.00735185 145 4 1 5.43572e-07 
-0.175295 -0.432972 -1.8586 0.0025 0.683951 0.587548 2.14761 0.00731046 146 4 1 5.24713e-07 
-0.17165 -0.426937 -1.87621 0.0025 0.687831 0.592221 2.15247 0.00726922 147 4 1 5.47892e-07 
-0.168026 -0.420947 -1.90597 0.0025 0.691755 0.596957 2.15738 0.00722799 148 4 1 5.86217e-07 
-0.164422 -0.415014 -1.95062 0.0025 0.695746 0.601785 2.16235 0.00718653 149 4 1 6.23379e-07 
-0.16084 -0.409191 -1.99911 0.0025 0.699824 0.606729 2.16741 0.00714466 150 4 1 6.58326e-07 
-0.157278 -0.403549 -2.0547 0.0025 0.704001 0.611806 2.17257 0.00710227 151 4 1 7.13021e-07 
-0.153737 -0.398136 -2.1282 0.0025 0.708303 0.617048 2.17787 0.00705913 152 4 1 7.88146e-07 
-0.150218 -0.392988 -2.2225 0.0025 0.712764 0.622498 2.18335 0.00701494 153 4 1 8.66077e-07 
-0.146722 -0.388175 -2.33165 0.0025 0.717416 0.628193 2.18903 0.00696946 154 4 1 9.28195e-07 
-0.143249 -0.383721 -2.44332 0.0025 0.722267 0.634146 2.19494 0.00692265 155 4 1 9.16744e-07 
-0.139799 -0.379568 -2.50296 0.0025 0.727275 0.640308 2.20102 0.00687498 156 4 1 8.70567e-07 
-0.136374 -0.375607 -2.53719 0.0025 0.732381 0.646611 2.20719 0.00682705 157 4 1 8.93866e-07 
-0.132972 -0.371736 -2.59598 0.0025 0.737586 0.653058 2.21345 0.00677887 158 4 1 1.03707e-06 
-0.129595 -0.368186 -2.75275 0.0025 0.74298 0.659756 2.21991 0.00672966 159 4 1 1.19437e-06 
-0.126243 -0.365191 -2.95405 0.0025 0.748628 0.666776 2.22664 0.00667888 160 4 1 8.89318e-07 
-0.122916 -0.362327 -2.82251 0.0025 0.754262 0.673785 2.23334 0.006629 161 4 1 1.63878e-08 
-0.119613 -0.358425 -2.22781 0.0025 0.759271 0.68005 2.23927 0.00658527 162 4 1 -3.68545e-07 
-0.116331 -0.35308 -1.86288 0.0025 0.763491 0.685376 2.24423 0.00654887 163 4 1 3.53817e-07 
-0.113065 -0.347665 -2.21997 0.0025 0.767584 0.690534 2.24902 0.00651394 164 4 1 6.96043e-07 
-0.109817 -0.343058 -2.29857 0.0025 0.771799 0.695795 2.25397 0.00647837 165 4 1 -8.16885e-07 
-0.106586 -0.336896 -1.05079 0.0025 0.774953 0.699746 2.25768 0.00645201 166 4 1 -1.96924e-06 
-0.103365 -0.327028 0.110026 0.0025 0.776219 0.701415 2.25914 0.00644148 167 4 1 -4.37963e-07 
-0.100145 -0.316478 -0.611243 0.0025 0.77708 0.702572 2.26008 0.00643434 168 4 1 1.59886e-06 
-0.0969302 -0.309127 -1.83768 0.0025 0.77924 0.705247 2.2626 0.0064165 169 4 1 2.78838e-07 
-0.0937281 -0.302224 -0.839462 0.0025 0.781463 0.707981 2.26525 0.00639826 170 4 1 -2.15866e-06 
-0.090532 -0.290939 0.884158 0.0025 0.781695 0.708346 2.26551 0.00639636 171 3 1 -7.36936e-07 
-0.0873317 -0.278429 -0.026604 0.0025 0.781318 0.707959 2.265 0.00639944 172 5 1 1.92345e-06 
-0.0841325 -0.270057 -1.54058 0.0025 0.782618 0.709538 2.26651 0.00638882 173 4 1 4.63444e-07 
-0.0809429 -0.262476 -0.490364 0.0025 0.784234 0.711517 2.26845 0.00637564 174 4 1 -1.7362e-06 
-0.0777569 -0.25099 0.673597 0.0025 0.784297 0.711668 2.26851 0.00637513 175 3 1 -1.99891e-07 
-0.0745678 -0.239401 -0.33758 0.0025 0.784213 0.711602 2.26836 0.00637582 176 5 1 1.19185e-06 
-0.0713811 -0.230652 -0.82111 0.0025 0.785131 0.712707 2.26945 0.00636836 177 4 1 -2.96621e-07 
-0.0681994 -0.220952 0.0849417 0.0025 0.785765 0.713505 2.2702 0.00636323 178 3 1 -7.47968e-07 
-0.0650178 -0.209716 0.107277 0.0025 0.78576 0.713544 2.27017 0.00636327 179 5 1 4.32455e-07 
-0.0618362 -0.199709 -0.480172 0.0025 0.786131 0.714005 2.27059 0.00636026 180 4 1 3.3541e-07 
-0.0586576 -0.190073 -0.297828 0.0025 0.786778 0.714805 2.27136 0.00635503 181 4 1 -3.36414e-07 
-0.0554811 -0.179756 -0.06381 0.0025 0.787127 0.715253 2.27176 0.00635222 182 4 1 -2.36095e-07 
-0.0523054 -0.169308 0.000262103 0.0025 0.787239 0.715402 2.27189 0.00635131 183 4 1 -7.4036e-08 
-0.0491298 -0.158615 0.0220374 0.0025 0.787284 0.715473 2.27193 0.00635094 184 4 1 2.59944e-07 
-0.0459544 -0.148514 -0.345136 0.0025 0.787581 0.715846 2.27227 0.00634855 185 4 1 2.15425e-07 
-0.0427813 -0.138915 -0.222415 0.0025 0.788049 0.716422 2.27282 0.00634478 186 4 1 -3.45986e-07 
-0.0396096 -0.128337 0.0966797 0.0025 0.78821 0.71664 2.27301 0.00634349 187 4 1 -6.543e-08 
-0.0364378 -0.117833 -0.169718 0.0025 0.788318 0.716783 2.27312 0.00634262 188 4 1 1.77744e-07 
-0.033267 -0.107927 -0.120606 0.0025 0.788556 0.717072 2.27341 0.0063407 189 4 1 -2.02406e-07 
-0.0300971 -0.0973733 0.0884382 0.0025 0.788616 0.717159 2.27347 0.00634022 190 4 1 -1.4933e-08 
-0.0269268 -0.0870784 -0.108748 0.0025 0.788676 0.717243 2.27354 0.00633974 191 4 1 2.27652e-07 
-0.0237573 -0.0770736 -0.200597 0.0025 0.788936 0.717565 2.27384 0.00633765 192 4 1 -9.93554e-10 
-0.0205891 -0.067006 -0.0994952 0.0025 0.789182 0.71787 2.27414 0.00633567 193 3 1 -2.75304e-07 
-0.0174217 -0.0563625 0.142811 0.0025 0.789179 0.717877 2.27413 0.0063357 194 4 1 -2.98943e-08 
-0.0142534 -0.0460488 -0.0776185 0.0025 0.789146 0.717842 2.27409 0.00633597 195 5 1 1.62462e-07 
-0.0110857 -0.0358418 -0.0601634 0.0025 0.789245 0.717959 2.27422 0.00633517 196 3 1 -1.35371e-07 
-0.00791828 -0.0257087 0.0962144 0.0025 0.789232 0.717953 2.27421 0.00633527 197 5 1 5.89866e-08 
-0.00475041 -0.01541 -0.137965 0.0025 0.789277 0.718014 2.27426 0.00633491 198 4 1 1.15091e-07 
-0.00158337 -0.00528826 -0.0530568 0.0025 0.789418 0.718184 2.27444 0.00633378 199 3 1 -1.57083e-07 
0.00158337 0.00528826 0.0530568 0.0025 0.789418 0.718184 2.27444 0.00633378 200 3 1 -1.57083e-07 
0.00475041 0.01541 0.137965 0.0025 0.789277 0.718014 2.27426 0.00633491 201 4 1 1.15091e-07 
0.00791828 0.0257087 -0.0962144 0.0025 0.789232 0.717953 2.27421 0.00633527 202 5 1 5.89866e-08 
0.0110857 0.0358418 0.0601634 0.0025 0.789245 0.717959 2.27422 0.00633517 203 3 1 -1.35371e-07 
0.0142534 0.0460488 0.0776185 0.0025 0.789146 0.717842 2.27409 0.00633597 204 5 1 1.62462e-07 
0.0174217 0.0563625 -0.142811 0.0025 0.789179 0.717877 2.27413 0.0063357 205 4 1 -2.98943e-08 
0.0205891 0.067006 0.0994952 0.0025 0.789182 0.71787 2.27414 0.00633567 206 3 1 -2.75304e-07 
0.0237573 0.0770736 0.200597 0.0025 0.788936 0.717565 2.27384 0.00633765 207 4 1 -9.93554e-10 
0.0269268 0.0870784 0.108748 0.0025 0.788676 0.717243 2.27354 0.00633974 208 4 1 2.27652e-07 
0.0300971 0.0973733 -0.0884382 0.0025 0.788616 0.717159 2.27347 0.00634022 209 4 1 -1.4933e-08 
0.033267 0.107927 0.120606 0.0025 0.788556 0.717072 2.27341 0.0063407 210 4 1 -2.02406e-07 
0.0364378 0.117833 0.169718 0.0025 0.788318 0.716783 2.27312 0.00634262 211 4 1 1.77744e-07 
0.0396096 0.128337 -0.0966797 0.0025 0.78821 0.71664 2.27301 0.00634349 212 4 1 -6.543e-08 
0.0427813 0.138915 0.222415 0.0025 0.788049 0.716422 2.27282 0.00634478 213 4 1 -3.45986e-07 
0.0459544 0.148514 0.345136 0.0025 0.787581 0.715846 2.27227 0.00634855 214 4 1 2.15425e-07 
0.0491298 0.158615 -0.0220374 0.0025 0.787284 0.715473 2.27193 0.00635094 215 4 1 2.59944e-07 
0.0523054 0.169308 -0.000262103 0.0025 0.787239 0.715402 2.27189 0.00635131 216 4 1 -7.4036e-08 
0.0554811 0.179756 0.06381 0.0025 0.787127 0.715253 2.27176 0.00635222 217 4 1 -2.36095e-07 
0.0586576 0.190073 0.297828 0.0025 0.786778 0.714805 2.27136 0.00635503 218 4 1 -3.36414e-07 
0.0618362 0.199709 0.480172 0.0025 0.786131 0.714005 2.27059 0.00636026 219 4 1 3.3541e-07 
0.0650178 0.209716 -0.107277 0.0025 0.78576 0.713544 2.27017 0.00636327 220 5 1 4.32455e-07 
0.0681994 0.220952 -0.0849417 0.0025 0.785765 0.713505 2.2702 0.00636323 221 3 1 -7.47968e-07 
0.0713811 0.230652 0.82111 0.0025 0.785131 0.712707 2.26945 0.00636836 222 4 1 -2.96621e-07 
0.0745678 0.239401 0.33758 0.0025 0.784213 0.711602 2.26836 0.00637582 223 5 1 1.19185e-06 
0.0777569 0.25099 -0.673597 0.0025 0.784297 0.711668 2.26851 0.00637513 224 3 1 -1.99891e-07 
0.0809429 0.262476 0.490364 0.0025 0.784234 0.711517 2.26845 0.00637564 225 4 1 -1.7362e-06 
0.0841325 0.270057 1.54058 0.0025 0.782618 0.709538 2.26651 0.00638882 226 4 1 4.63444e-07 
0.0873317 0.278429 0.026604 0.0025 0.781318 0.707959 2.265 0.00639944 227 5 1 1.92345e-06 
0.090532 0.290939 -0.884158 0.0025 0.781695 0.708346 2.26551 0.00639636 228 3 1 -7.36936e-07 
0.0937281 0.302224 0.839462 0.0025 0.781463 0.707981 2.26525 0.00639826 229 4 1 -2.15866e-06 
0.0969302 0.309127 1.83768 0.0025 0.77924 0.705247 2.2626 0.0064165 230 4 1 2.78838e-07 
0.100145 0.316478 0.611243 0.0025 0.77708 0.702572 2.26008 0.00643434 231 4 1 1.59886e-06 
0.103365 0.327028 -0.110026 0.0025 0.776219 0.701415 2.25914 0.00644148 232 4 1 -4.37963e-07 
0.106586 0.336896 1.05079 0.0025 0.774953 0.699746 2.25768 0.00645201 233 4 1 -1.96924e-06 
0.109817 0.343058 2.29857 0.0025 0.771799 0.695795 2.25397 0.00647837 234 4 1 -8.16885e-07 
0.113065 0.347665 2.21997 0.0025 0.767584 0.690534 2.24902 0.00651394 235 4 1 6.96043e-07 
0.116331 0.35308 1.86288 0.0025 0.763491 0.685376 2.24423 0.00654887 236 4 1 3.53817e-07 
0.119613 0.358425 2.22781 0.0025 0.759271 0.68005 2.23927 0.00658527 237 4 1 -3.68545e-07 
0.122916 0.362327 2.82251 0.0025 0.754262 0.673785 2.23334 0.006629 238 4 1 1.63878e-08 
0.126243 0.365191 2.95405 0.0025 0.748628 0.666776 2.22664 0.00667888 239 4 1 8.89318e-07 
0.129595 0.368186 2.75275 0.0025 0.74298 0.659756 2.21991 0.00672966 240 4 1 1.19437e-06 
0.132972 0.371736 2.59598 0.0025 0.737586 0.653058 2.21345 0.00677887 241 4 1 1.03707e-06 
0.136374 0.375607 2.53719 0.0025 0.732381 0.646611 2.20719 0.00682705 242 4 1 8.93866e-07 
0.139799 0.379568 2.50296 0.0025 0.727275 0.640308 2.20102 0.00687498 243 4 1 8.70567e-07 
0.143249 0.383721 2.44332 0.0025 0.722267 0.634146 2.19494 0.00692265 244 4 1 9.16744e-07 
0.146722 0.388175 2.33165 0.0025 0.717416 0.628193 2.18903 0.00696946 245 4 1 9.28195e-07 
0.150218 0.392988 2.2225 0.0025 0.712764 0.622498 2.18335 0.00701494 246 4 1 8.66077e-07 
0.153737 0.398136 2.1282 0.0025 0.708303 0.617048 2.17787 0.00705913 247 4 1 7.88146e-07 
0.157278 0.403549 2.0547 0.0025 0.704001 0.611806 2.17257 0.00710227 248 4 1 7.13021e-07 
0.16084 0.409191 1.99911 0.0025 0.699824 0.606729 2.16741 0.00714466 249 4 1 6.58326e-07 
0.164422 0.415014 1.95062 0.0025 0.695746 0.601785 2.16235 0.00718653 250 4 1 6.23379e-07 
0.168026 0.420947 1.90597 0.0025 0.691755 0.596957 2.15738 0.00722799 251 4 1 5.86217e-07 
0.17165 0.426937 1.87621 0.0025 0.687831 0.592221 2.15247 0.00726922 252 4 1 5.47892e-07 
0.175295 0.432972 1.8586 0.0025 0.683951 0.587548 2.14761 0.00731046 253 4 1 5.24713e-07 
0.178961 0.439084 1.84531 0.0025 0.680101 0.582924 2.14277 0.00735185 254 4 1 5.43572e-07 
0.182647 0.44518 1.80078 0.0025 0.6763 0.578368 2.13797 0.00739317 255 4 1 5.47212e-07 
0.186354 0.451222 1.77681 0.0025 0.672556 0.573889 2.13323 0.00743433 256 4 1 5.09704e-07 
0.190082 0.457248 1.76197 0.0025 0.668846 0.569462 2.12851 0.00747557 257 4 1 4.92597e-07 
0.19383 0.463279 1.75015 0.0025 0.665159 0.565073 2.12381 0.007517 258 4 1 4.98797e-07 
0.197599 0.469281 1.72495 0.0025 0.661502 0.560728 2.11913 0.00755856 259 4 1 4.91018e-07 
0.201388 0.475283 1.71833 0.0025 0.657869 0.556422 2.11447 0.00760029 260 4 1 4.82187e-07 
0.205199 0.481262 1.69764 0.0025 0.654257 0.552149 2.10982 0.00764225 261 4 1 4.778e-07 
0.209031 0.487244 1.69452 0.0025 0.65066 0.547903 2.10517 0.00768451 262 4 1 4.52401e-07 
0.212884 0.493265 1.69879 0.0025 0.647057 0.54366 2.1005 0.0077273 263 4 1 4.57381e-07 
0.216758 0.499333 1.69383 0.0025 0.643447 0.539419 2.09581 0.00777065 264 4 1 4.64229e-07 
0.220654 0.505434 1.69574 0.0025 0.639831 0.53518 2.09109 0.00781456 265 4 1 4.64949e-07 
0.224573 0.511578 1.69472 0.0025 0.636205 0.530938 2.08634 0.0078591 266 4 1 4.57981e-07 
0.228514 0.517794 1.71101 0.0025 0.632555 0.526678 2.08155 0.00790445 267 4 1 4.58506e-07 
0.232477 0.524093 1.71754 0.0025 0.628876 0.522395 2.07669 0.00795069 268 4 1 4.85687e-07 
0.236464 0.530449 1.71743 0.0025 0.625177 0.518098 2.0718 0.00799773 269 4 1 4.85331e-07 
0.240475 0.536872 1.73511 0.0025 0.62145 0.513779 2.06685 0.0080457 270 4 1 4.80739e-07 
0.24451 0.543419 1.7515 0.0025 0.617681 0.509423 2.06183 0.00809479 271 4 1 5.07115e-07 
0.24857 0.550049 1.75751 0.0025 0.613879 0.505039 2.05674 0.00814492 272 4 1 5.3573e-07 
0.252655 0.556747 1.75953 0.0025 0.610054 0.500638 2.05161 0.00819599 273 4 1 5.29154e-07 
0.256766 0.563551 1.78553 0.0025 0.606189 0.496203 2.0464 0.00824825 274 4 1 5.30987e-07 
0.260903 0.570493 1.80104 0.0025 0.602274 0.491723 2.0411 0.00830186 275 4 1 5.6716e-07 
0.265068 0.577537 1.81303 0.0025 0.598321 0.48721 2.03573 0.00835672 276 4 1 5.99052e-07 
0.26926 0.584667 1.81813 0.0025 0.59434 0.482679 2.03031 0.0084127 277 4 1 6.38779e-07 
0.273481 0.591853 1.81128 0.0025 0.590352 0.478153 2.02485 0.00846952 278 4 1 6.81755e-07 
0.27773 0.599044 1.79014 0.0025 0.586386 0.473664 2.01939 0.0085268 279 4 1 7.21756e-07 
0.282008 0.606175 1.7528 0.0025 0.582476 0.469249 2.014 0.00858405 280 4 1 7.56739e-07 
0.286314 0.613171 1.6954 0.0025 0.578658 0.46495 2.0087 0.00864069 281 4 1 7.7508e-07 
0.290648 0.619957 1.62519 0.0025 0.574966 0.460802 2.00357 0.00869617 282 4 1 7.51329e-07 
0.29501 0.626524 1.56305 0.0025 0.571407 0.456813 1.9986 0.00875034 283 4 1 7.02504e-07 
0.299399 0.632895 1.50605 0.0025 0.56797 0.45297 1.99378 0.00880329 284 4 1 6.44978e-07 
0.303814 0.639112 1.46932 0.0025 0.564634 0.44925 1.98909 0.00885529 285 4 1 6.08569e-07 
0.308254 0.645206 1.42683 0.0025 0.561393 0.445645 1.98451 0.00890642 286 4 1 6.35246e-07 
0.31272 0.651101 1.35547 0.0025 0.558286 0.442201 1.98011 0.00895598 287 4 1 7.2234e-07 
0.31721 0.656598 1.21729 0.0025 0.555413 0.439024 1.97603 0.0090023 288 4 1 8.10624e-07 
0.321722 0.661407 1.02921 0.0025 0.552893 0.43624 1.97244 0.00904335 289 4 1 8.20458e-07 
0.326254 0.665394 0.819364 0.0025 0.550798 0.433928 1.96944 0.00907773 290 4 1 7.27071e-07 
0.3308 0.668555 0.641683 0.0025 0.549128 0.432083 1.96705 0.00910535 291 4 1 5.78415e-07 
0.335359 0.671024 0.498752 0.0025 0.547823 0.430645 1.96518 0.00912704 292 4 1 4.81415e-07 
0.339927 0.672878 0.355436 0.0025 0.546848 0.429572 1.96378 0.00914331 293 4 1 4.423e-07 
0.344502 0.674105 0.204437 0.0025 0.546201 0.428859 1.96285 0.00915414 294 4 1 3.79024e-07 
0.349081 0.674728 0.0832687 0.0025 0.545848 0.428466 1.96235 0.00916006 295 4 1 2.3127e-07 
0.353662 0.675002 0.0417883 0.0025 0.545682 0.428279 1.96211 0.00916285 296 4 1 1.03557e-07 
0.358244 0.67514 0.0184245 0.0025 0.545603 0.428191 1.962 0.00916418 297 4 1 6.79002e-08 
0.362827 0.675159 -0.00796034 0.0025 0.54558 0.428165 1.96197 0.00916455 298 5 1 3.60399e-08 
0.367409 0.675129 -0.0077389 0.0025 0.545588 0.428173 1.96198 0.00916443 299 4 1 1.39901e-08 
0.371991 0.675083 -0.0144856 0.0025 0.545607 0.428195 1.96201 0.0091641 300 4 1 1.57626e-08 
0.376573 0.675014 -0.0193398 0.0025 0.54564 0.42823 1.96205 0.00916355 301 4 1 1.18666e-08 
0.381155 0.674928 -0.0224649 0.0025 0.545683 0.428277 1.96212 0.00916284 302 4 1 9.04873e-09 
0.385736 0.674828 -0.0246292 0.0025 0.545733 0.428332 1.96219 0.009162 303 4 1 6.47083e-09 
0.390317 0.674718 -0.0259108 0.0025 0.545788 0.428393 1.96227 0.00916107 304 4 1 3.51829e-09 
0.394897 0.674605 -0.0262957 0.0025 0.545846 0.428456 1.96235 0.0091601 305 4 1 1.33625e-09 
0.399477 0.67449 -0.0259302 0.0025 0.545905 0.428521 1.96244 0.00915911 306 4 1 -1.56946e-10 
0.404056 0.674377 -0.0251206 0.0025 0.545963 0.428586 1.96252 0.00915813 307 4 1 -1.82084e-09 
0.408635 0.674268 -0.0239756 0.0025 0.54602 0.428648 1.9626 0.00915718 308 4 1 -3.12143e-09 
0.413213 0.674166 -0.0225026 0.0025 0.546074 0.428708 1.96268 0.00915627 309 4 1 -3.76083e-09 
0.417791 0.67407 -0.0208143 0.0025 0.546125 0.428764 1.96276 0.00915542 310 4 1 -4.30283e-09 
0.422369 0.673981 -0.019072 0.0025 0.546172 0.428816 1.96283 0.00915463 311 4 1 -4.51678e-09 
0.426946 0.6739 -0.0173652 0.0025 0.546215 0.428863 1.96289 0.00915391 312 4 1 -4.51098e-09 
0.431522 0.673826 -0.0157068 0.0025 0.546254 0.428907 1.96295 0.00915325 313 4 1 -4.43206e-09 
0.436099 0.673759 -0.0141174 0.0025 0.54629 0.428946 1.963 0.00915266 314 4 1 -4.11438e-09 
0.440675 0.673698 -0.0126673 0.0025 0.546321 0.428981 1.96305 0.00915212 315 4 1 -3.67004e-09 
0.445251 0.673644 -0.0114144 0.0025 0.54635 0.429013 1.96309 0.00915164 316 4 1 -3.24801e-09 
0.449827 0.673595 -0.0103342 0.0025 0.546376 0.429042 1.96313 0.00915121 317 4 1 -2.99662e-09 
0.454402 0.673551 -0.00934722 0.0025 0.546399 0.429068 1.96316 0.00915082 318 4 1 -2.81592e-09 
0.458978 0.673512 -0.00840127 0.0025 0.54642 0.429092 1.96319 0.00915046 319 4 1 -2.61309e-09 
0.463553 0.673477 -0.00750722 0.0025 0.546439 0.429113 1.96322 0.00915015 320 4 1 -2.38194e-09 
0.468128 0.673445 -0.00670874 0.0025 0.546456 0.429131 1.96325 0.00914987 321 4 1 -2.04212e-09 
0.472703 0.673416 -0.00603568 0.0025 0.546471 0.429148 1.96327 0.00914962 322 4 1 -1.63832e-09 
0.477277 0.67339 -0.00548309 0.0025 0.546484 0.429164 1.96329 0.0091494 323 4 1 -1.3874e-09 
0.481852 0.673367 -0.00501892 0.0025 0.546496 0.429177 1.96331 0.00914919 324 4 1 -1.30331e-09 
0.486427 0.673346 -0.00460416 0.0025 0.546507 0.42919 1.96333 0.00914901 325 4 1 -1.24291e-09 
0.491001 0.673326 -0.00421077 0.0025 0.546517 0.429202 1.96335 0.00914884 326 4 1 -1.00131e-09 
0.495575 0.673309 -0.00383015 0.0025 0.546527 0.429212 1.96336 0.00914869 327 4 1 -9.22463e-10 
0.50015 0.673293 -0.00347161 0.0025 0.546535 0.429222 1.96338 0.00914855 328 4 1 -1.07569e-09 
0.504724 0.673278 -0.00315314 0.0025 0.546542 0.42923 1.96339 0.00914843 329 4 1 -7.49857e-10 
0.509298 0.673265 -0.00288837 0.0025 0.546549 0.429238 1.9634 0.00914831 330 4 1 -4.35457e-10 
0.513872 0.673252 -0.00267575 0.0025 0.546555 0.429246 1.96342 0.00914821 331 4 1 -6.34583e-10 
0.518446 0.673241 -0.00249732 0.0025 0.54656 0.429252 1.96343 0.00914812 332 4 1 -5.38751e-10 
0.52302 0.673231 -0.00232903 0.0025 0.546566 0.429259 1.96344 0.00914803 333 4 1 -3.00329e-10 
0.527594 0.673221 -0.00215591 0.0025 0.54657 0.429265 1.96345 0.00914795 334 4 1 -3.88904e-10 
0.532168 0.673213 -0.00198028 0.0025 0.546575 0.42927 1.96346 0.00914788 335 4 1 -7.54161e-10 
0.536742 0.673205 -0.00181712 0.0025 0.546578 0.429275 1.96346 0.00914782 336 4 1 -2.60669e-10 
0.541316 0.673197 -0.00168068 0.0025 0.546582 0.429279 1.96347 0.00914776 337 4 1 1.58761e-10 
0.54589 0.67319 -0.00157336 0.0025 0.546585 0.429284 1.96348 0.00914771 338 4 1 -4.4113e-10 
0.550464 0.673184 -0.00148459 0.0025 0.546588 0.429288 1.96349 0.00914766 339 4 1 -6.13972e-10 
0.555038 0.673178 -0.00139931 0.0025 0.546591 0.429291 1.9635 0.00914761 340 4 1 8.58203e-11 
0.559611 0.673173 -0.00130834 0.0025 0.546593 0.429295 1.9635 0.00914757 341 4 1 3.56588e-10 
0.564185 0.673168 -0.00121312 0.0025 0.546595 0.429298 1.96351 0.00914754 342 4 1 -8.56348e-10 
0.568759 0.673163 -0.00112252 0.0025 0.546597 0.429301 1.96352 0.0091475 343 4 1 -4.37069e-10 
0.573333 0.673159 -0.00104535 0.0025 0.546599 0.429304 1.96352 0.00914747 344 4 1 6.27313e-10 
0.577906 0.673155 -0.000984519 0.0025 0.546601 0.429307 1.96353 0.00914745 345 4 1 4.94065e-11 
0.58248 0.673151 -0.000935982 0.0025 0.546602 0.429309 1.96354 0.00914743 346 4 1 -7.85219e-10 
0.587054 0.673148 -0.000892269 0.0025 0.546603 0.429312 1.96354 0.0091474 347 4 1 -4.03454e-11 
0.591628 0.673145 -0.000847262 0.0025 0.546604 0.429314 1.96355 0.00914738 348 4 1 6.74006e-10 
0.596201 0.673142 -0.000799242 0.0025 0.546605 0.429316 1.96356 0.00914737 349 4 1 -2.67696e-10 
0.600775 0.67314 -0.000750891 0.0025 0.546606 0.429318 1.96356 0.00914736 350 4 1 -5.74959e-10 
0.605349 0.673137 -0.000706915 0.0025 0.546607 0.42932 1.96357 0.00914734 351 4 1 3.28018e-10 
0.609922 0.673135 -0.000670943 0.0025 0.546607 0.429322 1.96357 0.00914733 352 4 1 6.62106e-10 
0.614496 0.673133 -0.000643365 0.0025 0.546608 0.429323 1.96358 0.00914733 353 4 1 -6.38268e-10 
0.61907 0.673131 -0.000621062 0.0025 0.546608 0.429325 1.96359 0.00914732 354 4 1 -2.89982e-10 
0.623643 0.673129 -0.000598981 0.0025 0.546608 0.429326 1.96359 0.00914732 355 4 1 1.03284e-09 
0.628217 0.673128 -0.000572628 0.0025 0.546608 0.429328 1.9636 0.00914732 356 3 1 3.8848e-11 
0.632791 0.673127 -0.000540089 0.0025 0.546608 0.429329 1.96361 0.00914732 357 4 1 -5.99819e-10 
0.637364 0.673125 -0.000502564 0.0025 0.546608 0.429331 1.96361 0.00914732 358 4 1 4.55427e-10 
0.641938 0.673124 -0.000463275 0.0025 0.546608 0.429332 1.96362 0.00914733 359 4 1 7.21326e-10 
0.646512 0.673123 -0.000425557 0.0025 0.546607 0.429333 1.96363 0.00914734 360 4 1 -7.23521e-10 
0.651085 0.673122 -0.000391343 0.0025 0.546606 0.429334 1.96363 0.00914735 361 4 1 1.00779e-10 
0.655659 0.673121 -0.000360824 0.0025 0.546606 0.429335 1.96364 0.00914736 362 4 1 1.4313e-09 
0.660233 0.67312 -0.000333248 0.0025 0.546604 0.429336 1.96365 0.00914738 363 4 1 -8.73962e-10 
0.664806 0.673119 -0.000308108 0.0025 0.546603 0.429337 1.96366 0.0091474 364 4 1 -1.99315e-10 
0.66938 0.673118 -0.000285864 0.0025 0.546602 0.429338 1.96367 0.00914742 365 4 1 2.13968e-09 
0.673954 0.673117 -0.000267839 0.0025 0.5466 0.429338 1.96368 0.00914745 366 4 1 -7.85279e-10 
0.678527 0.673116 -0.0002555 0.0025 0.546599 0.429339 1.96368 0.00914748 367 4 1 -7.89734e-10 
0.683101 0.673115 -0.000249699 0.0025 0.546597 0.42934 1.96369 0.0091475 368 4 1 2.05982e-09 
0.687675 0.673115 -0.000250241 0.0025 0.546595 0.42934 1.9637 0.00914754 369 4 1 6.19429e-10 
0.692249 0.673114 -0.00025576 0.0025 0.546593 0.429341 1.96371 0.00914757 370 4 1 -6.40633e-10 
0.696823 0.673114 -0.000263951 0.0025 0.546591 0.429342 1.96372 0.00914761 371 4 1 9.94182e-10 
0.701396 0.673113 -0.000272596 0.0025 0.546588 0.429342 1.96374 0.00914765 372 4 1 1.34441e-09 
0.70597 0.673113 -0.000280723 0.0025 0.546586 0.429343 1.96375 0.0091477 373 4 1 -2.59394e-10 
0.710544 0.673113 -0.000287642 0.0025 0.546583 0.429344 1.96376 0.00914774 374 4 1 8.24886e-10 
0.715118 0.673113 -0.000293146 0.0025 0.54658 0.429345 1.96378 0.00914779 375 4 1 1.56434e-09 
0.719692 0.673113 -0.000296971 0.0025 0.546577 0.429345 1.96379 0.00914785 376 4 1 -9.80634e-11 
0.724266 0.673114 -0.000295456 0.0025 0.546573 0.429346 1.96381 0.00914791 377 4 1 1.10953e-09 
0.72884 0.673114 -0.000288025 0.0025 0.546569 0.429347 1.96383 0.00914797 378 4 1 1.21753e-09 
0.733414 0.673114 -0.000273055 0.0025 0.546565 0.429347 1.96384 0.00914804 379 4 1 1.14185e-09 
0.737988 0.673114 -0.000228051 0.0025 0.54656 0.429348 1.96386 0.00914813 380 4 1 2.61632e-09 
0.742562 0.673115 -0.000183437 0.0025 0.546554 0.429349 1.96389 0.00914822 381 4 1 -1.30124e-09 
0.747136 0.673114 -0.000141921 0.0025 0.546549 0.429349 1.96391 0.00914831 382 4 1 1.33996e-09 
0.75171 0.673114 -7.67302e-05 0.0025 0.546542 0.429349 1.96393 0.00914842 383 4 1 4.70941e-09 
0.756284 0.673114 7.38239e-06 0.0025 0.546535 0.429349 1.96396 0.00914855 384 4 1 -1.81704e-09 
0.760859 0.673113 0.000105878 0.0025 0.546527 0.429349 1.96399 0.00914868 385 4 1 1.85685e-09 
0.765433 0.673111 0.000213811 0.0025 0.546518 0.429348 1.96402 0.00914883 386 4 1 3.30019e-09 
0.770008 0.673109 0.000324555 0.0025 0.546508 0.429348 1.96405 0.009149 387 4 1 2.59338e-09 
0.774582 0.673107 0.000429788 0.0025 0.546496 0.429346 1.96409 0.00914919 388 4 1 4.50856e-09 
0.779157 0.673104 0.000520545 0.0025 0.546484 0.429345 1.96413 0.0091494 389 4 1 -2.40256e-09 
0.783732 0.673101 0.000589945 0.0025 0.546471 0.429344 1.96416 0.00914962 390 4 1 5.37688e-09 
0.788306 0.673098 0.000641085 0.0025 0.546457 0.429342 1.96421 0.00914986 391 4 1 4.70064e-09 
0.792881 0.673095 0.000707991 0.0025 0.546441 0.429341 1.96426 0.00915012 392 4 1 8.11479e-09 
0.797457 0.673093 0.000881529 0.0025 0.546425 0.429342 1.96432 0.00915038 393 4 1 -3.75984e-09 
0.802032 0.673091 0.00118278 0.0025 0.5464 0.429341 1.96438 0.0091508 394 4 1 1.44131e-07 
0.806607 0.67309 0.000588466 0.0025 0.546388 0.429369 1.9646 0.00915101 395 4 1 -1.32831e-07 
0.811183 0.673081 -0.006211 0.0025 0.545993 0.429218 1.96467 0.00915763 396 5 1 3.51453e-06 
0.815765 0.673024 -0.0330766 0.0025 0.548281 0.430908 1.96856 0.00911942 397 3 1 -1.90279e-05 
0.820302 0.672861 -0.07838 0.0025 0.537 0.426291 1.95018 0.00931099 398 4 1 0.000179203 
0.825082 0.672662 -0.0249838 0.0025 0.511138 0.432812 2.15265 0.0097821 399 4 1 -0.000134812 
0.830091 0.673449 0.637899 0.0025 0.48253 0.424116 2.15498 0.0103621 400 4 1 0.000265295 
0.835459 0.678212 2.09363 0.0025 0.453293 0.431736 2.44187 0.0110304 401 4 1 -0.000231455 
0.841133 0.674475 -6.45616 0.0025 0.449147 0.431082 2.38461 0.0111322 402 5 1 0.000131094 
0.846597 0.616811 -30.313 0.0025 0.474069 0.461456 2.42232 0.010547 403 4 1 0.000207136 
0.851702 0.469503 -53.777 0.0025 0.523637 0.53092 2.52052 0.00954859 404 4 1 0.000249996 
0.856202 0.288182 -48.4787 0.0025 0.594913 0.634903 2.66182 0.00840458 405 4 1 0.00013116 
0.860153 0.158141 -28.7153 0.0025 0.663077 0.73842 2.78539 0.0075406 406 4 1 3.62753e-05 
0.863761 0.0840134 -16.4971 0.0025 0.712746 0.816583 2.86706 0.00701512 407 4 1 1.14412e-06 
0.867174 0.0417026 -9.03831 0.0025 0.744523 0.867589 2.91573 0.00671571 408 4 1 -9.11219e-06 
0.870479 0.0196927 -4.53618 0.0025 0.762927 0.897404 2.94238 0.00655371 409 4 1 -8.617e-06 
0.873728 0.00877983 -2.22954 0.0025 0.772637 0.913149 2.9556 0.00647135 410 4 1 -5.23358e-06 
0.87695 0.00358852 -1.04531 0.0025 0.777526 0.920974 2.96171 0.00643066 411 4 1 -2.76515e-06 
0.880159 0.0012147 -0.486352 0.0025 0.779914 0.924685 2.96429 0.00641097 412 4 1 -1.30947e-06 
0.883361 0.000151703 -0.225515 0.0025 0.781088 0.926407 2.96522 0.00640133 413 4 1 -5.93979e-07 
0.88656 -0.000307815 -0.106072 0.0025 0.78169 0.927201 2.96541 0.0063964 414 4 1 -2.45817e-07 
0.889758 -0.000494232 -0.0517201 0.0025 0.782022 0.927568 2.9653 0.00639368 415 4 1 -8.18918e-08 
0.892954 -0.000557967 -0.0264236 0.0025 0.782222 0.927741 2.96509 0.00639205 416 4 1 -1.89542e-08 
0.89615 -0.000566317 -0.012715 0.0025 0.78235 0.92782 2.96485 0.006391 417 4 1 -1.17535e-09 
0.899345 -0.000534897 -0.000571869 0.0025 0.782436 0.927847 2.96461 0.0063903 418 4 1 1.72559e-08 
0.90254 -0.000505276 -0.00560623 0.0025 0.782503 0.927858 2.96439 0.00638975 419 4 1 1.67504e-08 
0.905735 -0.000469512 0.00246959 0.0025 0.78256 0.927863 2.96419 0.00638928 420 4 1 1.27319e-08 
0.908929 -0.00043755 -0.0040011 0.0025 0.782611 0.927865 2.964 0.00638887 421 4 1 1.42415e-08 
0.912123 -0.00040672 0.00234138 0.0025 0.782657 0.927867 2.96383 0.00638849 422 4 1 5.91697e-09 
0.915318 -0.000376312 -0.00289262 0.0025 0.7827 0.927868 2.96367 0.00638814 423 4 1 5.05059e-09 
0.918512 -0.000350159 0.00196271 0.0025 0.782742 0.927868 2.96352 0.0063878 424 4 1 -3.45184e-10 
0.921705 -0.000325071 -0.00217241 0.0025 0.782784 0.927868 2.96336 0.00638746 425 4 1 -2.80791e-09 
0.924899 -0.00030208 0.00318958 0.0025 0.782825 0.927867 2.9632 0.00638713 426 4 1 -1.23814e-09 
0.928093 -0.000279341 -0.00258485 0.0025 0.782867 0.927866 2.96304 0.00638678 427 4 1 -5.86044e-09 
0.931286 -0.000259665 0.00360625 0.0025 0.78291 0.927865 2.96287 0.00638643 428 4 1 -9.13016e-09 
0.934479 -0.000236585 -0.00214206 0.0025 0.782956 0.927863 2.9627 0.00638606 429 4 1 -1.21803e-08 
0.937672 -0.000221006 0.0023334 0.0025 0.783007 0.927862 2.9625 0.00638564 430 4 1 -1.61595e-08 
0.940865 -0.000201844 -0.0013043 0.0025 0.783062 0.927861 2.96229 0.00638519 431 4 1 -1.49757e-08 
0.944057 -0.000188124 0.00161471 0.0025 0.783123 0.92786 2.96206 0.00638469 432 4 1 -2.00248e-08 
0.947249 -0.000173734 -0.00174899 0.0025 0.783191 0.92786 2.9618 0.00638414 433 4 1 -2.87117e-08 
0.950441 -0.000160459 0.00285954 0.0025 0.783266 0.927859 2.96151 0.00638353 434 4 1 -3.1921e-08 
0.953633 -0.000146708 -0.00244899 0.0025 0.783353 0.927858 2.96118 0.00638282 435 4 1 -3.49854e-08 
0.956824 -0.000135859 0.00379298 0.0025 0.78345 0.927856 2.96081 0.00638203 436 4 1 -3.36039e-08 
0.960015 -0.00012072 -0.00271195 0.0025 0.783558 0.927855 2.9604 0.00638115 437 4 1 -3.31976e-08 
0.963205 -0.000113669 0.0031803 0.0025 0.783677 0.927854 2.95995 0.00638018 438 4 1 -3.56833e-08 
0.966395 -9.80825e-05 -0.002498 0.0025 0.783808 0.927854 2.95945 0.00637911 439 4 1 -3.50539e-08 
0.969584 -9.33761e-05 0.00199491 0.0025 0.783951 0.927854 2.95891 0.00637795 440 4 1 -3.59239e-08 
0.972773 -7.77416e-05 -0.00145575 0.0025 0.784107 0.927856 2.95833 0.00637668 441 4 1 -2.44241e-08 
0.975961 -7.29398e-05 0.000914394 0.0025 0.784273 0.927863 2.95771 0.00637533 442 4 1 1.13321e-08 
0.979148 -5.83608e-05 -0.00129189 0.0025 0.784441 0.92788 2.95711 0.00637397 443 4 1 1.38371e-07 
0.982335 -5.29723e-05 0.000429894 0.0025 0.784577 0.927928 2.95668 0.00637286 444 3 1 5.14714e-07 
0.985521 -3.93227e-05 -0.000642032 0.0025 0.784551 0.928029 2.95686 0.00637307 445 4 1 1.70062e-06 
0.988708 -3.20991e-05 0.000345759 0.0025 0.783978 0.928224 2.95908 0.00637773 446 4 1 4.52571e-06 
0.991899 -1.97315e-05 -0.000113209 0.0025 0.781368 0.928155 2.96673 0.00639904 447 4 1 1.49418e-05 
0.995107 -1.25932e-05 8.54536e-05 0.0025 0.774003 0.927328 2.99218 0.00645993 448 4 1 1.77273e-05 
0.998359 -3.2898e-06 -0.000274083 0.0025 0.765279 0.927449 3.03742 0.00653357 449 4 1 -3.46204e-05 
1.00164 3.2898e-06 0.000274083 0.0025 0.765279 0.927449 3.03742 0.00653357 450 4 1 -3.46204e-05 
1.00489 1.25932e-05 -8.54542e-05 0.0025 0.774003 0.927328 2.99218 0.00645993 451 4 1 1.77273e-05 
1.0081 1.97315e-05 0.000113209 0.0025 0.781368 0.928155 2.96673 0.00639904 452 4 1 1.49418e-05 
1.01129 3.20991e-05 -0.000345759 0.0025 0.783978 0.928224 2.95908 0.00637773 453 4 1 4.52571e-06 
1.01448 3.93227e-05 0.000642032 0.0025 0.784551 0.928029 2.95686 0.00637307 454 4 1 1.70062e-06 
1.01767 5.29723e-05 -0.000429894 0.0025 0.784577 0.927928 2.95668 0.00637286 455 3 1 5.14714e-07 
1.02085 5.83608e-05 0.00129189 0.0025 0.784441 0.92788 2.95711 0.00637397 456 4 1 1.38371e-07 
1.02404 7.29398e-05 -0.000914395 0.0025 0.784273 0.927863 2.95771 0.00637533 457 4 1 1.13321e-08 
1.02723 7.77416e-05 0.00145575 0.0025 0.784107 0.927856 2.95833 0.00637668 458 4 1 -2.4424e-08 
1.03042 9.33761e-05 -0.00199491 0.0025 0.783951 0.927854 2.95891 0.00637795 459 4 1 -3.59239e-08 
1.0336 9.80825e-05 0.002498 0.0025 0.783808 0.927854 2.95945 0.00637911 460 4 1 -3.50539e-08 
1.03679 0.000113669 -0.0031803 0.0025 0.783677 0.927854 2.95995 0.00638018 461 4 1 -3.56833e-08 
1.03999 0.00012072 0.00271195 0.0025 0.783558 0.927855 2.9604 0.00638115 462 4 1 -3.31976e-08 
1.04318 0.000135859 -0.00379297 0.0025 0.78345 0.927856 2.96081 0.00638203 463 4 1 -3.36039e-08 
1.04637 0.000146708 0.00244899 0.0025 0.783353 0.927858 2.96118 0.00638282 464 4 1 -3.49854e-08 
1.04956 0.000160459 -0.00285954 0.0025 0.783266 0.927859 2.96151 0.00638353 465 4 1 -3.1921e-08 
1.05275 0.000173734 0.00174898 0.0025 0.783191 0.92786 2.9618 0.00638414 466 4 1 -2.87117e-08 
1.05594 0.000188124 -0.00161471 0.0025 0.783123 0.92786 2.96206 0.00638469 467 4 1 -2.00248e-08 
1.05914 0.000201844 0.0013043 0.0025 0.783062 0.927861 2.96229 0.00638519 468 4 1 -1.49757e-08 
1.06233 0.000221006 -0.0023334 0.0025 0.783007 0.927862 2.9625 0.00638564 469 4 1 -1.61595e-08 
1.06552 0.000236585 0.00214206 0.0025 0.782956 0.927863 2.9627 0.00638606 470 4 1 -1.21803e-08 
1.06871 0.000259665 -0.00360625 0.0025 0.78291 0.927865 2.96287 0.00638643 471 4 1 -9.13016e-09 
1.07191 0.000279341 0.00258485 0.0025 0.782867 0.927866 2.96304 0.00638678 472 4 1 -5.86044e-09 
1.0751 0.00030208 -0.00318958 0.0025 0.782825 0.927867 2.9632 0.00638713 473 4 1 -1.23814e-09 
1.07829 0.000325071 0.00217241 0.0025 0.782784 0.927868 2.96336 0.00638746 474 4 1 -2.80792e-09 
1.08149 0.000350159 -0.00196271 0.0025 0.782742 0.927868 2.96352 0.0063878 475 4 1 -3.45183e-10 
1.08468 0.000376312 0.00289262 0.0025 0.7827 0.927868 2.96367 0.00638814 476 4 1 5.05059e-09 
1.08788 0.00040672 -0.00234138 0.0025 0.782657 0.927867 2.96383 0.00638849 477 4 1 5.91697e-09 
1.09107 0.00043755 0.0040011 0.0025 0.782611 0.927865 2.964 0.00638887 478 4 1 1.42415e-08 
1.09427 0.000469512 -0.00246959 0.0025 0.78256 0.927863 2.96419 0.00638928 479 4 1 1.27319e-08 
1.09746 0.000505276 0.00560623 0.0025 0.782503 0.927858 2.96439 0.00638975 480 4 1 1.67504e-08 
1.10066 0.000534897 0.000571869 0.0025 0.782436 0.927847 2.96461 0.0063903 481 4 1 1.72559e-08 
1.10385 0.000566317 0.012715 0.0025 0.78235 0.92782 2.96485 0.006391 482 4 1 -1.17535e-09 
1.10705 0.000557967 0.0264236 0.0025 0.782222 0.927741 2.96509 0.00639205 483 4 1 -1.89542e-08 
1.11024 0.000494232 0.0517201 0.0025 0.782022 0.927568 2.9653 0.00639368 484 4 1 -8.18918e-08 
1.11344 0.000307815 0.106072 0.0025 0.78169 0.927201 2.96541 0.0063964 485 4 1 -2.45817e-07 
1.11664 -0.000151703 0.225515 0.0025 0.781088 0.926407 2.96522 0.00640133 486 4 1 -5.93979e-07 
1.11984 -0.0012147 0.486352 0.0025 0.779914 0.924685 2.96429 0.00641097 487 4 1 -1.30947e-06 
1.12305 -0.00358852 1.04531 0.0025 0.777526 0.920974 2.96171 0.00643066 488 4 1 -2.76515e-06 
1.12627 -0.00877983 2.22954 0.0025 0.772637 0.913149 2.9556 0.00647135 489 4 1 -5.23358e-06 
1.12952 -0.0196927 4.53618 0.0025 0.762927 0.897404 2.94238 0.00655371 490 4 1 -8.617e-06 
1.13283 -0.0417026 9.03831 0.0025 0.744523 0.867589 2.91573 0.00671571 491 4 1 -9.11219e-06 
1.13624 -0.0840134 16.4971 0.0025 0.712746 0.816583 2.86706 0.00701512 492 4 1 1.14412e-06 
1.13985 -0.158141 28.7153 0.0025 0.663077 0.73842 2.78539 0.0075406 493 4 1 3.62753e-05 
1.1438 -0.288182 48.4787 0.0025 0.594913 0.634903 2.66182 0.00840458 494 4 1 0.00013116 
1.1483 -0.469503 53.777 0.0025 0.523637 0.53092 2.52052 0.00954859 495 4 1 0.000249996 
1.1534 -0.616811 30.313 0.0025 0.474069 0.461456 2.42232 0.010547 496 4 1 0.000207136 
1.15887 -0.674475 6.45616 0.0025 0.449147 0.431082 2.38461 0.0111322 497 5 1 0.000131094 
1.16454 -0.678212 -2.09363 0.0025 0.453293 0.431736 2.44187 0.0110304 498 4 1 -0.000231455 
1.16991 -0.673449 -0.637899 0.0025 0.48253 0.424116 2.15498 0.0103621 499 4 1 0.000265295 
